0.00	643.65
1.00	643.65
2.00	643.65
3.00	484.49
4.00	433.00
5.00	657.69
6.00	641.31
7.00	720.88
8.00	697.48
9.00	727.91
10.00	788.76
11.00	901.11
12.00	727.91
13.00	725.57
14.00	622.58
15.00	798.12
16.00	681.10
17.00	641.31
18.00	725.57
19.00	634.29
20.00	718.54
21.00	748.97
22.00	725.57
23.00	976.00
24.00	763.01
25.00	767.70
26.00	875.36
27.00	933.87
28.00	1219.42
29.00	798.12
30.00	1001.75
31.00	812.17
32.00	697.48
33.00	875.36
34.00	849.61
35.00	882.38
36.00	870.68
37.00	912.81
38.00	774.72
39.00	905.79
40.00	793.44
41.00	868.34
42.00	1069.62
43.00	1027.50
44.00	837.91
45.00	961.96
46.00	877.70
47.00	849.61
48.00	917.49
49.00	950.26
50.00	924.51
51.00	990.05
52.00	978.34
53.00	1198.35
54.00	798.12
55.00	987.71
56.00	784.08
57.00	765.36
58.00	940.90
59.00	896.43
60.00	908.13
61.00	765.36
62.00	763.01
63.00	926.85
64.00	1025.15
65.00	844.93
66.00	947.92
67.00	917.49
68.00	819.19
69.00	809.83
70.00	709.18
71.00	1008.77
72.00	1011.11
73.00	856.64
74.00	809.83
75.00	828.55
76.00	758.33
77.00	800.46
78.00	926.85
79.00	1020.47
80.00	1039.20
81.00	851.96
82.00	847.27
83.00	898.77
84.00	947.92
85.00	816.85
86.00	772.38
87.00	814.51
88.00	966.64
89.00	1013.45
90.00	753.65
91.00	903.45
92.00	1034.52
93.00	910.47
94.00	840.25
95.00	835.57
96.00	863.66
97.00	957.28
98.00	882.38
99.00	847.27
100.00	784.08
101.00	866.00
102.00	739.61
103.00	763.01
104.00	905.79
105.00	807.48
106.00	866.00
107.00	858.98
108.00	1043.88
109.00	891.74
110.00	887.06
111.00	779.40
112.00	770.04
113.00	802.80
114.00	809.83
115.00	816.85
116.00	798.12
117.00	882.38
118.00	842.59
119.00	837.91
120.00	880.04
121.00	901.11
122.00	732.59
123.00	943.24
124.00	863.66
125.00	889.40
126.00	849.61
127.00	739.61
128.00	744.29
129.00	870.68
130.00	961.96
131.00	767.70
132.00	957.28
133.00	856.64
134.00	898.77
135.00	802.80
136.00	983.02
137.00	866.00
138.00	854.30
139.00	802.80
140.00	968.98
141.00	784.08
142.00	814.51
143.00	999.41
144.00	910.47
145.00	805.14
146.00	873.02
147.00	940.90
148.00	976.00
149.00	1149.20
150.00	1041.54
151.00	898.77
152.00	926.85
153.00	1004.09
154.00	959.62
155.00	1284.95
156.00	891.74
157.00	858.98
158.00	873.02
159.00	961.96
160.00	877.70
161.00	854.30
162.00	877.70
163.00	978.34
164.00	777.06
165.00	807.48
166.00	844.93
167.00	896.43
168.00	781.74
169.00	814.51
170.00	856.64
171.00	812.17
172.00	905.79
173.00	826.21
174.00	917.49
175.00	875.36
176.00	891.74
177.00	1006.43
178.00	793.44
179.00	929.19
180.00	856.64
181.00	861.32
182.00	912.81
183.00	828.55
184.00	978.34
185.00	840.25
186.00	774.72
187.00	849.61
188.00	858.98
189.00	814.51
190.00	753.65
191.00	816.85
192.00	847.27
193.00	798.12
194.00	830.89
195.00	901.11
196.00	1008.77
197.00	1121.12
198.00	938.55
199.00	819.19
200.00	978.34
201.00	861.32
202.00	1086.01
203.00	767.70
204.00	692.80
205.00	926.85
206.00	947.92
207.00	816.85
208.00	809.83
209.00	863.66
210.00	887.06
211.00	1100.05
212.00	966.64
213.00	819.19
214.00	748.97
215.00	849.61
216.00	889.40
217.00	1053.24
218.00	915.15
219.00	887.06
220.00	931.53
221.00	849.61
222.00	840.25
223.00	887.06
224.00	933.87
225.00	774.72
226.00	812.17
227.00	837.91
228.00	786.42
229.00	816.85
230.00	751.31
231.00	751.31
232.00	814.51
233.00	835.57
234.00	905.79
235.00	976.00
236.00	866.00
237.00	765.36
238.00	760.67
239.00	739.61
240.00	779.40
241.00	814.51
242.00	903.45
243.00	1114.10
244.00	777.06
245.00	952.60
246.00	849.61
247.00	844.93
248.00	1062.60
249.00	809.83
250.00	821.53
251.00	812.17
252.00	866.00
253.00	926.85
254.00	931.53
255.00	938.55
256.00	1104.73
257.00	903.45
258.00	821.53
259.00	1041.54
260.00	812.17
261.00	779.40
262.00	805.14
263.00	922.17
264.00	987.71
265.00	842.59
266.00	858.98
267.00	987.71
268.00	1266.23
269.00	985.37
270.00	931.53
271.00	971.32
272.00	1036.86
273.00	1261.55
274.00	1083.67
275.00	1088.35
276.00	1064.94
277.00	1086.01
278.00	1001.75
279.00	905.79
280.00	1043.88
281.00	1146.86
282.00	952.60
283.00	842.59
284.00	882.38
285.00	819.19
286.00	816.85
287.00	856.64
288.00	912.81
289.00	931.53
290.00	819.19
291.00	884.72
292.00	802.80
293.00	851.96
294.00	814.51
295.00	847.27
296.00	889.40
297.00	861.32
298.00	1029.84
299.00	931.53
300.00	910.47
301.00	746.63
302.00	844.93
303.00	695.14
304.00	821.53
305.00	919.83
306.00	1004.09
307.00	833.23
308.00	1062.60
309.00	1200.69
310.00	1071.97
311.00	1057.92
312.00	1137.50
313.00	1015.79
314.00	814.51
315.00	837.91
316.00	945.58
317.00	922.17
318.00	919.83
319.00	823.87
320.00	952.60
321.00	837.91
322.00	884.72
323.00	809.83
324.00	830.89
325.00	894.08
326.00	821.53
327.00	798.12
328.00	1046.22
329.00	833.23
330.00	805.14
331.00	847.27
332.00	971.32
333.00	847.27
334.00	910.47
335.00	840.25
336.00	828.55
337.00	734.93
338.00	1036.86
339.00	772.38
340.00	814.51
341.00	931.53
342.00	936.21
343.00	760.67
344.00	912.81
345.00	1196.01
346.00	891.74
347.00	1123.46
348.00	997.07
349.00	1282.61
350.00	1214.74
351.00	1004.09
352.00	1064.94
353.00	1130.48
354.00	1123.46
355.00	919.83
356.00	1062.60
357.00	997.07
358.00	1013.45
359.00	854.30
360.00	821.53
361.00	1048.56
362.00	1067.28
363.00	973.66
364.00	802.80
365.00	835.57
366.00	983.02
367.00	854.30
368.00	868.34
369.00	957.28
370.00	931.53
371.00	896.43
372.00	875.36
373.00	807.48
374.00	945.58
375.00	987.71
376.00	847.27
377.00	959.62
378.00	802.80
379.00	802.80
380.00	786.42
381.00	887.06
382.00	732.59
383.00	943.24
384.00	828.55
385.00	873.02
386.00	931.53
387.00	919.83
388.00	819.19
389.00	961.96
390.00	830.89
391.00	929.19
392.00	875.36
393.00	861.32
394.00	746.63
395.00	851.96
396.00	966.64
397.00	919.83
398.00	863.66
399.00	746.63
400.00	828.55
401.00	854.30
402.00	830.89
403.00	854.30
404.00	837.91
405.00	980.68
406.00	1004.09
407.00	863.66
408.00	781.74
409.00	770.04
410.00	959.62
411.00	842.59
412.00	812.17
413.00	1027.50
414.00	814.51
415.00	807.48
416.00	837.91
417.00	866.00
418.00	837.91
419.00	842.59
420.00	826.21
421.00	798.12
422.00	828.55
423.00	819.19
424.00	861.32
425.00	976.00
426.00	1011.11
427.00	861.32
428.00	835.57
429.00	833.23
430.00	1001.75
431.00	901.11
432.00	826.21
433.00	791.10
434.00	821.53
435.00	856.64
436.00	760.67
437.00	805.14
438.00	866.00
439.00	739.61
440.00	929.19
441.00	819.19
442.00	1064.94
443.00	1139.84
444.00	999.41
445.00	943.24
446.00	744.29
447.00	929.19
448.00	809.83
449.00	816.85
450.00	854.30
451.00	798.12
452.00	957.28
453.00	1008.77
454.00	945.58
455.00	821.53
456.00	894.08
457.00	1102.39
458.00	863.66
459.00	833.23
460.00	828.55
461.00	945.58
462.00	753.65
463.00	748.97
464.00	711.52
465.00	851.96
466.00	1074.31
467.00	992.39
468.00	844.93
469.00	973.66
470.00	950.26
471.00	835.57
472.00	915.15
473.00	940.90
474.00	842.59
475.00	816.85
476.00	795.78
477.00	725.57
478.00	760.67
479.00	910.47
480.00	1022.81
481.00	898.77
482.00	945.58
483.00	840.25
484.00	823.87
485.00	833.23
486.00	814.51
487.00	908.13
488.00	751.31
489.00	945.58
490.00	833.23
491.00	847.27
492.00	940.90
493.00	1027.50
494.00	854.30
495.00	1303.68
496.00	1011.11
497.00	851.96
498.00	983.02
499.00	868.34
500.00	830.89
501.00	1032.18
502.00	1006.43
503.00	800.46
504.00	856.64
505.00	880.04
506.00	873.02
507.00	3850.18
508.00	999.41
509.00	1071.97
510.00	788.76
511.00	870.68
512.00	784.08
513.00	997.07
514.00	830.89
515.00	947.92
516.00	781.74
517.00	819.19
518.00	1050.90
519.00	957.28
520.00	798.12
521.00	760.67
522.00	739.61
523.00	875.36
524.00	816.85
525.00	940.90
526.00	957.28
527.00	767.70
528.00	933.87
529.00	748.97
530.00	767.70
531.00	847.27
532.00	866.00
533.00	1029.84
534.00	908.13
535.00	959.62
536.00	952.60
537.00	968.98
538.00	1043.88
539.00	861.32
540.00	1118.78
541.00	908.13
542.00	828.55
543.00	795.78
544.00	978.34
545.00	910.47
546.00	807.48
547.00	786.42
548.00	940.90
549.00	887.06
550.00	943.24
551.00	1039.20
552.00	777.06
553.00	844.93
554.00	884.72
555.00	873.02
556.00	1086.01
557.00	877.70
558.00	1046.22
559.00	875.36
560.00	882.38
561.00	842.59
562.00	842.59
563.00	734.93
564.00	748.97
565.00	793.44
566.00	882.38
567.00	1221.76
568.00	1004.09
569.00	739.61
570.00	777.06
571.00	917.49
572.00	945.58
573.00	901.11
574.00	976.00
575.00	1100.05
576.00	990.05
577.00	781.74
578.00	772.38
579.00	854.30
580.00	873.02
581.00	828.55
582.00	873.02
583.00	809.83
584.00	933.87
585.00	868.34
586.00	1212.40
587.00	894.08
588.00	901.11
589.00	833.23
590.00	917.49
591.00	809.83
592.00	978.34
593.00	858.98
594.00	744.29
595.00	891.74
596.00	882.38
597.00	770.04
598.00	821.53
599.00	840.25
600.00	884.72
601.00	748.97
602.00	784.08
603.00	774.72
604.00	861.32
605.00	798.12
606.00	812.17
607.00	919.83
608.00	809.83
609.00	957.28
610.00	793.44
611.00	795.78
612.00	814.51
613.00	830.89
614.00	882.38
615.00	802.80
616.00	854.30
617.00	1086.01
618.00	894.08
619.00	793.44
620.00	908.13
621.00	971.32
622.00	866.00
623.00	833.23
624.00	840.25
625.00	821.53
626.00	1001.75
627.00	912.81
628.00	826.21
629.00	931.53
630.00	1167.93
631.00	851.96
632.00	861.32
633.00	840.25
634.00	889.40
635.00	856.64
636.00	767.70
637.00	992.39
638.00	702.16
639.00	816.85
640.00	1238.14
641.00	999.41
642.00	1006.43
643.00	943.24
644.00	770.04
645.00	851.96
646.00	800.46
647.00	791.10
648.00	929.19
649.00	732.59
650.00	983.02
651.00	999.41
652.00	823.87
653.00	947.92
654.00	847.27
655.00	1455.81
656.00	851.96
657.00	1043.88
658.00	758.33
659.00	875.36
660.00	896.43
661.00	903.45
662.00	823.87
663.00	1217.08
664.00	828.55
665.00	863.66
666.00	938.55
667.00	760.67
668.00	961.96
669.00	1090.69
670.00	1015.79
671.00	828.55
672.00	760.67
673.00	760.67
674.00	828.55
675.00	758.33
676.00	851.96
677.00	786.42
678.00	901.11
679.00	746.63
680.00	1093.03
681.00	943.24
682.00	959.62
683.00	795.78
684.00	793.44
685.00	856.64
686.00	887.06
687.00	798.12
688.00	730.25
689.00	791.10
690.00	957.28
691.00	809.83
692.00	891.74
693.00	926.85
694.00	814.51
695.00	842.59
696.00	924.51
697.00	821.53
698.00	880.04
699.00	919.83
700.00	784.08
701.00	968.98
702.00	828.55
703.00	823.87
704.00	896.43
705.00	856.64
706.00	903.45
707.00	952.60
708.00	924.51
709.00	877.70
710.00	805.14
711.00	868.34
712.00	795.78
713.00	910.47
714.00	774.72
715.00	842.59
716.00	1057.92
717.00	983.02
718.00	940.90
719.00	961.96
720.00	835.57
721.00	889.40
722.00	861.32
723.00	990.05
724.00	1111.75
725.00	971.32
726.00	997.07
727.00	814.51
728.00	866.00
729.00	863.66
730.00	1064.94
731.00	976.00
732.00	837.91
733.00	779.40
734.00	938.55
735.00	936.21
736.00	966.64
737.00	903.45
738.00	912.81
739.00	1036.86
740.00	940.90
741.00	809.83
742.00	959.62
743.00	1006.43
744.00	1074.31
745.00	980.68
746.00	772.38
747.00	870.68
748.00	826.21
749.00	849.61
750.00	774.72
751.00	1046.22
752.00	779.40
753.00	814.51
754.00	866.00
755.00	873.02
756.00	908.13
757.00	788.76
758.00	896.43
759.00	816.85
760.00	765.36
761.00	891.74
762.00	912.81
763.00	936.21
764.00	854.30
765.00	866.00
766.00	938.55
767.00	884.72
768.00	833.23
769.00	835.57
770.00	847.27
771.00	889.40
772.00	1025.15
773.00	1039.20
774.00	1055.58
775.00	767.70
776.00	922.17
777.00	821.53
778.00	861.32
779.00	915.15
780.00	1001.75
781.00	910.47
782.00	1041.54
783.00	1090.69
784.00	1160.91
785.00	938.55
786.00	837.91
787.00	858.98
788.00	856.64
789.00	828.55
790.00	837.91
791.00	1039.20
792.00	873.02
793.00	945.58
794.00	858.98
795.00	788.76
796.00	887.06
797.00	730.25
798.00	819.19
799.00	987.71
800.00	954.94
801.00	788.76
802.00	926.85
803.00	912.81
804.00	844.93
805.00	863.66
806.00	858.98
807.00	844.93
808.00	880.04
809.00	964.30
810.00	990.05
811.00	1046.22
812.00	861.32
813.00	772.38
814.00	844.93
815.00	777.06
816.00	919.83
817.00	851.96
818.00	973.66
819.00	861.32
820.00	798.12
821.00	844.93
822.00	1093.03
823.00	1196.01
824.00	1039.20
825.00	833.23
826.00	891.74
827.00	973.66
828.00	826.21
829.00	873.02
830.00	894.08
831.00	968.98
832.00	812.17
833.00	901.11
834.00	1036.86
835.00	880.04
836.00	978.34
837.00	922.17
838.00	1001.75
839.00	992.39
840.00	931.53
841.00	943.24
842.00	880.04
843.00	861.32
844.00	994.73
845.00	1064.94
846.00	926.85
847.00	856.64
848.00	744.29
849.00	1008.77
850.00	1193.67
851.00	891.74
852.00	765.36
853.00	807.48
854.00	741.95
855.00	774.72
856.00	863.66
857.00	880.04
858.00	837.91
859.00	999.41
860.00	795.78
861.00	938.55
862.00	917.49
863.00	1013.45
864.00	999.41
865.00	924.51
866.00	870.68
867.00	873.02
868.00	887.06
869.00	795.78
870.00	835.57
871.00	732.59
872.00	807.48
873.00	826.21
874.00	926.85
875.00	929.19
876.00	809.83
877.00	1020.47
878.00	868.34
879.00	1177.29
880.00	870.68
881.00	917.49
882.00	968.98
883.00	1104.73
884.00	1156.22
885.00	786.42
886.00	912.81
887.00	1207.72
888.00	896.43
889.00	863.66
890.00	987.71
891.00	915.15
892.00	901.11
893.00	952.60
894.00	926.85
895.00	833.23
896.00	884.72
897.00	1064.94
898.00	917.49
899.00	842.59
900.00	917.49
901.00	936.21
902.00	999.41
903.00	978.34
904.00	968.98
905.00	1095.37
906.00	1193.67
907.00	1186.65
908.00	1184.31
909.00	1109.41
910.00	1015.79
911.00	1032.18
912.00	1144.52
913.00	1378.58
914.00	1366.87
915.00	1247.51
916.00	1151.54
917.00	1060.26
918.00	1219.42
919.00	950.26
920.00	877.70
921.00	858.98
922.00	945.58
923.00	830.89
924.00	840.25
925.00	1069.62
926.00	882.38
927.00	994.73
928.00	880.04
929.00	910.47
930.00	978.34
931.00	795.78
932.00	884.72
933.00	828.55
934.00	917.49
935.00	866.00
936.00	1165.59
937.00	966.64
938.00	926.85
939.00	987.71
940.00	791.10
941.00	919.83
942.00	884.72
943.00	931.53
944.00	1001.75
945.00	1015.79
946.00	1888.81
947.00	3150.36
948.00	4329.99
949.00	3836.14
950.00	3227.60
951.00	2452.88
952.00	2235.21
953.00	1720.29
954.00	1291.98
955.00	842.59
956.00	1139.84
957.00	819.19
958.00	1062.60
959.00	976.00
960.00	842.59
961.00	877.70
962.00	931.53
963.00	800.46
964.00	980.68
965.00	849.61
966.00	978.34
967.00	1104.73
968.00	858.98
969.00	926.85
970.00	905.79
971.00	880.04
972.00	905.79
973.00	779.40
974.00	777.06
975.00	884.72
976.00	903.45
977.00	844.93
978.00	830.89
979.00	814.51
980.00	1060.26
981.00	837.91
982.00	936.21
983.00	828.55
984.00	873.02
985.00	828.55
986.00	777.06
987.00	786.42
988.00	863.66
989.00	1036.86
990.00	1025.15
991.00	858.98
992.00	774.72
993.00	781.74
994.00	791.10
995.00	854.30
996.00	809.83
997.00	936.21
998.00	802.80
999.00	835.57
1000.00	1036.86
1001.00	926.85
1002.00	887.06
1003.00	833.23
1004.00	997.07
1005.00	938.55
1006.00	985.37
1007.00	990.05
1008.00	875.36
1009.00	819.19
1010.00	1303.68
1011.00	1247.51
1012.00	896.43
1013.00	1181.97
1014.00	870.68
1015.00	854.30
1016.00	980.68
1017.00	992.39
1018.00	924.51
1019.00	819.19
1020.00	978.34
1021.00	863.66
1022.00	814.51
1023.00	954.94
1024.00	987.71
1025.00	983.02
1026.00	908.13
1027.00	966.64
1028.00	1008.77
1029.00	926.85
1030.00	821.53
1031.00	950.26
1032.00	1135.16
1033.00	959.62
1034.00	973.66
1035.00	772.38
1036.00	980.68
1037.00	994.73
1038.00	997.07
1039.00	915.15
1040.00	828.55
1041.00	1020.47
1042.00	880.04
1043.00	973.66
1044.00	847.27
1045.00	952.60
1046.00	1844.34
1047.00	1125.80
1048.00	758.33
1049.00	896.43
1050.00	844.93
1051.00	851.96
1052.00	887.06
1053.00	851.96
1054.00	875.36
1055.00	847.27
1056.00	901.11
1057.00	880.04
1058.00	863.66
1059.00	959.62
1060.00	877.70
1061.00	894.08
1062.00	992.39
1063.00	887.06
1064.00	1001.75
1065.00	950.26
1066.00	922.17
1067.00	866.00
1068.00	954.94
1069.00	807.48
1070.00	898.77
1071.00	866.00
1072.00	882.38
1073.00	854.30
1074.00	891.74
1075.00	924.51
1076.00	910.47
1077.00	894.08
1078.00	903.45
1079.00	978.34
1080.00	1350.49
1081.00	898.77
1082.00	844.93
1083.00	903.45
1084.00	849.61
1085.00	959.62
1086.00	779.40
1087.00	1179.63
1088.00	898.77
1089.00	875.36
1090.00	1015.79
1091.00	936.21
1092.00	800.46
1093.00	1034.52
1094.00	966.64
1095.00	938.55
1096.00	1231.12
1097.00	842.59
1098.00	849.61
1099.00	1013.45
1100.00	973.66
1101.00	1121.12
1102.00	1020.47
1103.00	1043.88
1104.00	957.28
1105.00	978.34
1106.00	929.19
1107.00	915.15
1108.00	1022.81
1109.00	971.32
1110.00	884.72
1111.00	833.23
1112.00	781.74
1113.00	931.53
1114.00	971.32
1115.00	854.30
1116.00	1004.09
1117.00	1013.45
1118.00	966.64
1119.00	763.01
1120.00	924.51
1121.00	1107.07
1122.00	868.34
1123.00	1313.04
1124.00	905.79
1125.00	1029.84
1126.00	894.08
1127.00	954.94
1128.00	842.59
1129.00	936.21
1130.00	891.74
1131.00	1020.47
1132.00	924.51
1133.00	875.36
1134.00	978.34
1135.00	894.08
1136.00	784.08
1137.00	1104.73
1138.00	1165.59
1139.00	877.70
1140.00	926.85
1141.00	854.30
1142.00	1020.47
1143.00	940.90
1144.00	929.19
1145.00	987.71
1146.00	936.21
1147.00	1170.27
1148.00	1034.52
1149.00	938.55
1150.00	1020.47
1151.00	1111.75
1152.00	1041.54
1153.00	1057.92
1154.00	1025.15
1155.00	926.85
1156.00	994.73
1157.00	1170.27
1158.00	1135.16
1159.00	1158.57
1160.00	1188.99
1161.00	1083.67
1162.00	1121.12
1163.00	1034.52
1164.00	1153.88
1165.00	1095.37
1166.00	1284.95
1167.00	1666.46
1168.00	2073.71
1169.00	2083.08
1170.00	1858.39
1171.00	1720.29
1172.00	1638.38
1173.00	1584.54
1174.00	1221.76
1175.00	1086.01
1176.00	1179.63
1177.00	1203.04
1178.00	1128.14
1179.00	1088.35
1180.00	1006.43
1181.00	1027.50
1182.00	1165.59
1183.00	1294.32
1184.00	1308.36
1185.00	1205.38
1186.00	1158.57
1187.00	1125.80
1188.00	1050.90
1189.00	1118.78
1190.00	1247.51
1191.00	1083.67
1192.00	1306.02
1193.00	1242.82
1194.00	1315.38
1195.00	1268.57
1196.00	1352.83
1197.00	1350.49
1198.00	1198.35
1199.00	1263.89
1200.00	1472.20
1201.00	1404.32
1202.00	1842.00
1203.00	1865.41
1204.00	2050.31
1205.00	1582.20
1206.00	1563.48
1207.00	1617.31
1208.00	1577.52
1209.00	1584.54
1210.00	1502.62
1211.00	1675.82
1212.00	1526.03
1213.00	1544.75
1214.00	1521.35
1215.00	1984.77
1216.00	2179.04
1217.00	2438.84
1218.00	3007.59
1219.00	3595.06
1220.00	7875.90
1221.00	49986.82
1222.00	65535.00
1223.00	65535.00
1224.00	65535.00
1225.00	65535.00
1226.00	65535.00
1227.00	65535.00
1228.00	59540.89
1229.00	45397.03
1230.00	19389.00
1231.00	7658.23
1232.00	4339.35
1233.00	3059.08
1234.00	2466.92
1235.00	2331.17
1236.00	2244.57
1237.00	2050.31
1238.00	1867.75
1239.00	2883.54
1240.00	7939.10
1241.00	14817.93
1242.00	17778.71
1243.00	14846.02
1244.00	10916.26
1245.00	7634.83
1246.00	6389.66
1247.00	5186.63
1248.00	3229.94
1249.00	1898.17
1250.00	1458.15
1251.00	1483.90
1252.00	1350.49
1253.00	1465.18
1254.00	1511.99
1255.00	1568.16
1256.00	1493.26
1257.00	1584.54
1258.00	1572.84
1259.00	1390.28
1260.00	1327.08
1261.00	1387.94
1262.00	1289.64
1263.00	1448.79
1264.00	1153.88
1265.00	1118.78
1266.00	1165.59
1267.00	1214.74
1268.00	1266.23
1269.00	1245.16
1270.00	1083.67
1271.00	1322.40
1272.00	1111.75
1273.00	1102.39
1274.00	1102.39
1275.00	1144.52
1276.00	1331.76
1277.00	1315.38
1278.00	1507.30
1279.00	5455.79
1280.00	16343.96
1281.00	28421.13
1282.00	32224.50
1283.00	24065.39
1284.00	16994.63
1285.00	12325.26
1286.00	10167.29
1287.00	7524.82
1288.00	4322.97
1289.00	2225.85
1290.00	1343.47
1291.00	1245.16
1292.00	1217.08
1293.00	1366.87
1294.00	1345.81
1295.00	1425.39
1296.00	1165.59
1297.00	1217.08
1298.00	1371.55
1299.00	3101.21
1300.00	5565.79
1301.00	7742.49
1302.00	6876.49
1303.00	5088.32
1304.00	3908.69
1305.00	3393.78
1306.00	2747.79
1307.00	2223.51
1308.00	1528.37
1309.00	1458.15
1310.00	1315.38
1311.00	1210.06
1312.00	1151.54
1313.00	1170.27
1314.00	1270.91
1315.00	1020.47
1316.00	997.07
1317.00	992.39
1318.00	1029.84
1319.00	1011.11
1320.00	1100.05
1321.00	959.62
1322.00	903.45
1323.00	1081.33
1324.00	964.30
1325.00	990.05
1326.00	1181.97
1327.00	973.66
1328.00	861.32
1329.00	1095.37
1330.00	952.60
1331.00	1158.57
1332.00	1476.88
1333.00	1441.77
1334.00	3515.48
1335.00	6689.25
1336.00	8552.32
1337.00	7353.96
1338.00	5666.44
1339.00	4236.37
1340.00	3576.34
1341.00	2623.74
1342.00	2057.33
1343.00	1474.54
1344.00	1095.37
1345.00	1137.50
1346.00	1179.63
1347.00	1006.43
1348.00	1093.03
1349.00	973.66
1350.00	1074.31
1351.00	1132.82
1352.00	1217.08
1353.00	1111.75
1354.00	1102.39
1355.00	1081.33
1356.00	1200.69
1357.00	1268.57
1358.00	1430.07
1359.00	1252.19
1360.00	1495.60
1361.00	1547.09
1362.00	5369.19
1363.00	15269.66
1364.00	25118.63
1365.00	27218.09
1366.00	20147.33
1367.00	13949.59
1368.00	10038.56
1369.00	8472.74
1370.00	6216.46
1371.00	3342.28
1372.00	2216.49
1373.00	1701.57
1374.00	1818.60
1375.00	2125.21
1376.00	7562.27
1377.00	24772.23
1378.00	42536.90
1379.00	47566.71
1380.00	36627.04
1381.00	25336.30
1382.00	18417.68
1383.00	14457.49
1384.00	10429.43
1385.00	5577.50
1386.00	2853.11
1387.00	1795.19
1388.00	1535.39
1389.00	1238.14
1390.00	1598.59
1391.00	1406.66
1392.00	1200.69
1393.00	1277.93
1394.00	1186.65
1395.00	1203.04
1396.00	1217.08
1397.00	1308.36
1398.00	1736.68
1399.00	2139.25
1400.00	2504.37
1401.00	2249.25
1402.00	2113.50
1403.00	1926.26
1404.00	1856.04
1405.00	2040.95
1406.00	4477.44
1407.00	24243.27
1408.00	52949.94
1409.00	62993.18
1410.00	59522.16
1411.00	48481.86
1412.00	34026.71
1413.00	25530.56
1414.00	19889.87
1415.00	11295.43
1416.00	5336.42
1417.00	2698.64
1418.00	1937.96
1419.00	1919.24
1420.00	4351.06
1421.00	11290.74
1422.00	18108.72
1423.00	20098.18
1424.00	14827.29
1425.00	10406.02
1426.00	7751.85
1427.00	6331.15
1428.00	4442.34
1429.00	2581.61
1430.00	1666.46
1431.00	1387.94
1432.00	1235.80
1433.00	1207.72
1434.00	1376.24
1435.00	1481.56
1436.00	1378.58
1437.00	1128.14
1438.00	1165.59
1439.00	1015.79
1440.00	978.34
1441.00	1055.58
1442.00	1310.70
1443.00	1149.20
1444.00	1055.58
1445.00	1006.43
1446.00	943.24
1447.00	1015.79
1448.00	1090.69
1449.00	1039.20
1450.00	1062.60
1451.00	1156.22
1452.00	1076.65
1453.00	1167.93
1454.00	1263.89
1455.00	2553.52
1456.00	5781.12
1457.00	10153.24
1458.00	12463.35
1459.00	9830.25
1460.00	6967.77
1461.00	5369.19
1462.00	4100.62
1463.00	3192.49
1464.00	2064.35
1465.00	1406.66
1466.00	1280.27
1467.00	1057.92
1468.00	1282.61
1469.00	894.08
1470.00	1097.71
1471.00	1008.77
1472.00	1064.94
1473.00	1006.43
1474.00	952.60
1475.00	973.66
1476.00	917.49
1477.00	1097.71
1478.00	1235.80
1479.00	1261.55
1480.00	1076.65
1481.00	1008.77
1482.00	987.71
1483.00	1188.99
1484.00	1226.44
1485.00	1277.93
1486.00	1404.32
1487.00	2043.29
1488.00	9975.36
1489.00	25797.38
1490.00	39875.71
1491.00	39557.39
1492.00	28276.01
1493.00	19264.95
1494.00	13954.27
1495.00	10909.24
1496.00	6736.06
1497.00	3726.13
1498.00	1930.94
1499.00	1511.99
1500.00	1242.82
1501.00	1186.65
1502.00	1156.22
1503.00	1039.20
1504.00	987.71
1505.00	1125.80
1506.00	1064.94
1507.00	1046.22
1508.00	1163.25
1509.00	1228.78
1510.00	912.81
1511.00	1207.72
1512.00	1111.75
1513.00	1991.80
1514.00	4926.83
1515.00	8755.94
1516.00	10949.03
1517.00	8961.91
1518.00	6239.87
1519.00	4671.71
1520.00	3765.92
1521.00	3023.97
1522.00	2282.02
1523.00	1621.99
1524.00	1270.91
1525.00	1219.42
1526.00	1153.88
1527.00	1214.74
1528.00	1144.52
1529.00	1203.04
1530.00	1296.66
1531.00	1338.79
1532.00	1689.87
1533.00	4762.99
1534.00	14174.28
1535.00	24727.76
1536.00	28533.47
1537.00	21469.73
1538.00	14427.06
1539.00	10511.35
1540.00	8442.31
1541.00	5825.59
1542.00	3482.72
1543.00	1991.80
1544.00	1526.03
1545.00	1205.38
1546.00	1123.46
1547.00	1114.10
1548.00	1088.35
1549.00	1020.47
1550.00	1102.39
1551.00	1107.07
1552.00	1050.90
1553.00	1160.91
1554.00	1261.55
1555.00	1146.86
1556.00	1128.14
1557.00	1158.57
1558.00	1111.75
1559.00	1174.95
1560.00	1310.70
1561.00	1280.27
1562.00	1359.85
1563.00	1589.22
1564.00	1678.16
1565.00	2647.15
1566.00	12652.94
1567.00	33088.15
1568.00	49839.37
1569.00	49654.47
1570.00	35531.67
1571.00	25907.39
1572.00	18118.09
1573.00	14260.88
1574.00	8814.46
1575.00	4964.28
1576.00	2946.73
1577.00	2385.01
1578.00	4014.02
1579.00	19850.08
1580.00	50014.91
1581.00	62789.55
1582.00	63728.11
1583.00	54035.95
1584.00	40060.61
1585.00	28982.85
1586.00	22169.55
1587.00	13172.54
1588.00	6345.19
1589.00	3145.68
1590.00	2001.16
1591.00	1792.85
1592.00	1401.98
1593.00	1336.45
1594.00	1226.44
1595.00	1392.62
1596.00	1231.12
1597.00	1434.75
1598.00	1240.48
1599.00	1090.69
1600.00	1146.86
1601.00	943.24
1602.00	999.41
1603.00	1020.47
1604.00	1128.14
1605.00	1041.54
1606.00	1245.16
1607.00	1217.08
1608.00	1043.88
1609.00	938.55
1610.00	959.62
1611.00	1109.41
1612.00	1048.56
1613.00	1015.79
1614.00	1177.29
1615.00	983.02
1616.00	938.55
1617.00	1181.97
1618.00	1060.26
1619.00	1207.72
1620.00	947.92
1621.00	1273.25
1622.00	938.55
1623.00	1086.01
1624.00	866.00
1625.00	990.05
1626.00	1006.43
1627.00	929.19
1628.00	976.00
1629.00	1151.54
1630.00	926.85
1631.00	976.00
1632.00	985.37
1633.00	844.93
1634.00	1048.56
1635.00	912.81
1636.00	1057.92
1637.00	868.34
1638.00	1032.18
1639.00	1046.22
1640.00	992.39
1641.00	966.64
1642.00	1074.31
1643.00	1020.47
1644.00	985.37
1645.00	1018.13
1646.00	1107.07
1647.00	1193.67
1648.00	1348.15
1649.00	1923.92
1650.00	7173.74
1651.00	22024.44
1652.00	37509.43
1653.00	44603.59
1654.00	33266.03
1655.00	23421.74
1656.00	16788.66
1657.00	12627.19
1658.00	8212.94
1659.00	4329.99
1660.00	2429.48
1661.00	1746.04
1662.00	1549.43
1663.00	1385.60
1664.00	1177.29
1665.00	1247.51
1666.00	1165.59
1667.00	1357.51
1668.00	2502.03
1669.00	6658.82
1670.00	12030.35
1671.00	15150.29
1672.00	12896.35
1673.00	9488.53
1674.00	6836.70
1675.00	5322.38
1676.00	3744.86
1677.00	2253.94
1678.00	1591.56
1679.00	1104.73
1680.00	1069.62
1681.00	1191.33
1682.00	947.92
1683.00	924.51
1684.00	980.68
1685.00	870.68
1686.00	999.41
1687.00	821.53
1688.00	882.38
1689.00	1043.88
1690.00	994.73
1691.00	966.64
1692.00	1306.02
1693.00	896.43
1694.00	851.96
1695.00	931.53
1696.00	933.87
1697.00	929.19
1698.00	1238.14
1699.00	945.58
1700.00	1170.27
1701.00	985.37
1702.00	840.25
1703.00	976.00
1704.00	1289.64
1705.00	961.96
1706.00	840.25
1707.00	922.17
1708.00	933.87
1709.00	924.51
1710.00	931.53
1711.00	983.02
1712.00	1048.56
1713.00	1254.53
1714.00	3171.43
1715.00	9378.53
1716.00	16877.60
1717.00	21324.62
1718.00	17565.72
1719.00	13327.01
1720.00	9465.13
1721.00	7000.54
1722.00	4636.60
1723.00	2799.28
1724.00	1816.26
1725.00	1240.48
1726.00	1025.15
1727.00	990.05
1728.00	924.51
1729.00	971.32
1730.00	1064.94
1731.00	1081.33
1732.00	1025.15
1733.00	1004.09
1734.00	1022.81
1735.00	903.45
1736.00	983.02
1737.00	891.74
1738.00	1018.13
1739.00	1015.79
1740.00	863.66
1741.00	1022.81
1742.00	976.00
1743.00	791.10
1744.00	891.74
1745.00	821.53
1746.00	924.51
1747.00	807.48
1748.00	889.40
1749.00	929.19
1750.00	990.05
1751.00	880.04
1752.00	1158.57
1753.00	891.74
1754.00	1043.88
1755.00	1198.35
1756.00	1088.35
1757.00	1114.10
1758.00	1055.58
1759.00	922.17
1760.00	957.28
1761.00	933.87
1762.00	938.55
1763.00	1181.97
1764.00	1380.92
1765.00	1064.94
1766.00	1006.43
1767.00	1226.44
1768.00	1235.80
1769.00	1839.66
1770.00	5589.20
1771.00	17146.76
1772.00	30024.39
1773.00	37467.30
1774.00	31445.10
1775.00	22789.80
1776.00	16145.02
1777.00	10799.23
1778.00	6193.06
1779.00	3794.01
1780.00	2218.83
1781.00	1650.08
1782.00	1289.64
1783.00	1181.97
1784.00	1444.11
1785.00	1123.46
1786.00	1174.95
1787.00	919.83
1788.00	1013.45
1789.00	1013.45
1790.00	1041.54
1791.00	1118.78
1792.00	945.58
1793.00	1146.86
1794.00	957.28
1795.00	1184.31
1796.00	1048.56
1797.00	2132.23
1798.00	6265.61
1799.00	13977.68
1800.00	21556.33
1801.00	23021.51
1802.00	17776.37
1803.00	13394.89
1804.00	8889.35
1805.00	5275.57
1806.00	3070.78
1807.00	2183.72
1808.00	1605.61
1809.00	1294.32
1810.00	1062.60
1811.00	1029.84
1812.00	994.73
1813.00	1247.51
1814.00	936.21
1815.00	908.13
1816.00	823.87
1817.00	997.07
1818.00	868.34
1819.00	1025.15
1820.00	1022.81
1821.00	957.28
1822.00	992.39
1823.00	1036.86
1824.00	1188.99
1825.00	1130.48
1826.00	1345.81
1827.00	1343.47
1828.00	1373.89
1829.00	1221.76
1830.00	978.34
1831.00	1036.86
1832.00	861.32
1833.00	868.34
1834.00	877.70
1835.00	964.30
1836.00	891.74
1837.00	1046.22
1838.00	875.36
1839.00	959.62
1840.00	861.32
1841.00	854.30
1842.00	931.53
1843.00	1245.16
1844.00	821.53
1845.00	826.21
1846.00	889.40
1847.00	807.48
1848.00	777.06
1849.00	861.32
1850.00	912.81
1851.00	755.99
1852.00	863.66
1853.00	887.06
1854.00	851.96
1855.00	734.93
1856.00	896.43
1857.00	917.49
1858.00	884.72
1859.00	786.42
1860.00	945.58
1861.00	938.55
1862.00	924.51
1863.00	877.70
1864.00	943.24
1865.00	819.19
1866.00	938.55
1867.00	826.21
1868.00	844.93
1869.00	957.28
1870.00	854.30
1871.00	945.58
1872.00	896.43
1873.00	936.21
1874.00	861.32
1875.00	844.93
1876.00	978.34
1877.00	847.27
1878.00	793.44
1879.00	987.71
1880.00	748.97
1881.00	816.85
1882.00	917.49
1883.00	1020.47
1884.00	823.87
1885.00	987.71
1886.00	1006.43
1887.00	971.32
1888.00	952.60
1889.00	786.42
1890.00	1008.77
1891.00	938.55
1892.00	985.37
1893.00	837.91
1894.00	894.08
1895.00	873.02
1896.00	821.53
1897.00	940.90
1898.00	812.17
1899.00	863.66
1900.00	1008.77
1901.00	943.24
1902.00	770.04
1903.00	917.49
1904.00	978.34
1905.00	873.02
1906.00	952.60
1907.00	978.34
1908.00	772.38
1909.00	1224.10
1910.00	1196.01
1911.00	1069.62
1912.00	1104.73
1913.00	1177.29
1914.00	1104.73
1915.00	987.71
1916.00	1086.01
1917.00	823.87
1918.00	840.25
1919.00	1128.14
1920.00	882.38
1921.00	1100.05
1922.00	1043.88
1923.00	1088.35
1924.00	922.17
1925.00	847.27
1926.00	870.68
1927.00	870.68
1928.00	812.17
1929.00	889.40
1930.00	954.94
1931.00	1001.75
1932.00	844.93
1933.00	854.30
1934.00	779.40
1935.00	816.85
1936.00	922.17
1937.00	1111.75
1938.00	922.17
1939.00	919.83
1940.00	828.55
1941.00	973.66
1942.00	875.36
1943.00	919.83
1944.00	781.74
1945.00	898.77
1946.00	830.89
1947.00	1013.45
1948.00	908.13
1949.00	835.57
1950.00	1118.78
1951.00	1196.01
1952.00	1724.97
1953.00	5825.59
1954.00	12716.13
1955.00	18256.18
1956.00	19084.73
1957.00	13219.35
1958.00	8147.40
1959.00	4896.40
1960.00	3152.70
1961.00	2153.29
1962.00	1715.61
1963.00	1380.92
1964.00	1102.39
1965.00	1004.09
1966.00	870.68
1967.00	873.02
1968.00	931.53
1969.00	947.92
1970.00	1008.77
1971.00	884.72
1972.00	898.77
1973.00	971.32
1974.00	1306.02
1975.00	940.90
1976.00	1006.43
1977.00	903.45
1978.00	950.26
1979.00	1086.01
1980.00	1350.49
1981.00	2090.10
1982.00	2345.22
1983.00	2345.22
1984.00	1823.28
1985.00	1755.40
1986.00	1313.04
1987.00	1088.35
1988.00	1390.28
1989.00	980.68
1990.00	1036.86
1991.00	1001.75
1992.00	903.45
1993.00	915.15
1994.00	908.13
1995.00	1060.26
1996.00	814.51
1997.00	868.34
1998.00	798.12
1999.00	1004.09
2000.00	926.85
2001.00	910.47
2002.00	931.53
2003.00	1589.22
2004.00	889.40
2005.00	924.51
2006.00	830.89
2007.00	863.66
2008.00	891.74
2009.00	842.59
2010.00	917.49
2011.00	807.48
2012.00	795.78
2013.00	805.14
2014.00	1109.41
2015.00	905.79
2016.00	819.19
2017.00	959.62
2018.00	1029.84
2019.00	835.57
2020.00	889.40
2021.00	922.17
2022.00	954.94
2023.00	1261.55
2024.00	1196.01
2025.00	1724.97
2026.00	1912.22
2027.00	1944.99
2028.00	1816.26
2029.00	2244.57
2030.00	6506.69
2031.00	18864.72
2032.00	31952.99
2033.00	40367.22
2034.00	34333.32
2035.00	22581.49
2036.00	14448.13
2037.00	9029.79
2038.00	5394.93
2039.00	3372.71
2040.00	2260.96
2041.00	1614.97
2042.00	1324.74
2043.00	1233.46
2044.00	1081.33
2045.00	1078.99
2046.00	1104.73
2047.00	1067.28
