18
22
9
19
27
17
20
28
22
26
27
14
25
19
18
23
27
25
24
16
22
21
21
29
23
20
25
18
21
17
28
22
18
22
15
20
15
27
15
20
22
25
23
20
22
17
22
24
17
24
23
15
13
22
22
25
21
14
21
11
14
13
21
27
27
18
21
18
23
13
23
20
24
23
34
25
12
18
19
19
22
23
21
20
19
19
20
12
21
19
33
20
22
25
22
25
15
25
24
22
18
24
21
18
14
22
24
19
19
17
15
15
20
22
19
27
23
22
22
19
20
26
22
26
17
12
20
21
19
24
14
22
17
16
17
22
22
25
24
24
21
12
15
24
25
22
26
13
18
19
17
34
15
21
25
19
14
29
20
20
18
18
18
27
21
19
16
21
19
20
10
26
23
25
24
24
17
14
14
18
16
14
22
19
24
20
19
17
23
25
20
19
16
24
17
34
21
20
21
27
20
19
18
16
32
25
23
27
22
25
20
19
10
19
17
18
17
20
13
21
23
24
20
19
19
24
17
20
21
19
17
18
22
27
18
23
12
21
21
14
18
18
25
16
18
16
18
21
21
24
12
25
17
21
22
17
26
19
22
31
17
18
18
19
19
20
22
24
22
26
35
20
26
25
23
16
22
17
30
24
20
25
27
28
25
17
17
28
25
23
17
23
19
17
25
13
21
19
21
26
13
22
27
20
22
20
17
29
18
23
19
21
26
26
24
24
25
17
24
14
25
11
27
23
16
27
26
13
22
27
19
6
14
15
24
20
15
17
23
29
25
26
20
22
26
17
20
29
16
12
30
15
29
20
17
15
27
16
17
25
25
29
26
21
17
17
15
16
21
17
24
19
24
23
20
23
21
33
20
13
29
22
17
23
14
18
12
21
21
18
19
21
20
15
18
18
20
19
27
19
