70
60
65
73
78
61
66
69
50
75
61
68
54
55
58
73
85
69
74
72
70
67
64
58
56
59
64
52
57
67
50
52
67
60
67
57
71
47
63
69
69
78
68
64
68
61
68
57
72
64
76
75
69
65
69
65
60
62
81
78
58
50
81
53
48
51
70
68
61
66
57
72
66
72
64
72
55
55
59
65
73
47
63
79
78
65
58
68
93
71
64
69
50
63
60
59
42
68
63
76
60
72
59
60
64
65
76
59
63
65
63
64
64
59
69
66
64
60
69
68
56
63
68
70
57
59
60
67
74
48
51
66
73
65
62
73
64
74
77
68
57
70
60
55
62
67
68
76
57
79
56
55
71
67
52
60
76
64
69
70
66
59
81
59
63
66
73
47
63
57
64
65
43
64
64
60
62
72
57
69
62
67
63
64
51
56
48
65
70
63
58
66
48
52
60
76
64
70
80
63
67
57
68
77
46
60
51
65
64
56
63
68
66
61
59
61
66
61
53
64
58
72
60
67
42
57
52
57
67
71
62
49
78
71
60
70
61
89
67
69
67
71
61
68
84
72
58
69
62
67
53
64
77
73
51
58
70
59
59
50
71
57
58
81
67
70
61
87
53
66
59
83
65
75
70
55
65
71
48
64
66
46
56
62
65
69
79
67
69
63
63
62
56
65
56
53
63
67
70
66
60
66
43
74
69
65
62
58
57
81
78
75
71
72
56
61
54
60
73
71
57
68
62
62
60
63
58
67
58
60
55
63
53
58
84
74
65
59
56
64
72
68
60
50
60
62
63
65
72
63
61
52
53
72
43
57
56
75
53
69
77
62
54
69
72
62
64
56
61
66
60
62
50
53
49
61
66
58
66
63
63
71
62
57
75
66
65
79
54
69
73
55
62
72
67
58
69
69
63
53
