0.00	589.82
1.00	589.82
2.00	589.82
3.00	610.88
4.00	554.71
5.00	521.94
6.00	585.13
7.00	552.37
8.00	538.32
9.00	559.39
10.00	617.90
11.00	599.18
12.00	610.88
13.00	528.96
14.00	552.37
15.00	573.43
16.00	587.47
17.00	547.69
18.00	587.47
19.00	580.45
20.00	716.20
21.00	594.50
22.00	622.58
23.00	587.47
24.00	641.31
25.00	660.03
26.00	702.16
27.00	683.44
28.00	748.97
29.00	706.84
30.00	667.05
31.00	678.76
32.00	723.23
33.00	758.33
34.00	732.59
35.00	669.39
36.00	685.78
37.00	716.20
38.00	709.18
39.00	718.54
40.00	711.52
41.00	758.33
42.00	772.38
43.00	723.23
44.00	695.14
45.00	732.59
46.00	720.88
47.00	755.99
48.00	732.59
49.00	784.08
50.00	695.14
51.00	720.88
52.00	723.23
53.00	727.91
54.00	737.27
55.00	744.29
56.00	678.76
57.00	763.01
58.00	692.80
59.00	737.27
60.00	781.74
61.00	755.99
62.00	678.76
63.00	690.46
64.00	744.29
65.00	669.39
66.00	753.65
67.00	737.27
68.00	706.84
69.00	704.50
70.00	662.37
71.00	702.16
72.00	709.18
73.00	739.61
74.00	737.27
75.00	767.70
76.00	765.36
77.00	748.97
78.00	774.72
79.00	746.63
80.00	758.33
81.00	720.88
82.00	690.46
83.00	709.18
84.00	725.57
85.00	734.93
86.00	779.40
87.00	760.67
88.00	709.18
89.00	805.14
90.00	741.95
91.00	741.95
92.00	767.70
93.00	645.99
94.00	629.60
95.00	699.82
96.00	692.80
97.00	770.04
98.00	770.04
99.00	681.10
100.00	716.20
101.00	751.31
102.00	697.48
103.00	737.27
104.00	748.97
105.00	718.54
106.00	732.59
107.00	711.52
108.00	751.31
109.00	732.59
110.00	758.33
111.00	713.86
112.00	770.04
113.00	748.97
114.00	711.52
115.00	718.54
116.00	711.52
117.00	699.82
118.00	718.54
119.00	730.25
120.00	755.99
121.00	734.93
122.00	734.93
123.00	760.67
124.00	730.25
125.00	784.08
126.00	763.01
127.00	730.25
128.00	655.35
129.00	758.33
130.00	788.76
131.00	723.23
132.00	674.07
133.00	763.01
134.00	748.97
135.00	741.95
136.00	744.29
137.00	746.63
138.00	685.78
139.00	716.20
140.00	734.93
141.00	765.36
142.00	763.01
143.00	723.23
144.00	697.48
145.00	772.38
146.00	765.36
147.00	732.59
148.00	763.01
149.00	748.97
150.00	723.23
151.00	683.44
152.00	634.29
153.00	744.29
154.00	702.16
155.00	753.65
156.00	734.93
157.00	709.18
158.00	720.88
159.00	826.21
160.00	653.01
161.00	777.06
162.00	692.80
163.00	704.50
164.00	718.54
165.00	767.70
166.00	709.18
167.00	781.74
168.00	720.88
169.00	786.42
170.00	763.01
171.00	713.86
172.00	699.82
173.00	725.57
174.00	695.14
175.00	784.08
176.00	741.95
177.00	760.67
178.00	695.14
179.00	718.54
180.00	746.63
181.00	765.36
182.00	753.65
183.00	781.74
184.00	744.29
185.00	678.76
186.00	732.59
187.00	720.88
188.00	723.23
189.00	711.52
190.00	751.31
191.00	706.84
192.00	741.95
193.00	781.74
194.00	795.78
195.00	807.48
196.00	744.29
197.00	795.78
198.00	709.18
199.00	781.74
200.00	704.50
201.00	784.08
202.00	751.31
203.00	807.48
204.00	802.80
205.00	786.42
206.00	753.65
207.00	720.88
208.00	758.33
209.00	662.37
210.00	741.95
211.00	781.74
212.00	711.52
213.00	770.04
214.00	772.38
215.00	678.76
216.00	755.99
217.00	755.99
218.00	781.74
219.00	727.91
220.00	734.93
221.00	741.95
222.00	767.70
223.00	746.63
224.00	732.59
225.00	779.40
226.00	685.78
227.00	844.93
228.00	748.97
229.00	755.99
230.00	730.25
231.00	720.88
232.00	690.46
233.00	720.88
234.00	753.65
235.00	727.91
236.00	702.16
237.00	709.18
238.00	788.76
239.00	676.41
240.00	772.38
241.00	774.72
242.00	753.65
243.00	690.46
244.00	685.78
245.00	725.57
246.00	704.50
247.00	744.29
248.00	777.06
249.00	786.42
250.00	758.33
251.00	739.61
252.00	786.42
253.00	786.42
254.00	828.55
255.00	744.29
256.00	718.54
257.00	774.72
258.00	795.78
259.00	732.59
260.00	720.88
261.00	744.29
262.00	711.52
263.00	786.42
264.00	814.51
265.00	688.12
266.00	765.36
267.00	791.10
268.00	779.40
269.00	709.18
270.00	746.63
271.00	770.04
272.00	763.01
273.00	873.02
274.00	816.85
275.00	739.61
276.00	760.67
277.00	800.46
278.00	788.76
279.00	809.83
280.00	812.17
281.00	835.57
282.00	702.16
283.00	809.83
284.00	718.54
285.00	723.23
286.00	702.16
287.00	805.14
288.00	748.97
289.00	716.20
290.00	725.57
291.00	816.85
292.00	795.78
293.00	732.59
294.00	774.72
295.00	758.33
296.00	772.38
297.00	725.57
298.00	706.84
299.00	760.67
300.00	814.51
301.00	685.78
302.00	692.80
303.00	755.99
304.00	777.06
305.00	739.61
306.00	760.67
307.00	753.65
308.00	851.96
309.00	807.48
310.00	812.17
311.00	720.88
312.00	777.06
313.00	737.27
314.00	802.80
315.00	772.38
316.00	788.76
317.00	767.70
318.00	781.74
319.00	763.01
320.00	753.65
321.00	704.50
322.00	748.97
323.00	781.74
324.00	688.12
325.00	723.23
326.00	723.23
327.00	746.63
328.00	744.29
329.00	702.16
330.00	826.21
331.00	711.52
332.00	758.33
333.00	770.04
334.00	779.40
335.00	709.18
336.00	674.07
337.00	739.61
338.00	753.65
339.00	755.99
340.00	795.78
341.00	793.44
342.00	753.65
343.00	636.63
344.00	695.14
345.00	770.04
346.00	755.99
347.00	840.25
348.00	844.93
349.00	837.91
350.00	795.78
351.00	772.38
352.00	814.51
353.00	826.21
354.00	877.70
355.00	788.76
356.00	791.10
357.00	692.80
358.00	697.48
359.00	734.93
360.00	791.10
361.00	734.93
362.00	774.72
363.00	788.76
364.00	805.14
365.00	702.16
366.00	753.65
367.00	709.18
368.00	746.63
369.00	713.86
370.00	812.17
371.00	763.01
372.00	760.67
373.00	699.82
374.00	727.91
375.00	758.33
376.00	774.72
377.00	786.42
378.00	723.23
379.00	772.38
380.00	725.57
381.00	755.99
382.00	720.88
383.00	739.61
384.00	739.61
385.00	716.20
386.00	781.74
387.00	737.27
388.00	758.33
389.00	746.63
390.00	741.95
391.00	711.52
392.00	720.88
393.00	816.85
394.00	788.76
395.00	699.82
396.00	767.70
397.00	819.19
398.00	748.97
399.00	753.65
400.00	779.40
401.00	851.96
402.00	791.10
403.00	753.65
404.00	706.84
405.00	774.72
406.00	706.84
407.00	753.65
408.00	821.53
409.00	746.63
410.00	770.04
411.00	709.18
412.00	861.32
413.00	777.06
414.00	744.29
415.00	809.83
416.00	732.59
417.00	849.61
418.00	713.86
419.00	786.42
420.00	755.99
421.00	770.04
422.00	788.76
423.00	777.06
424.00	791.10
425.00	781.74
426.00	812.17
427.00	760.67
428.00	746.63
429.00	744.29
430.00	744.29
431.00	767.70
432.00	774.72
433.00	730.25
434.00	786.42
435.00	802.80
436.00	758.33
437.00	786.42
438.00	788.76
439.00	737.27
440.00	737.27
441.00	669.39
442.00	781.74
443.00	805.14
444.00	697.48
445.00	702.16
446.00	795.78
447.00	826.21
448.00	772.38
449.00	788.76
450.00	828.55
451.00	823.87
452.00	786.42
453.00	777.06
454.00	784.08
455.00	788.76
456.00	791.10
457.00	798.12
458.00	781.74
459.00	713.86
460.00	786.42
461.00	760.67
462.00	812.17
463.00	816.85
464.00	741.95
465.00	765.36
466.00	774.72
467.00	767.70
468.00	720.88
469.00	765.36
470.00	786.42
471.00	786.42
472.00	765.36
473.00	765.36
474.00	763.01
475.00	737.27
476.00	734.93
477.00	816.85
478.00	763.01
479.00	781.74
480.00	788.76
481.00	718.54
482.00	844.93
483.00	746.63
484.00	704.50
485.00	779.40
486.00	746.63
487.00	774.72
488.00	685.78
489.00	727.91
490.00	674.07
491.00	819.19
492.00	861.32
493.00	826.21
494.00	777.06
495.00	844.93
496.00	786.42
497.00	788.76
498.00	777.06
499.00	814.51
500.00	746.63
501.00	755.99
502.00	826.21
503.00	744.29
504.00	814.51
505.00	758.33
506.00	763.01
507.00	828.55
508.00	716.20
509.00	788.76
510.00	730.25
511.00	751.31
512.00	748.97
513.00	774.72
514.00	800.46
515.00	755.99
516.00	781.74
517.00	793.44
518.00	774.72
519.00	798.12
520.00	732.59
521.00	812.17
522.00	765.36
523.00	772.38
524.00	755.99
525.00	784.08
526.00	802.80
527.00	730.25
528.00	781.74
529.00	767.70
530.00	746.63
531.00	765.36
532.00	734.93
533.00	826.21
534.00	784.08
535.00	791.10
536.00	807.48
537.00	765.36
538.00	716.20
539.00	702.16
540.00	791.10
541.00	835.57
542.00	779.40
543.00	800.46
544.00	866.00
545.00	727.91
546.00	709.18
547.00	774.72
548.00	788.76
549.00	723.23
550.00	856.64
551.00	819.19
552.00	821.53
553.00	730.25
554.00	784.08
555.00	779.40
556.00	741.95
557.00	755.99
558.00	814.51
559.00	741.95
560.00	779.40
561.00	739.61
562.00	786.42
563.00	767.70
564.00	737.27
565.00	772.38
566.00	814.51
567.00	851.96
568.00	793.44
569.00	763.01
570.00	730.25
571.00	814.51
572.00	772.38
573.00	828.55
574.00	826.21
575.00	760.67
576.00	802.80
577.00	760.67
578.00	816.85
579.00	755.99
580.00	849.61
581.00	795.78
582.00	802.80
583.00	795.78
584.00	791.10
585.00	760.67
586.00	922.17
587.00	809.83
588.00	821.53
589.00	779.40
590.00	774.72
591.00	730.25
592.00	788.76
593.00	699.82
594.00	777.06
595.00	753.65
596.00	732.59
597.00	777.06
598.00	772.38
599.00	795.78
600.00	755.99
601.00	800.46
602.00	788.76
603.00	765.36
604.00	814.51
605.00	739.61
606.00	674.07
607.00	788.76
608.00	779.40
609.00	683.44
610.00	795.78
611.00	772.38
612.00	788.76
613.00	784.08
614.00	809.83
615.00	826.21
616.00	669.39
617.00	819.19
618.00	744.29
619.00	739.61
620.00	772.38
621.00	812.17
622.00	758.33
623.00	732.59
624.00	744.29
625.00	795.78
626.00	781.74
627.00	793.44
628.00	755.99
629.00	791.10
630.00	793.44
631.00	779.40
632.00	727.91
633.00	753.65
634.00	779.40
635.00	805.14
636.00	770.04
637.00	781.74
638.00	802.80
639.00	730.25
640.00	772.38
641.00	821.53
642.00	793.44
643.00	802.80
644.00	795.78
645.00	763.01
646.00	765.36
647.00	819.19
648.00	800.46
649.00	748.97
650.00	788.76
651.00	753.65
652.00	774.72
653.00	877.70
654.00	798.12
655.00	840.25
656.00	802.80
657.00	847.27
658.00	753.65
659.00	777.06
660.00	805.14
661.00	828.55
662.00	812.17
663.00	802.80
664.00	833.23
665.00	802.80
666.00	777.06
667.00	807.48
668.00	741.95
669.00	753.65
670.00	786.42
671.00	809.83
672.00	807.48
673.00	802.80
674.00	835.57
675.00	805.14
676.00	821.53
677.00	837.91
678.00	858.98
679.00	786.42
680.00	795.78
681.00	798.12
682.00	807.48
683.00	793.44
684.00	800.46
685.00	788.76
686.00	854.30
687.00	844.93
688.00	713.86
689.00	812.17
690.00	842.59
691.00	786.42
692.00	777.06
693.00	741.95
694.00	746.63
695.00	854.30
696.00	770.04
697.00	819.19
698.00	826.21
699.00	833.23
700.00	823.87
701.00	770.04
702.00	737.27
703.00	779.40
704.00	887.06
705.00	807.48
706.00	842.59
707.00	835.57
708.00	821.53
709.00	758.33
710.00	711.52
711.00	786.42
712.00	791.10
713.00	788.76
714.00	887.06
715.00	858.98
716.00	788.76
717.00	795.78
718.00	858.98
719.00	858.98
720.00	791.10
721.00	823.87
722.00	826.21
723.00	814.51
724.00	847.27
725.00	873.02
726.00	823.87
727.00	786.42
728.00	821.53
729.00	697.48
730.00	819.19
731.00	772.38
732.00	826.21
733.00	732.59
734.00	828.55
735.00	809.83
736.00	898.77
737.00	833.23
738.00	816.85
739.00	840.25
740.00	774.72
741.00	805.14
742.00	828.55
743.00	830.89
744.00	861.32
745.00	866.00
746.00	814.51
747.00	891.74
748.00	772.38
749.00	819.19
750.00	763.01
751.00	791.10
752.00	805.14
753.00	744.29
754.00	849.61
755.00	753.65
756.00	802.80
757.00	786.42
758.00	779.40
759.00	758.33
760.00	767.70
761.00	880.04
762.00	819.19
763.00	814.51
764.00	772.38
765.00	861.32
766.00	753.65
767.00	781.74
768.00	807.48
769.00	805.14
770.00	788.76
771.00	786.42
772.00	856.64
773.00	784.08
774.00	847.27
775.00	849.61
776.00	847.27
777.00	753.65
778.00	779.40
779.00	837.91
780.00	854.30
781.00	826.21
782.00	875.36
783.00	943.24
784.00	844.93
785.00	802.80
786.00	858.98
787.00	833.23
788.00	784.08
789.00	823.87
790.00	858.98
791.00	805.14
792.00	723.23
793.00	826.21
794.00	739.61
795.00	835.57
796.00	765.36
797.00	828.55
798.00	807.48
799.00	840.25
800.00	915.15
801.00	858.98
802.00	800.46
803.00	788.76
804.00	770.04
805.00	812.17
806.00	821.53
807.00	830.89
808.00	849.61
809.00	837.91
810.00	849.61
811.00	814.51
812.00	734.93
813.00	847.27
814.00	826.21
815.00	786.42
816.00	847.27
817.00	739.61
818.00	788.76
819.00	748.97
820.00	755.99
821.00	856.64
822.00	938.55
823.00	873.02
824.00	842.59
825.00	856.64
826.00	720.88
827.00	777.06
828.00	802.80
829.00	821.53
830.00	760.67
831.00	809.83
832.00	763.01
833.00	861.32
834.00	863.66
835.00	795.78
836.00	795.78
837.00	861.32
838.00	894.08
839.00	819.19
840.00	837.91
841.00	861.32
842.00	805.14
843.00	830.89
844.00	877.70
845.00	816.85
846.00	891.74
847.00	774.72
848.00	856.64
849.00	809.83
850.00	730.25
851.00	807.48
852.00	807.48
853.00	767.70
854.00	779.40
855.00	807.48
856.00	849.61
857.00	716.20
858.00	770.04
859.00	821.53
860.00	819.19
861.00	774.72
862.00	835.57
863.00	809.83
864.00	844.93
865.00	873.02
866.00	854.30
867.00	802.80
868.00	816.85
869.00	847.27
870.00	765.36
871.00	807.48
872.00	875.36
873.00	795.78
874.00	837.91
875.00	765.36
876.00	812.17
877.00	826.21
878.00	837.91
879.00	919.83
880.00	826.21
881.00	828.55
882.00	922.17
883.00	901.11
884.00	854.30
885.00	837.91
886.00	781.74
887.00	922.17
888.00	770.04
889.00	758.33
890.00	866.00
891.00	807.48
892.00	870.68
893.00	870.68
894.00	788.76
895.00	922.17
896.00	816.85
897.00	849.61
898.00	798.12
899.00	741.95
900.00	788.76
901.00	863.66
902.00	887.06
903.00	819.19
904.00	880.04
905.00	858.98
906.00	908.13
907.00	887.06
908.00	933.87
909.00	896.43
910.00	915.15
911.00	868.34
912.00	1027.50
913.00	997.07
914.00	926.85
915.00	954.94
916.00	880.04
917.00	802.80
918.00	868.34
919.00	835.57
920.00	842.59
921.00	868.34
922.00	786.42
923.00	795.78
924.00	870.68
925.00	837.91
926.00	753.65
927.00	802.80
928.00	798.12
929.00	849.61
930.00	741.95
931.00	784.08
932.00	821.53
933.00	821.53
934.00	744.29
935.00	781.74
936.00	840.25
937.00	847.27
938.00	809.83
939.00	748.97
940.00	882.38
941.00	786.42
942.00	882.38
943.00	763.01
944.00	875.36
945.00	854.30
946.00	1081.33
947.00	1554.12
948.00	1888.81
949.00	1816.26
950.00	1434.75
951.00	1284.95
952.00	1268.57
953.00	1144.52
954.00	1011.11
955.00	898.77
956.00	793.44
957.00	854.30
958.00	823.87
959.00	786.42
960.00	826.21
961.00	819.19
962.00	828.55
963.00	884.72
964.00	828.55
965.00	807.48
966.00	821.53
967.00	894.08
968.00	809.83
969.00	800.46
970.00	889.40
971.00	814.51
972.00	821.53
973.00	835.57
974.00	873.02
975.00	856.64
976.00	828.55
977.00	807.48
978.00	828.55
979.00	847.27
980.00	823.87
981.00	793.44
982.00	784.08
983.00	844.93
984.00	727.91
985.00	819.19
986.00	807.48
987.00	774.72
988.00	802.80
989.00	866.00
990.00	835.57
991.00	809.83
992.00	798.12
993.00	777.06
994.00	840.25
995.00	840.25
996.00	826.21
997.00	837.91
998.00	830.89
999.00	837.91
1000.00	814.51
1001.00	814.51
1002.00	767.70
1003.00	842.59
1004.00	858.98
1005.00	777.06
1006.00	861.32
1007.00	807.48
1008.00	748.97
1009.00	870.68
1010.00	898.77
1011.00	795.78
1012.00	849.61
1013.00	898.77
1014.00	828.55
1015.00	816.85
1016.00	816.85
1017.00	837.91
1018.00	905.79
1019.00	795.78
1020.00	795.78
1021.00	807.48
1022.00	835.57
1023.00	884.72
1024.00	851.96
1025.00	842.59
1026.00	837.91
1027.00	784.08
1028.00	856.64
1029.00	807.48
1030.00	699.82
1031.00	887.06
1032.00	772.38
1033.00	805.14
1034.00	833.23
1035.00	798.12
1036.00	816.85
1037.00	828.55
1038.00	863.66
1039.00	849.61
1040.00	807.48
1041.00	833.23
1042.00	840.25
1043.00	849.61
1044.00	835.57
1045.00	854.30
1046.00	931.53
1047.00	828.55
1048.00	854.30
1049.00	821.53
1050.00	833.23
1051.00	809.83
1052.00	819.19
1053.00	767.70
1054.00	823.87
1055.00	837.91
1056.00	786.42
1057.00	854.30
1058.00	819.19
1059.00	814.51
1060.00	800.46
1061.00	823.87
1062.00	812.17
1063.00	826.21
1064.00	840.25
1065.00	868.34
1066.00	814.51
1067.00	858.98
1068.00	840.25
1069.00	823.87
1070.00	873.02
1071.00	791.10
1072.00	849.61
1073.00	772.38
1074.00	837.91
1075.00	795.78
1076.00	861.32
1077.00	802.80
1078.00	784.08
1079.00	863.66
1080.00	830.89
1081.00	744.29
1082.00	755.99
1083.00	821.53
1084.00	807.48
1085.00	844.93
1086.00	828.55
1087.00	882.38
1088.00	791.10
1089.00	758.33
1090.00	798.12
1091.00	837.91
1092.00	784.08
1093.00	891.74
1094.00	854.30
1095.00	870.68
1096.00	868.34
1097.00	823.87
1098.00	774.72
1099.00	812.17
1100.00	854.30
1101.00	875.36
1102.00	919.83
1103.00	840.25
1104.00	837.91
1105.00	812.17
1106.00	823.87
1107.00	786.42
1108.00	805.14
1109.00	819.19
1110.00	844.93
1111.00	826.21
1112.00	772.38
1113.00	788.76
1114.00	875.36
1115.00	842.59
1116.00	753.65
1117.00	835.57
1118.00	844.93
1119.00	870.68
1120.00	866.00
1121.00	802.80
1122.00	774.72
1123.00	898.77
1124.00	772.38
1125.00	863.66
1126.00	851.96
1127.00	755.99
1128.00	819.19
1129.00	807.48
1130.00	835.57
1131.00	863.66
1132.00	844.93
1133.00	837.91
1134.00	858.98
1135.00	758.33
1136.00	882.38
1137.00	849.61
1138.00	837.91
1139.00	758.33
1140.00	863.66
1141.00	877.70
1142.00	835.57
1143.00	744.29
1144.00	870.68
1145.00	812.17
1146.00	835.57
1147.00	812.17
1148.00	880.04
1149.00	858.98
1150.00	837.91
1151.00	889.40
1152.00	870.68
1153.00	767.70
1154.00	854.30
1155.00	858.98
1156.00	816.85
1157.00	877.70
1158.00	884.72
1159.00	873.02
1160.00	875.36
1161.00	868.34
1162.00	856.64
1163.00	814.51
1164.00	844.93
1165.00	933.87
1166.00	884.72
1167.00	1057.92
1168.00	1188.99
1169.00	1263.89
1170.00	1130.48
1171.00	1027.50
1172.00	1027.50
1173.00	992.39
1174.00	880.04
1175.00	770.04
1176.00	894.08
1177.00	842.59
1178.00	821.53
1179.00	847.27
1180.00	816.85
1181.00	880.04
1182.00	828.55
1183.00	873.02
1184.00	844.93
1185.00	866.00
1186.00	903.45
1187.00	910.47
1188.00	905.79
1189.00	856.64
1190.00	868.34
1191.00	851.96
1192.00	858.98
1193.00	976.00
1194.00	912.81
1195.00	945.58
1196.00	1032.18
1197.00	912.81
1198.00	905.79
1199.00	973.66
1200.00	961.96
1201.00	940.90
1202.00	1088.35
1203.00	1109.41
1204.00	1167.93
1205.00	1100.05
1206.00	1121.12
1207.00	1067.28
1208.00	1076.65
1209.00	1046.22
1210.00	1041.54
1211.00	1043.88
1212.00	1034.52
1213.00	992.39
1214.00	1053.24
1215.00	1181.97
1216.00	1228.78
1217.00	1310.70
1218.00	1479.22
1219.00	1746.04
1220.00	2984.18
1221.00	16119.27
1222.00	46253.67
1223.00	62066.33
1224.00	61385.23
1225.00	52650.35
1226.00	38628.20
1227.00	28620.07
1228.00	23487.28
1229.00	17083.57
1230.00	8217.62
1231.00	3662.94
1232.00	2008.18
1233.00	1540.07
1234.00	1385.60
1235.00	1313.04
1236.00	1303.68
1237.00	1196.01
1238.00	1158.57
1239.00	1348.15
1240.00	2956.10
1241.00	5252.16
1242.00	6331.15
1243.00	5275.57
1244.00	4028.06
1245.00	3082.49
1246.00	2642.46
1247.00	2392.03
1248.00	1753.06
1249.00	1287.29
1250.00	1006.43
1251.00	983.02
1252.00	976.00
1253.00	917.49
1254.00	992.39
1255.00	1064.94
1256.00	968.98
1257.00	1025.15
1258.00	1034.52
1259.00	973.66
1260.00	959.62
1261.00	931.53
1262.00	1027.50
1263.00	992.39
1264.00	875.36
1265.00	924.51
1266.00	936.21
1267.00	924.51
1268.00	887.06
1269.00	931.53
1270.00	931.53
1271.00	952.60
1272.00	835.57
1273.00	908.13
1274.00	809.83
1275.00	945.58
1276.00	926.85
1277.00	915.15
1278.00	1041.54
1279.00	2092.44
1280.00	5689.84
1281.00	9427.68
1282.00	10747.74
1283.00	8168.47
1284.00	6225.82
1285.00	4622.56
1286.00	3922.74
1287.00	3150.36
1288.00	2073.71
1289.00	1214.74
1290.00	997.07
1291.00	898.77
1292.00	922.17
1293.00	950.26
1294.00	1004.09
1295.00	1034.52
1296.00	957.28
1297.00	882.38
1298.00	992.39
1299.00	1540.07
1300.00	2326.49
1301.00	3045.04
1302.00	2841.41
1303.00	2251.60
1304.00	1818.60
1305.00	1657.10
1306.00	1511.99
1307.00	1345.81
1308.00	1081.33
1309.00	964.30
1310.00	924.51
1311.00	947.92
1312.00	844.93
1313.00	901.11
1314.00	924.51
1315.00	877.70
1316.00	926.85
1317.00	873.02
1318.00	809.83
1319.00	882.38
1320.00	828.55
1321.00	779.40
1322.00	755.99
1323.00	854.30
1324.00	851.96
1325.00	774.72
1326.00	929.19
1327.00	798.12
1328.00	828.55
1329.00	915.15
1330.00	828.55
1331.00	807.48
1332.00	894.08
1333.00	957.28
1334.00	1575.18
1335.00	2759.49
1336.00	3349.31
1337.00	2923.33
1338.00	2235.21
1339.00	1898.17
1340.00	1621.99
1341.00	1413.68
1342.00	1219.42
1343.00	1027.50
1344.00	882.38
1345.00	898.77
1346.00	854.30
1347.00	910.47
1348.00	919.83
1349.00	833.23
1350.00	894.08
1351.00	856.64
1352.00	915.15
1353.00	868.34
1354.00	823.87
1355.00	887.06
1356.00	936.21
1357.00	997.07
1358.00	903.45
1359.00	908.13
1360.00	1020.47
1361.00	1048.56
1362.00	2073.71
1363.00	5057.90
1364.00	8306.56
1365.00	8975.95
1366.00	6930.33
1367.00	5123.43
1368.00	3896.99
1369.00	3321.22
1370.00	2689.28
1371.00	1778.81
1372.00	1294.32
1373.00	1109.41
1374.00	1132.82
1375.00	1149.20
1376.00	2726.72
1377.00	7721.43
1378.00	14139.18
1379.00	16163.74
1380.00	12409.52
1381.00	8847.22
1382.00	6586.27
1383.00	5305.99
1384.00	4273.82
1385.00	2712.68
1386.00	1561.14
1387.00	1137.50
1388.00	954.94
1389.00	929.19
1390.00	966.64
1391.00	976.00
1392.00	917.49
1393.00	950.26
1394.00	873.02
1395.00	863.66
1396.00	898.77
1397.00	901.11
1398.00	1062.60
1399.00	1210.06
1400.00	1277.93
1401.00	1268.57
1402.00	1151.54
1403.00	1067.28
1404.00	1146.86
1405.00	1254.53
1406.00	1937.96
1407.00	7220.55
1408.00	17841.90
1409.00	25846.54
1410.00	23211.09
1411.00	16681.00
1412.00	11754.17
1413.00	8947.87
1414.00	7293.11
1415.00	5022.79
1416.00	2593.31
1417.00	1542.41
1418.00	1217.08
1419.00	1114.10
1420.00	1825.62
1421.00	3812.73
1422.00	6256.25
1423.00	6951.39
1424.00	5336.42
1425.00	4018.70
1426.00	3112.91
1427.00	2679.91
1428.00	2139.25
1429.00	1481.56
1430.00	1125.80
1431.00	922.17
1432.00	994.73
1433.00	851.96
1434.00	1020.47
1435.00	908.13
1436.00	898.77
1437.00	910.47
1438.00	800.46
1439.00	854.30
1440.00	847.27
1441.00	854.30
1442.00	809.83
1443.00	884.72
1444.00	798.12
1445.00	828.55
1446.00	882.38
1447.00	863.66
1448.00	840.25
1449.00	880.04
1450.00	821.53
1451.00	833.23
1452.00	828.55
1453.00	905.79
1454.00	917.49
1455.00	1238.14
1456.00	2310.11
1457.00	3747.20
1458.00	4585.11
1459.00	3758.90
1460.00	2951.42
1461.00	2272.66
1462.00	1928.60
1463.00	1682.85
1464.00	1217.08
1465.00	1057.92
1466.00	887.06
1467.00	835.57
1468.00	912.81
1469.00	842.59
1470.00	861.32
1471.00	840.25
1472.00	924.51
1473.00	816.85
1474.00	791.10
1475.00	798.12
1476.00	837.91
1477.00	805.14
1478.00	889.40
1479.00	884.72
1480.00	847.27
1481.00	847.27
1482.00	870.68
1483.00	903.45
1484.00	863.66
1485.00	912.81
1486.00	926.85
1487.00	1210.06
1488.00	3227.60
1489.00	8074.85
1490.00	13277.86
1491.00	13401.91
1492.00	9806.84
1493.00	6832.02
1494.00	5137.48
1495.00	4219.99
1496.00	3124.62
1497.00	1856.04
1498.00	1249.85
1499.00	945.58
1500.00	889.40
1501.00	929.19
1502.00	908.13
1503.00	894.08
1504.00	819.19
1505.00	849.61
1506.00	861.32
1507.00	842.59
1508.00	837.91
1509.00	880.04
1510.00	837.91
1511.00	849.61
1512.00	861.32
1513.00	1107.07
1514.00	1996.48
1515.00	3274.41
1516.00	4086.58
1517.00	3389.10
1518.00	2609.70
1519.00	2097.12
1520.00	1788.17
1521.00	1589.22
1522.00	1186.65
1523.00	1041.54
1524.00	943.24
1525.00	835.57
1526.00	835.57
1527.00	908.13
1528.00	926.85
1529.00	910.47
1530.00	898.77
1531.00	980.68
1532.00	994.73
1533.00	1888.81
1534.00	4814.48
1535.00	8367.42
1536.00	9745.99
1537.00	7786.96
1538.00	5563.45
1539.00	4079.55
1540.00	3384.41
1541.00	2684.59
1542.00	1811.57
1543.00	1256.87
1544.00	1041.54
1545.00	910.47
1546.00	954.94
1547.00	856.64
1548.00	856.64
1549.00	870.68
1550.00	898.77
1551.00	835.57
1552.00	816.85
1553.00	837.91
1554.00	945.58
1555.00	880.04
1556.00	873.02
1557.00	884.72
1558.00	887.06
1559.00	983.02
1560.00	945.58
1561.00	858.98
1562.00	950.26
1563.00	964.30
1564.00	1029.84
1565.00	1226.44
1566.00	3995.29
1567.00	10286.65
1568.00	16910.37
1569.00	17085.91
1570.00	12360.37
1571.00	8975.95
1572.00	6628.40
1573.00	5474.51
1574.00	3845.50
1575.00	2385.01
1576.00	1570.50
1577.00	1203.04
1578.00	1643.06
1579.00	5743.67
1580.00	15868.83
1581.00	26340.39
1582.00	28386.02
1583.00	19924.98
1584.00	14106.41
1585.00	10017.49
1586.00	8238.69
1587.00	5654.73
1588.00	3229.94
1589.00	1746.04
1590.00	1224.10
1591.00	997.07
1592.00	943.24
1593.00	961.96
1594.00	917.49
1595.00	905.79
1596.00	940.90
1597.00	994.73
1598.00	896.43
1599.00	802.80
1600.00	896.43
1601.00	837.91
1602.00	858.98
1603.00	917.49
1604.00	837.91
1605.00	779.40
1606.00	905.79
1607.00	849.61
1608.00	828.55
1609.00	891.74
1610.00	828.55
1611.00	837.91
1612.00	861.32
1613.00	795.78
1614.00	800.46
1615.00	880.04
1616.00	854.30
1617.00	791.10
1618.00	793.44
1619.00	856.64
1620.00	833.23
1621.00	882.38
1622.00	786.42
1623.00	821.53
1624.00	802.80
1625.00	748.97
1626.00	882.38
1627.00	849.61
1628.00	800.46
1629.00	807.48
1630.00	891.74
1631.00	856.64
1632.00	784.08
1633.00	802.80
1634.00	875.36
1635.00	830.89
1636.00	795.78
1637.00	821.53
1638.00	755.99
1639.00	882.38
1640.00	781.74
1641.00	842.59
1642.00	758.33
1643.00	854.30
1644.00	861.32
1645.00	861.32
1646.00	830.89
1647.00	828.55
1648.00	985.37
1649.00	1074.31
1650.00	2396.71
1651.00	6775.85
1652.00	12091.21
1653.00	14941.98
1654.00	11639.48
1655.00	8463.38
1656.00	6066.67
1657.00	4767.67
1658.00	3686.34
1659.00	2253.94
1660.00	1476.88
1661.00	1029.84
1662.00	980.68
1663.00	945.58
1664.00	882.38
1665.00	870.68
1666.00	866.00
1667.00	922.17
1668.00	1270.91
1669.00	2485.65
1670.00	4292.54
1671.00	5544.73
1672.00	4891.72
1673.00	3609.11
1674.00	2813.32
1675.00	2216.49
1676.00	1785.83
1677.00	1355.17
1678.00	1100.05
1679.00	938.55
1680.00	814.51
1681.00	842.59
1682.00	727.91
1683.00	788.76
1684.00	805.14
1685.00	826.21
1686.00	800.46
1687.00	870.68
1688.00	816.85
1689.00	830.89
1690.00	791.10
1691.00	800.46
1692.00	863.66
1693.00	788.76
1694.00	774.72
1695.00	784.08
1696.00	821.53
1697.00	791.10
1698.00	795.78
1699.00	763.01
1700.00	763.01
1701.00	851.96
1702.00	856.64
1703.00	760.67
1704.00	863.66
1705.00	800.46
1706.00	842.59
1707.00	758.33
1708.00	809.83
1709.00	788.76
1710.00	870.68
1711.00	772.38
1712.00	842.59
1713.00	823.87
1714.00	1313.04
1715.00	3229.94
1716.00	5734.31
1717.00	7522.48
1718.00	6441.15
1719.00	5008.75
1720.00	3646.55
1721.00	2885.88
1722.00	2188.40
1723.00	1626.67
1724.00	1081.33
1725.00	964.30
1726.00	849.61
1727.00	826.21
1728.00	844.93
1729.00	788.76
1730.00	823.87
1731.00	884.72
1732.00	807.48
1733.00	751.31
1734.00	821.53
1735.00	763.01
1736.00	737.27
1737.00	812.17
1738.00	823.87
1739.00	826.21
1740.00	774.72
1741.00	800.46
1742.00	779.40
1743.00	814.51
1744.00	755.99
1745.00	847.27
1746.00	807.48
1747.00	744.29
1748.00	854.30
1749.00	875.36
1750.00	868.34
1751.00	856.64
1752.00	814.51
1753.00	802.80
1754.00	861.32
1755.00	819.19
1756.00	828.55
1757.00	854.30
1758.00	800.46
1759.00	765.36
1760.00	842.59
1761.00	791.10
1762.00	765.36
1763.00	884.72
1764.00	898.77
1765.00	854.30
1766.00	887.06
1767.00	854.30
1768.00	959.62
1769.00	985.37
1770.00	1947.33
1771.00	5210.03
1772.00	9572.79
1773.00	12865.92
1774.00	11133.93
1775.00	8212.94
1776.00	6108.80
1777.00	4376.80
1778.00	2778.22
1779.00	1893.49
1780.00	1348.15
1781.00	1132.82
1782.00	901.11
1783.00	854.30
1784.00	938.55
1785.00	821.53
1786.00	809.83
1787.00	812.17
1788.00	856.64
1789.00	786.42
1790.00	819.19
1791.00	844.93
1792.00	891.74
1793.00	777.06
1794.00	828.55
1795.00	908.13
1796.00	924.51
1797.00	1008.77
1798.00	2176.70
1799.00	4440.00
1800.00	7459.29
1801.00	8086.55
1802.00	6593.29
1803.00	4973.64
1804.00	3590.38
1805.00	2502.03
1806.00	1720.29
1807.00	1217.08
1808.00	1060.26
1809.00	905.79
1810.00	891.74
1811.00	861.32
1812.00	809.83
1813.00	844.93
1814.00	737.27
1815.00	828.55
1816.00	795.78
1817.00	779.40
1818.00	863.66
1819.00	880.04
1820.00	774.72
1821.00	816.85
1822.00	842.59
1823.00	755.99
1824.00	793.44
1825.00	863.66
1826.00	887.06
1827.00	882.38
1828.00	889.40
1829.00	882.38
1830.00	781.74
1831.00	755.99
1832.00	765.36
1833.00	809.83
1834.00	767.70
1835.00	819.19
1836.00	753.65
1837.00	800.46
1838.00	826.21
1839.00	772.38
1840.00	692.80
1841.00	779.40
1842.00	805.14
1843.00	830.89
1844.00	779.40
1845.00	830.89
1846.00	781.74
1847.00	727.91
1848.00	805.14
1849.00	767.70
1850.00	805.14
1851.00	800.46
1852.00	723.23
1853.00	730.25
1854.00	770.04
1855.00	791.10
1856.00	753.65
1857.00	709.18
1858.00	727.91
1859.00	688.12
1860.00	802.80
1861.00	793.44
1862.00	795.78
1863.00	767.70
1864.00	702.16
1865.00	758.33
1866.00	800.46
1867.00	781.74
1868.00	765.36
1869.00	763.01
1870.00	737.27
1871.00	791.10
1872.00	802.80
1873.00	788.76
1874.00	758.33
1875.00	765.36
1876.00	781.74
1877.00	784.08
1878.00	763.01
1879.00	784.08
1880.00	739.61
1881.00	755.99
1882.00	784.08
1883.00	758.33
1884.00	763.01
1885.00	704.50
1886.00	835.57
1887.00	748.97
1888.00	781.74
1889.00	737.27
1890.00	718.54
1891.00	807.48
1892.00	851.96
1893.00	695.14
1894.00	828.55
1895.00	788.76
1896.00	870.68
1897.00	805.14
1898.00	788.76
1899.00	748.97
1900.00	802.80
1901.00	723.23
1902.00	779.40
1903.00	791.10
1904.00	727.91
1905.00	823.87
1906.00	828.55
1907.00	730.25
1908.00	741.95
1909.00	798.12
1910.00	760.67
1911.00	828.55
1912.00	854.30
1913.00	875.36
1914.00	851.96
1915.00	784.08
1916.00	788.76
1917.00	746.63
1918.00	688.12
1919.00	805.14
1920.00	748.97
1921.00	779.40
1922.00	807.48
1923.00	788.76
1924.00	772.38
1925.00	739.61
1926.00	755.99
1927.00	816.85
1928.00	758.33
1929.00	725.57
1930.00	819.19
1931.00	802.80
1932.00	709.18
1933.00	725.57
1934.00	765.36
1935.00	730.25
1936.00	720.88
1937.00	781.74
1938.00	725.57
1939.00	807.48
1940.00	830.89
1941.00	828.55
1942.00	767.70
1943.00	706.84
1944.00	737.27
1945.00	746.63
1946.00	720.88
1947.00	725.57
1948.00	812.17
1949.00	753.65
1950.00	840.25
1951.00	830.89
1952.00	1043.88
1953.00	2022.22
1954.00	4152.11
1955.00	6448.18
1956.00	7201.83
1957.00	5172.58
1958.00	3426.54
1959.00	2223.51
1960.00	1563.48
1961.00	1275.59
1962.00	994.73
1963.00	922.17
1964.00	905.79
1965.00	814.51
1966.00	777.06
1967.00	744.29
1968.00	791.10
1969.00	807.48
1970.00	788.76
1971.00	774.72
1972.00	842.59
1973.00	784.08
1974.00	802.80
1975.00	807.48
1976.00	805.14
1977.00	758.33
1978.00	763.01
1979.00	856.64
1980.00	809.83
1981.00	1029.84
1982.00	1118.78
1983.00	1203.04
1984.00	1041.54
1985.00	964.30
1986.00	866.00
1987.00	807.48
1988.00	807.48
1989.00	767.70
1990.00	716.20
1991.00	784.08
1992.00	767.70
1993.00	828.55
1994.00	793.44
1995.00	798.12
1996.00	753.65
1997.00	805.14
1998.00	716.20
1999.00	779.40
2000.00	779.40
2001.00	800.46
2002.00	746.63
2003.00	807.48
2004.00	755.99
2005.00	774.72
2006.00	791.10
2007.00	725.57
2008.00	777.06
2009.00	835.57
2010.00	807.48
2011.00	741.95
2012.00	753.65
2013.00	788.76
2014.00	784.08
2015.00	748.97
2016.00	795.78
2017.00	802.80
2018.00	816.85
2019.00	795.78
2020.00	732.59
2021.00	755.99
2022.00	812.17
2023.00	795.78
2024.00	800.46
2025.00	1006.43
2026.00	1048.56
2027.00	1158.57
2028.00	1102.39
2029.00	1235.80
2030.00	2085.42
2031.00	5596.22
2032.00	10527.73
2033.00	13940.23
2034.00	12678.68
2035.00	8554.66
2036.00	5659.42
2037.00	3541.23
2038.00	2373.30
2039.00	1612.63
2040.00	1233.46
2041.00	1022.81
2042.00	917.49
2043.00	863.66
2044.00	854.30
2045.00	868.34
2046.00	908.13
2047.00	751.31
