0.00	695.14
1.00	695.14
2.00	695.14
3.00	655.35
4.00	582.79
5.00	580.45
6.00	596.84
7.00	535.98
8.00	610.88
9.00	578.11
10.00	606.20
11.00	521.94
12.00	596.84
13.00	566.41
14.00	519.60
15.00	636.63
16.00	566.41
17.00	578.11
18.00	594.50
19.00	622.58
20.00	650.67
21.00	613.22
22.00	596.84
23.00	695.14
24.00	669.39
25.00	592.16
26.00	706.84
27.00	685.78
28.00	676.41
29.00	748.97
30.00	713.86
31.00	650.67
32.00	725.57
33.00	697.48
34.00	685.78
35.00	697.48
36.00	723.23
37.00	734.93
38.00	744.29
39.00	744.29
40.00	748.97
41.00	746.63
42.00	739.61
43.00	732.59
44.00	753.65
45.00	788.76
46.00	732.59
47.00	751.31
48.00	713.86
49.00	786.42
50.00	774.72
51.00	695.14
52.00	741.95
53.00	734.93
54.00	739.61
55.00	727.91
56.00	706.84
57.00	734.93
58.00	681.10
59.00	748.97
60.00	788.76
61.00	798.12
62.00	683.44
63.00	760.67
64.00	802.80
65.00	770.04
66.00	723.23
67.00	723.23
68.00	657.69
69.00	716.20
70.00	758.33
71.00	727.91
72.00	748.97
73.00	683.44
74.00	711.52
75.00	734.93
76.00	692.80
77.00	676.41
78.00	720.88
79.00	746.63
80.00	732.59
81.00	697.48
82.00	655.35
83.00	709.18
84.00	697.48
85.00	718.54
86.00	699.82
87.00	786.42
88.00	753.65
89.00	751.31
90.00	746.63
91.00	760.67
92.00	730.25
93.00	709.18
94.00	662.37
95.00	664.71
96.00	723.23
97.00	683.44
98.00	732.59
99.00	676.41
100.00	739.61
101.00	706.84
102.00	702.16
103.00	709.18
104.00	716.20
105.00	805.14
106.00	760.67
107.00	692.80
108.00	709.18
109.00	760.67
110.00	706.84
111.00	732.59
112.00	676.41
113.00	657.69
114.00	709.18
115.00	716.20
116.00	786.42
117.00	755.99
118.00	730.25
119.00	683.44
120.00	751.31
121.00	709.18
122.00	751.31
123.00	812.17
124.00	711.52
125.00	709.18
126.00	718.54
127.00	706.84
128.00	741.95
129.00	683.44
130.00	739.61
131.00	781.74
132.00	695.14
133.00	727.91
134.00	741.95
135.00	653.01
136.00	746.63
137.00	814.51
138.00	791.10
139.00	746.63
140.00	777.06
141.00	678.76
142.00	793.44
143.00	795.78
144.00	711.52
145.00	755.99
146.00	819.19
147.00	807.48
148.00	770.04
149.00	807.48
150.00	655.35
151.00	788.76
152.00	751.31
153.00	723.23
154.00	767.70
155.00	779.40
156.00	706.84
157.00	716.20
158.00	711.52
159.00	779.40
160.00	763.01
161.00	779.40
162.00	695.14
163.00	781.74
164.00	744.29
165.00	711.52
166.00	802.80
167.00	732.59
168.00	763.01
169.00	753.65
170.00	669.39
171.00	753.65
172.00	760.67
173.00	732.59
174.00	734.93
175.00	716.20
176.00	674.07
177.00	699.82
178.00	704.50
179.00	741.95
180.00	741.95
181.00	716.20
182.00	753.65
183.00	727.91
184.00	781.74
185.00	718.54
186.00	685.78
187.00	692.80
188.00	692.80
189.00	676.41
190.00	678.76
191.00	727.91
192.00	772.38
193.00	819.19
194.00	777.06
195.00	737.27
196.00	711.52
197.00	809.83
198.00	798.12
199.00	767.70
200.00	730.25
201.00	748.97
202.00	777.06
203.00	777.06
204.00	699.82
205.00	660.03
206.00	751.31
207.00	690.46
208.00	781.74
209.00	711.52
210.00	741.95
211.00	833.23
212.00	753.65
213.00	753.65
214.00	704.50
215.00	709.18
216.00	755.99
217.00	725.57
218.00	795.78
219.00	723.23
220.00	725.57
221.00	692.80
222.00	753.65
223.00	763.01
224.00	807.48
225.00	748.97
226.00	755.99
227.00	713.86
228.00	720.88
229.00	748.97
230.00	751.31
231.00	788.76
232.00	720.88
233.00	823.87
234.00	732.59
235.00	678.76
236.00	706.84
237.00	798.12
238.00	763.01
239.00	730.25
240.00	774.72
241.00	713.86
242.00	739.61
243.00	765.36
244.00	688.12
245.00	763.01
246.00	690.46
247.00	737.27
248.00	786.42
249.00	697.48
250.00	798.12
251.00	702.16
252.00	737.27
253.00	713.86
254.00	746.63
255.00	781.74
256.00	798.12
257.00	802.80
258.00	755.99
259.00	763.01
260.00	814.51
261.00	758.33
262.00	723.23
263.00	760.67
264.00	739.61
265.00	770.04
266.00	777.06
267.00	786.42
268.00	784.08
269.00	746.63
270.00	748.97
271.00	819.19
272.00	788.76
273.00	849.61
274.00	849.61
275.00	830.89
276.00	795.78
277.00	795.78
278.00	760.67
279.00	777.06
280.00	755.99
281.00	791.10
282.00	777.06
283.00	676.41
284.00	760.67
285.00	746.63
286.00	720.88
287.00	805.14
288.00	744.29
289.00	744.29
290.00	772.38
291.00	765.36
292.00	826.21
293.00	793.44
294.00	697.48
295.00	709.18
296.00	772.38
297.00	774.72
298.00	676.41
299.00	791.10
300.00	786.42
301.00	755.99
302.00	685.78
303.00	812.17
304.00	744.29
305.00	760.67
306.00	791.10
307.00	770.04
308.00	741.95
309.00	786.42
310.00	828.55
311.00	816.85
312.00	809.83
313.00	706.84
314.00	746.63
315.00	786.42
316.00	753.65
317.00	706.84
318.00	786.42
319.00	737.27
320.00	730.25
321.00	767.70
322.00	741.95
323.00	788.76
324.00	748.97
325.00	723.23
326.00	739.61
327.00	706.84
328.00	807.48
329.00	772.38
330.00	772.38
331.00	755.99
332.00	791.10
333.00	690.46
334.00	760.67
335.00	741.95
336.00	786.42
337.00	725.57
338.00	774.72
339.00	781.74
340.00	751.31
341.00	777.06
342.00	739.61
343.00	753.65
344.00	746.63
345.00	638.97
346.00	730.25
347.00	793.44
348.00	840.25
349.00	854.30
350.00	791.10
351.00	809.83
352.00	814.51
353.00	767.70
354.00	835.57
355.00	734.93
356.00	711.52
357.00	758.33
358.00	758.33
359.00	720.88
360.00	800.46
361.00	779.40
362.00	725.57
363.00	748.97
364.00	741.95
365.00	751.31
366.00	741.95
367.00	692.80
368.00	753.65
369.00	793.44
370.00	781.74
371.00	730.25
372.00	746.63
373.00	795.78
374.00	758.33
375.00	709.18
376.00	880.04
377.00	730.25
378.00	699.82
379.00	699.82
380.00	723.23
381.00	816.85
382.00	833.23
383.00	737.27
384.00	702.16
385.00	777.06
386.00	770.04
387.00	774.72
388.00	798.12
389.00	791.10
390.00	713.86
391.00	744.29
392.00	763.01
393.00	748.97
394.00	746.63
395.00	851.96
396.00	718.54
397.00	755.99
398.00	770.04
399.00	793.44
400.00	770.04
401.00	706.84
402.00	716.20
403.00	795.78
404.00	746.63
405.00	788.76
406.00	716.20
407.00	746.63
408.00	784.08
409.00	732.59
410.00	795.78
411.00	753.65
412.00	744.29
413.00	786.42
414.00	744.29
415.00	770.04
416.00	753.65
417.00	819.19
418.00	755.99
419.00	760.67
420.00	791.10
421.00	671.73
422.00	814.51
423.00	730.25
424.00	770.04
425.00	767.70
426.00	748.97
427.00	823.87
428.00	739.61
429.00	767.70
430.00	753.65
431.00	753.65
432.00	713.86
433.00	744.29
434.00	730.25
435.00	786.42
436.00	763.01
437.00	765.36
438.00	744.29
439.00	767.70
440.00	699.82
441.00	753.65
442.00	800.46
443.00	751.31
444.00	737.27
445.00	774.72
446.00	744.29
447.00	814.51
448.00	751.31
449.00	725.57
450.00	709.18
451.00	706.84
452.00	807.48
453.00	765.36
454.00	795.78
455.00	758.33
456.00	819.19
457.00	699.82
458.00	772.38
459.00	765.36
460.00	746.63
461.00	770.04
462.00	795.78
463.00	746.63
464.00	713.86
465.00	819.19
466.00	821.53
467.00	732.59
468.00	739.61
469.00	746.63
470.00	779.40
471.00	807.48
472.00	786.42
473.00	753.65
474.00	765.36
475.00	720.88
476.00	744.29
477.00	755.99
478.00	755.99
479.00	774.72
480.00	791.10
481.00	772.38
482.00	784.08
483.00	751.31
484.00	725.57
485.00	791.10
486.00	734.93
487.00	770.04
488.00	784.08
489.00	772.38
490.00	755.99
491.00	772.38
492.00	751.31
493.00	795.78
494.00	795.78
495.00	819.19
496.00	788.76
497.00	793.44
498.00	828.55
499.00	748.97
500.00	676.41
501.00	737.27
502.00	767.70
503.00	763.01
504.00	755.99
505.00	746.63
506.00	826.21
507.00	837.91
508.00	821.53
509.00	767.70
510.00	814.51
511.00	786.42
512.00	676.41
513.00	692.80
514.00	795.78
515.00	737.27
516.00	748.97
517.00	777.06
518.00	779.40
519.00	791.10
520.00	744.29
521.00	755.99
522.00	739.61
523.00	784.08
524.00	765.36
525.00	835.57
526.00	772.38
527.00	765.36
528.00	746.63
529.00	784.08
530.00	772.38
531.00	709.18
532.00	746.63
533.00	779.40
534.00	760.67
535.00	727.91
536.00	781.74
537.00	737.27
538.00	858.98
539.00	748.97
540.00	793.44
541.00	744.29
542.00	781.74
543.00	779.40
544.00	732.59
545.00	732.59
546.00	753.65
547.00	828.55
548.00	814.51
549.00	835.57
550.00	676.41
551.00	727.91
552.00	741.95
553.00	709.18
554.00	793.44
555.00	763.01
556.00	800.46
557.00	741.95
558.00	800.46
559.00	795.78
560.00	795.78
561.00	723.23
562.00	823.87
563.00	716.20
564.00	711.52
565.00	744.29
566.00	777.06
567.00	767.70
568.00	763.01
569.00	718.54
570.00	786.42
571.00	779.40
572.00	753.65
573.00	819.19
574.00	868.34
575.00	847.27
576.00	793.44
577.00	755.99
578.00	833.23
579.00	777.06
580.00	770.04
581.00	774.72
582.00	683.44
583.00	732.59
584.00	800.46
585.00	718.54
586.00	840.25
587.00	791.10
588.00	744.29
589.00	751.31
590.00	774.72
591.00	807.48
592.00	805.14
593.00	716.20
594.00	713.86
595.00	741.95
596.00	737.27
597.00	788.76
598.00	734.93
599.00	753.65
600.00	847.27
601.00	758.33
602.00	793.44
603.00	798.12
604.00	802.80
605.00	770.04
606.00	753.65
607.00	795.78
608.00	760.67
609.00	805.14
610.00	781.74
611.00	767.70
612.00	823.87
613.00	777.06
614.00	734.93
615.00	788.76
616.00	746.63
617.00	805.14
618.00	791.10
619.00	798.12
620.00	781.74
621.00	774.72
622.00	746.63
623.00	755.99
624.00	730.25
625.00	784.08
626.00	786.42
627.00	812.17
628.00	725.57
629.00	727.91
630.00	828.55
631.00	706.84
632.00	774.72
633.00	786.42
634.00	788.76
635.00	674.07
636.00	723.23
637.00	828.55
638.00	779.40
639.00	802.80
640.00	779.40
641.00	821.53
642.00	821.53
643.00	784.08
644.00	718.54
645.00	763.01
646.00	821.53
647.00	788.76
648.00	748.97
649.00	730.25
650.00	784.08
651.00	774.72
652.00	784.08
653.00	774.72
654.00	786.42
655.00	856.64
656.00	814.51
657.00	760.67
658.00	763.01
659.00	791.10
660.00	791.10
661.00	823.87
662.00	751.31
663.00	777.06
664.00	800.46
665.00	744.29
666.00	704.50
667.00	816.85
668.00	774.72
669.00	779.40
670.00	823.87
671.00	798.12
672.00	760.67
673.00	828.55
674.00	823.87
675.00	798.12
676.00	755.99
677.00	737.27
678.00	753.65
679.00	809.83
680.00	781.74
681.00	802.80
682.00	802.80
683.00	732.59
684.00	697.48
685.00	798.12
686.00	823.87
687.00	833.23
688.00	767.70
689.00	767.70
690.00	842.59
691.00	837.91
692.00	772.38
693.00	711.52
694.00	784.08
695.00	823.87
696.00	706.84
697.00	751.31
698.00	830.89
699.00	809.83
700.00	795.78
701.00	798.12
702.00	809.83
703.00	812.17
704.00	847.27
705.00	681.10
706.00	784.08
707.00	823.87
708.00	800.46
709.00	809.83
710.00	725.57
711.00	755.99
712.00	873.02
713.00	793.44
714.00	802.80
715.00	809.83
716.00	844.93
717.00	786.42
718.00	828.55
719.00	763.01
720.00	800.46
721.00	751.31
722.00	863.66
723.00	793.44
724.00	741.95
725.00	819.19
726.00	835.57
727.00	812.17
728.00	774.72
729.00	748.97
730.00	847.27
731.00	891.74
732.00	816.85
733.00	870.68
734.00	798.12
735.00	737.27
736.00	791.10
737.00	828.55
738.00	805.14
739.00	800.46
740.00	847.27
741.00	819.19
742.00	798.12
743.00	856.64
744.00	807.48
745.00	896.43
746.00	791.10
747.00	777.06
748.00	802.80
749.00	763.01
750.00	826.21
751.00	777.06
752.00	798.12
753.00	821.53
754.00	802.80
755.00	758.33
756.00	734.93
757.00	746.63
758.00	753.65
759.00	755.99
760.00	866.00
761.00	812.17
762.00	842.59
763.00	858.98
764.00	854.30
765.00	823.87
766.00	812.17
767.00	819.19
768.00	842.59
769.00	812.17
770.00	741.95
771.00	854.30
772.00	798.12
773.00	870.68
774.00	788.76
775.00	805.14
776.00	793.44
777.00	800.46
778.00	746.63
779.00	784.08
780.00	788.76
781.00	866.00
782.00	898.77
783.00	828.55
784.00	880.04
785.00	805.14
786.00	828.55
787.00	739.61
788.00	877.70
789.00	809.83
790.00	837.91
791.00	833.23
792.00	732.59
793.00	795.78
794.00	786.42
795.00	814.51
796.00	788.76
797.00	746.63
798.00	837.91
799.00	821.53
800.00	814.51
801.00	755.99
802.00	844.93
803.00	837.91
804.00	830.89
805.00	793.44
806.00	830.89
807.00	760.67
808.00	812.17
809.00	835.57
810.00	828.55
811.00	795.78
812.00	723.23
813.00	802.80
814.00	814.51
815.00	828.55
816.00	795.78
817.00	767.70
818.00	816.85
819.00	765.36
820.00	765.36
821.00	751.31
822.00	847.27
823.00	814.51
824.00	821.53
825.00	875.36
826.00	779.40
827.00	837.91
828.00	786.42
829.00	816.85
830.00	807.48
831.00	793.44
832.00	770.04
833.00	784.08
834.00	807.48
835.00	828.55
836.00	851.96
837.00	828.55
838.00	781.74
839.00	784.08
840.00	765.36
841.00	821.53
842.00	809.83
843.00	844.93
844.00	828.55
845.00	802.80
846.00	791.10
847.00	786.42
848.00	837.91
849.00	791.10
850.00	795.78
851.00	788.76
852.00	763.01
853.00	770.04
854.00	863.66
855.00	784.08
856.00	809.83
857.00	786.42
858.00	805.14
859.00	856.64
860.00	891.74
861.00	711.52
862.00	779.40
863.00	816.85
864.00	861.32
865.00	795.78
866.00	765.36
867.00	741.95
868.00	847.27
869.00	847.27
870.00	837.91
871.00	812.17
872.00	772.38
873.00	788.76
874.00	835.57
875.00	772.38
876.00	866.00
877.00	912.81
878.00	828.55
879.00	919.83
880.00	802.80
881.00	858.98
882.00	816.85
883.00	798.12
884.00	842.59
885.00	777.06
886.00	779.40
887.00	800.46
888.00	788.76
889.00	835.57
890.00	851.96
891.00	842.59
892.00	809.83
893.00	777.06
894.00	805.14
895.00	823.87
896.00	826.21
897.00	748.97
898.00	772.38
899.00	823.87
900.00	784.08
901.00	819.19
902.00	746.63
903.00	842.59
904.00	856.64
905.00	868.34
906.00	938.55
907.00	992.39
908.00	826.21
909.00	901.11
910.00	837.91
911.00	912.81
912.00	903.45
913.00	1015.79
914.00	912.81
915.00	917.49
916.00	880.04
917.00	882.38
918.00	943.24
919.00	819.19
920.00	861.32
921.00	833.23
922.00	889.40
923.00	856.64
924.00	840.25
925.00	894.08
926.00	805.14
927.00	779.40
928.00	767.70
929.00	882.38
930.00	828.55
931.00	849.61
932.00	847.27
933.00	854.30
934.00	755.99
935.00	847.27
936.00	823.87
937.00	882.38
938.00	884.72
939.00	842.59
940.00	905.79
941.00	861.32
942.00	851.96
943.00	884.72
944.00	809.83
945.00	802.80
946.00	1004.09
947.00	1533.05
948.00	1982.43
949.00	1879.45
950.00	1528.37
951.00	1238.14
952.00	1193.67
953.00	1104.73
954.00	903.45
955.00	884.72
956.00	816.85
957.00	823.87
958.00	863.66
959.00	784.08
960.00	784.08
961.00	821.53
962.00	873.02
963.00	819.19
964.00	837.91
965.00	767.70
966.00	777.06
967.00	809.83
968.00	770.04
969.00	802.80
970.00	887.06
971.00	826.21
972.00	868.34
973.00	823.87
974.00	695.14
975.00	805.14
976.00	809.83
977.00	821.53
978.00	781.74
979.00	779.40
980.00	884.72
981.00	908.13
982.00	802.80
983.00	835.57
984.00	837.91
985.00	802.80
986.00	812.17
987.00	763.01
988.00	805.14
989.00	819.19
990.00	854.30
991.00	849.61
992.00	786.42
993.00	777.06
994.00	767.70
995.00	851.96
996.00	830.89
997.00	849.61
998.00	798.12
999.00	781.74
1000.00	877.70
1001.00	894.08
1002.00	863.66
1003.00	793.44
1004.00	835.57
1005.00	765.36
1006.00	788.76
1007.00	781.74
1008.00	807.48
1009.00	795.78
1010.00	835.57
1011.00	866.00
1012.00	823.87
1013.00	840.25
1014.00	809.83
1015.00	821.53
1016.00	856.64
1017.00	950.26
1018.00	814.51
1019.00	844.93
1020.00	784.08
1021.00	833.23
1022.00	861.32
1023.00	788.76
1024.00	840.25
1025.00	844.93
1026.00	774.72
1027.00	795.78
1028.00	861.32
1029.00	816.85
1030.00	816.85
1031.00	880.04
1032.00	922.17
1033.00	816.85
1034.00	812.17
1035.00	828.55
1036.00	821.53
1037.00	805.14
1038.00	840.25
1039.00	716.20
1040.00	833.23
1041.00	744.29
1042.00	821.53
1043.00	826.21
1044.00	856.64
1045.00	807.48
1046.00	894.08
1047.00	903.45
1048.00	809.83
1049.00	861.32
1050.00	809.83
1051.00	741.95
1052.00	798.12
1053.00	837.91
1054.00	870.68
1055.00	788.76
1056.00	791.10
1057.00	812.17
1058.00	772.38
1059.00	837.91
1060.00	847.27
1061.00	816.85
1062.00	851.96
1063.00	828.55
1064.00	755.99
1065.00	770.04
1066.00	795.78
1067.00	833.23
1068.00	781.74
1069.00	732.59
1070.00	793.44
1071.00	821.53
1072.00	821.53
1073.00	828.55
1074.00	786.42
1075.00	828.55
1076.00	866.00
1077.00	849.61
1078.00	798.12
1079.00	788.76
1080.00	842.59
1081.00	791.10
1082.00	755.99
1083.00	718.54
1084.00	830.89
1085.00	837.91
1086.00	730.25
1087.00	823.87
1088.00	903.45
1089.00	777.06
1090.00	891.74
1091.00	814.51
1092.00	819.19
1093.00	807.48
1094.00	805.14
1095.00	851.96
1096.00	837.91
1097.00	779.40
1098.00	835.57
1099.00	868.34
1100.00	901.11
1101.00	821.53
1102.00	802.80
1103.00	858.98
1104.00	851.96
1105.00	793.44
1106.00	777.06
1107.00	854.30
1108.00	847.27
1109.00	800.46
1110.00	770.04
1111.00	807.48
1112.00	751.31
1113.00	777.06
1114.00	802.80
1115.00	777.06
1116.00	774.72
1117.00	833.23
1118.00	821.53
1119.00	826.21
1120.00	833.23
1121.00	882.38
1122.00	809.83
1123.00	795.78
1124.00	814.51
1125.00	753.65
1126.00	823.87
1127.00	847.27
1128.00	800.46
1129.00	777.06
1130.00	805.14
1131.00	884.72
1132.00	760.67
1133.00	856.64
1134.00	863.66
1135.00	791.10
1136.00	767.70
1137.00	854.30
1138.00	851.96
1139.00	727.91
1140.00	863.66
1141.00	866.00
1142.00	786.42
1143.00	828.55
1144.00	788.76
1145.00	833.23
1146.00	807.48
1147.00	809.83
1148.00	793.44
1149.00	833.23
1150.00	945.58
1151.00	809.83
1152.00	748.97
1153.00	826.21
1154.00	903.45
1155.00	823.87
1156.00	926.85
1157.00	784.08
1158.00	931.53
1159.00	947.92
1160.00	917.49
1161.00	866.00
1162.00	863.66
1163.00	821.53
1164.00	861.32
1165.00	933.87
1166.00	891.74
1167.00	1069.62
1168.00	1158.57
1169.00	1160.91
1170.00	1130.48
1171.00	1123.46
1172.00	999.41
1173.00	936.21
1174.00	884.72
1175.00	889.40
1176.00	866.00
1177.00	917.49
1178.00	828.55
1179.00	882.38
1180.00	819.19
1181.00	835.57
1182.00	844.93
1183.00	847.27
1184.00	919.83
1185.00	877.70
1186.00	800.46
1187.00	903.45
1188.00	875.36
1189.00	889.40
1190.00	905.79
1191.00	863.66
1192.00	997.07
1193.00	978.34
1194.00	952.60
1195.00	940.90
1196.00	873.02
1197.00	922.17
1198.00	971.32
1199.00	912.81
1200.00	931.53
1201.00	1039.20
1202.00	1048.56
1203.00	1146.86
1204.00	1114.10
1205.00	1020.47
1206.00	1081.33
1207.00	1050.90
1208.00	1086.01
1209.00	1053.24
1210.00	985.37
1211.00	1008.77
1212.00	1029.84
1213.00	1064.94
1214.00	1074.31
1215.00	1165.59
1216.00	1235.80
1217.00	1350.49
1218.00	1507.30
1219.00	1776.47
1220.00	3096.53
1221.00	16690.36
1222.00	47344.36
1223.00	62759.12
1224.00	62382.30
1225.00	53593.59
1226.00	39648.68
1227.00	29748.21
1228.00	24308.80
1229.00	17752.96
1230.00	8549.98
1231.00	3667.62
1232.00	2022.22
1233.00	1603.27
1234.00	1378.58
1235.00	1277.93
1236.00	1268.57
1237.00	1268.57
1238.00	1128.14
1239.00	1455.81
1240.00	3105.89
1241.00	5369.19
1242.00	6389.66
1243.00	5411.32
1244.00	4077.21
1245.00	3178.45
1246.00	2696.30
1247.00	2331.17
1248.00	1757.74
1249.00	1217.08
1250.00	1062.60
1251.00	887.06
1252.00	924.51
1253.00	1011.11
1254.00	983.02
1255.00	1041.54
1256.00	973.66
1257.00	1076.65
1258.00	1039.20
1259.00	1015.79
1260.00	1027.50
1261.00	1027.50
1262.00	964.30
1263.00	1048.56
1264.00	983.02
1265.00	877.70
1266.00	863.66
1267.00	873.02
1268.00	858.98
1269.00	887.06
1270.00	840.25
1271.00	887.06
1272.00	894.08
1273.00	896.43
1274.00	809.83
1275.00	887.06
1276.00	931.53
1277.00	959.62
1278.00	1039.20
1279.00	2228.19
1280.00	5771.76
1281.00	9687.48
1282.00	11056.69
1283.00	8493.80
1284.00	6253.91
1285.00	4770.01
1286.00	3875.93
1287.00	3248.66
1288.00	2083.08
1289.00	1334.11
1290.00	1053.24
1291.00	973.66
1292.00	1015.79
1293.00	940.90
1294.00	931.53
1295.00	973.66
1296.00	943.24
1297.00	950.26
1298.00	1008.77
1299.00	1556.46
1300.00	2321.81
1301.00	3084.83
1302.00	2799.28
1303.00	2335.85
1304.00	1849.02
1305.00	1614.97
1306.00	1483.90
1307.00	1345.81
1308.00	1013.45
1309.00	938.55
1310.00	990.05
1311.00	903.45
1312.00	835.57
1313.00	875.36
1314.00	880.04
1315.00	898.77
1316.00	826.21
1317.00	870.68
1318.00	889.40
1319.00	868.34
1320.00	791.10
1321.00	816.85
1322.00	786.42
1323.00	807.48
1324.00	891.74
1325.00	837.91
1326.00	814.51
1327.00	842.59
1328.00	793.44
1329.00	847.27
1330.00	826.21
1331.00	873.02
1332.00	863.66
1333.00	983.02
1334.00	1673.48
1335.00	2668.21
1336.00	3524.85
1337.00	3007.59
1338.00	2434.16
1339.00	1984.77
1340.00	1757.74
1341.00	1481.56
1342.00	1331.76
1343.00	1008.77
1344.00	896.43
1345.00	947.92
1346.00	840.25
1347.00	802.80
1348.00	851.96
1349.00	884.72
1350.00	933.87
1351.00	844.93
1352.00	917.49
1353.00	901.11
1354.00	903.45
1355.00	851.96
1356.00	828.55
1357.00	887.06
1358.00	945.58
1359.00	961.96
1360.00	933.87
1361.00	1086.01
1362.00	2143.93
1363.00	5275.57
1364.00	8592.11
1365.00	9116.39
1366.00	7082.46
1367.00	5205.35
1368.00	3936.78
1369.00	3396.12
1370.00	2740.77
1371.00	1823.28
1372.00	1240.48
1373.00	1071.97
1374.00	1109.41
1375.00	1219.42
1376.00	2745.45
1377.00	8079.53
1378.00	14134.50
1379.00	16678.66
1380.00	12615.49
1381.00	9181.92
1382.00	6640.10
1383.00	5476.85
1384.00	4297.22
1385.00	2579.27
1386.00	1565.82
1387.00	1132.82
1388.00	1036.86
1389.00	929.19
1390.00	1015.79
1391.00	964.30
1392.00	863.66
1393.00	964.30
1394.00	905.79
1395.00	945.58
1396.00	880.04
1397.00	940.90
1398.00	1121.12
1399.00	1280.27
1400.00	1226.44
1401.00	1256.87
1402.00	1181.97
1403.00	1118.78
1404.00	1137.50
1405.00	1165.59
1406.00	1977.75
1407.00	7843.14
1408.00	18274.90
1409.00	26913.82
1410.00	23557.49
1411.00	17200.60
1412.00	11964.82
1413.00	9217.03
1414.00	7501.42
1415.00	4844.91
1416.00	2595.65
1417.00	1589.22
1418.00	1149.20
1419.00	1191.33
1420.00	1842.00
1421.00	4077.21
1422.00	6511.37
1423.00	7054.37
1424.00	5483.88
1425.00	4077.21
1426.00	3145.68
1427.00	2527.78
1428.00	2195.42
1429.00	1556.46
1430.00	1048.56
1431.00	959.62
1432.00	973.66
1433.00	891.74
1434.00	933.87
1435.00	880.04
1436.00	945.58
1437.00	873.02
1438.00	861.32
1439.00	833.23
1440.00	809.83
1441.00	873.02
1442.00	922.17
1443.00	887.06
1444.00	880.04
1445.00	812.17
1446.00	833.23
1447.00	784.08
1448.00	924.51
1449.00	877.70
1450.00	828.55
1451.00	793.44
1452.00	842.59
1453.00	840.25
1454.00	964.30
1455.00	1280.27
1456.00	2422.45
1457.00	3808.05
1458.00	4629.58
1459.00	3805.71
1460.00	2930.35
1461.00	2270.32
1462.00	2036.27
1463.00	1717.95
1464.00	1263.89
1465.00	1020.47
1466.00	1032.18
1467.00	828.55
1468.00	887.06
1469.00	849.61
1470.00	816.85
1471.00	823.87
1472.00	880.04
1473.00	748.97
1474.00	791.10
1475.00	753.65
1476.00	830.89
1477.00	866.00
1478.00	912.81
1479.00	826.21
1480.00	849.61
1481.00	821.53
1482.00	849.61
1483.00	875.36
1484.00	903.45
1485.00	866.00
1486.00	807.48
1487.00	1191.33
1488.00	3325.90
1489.00	8580.40
1490.00	13607.87
1491.00	13486.17
1492.00	10188.35
1493.00	7279.07
1494.00	5444.09
1495.00	4355.74
1496.00	3323.56
1497.00	1961.37
1498.00	1198.35
1499.00	983.02
1500.00	945.58
1501.00	910.47
1502.00	880.04
1503.00	866.00
1504.00	887.06
1505.00	847.27
1506.00	889.40
1507.00	898.77
1508.00	905.79
1509.00	891.74
1510.00	868.34
1511.00	863.66
1512.00	903.45
1513.00	1149.20
1514.00	1977.75
1515.00	3234.62
1516.00	4182.54
1517.00	3508.46
1518.00	2686.94
1519.00	2143.93
1520.00	1832.64
1521.00	1612.63
1522.00	1277.93
1523.00	1057.92
1524.00	882.38
1525.00	819.19
1526.00	866.00
1527.00	887.06
1528.00	877.70
1529.00	868.34
1530.00	959.62
1531.00	950.26
1532.00	1111.75
1533.00	1935.62
1534.00	5001.72
1535.00	8648.28
1536.00	10310.06
1537.00	7896.97
1538.00	5612.60
1539.00	4269.14
1540.00	3485.06
1541.00	2836.73
1542.00	1846.68
1543.00	1233.46
1544.00	1081.33
1545.00	936.21
1546.00	840.25
1547.00	858.98
1548.00	816.85
1549.00	887.06
1550.00	950.26
1551.00	833.23
1552.00	908.13
1553.00	856.64
1554.00	922.17
1555.00	870.68
1556.00	873.02
1557.00	812.17
1558.00	924.51
1559.00	903.45
1560.00	877.70
1561.00	847.27
1562.00	980.68
1563.00	931.53
1564.00	1015.79
1565.00	1334.11
1566.00	4175.52
1567.00	10579.22
1568.00	17376.14
1569.00	17907.44
1570.00	12774.64
1571.00	9200.65
1572.00	6899.90
1573.00	5544.73
1574.00	3913.38
1575.00	2342.88
1576.00	1577.52
1577.00	1355.17
1578.00	1661.78
1579.00	5961.34
1580.00	16484.39
1581.00	27950.68
1582.00	29017.96
1583.00	20229.25
1584.00	14188.33
1585.00	10401.34
1586.00	8592.11
1587.00	5820.91
1588.00	3176.11
1589.00	1827.96
1590.00	1193.67
1591.00	1163.25
1592.00	1029.84
1593.00	929.19
1594.00	891.74
1595.00	917.49
1596.00	966.64
1597.00	826.21
1598.00	858.98
1599.00	802.80
1600.00	926.85
1601.00	828.55
1602.00	840.25
1603.00	784.08
1604.00	795.78
1605.00	887.06
1606.00	931.53
1607.00	877.70
1608.00	847.27
1609.00	779.40
1610.00	837.91
1611.00	840.25
1612.00	828.55
1613.00	816.85
1614.00	842.59
1615.00	807.48
1616.00	795.78
1617.00	835.57
1618.00	798.12
1619.00	798.12
1620.00	821.53
1621.00	793.44
1622.00	837.91
1623.00	795.78
1624.00	884.72
1625.00	800.46
1626.00	821.53
1627.00	791.10
1628.00	779.40
1629.00	823.87
1630.00	777.06
1631.00	777.06
1632.00	795.78
1633.00	779.40
1634.00	821.53
1635.00	905.79
1636.00	788.76
1637.00	812.17
1638.00	763.01
1639.00	823.87
1640.00	821.53
1641.00	842.59
1642.00	842.59
1643.00	870.68
1644.00	851.96
1645.00	898.77
1646.00	884.72
1647.00	901.11
1648.00	929.19
1649.00	1111.75
1650.00	2539.48
1651.00	6927.99
1652.00	12800.39
1653.00	15424.13
1654.00	12191.85
1655.00	8697.43
1656.00	6366.26
1657.00	4898.74
1658.00	3733.15
1659.00	2312.45
1660.00	1448.79
1661.00	1139.84
1662.00	1020.47
1663.00	931.53
1664.00	880.04
1665.00	903.45
1666.00	929.19
1667.00	919.83
1668.00	1203.04
1669.00	2518.42
1670.00	4428.29
1671.00	5638.35
1672.00	4868.31
1673.00	3789.33
1674.00	2892.90
1675.00	2377.98
1676.00	1849.02
1677.00	1380.92
1678.00	1095.37
1679.00	910.47
1680.00	802.80
1681.00	922.17
1682.00	851.96
1683.00	795.78
1684.00	826.21
1685.00	798.12
1686.00	814.51
1687.00	765.36
1688.00	772.38
1689.00	786.42
1690.00	786.42
1691.00	816.85
1692.00	856.64
1693.00	821.53
1694.00	814.51
1695.00	812.17
1696.00	788.76
1697.00	695.14
1698.00	884.72
1699.00	819.19
1700.00	741.95
1701.00	828.55
1702.00	861.32
1703.00	777.06
1704.00	819.19
1705.00	840.25
1706.00	784.08
1707.00	854.30
1708.00	760.67
1709.00	802.80
1710.00	791.10
1711.00	842.59
1712.00	798.12
1713.00	912.81
1714.00	1303.68
1715.00	3218.24
1716.00	5905.17
1717.00	7564.61
1718.00	6897.56
1719.00	5078.96
1720.00	3772.94
1721.00	3148.02
1722.00	2296.07
1723.00	1544.75
1724.00	1214.74
1725.00	952.60
1726.00	868.34
1727.00	786.42
1728.00	849.61
1729.00	816.85
1730.00	828.55
1731.00	823.87
1732.00	814.51
1733.00	819.19
1734.00	856.64
1735.00	877.70
1736.00	873.02
1737.00	788.76
1738.00	793.44
1739.00	692.80
1740.00	828.55
1741.00	800.46
1742.00	770.04
1743.00	753.65
1744.00	858.98
1745.00	781.74
1746.00	767.70
1747.00	873.02
1748.00	849.61
1749.00	840.25
1750.00	800.46
1751.00	739.61
1752.00	851.96
1753.00	809.83
1754.00	786.42
1755.00	814.51
1756.00	753.65
1757.00	774.72
1758.00	805.14
1759.00	863.66
1760.00	779.40
1761.00	786.42
1762.00	774.72
1763.00	863.66
1764.00	821.53
1765.00	833.23
1766.00	849.61
1767.00	905.79
1768.00	847.27
1769.00	1060.26
1770.00	2003.50
1771.00	5540.05
1772.00	10331.12
1773.00	13174.88
1774.00	11456.92
1775.00	8657.64
1776.00	6548.82
1777.00	4610.86
1778.00	3038.02
1779.00	1886.47
1780.00	1380.92
1781.00	1116.44
1782.00	961.96
1783.00	880.04
1784.00	889.40
1785.00	837.91
1786.00	856.64
1787.00	882.38
1788.00	823.87
1789.00	767.70
1790.00	814.51
1791.00	835.57
1792.00	833.23
1793.00	826.21
1794.00	835.57
1795.00	828.55
1796.00	812.17
1797.00	1050.90
1798.00	2195.42
1799.00	4709.16
1800.00	7705.04
1801.00	8669.34
1802.00	6647.12
1803.00	5373.87
1804.00	3658.26
1805.00	2527.78
1806.00	1734.34
1807.00	1317.72
1808.00	980.68
1809.00	933.87
1810.00	875.36
1811.00	807.48
1812.00	805.14
1813.00	833.23
1814.00	877.70
1815.00	786.42
1816.00	802.80
1817.00	777.06
1818.00	847.27
1819.00	795.78
1820.00	784.08
1821.00	884.72
1822.00	772.38
1823.00	779.40
1824.00	847.27
1825.00	758.33
1826.00	795.78
1827.00	877.70
1828.00	837.91
1829.00	781.74
1830.00	770.04
1831.00	814.51
1832.00	798.12
1833.00	816.85
1834.00	805.14
1835.00	784.08
1836.00	760.67
1837.00	763.01
1838.00	755.99
1839.00	812.17
1840.00	772.38
1841.00	791.10
1842.00	795.78
1843.00	830.89
1844.00	763.01
1845.00	727.91
1846.00	763.01
1847.00	758.33
1848.00	755.99
1849.00	760.67
1850.00	770.04
1851.00	765.36
1852.00	723.23
1853.00	784.08
1854.00	805.14
1855.00	779.40
1856.00	713.86
1857.00	800.46
1858.00	819.19
1859.00	748.97
1860.00	741.95
1861.00	793.44
1862.00	779.40
1863.00	716.20
1864.00	727.91
1865.00	732.59
1866.00	753.65
1867.00	763.01
1868.00	772.38
1869.00	791.10
1870.00	755.99
1871.00	788.76
1872.00	823.87
1873.00	767.70
1874.00	760.67
1875.00	784.08
1876.00	748.97
1877.00	720.88
1878.00	763.01
1879.00	770.04
1880.00	784.08
1881.00	760.67
1882.00	699.82
1883.00	732.59
1884.00	725.57
1885.00	770.04
1886.00	765.36
1887.00	809.83
1888.00	763.01
1889.00	634.29
1890.00	676.41
1891.00	704.50
1892.00	812.17
1893.00	798.12
1894.00	699.82
1895.00	751.31
1896.00	774.72
1897.00	770.04
1898.00	739.61
1899.00	723.23
1900.00	819.19
1901.00	753.65
1902.00	739.61
1903.00	774.72
1904.00	882.38
1905.00	748.97
1906.00	795.78
1907.00	763.01
1908.00	753.65
1909.00	816.85
1910.00	791.10
1911.00	798.12
1912.00	833.23
1913.00	821.53
1914.00	873.02
1915.00	763.01
1916.00	812.17
1917.00	678.76
1918.00	828.55
1919.00	812.17
1920.00	755.99
1921.00	805.14
1922.00	800.46
1923.00	826.21
1924.00	784.08
1925.00	758.33
1926.00	793.44
1927.00	758.33
1928.00	727.91
1929.00	697.48
1930.00	828.55
1931.00	763.01
1932.00	847.27
1933.00	725.57
1934.00	849.61
1935.00	718.54
1936.00	786.42
1937.00	866.00
1938.00	849.61
1939.00	741.95
1940.00	774.72
1941.00	763.01
1942.00	755.99
1943.00	814.51
1944.00	692.80
1945.00	795.78
1946.00	767.70
1947.00	751.31
1948.00	755.99
1949.00	723.23
1950.00	856.64
1951.00	863.66
1952.00	971.32
1953.00	2080.74
1954.00	4320.63
1955.00	6747.76
1956.00	7571.63
1957.00	5423.02
1958.00	3574.00
1959.00	2399.05
1960.00	1570.50
1961.00	1224.10
1962.00	1076.65
1963.00	922.17
1964.00	861.32
1965.00	840.25
1966.00	723.23
1967.00	823.87
1968.00	837.91
1969.00	713.86
1970.00	828.55
1971.00	800.46
1972.00	772.38
1973.00	751.31
1974.00	812.17
1975.00	720.88
1976.00	835.57
1977.00	760.67
1978.00	720.88
1979.00	791.10
1980.00	856.64
1981.00	1062.60
1982.00	1179.63
1983.00	1191.33
1984.00	1034.52
1985.00	961.96
1986.00	912.81
1987.00	814.51
1988.00	802.80
1989.00	765.36
1990.00	795.78
1991.00	739.61
1992.00	763.01
1993.00	781.74
1994.00	751.31
1995.00	737.27
1996.00	727.91
1997.00	760.67
1998.00	795.78
1999.00	823.87
2000.00	798.12
2001.00	748.97
2002.00	819.19
2003.00	837.91
2004.00	725.57
2005.00	877.70
2006.00	755.99
2007.00	739.61
2008.00	819.19
2009.00	744.29
2010.00	739.61
2011.00	795.78
2012.00	767.70
2013.00	720.88
2014.00	798.12
2015.00	781.74
2016.00	772.38
2017.00	748.97
2018.00	798.12
2019.00	784.08
2020.00	788.76
2021.00	814.51
2022.00	781.74
2023.00	777.06
2024.00	833.23
2025.00	1001.75
2026.00	1102.39
2027.00	1217.08
2028.00	1118.78
2029.00	1153.88
2030.00	2094.78
2031.00	5987.09
2032.00	11269.68
2033.00	14450.47
2034.00	12926.78
2035.00	8849.57
2036.00	5984.75
2037.00	3768.26
2038.00	2492.67
2039.00	1675.82
2040.00	1226.44
2041.00	1034.52
2042.00	964.30
2043.00	833.23
2044.00	809.83
2045.00	866.00
2046.00	844.93
2047.00	856.64
