0.00	690.46
1.00	690.46
2.00	690.46
3.00	622.58
4.00	573.43
5.00	585.13
6.00	573.43
7.00	521.94
8.00	528.96
9.00	566.41
10.00	479.81
11.00	510.24
12.00	585.13
13.00	596.84
14.00	559.39
15.00	517.26
16.00	470.45
17.00	606.20
18.00	645.99
19.00	571.09
20.00	622.58
21.00	601.52
22.00	624.92
23.00	622.58
24.00	648.33
25.00	688.12
26.00	641.31
27.00	671.73
28.00	713.86
29.00	720.88
30.00	720.88
31.00	697.48
32.00	699.82
33.00	608.54
34.00	751.31
35.00	779.40
36.00	758.33
37.00	676.41
38.00	664.71
39.00	741.95
40.00	706.84
41.00	706.84
42.00	758.33
43.00	763.01
44.00	755.99
45.00	798.12
46.00	777.06
47.00	713.86
48.00	704.50
49.00	793.44
50.00	709.18
51.00	737.27
52.00	788.76
53.00	772.38
54.00	730.25
55.00	763.01
56.00	770.04
57.00	774.72
58.00	812.17
59.00	702.16
60.00	713.86
61.00	730.25
62.00	739.61
63.00	814.51
64.00	688.12
65.00	706.84
66.00	788.76
67.00	697.48
68.00	720.88
69.00	683.44
70.00	690.46
71.00	716.20
72.00	774.72
73.00	716.20
74.00	657.69
75.00	697.48
76.00	676.41
77.00	741.95
78.00	751.31
79.00	744.29
80.00	779.40
81.00	732.59
82.00	725.57
83.00	730.25
84.00	674.07
85.00	758.33
86.00	699.82
87.00	734.93
88.00	755.99
89.00	739.61
90.00	709.18
91.00	763.01
92.00	770.04
93.00	723.23
94.00	741.95
95.00	734.93
96.00	718.54
97.00	779.40
98.00	730.25
99.00	816.85
100.00	807.48
101.00	711.52
102.00	674.07
103.00	784.08
104.00	739.61
105.00	732.59
106.00	709.18
107.00	716.20
108.00	793.44
109.00	751.31
110.00	758.33
111.00	716.20
112.00	739.61
113.00	739.61
114.00	664.71
115.00	753.65
116.00	683.44
117.00	699.82
118.00	711.52
119.00	685.78
120.00	793.44
121.00	809.83
122.00	777.06
123.00	739.61
124.00	709.18
125.00	744.29
126.00	667.05
127.00	734.93
128.00	744.29
129.00	683.44
130.00	734.93
131.00	739.61
132.00	779.40
133.00	688.12
134.00	711.52
135.00	718.54
136.00	758.33
137.00	692.80
138.00	730.25
139.00	688.12
140.00	713.86
141.00	655.35
142.00	732.59
143.00	706.84
144.00	814.51
145.00	765.36
146.00	828.55
147.00	713.86
148.00	814.51
149.00	746.63
150.00	821.53
151.00	884.72
152.00	741.95
153.00	643.65
154.00	718.54
155.00	795.78
156.00	746.63
157.00	730.25
158.00	753.65
159.00	699.82
160.00	674.07
161.00	711.52
162.00	730.25
163.00	770.04
164.00	805.14
165.00	734.93
166.00	737.27
167.00	739.61
168.00	716.20
169.00	734.93
170.00	718.54
171.00	697.48
172.00	702.16
173.00	741.95
174.00	805.14
175.00	739.61
176.00	781.74
177.00	821.53
178.00	727.91
179.00	737.27
180.00	795.78
181.00	763.01
182.00	713.86
183.00	751.31
184.00	716.20
185.00	767.70
186.00	650.67
187.00	751.31
188.00	713.86
189.00	807.48
190.00	753.65
191.00	737.27
192.00	720.88
193.00	734.93
194.00	716.20
195.00	706.84
196.00	760.67
197.00	791.10
198.00	751.31
199.00	741.95
200.00	770.04
201.00	755.99
202.00	763.01
203.00	753.65
204.00	692.80
205.00	741.95
206.00	741.95
207.00	718.54
208.00	781.74
209.00	809.83
210.00	755.99
211.00	723.23
212.00	723.23
213.00	730.25
214.00	765.36
215.00	702.16
216.00	723.23
217.00	748.97
218.00	760.67
219.00	807.48
220.00	772.38
221.00	697.48
222.00	718.54
223.00	784.08
224.00	744.29
225.00	697.48
226.00	772.38
227.00	676.41
228.00	671.73
229.00	697.48
230.00	746.63
231.00	713.86
232.00	760.67
233.00	692.80
234.00	732.59
235.00	805.14
236.00	718.54
237.00	725.57
238.00	727.91
239.00	798.12
240.00	741.95
241.00	730.25
242.00	772.38
243.00	802.80
244.00	711.52
245.00	755.99
246.00	755.99
247.00	739.61
248.00	772.38
249.00	744.29
250.00	800.46
251.00	791.10
252.00	788.76
253.00	711.52
254.00	674.07
255.00	751.31
256.00	777.06
257.00	767.70
258.00	770.04
259.00	795.78
260.00	760.67
261.00	805.14
262.00	709.18
263.00	737.27
264.00	770.04
265.00	786.42
266.00	767.70
267.00	795.78
268.00	807.48
269.00	837.91
270.00	755.99
271.00	903.45
272.00	863.66
273.00	826.21
274.00	716.20
275.00	763.01
276.00	823.87
277.00	828.55
278.00	748.97
279.00	779.40
280.00	826.21
281.00	772.38
282.00	727.91
283.00	720.88
284.00	793.44
285.00	770.04
286.00	777.06
287.00	772.38
288.00	760.67
289.00	737.27
290.00	833.23
291.00	758.33
292.00	739.61
293.00	748.97
294.00	732.59
295.00	758.33
296.00	725.57
297.00	748.97
298.00	748.97
299.00	772.38
300.00	807.48
301.00	720.88
302.00	819.19
303.00	704.50
304.00	744.29
305.00	706.84
306.00	770.04
307.00	732.59
308.00	763.01
309.00	844.93
310.00	814.51
311.00	858.98
312.00	727.91
313.00	821.53
314.00	765.36
315.00	725.57
316.00	765.36
317.00	678.76
318.00	732.59
319.00	706.84
320.00	791.10
321.00	739.61
322.00	755.99
323.00	786.42
324.00	784.08
325.00	758.33
326.00	725.57
327.00	816.85
328.00	695.14
329.00	748.97
330.00	809.83
331.00	784.08
332.00	819.19
333.00	767.70
334.00	748.97
335.00	753.65
336.00	739.61
337.00	744.29
338.00	734.93
339.00	734.93
340.00	706.84
341.00	734.93
342.00	765.36
343.00	812.17
344.00	734.93
345.00	793.44
346.00	802.80
347.00	758.33
348.00	835.57
349.00	882.38
350.00	835.57
351.00	849.61
352.00	844.93
353.00	758.33
354.00	739.61
355.00	734.93
356.00	730.25
357.00	788.76
358.00	702.16
359.00	746.63
360.00	760.67
361.00	777.06
362.00	758.33
363.00	779.40
364.00	727.91
365.00	720.88
366.00	798.12
367.00	746.63
368.00	777.06
369.00	699.82
370.00	765.36
371.00	713.86
372.00	727.91
373.00	807.48
374.00	800.46
375.00	725.57
376.00	800.46
377.00	744.29
378.00	725.57
379.00	744.29
380.00	746.63
381.00	802.80
382.00	751.31
383.00	784.08
384.00	690.46
385.00	746.63
386.00	760.67
387.00	781.74
388.00	664.71
389.00	763.01
390.00	725.57
391.00	767.70
392.00	791.10
393.00	727.91
394.00	814.51
395.00	770.04
396.00	763.01
397.00	772.38
398.00	828.55
399.00	713.86
400.00	734.93
401.00	727.91
402.00	816.85
403.00	744.29
404.00	697.48
405.00	772.38
406.00	812.17
407.00	805.14
408.00	791.10
409.00	734.93
410.00	809.83
411.00	786.42
412.00	779.40
413.00	767.70
414.00	727.91
415.00	802.80
416.00	826.21
417.00	826.21
418.00	793.44
419.00	725.57
420.00	706.84
421.00	777.06
422.00	774.72
423.00	725.57
424.00	844.93
425.00	758.33
426.00	812.17
427.00	809.83
428.00	765.36
429.00	753.65
430.00	791.10
431.00	772.38
432.00	739.61
433.00	770.04
434.00	734.93
435.00	781.74
436.00	767.70
437.00	678.76
438.00	802.80
439.00	772.38
440.00	760.67
441.00	770.04
442.00	758.33
443.00	770.04
444.00	823.87
445.00	807.48
446.00	744.29
447.00	748.97
448.00	741.95
449.00	758.33
450.00	786.42
451.00	760.67
452.00	781.74
453.00	816.85
454.00	751.31
455.00	821.53
456.00	788.76
457.00	812.17
458.00	812.17
459.00	774.72
460.00	739.61
461.00	720.88
462.00	786.42
463.00	788.76
464.00	737.27
465.00	725.57
466.00	723.23
467.00	777.06
468.00	718.54
469.00	753.65
470.00	779.40
471.00	779.40
472.00	765.36
473.00	835.57
474.00	704.50
475.00	725.57
476.00	751.31
477.00	786.42
478.00	688.12
479.00	779.40
480.00	802.80
481.00	777.06
482.00	791.10
483.00	779.40
484.00	791.10
485.00	795.78
486.00	753.65
487.00	732.59
488.00	681.10
489.00	727.91
490.00	770.04
491.00	805.14
492.00	706.84
493.00	772.38
494.00	760.67
495.00	784.08
496.00	748.97
497.00	737.27
498.00	819.19
499.00	779.40
500.00	760.67
501.00	741.95
502.00	805.14
503.00	746.63
504.00	725.57
505.00	765.36
506.00	788.76
507.00	868.34
508.00	725.57
509.00	802.80
510.00	744.29
511.00	709.18
512.00	737.27
513.00	751.31
514.00	751.31
515.00	933.87
516.00	732.59
517.00	802.80
518.00	823.87
519.00	851.96
520.00	774.72
521.00	887.06
522.00	755.99
523.00	814.51
524.00	727.91
525.00	854.30
526.00	744.29
527.00	713.86
528.00	795.78
529.00	880.04
530.00	763.01
531.00	734.93
532.00	760.67
533.00	772.38
534.00	777.06
535.00	786.42
536.00	833.23
537.00	767.70
538.00	793.44
539.00	697.48
540.00	826.21
541.00	711.52
542.00	662.37
543.00	748.97
544.00	765.36
545.00	739.61
546.00	699.82
547.00	826.21
548.00	755.99
549.00	730.25
550.00	741.95
551.00	765.36
552.00	788.76
553.00	847.27
554.00	856.64
555.00	837.91
556.00	772.38
557.00	704.50
558.00	753.65
559.00	767.70
560.00	795.78
561.00	641.31
562.00	760.67
563.00	692.80
564.00	821.53
565.00	791.10
566.00	753.65
567.00	765.36
568.00	767.70
569.00	720.88
570.00	802.80
571.00	791.10
572.00	788.76
573.00	870.68
574.00	716.20
575.00	763.01
576.00	744.29
577.00	732.59
578.00	770.04
579.00	763.01
580.00	741.95
581.00	812.17
582.00	784.08
583.00	744.29
584.00	760.67
585.00	753.65
586.00	699.82
587.00	786.42
588.00	760.67
589.00	786.42
590.00	805.14
591.00	777.06
592.00	793.44
593.00	760.67
594.00	741.95
595.00	755.99
596.00	744.29
597.00	798.12
598.00	746.63
599.00	779.40
600.00	755.99
601.00	784.08
602.00	798.12
603.00	741.95
604.00	732.59
605.00	791.10
606.00	676.41
607.00	744.29
608.00	716.20
609.00	779.40
610.00	695.14
611.00	758.33
612.00	753.65
613.00	774.72
614.00	795.78
615.00	711.52
616.00	793.44
617.00	760.67
618.00	765.36
619.00	786.42
620.00	791.10
621.00	828.55
622.00	837.91
623.00	702.16
624.00	765.36
625.00	734.93
626.00	826.21
627.00	767.70
628.00	753.65
629.00	763.01
630.00	809.83
631.00	823.87
632.00	791.10
633.00	741.95
634.00	795.78
635.00	758.33
636.00	720.88
637.00	788.76
638.00	753.65
639.00	805.14
640.00	805.14
641.00	802.80
642.00	772.38
643.00	830.89
644.00	763.01
645.00	709.18
646.00	833.23
647.00	828.55
648.00	777.06
649.00	777.06
650.00	793.44
651.00	844.93
652.00	786.42
653.00	837.91
654.00	702.16
655.00	840.25
656.00	805.14
657.00	952.60
658.00	830.89
659.00	692.80
660.00	779.40
661.00	819.19
662.00	777.06
663.00	791.10
664.00	849.61
665.00	821.53
666.00	809.83
667.00	779.40
668.00	873.02
669.00	784.08
670.00	767.70
671.00	746.63
672.00	751.31
673.00	774.72
674.00	821.53
675.00	779.40
676.00	861.32
677.00	751.31
678.00	718.54
679.00	772.38
680.00	847.27
681.00	805.14
682.00	816.85
683.00	805.14
684.00	802.80
685.00	784.08
686.00	809.83
687.00	816.85
688.00	842.59
689.00	833.23
690.00	734.93
691.00	809.83
692.00	802.80
693.00	809.83
694.00	741.95
695.00	802.80
696.00	828.55
697.00	842.59
698.00	777.06
699.00	809.83
700.00	807.48
701.00	739.61
702.00	821.53
703.00	866.00
704.00	802.80
705.00	685.78
706.00	812.17
707.00	819.19
708.00	837.91
709.00	875.36
710.00	849.61
711.00	751.31
712.00	910.47
713.00	791.10
714.00	788.76
715.00	819.19
716.00	856.64
717.00	805.14
718.00	746.63
719.00	760.67
720.00	784.08
721.00	833.23
722.00	772.38
723.00	833.23
724.00	809.83
725.00	830.89
726.00	748.97
727.00	851.96
728.00	849.61
729.00	781.74
730.00	861.32
731.00	828.55
732.00	814.51
733.00	835.57
734.00	765.36
735.00	863.66
736.00	802.80
737.00	823.87
738.00	844.93
739.00	856.64
740.00	858.98
741.00	830.89
742.00	809.83
743.00	837.91
744.00	795.78
745.00	849.61
746.00	912.81
747.00	842.59
748.00	858.98
749.00	887.06
750.00	772.38
751.00	847.27
752.00	821.53
753.00	854.30
754.00	781.74
755.00	851.96
756.00	725.57
757.00	793.44
758.00	877.70
759.00	765.36
760.00	814.51
761.00	856.64
762.00	807.48
763.00	840.25
764.00	821.53
765.00	802.80
766.00	816.85
767.00	779.40
768.00	861.32
769.00	847.27
770.00	807.48
771.00	744.29
772.00	844.93
773.00	837.91
774.00	809.83
775.00	751.31
776.00	800.46
777.00	774.72
778.00	765.36
779.00	837.91
780.00	891.74
781.00	854.30
782.00	868.34
783.00	912.81
784.00	875.36
785.00	816.85
786.00	847.27
787.00	830.89
788.00	748.97
789.00	800.46
790.00	812.17
791.00	816.85
792.00	795.78
793.00	809.83
794.00	774.72
795.00	856.64
796.00	767.70
797.00	809.83
798.00	807.48
799.00	854.30
800.00	898.77
801.00	844.93
802.00	793.44
803.00	793.44
804.00	858.98
805.00	798.12
806.00	835.57
807.00	781.74
808.00	805.14
809.00	821.53
810.00	805.14
811.00	870.68
812.00	741.95
813.00	777.06
814.00	837.91
815.00	840.25
816.00	770.04
817.00	802.80
818.00	816.85
819.00	786.42
820.00	800.46
821.00	807.48
822.00	795.78
823.00	905.79
824.00	798.12
825.00	814.51
826.00	868.34
827.00	767.70
828.00	774.72
829.00	833.23
830.00	851.96
831.00	912.81
832.00	788.76
833.00	781.74
834.00	835.57
835.00	814.51
836.00	760.67
837.00	870.68
838.00	856.64
839.00	763.01
840.00	849.61
841.00	798.12
842.00	819.19
843.00	816.85
844.00	807.48
845.00	791.10
846.00	840.25
847.00	795.78
848.00	833.23
849.00	770.04
850.00	837.91
851.00	877.70
852.00	840.25
853.00	812.17
854.00	849.61
855.00	858.98
856.00	858.98
857.00	777.06
858.00	870.68
859.00	809.83
860.00	805.14
861.00	802.80
862.00	844.93
863.00	833.23
864.00	887.06
865.00	828.55
866.00	779.40
867.00	767.70
868.00	755.99
869.00	819.19
870.00	800.46
871.00	835.57
872.00	882.38
873.00	889.40
874.00	880.04
875.00	772.38
876.00	896.43
877.00	830.89
878.00	781.74
879.00	807.48
880.00	805.14
881.00	842.59
882.00	828.55
883.00	882.38
884.00	866.00
885.00	837.91
886.00	821.53
887.00	812.17
888.00	866.00
889.00	774.72
890.00	800.46
891.00	842.59
892.00	788.76
893.00	823.87
894.00	781.74
895.00	819.19
896.00	842.59
897.00	795.78
898.00	809.83
899.00	880.04
900.00	828.55
901.00	868.34
902.00	837.91
903.00	774.72
904.00	833.23
905.00	856.64
906.00	912.81
907.00	961.96
908.00	931.53
909.00	868.34
910.00	910.47
911.00	922.17
912.00	938.55
913.00	1067.28
914.00	964.30
915.00	919.83
916.00	919.83
917.00	964.30
918.00	901.11
919.00	851.96
920.00	847.27
921.00	875.36
922.00	854.30
923.00	849.61
924.00	826.21
925.00	807.48
926.00	755.99
927.00	889.40
928.00	915.15
929.00	821.53
930.00	748.97
931.00	880.04
932.00	889.40
933.00	779.40
934.00	828.55
935.00	877.70
936.00	795.78
937.00	765.36
938.00	791.10
939.00	854.30
940.00	830.89
941.00	772.38
942.00	840.25
943.00	798.12
944.00	882.38
945.00	936.21
946.00	1144.52
947.00	1582.20
948.00	1905.20
949.00	1881.79
950.00	1577.52
951.00	1413.68
952.00	1242.82
953.00	1170.27
954.00	990.05
955.00	870.68
956.00	844.93
957.00	828.55
958.00	823.87
959.00	847.27
960.00	847.27
961.00	861.32
962.00	880.04
963.00	751.31
964.00	809.83
965.00	847.27
966.00	926.85
967.00	891.74
968.00	863.66
969.00	788.76
970.00	819.19
971.00	795.78
972.00	837.91
973.00	819.19
974.00	849.61
975.00	844.93
976.00	870.68
977.00	826.21
978.00	873.02
979.00	816.85
980.00	816.85
981.00	755.99
982.00	814.51
983.00	802.80
984.00	798.12
985.00	734.93
986.00	863.66
987.00	887.06
988.00	798.12
989.00	784.08
990.00	821.53
991.00	800.46
992.00	788.76
993.00	723.23
994.00	791.10
995.00	795.78
996.00	800.46
997.00	938.55
998.00	812.17
999.00	870.68
1000.00	816.85
1001.00	805.14
1002.00	828.55
1003.00	870.68
1004.00	725.57
1005.00	842.59
1006.00	821.53
1007.00	844.93
1008.00	882.38
1009.00	781.74
1010.00	840.25
1011.00	807.48
1012.00	814.51
1013.00	894.08
1014.00	774.72
1015.00	814.51
1016.00	819.19
1017.00	734.93
1018.00	887.06
1019.00	816.85
1020.00	863.66
1021.00	847.27
1022.00	767.70
1023.00	765.36
1024.00	807.48
1025.00	786.42
1026.00	819.19
1027.00	821.53
1028.00	786.42
1029.00	849.61
1030.00	837.91
1031.00	908.13
1032.00	819.19
1033.00	833.23
1034.00	861.32
1035.00	840.25
1036.00	816.85
1037.00	849.61
1038.00	791.10
1039.00	816.85
1040.00	875.36
1041.00	863.66
1042.00	830.89
1043.00	828.55
1044.00	835.57
1045.00	812.17
1046.00	847.27
1047.00	903.45
1048.00	849.61
1049.00	882.38
1050.00	922.17
1051.00	828.55
1052.00	741.95
1053.00	779.40
1054.00	727.91
1055.00	856.64
1056.00	823.87
1057.00	741.95
1058.00	814.51
1059.00	809.83
1060.00	812.17
1061.00	833.23
1062.00	784.08
1063.00	849.61
1064.00	791.10
1065.00	896.43
1066.00	842.59
1067.00	823.87
1068.00	828.55
1069.00	795.78
1070.00	751.31
1071.00	887.06
1072.00	835.57
1073.00	772.38
1074.00	807.48
1075.00	809.83
1076.00	819.19
1077.00	847.27
1078.00	781.74
1079.00	816.85
1080.00	851.96
1081.00	844.93
1082.00	849.61
1083.00	844.93
1084.00	826.21
1085.00	807.48
1086.00	802.80
1087.00	842.59
1088.00	828.55
1089.00	823.87
1090.00	866.00
1091.00	793.44
1092.00	826.21
1093.00	908.13
1094.00	753.65
1095.00	903.45
1096.00	814.51
1097.00	828.55
1098.00	772.38
1099.00	788.76
1100.00	837.91
1101.00	835.57
1102.00	842.59
1103.00	809.83
1104.00	856.64
1105.00	873.02
1106.00	905.79
1107.00	772.38
1108.00	851.96
1109.00	800.46
1110.00	828.55
1111.00	884.72
1112.00	833.23
1113.00	833.23
1114.00	877.70
1115.00	830.89
1116.00	812.17
1117.00	788.76
1118.00	823.87
1119.00	809.83
1120.00	858.98
1121.00	830.89
1122.00	866.00
1123.00	896.43
1124.00	823.87
1125.00	821.53
1126.00	819.19
1127.00	880.04
1128.00	737.27
1129.00	823.87
1130.00	777.06
1131.00	868.34
1132.00	875.36
1133.00	870.68
1134.00	812.17
1135.00	812.17
1136.00	910.47
1137.00	847.27
1138.00	833.23
1139.00	849.61
1140.00	837.91
1141.00	905.79
1142.00	821.53
1143.00	802.80
1144.00	779.40
1145.00	884.72
1146.00	891.74
1147.00	954.94
1148.00	861.32
1149.00	866.00
1150.00	807.48
1151.00	884.72
1152.00	849.61
1153.00	802.80
1154.00	830.89
1155.00	837.91
1156.00	917.49
1157.00	791.10
1158.00	947.92
1159.00	915.15
1160.00	910.47
1161.00	901.11
1162.00	917.49
1163.00	866.00
1164.00	952.60
1165.00	880.04
1166.00	945.58
1167.00	1088.35
1168.00	1226.44
1169.00	1289.64
1170.00	1193.67
1171.00	1034.52
1172.00	1041.54
1173.00	959.62
1174.00	966.64
1175.00	889.40
1176.00	903.45
1177.00	837.91
1178.00	877.70
1179.00	870.68
1180.00	917.49
1181.00	826.21
1182.00	894.08
1183.00	954.94
1184.00	905.79
1185.00	910.47
1186.00	884.72
1187.00	973.66
1188.00	880.04
1189.00	863.66
1190.00	873.02
1191.00	882.38
1192.00	985.37
1193.00	954.94
1194.00	990.05
1195.00	1015.79
1196.00	908.13
1197.00	957.28
1198.00	950.26
1199.00	891.74
1200.00	1036.86
1201.00	1067.28
1202.00	1174.95
1203.00	1167.93
1204.00	1146.86
1205.00	1088.35
1206.00	1151.54
1207.00	1062.60
1208.00	1050.90
1209.00	1078.99
1210.00	1088.35
1211.00	1123.46
1212.00	1081.33
1213.00	1118.78
1214.00	1104.73
1215.00	1256.87
1216.00	1259.21
1217.00	1483.90
1218.00	1692.21
1219.00	1816.26
1220.00	3328.24
1221.00	17930.84
1222.00	50377.69
1223.00	63894.28
1224.00	63454.26
1225.00	55384.10
1226.00	41773.88
1227.00	31192.32
1228.00	25729.51
1229.00	18466.83
1230.00	8854.25
1231.00	3719.11
1232.00	2136.91
1233.00	1596.25
1234.00	1479.22
1235.00	1371.55
1236.00	1313.04
1237.00	1226.44
1238.00	1086.01
1239.00	1568.16
1240.00	3152.70
1241.00	5603.24
1242.00	6743.08
1243.00	5493.24
1244.00	4423.61
1245.00	3293.13
1246.00	2867.16
1247.00	2520.76
1248.00	1935.62
1249.00	1132.82
1250.00	990.05
1251.00	997.07
1252.00	947.92
1253.00	1025.15
1254.00	1039.20
1255.00	1048.56
1256.00	1071.97
1257.00	1116.44
1258.00	1067.28
1259.00	1029.84
1260.00	929.19
1261.00	952.60
1262.00	966.64
1263.00	978.34
1264.00	926.85
1265.00	922.17
1266.00	950.26
1267.00	954.94
1268.00	943.24
1269.00	917.49
1270.00	943.24
1271.00	877.70
1272.00	896.43
1273.00	873.02
1274.00	851.96
1275.00	976.00
1276.00	978.34
1277.00	980.68
1278.00	1086.01
1279.00	2293.72
1280.00	6073.69
1281.00	10218.78
1282.00	11576.29
1283.00	8959.57
1284.00	6612.01
1285.00	4957.25
1286.00	4070.19
1287.00	3349.31
1288.00	2167.34
1289.00	1322.40
1290.00	1039.20
1291.00	1011.11
1292.00	961.96
1293.00	926.85
1294.00	1013.45
1295.00	985.37
1296.00	919.83
1297.00	898.77
1298.00	1018.13
1299.00	1586.88
1300.00	2534.80
1301.00	3194.83
1302.00	2986.52
1303.00	2406.07
1304.00	1888.81
1305.00	1650.08
1306.00	1472.20
1307.00	1345.81
1308.00	1050.90
1309.00	931.53
1310.00	929.19
1311.00	971.32
1312.00	866.00
1313.00	891.74
1314.00	924.51
1315.00	837.91
1316.00	889.40
1317.00	884.72
1318.00	903.45
1319.00	837.91
1320.00	849.61
1321.00	851.96
1322.00	828.55
1323.00	814.51
1324.00	809.83
1325.00	844.93
1326.00	788.76
1327.00	835.57
1328.00	849.61
1329.00	887.06
1330.00	868.34
1331.00	905.79
1332.00	933.87
1333.00	1015.79
1334.00	1757.74
1335.00	2792.26
1336.00	3410.16
1337.00	3045.04
1338.00	2516.08
1339.00	1998.82
1340.00	1790.51
1341.00	1514.33
1342.00	1203.04
1343.00	1053.24
1344.00	926.85
1345.00	868.34
1346.00	910.47
1347.00	884.72
1348.00	861.32
1349.00	856.64
1350.00	842.59
1351.00	854.30
1352.00	819.19
1353.00	894.08
1354.00	924.51
1355.00	880.04
1356.00	945.58
1357.00	952.60
1358.00	950.26
1359.00	971.32
1360.00	997.07
1361.00	1050.90
1362.00	2368.62
1363.00	5577.50
1364.00	9092.98
1365.00	9600.88
1366.00	7363.33
1367.00	5355.15
1368.00	4245.73
1369.00	3456.97
1370.00	2806.30
1371.00	1853.70
1372.00	1352.83
1373.00	1071.97
1374.00	1100.05
1375.00	1273.25
1376.00	2953.76
1377.00	8730.20
1378.00	15084.75
1379.00	17474.44
1380.00	13254.45
1381.00	9430.02
1382.00	7180.76
1383.00	5502.60
1384.00	4397.87
1385.00	2649.49
1386.00	1584.54
1387.00	1219.42
1388.00	1043.88
1389.00	961.96
1390.00	1095.37
1391.00	978.34
1392.00	933.87
1393.00	919.83
1394.00	924.51
1395.00	903.45
1396.00	922.17
1397.00	910.47
1398.00	1095.37
1399.00	1331.76
1400.00	1350.49
1401.00	1217.08
1402.00	1203.04
1403.00	1135.16
1404.00	1184.31
1405.00	1139.84
1406.00	2036.27
1407.00	8121.66
1408.00	19695.61
1409.00	28673.90
1410.00	25027.35
1411.00	17998.72
1412.00	12482.08
1413.00	9666.41
1414.00	7908.67
1415.00	5160.88
1416.00	2818.00
1417.00	1614.97
1418.00	1200.69
1419.00	1160.91
1420.00	1975.41
1421.00	4334.67
1422.00	7009.90
1423.00	7485.03
1424.00	5823.25
1425.00	4329.99
1426.00	3328.24
1427.00	2825.03
1428.00	2319.47
1429.00	1661.78
1430.00	1228.78
1431.00	966.64
1432.00	992.39
1433.00	924.51
1434.00	961.96
1435.00	968.98
1436.00	898.77
1437.00	952.60
1438.00	917.49
1439.00	950.26
1440.00	840.25
1441.00	887.06
1442.00	959.62
1443.00	882.38
1444.00	873.02
1445.00	854.30
1446.00	849.61
1447.00	842.59
1448.00	887.06
1449.00	842.59
1450.00	905.79
1451.00	887.06
1452.00	851.96
1453.00	915.15
1454.00	889.40
1455.00	1275.59
1456.00	2576.93
1457.00	4065.51
1458.00	4861.29
1459.00	4007.00
1460.00	3042.70
1461.00	2401.39
1462.00	1968.39
1463.00	1713.27
1464.00	1373.89
1465.00	1048.56
1466.00	1018.13
1467.00	835.57
1468.00	891.74
1469.00	882.38
1470.00	844.93
1471.00	870.68
1472.00	842.59
1473.00	866.00
1474.00	875.36
1475.00	882.38
1476.00	816.85
1477.00	826.21
1478.00	856.64
1479.00	858.98
1480.00	807.48
1481.00	894.08
1482.00	882.38
1483.00	896.43
1484.00	903.45
1485.00	926.85
1486.00	915.15
1487.00	1205.38
1488.00	3676.98
1489.00	9256.82
1490.00	14284.29
1491.00	14230.46
1492.00	10377.94
1493.00	7487.37
1494.00	5584.52
1495.00	4634.26
1496.00	3426.54
1497.00	2033.93
1498.00	1242.82
1499.00	1104.73
1500.00	985.37
1501.00	866.00
1502.00	877.70
1503.00	830.89
1504.00	798.12
1505.00	882.38
1506.00	858.98
1507.00	866.00
1508.00	851.96
1509.00	877.70
1510.00	814.51
1511.00	894.08
1512.00	861.32
1513.00	1086.01
1514.00	2094.78
1515.00	3541.23
1516.00	4234.03
1517.00	3658.26
1518.00	2796.94
1519.00	2232.87
1520.00	1900.52
1521.00	1619.65
1522.00	1263.89
1523.00	1074.31
1524.00	889.40
1525.00	828.55
1526.00	915.15
1527.00	861.32
1528.00	837.91
1529.00	924.51
1530.00	908.13
1531.00	938.55
1532.00	1104.73
1533.00	1961.37
1534.00	5198.33
1535.00	8987.66
1536.00	10607.31
1537.00	7990.59
1538.00	5778.78
1539.00	4414.25
1540.00	3709.75
1541.00	2871.84
1542.00	1902.86
1543.00	1287.29
1544.00	1013.45
1545.00	908.13
1546.00	894.08
1547.00	919.83
1548.00	910.47
1549.00	919.83
1550.00	915.15
1551.00	889.40
1552.00	849.61
1553.00	842.59
1554.00	908.13
1555.00	863.66
1556.00	858.98
1557.00	901.11
1558.00	816.85
1559.00	968.98
1560.00	931.53
1561.00	940.90
1562.00	983.02
1563.00	952.60
1564.00	1013.45
1565.00	1394.96
1566.00	4423.61
1567.00	11410.11
1568.00	18192.98
1569.00	18897.49
1570.00	13467.44
1571.00	9369.16
1572.00	7056.72
1573.00	6090.07
1574.00	4147.43
1575.00	2399.05
1576.00	1699.23
1577.00	1427.73
1578.00	1767.10
1579.00	6251.57
1580.00	17645.30
1581.00	28699.65
1582.00	29612.46
1583.00	21607.83
1584.00	15009.86
1585.00	11033.29
1586.00	8943.19
1587.00	6038.58
1588.00	3279.09
1589.00	1874.77
1590.00	1336.45
1591.00	1156.22
1592.00	987.71
1593.00	1004.09
1594.00	971.32
1595.00	844.93
1596.00	875.36
1597.00	938.55
1598.00	791.10
1599.00	891.74
1600.00	868.34
1601.00	898.77
1602.00	812.17
1603.00	844.93
1604.00	823.87
1605.00	880.04
1606.00	877.70
1607.00	877.70
1608.00	880.04
1609.00	882.38
1610.00	805.14
1611.00	821.53
1612.00	844.93
1613.00	844.93
1614.00	828.55
1615.00	791.10
1616.00	770.04
1617.00	835.57
1618.00	819.19
1619.00	861.32
1620.00	863.66
1621.00	812.17
1622.00	840.25
1623.00	795.78
1624.00	781.74
1625.00	851.96
1626.00	767.70
1627.00	819.19
1628.00	779.40
1629.00	837.91
1630.00	830.89
1631.00	795.78
1632.00	882.38
1633.00	851.96
1634.00	725.57
1635.00	800.46
1636.00	793.44
1637.00	819.19
1638.00	835.57
1639.00	854.30
1640.00	788.76
1641.00	716.20
1642.00	889.40
1643.00	849.61
1644.00	844.93
1645.00	866.00
1646.00	861.32
1647.00	863.66
1648.00	945.58
1649.00	1081.33
1650.00	2626.08
1651.00	7510.78
1652.00	13334.03
1653.00	16074.80
1654.00	12734.85
1655.00	9085.96
1656.00	6715.00
1657.00	5287.27
1658.00	3843.16
1659.00	2375.64
1660.00	1369.21
1661.00	1142.18
1662.00	1029.84
1663.00	887.06
1664.00	851.96
1665.00	828.55
1666.00	880.04
1667.00	954.94
1668.00	1299.00
1669.00	2796.94
1670.00	4678.73
1671.00	5839.64
1672.00	5142.16
1673.00	3777.62
1674.00	2995.89
1675.00	2375.64
1676.00	1937.96
1677.00	1451.13
1678.00	1107.07
1679.00	933.87
1680.00	809.83
1681.00	833.23
1682.00	702.16
1683.00	814.51
1684.00	788.76
1685.00	882.38
1686.00	842.59
1687.00	812.17
1688.00	751.31
1689.00	774.72
1690.00	830.89
1691.00	774.72
1692.00	882.38
1693.00	751.31
1694.00	795.78
1695.00	844.93
1696.00	793.44
1697.00	788.76
1698.00	786.42
1699.00	805.14
1700.00	814.51
1701.00	760.67
1702.00	826.21
1703.00	816.85
1704.00	826.21
1705.00	847.27
1706.00	814.51
1707.00	807.48
1708.00	807.48
1709.00	814.51
1710.00	837.91
1711.00	849.61
1712.00	905.79
1713.00	912.81
1714.00	1483.90
1715.00	3485.06
1716.00	6342.85
1717.00	7985.91
1718.00	7054.37
1719.00	5294.29
1720.00	3997.64
1721.00	3227.60
1722.00	2356.92
1723.00	1619.65
1724.00	1221.76
1725.00	1022.81
1726.00	873.02
1727.00	784.08
1728.00	828.55
1729.00	826.21
1730.00	809.83
1731.00	816.85
1732.00	795.78
1733.00	767.70
1734.00	816.85
1735.00	793.44
1736.00	788.76
1737.00	833.23
1738.00	795.78
1739.00	798.12
1740.00	800.46
1741.00	802.80
1742.00	856.64
1743.00	788.76
1744.00	795.78
1745.00	809.83
1746.00	809.83
1747.00	812.17
1748.00	814.51
1749.00	791.10
1750.00	847.27
1751.00	800.46
1752.00	826.21
1753.00	770.04
1754.00	805.14
1755.00	917.49
1756.00	835.57
1757.00	828.55
1758.00	856.64
1759.00	819.19
1760.00	821.53
1761.00	847.27
1762.00	833.23
1763.00	851.96
1764.00	812.17
1765.00	849.61
1766.00	877.70
1767.00	875.36
1768.00	903.45
1769.00	1081.33
1770.00	1982.43
1771.00	5722.61
1772.00	10726.68
1773.00	13834.91
1774.00	11864.18
1775.00	8781.69
1776.00	6387.32
1777.00	4709.16
1778.00	2981.84
1779.00	2045.63
1780.00	1392.62
1781.00	1118.78
1782.00	950.26
1783.00	959.62
1784.00	929.19
1785.00	863.66
1786.00	854.30
1787.00	828.55
1788.00	866.00
1789.00	858.98
1790.00	842.59
1791.00	812.17
1792.00	882.38
1793.00	866.00
1794.00	802.80
1795.00	833.23
1796.00	922.17
1797.00	1109.41
1798.00	2319.47
1799.00	5125.77
1800.00	7885.26
1801.00	8669.34
1802.00	6867.13
1803.00	5413.66
1804.00	3880.61
1805.00	2651.83
1806.00	1795.19
1807.00	1287.29
1808.00	1027.50
1809.00	922.17
1810.00	849.61
1811.00	842.59
1812.00	847.27
1813.00	903.45
1814.00	842.59
1815.00	786.42
1816.00	798.12
1817.00	844.93
1818.00	807.48
1819.00	858.98
1820.00	805.14
1821.00	695.14
1822.00	734.93
1823.00	800.46
1824.00	777.06
1825.00	833.23
1826.00	877.70
1827.00	884.72
1828.00	866.00
1829.00	837.91
1830.00	858.98
1831.00	786.42
1832.00	791.10
1833.00	814.51
1834.00	723.23
1835.00	774.72
1836.00	793.44
1837.00	816.85
1838.00	730.25
1839.00	755.99
1840.00	786.42
1841.00	770.04
1842.00	716.20
1843.00	823.87
1844.00	727.91
1845.00	730.25
1846.00	779.40
1847.00	772.38
1848.00	741.95
1849.00	856.64
1850.00	760.67
1851.00	683.44
1852.00	819.19
1853.00	798.12
1854.00	826.21
1855.00	746.63
1856.00	746.63
1857.00	734.93
1858.00	765.36
1859.00	805.14
1860.00	791.10
1861.00	777.06
1862.00	816.85
1863.00	758.33
1864.00	793.44
1865.00	781.74
1866.00	763.01
1867.00	753.65
1868.00	760.67
1869.00	763.01
1870.00	711.52
1871.00	779.40
1872.00	753.65
1873.00	793.44
1874.00	704.50
1875.00	774.72
1876.00	772.38
1877.00	734.93
1878.00	774.72
1879.00	786.42
1880.00	795.78
1881.00	774.72
1882.00	760.67
1883.00	805.14
1884.00	795.78
1885.00	739.61
1886.00	866.00
1887.00	730.25
1888.00	732.59
1889.00	788.76
1890.00	798.12
1891.00	730.25
1892.00	699.82
1893.00	823.87
1894.00	823.87
1895.00	784.08
1896.00	812.17
1897.00	758.33
1898.00	755.99
1899.00	727.91
1900.00	816.85
1901.00	774.72
1902.00	788.76
1903.00	774.72
1904.00	779.40
1905.00	704.50
1906.00	788.76
1907.00	711.52
1908.00	763.01
1909.00	784.08
1910.00	770.04
1911.00	882.38
1912.00	833.23
1913.00	837.91
1914.00	835.57
1915.00	765.36
1916.00	802.80
1917.00	814.51
1918.00	798.12
1919.00	821.53
1920.00	763.01
1921.00	730.25
1922.00	800.46
1923.00	784.08
1924.00	681.10
1925.00	812.17
1926.00	784.08
1927.00	770.04
1928.00	767.70
1929.00	837.91
1930.00	716.20
1931.00	816.85
1932.00	823.87
1933.00	788.76
1934.00	727.91
1935.00	734.93
1936.00	788.76
1937.00	823.87
1938.00	795.78
1939.00	795.78
1940.00	760.67
1941.00	744.29
1942.00	755.99
1943.00	774.72
1944.00	760.67
1945.00	784.08
1946.00	788.76
1947.00	795.78
1948.00	763.01
1949.00	851.96
1950.00	807.48
1951.00	830.89
1952.00	1011.11
1953.00	2207.13
1954.00	4650.64
1955.00	7028.63
1956.00	7693.34
1957.00	5472.17
1958.00	3662.94
1959.00	2438.84
1960.00	1610.29
1961.00	1308.36
1962.00	1034.52
1963.00	898.77
1964.00	821.53
1965.00	863.66
1966.00	828.55
1967.00	746.63
1968.00	681.10
1969.00	746.63
1970.00	741.95
1971.00	809.83
1972.00	781.74
1973.00	777.06
1974.00	837.91
1975.00	779.40
1976.00	830.89
1977.00	779.40
1978.00	697.48
1979.00	814.51
1980.00	828.55
1981.00	1090.69
1982.00	1228.78
1983.00	1249.85
1984.00	1046.22
1985.00	933.87
1986.00	840.25
1987.00	868.34
1988.00	819.19
1989.00	720.88
1990.00	788.76
1991.00	706.84
1992.00	781.74
1993.00	763.01
1994.00	779.40
1995.00	765.36
1996.00	774.72
1997.00	802.80
1998.00	777.06
1999.00	760.67
2000.00	763.01
2001.00	814.51
2002.00	819.19
2003.00	851.96
2004.00	788.76
2005.00	823.87
2006.00	805.14
2007.00	723.23
2008.00	741.95
2009.00	760.67
2010.00	770.04
2011.00	763.01
2012.00	798.12
2013.00	788.76
2014.00	753.65
2015.00	760.67
2016.00	767.70
2017.00	770.04
2018.00	763.01
2019.00	779.40
2020.00	741.95
2021.00	791.10
2022.00	821.53
2023.00	833.23
2024.00	844.93
2025.00	1125.80
2026.00	1186.65
2027.00	1233.46
2028.00	1118.78
2029.00	1179.63
2030.00	2258.62
2031.00	6179.01
2032.00	11426.50
2033.00	14705.59
2034.00	13490.85
2035.00	9172.56
2036.00	6108.80
2037.00	3868.91
2038.00	2506.71
2039.00	1771.79
2040.00	1256.87
2041.00	1018.13
2042.00	894.08
2043.00	830.89
2044.00	854.30
2045.00	781.74
2046.00	791.10
2047.00	814.51
