0.00	725.57
1.00	725.57
2.00	725.57
3.00	547.69
4.00	545.34
5.00	599.18
6.00	575.77
7.00	503.22
8.00	594.50
9.00	601.52
10.00	528.96
11.00	592.16
12.00	540.66
13.00	552.37
14.00	528.96
15.00	550.03
16.00	585.13
17.00	617.90
18.00	613.22
19.00	592.16
20.00	615.56
21.00	606.20
22.00	568.75
23.00	615.56
24.00	664.71
25.00	608.54
26.00	664.71
27.00	692.80
28.00	697.48
29.00	641.31
30.00	718.54
31.00	688.12
32.00	702.16
33.00	671.73
34.00	716.20
35.00	676.41
36.00	685.78
37.00	800.46
38.00	683.44
39.00	697.48
40.00	723.23
41.00	702.16
42.00	814.51
43.00	695.14
44.00	716.20
45.00	772.38
46.00	711.52
47.00	734.93
48.00	774.72
49.00	784.08
50.00	730.25
51.00	748.97
52.00	741.95
53.00	784.08
54.00	702.16
55.00	711.52
56.00	779.40
57.00	737.27
58.00	730.25
59.00	798.12
60.00	667.05
61.00	720.88
62.00	758.33
63.00	746.63
64.00	690.46
65.00	730.25
66.00	791.10
67.00	779.40
68.00	772.38
69.00	713.86
70.00	727.91
71.00	723.23
72.00	636.63
73.00	744.29
74.00	711.52
75.00	709.18
76.00	770.04
77.00	690.46
78.00	706.84
79.00	753.65
80.00	753.65
81.00	751.31
82.00	807.48
83.00	697.48
84.00	748.97
85.00	709.18
86.00	777.06
87.00	718.54
88.00	795.78
89.00	711.52
90.00	699.82
91.00	760.67
92.00	784.08
93.00	770.04
94.00	770.04
95.00	763.01
96.00	681.10
97.00	746.63
98.00	767.70
99.00	723.23
100.00	770.04
101.00	732.59
102.00	744.29
103.00	748.97
104.00	767.70
105.00	763.01
106.00	737.27
107.00	681.10
108.00	725.57
109.00	678.76
110.00	674.07
111.00	702.16
112.00	706.84
113.00	739.61
114.00	767.70
115.00	739.61
116.00	760.67
117.00	727.91
118.00	784.08
119.00	706.84
120.00	720.88
121.00	706.84
122.00	777.06
123.00	767.70
124.00	795.78
125.00	690.46
126.00	767.70
127.00	744.29
128.00	795.78
129.00	720.88
130.00	781.74
131.00	706.84
132.00	746.63
133.00	751.31
134.00	755.99
135.00	748.97
136.00	821.53
137.00	856.64
138.00	727.91
139.00	725.57
140.00	730.25
141.00	737.27
142.00	753.65
143.00	730.25
144.00	676.41
145.00	748.97
146.00	713.86
147.00	748.97
148.00	786.42
149.00	800.46
150.00	795.78
151.00	751.31
152.00	667.05
153.00	725.57
154.00	704.50
155.00	704.50
156.00	798.12
157.00	828.55
158.00	779.40
159.00	779.40
160.00	767.70
161.00	744.29
162.00	681.10
163.00	741.95
164.00	791.10
165.00	695.14
166.00	716.20
167.00	737.27
168.00	741.95
169.00	716.20
170.00	660.03
171.00	725.57
172.00	748.97
173.00	760.67
174.00	739.61
175.00	732.59
176.00	739.61
177.00	716.20
178.00	774.72
179.00	788.76
180.00	629.60
181.00	767.70
182.00	821.53
183.00	697.48
184.00	716.20
185.00	730.25
186.00	664.71
187.00	704.50
188.00	723.23
189.00	709.18
190.00	702.16
191.00	763.01
192.00	702.16
193.00	706.84
194.00	760.67
195.00	772.38
196.00	748.97
197.00	814.51
198.00	744.29
199.00	793.44
200.00	723.23
201.00	748.97
202.00	741.95
203.00	744.29
204.00	711.52
205.00	770.04
206.00	760.67
207.00	744.29
208.00	748.97
209.00	723.23
210.00	723.23
211.00	812.17
212.00	746.63
213.00	676.41
214.00	730.25
215.00	739.61
216.00	748.97
217.00	760.67
218.00	720.88
219.00	800.46
220.00	720.88
221.00	723.23
222.00	716.20
223.00	779.40
224.00	786.42
225.00	704.50
226.00	784.08
227.00	720.88
228.00	800.46
229.00	800.46
230.00	767.70
231.00	739.61
232.00	812.17
233.00	723.23
234.00	744.29
235.00	683.44
236.00	760.67
237.00	711.52
238.00	777.06
239.00	753.65
240.00	798.12
241.00	774.72
242.00	727.91
243.00	763.01
244.00	727.91
245.00	737.27
246.00	809.83
247.00	791.10
248.00	795.78
249.00	730.25
250.00	739.61
251.00	748.97
252.00	744.29
253.00	716.20
254.00	713.86
255.00	697.48
256.00	760.67
257.00	805.14
258.00	744.29
259.00	833.23
260.00	723.23
261.00	788.76
262.00	725.57
263.00	800.46
264.00	791.10
265.00	669.39
266.00	723.23
267.00	870.68
268.00	779.40
269.00	828.55
270.00	835.57
271.00	755.99
272.00	809.83
273.00	819.19
274.00	851.96
275.00	844.93
276.00	851.96
277.00	770.04
278.00	770.04
279.00	786.42
280.00	807.48
281.00	798.12
282.00	816.85
283.00	805.14
284.00	744.29
285.00	683.44
286.00	692.80
287.00	753.65
288.00	725.57
289.00	716.20
290.00	791.10
291.00	774.72
292.00	732.59
293.00	767.70
294.00	823.87
295.00	676.41
296.00	739.61
297.00	774.72
298.00	739.61
299.00	744.29
300.00	734.93
301.00	765.36
302.00	795.78
303.00	777.06
304.00	702.16
305.00	739.61
306.00	828.55
307.00	683.44
308.00	779.40
309.00	830.89
310.00	793.44
311.00	849.61
312.00	873.02
313.00	798.12
314.00	706.84
315.00	748.97
316.00	791.10
317.00	774.72
318.00	739.61
319.00	788.76
320.00	758.33
321.00	732.59
322.00	760.67
323.00	746.63
324.00	699.82
325.00	732.59
326.00	676.41
327.00	697.48
328.00	697.48
329.00	727.91
330.00	695.14
331.00	697.48
332.00	737.27
333.00	748.97
334.00	727.91
335.00	763.01
336.00	676.41
337.00	720.88
338.00	781.74
339.00	739.61
340.00	678.76
341.00	800.46
342.00	685.78
343.00	720.88
344.00	760.67
345.00	753.65
346.00	861.32
347.00	812.17
348.00	753.65
349.00	854.30
350.00	802.80
351.00	842.59
352.00	873.02
353.00	807.48
354.00	751.31
355.00	821.53
356.00	840.25
357.00	819.19
358.00	795.78
359.00	777.06
360.00	748.97
361.00	788.76
362.00	786.42
363.00	727.91
364.00	678.76
365.00	711.52
366.00	779.40
367.00	730.25
368.00	737.27
369.00	774.72
370.00	678.76
371.00	823.87
372.00	774.72
373.00	739.61
374.00	744.29
375.00	763.01
376.00	779.40
377.00	835.57
378.00	730.25
379.00	748.97
380.00	718.54
381.00	727.91
382.00	725.57
383.00	709.18
384.00	781.74
385.00	760.67
386.00	746.63
387.00	807.48
388.00	800.46
389.00	716.20
390.00	692.80
391.00	772.38
392.00	795.78
393.00	706.84
394.00	774.72
395.00	688.12
396.00	791.10
397.00	828.55
398.00	702.16
399.00	739.61
400.00	718.54
401.00	772.38
402.00	734.93
403.00	814.51
404.00	739.61
405.00	842.59
406.00	779.40
407.00	788.76
408.00	753.65
409.00	767.70
410.00	753.65
411.00	800.46
412.00	725.57
413.00	770.04
414.00	788.76
415.00	755.99
416.00	702.16
417.00	720.88
418.00	763.01
419.00	683.44
420.00	791.10
421.00	795.78
422.00	716.20
423.00	746.63
424.00	755.99
425.00	798.12
426.00	718.54
427.00	791.10
428.00	767.70
429.00	746.63
430.00	713.86
431.00	755.99
432.00	793.44
433.00	767.70
434.00	739.61
435.00	739.61
436.00	802.80
437.00	774.72
438.00	690.46
439.00	685.78
440.00	695.14
441.00	662.37
442.00	755.99
443.00	812.17
444.00	765.36
445.00	851.96
446.00	695.14
447.00	777.06
448.00	751.31
449.00	692.80
450.00	739.61
451.00	763.01
452.00	788.76
453.00	723.23
454.00	777.06
455.00	706.84
456.00	748.97
457.00	737.27
458.00	765.36
459.00	753.65
460.00	765.36
461.00	800.46
462.00	744.29
463.00	734.93
464.00	744.29
465.00	727.91
466.00	723.23
467.00	753.65
468.00	758.33
469.00	767.70
470.00	767.70
471.00	739.61
472.00	753.65
473.00	805.14
474.00	812.17
475.00	772.38
476.00	748.97
477.00	695.14
478.00	753.65
479.00	791.10
480.00	753.65
481.00	767.70
482.00	753.65
483.00	730.25
484.00	835.57
485.00	702.16
486.00	723.23
487.00	702.16
488.00	777.06
489.00	784.08
490.00	784.08
491.00	805.14
492.00	716.20
493.00	798.12
494.00	746.63
495.00	730.25
496.00	746.63
497.00	802.80
498.00	800.46
499.00	727.91
500.00	763.01
501.00	737.27
502.00	746.63
503.00	763.01
504.00	758.33
505.00	737.27
506.00	805.14
507.00	786.42
508.00	770.04
509.00	791.10
510.00	730.25
511.00	683.44
512.00	671.73
513.00	774.72
514.00	753.65
515.00	706.84
516.00	702.16
517.00	758.33
518.00	809.83
519.00	718.54
520.00	784.08
521.00	781.74
522.00	723.23
523.00	690.46
524.00	781.74
525.00	795.78
526.00	739.61
527.00	720.88
528.00	767.70
529.00	826.21
530.00	723.23
531.00	788.76
532.00	713.86
533.00	784.08
534.00	807.48
535.00	730.25
536.00	725.57
537.00	821.53
538.00	812.17
539.00	753.65
540.00	781.74
541.00	767.70
542.00	784.08
543.00	746.63
544.00	791.10
545.00	702.16
546.00	823.87
547.00	760.67
548.00	734.93
549.00	772.38
550.00	739.61
551.00	798.12
552.00	720.88
553.00	791.10
554.00	748.97
555.00	772.38
556.00	727.91
557.00	709.18
558.00	727.91
559.00	753.65
560.00	793.44
561.00	746.63
562.00	772.38
563.00	807.48
564.00	781.74
565.00	690.46
566.00	741.95
567.00	755.99
568.00	727.91
569.00	730.25
570.00	737.27
571.00	667.05
572.00	674.07
573.00	760.67
574.00	753.65
575.00	765.36
576.00	786.42
577.00	791.10
578.00	725.57
579.00	748.97
580.00	798.12
581.00	770.04
582.00	767.70
583.00	711.52
584.00	744.29
585.00	734.93
586.00	732.59
587.00	774.72
588.00	779.40
589.00	788.76
590.00	781.74
591.00	744.29
592.00	777.06
593.00	678.76
594.00	662.37
595.00	781.74
596.00	713.86
597.00	798.12
598.00	744.29
599.00	777.06
600.00	777.06
601.00	746.63
602.00	741.95
603.00	737.27
604.00	798.12
605.00	695.14
606.00	770.04
607.00	741.95
608.00	781.74
609.00	870.68
610.00	730.25
611.00	741.95
612.00	734.93
613.00	763.01
614.00	667.05
615.00	786.42
616.00	826.21
617.00	781.74
618.00	758.33
619.00	727.91
620.00	718.54
621.00	711.52
622.00	812.17
623.00	823.87
624.00	716.20
625.00	760.67
626.00	763.01
627.00	702.16
628.00	704.50
629.00	802.80
630.00	840.25
631.00	713.86
632.00	739.61
633.00	692.80
634.00	723.23
635.00	823.87
636.00	730.25
637.00	753.65
638.00	730.25
639.00	744.29
640.00	800.46
641.00	692.80
642.00	763.01
643.00	725.57
644.00	765.36
645.00	828.55
646.00	753.65
647.00	739.61
648.00	802.80
649.00	739.61
650.00	774.72
651.00	767.70
652.00	725.57
653.00	798.12
654.00	737.27
655.00	835.57
656.00	732.59
657.00	763.01
658.00	816.85
659.00	784.08
660.00	737.27
661.00	784.08
662.00	734.93
663.00	842.59
664.00	730.25
665.00	695.14
666.00	741.95
667.00	791.10
668.00	798.12
669.00	798.12
670.00	725.57
671.00	667.05
672.00	695.14
673.00	765.36
674.00	823.87
675.00	809.83
676.00	741.95
677.00	741.95
678.00	767.70
679.00	793.44
680.00	720.88
681.00	807.48
682.00	854.30
683.00	791.10
684.00	737.27
685.00	800.46
686.00	734.93
687.00	758.33
688.00	741.95
689.00	723.23
690.00	748.97
691.00	821.53
692.00	781.74
693.00	746.63
694.00	716.20
695.00	784.08
696.00	730.25
697.00	727.91
698.00	786.42
699.00	791.10
700.00	758.33
701.00	758.33
702.00	734.93
703.00	725.57
704.00	800.46
705.00	767.70
706.00	723.23
707.00	770.04
708.00	697.48
709.00	723.23
710.00	727.91
711.00	770.04
712.00	765.36
713.00	739.61
714.00	774.72
715.00	812.17
716.00	763.01
717.00	786.42
718.00	720.88
719.00	784.08
720.00	777.06
721.00	734.93
722.00	748.97
723.00	734.93
724.00	706.84
725.00	718.54
726.00	812.17
727.00	739.61
728.00	805.14
729.00	791.10
730.00	685.78
731.00	692.80
732.00	856.64
733.00	784.08
734.00	690.46
735.00	786.42
736.00	863.66
737.00	814.51
738.00	781.74
739.00	826.21
740.00	746.63
741.00	763.01
742.00	746.63
743.00	795.78
744.00	763.01
745.00	695.14
746.00	709.18
747.00	767.70
748.00	798.12
749.00	734.93
750.00	784.08
751.00	734.93
752.00	753.65
753.00	777.06
754.00	805.14
755.00	819.19
756.00	765.36
757.00	798.12
758.00	772.38
759.00	788.76
760.00	730.25
761.00	751.31
762.00	793.44
763.00	882.38
764.00	760.67
765.00	770.04
766.00	690.46
767.00	774.72
768.00	781.74
769.00	779.40
770.00	800.46
771.00	758.33
772.00	748.97
773.00	779.40
774.00	812.17
775.00	791.10
776.00	763.01
777.00	767.70
778.00	758.33
779.00	809.83
780.00	758.33
781.00	777.06
782.00	887.06
783.00	849.61
784.00	807.48
785.00	840.25
786.00	788.76
787.00	788.76
788.00	730.25
789.00	732.59
790.00	800.46
791.00	835.57
792.00	793.44
793.00	741.95
794.00	793.44
795.00	763.01
796.00	779.40
797.00	800.46
798.00	788.76
799.00	826.21
800.00	856.64
801.00	802.80
802.00	760.67
803.00	835.57
804.00	840.25
805.00	784.08
806.00	770.04
807.00	842.59
808.00	816.85
809.00	840.25
810.00	833.23
811.00	767.70
812.00	667.05
813.00	819.19
814.00	777.06
815.00	812.17
816.00	816.85
817.00	828.55
818.00	805.14
819.00	758.33
820.00	737.27
821.00	784.08
822.00	795.78
823.00	805.14
824.00	779.40
825.00	788.76
826.00	795.78
827.00	793.44
828.00	786.42
829.00	826.21
830.00	791.10
831.00	788.76
832.00	784.08
833.00	833.23
834.00	784.08
835.00	763.01
836.00	835.57
837.00	788.76
838.00	748.97
839.00	737.27
840.00	760.67
841.00	844.93
842.00	795.78
843.00	791.10
844.00	770.04
845.00	828.55
846.00	814.51
847.00	784.08
848.00	814.51
849.00	847.27
850.00	809.83
851.00	842.59
852.00	812.17
853.00	828.55
854.00	784.08
855.00	751.31
856.00	734.93
857.00	828.55
858.00	800.46
859.00	737.27
860.00	741.95
861.00	753.65
862.00	772.38
863.00	760.67
864.00	791.10
865.00	784.08
866.00	737.27
867.00	833.23
868.00	840.25
869.00	791.10
870.00	753.65
871.00	730.25
872.00	788.76
873.00	695.14
874.00	807.48
875.00	699.82
876.00	697.48
877.00	784.08
878.00	763.01
879.00	840.25
880.00	753.65
881.00	791.10
882.00	718.54
883.00	847.27
884.00	744.29
885.00	837.91
886.00	779.40
887.00	809.83
888.00	793.44
889.00	760.67
890.00	793.44
891.00	791.10
892.00	763.01
893.00	851.96
894.00	779.40
895.00	823.87
896.00	795.78
897.00	821.53
898.00	795.78
899.00	816.85
900.00	826.21
901.00	718.54
902.00	830.89
903.00	720.88
904.00	819.19
905.00	835.57
906.00	891.74
907.00	912.81
908.00	945.58
909.00	898.77
910.00	819.19
911.00	837.91
912.00	875.36
913.00	891.74
914.00	940.90
915.00	873.02
916.00	887.06
917.00	887.06
918.00	863.66
919.00	842.59
920.00	751.31
921.00	763.01
922.00	835.57
923.00	786.42
924.00	760.67
925.00	716.20
926.00	751.31
927.00	805.14
928.00	753.65
929.00	819.19
930.00	786.42
931.00	786.42
932.00	770.04
933.00	798.12
934.00	723.23
935.00	758.33
936.00	844.93
937.00	755.99
938.00	751.31
939.00	777.06
940.00	753.65
941.00	800.46
942.00	763.01
943.00	786.42
944.00	812.17
945.00	882.38
946.00	1062.60
947.00	1687.53
948.00	2141.59
949.00	2001.16
950.00	1535.39
951.00	1406.66
952.00	1284.95
953.00	1076.65
954.00	938.55
955.00	854.30
956.00	819.19
957.00	800.46
958.00	861.32
959.00	793.44
960.00	800.46
961.00	770.04
962.00	751.31
963.00	798.12
964.00	805.14
965.00	779.40
966.00	751.31
967.00	828.55
968.00	716.20
969.00	772.38
970.00	830.89
971.00	819.19
972.00	758.33
973.00	877.70
974.00	791.10
975.00	807.48
976.00	809.83
977.00	779.40
978.00	720.88
979.00	777.06
980.00	779.40
981.00	744.29
982.00	770.04
983.00	807.48
984.00	772.38
985.00	765.36
986.00	823.87
987.00	748.97
988.00	793.44
989.00	835.57
990.00	823.87
991.00	793.44
992.00	772.38
993.00	784.08
994.00	741.95
995.00	819.19
996.00	767.70
997.00	716.20
998.00	706.84
999.00	704.50
1000.00	781.74
1001.00	681.10
1002.00	702.16
1003.00	746.63
1004.00	791.10
1005.00	767.70
1006.00	844.93
1007.00	791.10
1008.00	809.83
1009.00	851.96
1010.00	854.30
1011.00	784.08
1012.00	758.33
1013.00	767.70
1014.00	760.67
1015.00	795.78
1016.00	791.10
1017.00	774.72
1018.00	737.27
1019.00	788.76
1020.00	737.27
1021.00	795.78
1022.00	718.54
1023.00	835.57
1024.00	763.01
1025.00	795.78
1026.00	784.08
1027.00	699.82
1028.00	737.27
1029.00	734.93
1030.00	737.27
1031.00	753.65
1032.00	802.80
1033.00	800.46
1034.00	739.61
1035.00	741.95
1036.00	800.46
1037.00	695.14
1038.00	779.40
1039.00	737.27
1040.00	809.83
1041.00	809.83
1042.00	791.10
1043.00	823.87
1044.00	786.42
1045.00	781.74
1046.00	929.19
1047.00	828.55
1048.00	816.85
1049.00	798.12
1050.00	788.76
1051.00	763.01
1052.00	819.19
1053.00	781.74
1054.00	772.38
1055.00	788.76
1056.00	758.33
1057.00	772.38
1058.00	755.99
1059.00	772.38
1060.00	702.16
1061.00	774.72
1062.00	763.01
1063.00	753.65
1064.00	727.91
1065.00	805.14
1066.00	819.19
1067.00	746.63
1068.00	795.78
1069.00	805.14
1070.00	795.78
1071.00	758.33
1072.00	758.33
1073.00	772.38
1074.00	711.52
1075.00	704.50
1076.00	781.74
1077.00	751.31
1078.00	767.70
1079.00	875.36
1080.00	784.08
1081.00	774.72
1082.00	800.46
1083.00	727.91
1084.00	791.10
1085.00	830.89
1086.00	800.46
1087.00	837.91
1088.00	798.12
1089.00	786.42
1090.00	781.74
1091.00	800.46
1092.00	751.31
1093.00	828.55
1094.00	777.06
1095.00	894.08
1096.00	814.51
1097.00	821.53
1098.00	842.59
1099.00	772.38
1100.00	716.20
1101.00	809.83
1102.00	861.32
1103.00	779.40
1104.00	814.51
1105.00	793.44
1106.00	875.36
1107.00	833.23
1108.00	840.25
1109.00	805.14
1110.00	828.55
1111.00	781.74
1112.00	805.14
1113.00	755.99
1114.00	734.93
1115.00	798.12
1116.00	795.78
1117.00	737.27
1118.00	734.93
1119.00	709.18
1120.00	807.48
1121.00	821.53
1122.00	772.38
1123.00	861.32
1124.00	784.08
1125.00	814.51
1126.00	821.53
1127.00	784.08
1128.00	812.17
1129.00	760.67
1130.00	734.93
1131.00	795.78
1132.00	816.85
1133.00	758.33
1134.00	805.14
1135.00	770.04
1136.00	765.36
1137.00	767.70
1138.00	800.46
1139.00	823.87
1140.00	830.89
1141.00	830.89
1142.00	770.04
1143.00	760.67
1144.00	830.89
1145.00	805.14
1146.00	753.65
1147.00	833.23
1148.00	737.27
1149.00	837.91
1150.00	767.70
1151.00	807.48
1152.00	760.67
1153.00	866.00
1154.00	798.12
1155.00	800.46
1156.00	805.14
1157.00	901.11
1158.00	851.96
1159.00	873.02
1160.00	908.13
1161.00	873.02
1162.00	835.57
1163.00	915.15
1164.00	910.47
1165.00	812.17
1166.00	898.77
1167.00	1064.94
1168.00	1254.53
1169.00	1240.48
1170.00	1144.52
1171.00	1008.77
1172.00	971.32
1173.00	985.37
1174.00	938.55
1175.00	837.91
1176.00	863.66
1177.00	924.51
1178.00	898.77
1179.00	760.67
1180.00	833.23
1181.00	823.87
1182.00	781.74
1183.00	793.44
1184.00	908.13
1185.00	863.66
1186.00	814.51
1187.00	800.46
1188.00	821.53
1189.00	821.53
1190.00	896.43
1191.00	826.21
1192.00	945.58
1193.00	877.70
1194.00	1020.47
1195.00	875.36
1196.00	896.43
1197.00	882.38
1198.00	933.87
1199.00	908.13
1200.00	947.92
1201.00	968.98
1202.00	1111.75
1203.00	1135.16
1204.00	1177.29
1205.00	1069.62
1206.00	1067.28
1207.00	1102.39
1208.00	1027.50
1209.00	1067.28
1210.00	1048.56
1211.00	1090.69
1212.00	1018.13
1213.00	1081.33
1214.00	1188.99
1215.00	1322.40
1216.00	1343.47
1217.00	1390.28
1218.00	1589.22
1219.00	1839.66
1220.00	3482.72
1221.00	19288.35
1222.00	52933.56
1223.00	65535.00
1224.00	65535.00
1225.00	58113.16
1226.00	45858.12
1227.00	34092.24
1228.00	28245.58
1229.00	20121.59
1230.00	9399.59
1231.00	3981.25
1232.00	2291.38
1233.00	1699.23
1234.00	1493.26
1235.00	1369.21
1236.00	1231.12
1237.00	1228.78
1238.00	1203.04
1239.00	1572.84
1240.00	3368.03
1241.00	5895.81
1242.00	7426.52
1243.00	6066.67
1244.00	4753.63
1245.00	3358.67
1246.00	2916.31
1247.00	2499.69
1248.00	1781.15
1249.00	1299.00
1250.00	1011.11
1251.00	863.66
1252.00	901.11
1253.00	1039.20
1254.00	1027.50
1255.00	1076.65
1256.00	1137.50
1257.00	1144.52
1258.00	1076.65
1259.00	929.19
1260.00	954.94
1261.00	1036.86
1262.00	1029.84
1263.00	929.19
1264.00	905.79
1265.00	858.98
1266.00	882.38
1267.00	844.93
1268.00	858.98
1269.00	894.08
1270.00	858.98
1271.00	966.64
1272.00	889.40
1273.00	842.59
1274.00	896.43
1275.00	882.38
1276.00	910.47
1277.00	933.87
1278.00	1029.84
1279.00	2408.41
1280.00	6384.98
1281.00	11218.19
1282.00	12732.51
1283.00	9839.61
1284.00	7220.55
1285.00	5303.65
1286.00	4428.29
1287.00	3700.39
1288.00	2282.02
1289.00	1406.66
1290.00	1025.15
1291.00	910.47
1292.00	910.47
1293.00	903.45
1294.00	1034.52
1295.00	931.53
1296.00	945.58
1297.00	861.32
1298.00	971.32
1299.00	1603.27
1300.00	2691.62
1301.00	3410.16
1302.00	3122.27
1303.00	2513.74
1304.00	1989.46
1305.00	1739.02
1306.00	1488.58
1307.00	1308.36
1308.00	1086.01
1309.00	964.30
1310.00	898.77
1311.00	870.68
1312.00	933.87
1313.00	868.34
1314.00	805.14
1315.00	880.04
1316.00	898.77
1317.00	774.72
1318.00	863.66
1319.00	840.25
1320.00	802.80
1321.00	812.17
1322.00	823.87
1323.00	828.55
1324.00	837.91
1325.00	851.96
1326.00	851.96
1327.00	798.12
1328.00	739.61
1329.00	847.27
1330.00	873.02
1331.00	828.55
1332.00	858.98
1333.00	950.26
1334.00	1757.74
1335.00	2932.69
1336.00	3812.73
1337.00	3318.88
1338.00	2544.16
1339.00	2115.84
1340.00	1809.23
1341.00	1589.22
1342.00	1320.06
1343.00	1018.13
1344.00	959.62
1345.00	821.53
1346.00	870.68
1347.00	830.89
1348.00	945.58
1349.00	861.32
1350.00	882.38
1351.00	849.61
1352.00	866.00
1353.00	837.91
1354.00	863.66
1355.00	922.17
1356.00	901.11
1357.00	919.83
1358.00	896.43
1359.00	875.36
1360.00	943.24
1361.00	1057.92
1362.00	2333.51
1363.00	6024.54
1364.00	9902.81
1365.00	10743.06
1366.00	8187.19
1367.00	5933.26
1368.00	4510.21
1369.00	3775.28
1370.00	3038.02
1371.00	1916.90
1372.00	1294.32
1373.00	1111.75
1374.00	1006.43
1375.00	1170.27
1376.00	3173.77
1377.00	9146.81
1378.00	16730.15
1379.00	19365.59
1380.00	14846.02
1381.00	10511.35
1382.00	7686.32
1383.00	6218.80
1384.00	4966.62
1385.00	2967.80
1386.00	1746.04
1387.00	1186.65
1388.00	1074.31
1389.00	1011.11
1390.00	976.00
1391.00	903.45
1392.00	940.90
1393.00	966.64
1394.00	929.19
1395.00	917.49
1396.00	896.43
1397.00	884.72
1398.00	1142.18
1399.00	1217.08
1400.00	1451.13
1401.00	1315.38
1402.00	1224.10
1403.00	1277.93
1404.00	1193.67
1405.00	1254.53
1406.00	2050.31
1407.00	8540.61
1408.00	21270.79
1409.00	31498.93
1410.00	28002.17
1411.00	20205.84
1412.00	13912.14
1413.00	10590.92
1414.00	8725.52
1415.00	5792.83
1416.00	2953.76
1417.00	1682.85
1418.00	1256.87
1419.00	1160.91
1420.00	1970.73
1421.00	4472.76
1422.00	7346.94
1423.00	8248.05
1424.00	6279.66
1425.00	4643.62
1426.00	3581.02
1427.00	2928.01
1428.00	2457.56
1429.00	1760.08
1430.00	1121.12
1431.00	1008.77
1432.00	866.00
1433.00	917.49
1434.00	887.06
1435.00	919.83
1436.00	917.49
1437.00	837.91
1438.00	784.08
1439.00	912.81
1440.00	863.66
1441.00	842.59
1442.00	875.36
1443.00	847.27
1444.00	861.32
1445.00	755.99
1446.00	772.38
1447.00	814.51
1448.00	833.23
1449.00	849.61
1450.00	866.00
1451.00	805.14
1452.00	877.70
1453.00	875.36
1454.00	917.49
1455.00	1242.82
1456.00	2583.95
1457.00	4400.21
1458.00	5296.63
1459.00	4447.02
1460.00	3365.69
1461.00	2513.74
1462.00	2008.18
1463.00	1724.97
1464.00	1366.87
1465.00	1060.26
1466.00	908.13
1467.00	830.89
1468.00	894.08
1469.00	800.46
1470.00	788.76
1471.00	877.70
1472.00	793.44
1473.00	863.66
1474.00	823.87
1475.00	889.40
1476.00	826.21
1477.00	828.55
1478.00	847.27
1479.00	863.66
1480.00	805.14
1481.00	870.68
1482.00	912.81
1483.00	856.64
1484.00	919.83
1485.00	847.27
1486.00	945.58
1487.00	1207.72
1488.00	3824.44
1489.00	9811.53
1490.00	15843.09
1491.00	15822.02
1492.00	11597.35
1493.00	8341.67
1494.00	5982.41
1495.00	4926.83
1496.00	3552.93
1497.00	2122.87
1498.00	1205.38
1499.00	1041.54
1500.00	910.47
1501.00	887.06
1502.00	889.40
1503.00	847.27
1504.00	781.74
1505.00	807.48
1506.00	837.91
1507.00	830.89
1508.00	830.89
1509.00	854.30
1510.00	814.51
1511.00	788.76
1512.00	908.13
1513.00	1109.41
1514.00	2200.10
1515.00	3826.78
1516.00	4819.16
1517.00	4035.08
1518.00	3068.44
1519.00	2349.90
1520.00	1944.99
1521.00	1813.92
1522.00	1401.98
1523.00	1034.52
1524.00	936.21
1525.00	840.25
1526.00	868.34
1527.00	844.93
1528.00	861.32
1529.00	915.15
1530.00	931.53
1531.00	1022.81
1532.00	1116.44
1533.00	2106.48
1534.00	5441.75
1535.00	10010.47
1536.00	11754.17
1537.00	9104.68
1538.00	6434.13
1539.00	4791.08
1540.00	3904.01
1541.00	3070.78
1542.00	2019.88
1543.00	1352.83
1544.00	1109.41
1545.00	929.19
1546.00	868.34
1547.00	837.91
1548.00	912.81
1549.00	915.15
1550.00	854.30
1551.00	889.40
1552.00	844.93
1553.00	877.70
1554.00	903.45
1555.00	931.53
1556.00	912.81
1557.00	945.58
1558.00	891.74
1559.00	882.38
1560.00	903.45
1561.00	947.92
1562.00	961.96
1563.00	1018.13
1564.00	1004.09
1565.00	1406.66
1566.00	4648.30
1567.00	12336.96
1568.00	20343.94
1569.00	21263.77
1570.00	14874.10
1571.00	10782.85
1572.00	7630.15
1573.00	6333.49
1574.00	4498.51
1575.00	2656.51
1576.00	1643.06
1577.00	1441.77
1578.00	1844.34
1579.00	6869.47
1580.00	18960.68
1581.00	32381.31
1582.00	33392.42
1583.00	23988.15
1584.00	16489.07
1585.00	12030.35
1586.00	9542.36
1587.00	6548.82
1588.00	3571.66
1589.00	1884.13
1590.00	1380.92
1591.00	1078.99
1592.00	987.71
1593.00	976.00
1594.00	968.98
1595.00	903.45
1596.00	919.83
1597.00	917.49
1598.00	896.43
1599.00	877.70
1600.00	898.77
1601.00	816.85
1602.00	807.48
1603.00	833.23
1604.00	777.06
1605.00	812.17
1606.00	840.25
1607.00	858.98
1608.00	826.21
1609.00	819.19
1610.00	844.93
1611.00	823.87
1612.00	823.87
1613.00	821.53
1614.00	823.87
1615.00	851.96
1616.00	802.80
1617.00	835.57
1618.00	767.70
1619.00	875.36
1620.00	793.44
1621.00	847.27
1622.00	802.80
1623.00	800.46
1624.00	755.99
1625.00	812.17
1626.00	798.12
1627.00	807.48
1628.00	748.97
1629.00	837.91
1630.00	830.89
1631.00	805.14
1632.00	819.19
1633.00	814.51
1634.00	770.04
1635.00	830.89
1636.00	781.74
1637.00	788.76
1638.00	826.21
1639.00	826.21
1640.00	805.14
1641.00	828.55
1642.00	866.00
1643.00	791.10
1644.00	819.19
1645.00	868.34
1646.00	851.96
1647.00	821.53
1648.00	891.74
1649.00	1132.82
1650.00	2780.56
1651.00	7995.27
1652.00	14644.73
1653.00	18101.70
1654.00	14115.77
1655.00	10047.92
1656.00	7241.62
1657.00	5671.12
1658.00	4294.88
1659.00	2478.63
1660.00	1568.16
1661.00	1102.39
1662.00	929.19
1663.00	922.17
1664.00	910.47
1665.00	882.38
1666.00	877.70
1667.00	891.74
1668.00	1203.04
1669.00	2738.43
1670.00	4877.68
1671.00	6476.26
1672.00	5680.48
1673.00	4229.35
1674.00	3208.87
1675.00	2466.92
1676.00	2136.91
1677.00	1460.49
1678.00	1116.44
1679.00	929.19
1680.00	830.89
1681.00	873.02
1682.00	842.59
1683.00	805.14
1684.00	812.17
1685.00	788.76
1686.00	777.06
1687.00	809.83
1688.00	772.38
1689.00	861.32
1690.00	758.33
1691.00	767.70
1692.00	816.85
1693.00	826.21
1694.00	816.85
1695.00	800.46
1696.00	755.99
1697.00	791.10
1698.00	767.70
1699.00	821.53
1700.00	791.10
1701.00	791.10
1702.00	854.30
1703.00	828.55
1704.00	821.53
1705.00	805.14
1706.00	786.42
1707.00	760.67
1708.00	730.25
1709.00	807.48
1710.00	866.00
1711.00	816.85
1712.00	884.72
1713.00	868.34
1714.00	1467.52
1715.00	3681.66
1716.00	6719.68
1717.00	8910.42
1718.00	7840.79
1719.00	5872.40
1720.00	4280.84
1721.00	3459.31
1722.00	2495.01
1723.00	1629.01
1724.00	1186.65
1725.00	1008.77
1726.00	915.15
1727.00	828.55
1728.00	791.10
1729.00	858.98
1730.00	840.25
1731.00	770.04
1732.00	791.10
1733.00	805.14
1734.00	777.06
1735.00	844.93
1736.00	777.06
1737.00	823.87
1738.00	847.27
1739.00	826.21
1740.00	788.76
1741.00	734.93
1742.00	798.12
1743.00	802.80
1744.00	709.18
1745.00	767.70
1746.00	739.61
1747.00	791.10
1748.00	805.14
1749.00	809.83
1750.00	849.61
1751.00	844.93
1752.00	793.44
1753.00	763.01
1754.00	821.53
1755.00	870.68
1756.00	849.61
1757.00	842.59
1758.00	798.12
1759.00	805.14
1760.00	828.55
1761.00	828.55
1762.00	851.96
1763.00	903.45
1764.00	840.25
1765.00	802.80
1766.00	835.57
1767.00	943.24
1768.00	884.72
1769.00	1041.54
1770.00	2132.23
1771.00	6260.93
1772.00	11637.14
1773.00	15651.16
1774.00	13469.78
1775.00	9809.19
1776.00	7323.54
1777.00	5277.91
1778.00	3403.14
1779.00	2097.12
1780.00	1423.05
1781.00	1116.44
1782.00	964.30
1783.00	924.51
1784.00	873.02
1785.00	837.91
1786.00	851.96
1787.00	847.27
1788.00	826.21
1789.00	770.04
1790.00	854.30
1791.00	849.61
1792.00	730.25
1793.00	788.76
1794.00	861.32
1795.00	837.91
1796.00	887.06
1797.00	1074.31
1798.00	2373.30
1799.00	5434.72
1800.00	8779.35
1801.00	9879.40
1802.00	7829.09
1803.00	5926.24
1804.00	4147.43
1805.00	2829.71
1806.00	1895.83
1807.00	1334.11
1808.00	1076.65
1809.00	936.21
1810.00	880.04
1811.00	842.59
1812.00	868.34
1813.00	816.85
1814.00	837.91
1815.00	772.38
1816.00	746.63
1817.00	772.38
1818.00	791.10
1819.00	704.50
1820.00	758.33
1821.00	765.36
1822.00	744.29
1823.00	723.23
1824.00	861.32
1825.00	823.87
1826.00	873.02
1827.00	870.68
1828.00	826.21
1829.00	858.98
1830.00	774.72
1831.00	830.89
1832.00	779.40
1833.00	833.23
1834.00	770.04
1835.00	748.97
1836.00	805.14
1837.00	847.27
1838.00	772.38
1839.00	802.80
1840.00	774.72
1841.00	770.04
1842.00	772.38
1843.00	873.02
1844.00	734.93
1845.00	795.78
1846.00	727.91
1847.00	788.76
1848.00	795.78
1849.00	734.93
1850.00	823.87
1851.00	748.97
1852.00	840.25
1853.00	727.91
1854.00	720.88
1855.00	760.67
1856.00	807.48
1857.00	791.10
1858.00	709.18
1859.00	765.36
1860.00	748.97
1861.00	748.97
1862.00	798.12
1863.00	781.74
1864.00	842.59
1865.00	751.31
1866.00	791.10
1867.00	840.25
1868.00	788.76
1869.00	772.38
1870.00	744.29
1871.00	730.25
1872.00	751.31
1873.00	805.14
1874.00	774.72
1875.00	748.97
1876.00	793.44
1877.00	777.06
1878.00	854.30
1879.00	765.36
1880.00	713.86
1881.00	788.76
1882.00	777.06
1883.00	821.53
1884.00	744.29
1885.00	767.70
1886.00	767.70
1887.00	774.72
1888.00	763.01
1889.00	774.72
1890.00	772.38
1891.00	795.78
1892.00	772.38
1893.00	800.46
1894.00	786.42
1895.00	734.93
1896.00	671.73
1897.00	704.50
1898.00	704.50
1899.00	748.97
1900.00	861.32
1901.00	851.96
1902.00	826.21
1903.00	751.31
1904.00	770.04
1905.00	685.78
1906.00	807.48
1907.00	774.72
1908.00	737.27
1909.00	779.40
1910.00	758.33
1911.00	798.12
1912.00	933.87
1913.00	887.06
1914.00	809.83
1915.00	805.14
1916.00	777.06
1917.00	772.38
1918.00	767.70
1919.00	770.04
1920.00	748.97
1921.00	739.61
1922.00	765.36
1923.00	793.44
1924.00	711.52
1925.00	753.65
1926.00	835.57
1927.00	737.27
1928.00	758.33
1929.00	814.51
1930.00	727.91
1931.00	767.70
1932.00	741.95
1933.00	777.06
1934.00	786.42
1935.00	781.74
1936.00	856.64
1937.00	758.33
1938.00	706.84
1939.00	779.40
1940.00	807.48
1941.00	704.50
1942.00	681.10
1943.00	713.86
1944.00	732.59
1945.00	781.74
1946.00	805.14
1947.00	732.59
1948.00	786.42
1949.00	812.17
1950.00	877.70
1951.00	919.83
1952.00	1090.69
1953.00	2284.36
1954.00	4954.91
1955.00	7871.22
1956.00	8784.03
1957.00	6338.17
1958.00	4065.51
1959.00	2523.10
1960.00	1877.11
1961.00	1397.30
1962.00	1062.60
1963.00	961.96
1964.00	896.43
1965.00	887.06
1966.00	805.14
1967.00	781.74
1968.00	758.33
1969.00	795.78
1970.00	758.33
1971.00	786.42
1972.00	847.27
1973.00	739.61
1974.00	774.72
1975.00	774.72
1976.00	704.50
1977.00	809.83
1978.00	809.83
1979.00	809.83
1980.00	842.59
1981.00	1125.80
1982.00	1214.74
1983.00	1203.04
1984.00	1090.69
1985.00	997.07
1986.00	873.02
1987.00	851.96
1988.00	858.98
1989.00	671.73
1990.00	727.91
1991.00	763.01
1992.00	786.42
1993.00	809.83
1994.00	823.87
1995.00	755.99
1996.00	744.29
1997.00	800.46
1998.00	753.65
1999.00	737.27
2000.00	777.06
2001.00	826.21
2002.00	863.66
2003.00	821.53
2004.00	781.74
2005.00	739.61
2006.00	805.14
2007.00	739.61
2008.00	786.42
2009.00	716.20
2010.00	805.14
2011.00	786.42
2012.00	713.86
2013.00	748.97
2014.00	823.87
2015.00	795.78
2016.00	706.84
2017.00	763.01
2018.00	751.31
2019.00	819.19
2020.00	772.38
2021.00	784.08
2022.00	767.70
2023.00	875.36
2024.00	774.72
2025.00	1039.20
2026.00	1203.04
2027.00	1245.16
2028.00	1245.16
2029.00	1247.51
2030.00	2487.99
2031.00	6672.87
2032.00	12599.10
2033.00	17050.80
2034.00	15440.51
2035.00	10352.19
2036.00	6841.39
2037.00	4222.33
2038.00	2759.49
2039.00	1790.51
2040.00	1249.85
2041.00	1062.60
2042.00	964.30
2043.00	976.00
2044.00	856.64
2045.00	816.85
2046.00	849.61
2047.00	802.80
