0.00	667.05
1.00	667.05
2.00	667.05
3.00	587.47
4.00	554.71
5.00	566.41
6.00	505.56
7.00	545.34
8.00	610.88
9.00	531.30
10.00	493.85
11.00	557.05
12.00	603.86
13.00	561.73
14.00	582.79
15.00	589.82
16.00	610.88
17.00	578.11
18.00	610.88
19.00	582.79
20.00	589.82
21.00	566.41
22.00	594.50
23.00	596.84
24.00	746.63
25.00	706.84
26.00	681.10
27.00	706.84
28.00	732.59
29.00	713.86
30.00	702.16
31.00	683.44
32.00	709.18
33.00	716.20
34.00	664.71
35.00	720.88
36.00	774.72
37.00	744.29
38.00	746.63
39.00	706.84
40.00	706.84
41.00	655.35
42.00	760.67
43.00	748.97
44.00	734.93
45.00	697.48
46.00	671.73
47.00	744.29
48.00	674.07
49.00	660.03
50.00	784.08
51.00	772.38
52.00	798.12
53.00	791.10
54.00	706.84
55.00	718.54
56.00	788.76
57.00	711.52
58.00	779.40
59.00	812.17
60.00	737.27
61.00	763.01
62.00	730.25
63.00	699.82
64.00	744.29
65.00	702.16
66.00	763.01
67.00	681.10
68.00	683.44
69.00	751.31
70.00	772.38
71.00	690.46
72.00	741.95
73.00	758.33
74.00	725.57
75.00	723.23
76.00	765.36
77.00	777.06
78.00	765.36
79.00	748.97
80.00	781.74
81.00	718.54
82.00	716.20
83.00	695.14
84.00	727.91
85.00	730.25
86.00	763.01
87.00	734.93
88.00	741.95
89.00	779.40
90.00	688.12
91.00	758.33
92.00	734.93
93.00	788.76
94.00	690.46
95.00	716.20
96.00	690.46
97.00	706.84
98.00	699.82
99.00	725.57
100.00	702.16
101.00	695.14
102.00	772.38
103.00	702.16
104.00	800.46
105.00	685.78
106.00	730.25
107.00	734.93
108.00	751.31
109.00	758.33
110.00	760.67
111.00	777.06
112.00	781.74
113.00	748.97
114.00	723.23
115.00	716.20
116.00	685.78
117.00	706.84
118.00	734.93
119.00	697.48
120.00	730.25
121.00	725.57
122.00	767.70
123.00	732.59
124.00	716.20
125.00	725.57
126.00	746.63
127.00	688.12
128.00	760.67
129.00	734.93
130.00	748.97
131.00	699.82
132.00	763.01
133.00	755.99
134.00	716.20
135.00	746.63
136.00	725.57
137.00	781.74
138.00	741.95
139.00	716.20
140.00	777.06
141.00	730.25
142.00	737.27
143.00	741.95
144.00	730.25
145.00	732.59
146.00	777.06
147.00	739.61
148.00	788.76
149.00	807.48
150.00	758.33
151.00	741.95
152.00	805.14
153.00	821.53
154.00	702.16
155.00	784.08
156.00	774.72
157.00	781.74
158.00	744.29
159.00	744.29
160.00	711.52
161.00	753.65
162.00	760.67
163.00	795.78
164.00	713.86
165.00	723.23
166.00	744.29
167.00	739.61
168.00	748.97
169.00	753.65
170.00	741.95
171.00	730.25
172.00	744.29
173.00	781.74
174.00	793.44
175.00	760.67
176.00	709.18
177.00	744.29
178.00	760.67
179.00	688.12
180.00	662.37
181.00	732.59
182.00	730.25
183.00	760.67
184.00	720.88
185.00	704.50
186.00	727.91
187.00	737.27
188.00	699.82
189.00	734.93
190.00	786.42
191.00	748.97
192.00	730.25
193.00	713.86
194.00	784.08
195.00	748.97
196.00	800.46
197.00	732.59
198.00	798.12
199.00	760.67
200.00	777.06
201.00	767.70
202.00	800.46
203.00	730.25
204.00	772.38
205.00	711.52
206.00	697.48
207.00	755.99
208.00	800.46
209.00	709.18
210.00	781.74
211.00	739.61
212.00	777.06
213.00	755.99
214.00	777.06
215.00	755.99
216.00	772.38
217.00	758.33
218.00	777.06
219.00	774.72
220.00	816.85
221.00	695.14
222.00	760.67
223.00	802.80
224.00	772.38
225.00	732.59
226.00	648.33
227.00	751.31
228.00	760.67
229.00	763.01
230.00	751.31
231.00	671.73
232.00	793.44
233.00	706.84
234.00	683.44
235.00	751.31
236.00	711.52
237.00	730.25
238.00	800.46
239.00	737.27
240.00	765.36
241.00	758.33
242.00	741.95
243.00	713.86
244.00	695.14
245.00	734.93
246.00	793.44
247.00	788.76
248.00	791.10
249.00	767.70
250.00	676.41
251.00	767.70
252.00	758.33
253.00	753.65
254.00	737.27
255.00	779.40
256.00	828.55
257.00	812.17
258.00	702.16
259.00	779.40
260.00	744.29
261.00	760.67
262.00	751.31
263.00	746.63
264.00	765.36
265.00	746.63
266.00	784.08
267.00	744.29
268.00	814.51
269.00	835.57
270.00	807.48
271.00	812.17
272.00	814.51
273.00	842.59
274.00	805.14
275.00	746.63
276.00	823.87
277.00	807.48
278.00	809.83
279.00	753.65
280.00	725.57
281.00	858.98
282.00	777.06
283.00	706.84
284.00	786.42
285.00	704.50
286.00	781.74
287.00	716.20
288.00	734.93
289.00	784.08
290.00	734.93
291.00	772.38
292.00	744.29
293.00	842.59
294.00	695.14
295.00	777.06
296.00	741.95
297.00	739.61
298.00	840.25
299.00	774.72
300.00	828.55
301.00	737.27
302.00	720.88
303.00	784.08
304.00	779.40
305.00	751.31
306.00	765.36
307.00	791.10
308.00	723.23
309.00	809.83
310.00	880.04
311.00	734.93
312.00	837.91
313.00	777.06
314.00	741.95
315.00	704.50
316.00	770.04
317.00	880.04
318.00	784.08
319.00	760.67
320.00	851.96
321.00	744.29
322.00	765.36
323.00	718.54
324.00	699.82
325.00	753.65
326.00	734.93
327.00	751.31
328.00	781.74
329.00	739.61
330.00	788.76
331.00	800.46
332.00	823.87
333.00	732.59
334.00	725.57
335.00	763.01
336.00	777.06
337.00	725.57
338.00	760.67
339.00	741.95
340.00	781.74
341.00	741.95
342.00	774.72
343.00	709.18
344.00	727.91
345.00	800.46
346.00	807.48
347.00	770.04
348.00	847.27
349.00	912.81
350.00	877.70
351.00	805.14
352.00	753.65
353.00	758.33
354.00	795.78
355.00	823.87
356.00	772.38
357.00	772.38
358.00	774.72
359.00	760.67
360.00	777.06
361.00	781.74
362.00	788.76
363.00	763.01
364.00	767.70
365.00	716.20
366.00	795.78
367.00	784.08
368.00	767.70
369.00	697.48
370.00	755.99
371.00	819.19
372.00	748.97
373.00	706.84
374.00	690.46
375.00	802.80
376.00	753.65
377.00	763.01
378.00	709.18
379.00	758.33
380.00	727.91
381.00	732.59
382.00	718.54
383.00	800.46
384.00	765.36
385.00	770.04
386.00	716.20
387.00	704.50
388.00	676.41
389.00	741.95
390.00	772.38
391.00	763.01
392.00	737.27
393.00	737.27
394.00	725.57
395.00	753.65
396.00	767.70
397.00	788.76
398.00	748.97
399.00	758.33
400.00	699.82
401.00	777.06
402.00	688.12
403.00	777.06
404.00	704.50
405.00	779.40
406.00	795.78
407.00	791.10
408.00	758.33
409.00	732.59
410.00	770.04
411.00	657.69
412.00	777.06
413.00	727.91
414.00	723.23
415.00	716.20
416.00	716.20
417.00	755.99
418.00	741.95
419.00	786.42
420.00	748.97
421.00	774.72
422.00	772.38
423.00	748.97
424.00	678.76
425.00	795.78
426.00	844.93
427.00	744.29
428.00	760.67
429.00	763.01
430.00	753.65
431.00	706.84
432.00	690.46
433.00	727.91
434.00	809.83
435.00	730.25
436.00	734.93
437.00	826.21
438.00	692.80
439.00	716.20
440.00	786.42
441.00	760.67
442.00	748.97
443.00	819.19
444.00	755.99
445.00	770.04
446.00	753.65
447.00	826.21
448.00	765.36
449.00	788.76
450.00	685.78
451.00	737.27
452.00	835.57
453.00	732.59
454.00	779.40
455.00	791.10
456.00	807.48
457.00	784.08
458.00	784.08
459.00	730.25
460.00	772.38
461.00	732.59
462.00	688.12
463.00	732.59
464.00	802.80
465.00	732.59
466.00	767.70
467.00	795.78
468.00	755.99
469.00	814.51
470.00	791.10
471.00	746.63
472.00	772.38
473.00	863.66
474.00	739.61
475.00	732.59
476.00	692.80
477.00	748.97
478.00	755.99
479.00	777.06
480.00	777.06
481.00	739.61
482.00	753.65
483.00	842.59
484.00	702.16
485.00	734.93
486.00	802.80
487.00	732.59
488.00	671.73
489.00	863.66
490.00	868.34
491.00	777.06
492.00	751.31
493.00	802.80
494.00	805.14
495.00	793.44
496.00	781.74
497.00	711.52
498.00	716.20
499.00	713.86
500.00	779.40
501.00	739.61
502.00	793.44
503.00	720.88
504.00	734.93
505.00	770.04
506.00	767.70
507.00	793.44
508.00	720.88
509.00	767.70
510.00	802.80
511.00	751.31
512.00	765.36
513.00	774.72
514.00	755.99
515.00	732.59
516.00	751.31
517.00	760.67
518.00	781.74
519.00	737.27
520.00	727.91
521.00	690.46
522.00	718.54
523.00	777.06
524.00	830.89
525.00	805.14
526.00	798.12
527.00	718.54
528.00	704.50
529.00	737.27
530.00	692.80
531.00	746.63
532.00	718.54
533.00	805.14
534.00	779.40
535.00	770.04
536.00	730.25
537.00	746.63
538.00	786.42
539.00	753.65
540.00	798.12
541.00	765.36
542.00	676.41
543.00	772.38
544.00	725.57
545.00	777.06
546.00	688.12
547.00	734.93
548.00	795.78
549.00	760.67
550.00	774.72
551.00	812.17
552.00	784.08
553.00	765.36
554.00	732.59
555.00	791.10
556.00	866.00
557.00	753.65
558.00	802.80
559.00	758.33
560.00	753.65
561.00	795.78
562.00	746.63
563.00	763.01
564.00	767.70
565.00	751.31
566.00	746.63
567.00	833.23
568.00	795.78
569.00	816.85
570.00	765.36
571.00	772.38
572.00	727.91
573.00	767.70
574.00	779.40
575.00	795.78
576.00	779.40
577.00	800.46
578.00	805.14
579.00	734.93
580.00	779.40
581.00	784.08
582.00	739.61
583.00	777.06
584.00	781.74
585.00	821.53
586.00	837.91
587.00	812.17
588.00	751.31
589.00	800.46
590.00	741.95
591.00	748.97
592.00	758.33
593.00	814.51
594.00	812.17
595.00	798.12
596.00	767.70
597.00	760.67
598.00	732.59
599.00	765.36
600.00	741.95
601.00	791.10
602.00	753.65
603.00	755.99
604.00	744.29
605.00	704.50
606.00	692.80
607.00	786.42
608.00	786.42
609.00	744.29
610.00	767.70
611.00	786.42
612.00	739.61
613.00	763.01
614.00	777.06
615.00	746.63
616.00	718.54
617.00	800.46
618.00	802.80
619.00	760.67
620.00	802.80
621.00	781.74
622.00	732.59
623.00	767.70
624.00	830.89
625.00	765.36
626.00	793.44
627.00	837.91
628.00	713.86
629.00	837.91
630.00	847.27
631.00	805.14
632.00	798.12
633.00	744.29
634.00	678.76
635.00	758.33
636.00	812.17
637.00	833.23
638.00	786.42
639.00	772.38
640.00	770.04
641.00	791.10
642.00	821.53
643.00	802.80
644.00	788.76
645.00	812.17
646.00	765.36
647.00	767.70
648.00	788.76
649.00	763.01
650.00	826.21
651.00	784.08
652.00	793.44
653.00	741.95
654.00	744.29
655.00	887.06
656.00	772.38
657.00	788.76
658.00	741.95
659.00	727.91
660.00	833.23
661.00	748.97
662.00	781.74
663.00	840.25
664.00	763.01
665.00	706.84
666.00	732.59
667.00	770.04
668.00	734.93
669.00	725.57
670.00	739.61
671.00	842.59
672.00	807.48
673.00	774.72
674.00	805.14
675.00	798.12
676.00	765.36
677.00	800.46
678.00	875.36
679.00	814.51
680.00	842.59
681.00	823.87
682.00	786.42
683.00	828.55
684.00	812.17
685.00	809.83
686.00	809.83
687.00	854.30
688.00	751.31
689.00	809.83
690.00	741.95
691.00	807.48
692.00	765.36
693.00	791.10
694.00	805.14
695.00	814.51
696.00	791.10
697.00	755.99
698.00	777.06
699.00	840.25
700.00	809.83
701.00	781.74
702.00	833.23
703.00	784.08
704.00	748.97
705.00	821.53
706.00	875.36
707.00	849.61
708.00	800.46
709.00	861.32
710.00	802.80
711.00	753.65
712.00	816.85
713.00	779.40
714.00	809.83
715.00	800.46
716.00	800.46
717.00	770.04
718.00	866.00
719.00	849.61
720.00	706.84
721.00	751.31
722.00	791.10
723.00	826.21
724.00	772.38
725.00	812.17
726.00	800.46
727.00	821.53
728.00	784.08
729.00	814.51
730.00	880.04
731.00	760.67
732.00	786.42
733.00	833.23
734.00	802.80
735.00	866.00
736.00	814.51
737.00	833.23
738.00	875.36
739.00	791.10
740.00	877.70
741.00	737.27
742.00	819.19
743.00	837.91
744.00	807.48
745.00	744.29
746.00	788.76
747.00	746.63
748.00	753.65
749.00	828.55
750.00	748.97
751.00	821.53
752.00	830.89
753.00	763.01
754.00	755.99
755.00	746.63
756.00	786.42
757.00	758.33
758.00	847.27
759.00	777.06
760.00	835.57
761.00	844.93
762.00	802.80
763.00	713.86
764.00	840.25
765.00	840.25
766.00	814.51
767.00	784.08
768.00	763.01
769.00	786.42
770.00	758.33
771.00	746.63
772.00	739.61
773.00	873.02
774.00	793.44
775.00	779.40
776.00	800.46
777.00	805.14
778.00	854.30
779.00	905.79
780.00	814.51
781.00	837.91
782.00	894.08
783.00	868.34
784.00	873.02
785.00	828.55
786.00	802.80
787.00	873.02
788.00	821.53
789.00	767.70
790.00	800.46
791.00	819.19
792.00	840.25
793.00	858.98
794.00	847.27
795.00	826.21
796.00	697.48
797.00	772.38
798.00	786.42
799.00	772.38
800.00	807.48
801.00	793.44
802.00	807.48
803.00	844.93
804.00	884.72
805.00	819.19
806.00	861.32
807.00	805.14
808.00	767.70
809.00	830.89
810.00	861.32
811.00	823.87
812.00	725.57
813.00	779.40
814.00	727.91
815.00	795.78
816.00	763.01
817.00	774.72
818.00	807.48
819.00	770.04
820.00	716.20
821.00	772.38
822.00	798.12
823.00	772.38
824.00	814.51
825.00	788.76
826.00	924.51
827.00	823.87
828.00	826.21
829.00	802.80
830.00	805.14
831.00	751.31
832.00	861.32
833.00	781.74
834.00	716.20
835.00	774.72
836.00	866.00
837.00	744.29
838.00	833.23
839.00	767.70
840.00	866.00
841.00	819.19
842.00	807.48
843.00	720.88
844.00	770.04
845.00	753.65
846.00	718.54
847.00	795.78
848.00	781.74
849.00	812.17
850.00	863.66
851.00	807.48
852.00	777.06
853.00	718.54
854.00	739.61
855.00	901.11
856.00	758.33
857.00	863.66
858.00	798.12
859.00	802.80
860.00	727.91
861.00	746.63
862.00	802.80
863.00	851.96
864.00	805.14
865.00	835.57
866.00	798.12
867.00	784.08
868.00	774.72
869.00	812.17
870.00	835.57
871.00	821.53
872.00	842.59
873.00	781.74
874.00	823.87
875.00	856.64
876.00	847.27
877.00	791.10
878.00	737.27
879.00	821.53
880.00	758.33
881.00	837.91
882.00	910.47
883.00	880.04
884.00	854.30
885.00	833.23
886.00	779.40
887.00	868.34
888.00	844.93
889.00	816.85
890.00	774.72
891.00	835.57
892.00	786.42
893.00	884.72
894.00	788.76
895.00	774.72
896.00	901.11
897.00	809.83
898.00	765.36
899.00	814.51
900.00	819.19
901.00	765.36
902.00	828.55
903.00	777.06
904.00	835.57
905.00	936.21
906.00	908.13
907.00	973.66
908.00	919.83
909.00	828.55
910.00	788.76
911.00	814.51
912.00	950.26
913.00	954.94
914.00	926.85
915.00	877.70
916.00	870.68
917.00	889.40
918.00	959.62
919.00	828.55
920.00	795.78
921.00	791.10
922.00	856.64
923.00	816.85
924.00	842.59
925.00	863.66
926.00	819.19
927.00	849.61
928.00	784.08
929.00	870.68
930.00	777.06
931.00	746.63
932.00	819.19
933.00	807.48
934.00	828.55
935.00	784.08
936.00	798.12
937.00	844.93
938.00	800.46
939.00	866.00
940.00	791.10
941.00	861.32
942.00	844.93
943.00	837.91
944.00	847.27
945.00	842.59
946.00	1114.10
947.00	1703.91
948.00	2150.95
949.00	2005.84
950.00	1633.69
951.00	1322.40
952.00	1294.32
953.00	1135.16
954.00	952.60
955.00	866.00
956.00	873.02
957.00	875.36
958.00	833.23
959.00	821.53
960.00	830.89
961.00	816.85
962.00	861.32
963.00	793.44
964.00	823.87
965.00	781.74
966.00	777.06
967.00	826.21
968.00	779.40
969.00	835.57
970.00	837.91
971.00	795.78
972.00	842.59
973.00	894.08
974.00	767.70
975.00	802.80
976.00	779.40
977.00	807.48
978.00	816.85
979.00	739.61
980.00	809.83
981.00	770.04
982.00	821.53
983.00	784.08
984.00	870.68
985.00	896.43
986.00	828.55
987.00	816.85
988.00	870.68
989.00	842.59
990.00	819.19
991.00	896.43
992.00	816.85
993.00	746.63
994.00	791.10
995.00	788.76
996.00	826.21
997.00	863.66
998.00	800.46
999.00	788.76
1000.00	821.53
1001.00	774.72
1002.00	795.78
1003.00	826.21
1004.00	819.19
1005.00	854.30
1006.00	854.30
1007.00	791.10
1008.00	844.93
1009.00	844.93
1010.00	898.77
1011.00	837.91
1012.00	840.25
1013.00	840.25
1014.00	795.78
1015.00	802.80
1016.00	849.61
1017.00	849.61
1018.00	844.93
1019.00	781.74
1020.00	737.27
1021.00	821.53
1022.00	835.57
1023.00	821.53
1024.00	854.30
1025.00	828.55
1026.00	842.59
1027.00	772.38
1028.00	781.74
1029.00	851.96
1030.00	772.38
1031.00	802.80
1032.00	847.27
1033.00	791.10
1034.00	814.51
1035.00	786.42
1036.00	716.20
1037.00	826.21
1038.00	767.70
1039.00	870.68
1040.00	887.06
1041.00	777.06
1042.00	770.04
1043.00	901.11
1044.00	819.19
1045.00	877.70
1046.00	952.60
1047.00	821.53
1048.00	814.51
1049.00	809.83
1050.00	779.40
1051.00	741.95
1052.00	798.12
1053.00	779.40
1054.00	821.53
1055.00	793.44
1056.00	873.02
1057.00	765.36
1058.00	795.78
1059.00	840.25
1060.00	805.14
1061.00	720.88
1062.00	814.51
1063.00	816.85
1064.00	809.83
1065.00	765.36
1066.00	798.12
1067.00	844.93
1068.00	725.57
1069.00	777.06
1070.00	854.30
1071.00	917.49
1072.00	861.32
1073.00	793.44
1074.00	842.59
1075.00	861.32
1076.00	793.44
1077.00	805.14
1078.00	840.25
1079.00	800.46
1080.00	847.27
1081.00	826.21
1082.00	793.44
1083.00	828.55
1084.00	779.40
1085.00	805.14
1086.00	816.85
1087.00	819.19
1088.00	812.17
1089.00	812.17
1090.00	767.70
1091.00	758.33
1092.00	784.08
1093.00	851.96
1094.00	795.78
1095.00	774.72
1096.00	915.15
1097.00	746.63
1098.00	791.10
1099.00	791.10
1100.00	837.91
1101.00	877.70
1102.00	877.70
1103.00	889.40
1104.00	805.14
1105.00	863.66
1106.00	791.10
1107.00	833.23
1108.00	833.23
1109.00	856.64
1110.00	807.48
1111.00	793.44
1112.00	809.83
1113.00	835.57
1114.00	793.44
1115.00	816.85
1116.00	833.23
1117.00	802.80
1118.00	737.27
1119.00	805.14
1120.00	830.89
1121.00	851.96
1122.00	901.11
1123.00	882.38
1124.00	793.44
1125.00	809.83
1126.00	819.19
1127.00	823.87
1128.00	690.46
1129.00	856.64
1130.00	844.93
1131.00	788.76
1132.00	856.64
1133.00	809.83
1134.00	795.78
1135.00	823.87
1136.00	781.74
1137.00	847.27
1138.00	898.77
1139.00	793.44
1140.00	882.38
1141.00	840.25
1142.00	819.19
1143.00	866.00
1144.00	828.55
1145.00	802.80
1146.00	819.19
1147.00	856.64
1148.00	830.89
1149.00	819.19
1150.00	819.19
1151.00	858.98
1152.00	868.34
1153.00	746.63
1154.00	844.93
1155.00	748.97
1156.00	847.27
1157.00	844.93
1158.00	884.72
1159.00	908.13
1160.00	929.19
1161.00	837.91
1162.00	837.91
1163.00	788.76
1164.00	812.17
1165.00	844.93
1166.00	887.06
1167.00	1095.37
1168.00	1282.61
1169.00	1277.93
1170.00	1144.52
1171.00	1102.39
1172.00	1043.88
1173.00	999.41
1174.00	936.21
1175.00	954.94
1176.00	938.55
1177.00	847.27
1178.00	866.00
1179.00	884.72
1180.00	901.11
1181.00	905.79
1182.00	870.68
1183.00	990.05
1184.00	894.08
1185.00	882.38
1186.00	894.08
1187.00	901.11
1188.00	882.38
1189.00	882.38
1190.00	910.47
1191.00	917.49
1192.00	875.36
1193.00	976.00
1194.00	966.64
1195.00	896.43
1196.00	976.00
1197.00	961.96
1198.00	973.66
1199.00	1020.47
1200.00	985.37
1201.00	987.71
1202.00	1186.65
1203.00	1193.67
1204.00	1249.85
1205.00	1214.74
1206.00	1170.27
1207.00	1090.69
1208.00	1095.37
1209.00	1090.69
1210.00	1032.18
1211.00	1055.58
1212.00	1053.24
1213.00	1104.73
1214.00	1207.72
1215.00	1217.08
1216.00	1338.79
1217.00	1355.17
1218.00	1659.44
1219.00	1888.81
1220.00	3466.33
1221.00	19192.39
1222.00	53305.70
1223.00	65535.00
1224.00	65535.00
1225.00	59128.95
1226.00	47021.36
1227.00	35030.80
1228.00	28563.90
1229.00	20514.80
1230.00	9888.76
1231.00	4142.75
1232.00	2214.15
1233.00	1727.32
1234.00	1446.45
1235.00	1406.66
1236.00	1301.34
1237.00	1259.21
1238.00	1238.14
1239.00	1554.12
1240.00	3445.27
1241.00	5984.75
1242.00	7583.34
1243.00	6167.31
1244.00	4823.84
1245.00	3616.13
1246.00	3089.51
1247.00	2588.63
1248.00	1898.17
1249.00	1256.87
1250.00	1036.86
1251.00	1004.09
1252.00	964.30
1253.00	1025.15
1254.00	1029.84
1255.00	1111.75
1256.00	1104.73
1257.00	1125.80
1258.00	1029.84
1259.00	997.07
1260.00	973.66
1261.00	990.05
1262.00	1039.20
1263.00	1004.09
1264.00	980.68
1265.00	957.28
1266.00	961.96
1267.00	959.62
1268.00	917.49
1269.00	894.08
1270.00	936.21
1271.00	898.77
1272.00	856.64
1273.00	840.25
1274.00	929.19
1275.00	933.87
1276.00	994.73
1277.00	957.28
1278.00	1060.26
1279.00	2429.48
1280.00	6434.13
1281.00	11576.29
1282.00	13060.19
1283.00	9982.38
1284.00	7302.47
1285.00	5324.72
1286.00	4573.41
1287.00	3627.83
1288.00	2363.94
1289.00	1444.11
1290.00	1064.94
1291.00	936.21
1292.00	912.81
1293.00	973.66
1294.00	1006.43
1295.00	1090.69
1296.00	959.62
1297.00	964.30
1298.00	980.68
1299.00	1549.43
1300.00	2607.36
1301.00	3597.40
1302.00	3353.99
1303.00	2614.38
1304.00	2078.40
1305.00	1764.76
1306.00	1561.14
1307.00	1399.64
1308.00	1109.41
1309.00	1025.15
1310.00	945.58
1311.00	912.81
1312.00	931.53
1313.00	912.81
1314.00	884.72
1315.00	851.96
1316.00	840.25
1317.00	851.96
1318.00	793.44
1319.00	866.00
1320.00	905.79
1321.00	870.68
1322.00	919.83
1323.00	802.80
1324.00	800.46
1325.00	812.17
1326.00	840.25
1327.00	835.57
1328.00	877.70
1329.00	858.98
1330.00	908.13
1331.00	851.96
1332.00	847.27
1333.00	1046.22
1334.00	1755.40
1335.00	3042.70
1336.00	3901.67
1337.00	3487.40
1338.00	2719.70
1339.00	2153.29
1340.00	1806.89
1341.00	1654.76
1342.00	1364.53
1343.00	1057.92
1344.00	866.00
1345.00	908.13
1346.00	877.70
1347.00	884.72
1348.00	926.85
1349.00	917.49
1350.00	847.27
1351.00	863.66
1352.00	947.92
1353.00	917.49
1354.00	814.51
1355.00	842.59
1356.00	929.19
1357.00	922.17
1358.00	889.40
1359.00	983.02
1360.00	922.17
1361.00	1130.48
1362.00	2375.64
1363.00	5970.71
1364.00	10012.81
1365.00	10897.53
1366.00	8461.04
1367.00	6153.27
1368.00	4631.92
1369.00	3850.18
1370.00	3028.65
1371.00	2057.33
1372.00	1341.13
1373.00	1142.18
1374.00	1104.73
1375.00	1261.55
1376.00	3082.49
1377.00	9308.31
1378.00	16758.24
1379.00	20072.43
1380.00	15042.62
1381.00	10595.61
1382.00	7740.15
1383.00	6167.31
1384.00	4922.15
1385.00	2972.48
1386.00	1785.83
1387.00	1249.85
1388.00	1034.52
1389.00	1025.15
1390.00	990.05
1391.00	971.32
1392.00	940.90
1393.00	931.53
1394.00	987.71
1395.00	889.40
1396.00	957.28
1397.00	1029.84
1398.00	1095.37
1399.00	1273.25
1400.00	1467.52
1401.00	1266.23
1402.00	1172.61
1403.00	1179.63
1404.00	1217.08
1405.00	1287.29
1406.00	2155.63
1407.00	8475.08
1408.00	21064.82
1409.00	32552.17
1410.00	28746.46
1411.00	20737.15
1412.00	14113.43
1413.00	10869.45
1414.00	8884.67
1415.00	5879.43
1416.00	2869.50
1417.00	1572.84
1418.00	1287.29
1419.00	1359.85
1420.00	1982.43
1421.00	4608.51
1422.00	7403.11
1423.00	8573.38
1424.00	6518.39
1425.00	4676.39
1426.00	3714.43
1427.00	3115.25
1428.00	2438.84
1429.00	1605.61
1430.00	1139.84
1431.00	1036.86
1432.00	929.19
1433.00	983.02
1434.00	957.28
1435.00	994.73
1436.00	884.72
1437.00	873.02
1438.00	840.25
1439.00	842.59
1440.00	844.93
1441.00	758.33
1442.00	898.77
1443.00	901.11
1444.00	830.89
1445.00	779.40
1446.00	844.93
1447.00	924.51
1448.00	856.64
1449.00	863.66
1450.00	847.27
1451.00	835.57
1452.00	912.81
1453.00	901.11
1454.00	1004.09
1455.00	1324.74
1456.00	2560.55
1457.00	4351.06
1458.00	5687.50
1459.00	4531.28
1460.00	3459.31
1461.00	2609.70
1462.00	2183.72
1463.00	1839.66
1464.00	1401.98
1465.00	1081.33
1466.00	912.81
1467.00	903.45
1468.00	922.17
1469.00	837.91
1470.00	858.98
1471.00	870.68
1472.00	793.44
1473.00	844.93
1474.00	861.32
1475.00	891.74
1476.00	837.91
1477.00	842.59
1478.00	791.10
1479.00	858.98
1480.00	819.19
1481.00	847.27
1482.00	858.98
1483.00	866.00
1484.00	863.66
1485.00	933.87
1486.00	894.08
1487.00	1214.74
1488.00	3679.32
1489.00	9647.69
1490.00	16304.17
1491.00	16723.13
1492.00	11800.98
1493.00	8093.57
1494.00	6193.06
1495.00	5114.07
1496.00	3686.34
1497.00	2127.55
1498.00	1420.71
1499.00	1027.50
1500.00	915.15
1501.00	912.81
1502.00	847.27
1503.00	856.64
1504.00	816.85
1505.00	837.91
1506.00	891.74
1507.00	847.27
1508.00	835.57
1509.00	882.38
1510.00	894.08
1511.00	847.27
1512.00	870.68
1513.00	1081.33
1514.00	2186.06
1515.00	3873.59
1516.00	4868.31
1517.00	4154.45
1518.00	3068.44
1519.00	2408.41
1520.00	1975.41
1521.00	1809.23
1522.00	1338.79
1523.00	1086.01
1524.00	945.58
1525.00	966.64
1526.00	908.13
1527.00	856.64
1528.00	863.66
1529.00	875.36
1530.00	964.30
1531.00	1022.81
1532.00	1160.91
1533.00	2064.35
1534.00	5493.24
1535.00	9933.23
1536.00	12161.42
1537.00	9343.42
1538.00	6764.15
1539.00	4819.16
1540.00	3896.99
1541.00	3049.72
1542.00	2078.40
1543.00	1284.95
1544.00	1025.15
1545.00	1011.11
1546.00	901.11
1547.00	908.13
1548.00	842.59
1549.00	882.38
1550.00	884.72
1551.00	894.08
1552.00	842.59
1553.00	880.04
1554.00	919.83
1555.00	901.11
1556.00	868.34
1557.00	908.13
1558.00	945.58
1559.00	880.04
1560.00	947.92
1561.00	933.87
1562.00	922.17
1563.00	922.17
1564.00	1015.79
1565.00	1334.11
1566.00	4542.98
1567.00	12077.16
1568.00	20411.81
1569.00	21448.67
1570.00	15122.20
1571.00	10883.49
1572.00	7962.50
1573.00	6478.60
1574.00	4678.73
1575.00	2726.72
1576.00	1781.15
1577.00	1383.26
1578.00	1863.07
1579.00	6628.40
1580.00	18977.06
1581.00	32627.07
1582.00	34391.83
1583.00	24503.07
1584.00	17011.01
1585.00	12028.01
1586.00	9673.43
1587.00	6527.75
1588.00	3576.34
1589.00	1933.28
1590.00	1310.70
1591.00	1196.01
1592.00	1107.07
1593.00	891.74
1594.00	926.85
1595.00	992.39
1596.00	952.60
1597.00	833.23
1598.00	891.74
1599.00	837.91
1600.00	889.40
1601.00	788.76
1602.00	835.57
1603.00	830.89
1604.00	793.44
1605.00	786.42
1606.00	844.93
1607.00	781.74
1608.00	847.27
1609.00	884.72
1610.00	830.89
1611.00	847.27
1612.00	821.53
1613.00	823.87
1614.00	880.04
1615.00	823.87
1616.00	767.70
1617.00	912.81
1618.00	770.04
1619.00	847.27
1620.00	819.19
1621.00	800.46
1622.00	856.64
1623.00	858.98
1624.00	842.59
1625.00	816.85
1626.00	814.51
1627.00	828.55
1628.00	816.85
1629.00	795.78
1630.00	798.12
1631.00	816.85
1632.00	837.91
1633.00	805.14
1634.00	823.87
1635.00	830.89
1636.00	842.59
1637.00	840.25
1638.00	837.91
1639.00	830.89
1640.00	849.61
1641.00	875.36
1642.00	823.87
1643.00	884.72
1644.00	856.64
1645.00	940.90
1646.00	805.14
1647.00	861.32
1648.00	1011.11
1649.00	1104.73
1650.00	2621.40
1651.00	8133.36
1652.00	14377.91
1653.00	18885.78
1654.00	14345.14
1655.00	10225.80
1656.00	7358.64
1657.00	5771.76
1658.00	4273.82
1659.00	2647.15
1660.00	1629.01
1661.00	1174.95
1662.00	919.83
1663.00	1011.11
1664.00	861.32
1665.00	880.04
1666.00	873.02
1667.00	903.45
1668.00	1322.40
1669.00	2675.23
1670.00	5064.92
1671.00	6562.86
1672.00	5839.64
1673.00	4360.42
1674.00	3213.56
1675.00	2530.12
1676.00	2106.48
1677.00	1593.90
1678.00	1097.71
1679.00	917.49
1680.00	884.72
1681.00	875.36
1682.00	936.21
1683.00	833.23
1684.00	788.76
1685.00	779.40
1686.00	830.89
1687.00	744.29
1688.00	704.50
1689.00	842.59
1690.00	795.78
1691.00	830.89
1692.00	821.53
1693.00	793.44
1694.00	791.10
1695.00	830.89
1696.00	866.00
1697.00	774.72
1698.00	816.85
1699.00	844.93
1700.00	849.61
1701.00	823.87
1702.00	882.38
1703.00	835.57
1704.00	858.98
1705.00	774.72
1706.00	856.64
1707.00	758.33
1708.00	774.72
1709.00	924.51
1710.00	788.76
1711.00	821.53
1712.00	840.25
1713.00	903.45
1714.00	1404.32
1715.00	3655.92
1716.00	6717.34
1717.00	9153.84
1718.00	8215.28
1719.00	5902.83
1720.00	4292.54
1721.00	3391.44
1722.00	2506.71
1723.00	1734.34
1724.00	1256.87
1725.00	1011.11
1726.00	905.79
1727.00	849.61
1728.00	830.89
1729.00	828.55
1730.00	816.85
1731.00	842.59
1732.00	866.00
1733.00	819.19
1734.00	805.14
1735.00	861.32
1736.00	795.78
1737.00	809.83
1738.00	727.91
1739.00	751.31
1740.00	779.40
1741.00	795.78
1742.00	767.70
1743.00	784.08
1744.00	814.51
1745.00	851.96
1746.00	800.46
1747.00	788.76
1748.00	800.46
1749.00	823.87
1750.00	802.80
1751.00	774.72
1752.00	784.08
1753.00	821.53
1754.00	875.36
1755.00	912.81
1756.00	849.61
1757.00	898.77
1758.00	856.64
1759.00	795.78
1760.00	779.40
1761.00	770.04
1762.00	826.21
1763.00	779.40
1764.00	882.38
1765.00	805.14
1766.00	856.64
1767.00	828.55
1768.00	898.77
1769.00	1067.28
1770.00	2139.25
1771.00	6134.54
1772.00	11789.28
1773.00	15786.91
1774.00	13432.33
1775.00	10209.42
1776.00	7353.96
1777.00	5273.23
1778.00	3318.88
1779.00	2251.60
1780.00	1409.00
1781.00	1247.51
1782.00	1039.20
1783.00	936.21
1784.00	926.85
1785.00	924.51
1786.00	866.00
1787.00	786.42
1788.00	835.57
1789.00	777.06
1790.00	828.55
1791.00	929.19
1792.00	770.04
1793.00	765.36
1794.00	753.65
1795.00	894.08
1796.00	1018.13
1797.00	1088.35
1798.00	2331.17
1799.00	5378.55
1800.00	8959.57
1801.00	10099.41
1802.00	8116.98
1803.00	6090.07
1804.00	4332.33
1805.00	2909.29
1806.00	1886.47
1807.00	1425.39
1808.00	1034.52
1809.00	903.45
1810.00	898.77
1811.00	870.68
1812.00	828.55
1813.00	821.53
1814.00	863.66
1815.00	753.65
1816.00	763.01
1817.00	830.89
1818.00	835.57
1819.00	786.42
1820.00	833.23
1821.00	739.61
1822.00	753.65
1823.00	774.72
1824.00	819.19
1825.00	837.91
1826.00	882.38
1827.00	922.17
1828.00	875.36
1829.00	858.98
1830.00	873.02
1831.00	816.85
1832.00	821.53
1833.00	765.36
1834.00	760.67
1835.00	779.40
1836.00	814.51
1837.00	791.10
1838.00	816.85
1839.00	774.72
1840.00	704.50
1841.00	702.16
1842.00	823.87
1843.00	772.38
1844.00	760.67
1845.00	814.51
1846.00	716.20
1847.00	697.48
1848.00	774.72
1849.00	760.67
1850.00	821.53
1851.00	765.36
1852.00	851.96
1853.00	793.44
1854.00	770.04
1855.00	727.91
1856.00	786.42
1857.00	763.01
1858.00	739.61
1859.00	816.85
1860.00	748.97
1861.00	765.36
1862.00	781.74
1863.00	772.38
1864.00	774.72
1865.00	821.53
1866.00	751.31
1867.00	786.42
1868.00	805.14
1869.00	732.59
1870.00	734.93
1871.00	781.74
1872.00	777.06
1873.00	744.29
1874.00	770.04
1875.00	821.53
1876.00	821.53
1877.00	734.93
1878.00	798.12
1879.00	765.36
1880.00	802.80
1881.00	760.67
1882.00	828.55
1883.00	786.42
1884.00	788.76
1885.00	711.52
1886.00	748.97
1887.00	795.78
1888.00	777.06
1889.00	671.73
1890.00	781.74
1891.00	805.14
1892.00	770.04
1893.00	772.38
1894.00	826.21
1895.00	730.25
1896.00	716.20
1897.00	741.95
1898.00	716.20
1899.00	732.59
1900.00	737.27
1901.00	779.40
1902.00	767.70
1903.00	833.23
1904.00	763.01
1905.00	755.99
1906.00	664.71
1907.00	786.42
1908.00	767.70
1909.00	779.40
1910.00	784.08
1911.00	866.00
1912.00	812.17
1913.00	844.93
1914.00	835.57
1915.00	784.08
1916.00	784.08
1917.00	816.85
1918.00	765.36
1919.00	819.19
1920.00	751.31
1921.00	767.70
1922.00	734.93
1923.00	748.97
1924.00	737.27
1925.00	777.06
1926.00	755.99
1927.00	758.33
1928.00	746.63
1929.00	765.36
1930.00	805.14
1931.00	791.10
1932.00	770.04
1933.00	777.06
1934.00	788.76
1935.00	800.46
1936.00	748.97
1937.00	781.74
1938.00	833.23
1939.00	821.53
1940.00	784.08
1941.00	774.72
1942.00	828.55
1943.00	833.23
1944.00	732.59
1945.00	777.06
1946.00	720.88
1947.00	828.55
1948.00	788.76
1949.00	730.25
1950.00	765.36
1951.00	819.19
1952.00	1018.13
1953.00	2204.78
1954.00	4863.63
1955.00	7758.88
1956.00	8842.54
1957.00	6642.44
1958.00	4119.34
1959.00	2530.12
1960.00	1729.66
1961.00	1373.89
1962.00	1165.59
1963.00	971.32
1964.00	856.64
1965.00	781.74
1966.00	814.51
1967.00	826.21
1968.00	828.55
1969.00	800.46
1970.00	830.89
1971.00	758.33
1972.00	863.66
1973.00	779.40
1974.00	877.70
1975.00	830.89
1976.00	819.19
1977.00	781.74
1978.00	739.61
1979.00	744.29
1980.00	816.85
1981.00	1095.37
1982.00	1212.40
1983.00	1249.85
1984.00	1165.59
1985.00	1015.79
1986.00	919.83
1987.00	784.08
1988.00	786.42
1989.00	777.06
1990.00	739.61
1991.00	798.12
1992.00	739.61
1993.00	763.01
1994.00	725.57
1995.00	795.78
1996.00	739.61
1997.00	758.33
1998.00	851.96
1999.00	734.93
2000.00	814.51
2001.00	746.63
2002.00	805.14
2003.00	835.57
2004.00	798.12
2005.00	807.48
2006.00	777.06
2007.00	798.12
2008.00	812.17
2009.00	767.70
2010.00	809.83
2011.00	830.89
2012.00	739.61
2013.00	840.25
2014.00	781.74
2015.00	751.31
2016.00	802.80
2017.00	793.44
2018.00	777.06
2019.00	741.95
2020.00	798.12
2021.00	751.31
2022.00	723.23
2023.00	837.91
2024.00	809.83
2025.00	1018.13
2026.00	1177.29
2027.00	1280.27
2028.00	1163.25
2029.00	1217.08
2030.00	2462.24
2031.00	6668.19
2032.00	12486.76
2033.00	17247.41
2034.00	15779.89
2035.00	10665.82
2036.00	7101.19
2037.00	4365.10
2038.00	2773.53
2039.00	1811.57
2040.00	1406.66
2041.00	1041.54
2042.00	968.98
2043.00	847.27
2044.00	854.30
2045.00	882.38
2046.00	793.44
2047.00	926.85
