0.00	671.73
1.00	671.73
2.00	671.73
3.00	582.79
4.00	594.50
5.00	582.79
6.00	500.87
7.00	596.84
8.00	587.47
9.00	575.77
10.00	587.47
11.00	550.03
12.00	545.34
13.00	559.39
14.00	568.75
15.00	636.63
16.00	526.62
17.00	533.64
18.00	617.90
19.00	606.20
20.00	613.22
21.00	578.11
22.00	608.54
23.00	660.03
24.00	645.99
25.00	695.14
26.00	685.78
27.00	676.41
28.00	718.54
29.00	681.10
30.00	667.05
31.00	683.44
32.00	723.23
33.00	697.48
34.00	711.52
35.00	699.82
36.00	795.78
37.00	774.72
38.00	763.01
39.00	725.57
40.00	718.54
41.00	795.78
42.00	688.12
43.00	732.59
44.00	720.88
45.00	779.40
46.00	779.40
47.00	725.57
48.00	737.27
49.00	730.25
50.00	755.99
51.00	788.76
52.00	744.29
53.00	795.78
54.00	713.86
55.00	711.52
56.00	788.76
57.00	716.20
58.00	772.38
59.00	830.89
60.00	725.57
61.00	793.44
62.00	727.91
63.00	713.86
64.00	741.95
65.00	688.12
66.00	662.37
67.00	751.31
68.00	730.25
69.00	732.59
70.00	634.29
71.00	716.20
72.00	683.44
73.00	795.78
74.00	758.33
75.00	744.29
76.00	723.23
77.00	716.20
78.00	779.40
79.00	760.67
80.00	732.59
81.00	746.63
82.00	709.18
83.00	702.16
84.00	645.99
85.00	720.88
86.00	711.52
87.00	779.40
88.00	791.10
89.00	718.54
90.00	645.99
91.00	645.99
92.00	718.54
93.00	770.04
94.00	767.70
95.00	685.78
96.00	704.50
97.00	746.63
98.00	716.20
99.00	716.20
100.00	763.01
101.00	711.52
102.00	741.95
103.00	798.12
104.00	725.57
105.00	688.12
106.00	741.95
107.00	765.36
108.00	692.80
109.00	791.10
110.00	671.73
111.00	720.88
112.00	702.16
113.00	763.01
114.00	795.78
115.00	685.78
116.00	704.50
117.00	669.39
118.00	732.59
119.00	718.54
120.00	720.88
121.00	732.59
122.00	713.86
123.00	732.59
124.00	732.59
125.00	777.06
126.00	716.20
127.00	739.61
128.00	755.99
129.00	725.57
130.00	800.46
131.00	690.46
132.00	713.86
133.00	727.91
134.00	711.52
135.00	737.27
136.00	840.25
137.00	823.87
138.00	711.52
139.00	723.23
140.00	765.36
141.00	627.26
142.00	711.52
143.00	748.97
144.00	772.38
145.00	748.97
146.00	791.10
147.00	739.61
148.00	826.21
149.00	737.27
150.00	746.63
151.00	653.01
152.00	711.52
153.00	763.01
154.00	692.80
155.00	833.23
156.00	741.95
157.00	734.93
158.00	746.63
159.00	709.18
160.00	725.57
161.00	660.03
162.00	704.50
163.00	653.01
164.00	737.27
165.00	718.54
166.00	667.05
167.00	741.95
168.00	676.41
169.00	727.91
170.00	739.61
171.00	690.46
172.00	697.48
173.00	777.06
174.00	767.70
175.00	772.38
176.00	767.70
177.00	741.95
178.00	734.93
179.00	828.55
180.00	725.57
181.00	730.25
182.00	744.29
183.00	732.59
184.00	748.97
185.00	751.31
186.00	718.54
187.00	748.97
188.00	779.40
189.00	753.65
190.00	713.86
191.00	777.06
192.00	713.86
193.00	737.27
194.00	732.59
195.00	765.36
196.00	793.44
197.00	777.06
198.00	772.38
199.00	784.08
200.00	802.80
201.00	699.82
202.00	727.91
203.00	734.93
204.00	732.59
205.00	765.36
206.00	737.27
207.00	760.67
208.00	737.27
209.00	711.52
210.00	741.95
211.00	734.93
212.00	737.27
213.00	786.42
214.00	779.40
215.00	791.10
216.00	720.88
217.00	795.78
218.00	739.61
219.00	753.65
220.00	748.97
221.00	727.91
222.00	763.01
223.00	772.38
224.00	688.12
225.00	624.92
226.00	718.54
227.00	791.10
228.00	744.29
229.00	716.20
230.00	746.63
231.00	758.33
232.00	770.04
233.00	823.87
234.00	751.31
235.00	746.63
236.00	781.74
237.00	678.76
238.00	744.29
239.00	706.84
240.00	716.20
241.00	809.83
242.00	805.14
243.00	727.91
244.00	744.29
245.00	744.29
246.00	807.48
247.00	730.25
248.00	779.40
249.00	774.72
250.00	763.01
251.00	748.97
252.00	809.83
253.00	709.18
254.00	741.95
255.00	737.27
256.00	765.36
257.00	812.17
258.00	767.70
259.00	807.48
260.00	781.74
261.00	758.33
262.00	706.84
263.00	737.27
264.00	828.55
265.00	835.57
266.00	718.54
267.00	725.57
268.00	765.36
269.00	823.87
270.00	760.67
271.00	828.55
272.00	784.08
273.00	837.91
274.00	741.95
275.00	746.63
276.00	781.74
277.00	781.74
278.00	765.36
279.00	828.55
280.00	833.23
281.00	763.01
282.00	760.67
283.00	770.04
284.00	746.63
285.00	669.39
286.00	755.99
287.00	788.76
288.00	774.72
289.00	755.99
290.00	699.82
291.00	727.91
292.00	739.61
293.00	809.83
294.00	744.29
295.00	737.27
296.00	634.29
297.00	758.33
298.00	739.61
299.00	784.08
300.00	753.65
301.00	760.67
302.00	770.04
303.00	669.39
304.00	781.74
305.00	732.59
306.00	809.83
307.00	755.99
308.00	784.08
309.00	807.48
310.00	795.78
311.00	779.40
312.00	737.27
313.00	777.06
314.00	730.25
315.00	784.08
316.00	816.85
317.00	786.42
318.00	709.18
319.00	786.42
320.00	753.65
321.00	767.70
322.00	744.29
323.00	730.25
324.00	720.88
325.00	786.42
326.00	755.99
327.00	807.48
328.00	793.44
329.00	739.61
330.00	741.95
331.00	741.95
332.00	683.44
333.00	734.93
334.00	760.67
335.00	669.39
336.00	730.25
337.00	741.95
338.00	763.01
339.00	751.31
340.00	730.25
341.00	781.74
342.00	805.14
343.00	758.33
344.00	788.76
345.00	779.40
346.00	763.01
347.00	828.55
348.00	898.77
349.00	814.51
350.00	798.12
351.00	795.78
352.00	777.06
353.00	793.44
354.00	744.29
355.00	812.17
356.00	861.32
357.00	753.65
358.00	828.55
359.00	833.23
360.00	706.84
361.00	765.36
362.00	718.54
363.00	755.99
364.00	725.57
365.00	704.50
366.00	763.01
367.00	781.74
368.00	805.14
369.00	763.01
370.00	809.83
371.00	697.48
372.00	744.29
373.00	641.31
374.00	711.52
375.00	744.29
376.00	812.17
377.00	709.18
378.00	823.87
379.00	753.65
380.00	723.23
381.00	755.99
382.00	739.61
383.00	739.61
384.00	739.61
385.00	777.06
386.00	739.61
387.00	800.46
388.00	702.16
389.00	718.54
390.00	763.01
391.00	713.86
392.00	720.88
393.00	709.18
394.00	765.36
395.00	758.33
396.00	727.91
397.00	823.87
398.00	833.23
399.00	777.06
400.00	690.46
401.00	681.10
402.00	765.36
403.00	690.46
404.00	695.14
405.00	772.38
406.00	760.67
407.00	765.36
408.00	819.19
409.00	770.04
410.00	791.10
411.00	704.50
412.00	772.38
413.00	753.65
414.00	800.46
415.00	723.23
416.00	772.38
417.00	746.63
418.00	755.99
419.00	772.38
420.00	793.44
421.00	706.84
422.00	758.33
423.00	695.14
424.00	770.04
425.00	791.10
426.00	849.61
427.00	720.88
428.00	777.06
429.00	753.65
430.00	755.99
431.00	772.38
432.00	779.40
433.00	807.48
434.00	692.80
435.00	739.61
436.00	772.38
437.00	610.88
438.00	739.61
439.00	772.38
440.00	704.50
441.00	772.38
442.00	781.74
443.00	849.61
444.00	767.70
445.00	753.65
446.00	744.29
447.00	763.01
448.00	723.23
449.00	716.20
450.00	791.10
451.00	779.40
452.00	760.67
453.00	812.17
454.00	816.85
455.00	737.27
456.00	664.71
457.00	795.78
458.00	763.01
459.00	795.78
460.00	753.65
461.00	727.91
462.00	791.10
463.00	720.88
464.00	737.27
465.00	807.48
466.00	716.20
467.00	664.71
468.00	706.84
469.00	702.16
470.00	779.40
471.00	786.42
472.00	739.61
473.00	720.88
474.00	823.87
475.00	819.19
476.00	798.12
477.00	739.61
478.00	723.23
479.00	763.01
480.00	760.67
481.00	774.72
482.00	746.63
483.00	760.67
484.00	816.85
485.00	667.05
486.00	793.44
487.00	760.67
488.00	753.65
489.00	697.48
490.00	709.18
491.00	788.76
492.00	748.97
493.00	704.50
494.00	770.04
495.00	784.08
496.00	837.91
497.00	807.48
498.00	823.87
499.00	798.12
500.00	823.87
501.00	791.10
502.00	844.93
503.00	809.83
504.00	767.70
505.00	725.57
506.00	755.99
507.00	777.06
508.00	697.48
509.00	814.51
510.00	784.08
511.00	763.01
512.00	744.29
513.00	723.23
514.00	753.65
515.00	777.06
516.00	807.48
517.00	748.97
518.00	777.06
519.00	779.40
520.00	779.40
521.00	734.93
522.00	706.84
523.00	723.23
524.00	706.84
525.00	755.99
526.00	678.76
527.00	823.87
528.00	723.23
529.00	727.91
530.00	774.72
531.00	765.36
532.00	737.27
533.00	748.97
534.00	720.88
535.00	793.44
536.00	718.54
537.00	770.04
538.00	826.21
539.00	821.53
540.00	830.89
541.00	833.23
542.00	720.88
543.00	765.36
544.00	770.04
545.00	723.23
546.00	784.08
547.00	706.84
548.00	697.48
549.00	816.85
550.00	770.04
551.00	758.33
552.00	772.38
553.00	730.25
554.00	795.78
555.00	770.04
556.00	849.61
557.00	833.23
558.00	791.10
559.00	791.10
560.00	774.72
561.00	760.67
562.00	793.44
563.00	744.29
564.00	786.42
565.00	800.46
566.00	758.33
567.00	770.04
568.00	730.25
569.00	767.70
570.00	779.40
571.00	758.33
572.00	788.76
573.00	830.89
574.00	699.82
575.00	772.38
576.00	791.10
577.00	800.46
578.00	739.61
579.00	779.40
580.00	770.04
581.00	767.70
582.00	699.82
583.00	788.76
584.00	730.25
585.00	781.74
586.00	758.33
587.00	760.67
588.00	741.95
589.00	765.36
590.00	784.08
591.00	777.06
592.00	732.59
593.00	713.86
594.00	798.12
595.00	725.57
596.00	716.20
597.00	725.57
598.00	741.95
599.00	847.27
600.00	805.14
601.00	779.40
602.00	779.40
603.00	741.95
604.00	767.70
605.00	821.53
606.00	774.72
607.00	763.01
608.00	828.55
609.00	720.88
610.00	753.65
611.00	664.71
612.00	819.19
613.00	784.08
614.00	774.72
615.00	737.27
616.00	760.67
617.00	807.48
618.00	772.38
619.00	706.84
620.00	784.08
621.00	821.53
622.00	777.06
623.00	695.14
624.00	746.63
625.00	821.53
626.00	854.30
627.00	809.83
628.00	718.54
629.00	819.19
630.00	849.61
631.00	784.08
632.00	763.01
633.00	779.40
634.00	751.31
635.00	755.99
636.00	760.67
637.00	819.19
638.00	767.70
639.00	791.10
640.00	821.53
641.00	791.10
642.00	800.46
643.00	746.63
644.00	744.29
645.00	767.70
646.00	786.42
647.00	847.27
648.00	814.51
649.00	755.99
650.00	784.08
651.00	753.65
652.00	770.04
653.00	800.46
654.00	786.42
655.00	933.87
656.00	763.01
657.00	793.44
658.00	800.46
659.00	739.61
660.00	758.33
661.00	835.57
662.00	807.48
663.00	823.87
664.00	819.19
665.00	777.06
666.00	758.33
667.00	730.25
668.00	739.61
669.00	858.98
670.00	802.80
671.00	809.83
672.00	765.36
673.00	734.93
674.00	751.31
675.00	840.25
676.00	795.78
677.00	774.72
678.00	837.91
679.00	784.08
680.00	861.32
681.00	880.04
682.00	873.02
683.00	835.57
684.00	748.97
685.00	814.51
686.00	746.63
687.00	779.40
688.00	837.91
689.00	807.48
690.00	798.12
691.00	755.99
692.00	828.55
693.00	821.53
694.00	861.32
695.00	697.48
696.00	793.44
697.00	751.31
698.00	681.10
699.00	812.17
700.00	821.53
701.00	835.57
702.00	812.17
703.00	748.97
704.00	800.46
705.00	765.36
706.00	772.38
707.00	784.08
708.00	774.72
709.00	770.04
710.00	753.65
711.00	744.29
712.00	755.99
713.00	765.36
714.00	763.01
715.00	748.97
716.00	805.14
717.00	814.51
718.00	765.36
719.00	819.19
720.00	842.59
721.00	791.10
722.00	767.70
723.00	856.64
724.00	807.48
725.00	805.14
726.00	800.46
727.00	788.76
728.00	741.95
729.00	800.46
730.00	767.70
731.00	788.76
732.00	856.64
733.00	760.67
734.00	847.27
735.00	779.40
736.00	863.66
737.00	777.06
738.00	809.83
739.00	835.57
740.00	826.21
741.00	765.36
742.00	786.42
743.00	737.27
744.00	844.93
745.00	755.99
746.00	798.12
747.00	812.17
748.00	760.67
749.00	744.29
750.00	828.55
751.00	779.40
752.00	704.50
753.00	823.87
754.00	814.51
755.00	844.93
756.00	842.59
757.00	805.14
758.00	781.74
759.00	833.23
760.00	814.51
761.00	763.01
762.00	807.48
763.00	844.93
764.00	840.25
765.00	767.70
766.00	835.57
767.00	821.53
768.00	823.87
769.00	795.78
770.00	835.57
771.00	861.32
772.00	760.67
773.00	814.51
774.00	856.64
775.00	828.55
776.00	805.14
777.00	793.44
778.00	812.17
779.00	777.06
780.00	889.40
781.00	877.70
782.00	812.17
783.00	798.12
784.00	847.27
785.00	823.87
786.00	851.96
787.00	788.76
788.00	795.78
789.00	812.17
790.00	842.59
791.00	795.78
792.00	809.83
793.00	866.00
794.00	758.33
795.00	781.74
796.00	816.85
797.00	793.44
798.00	791.10
799.00	863.66
800.00	774.72
801.00	751.31
802.00	795.78
803.00	868.34
804.00	812.17
805.00	788.76
806.00	772.38
807.00	828.55
808.00	755.99
809.00	828.55
810.00	786.42
811.00	802.80
812.00	814.51
813.00	779.40
814.00	760.67
815.00	833.23
816.00	805.14
817.00	823.87
818.00	807.48
819.00	873.02
820.00	739.61
821.00	844.93
822.00	840.25
823.00	863.66
824.00	786.42
825.00	821.53
826.00	849.61
827.00	809.83
828.00	793.44
829.00	812.17
830.00	844.93
831.00	877.70
832.00	833.23
833.00	882.38
834.00	891.74
835.00	863.66
836.00	807.48
837.00	812.17
838.00	835.57
839.00	807.48
840.00	793.44
841.00	788.76
842.00	795.78
843.00	812.17
844.00	858.98
845.00	833.23
846.00	800.46
847.00	847.27
848.00	863.66
849.00	823.87
850.00	863.66
851.00	781.74
852.00	791.10
853.00	795.78
854.00	851.96
855.00	823.87
856.00	791.10
857.00	777.06
858.00	802.80
859.00	809.83
860.00	835.57
861.00	858.98
862.00	861.32
863.00	795.78
864.00	828.55
865.00	793.44
866.00	779.40
867.00	788.76
868.00	781.74
869.00	915.15
870.00	765.36
871.00	751.31
872.00	772.38
873.00	727.91
874.00	767.70
875.00	760.67
876.00	798.12
877.00	807.48
878.00	798.12
879.00	791.10
880.00	826.21
881.00	793.44
882.00	868.34
883.00	823.87
884.00	835.57
885.00	816.85
886.00	767.70
887.00	858.98
888.00	870.68
889.00	863.66
890.00	866.00
891.00	861.32
892.00	786.42
893.00	772.38
894.00	777.06
895.00	767.70
896.00	866.00
897.00	861.32
898.00	819.19
899.00	788.76
900.00	711.52
901.00	814.51
902.00	849.61
903.00	880.04
904.00	819.19
905.00	875.36
906.00	926.85
907.00	933.87
908.00	896.43
909.00	866.00
910.00	854.30
911.00	926.85
912.00	931.53
913.00	997.07
914.00	1071.97
915.00	933.87
916.00	889.40
917.00	851.96
918.00	898.77
919.00	931.53
920.00	772.38
921.00	861.32
922.00	866.00
923.00	866.00
924.00	880.04
925.00	737.27
926.00	861.32
927.00	858.98
928.00	802.80
929.00	795.78
930.00	826.21
931.00	877.70
932.00	816.85
933.00	777.06
934.00	800.46
935.00	800.46
936.00	812.17
937.00	849.61
938.00	802.80
939.00	837.91
940.00	798.12
941.00	858.98
942.00	835.57
943.00	830.89
944.00	833.23
945.00	847.27
946.00	1128.14
947.00	1706.25
948.00	2195.42
949.00	1952.01
950.00	1633.69
951.00	1331.76
952.00	1254.53
953.00	1153.88
954.00	1034.52
955.00	884.72
956.00	842.59
957.00	891.74
958.00	802.80
959.00	746.63
960.00	833.23
961.00	744.29
962.00	809.83
963.00	809.83
964.00	784.08
965.00	858.98
966.00	741.95
967.00	770.04
968.00	849.61
969.00	828.55
970.00	880.04
971.00	870.68
972.00	835.57
973.00	784.08
974.00	814.51
975.00	816.85
976.00	786.42
977.00	793.44
978.00	781.74
979.00	748.97
980.00	807.48
981.00	819.19
982.00	863.66
983.00	826.21
984.00	777.06
985.00	837.91
986.00	849.61
987.00	835.57
988.00	840.25
989.00	917.49
990.00	854.30
991.00	814.51
992.00	798.12
993.00	767.70
994.00	816.85
995.00	746.63
996.00	835.57
997.00	760.67
998.00	788.76
999.00	758.33
1000.00	816.85
1001.00	779.40
1002.00	791.10
1003.00	779.40
1004.00	870.68
1005.00	858.98
1006.00	826.21
1007.00	840.25
1008.00	812.17
1009.00	807.48
1010.00	819.19
1011.00	772.38
1012.00	821.53
1013.00	791.10
1014.00	830.89
1015.00	809.83
1016.00	826.21
1017.00	870.68
1018.00	777.06
1019.00	842.59
1020.00	835.57
1021.00	779.40
1022.00	844.93
1023.00	828.55
1024.00	772.38
1025.00	847.27
1026.00	823.87
1027.00	835.57
1028.00	847.27
1029.00	793.44
1030.00	763.01
1031.00	758.33
1032.00	802.80
1033.00	861.32
1034.00	823.87
1035.00	847.27
1036.00	763.01
1037.00	823.87
1038.00	774.72
1039.00	809.83
1040.00	772.38
1041.00	880.04
1042.00	781.74
1043.00	875.36
1044.00	805.14
1045.00	847.27
1046.00	884.72
1047.00	896.43
1048.00	837.91
1049.00	770.04
1050.00	837.91
1051.00	847.27
1052.00	788.76
1053.00	835.57
1054.00	823.87
1055.00	788.76
1056.00	802.80
1057.00	882.38
1058.00	753.65
1059.00	854.30
1060.00	854.30
1061.00	770.04
1062.00	844.93
1063.00	737.27
1064.00	800.46
1065.00	739.61
1066.00	844.93
1067.00	812.17
1068.00	823.87
1069.00	889.40
1070.00	823.87
1071.00	835.57
1072.00	800.46
1073.00	763.01
1074.00	805.14
1075.00	781.74
1076.00	784.08
1077.00	779.40
1078.00	807.48
1079.00	809.83
1080.00	781.74
1081.00	809.83
1082.00	758.33
1083.00	866.00
1084.00	903.45
1085.00	816.85
1086.00	814.51
1087.00	866.00
1088.00	765.36
1089.00	765.36
1090.00	791.10
1091.00	884.72
1092.00	823.87
1093.00	833.23
1094.00	812.17
1095.00	868.34
1096.00	802.80
1097.00	746.63
1098.00	758.33
1099.00	793.44
1100.00	821.53
1101.00	833.23
1102.00	896.43
1103.00	854.30
1104.00	805.14
1105.00	802.80
1106.00	875.36
1107.00	814.51
1108.00	884.72
1109.00	866.00
1110.00	830.89
1111.00	781.74
1112.00	807.48
1113.00	828.55
1114.00	861.32
1115.00	777.06
1116.00	807.48
1117.00	858.98
1118.00	786.42
1119.00	812.17
1120.00	786.42
1121.00	786.42
1122.00	777.06
1123.00	889.40
1124.00	866.00
1125.00	861.32
1126.00	882.38
1127.00	863.66
1128.00	800.46
1129.00	819.19
1130.00	840.25
1131.00	779.40
1132.00	844.93
1133.00	830.89
1134.00	870.68
1135.00	863.66
1136.00	882.38
1137.00	840.25
1138.00	908.13
1139.00	835.57
1140.00	812.17
1141.00	751.31
1142.00	823.87
1143.00	826.21
1144.00	868.34
1145.00	828.55
1146.00	800.46
1147.00	758.33
1148.00	807.48
1149.00	821.53
1150.00	802.80
1151.00	788.76
1152.00	770.04
1153.00	819.19
1154.00	854.30
1155.00	814.51
1156.00	814.51
1157.00	901.11
1158.00	912.81
1159.00	861.32
1160.00	840.25
1161.00	896.43
1162.00	903.45
1163.00	856.64
1164.00	856.64
1165.00	858.98
1166.00	952.60
1167.00	1130.48
1168.00	1270.91
1169.00	1394.96
1170.00	1158.57
1171.00	1137.50
1172.00	1050.90
1173.00	1041.54
1174.00	952.60
1175.00	882.38
1176.00	936.21
1177.00	875.36
1178.00	833.23
1179.00	877.70
1180.00	880.04
1181.00	844.93
1182.00	844.93
1183.00	896.43
1184.00	894.08
1185.00	847.27
1186.00	884.72
1187.00	910.47
1188.00	866.00
1189.00	910.47
1190.00	966.64
1191.00	987.71
1192.00	1020.47
1193.00	1050.90
1194.00	917.49
1195.00	931.53
1196.00	943.24
1197.00	983.02
1198.00	947.92
1199.00	997.07
1200.00	933.87
1201.00	999.41
1202.00	1226.44
1203.00	1256.87
1204.00	1200.69
1205.00	1144.52
1206.00	1071.97
1207.00	1111.75
1208.00	1135.16
1209.00	1128.14
1210.00	1071.97
1211.00	1081.33
1212.00	1060.26
1213.00	1050.90
1214.00	1130.48
1215.00	1224.10
1216.00	1380.92
1217.00	1434.75
1218.00	1572.84
1219.00	1867.75
1220.00	3389.10
1221.00	18836.63
1222.00	52781.42
1223.00	65535.00
1224.00	65535.00
1225.00	58482.97
1226.00	45935.35
1227.00	34300.55
1228.00	28079.41
1229.00	20535.86
1230.00	9867.70
1231.00	4102.96
1232.00	2237.55
1233.00	1647.74
1234.00	1490.92
1235.00	1378.58
1236.00	1348.15
1237.00	1291.98
1238.00	1210.06
1239.00	1598.59
1240.00	3318.88
1241.00	6029.22
1242.00	7520.14
1243.00	6176.67
1244.00	4840.23
1245.00	3569.32
1246.00	2846.09
1247.00	2607.36
1248.00	1851.36
1249.00	1376.24
1250.00	999.41
1251.00	1046.22
1252.00	1006.43
1253.00	1050.90
1254.00	1095.37
1255.00	1149.20
1256.00	1034.52
1257.00	1125.80
1258.00	1071.97
1259.00	1088.35
1260.00	1046.22
1261.00	1055.58
1262.00	940.90
1263.00	945.58
1264.00	891.74
1265.00	952.60
1266.00	896.43
1267.00	877.70
1268.00	945.58
1269.00	896.43
1270.00	926.85
1271.00	938.55
1272.00	912.81
1273.00	940.90
1274.00	875.36
1275.00	936.21
1276.00	924.51
1277.00	985.37
1278.00	1050.90
1279.00	2380.32
1280.00	6164.97
1281.00	11162.01
1282.00	12868.27
1283.00	9867.70
1284.00	7169.06
1285.00	5366.85
1286.00	4573.41
1287.00	3695.71
1288.00	2342.88
1289.00	1409.00
1290.00	1104.73
1291.00	997.07
1292.00	938.55
1293.00	1022.81
1294.00	950.26
1295.00	882.38
1296.00	947.92
1297.00	943.24
1298.00	926.85
1299.00	1624.33
1300.00	2665.87
1301.00	3534.21
1302.00	3215.90
1303.00	2672.89
1304.00	1998.82
1305.00	1788.17
1306.00	1582.20
1307.00	1322.40
1308.00	1114.10
1309.00	1064.94
1310.00	990.05
1311.00	959.62
1312.00	877.70
1313.00	959.62
1314.00	891.74
1315.00	929.19
1316.00	894.08
1317.00	826.21
1318.00	917.49
1319.00	826.21
1320.00	812.17
1321.00	798.12
1322.00	786.42
1323.00	858.98
1324.00	809.83
1325.00	868.34
1326.00	849.61
1327.00	884.72
1328.00	774.72
1329.00	777.06
1330.00	851.96
1331.00	851.96
1332.00	940.90
1333.00	1060.26
1334.00	1675.82
1335.00	2949.08
1336.00	3887.63
1337.00	3361.01
1338.00	2630.76
1339.00	2204.78
1340.00	1771.79
1341.00	1568.16
1342.00	1238.14
1343.00	1004.09
1344.00	861.32
1345.00	868.34
1346.00	905.79
1347.00	905.79
1348.00	877.70
1349.00	884.72
1350.00	868.34
1351.00	894.08
1352.00	877.70
1353.00	880.04
1354.00	823.87
1355.00	861.32
1356.00	901.11
1357.00	877.70
1358.00	905.79
1359.00	943.24
1360.00	952.60
1361.00	1123.46
1362.00	2466.92
1363.00	5900.49
1364.00	9891.10
1365.00	10855.40
1366.00	8299.54
1367.00	5921.56
1368.00	4489.15
1369.00	3691.02
1370.00	3059.08
1371.00	1966.05
1372.00	1308.36
1373.00	1172.61
1374.00	1128.14
1375.00	1224.10
1376.00	3023.97
1377.00	9181.92
1378.00	16561.63
1379.00	19452.19
1380.00	14721.97
1381.00	10232.82
1382.00	7775.26
1383.00	6113.48
1384.00	4891.72
1385.00	2869.50
1386.00	1650.08
1387.00	1235.80
1388.00	1020.47
1389.00	1076.65
1390.00	990.05
1391.00	983.02
1392.00	957.28
1393.00	950.26
1394.00	957.28
1395.00	875.36
1396.00	847.27
1397.00	973.66
1398.00	1247.51
1399.00	1268.57
1400.00	1411.34
1401.00	1301.34
1402.00	1149.20
1403.00	1151.54
1404.00	1327.08
1405.00	1240.48
1406.00	2122.87
1407.00	8313.58
1408.00	20826.09
1409.00	31796.18
1410.00	28046.64
1411.00	20184.78
1412.00	13912.14
1413.00	10672.84
1414.00	8655.30
1415.00	5692.18
1416.00	2925.67
1417.00	1652.42
1418.00	1294.32
1419.00	1186.65
1420.00	1966.05
1421.00	4456.38
1422.00	7309.49
1423.00	8145.06
1424.00	6328.81
1425.00	4762.99
1426.00	3557.61
1427.00	2895.24
1428.00	2473.95
1429.00	1584.54
1430.00	1238.14
1431.00	990.05
1432.00	943.24
1433.00	924.51
1434.00	983.02
1435.00	877.70
1436.00	901.11
1437.00	901.11
1438.00	887.06
1439.00	891.74
1440.00	901.11
1441.00	903.45
1442.00	847.27
1443.00	901.11
1444.00	835.57
1445.00	814.51
1446.00	830.89
1447.00	812.17
1448.00	795.78
1449.00	856.64
1450.00	863.66
1451.00	915.15
1452.00	854.30
1453.00	884.72
1454.00	973.66
1455.00	1366.87
1456.00	2621.40
1457.00	4329.99
1458.00	5373.87
1459.00	4341.69
1460.00	3208.87
1461.00	2495.01
1462.00	2085.42
1463.00	1870.09
1464.00	1369.21
1465.00	1034.52
1466.00	973.66
1467.00	898.77
1468.00	891.74
1469.00	842.59
1470.00	856.64
1471.00	823.87
1472.00	833.23
1473.00	896.43
1474.00	823.87
1475.00	840.25
1476.00	828.55
1477.00	798.12
1478.00	851.96
1479.00	915.15
1480.00	947.92
1481.00	901.11
1482.00	903.45
1483.00	819.19
1484.00	889.40
1485.00	891.74
1486.00	943.24
1487.00	1242.82
1488.00	3688.68
1489.00	9329.38
1490.00	15602.01
1491.00	16166.08
1492.00	11620.76
1493.00	8021.02
1494.00	6019.86
1495.00	5076.62
1496.00	3611.45
1497.00	2139.25
1498.00	1369.21
1499.00	1057.92
1500.00	931.53
1501.00	889.40
1502.00	884.72
1503.00	821.53
1504.00	882.38
1505.00	898.77
1506.00	770.04
1507.00	856.64
1508.00	873.02
1509.00	912.81
1510.00	891.74
1511.00	833.23
1512.00	994.73
1513.00	1125.80
1514.00	2127.55
1515.00	3700.39
1516.00	4929.17
1517.00	3985.93
1518.00	3047.38
1519.00	2291.38
1520.00	1959.03
1521.00	1689.87
1522.00	1444.11
1523.00	1128.14
1524.00	926.85
1525.00	908.13
1526.00	922.17
1527.00	896.43
1528.00	964.30
1529.00	938.55
1530.00	947.92
1531.00	924.51
1532.00	1093.03
1533.00	2010.52
1534.00	5357.49
1535.00	9624.28
1536.00	11847.79
1537.00	9205.33
1538.00	6527.75
1539.00	4744.27
1540.00	3922.74
1541.00	3070.78
1542.00	1989.46
1543.00	1317.72
1544.00	983.02
1545.00	896.43
1546.00	894.08
1547.00	901.11
1548.00	903.45
1549.00	861.32
1550.00	898.77
1551.00	851.96
1552.00	891.74
1553.00	910.47
1554.00	875.36
1555.00	821.53
1556.00	931.53
1557.00	873.02
1558.00	830.89
1559.00	945.58
1560.00	926.85
1561.00	926.85
1562.00	983.02
1563.00	971.32
1564.00	1001.75
1565.00	1401.98
1566.00	4521.92
1567.00	12046.74
1568.00	20519.48
1569.00	21273.13
1570.00	14899.85
1571.00	10614.33
1572.00	7627.81
1573.00	6171.99
1574.00	4430.63
1575.00	2682.25
1576.00	1689.87
1577.00	1413.68
1578.00	1795.19
1579.00	6619.04
1580.00	18581.51
1581.00	31756.39
1582.00	33919.04
1583.00	23777.50
1584.00	16643.55
1585.00	11978.86
1586.00	9584.49
1587.00	6551.16
1588.00	3471.01
1589.00	1860.73
1590.00	1366.87
1591.00	1158.57
1592.00	1121.12
1593.00	1062.60
1594.00	950.26
1595.00	868.34
1596.00	926.85
1597.00	842.59
1598.00	849.61
1599.00	847.27
1600.00	884.72
1601.00	849.61
1602.00	917.49
1603.00	847.27
1604.00	851.96
1605.00	844.93
1606.00	821.53
1607.00	875.36
1608.00	777.06
1609.00	807.48
1610.00	795.78
1611.00	849.61
1612.00	793.44
1613.00	821.53
1614.00	812.17
1615.00	854.30
1616.00	854.30
1617.00	809.83
1618.00	816.85
1619.00	880.04
1620.00	833.23
1621.00	772.38
1622.00	744.29
1623.00	819.19
1624.00	793.44
1625.00	802.80
1626.00	833.23
1627.00	830.89
1628.00	868.34
1629.00	851.96
1630.00	807.48
1631.00	873.02
1632.00	847.27
1633.00	784.08
1634.00	821.53
1635.00	842.59
1636.00	828.55
1637.00	809.83
1638.00	812.17
1639.00	795.78
1640.00	842.59
1641.00	823.87
1642.00	861.32
1643.00	894.08
1644.00	833.23
1645.00	861.32
1646.00	844.93
1647.00	938.55
1648.00	933.87
1649.00	1041.54
1650.00	2595.65
1651.00	7770.58
1652.00	14406.00
1653.00	18518.32
1654.00	14008.11
1655.00	10167.29
1656.00	7328.22
1657.00	5647.71
1658.00	4117.00
1659.00	2401.39
1660.00	1481.56
1661.00	1081.33
1662.00	1053.24
1663.00	924.51
1664.00	889.40
1665.00	877.70
1666.00	947.92
1667.00	950.26
1668.00	1242.82
1669.00	2712.68
1670.00	4844.91
1671.00	6286.68
1672.00	5767.08
1673.00	4121.68
1674.00	3241.64
1675.00	2579.27
1676.00	2022.22
1677.00	1462.83
1678.00	1137.50
1679.00	976.00
1680.00	908.13
1681.00	896.43
1682.00	802.80
1683.00	816.85
1684.00	791.10
1685.00	844.93
1686.00	858.98
1687.00	819.19
1688.00	802.80
1689.00	863.66
1690.00	877.70
1691.00	802.80
1692.00	903.45
1693.00	863.66
1694.00	767.70
1695.00	763.01
1696.00	765.36
1697.00	786.42
1698.00	744.29
1699.00	758.33
1700.00	814.51
1701.00	793.44
1702.00	751.31
1703.00	807.48
1704.00	868.34
1705.00	737.27
1706.00	800.46
1707.00	858.98
1708.00	802.80
1709.00	786.42
1710.00	823.87
1711.00	866.00
1712.00	880.04
1713.00	849.61
1714.00	1409.00
1715.00	3513.14
1716.00	6626.06
1717.00	8793.39
1718.00	7805.69
1719.00	5912.19
1720.00	4353.40
1721.00	3421.86
1722.00	2445.86
1723.00	1706.25
1724.00	1315.38
1725.00	1081.33
1726.00	952.60
1727.00	854.30
1728.00	833.23
1729.00	837.91
1730.00	809.83
1731.00	828.55
1732.00	751.31
1733.00	837.91
1734.00	800.46
1735.00	866.00
1736.00	791.10
1737.00	751.31
1738.00	795.78
1739.00	786.42
1740.00	851.96
1741.00	784.08
1742.00	833.23
1743.00	819.19
1744.00	809.83
1745.00	802.80
1746.00	833.23
1747.00	816.85
1748.00	826.21
1749.00	840.25
1750.00	866.00
1751.00	788.76
1752.00	828.55
1753.00	844.93
1754.00	791.10
1755.00	856.64
1756.00	854.30
1757.00	875.36
1758.00	849.61
1759.00	805.14
1760.00	807.48
1761.00	730.25
1762.00	767.70
1763.00	807.48
1764.00	919.83
1765.00	849.61
1766.00	786.42
1767.00	837.91
1768.00	976.00
1769.00	1060.26
1770.00	2099.46
1771.00	6076.03
1772.00	11454.58
1773.00	15496.69
1774.00	13460.42
1775.00	9905.15
1776.00	7023.95
1777.00	5015.77
1778.00	3286.11
1779.00	2076.06
1780.00	1406.66
1781.00	1097.71
1782.00	990.05
1783.00	961.96
1784.00	919.83
1785.00	833.23
1786.00	877.70
1787.00	870.68
1788.00	781.74
1789.00	844.93
1790.00	807.48
1791.00	868.34
1792.00	828.55
1793.00	847.27
1794.00	791.10
1795.00	887.06
1796.00	880.04
1797.00	1069.62
1798.00	2256.28
1799.00	5280.25
1800.00	8477.42
1801.00	9973.02
1802.00	7705.04
1803.00	5762.40
1804.00	4262.12
1805.00	2834.39
1806.00	2047.97
1807.00	1392.62
1808.00	1053.24
1809.00	917.49
1810.00	903.45
1811.00	863.66
1812.00	837.91
1813.00	828.55
1814.00	828.55
1815.00	858.98
1816.00	772.38
1817.00	772.38
1818.00	807.48
1819.00	802.80
1820.00	840.25
1821.00	786.42
1822.00	781.74
1823.00	767.70
1824.00	826.21
1825.00	880.04
1826.00	887.06
1827.00	931.53
1828.00	854.30
1829.00	858.98
1830.00	784.08
1831.00	788.76
1832.00	849.61
1833.00	786.42
1834.00	802.80
1835.00	784.08
1836.00	744.29
1837.00	784.08
1838.00	741.95
1839.00	816.85
1840.00	760.67
1841.00	770.04
1842.00	814.51
1843.00	737.27
1844.00	730.25
1845.00	734.93
1846.00	760.67
1847.00	777.06
1848.00	835.57
1849.00	770.04
1850.00	748.97
1851.00	704.50
1852.00	770.04
1853.00	758.33
1854.00	791.10
1855.00	784.08
1856.00	830.89
1857.00	866.00
1858.00	709.18
1859.00	753.65
1860.00	814.51
1861.00	777.06
1862.00	826.21
1863.00	786.42
1864.00	777.06
1865.00	788.76
1866.00	779.40
1867.00	800.46
1868.00	779.40
1869.00	734.93
1870.00	774.72
1871.00	732.59
1872.00	781.74
1873.00	795.78
1874.00	711.52
1875.00	748.97
1876.00	821.53
1877.00	809.83
1878.00	763.01
1879.00	809.83
1880.00	737.27
1881.00	788.76
1882.00	805.14
1883.00	798.12
1884.00	751.31
1885.00	802.80
1886.00	760.67
1887.00	781.74
1888.00	765.36
1889.00	695.14
1890.00	781.74
1891.00	821.53
1892.00	760.67
1893.00	753.65
1894.00	746.63
1895.00	711.52
1896.00	716.20
1897.00	683.44
1898.00	767.70
1899.00	812.17
1900.00	837.91
1901.00	786.42
1902.00	751.31
1903.00	734.93
1904.00	720.88
1905.00	821.53
1906.00	758.33
1907.00	741.95
1908.00	777.06
1909.00	770.04
1910.00	786.42
1911.00	828.55
1912.00	854.30
1913.00	784.08
1914.00	800.46
1915.00	814.51
1916.00	767.70
1917.00	788.76
1918.00	720.88
1919.00	767.70
1920.00	812.17
1921.00	702.16
1922.00	732.59
1923.00	795.78
1924.00	777.06
1925.00	711.52
1926.00	772.38
1927.00	781.74
1928.00	755.99
1929.00	786.42
1930.00	786.42
1931.00	777.06
1932.00	772.38
1933.00	802.80
1934.00	772.38
1935.00	830.89
1936.00	779.40
1937.00	746.63
1938.00	751.31
1939.00	746.63
1940.00	760.67
1941.00	751.31
1942.00	765.36
1943.00	809.83
1944.00	751.31
1945.00	777.06
1946.00	685.78
1947.00	816.85
1948.00	753.65
1949.00	793.44
1950.00	809.83
1951.00	814.51
1952.00	1086.01
1953.00	2054.99
1954.00	4812.14
1955.00	7529.50
1956.00	8674.03
1957.00	6230.51
1958.00	4046.79
1959.00	2642.46
1960.00	1788.17
1961.00	1320.06
1962.00	987.71
1963.00	971.32
1964.00	833.23
1965.00	887.06
1966.00	753.65
1967.00	800.46
1968.00	723.23
1969.00	809.83
1970.00	739.61
1971.00	798.12
1972.00	851.96
1973.00	709.18
1974.00	751.31
1975.00	873.02
1976.00	767.70
1977.00	763.01
1978.00	767.70
1979.00	840.25
1980.00	889.40
1981.00	1062.60
1982.00	1116.44
1983.00	1200.69
1984.00	1006.43
1985.00	1032.18
1986.00	894.08
1987.00	807.48
1988.00	889.40
1989.00	837.91
1990.00	781.74
1991.00	791.10
1992.00	814.51
1993.00	826.21
1994.00	772.38
1995.00	781.74
1996.00	755.99
1997.00	767.70
1998.00	767.70
1999.00	802.80
2000.00	812.17
2001.00	798.12
2002.00	755.99
2003.00	793.44
2004.00	779.40
2005.00	774.72
2006.00	795.78
2007.00	784.08
2008.00	727.91
2009.00	828.55
2010.00	746.63
2011.00	791.10
2012.00	772.38
2013.00	809.83
2014.00	814.51
2015.00	840.25
2016.00	781.74
2017.00	814.51
2018.00	774.72
2019.00	760.67
2020.00	854.30
2021.00	781.74
2022.00	784.08
2023.00	800.46
2024.00	863.66
2025.00	1029.84
2026.00	1207.72
2027.00	1233.46
2028.00	1226.44
2029.00	1226.44
2030.00	2279.68
2031.00	6499.67
2032.00	12044.40
2033.00	16912.71
2034.00	15854.79
2035.00	10274.95
2036.00	6808.62
2037.00	4292.54
2038.00	2764.17
2039.00	1891.15
2040.00	1373.89
2041.00	1100.05
2042.00	919.83
2043.00	861.32
2044.00	800.46
2045.00	788.76
2046.00	898.77
2047.00	880.04
