0.00	638.97
1.00	638.97
2.00	638.97
3.00	559.39
4.00	613.22
5.00	517.26
6.00	606.20
7.00	552.37
8.00	566.41
9.00	507.90
10.00	465.77
11.00	550.03
12.00	538.32
13.00	550.03
14.00	547.69
15.00	648.33
16.00	648.33
17.00	575.77
18.00	571.09
19.00	620.24
20.00	566.41
21.00	645.99
22.00	669.39
23.00	664.71
24.00	660.03
25.00	678.76
26.00	704.50
27.00	676.41
28.00	678.76
29.00	685.78
30.00	763.01
31.00	638.97
32.00	688.12
33.00	685.78
34.00	716.20
35.00	664.71
36.00	737.27
37.00	748.97
38.00	755.99
39.00	758.33
40.00	702.16
41.00	760.67
42.00	692.80
43.00	786.42
44.00	758.33
45.00	751.31
46.00	723.23
47.00	709.18
48.00	835.57
49.00	774.72
50.00	706.84
51.00	699.82
52.00	744.29
53.00	786.42
54.00	765.36
55.00	711.52
56.00	699.82
57.00	753.65
58.00	763.01
59.00	737.27
60.00	683.44
61.00	634.29
62.00	650.67
63.00	802.80
64.00	716.20
65.00	725.57
66.00	723.23
67.00	671.73
68.00	671.73
69.00	767.70
70.00	748.97
71.00	713.86
72.00	730.25
73.00	758.33
74.00	631.94
75.00	734.93
76.00	669.39
77.00	634.29
78.00	755.99
79.00	758.33
80.00	760.67
81.00	746.63
82.00	688.12
83.00	678.76
84.00	699.82
85.00	758.33
86.00	723.23
87.00	711.52
88.00	709.18
89.00	802.80
90.00	763.01
91.00	683.44
92.00	767.70
93.00	713.86
94.00	669.39
95.00	695.14
96.00	720.88
97.00	744.29
98.00	697.48
99.00	723.23
100.00	763.01
101.00	702.16
102.00	793.44
103.00	709.18
104.00	779.40
105.00	767.70
106.00	739.61
107.00	711.52
108.00	730.25
109.00	763.01
110.00	685.78
111.00	681.10
112.00	765.36
113.00	763.01
114.00	681.10
115.00	758.33
116.00	723.23
117.00	727.91
118.00	751.31
119.00	695.14
120.00	720.88
121.00	692.80
122.00	788.76
123.00	688.12
124.00	669.39
125.00	774.72
126.00	664.71
127.00	734.93
128.00	734.93
129.00	751.31
130.00	720.88
131.00	725.57
132.00	725.57
133.00	692.80
134.00	744.29
135.00	667.05
136.00	774.72
137.00	753.65
138.00	748.97
139.00	741.95
140.00	760.67
141.00	706.84
142.00	727.91
143.00	697.48
144.00	753.65
145.00	800.46
146.00	751.31
147.00	791.10
148.00	737.27
149.00	704.50
150.00	704.50
151.00	755.99
152.00	770.04
153.00	730.25
154.00	732.59
155.00	758.33
156.00	718.54
157.00	732.59
158.00	723.23
159.00	746.63
160.00	737.27
161.00	702.16
162.00	730.25
163.00	746.63
164.00	746.63
165.00	748.97
166.00	748.97
167.00	777.06
168.00	741.95
169.00	800.46
170.00	786.42
171.00	779.40
172.00	730.25
173.00	807.48
174.00	767.70
175.00	765.36
176.00	765.36
177.00	709.18
178.00	734.93
179.00	772.38
180.00	727.91
181.00	716.20
182.00	809.83
183.00	760.67
184.00	697.48
185.00	741.95
186.00	770.04
187.00	760.67
188.00	669.39
189.00	667.05
190.00	720.88
191.00	784.08
192.00	748.97
193.00	753.65
194.00	774.72
195.00	702.16
196.00	755.99
197.00	777.06
198.00	765.36
199.00	758.33
200.00	767.70
201.00	723.23
202.00	844.93
203.00	786.42
204.00	770.04
205.00	760.67
206.00	699.82
207.00	662.37
208.00	692.80
209.00	788.76
210.00	800.46
211.00	786.42
212.00	744.29
213.00	699.82
214.00	704.50
215.00	746.63
216.00	777.06
217.00	788.76
218.00	770.04
219.00	730.25
220.00	718.54
221.00	734.93
222.00	753.65
223.00	711.52
224.00	741.95
225.00	718.54
226.00	751.31
227.00	730.25
228.00	699.82
229.00	753.65
230.00	791.10
231.00	718.54
232.00	760.67
233.00	695.14
234.00	751.31
235.00	765.36
236.00	751.31
237.00	746.63
238.00	706.84
239.00	767.70
240.00	746.63
241.00	732.59
242.00	798.12
243.00	755.99
244.00	744.29
245.00	695.14
246.00	758.33
247.00	777.06
248.00	758.33
249.00	734.93
250.00	727.91
251.00	706.84
252.00	772.38
253.00	723.23
254.00	723.23
255.00	713.86
256.00	795.78
257.00	720.88
258.00	781.74
259.00	704.50
260.00	763.01
261.00	770.04
262.00	720.88
263.00	763.01
264.00	798.12
265.00	718.54
266.00	713.86
267.00	779.40
268.00	753.65
269.00	791.10
270.00	744.29
271.00	802.80
272.00	814.51
273.00	816.85
274.00	798.12
275.00	795.78
276.00	833.23
277.00	770.04
278.00	751.31
279.00	753.65
280.00	791.10
281.00	772.38
282.00	819.19
283.00	723.23
284.00	791.10
285.00	791.10
286.00	760.67
287.00	702.16
288.00	709.18
289.00	720.88
290.00	763.01
291.00	709.18
292.00	711.52
293.00	763.01
294.00	702.16
295.00	786.42
296.00	821.53
297.00	709.18
298.00	692.80
299.00	720.88
300.00	734.93
301.00	730.25
302.00	718.54
303.00	765.36
304.00	620.24
305.00	704.50
306.00	746.63
307.00	763.01
308.00	737.27
309.00	823.87
310.00	823.87
311.00	763.01
312.00	788.76
313.00	760.67
314.00	772.38
315.00	702.16
316.00	732.59
317.00	786.42
318.00	772.38
319.00	784.08
320.00	744.29
321.00	739.61
322.00	718.54
323.00	784.08
324.00	746.63
325.00	788.76
326.00	779.40
327.00	741.95
328.00	746.63
329.00	758.33
330.00	737.27
331.00	746.63
332.00	793.44
333.00	741.95
334.00	758.33
335.00	706.84
336.00	809.83
337.00	781.74
338.00	716.20
339.00	727.91
340.00	739.61
341.00	730.25
342.00	718.54
343.00	741.95
344.00	774.72
345.00	835.57
346.00	802.80
347.00	802.80
348.00	727.91
349.00	826.21
350.00	781.74
351.00	774.72
352.00	840.25
353.00	748.97
354.00	788.76
355.00	755.99
356.00	734.93
357.00	753.65
358.00	795.78
359.00	821.53
360.00	788.76
361.00	737.27
362.00	697.48
363.00	732.59
364.00	751.31
365.00	697.48
366.00	730.25
367.00	791.10
368.00	774.72
369.00	709.18
370.00	779.40
371.00	748.97
372.00	781.74
373.00	819.19
374.00	744.29
375.00	746.63
376.00	730.25
377.00	777.06
378.00	730.25
379.00	763.01
380.00	709.18
381.00	746.63
382.00	697.48
383.00	784.08
384.00	802.80
385.00	795.78
386.00	765.36
387.00	751.31
388.00	683.44
389.00	760.67
390.00	798.12
391.00	734.93
392.00	748.97
393.00	730.25
394.00	702.16
395.00	674.07
396.00	816.85
397.00	748.97
398.00	711.52
399.00	770.04
400.00	788.76
401.00	725.57
402.00	716.20
403.00	741.95
404.00	758.33
405.00	816.85
406.00	779.40
407.00	741.95
408.00	777.06
409.00	767.70
410.00	748.97
411.00	655.35
412.00	755.99
413.00	727.91
414.00	662.37
415.00	730.25
416.00	744.29
417.00	711.52
418.00	725.57
419.00	781.74
420.00	685.78
421.00	709.18
422.00	800.46
423.00	716.20
424.00	725.57
425.00	777.06
426.00	760.67
427.00	683.44
428.00	774.72
429.00	751.31
430.00	772.38
431.00	753.65
432.00	760.67
433.00	760.67
434.00	802.80
435.00	751.31
436.00	755.99
437.00	709.18
438.00	746.63
439.00	697.48
440.00	744.29
441.00	739.61
442.00	786.42
443.00	858.98
444.00	746.63
445.00	674.07
446.00	777.06
447.00	732.59
448.00	791.10
449.00	706.84
450.00	788.76
451.00	784.08
452.00	760.67
453.00	760.67
454.00	674.07
455.00	746.63
456.00	741.95
457.00	821.53
458.00	760.67
459.00	741.95
460.00	692.80
461.00	765.36
462.00	784.08
463.00	758.33
464.00	732.59
465.00	716.20
466.00	690.46
467.00	765.36
468.00	727.91
469.00	734.93
470.00	727.91
471.00	720.88
472.00	739.61
473.00	770.04
474.00	800.46
475.00	692.80
476.00	725.57
477.00	758.33
478.00	603.86
479.00	737.27
480.00	718.54
481.00	774.72
482.00	664.71
483.00	716.20
484.00	718.54
485.00	791.10
486.00	791.10
487.00	791.10
488.00	720.88
489.00	823.87
490.00	755.99
491.00	723.23
492.00	777.06
493.00	739.61
494.00	760.67
495.00	737.27
496.00	739.61
497.00	718.54
498.00	805.14
499.00	774.72
500.00	786.42
501.00	774.72
502.00	816.85
503.00	816.85
504.00	702.16
505.00	734.93
506.00	725.57
507.00	835.57
508.00	704.50
509.00	793.44
510.00	772.38
511.00	723.23
512.00	767.70
513.00	741.95
514.00	734.93
515.00	737.27
516.00	744.29
517.00	767.70
518.00	737.27
519.00	802.80
520.00	669.39
521.00	653.01
522.00	772.38
523.00	685.78
524.00	697.48
525.00	713.86
526.00	709.18
527.00	704.50
528.00	678.76
529.00	734.93
530.00	702.16
531.00	802.80
532.00	767.70
533.00	793.44
534.00	755.99
535.00	786.42
536.00	695.14
537.00	774.72
538.00	765.36
539.00	795.78
540.00	737.27
541.00	798.12
542.00	781.74
543.00	788.76
544.00	767.70
545.00	725.57
546.00	709.18
547.00	760.67
548.00	781.74
549.00	697.48
550.00	741.95
551.00	770.04
552.00	690.46
553.00	812.17
554.00	751.31
555.00	748.97
556.00	774.72
557.00	716.20
558.00	765.36
559.00	781.74
560.00	744.29
561.00	709.18
562.00	676.41
563.00	793.44
564.00	676.41
565.00	732.59
566.00	709.18
567.00	716.20
568.00	781.74
569.00	727.91
570.00	748.97
571.00	830.89
572.00	770.04
573.00	767.70
574.00	823.87
575.00	800.46
576.00	730.25
577.00	695.14
578.00	723.23
579.00	716.20
580.00	720.88
581.00	713.86
582.00	713.86
583.00	751.31
584.00	758.33
585.00	755.99
586.00	788.76
587.00	823.87
588.00	807.48
589.00	765.36
590.00	784.08
591.00	763.01
592.00	748.97
593.00	800.46
594.00	741.95
595.00	741.95
596.00	695.14
597.00	730.25
598.00	809.83
599.00	758.33
600.00	713.86
601.00	837.91
602.00	695.14
603.00	734.93
604.00	786.42
605.00	774.72
606.00	690.46
607.00	779.40
608.00	711.52
609.00	692.80
610.00	765.36
611.00	711.52
612.00	711.52
613.00	713.86
614.00	737.27
615.00	720.88
616.00	753.65
617.00	821.53
618.00	763.01
619.00	755.99
620.00	730.25
621.00	779.40
622.00	784.08
623.00	772.38
624.00	734.93
625.00	767.70
626.00	753.65
627.00	760.67
628.00	791.10
629.00	758.33
630.00	732.59
631.00	779.40
632.00	763.01
633.00	716.20
634.00	655.35
635.00	744.29
636.00	741.95
637.00	823.87
638.00	732.59
639.00	765.36
640.00	788.76
641.00	734.93
642.00	730.25
643.00	774.72
644.00	704.50
645.00	770.04
646.00	770.04
647.00	695.14
648.00	716.20
649.00	748.97
650.00	800.46
651.00	774.72
652.00	760.67
653.00	793.44
654.00	739.61
655.00	786.42
656.00	713.86
657.00	772.38
658.00	777.06
659.00	737.27
660.00	711.52
661.00	777.06
662.00	774.72
663.00	779.40
664.00	739.61
665.00	720.88
666.00	786.42
667.00	819.19
668.00	826.21
669.00	772.38
670.00	716.20
671.00	748.97
672.00	809.83
673.00	741.95
674.00	753.65
675.00	737.27
676.00	734.93
677.00	697.48
678.00	800.46
679.00	779.40
680.00	748.97
681.00	741.95
682.00	683.44
683.00	713.86
684.00	774.72
685.00	781.74
686.00	753.65
687.00	784.08
688.00	760.67
689.00	760.67
690.00	741.95
691.00	711.52
692.00	748.97
693.00	840.25
694.00	739.61
695.00	814.51
696.00	812.17
697.00	725.57
698.00	767.70
699.00	758.33
700.00	751.31
701.00	826.21
702.00	772.38
703.00	748.97
704.00	781.74
705.00	718.54
706.00	791.10
707.00	755.99
708.00	760.67
709.00	730.25
710.00	802.80
711.00	786.42
712.00	788.76
713.00	758.33
714.00	755.99
715.00	730.25
716.00	741.95
717.00	718.54
718.00	795.78
719.00	821.53
720.00	763.01
721.00	730.25
722.00	774.72
723.00	807.48
724.00	767.70
725.00	760.67
726.00	798.12
727.00	821.53
728.00	816.85
729.00	746.63
730.00	777.06
731.00	697.48
732.00	748.97
733.00	760.67
734.00	791.10
735.00	814.51
736.00	826.21
737.00	770.04
738.00	772.38
739.00	730.25
740.00	704.50
741.00	706.84
742.00	755.99
743.00	690.46
744.00	723.23
745.00	800.46
746.00	770.04
747.00	767.70
748.00	737.27
749.00	770.04
750.00	774.72
751.00	791.10
752.00	753.65
753.00	784.08
754.00	802.80
755.00	772.38
756.00	809.83
757.00	732.59
758.00	763.01
759.00	739.61
760.00	716.20
761.00	765.36
762.00	800.46
763.00	741.95
764.00	716.20
765.00	781.74
766.00	748.97
767.00	770.04
768.00	774.72
769.00	760.67
770.00	751.31
771.00	800.46
772.00	697.48
773.00	833.23
774.00	734.93
775.00	744.29
776.00	774.72
777.00	720.88
778.00	704.50
779.00	795.78
780.00	732.59
781.00	786.42
782.00	772.38
783.00	763.01
784.00	786.42
785.00	748.97
786.00	770.04
787.00	779.40
788.00	723.23
789.00	739.61
790.00	772.38
791.00	774.72
792.00	734.93
793.00	779.40
794.00	788.76
795.00	732.59
796.00	828.55
797.00	812.17
798.00	816.85
799.00	777.06
800.00	805.14
801.00	755.99
802.00	774.72
803.00	732.59
804.00	765.36
805.00	777.06
806.00	758.33
807.00	781.74
808.00	692.80
809.00	802.80
810.00	767.70
811.00	774.72
812.00	798.12
813.00	688.12
814.00	784.08
815.00	699.82
816.00	765.36
817.00	755.99
818.00	772.38
819.00	720.88
820.00	711.52
821.00	800.46
822.00	828.55
823.00	727.91
824.00	819.19
825.00	704.50
826.00	725.57
827.00	702.16
828.00	751.31
829.00	755.99
830.00	765.36
831.00	798.12
832.00	713.86
833.00	739.61
834.00	788.76
835.00	793.44
836.00	781.74
837.00	816.85
838.00	732.59
839.00	798.12
840.00	781.74
841.00	709.18
842.00	746.63
843.00	758.33
844.00	786.42
845.00	788.76
846.00	814.51
847.00	786.42
848.00	786.42
849.00	786.42
850.00	763.01
851.00	737.27
852.00	788.76
853.00	723.23
854.00	730.25
855.00	793.44
856.00	760.67
857.00	725.57
858.00	823.87
859.00	814.51
860.00	732.59
861.00	765.36
862.00	786.42
863.00	753.65
864.00	779.40
865.00	779.40
866.00	697.48
867.00	685.78
868.00	737.27
869.00	866.00
870.00	716.20
871.00	748.97
872.00	732.59
873.00	706.84
874.00	692.80
875.00	777.06
876.00	737.27
877.00	685.78
878.00	751.31
879.00	802.80
880.00	772.38
881.00	807.48
882.00	720.88
883.00	802.80
884.00	819.19
885.00	692.80
886.00	748.97
887.00	713.86
888.00	741.95
889.00	786.42
890.00	770.04
891.00	765.36
892.00	781.74
893.00	774.72
894.00	791.10
895.00	744.29
896.00	795.78
897.00	746.63
898.00	706.84
899.00	800.46
900.00	779.40
901.00	751.31
902.00	793.44
903.00	746.63
904.00	791.10
905.00	821.53
906.00	959.62
907.00	791.10
908.00	858.98
909.00	875.36
910.00	725.57
911.00	849.61
912.00	910.47
913.00	926.85
914.00	954.94
915.00	866.00
916.00	828.55
917.00	823.87
918.00	866.00
919.00	840.25
920.00	772.38
921.00	669.39
922.00	833.23
923.00	772.38
924.00	786.42
925.00	807.48
926.00	788.76
927.00	791.10
928.00	770.04
929.00	690.46
930.00	716.20
931.00	802.80
932.00	713.86
933.00	748.97
934.00	784.08
935.00	772.38
936.00	709.18
937.00	748.97
938.00	753.65
939.00	779.40
940.00	781.74
941.00	793.44
942.00	791.10
943.00	837.91
944.00	866.00
945.00	828.55
946.00	1008.77
947.00	1537.73
948.00	1963.71
949.00	1811.57
950.00	1465.18
951.00	1266.23
952.00	1158.57
953.00	1029.84
954.00	922.17
955.00	819.19
956.00	870.68
957.00	730.25
958.00	870.68
959.00	755.99
960.00	744.29
961.00	767.70
962.00	755.99
963.00	741.95
964.00	772.38
965.00	734.93
966.00	807.48
967.00	774.72
968.00	741.95
969.00	812.17
970.00	765.36
971.00	830.89
972.00	758.33
973.00	753.65
974.00	720.88
975.00	798.12
976.00	739.61
977.00	723.23
978.00	882.38
979.00	657.69
980.00	781.74
981.00	798.12
982.00	734.93
983.00	751.31
984.00	763.01
985.00	765.36
986.00	809.83
987.00	727.91
988.00	791.10
989.00	791.10
990.00	793.44
991.00	725.57
992.00	758.33
993.00	781.74
994.00	763.01
995.00	788.76
996.00	779.40
997.00	777.06
998.00	744.29
999.00	716.20
1000.00	755.99
1001.00	784.08
1002.00	774.72
1003.00	763.01
1004.00	760.67
1005.00	758.33
1006.00	774.72
1007.00	788.76
1008.00	741.95
1009.00	725.57
1010.00	842.59
1011.00	793.44
1012.00	748.97
1013.00	760.67
1014.00	795.78
1015.00	826.21
1016.00	732.59
1017.00	727.91
1018.00	837.91
1019.00	755.99
1020.00	746.63
1021.00	723.23
1022.00	802.80
1023.00	774.72
1024.00	748.97
1025.00	786.42
1026.00	758.33
1027.00	760.67
1028.00	772.38
1029.00	777.06
1030.00	704.50
1031.00	704.50
1032.00	847.27
1033.00	725.57
1034.00	786.42
1035.00	739.61
1036.00	842.59
1037.00	725.57
1038.00	671.73
1039.00	807.48
1040.00	734.93
1041.00	725.57
1042.00	760.67
1043.00	767.70
1044.00	791.10
1045.00	753.65
1046.00	917.49
1047.00	819.19
1048.00	779.40
1049.00	753.65
1050.00	760.67
1051.00	753.65
1052.00	798.12
1053.00	786.42
1054.00	763.01
1055.00	814.51
1056.00	732.59
1057.00	744.29
1058.00	741.95
1059.00	819.19
1060.00	725.57
1061.00	730.25
1062.00	741.95
1063.00	788.76
1064.00	800.46
1065.00	786.42
1066.00	746.63
1067.00	720.88
1068.00	823.87
1069.00	727.91
1070.00	674.07
1071.00	809.83
1072.00	718.54
1073.00	662.37
1074.00	802.80
1075.00	741.95
1076.00	755.99
1077.00	760.67
1078.00	770.04
1079.00	755.99
1080.00	837.91
1081.00	763.01
1082.00	779.40
1083.00	767.70
1084.00	779.40
1085.00	795.78
1086.00	734.93
1087.00	784.08
1088.00	725.57
1089.00	814.51
1090.00	821.53
1091.00	779.40
1092.00	734.93
1093.00	774.72
1094.00	727.91
1095.00	744.29
1096.00	821.53
1097.00	784.08
1098.00	807.48
1099.00	765.36
1100.00	929.19
1101.00	784.08
1102.00	837.91
1103.00	814.51
1104.00	784.08
1105.00	702.16
1106.00	699.82
1107.00	840.25
1108.00	786.42
1109.00	819.19
1110.00	772.38
1111.00	716.20
1112.00	706.84
1113.00	734.93
1114.00	760.67
1115.00	734.93
1116.00	760.67
1117.00	730.25
1118.00	784.08
1119.00	734.93
1120.00	753.65
1121.00	849.61
1122.00	793.44
1123.00	891.74
1124.00	765.36
1125.00	847.27
1126.00	805.14
1127.00	748.97
1128.00	770.04
1129.00	770.04
1130.00	772.38
1131.00	828.55
1132.00	716.20
1133.00	777.06
1134.00	770.04
1135.00	744.29
1136.00	791.10
1137.00	737.27
1138.00	816.85
1139.00	781.74
1140.00	849.61
1141.00	746.63
1142.00	751.31
1143.00	767.70
1144.00	784.08
1145.00	760.67
1146.00	793.44
1147.00	812.17
1148.00	770.04
1149.00	779.40
1150.00	833.23
1151.00	847.27
1152.00	748.97
1153.00	847.27
1154.00	851.96
1155.00	793.44
1156.00	734.93
1157.00	901.11
1158.00	894.08
1159.00	856.64
1160.00	816.85
1161.00	821.53
1162.00	774.72
1163.00	748.97
1164.00	798.12
1165.00	814.51
1166.00	877.70
1167.00	1060.26
1168.00	1121.12
1169.00	1170.27
1170.00	1142.18
1171.00	1086.01
1172.00	940.90
1173.00	903.45
1174.00	844.93
1175.00	870.68
1176.00	844.93
1177.00	870.68
1178.00	847.27
1179.00	901.11
1180.00	784.08
1181.00	856.64
1182.00	844.93
1183.00	819.19
1184.00	898.77
1185.00	814.51
1186.00	807.48
1187.00	781.74
1188.00	791.10
1189.00	828.55
1190.00	823.87
1191.00	856.64
1192.00	861.32
1193.00	898.77
1194.00	849.61
1195.00	968.98
1196.00	959.62
1197.00	823.87
1198.00	954.94
1199.00	931.53
1200.00	884.72
1201.00	1011.11
1202.00	1083.67
1203.00	1188.99
1204.00	1146.86
1205.00	1006.43
1206.00	1053.24
1207.00	976.00
1208.00	924.51
1209.00	1036.86
1210.00	931.53
1211.00	985.37
1212.00	990.05
1213.00	1076.65
1214.00	1107.07
1215.00	1123.46
1216.00	1200.69
1217.00	1416.02
1218.00	1586.88
1219.00	1589.22
1220.00	3171.43
1221.00	17411.25
1222.00	48545.05
1223.00	63327.87
1224.00	62724.02
1225.00	54244.26
1226.00	40538.08
1227.00	29907.37
1228.00	24702.01
1229.00	18019.78
1230.00	8512.53
1231.00	3604.42
1232.00	1989.46
1233.00	1448.79
1234.00	1376.24
1235.00	1280.27
1236.00	1256.87
1237.00	1174.95
1238.00	1093.03
1239.00	1479.22
1240.00	3101.21
1241.00	5287.27
1242.00	6513.71
1243.00	5408.98
1244.00	4117.00
1245.00	3033.33
1246.00	2745.45
1247.00	2326.49
1248.00	1732.00
1249.00	1121.12
1250.00	980.68
1251.00	964.30
1252.00	896.43
1253.00	971.32
1254.00	1011.11
1255.00	950.26
1256.00	976.00
1257.00	999.41
1258.00	976.00
1259.00	976.00
1260.00	894.08
1261.00	952.60
1262.00	940.90
1263.00	943.24
1264.00	952.60
1265.00	924.51
1266.00	882.38
1267.00	858.98
1268.00	842.59
1269.00	912.81
1270.00	835.57
1271.00	798.12
1272.00	851.96
1273.00	779.40
1274.00	830.89
1275.00	851.96
1276.00	844.93
1277.00	917.49
1278.00	929.19
1279.00	2197.76
1280.00	5659.42
1281.00	9846.63
1282.00	11154.99
1283.00	8702.11
1284.00	6321.79
1285.00	4823.84
1286.00	3873.59
1287.00	3318.88
1288.00	2047.97
1289.00	1343.47
1290.00	959.62
1291.00	875.36
1292.00	821.53
1293.00	891.74
1294.00	863.66
1295.00	971.32
1296.00	887.06
1297.00	833.23
1298.00	992.39
1299.00	1451.13
1300.00	2410.75
1301.00	3103.55
1302.00	2860.13
1303.00	2232.87
1304.00	1785.83
1305.00	1561.14
1306.00	1399.64
1307.00	1217.08
1308.00	968.98
1309.00	999.41
1310.00	929.19
1311.00	884.72
1312.00	823.87
1313.00	805.14
1314.00	833.23
1315.00	837.91
1316.00	856.64
1317.00	826.21
1318.00	863.66
1319.00	720.88
1320.00	704.50
1321.00	856.64
1322.00	770.04
1323.00	837.91
1324.00	793.44
1325.00	805.14
1326.00	821.53
1327.00	847.27
1328.00	805.14
1329.00	730.25
1330.00	770.04
1331.00	784.08
1332.00	854.30
1333.00	985.37
1334.00	1652.42
1335.00	2736.09
1336.00	3463.99
1337.00	2979.50
1338.00	2319.47
1339.00	1902.86
1340.00	1680.50
1341.00	1544.75
1342.00	1238.14
1343.00	983.02
1344.00	870.68
1345.00	898.77
1346.00	898.77
1347.00	849.61
1348.00	805.14
1349.00	854.30
1350.00	933.87
1351.00	840.25
1352.00	842.59
1353.00	887.06
1354.00	802.80
1355.00	835.57
1356.00	819.19
1357.00	875.36
1358.00	933.87
1359.00	858.98
1360.00	903.45
1361.00	999.41
1362.00	2195.42
1363.00	5472.17
1364.00	8638.92
1365.00	9565.77
1366.00	7091.82
1367.00	5219.39
1368.00	4072.53
1369.00	3353.99
1370.00	2630.76
1371.00	1755.40
1372.00	1228.78
1373.00	1071.97
1374.00	1069.62
1375.00	1125.80
1376.00	2860.13
1377.00	8248.05
1378.00	14544.09
1379.00	16683.34
1380.00	12938.48
1381.00	9221.71
1382.00	6637.76
1383.00	5495.58
1384.00	4421.27
1385.00	2693.96
1386.00	1472.20
1387.00	1102.39
1388.00	1015.79
1389.00	938.55
1390.00	978.34
1391.00	844.93
1392.00	809.83
1393.00	915.15
1394.00	870.68
1395.00	858.98
1396.00	896.43
1397.00	875.36
1398.00	1034.52
1399.00	1205.38
1400.00	1275.59
1401.00	1270.91
1402.00	1139.84
1403.00	1071.97
1404.00	1111.75
1405.00	1074.31
1406.00	1928.60
1407.00	7845.48
1408.00	18731.31
1409.00	27374.91
1410.00	24336.89
1411.00	17659.34
1412.00	12360.37
1413.00	9259.16
1414.00	7630.15
1415.00	5116.41
1416.00	2574.59
1417.00	1455.81
1418.00	1240.48
1419.00	1158.57
1420.00	1879.45
1421.00	3983.59
1422.00	6637.76
1423.00	7323.54
1424.00	5678.14
1425.00	4121.68
1426.00	3124.62
1427.00	2710.34
1428.00	2024.56
1429.00	1488.58
1430.00	1128.14
1431.00	854.30
1432.00	849.61
1433.00	884.72
1434.00	910.47
1435.00	875.36
1436.00	915.15
1437.00	821.53
1438.00	793.44
1439.00	793.44
1440.00	844.93
1441.00	753.65
1442.00	812.17
1443.00	763.01
1444.00	849.61
1445.00	800.46
1446.00	819.19
1447.00	873.02
1448.00	779.40
1449.00	774.72
1450.00	765.36
1451.00	884.72
1452.00	847.27
1453.00	798.12
1454.00	912.81
1455.00	1273.25
1456.00	2286.70
1457.00	4042.11
1458.00	4610.86
1459.00	3915.72
1460.00	3021.63
1461.00	2326.49
1462.00	1909.88
1463.00	1547.09
1464.00	1263.89
1465.00	973.66
1466.00	926.85
1467.00	809.83
1468.00	917.49
1469.00	816.85
1470.00	795.78
1471.00	805.14
1472.00	779.40
1473.00	763.01
1474.00	798.12
1475.00	772.38
1476.00	828.55
1477.00	812.17
1478.00	812.17
1479.00	842.59
1480.00	798.12
1481.00	861.32
1482.00	802.80
1483.00	896.43
1484.00	858.98
1485.00	802.80
1486.00	844.93
1487.00	1219.42
1488.00	3414.84
1489.00	8868.29
1490.00	13858.31
1491.00	13865.33
1492.00	10169.63
1493.00	7253.32
1494.00	5331.74
1495.00	4458.72
1496.00	3204.19
1497.00	1865.41
1498.00	1207.72
1499.00	971.32
1500.00	910.47
1501.00	905.79
1502.00	819.19
1503.00	809.83
1504.00	835.57
1505.00	910.47
1506.00	753.65
1507.00	819.19
1508.00	870.68
1509.00	779.40
1510.00	793.44
1511.00	884.72
1512.00	844.93
1513.00	1039.20
1514.00	2036.27
1515.00	3389.10
1516.00	4292.54
1517.00	3606.77
1518.00	2743.11
1519.00	2127.55
1520.00	1874.77
1521.00	1668.80
1522.00	1233.46
1523.00	1034.52
1524.00	884.72
1525.00	898.77
1526.00	826.21
1527.00	858.98
1528.00	840.25
1529.00	856.64
1530.00	919.83
1531.00	922.17
1532.00	1057.92
1533.00	2057.33
1534.00	5008.75
1535.00	8564.02
1536.00	10457.51
1537.00	8131.02
1538.00	5853.68
1539.00	4306.59
1540.00	3494.42
1541.00	2787.58
1542.00	1827.96
1543.00	1233.46
1544.00	1027.50
1545.00	896.43
1546.00	887.06
1547.00	870.68
1548.00	844.93
1549.00	891.74
1550.00	837.91
1551.00	840.25
1552.00	851.96
1553.00	821.53
1554.00	851.96
1555.00	884.72
1556.00	912.81
1557.00	858.98
1558.00	849.61
1559.00	772.38
1560.00	840.25
1561.00	863.66
1562.00	812.17
1563.00	1011.11
1564.00	978.34
1565.00	1186.65
1566.00	4175.52
1567.00	10925.62
1568.00	17898.08
1569.00	18260.86
1570.00	12994.65
1571.00	9284.91
1572.00	6796.92
1573.00	5626.65
1574.00	3936.78
1575.00	2408.41
1576.00	1577.52
1577.00	1373.89
1578.00	1769.44
1579.00	6211.78
1580.00	16760.58
1581.00	28051.32
1582.00	29483.73
1583.00	21104.61
1584.00	14417.70
1585.00	10668.16
1586.00	8484.44
1587.00	5734.31
1588.00	3150.36
1589.00	1739.02
1590.00	1224.10
1591.00	1069.62
1592.00	954.94
1593.00	978.34
1594.00	952.60
1595.00	870.68
1596.00	847.27
1597.00	788.76
1598.00	912.81
1599.00	854.30
1600.00	795.78
1601.00	842.59
1602.00	877.70
1603.00	755.99
1604.00	774.72
1605.00	774.72
1606.00	840.25
1607.00	795.78
1608.00	753.65
1609.00	821.53
1610.00	802.80
1611.00	807.48
1612.00	814.51
1613.00	777.06
1614.00	765.36
1615.00	772.38
1616.00	786.42
1617.00	788.76
1618.00	795.78
1619.00	816.85
1620.00	791.10
1621.00	840.25
1622.00	814.51
1623.00	819.19
1624.00	713.86
1625.00	805.14
1626.00	765.36
1627.00	807.48
1628.00	819.19
1629.00	833.23
1630.00	816.85
1631.00	739.61
1632.00	779.40
1633.00	805.14
1634.00	903.45
1635.00	821.53
1636.00	798.12
1637.00	814.51
1638.00	814.51
1639.00	800.46
1640.00	791.10
1641.00	851.96
1642.00	816.85
1643.00	795.78
1644.00	835.57
1645.00	814.51
1646.00	770.04
1647.00	847.27
1648.00	861.32
1649.00	999.41
1650.00	2562.89
1651.00	7143.32
1652.00	12886.99
1653.00	15812.66
1654.00	12348.67
1655.00	8961.91
1656.00	6387.32
1657.00	4905.76
1658.00	3754.22
1659.00	2289.04
1660.00	1476.88
1661.00	1093.03
1662.00	936.21
1663.00	844.93
1664.00	884.72
1665.00	931.53
1666.00	826.21
1667.00	826.21
1668.00	1139.84
1669.00	2614.38
1670.00	4383.82
1671.00	5774.10
1672.00	4903.42
1673.00	3840.82
1674.00	2850.77
1675.00	2399.05
1676.00	1874.77
1677.00	1364.53
1678.00	1086.01
1679.00	896.43
1680.00	793.44
1681.00	793.44
1682.00	798.12
1683.00	837.91
1684.00	781.74
1685.00	828.55
1686.00	816.85
1687.00	784.08
1688.00	770.04
1689.00	842.59
1690.00	753.65
1691.00	786.42
1692.00	777.06
1693.00	802.80
1694.00	763.01
1695.00	770.04
1696.00	800.46
1697.00	685.78
1698.00	791.10
1699.00	781.74
1700.00	788.76
1701.00	814.51
1702.00	732.59
1703.00	821.53
1704.00	770.04
1705.00	767.70
1706.00	861.32
1707.00	840.25
1708.00	795.78
1709.00	826.21
1710.00	753.65
1711.00	727.91
1712.00	849.61
1713.00	805.14
1714.00	1378.58
1715.00	3396.12
1716.00	6047.94
1717.00	7676.96
1718.00	6892.88
1719.00	5270.89
1720.00	3798.69
1721.00	3091.85
1722.00	2373.30
1723.00	1537.73
1724.00	1146.86
1725.00	992.39
1726.00	866.00
1727.00	847.27
1728.00	755.99
1729.00	763.01
1730.00	791.10
1731.00	802.80
1732.00	746.63
1733.00	800.46
1734.00	737.27
1735.00	704.50
1736.00	786.42
1737.00	772.38
1738.00	786.42
1739.00	791.10
1740.00	767.70
1741.00	755.99
1742.00	755.99
1743.00	765.36
1744.00	713.86
1745.00	741.95
1746.00	777.06
1747.00	777.06
1748.00	739.61
1749.00	763.01
1750.00	763.01
1751.00	786.42
1752.00	774.72
1753.00	805.14
1754.00	807.48
1755.00	816.85
1756.00	821.53
1757.00	755.99
1758.00	793.44
1759.00	807.48
1760.00	793.44
1761.00	760.67
1762.00	809.83
1763.00	758.33
1764.00	763.01
1765.00	837.91
1766.00	748.97
1767.00	809.83
1768.00	866.00
1769.00	1048.56
1770.00	1935.62
1771.00	5530.69
1772.00	10298.36
1773.00	13446.38
1774.00	11674.59
1775.00	8650.62
1776.00	6291.36
1777.00	4542.98
1778.00	2930.35
1779.00	1909.88
1780.00	1362.19
1781.00	1135.16
1782.00	957.28
1783.00	894.08
1784.00	898.77
1785.00	828.55
1786.00	863.66
1787.00	744.29
1788.00	800.46
1789.00	688.12
1790.00	826.21
1791.00	828.55
1792.00	798.12
1793.00	828.55
1794.00	755.99
1795.00	781.74
1796.00	837.91
1797.00	1039.20
1798.00	2146.27
1799.00	4826.18
1800.00	7641.85
1801.00	8781.69
1802.00	7049.69
1803.00	5277.91
1804.00	3847.84
1805.00	2476.29
1806.00	1703.91
1807.00	1284.95
1808.00	1034.52
1809.00	926.85
1810.00	870.68
1811.00	821.53
1812.00	770.04
1813.00	746.63
1814.00	732.59
1815.00	767.70
1816.00	690.46
1817.00	770.04
1818.00	767.70
1819.00	840.25
1820.00	833.23
1821.00	725.57
1822.00	772.38
1823.00	732.59
1824.00	858.98
1825.00	910.47
1826.00	833.23
1827.00	849.61
1828.00	894.08
1829.00	805.14
1830.00	814.51
1831.00	758.33
1832.00	861.32
1833.00	767.70
1834.00	734.93
1835.00	718.54
1836.00	737.27
1837.00	835.57
1838.00	718.54
1839.00	720.88
1840.00	748.97
1841.00	727.91
1842.00	723.23
1843.00	763.01
1844.00	781.74
1845.00	734.93
1846.00	727.91
1847.00	739.61
1848.00	760.67
1849.00	791.10
1850.00	781.74
1851.00	767.70
1852.00	711.52
1853.00	720.88
1854.00	767.70
1855.00	699.82
1856.00	727.91
1857.00	770.04
1858.00	767.70
1859.00	718.54
1860.00	777.06
1861.00	779.40
1862.00	744.29
1863.00	788.76
1864.00	798.12
1865.00	800.46
1866.00	784.08
1867.00	725.57
1868.00	755.99
1869.00	791.10
1870.00	809.83
1871.00	727.91
1872.00	671.73
1873.00	695.14
1874.00	723.23
1875.00	763.01
1876.00	725.57
1877.00	763.01
1878.00	716.20
1879.00	833.23
1880.00	727.91
1881.00	767.70
1882.00	819.19
1883.00	734.93
1884.00	734.93
1885.00	784.08
1886.00	842.59
1887.00	816.85
1888.00	748.97
1889.00	755.99
1890.00	774.72
1891.00	711.52
1892.00	777.06
1893.00	704.50
1894.00	779.40
1895.00	777.06
1896.00	830.89
1897.00	793.44
1898.00	709.18
1899.00	828.55
1900.00	795.78
1901.00	725.57
1902.00	774.72
1903.00	746.63
1904.00	805.14
1905.00	734.93
1906.00	732.59
1907.00	767.70
1908.00	770.04
1909.00	765.36
1910.00	779.40
1911.00	786.42
1912.00	800.46
1913.00	894.08
1914.00	870.68
1915.00	840.25
1916.00	788.76
1917.00	758.33
1918.00	763.01
1919.00	720.88
1920.00	725.57
1921.00	840.25
1922.00	826.21
1923.00	800.46
1924.00	758.33
1925.00	784.08
1926.00	730.25
1927.00	763.01
1928.00	760.67
1929.00	781.74
1930.00	730.25
1931.00	744.29
1932.00	767.70
1933.00	704.50
1934.00	774.72
1935.00	739.61
1936.00	716.20
1937.00	744.29
1938.00	763.01
1939.00	702.16
1940.00	765.36
1941.00	702.16
1942.00	781.74
1943.00	802.80
1944.00	765.36
1945.00	770.04
1946.00	720.88
1947.00	723.23
1948.00	798.12
1949.00	777.06
1950.00	812.17
1951.00	781.74
1952.00	1034.52
1953.00	2040.95
1954.00	4311.27
1955.00	6827.34
1956.00	7485.03
1957.00	5565.79
1958.00	3574.00
1959.00	2382.67
1960.00	1572.84
1961.00	1238.14
1962.00	1053.24
1963.00	877.70
1964.00	877.70
1965.00	793.44
1966.00	821.53
1967.00	851.96
1968.00	777.06
1969.00	746.63
1970.00	685.78
1971.00	723.23
1972.00	819.19
1973.00	770.04
1974.00	847.27
1975.00	765.36
1976.00	758.33
1977.00	734.93
1978.00	690.46
1979.00	837.91
1980.00	894.08
1981.00	997.07
1982.00	1177.29
1983.00	1153.88
1984.00	1025.15
1985.00	1022.81
1986.00	830.89
1987.00	770.04
1988.00	826.21
1989.00	753.65
1990.00	755.99
1991.00	835.57
1992.00	779.40
1993.00	786.42
1994.00	767.70
1995.00	765.36
1996.00	781.74
1997.00	788.76
1998.00	725.57
1999.00	765.36
2000.00	847.27
2001.00	784.08
2002.00	765.36
2003.00	849.61
2004.00	737.27
2005.00	833.23
2006.00	737.27
2007.00	755.99
2008.00	837.91
2009.00	755.99
2010.00	746.63
2011.00	779.40
2012.00	723.23
2013.00	772.38
2014.00	819.19
2015.00	814.51
2016.00	774.72
2017.00	723.23
2018.00	774.72
2019.00	861.32
2020.00	774.72
2021.00	786.42
2022.00	795.78
2023.00	807.48
2024.00	847.27
2025.00	1069.62
2026.00	1128.14
2027.00	1135.16
2028.00	1123.46
2029.00	1158.57
2030.00	2200.10
2031.00	6179.01
2032.00	11084.78
2033.00	14586.22
2034.00	13614.90
2035.00	9064.89
2036.00	6164.97
2037.00	3875.93
2038.00	2438.84
2039.00	1645.40
2040.00	1109.41
2041.00	1032.18
2042.00	1018.13
2043.00	866.00
2044.00	912.81
2045.00	866.00
2046.00	833.23
2047.00	880.04
