0.00	617.90
1.00	617.90
2.00	617.90
3.00	550.03
4.00	575.77
5.00	622.58
6.00	554.71
7.00	559.39
8.00	524.28
9.00	564.07
10.00	521.94
11.00	554.71
12.00	571.09
13.00	535.98
14.00	613.22
15.00	599.18
16.00	526.62
17.00	571.09
18.00	631.94
19.00	587.47
20.00	547.69
21.00	582.79
22.00	634.29
23.00	636.63
24.00	550.03
25.00	664.71
26.00	660.03
27.00	664.71
28.00	739.61
29.00	662.37
30.00	660.03
31.00	681.10
32.00	713.86
33.00	681.10
34.00	727.91
35.00	688.12
36.00	758.33
37.00	704.50
38.00	734.93
39.00	767.70
40.00	746.63
41.00	702.16
42.00	650.67
43.00	660.03
44.00	772.38
45.00	800.46
46.00	791.10
47.00	695.14
48.00	739.61
49.00	718.54
50.00	770.04
51.00	781.74
52.00	711.52
53.00	770.04
54.00	683.44
55.00	793.44
56.00	753.65
57.00	645.99
58.00	751.31
59.00	751.31
60.00	725.57
61.00	739.61
62.00	674.07
63.00	699.82
64.00	716.20
65.00	812.17
66.00	779.40
67.00	723.23
68.00	683.44
69.00	732.59
70.00	751.31
71.00	709.18
72.00	706.84
73.00	692.80
74.00	737.27
75.00	655.35
76.00	781.74
77.00	674.07
78.00	800.46
79.00	739.61
80.00	758.33
81.00	763.01
82.00	702.16
83.00	746.63
84.00	805.14
85.00	732.59
86.00	695.14
87.00	699.82
88.00	713.86
89.00	758.33
90.00	739.61
91.00	718.54
92.00	748.97
93.00	718.54
94.00	669.39
95.00	753.65
96.00	681.10
97.00	751.31
98.00	699.82
99.00	664.71
100.00	706.84
101.00	732.59
102.00	741.95
103.00	732.59
104.00	774.72
105.00	713.86
106.00	702.16
107.00	720.88
108.00	760.67
109.00	737.27
110.00	758.33
111.00	676.41
112.00	727.91
113.00	699.82
114.00	690.46
115.00	692.80
116.00	763.01
117.00	690.46
118.00	718.54
119.00	758.33
120.00	723.23
121.00	676.41
122.00	779.40
123.00	716.20
124.00	655.35
125.00	793.44
126.00	718.54
127.00	699.82
128.00	732.59
129.00	725.57
130.00	779.40
131.00	723.23
132.00	746.63
133.00	711.52
134.00	727.91
135.00	655.35
136.00	725.57
137.00	744.29
138.00	765.36
139.00	692.80
140.00	718.54
141.00	723.23
142.00	704.50
143.00	706.84
144.00	755.99
145.00	716.20
146.00	802.80
147.00	765.36
148.00	791.10
149.00	753.65
150.00	723.23
151.00	758.33
152.00	725.57
153.00	711.52
154.00	755.99
155.00	748.97
156.00	669.39
157.00	692.80
158.00	786.42
159.00	755.99
160.00	671.73
161.00	688.12
162.00	753.65
163.00	751.31
164.00	671.73
165.00	688.12
166.00	667.05
167.00	781.74
168.00	730.25
169.00	704.50
170.00	702.16
171.00	699.82
172.00	716.20
173.00	739.61
174.00	711.52
175.00	788.76
176.00	622.58
177.00	723.23
178.00	732.59
179.00	748.97
180.00	720.88
181.00	706.84
182.00	744.29
183.00	781.74
184.00	741.95
185.00	702.16
186.00	737.27
187.00	718.54
188.00	706.84
189.00	678.76
190.00	676.41
191.00	716.20
192.00	732.59
193.00	786.42
194.00	739.61
195.00	781.74
196.00	774.72
197.00	755.99
198.00	763.01
199.00	788.76
200.00	758.33
201.00	770.04
202.00	711.52
203.00	744.29
204.00	725.57
205.00	751.31
206.00	777.06
207.00	723.23
208.00	713.86
209.00	678.76
210.00	779.40
211.00	763.01
212.00	748.97
213.00	739.61
214.00	713.86
215.00	751.31
216.00	720.88
217.00	669.39
218.00	763.01
219.00	751.31
220.00	741.95
221.00	781.74
222.00	727.91
223.00	734.93
224.00	748.97
225.00	781.74
226.00	695.14
227.00	786.42
228.00	711.52
229.00	753.65
230.00	730.25
231.00	800.46
232.00	763.01
233.00	718.54
234.00	795.78
235.00	716.20
236.00	720.88
237.00	688.12
238.00	667.05
239.00	650.67
240.00	744.29
241.00	725.57
242.00	774.72
243.00	800.46
244.00	683.44
245.00	697.48
246.00	725.57
247.00	734.93
248.00	755.99
249.00	704.50
250.00	674.07
251.00	727.91
252.00	751.31
253.00	772.38
254.00	718.54
255.00	695.14
256.00	772.38
257.00	711.52
258.00	723.23
259.00	699.82
260.00	760.67
261.00	695.14
262.00	765.36
263.00	755.99
264.00	777.06
265.00	690.46
266.00	746.63
267.00	786.42
268.00	774.72
269.00	774.72
270.00	676.41
271.00	763.01
272.00	816.85
273.00	840.25
274.00	842.59
275.00	851.96
276.00	767.70
277.00	751.31
278.00	826.21
279.00	683.44
280.00	786.42
281.00	704.50
282.00	692.80
283.00	744.29
284.00	711.52
285.00	770.04
286.00	720.88
287.00	739.61
288.00	800.46
289.00	739.61
290.00	748.97
291.00	748.97
292.00	737.27
293.00	777.06
294.00	706.84
295.00	720.88
296.00	692.80
297.00	746.63
298.00	842.59
299.00	791.10
300.00	772.38
301.00	713.86
302.00	725.57
303.00	655.35
304.00	699.82
305.00	763.01
306.00	779.40
307.00	711.52
308.00	739.61
309.00	884.72
310.00	755.99
311.00	844.93
312.00	798.12
313.00	748.97
314.00	755.99
315.00	713.86
316.00	823.87
317.00	809.83
318.00	758.33
319.00	697.48
320.00	760.67
321.00	713.86
322.00	734.93
323.00	763.01
324.00	767.70
325.00	758.33
326.00	781.74
327.00	788.76
328.00	833.23
329.00	702.16
330.00	758.33
331.00	723.23
332.00	744.29
333.00	788.76
334.00	739.61
335.00	753.65
336.00	713.86
337.00	697.48
338.00	718.54
339.00	748.97
340.00	685.78
341.00	741.95
342.00	741.95
343.00	730.25
344.00	786.42
345.00	805.14
346.00	795.78
347.00	779.40
348.00	758.33
349.00	826.21
350.00	816.85
351.00	763.01
352.00	833.23
353.00	751.31
354.00	840.25
355.00	807.48
356.00	699.82
357.00	683.44
358.00	816.85
359.00	753.65
360.00	739.61
361.00	777.06
362.00	711.52
363.00	739.61
364.00	751.31
365.00	692.80
366.00	802.80
367.00	702.16
368.00	763.01
369.00	737.27
370.00	692.80
371.00	772.38
372.00	788.76
373.00	706.84
374.00	723.23
375.00	702.16
376.00	725.57
377.00	805.14
378.00	690.46
379.00	732.59
380.00	690.46
381.00	730.25
382.00	669.39
383.00	765.36
384.00	716.20
385.00	725.57
386.00	713.86
387.00	734.93
388.00	781.74
389.00	779.40
390.00	732.59
391.00	706.84
392.00	748.97
393.00	751.31
394.00	746.63
395.00	730.25
396.00	709.18
397.00	763.01
398.00	821.53
399.00	751.31
400.00	779.40
401.00	788.76
402.00	669.39
403.00	702.16
404.00	727.91
405.00	699.82
406.00	695.14
407.00	692.80
408.00	734.93
409.00	718.54
410.00	814.51
411.00	744.29
412.00	755.99
413.00	755.99
414.00	774.72
415.00	748.97
416.00	809.83
417.00	767.70
418.00	706.84
419.00	760.67
420.00	805.14
421.00	753.65
422.00	814.51
423.00	739.61
424.00	760.67
425.00	772.38
426.00	739.61
427.00	784.08
428.00	784.08
429.00	758.33
430.00	734.93
431.00	755.99
432.00	823.87
433.00	732.59
434.00	725.57
435.00	760.67
436.00	744.29
437.00	741.95
438.00	718.54
439.00	765.36
440.00	723.23
441.00	727.91
442.00	706.84
443.00	844.93
444.00	716.20
445.00	730.25
446.00	760.67
447.00	734.93
448.00	737.27
449.00	753.65
450.00	711.52
451.00	753.65
452.00	840.25
453.00	755.99
454.00	763.01
455.00	732.59
456.00	709.18
457.00	758.33
458.00	732.59
459.00	706.84
460.00	739.61
461.00	767.70
462.00	727.91
463.00	706.84
464.00	690.46
465.00	758.33
466.00	760.67
467.00	713.86
468.00	650.67
469.00	777.06
470.00	711.52
471.00	746.63
472.00	732.59
473.00	746.63
474.00	716.20
475.00	702.16
476.00	755.99
477.00	732.59
478.00	744.29
479.00	720.88
480.00	676.41
481.00	662.37
482.00	767.70
483.00	720.88
484.00	713.86
485.00	739.61
486.00	702.16
487.00	734.93
488.00	765.36
489.00	741.95
490.00	739.61
491.00	760.67
492.00	699.82
493.00	760.67
494.00	690.46
495.00	805.14
496.00	725.57
497.00	741.95
498.00	758.33
499.00	690.46
500.00	758.33
501.00	732.59
502.00	734.93
503.00	739.61
504.00	786.42
505.00	716.20
506.00	688.12
507.00	896.43
508.00	748.97
509.00	763.01
510.00	716.20
511.00	657.69
512.00	688.12
513.00	791.10
514.00	732.59
515.00	767.70
516.00	772.38
517.00	723.23
518.00	800.46
519.00	723.23
520.00	767.70
521.00	711.52
522.00	746.63
523.00	697.48
524.00	727.91
525.00	702.16
526.00	781.74
527.00	781.74
528.00	744.29
529.00	725.57
530.00	744.29
531.00	758.33
532.00	695.14
533.00	760.67
534.00	737.27
535.00	814.51
536.00	814.51
537.00	786.42
538.00	777.06
539.00	751.31
540.00	784.08
541.00	781.74
542.00	765.36
543.00	744.29
544.00	746.63
545.00	800.46
546.00	748.97
547.00	725.57
548.00	741.95
549.00	751.31
550.00	774.72
551.00	697.48
552.00	692.80
553.00	765.36
554.00	767.70
555.00	748.97
556.00	777.06
557.00	741.95
558.00	807.48
559.00	706.84
560.00	758.33
561.00	737.27
562.00	718.54
563.00	781.74
564.00	739.61
565.00	746.63
566.00	643.65
567.00	779.40
568.00	798.12
569.00	709.18
570.00	744.29
571.00	774.72
572.00	830.89
573.00	793.44
574.00	812.17
575.00	741.95
576.00	781.74
577.00	725.57
578.00	765.36
579.00	734.93
580.00	727.91
581.00	758.33
582.00	737.27
583.00	814.51
584.00	739.61
585.00	713.86
586.00	805.14
587.00	767.70
588.00	692.80
589.00	711.52
590.00	741.95
591.00	767.70
592.00	711.52
593.00	765.36
594.00	805.14
595.00	734.93
596.00	835.57
597.00	713.86
598.00	755.99
599.00	744.29
600.00	727.91
601.00	690.46
602.00	688.12
603.00	741.95
604.00	781.74
605.00	720.88
606.00	716.20
607.00	739.61
608.00	678.76
609.00	772.38
610.00	739.61
611.00	812.17
612.00	784.08
613.00	744.29
614.00	713.86
615.00	732.59
616.00	741.95
617.00	784.08
618.00	744.29
619.00	702.16
620.00	784.08
621.00	812.17
622.00	760.67
623.00	748.97
624.00	683.44
625.00	732.59
626.00	688.12
627.00	748.97
628.00	727.91
629.00	830.89
630.00	763.01
631.00	741.95
632.00	746.63
633.00	671.73
634.00	718.54
635.00	692.80
636.00	741.95
637.00	772.38
638.00	725.57
639.00	718.54
640.00	772.38
641.00	751.31
642.00	727.91
643.00	730.25
644.00	744.29
645.00	734.93
646.00	720.88
647.00	702.16
648.00	709.18
649.00	748.97
650.00	739.61
651.00	826.21
652.00	732.59
653.00	781.74
654.00	716.20
655.00	830.89
656.00	695.14
657.00	741.95
658.00	737.27
659.00	763.01
660.00	760.67
661.00	763.01
662.00	697.48
663.00	753.65
664.00	720.88
665.00	739.61
666.00	725.57
667.00	753.65
668.00	751.31
669.00	751.31
670.00	774.72
671.00	706.84
672.00	718.54
673.00	779.40
674.00	725.57
675.00	741.95
676.00	753.65
677.00	720.88
678.00	760.67
679.00	793.44
680.00	812.17
681.00	781.74
682.00	732.59
683.00	706.84
684.00	793.44
685.00	763.01
686.00	744.29
687.00	791.10
688.00	697.48
689.00	692.80
690.00	727.91
691.00	718.54
692.00	777.06
693.00	793.44
694.00	732.59
695.00	669.39
696.00	748.97
697.00	737.27
698.00	753.65
699.00	723.23
700.00	704.50
701.00	830.89
702.00	653.01
703.00	800.46
704.00	702.16
705.00	779.40
706.00	702.16
707.00	791.10
708.00	709.18
709.00	692.80
710.00	732.59
711.00	772.38
712.00	772.38
713.00	793.44
714.00	732.59
715.00	702.16
716.00	723.23
717.00	772.38
718.00	807.48
719.00	739.61
720.00	755.99
721.00	734.93
722.00	753.65
723.00	763.01
724.00	802.80
725.00	753.65
726.00	753.65
727.00	688.12
728.00	805.14
729.00	741.95
730.00	748.97
731.00	779.40
732.00	770.04
733.00	725.57
734.00	772.38
735.00	791.10
736.00	730.25
737.00	688.12
738.00	739.61
739.00	746.63
740.00	744.29
741.00	716.20
742.00	734.93
743.00	809.83
744.00	678.76
745.00	837.91
746.00	732.59
747.00	751.31
748.00	772.38
749.00	711.52
750.00	746.63
751.00	774.72
752.00	732.59
753.00	781.74
754.00	713.86
755.00	751.31
756.00	840.25
757.00	758.33
758.00	828.55
759.00	814.51
760.00	774.72
761.00	734.93
762.00	741.95
763.00	779.40
764.00	723.23
765.00	767.70
766.00	802.80
767.00	660.03
768.00	704.50
769.00	706.84
770.00	711.52
771.00	767.70
772.00	774.72
773.00	786.42
774.00	779.40
775.00	760.67
776.00	795.78
777.00	716.20
778.00	732.59
779.00	723.23
780.00	772.38
781.00	741.95
782.00	781.74
783.00	791.10
784.00	748.97
785.00	833.23
786.00	760.67
787.00	739.61
788.00	695.14
789.00	723.23
790.00	755.99
791.00	739.61
792.00	711.52
793.00	732.59
794.00	739.61
795.00	734.93
796.00	774.72
797.00	681.10
798.00	765.36
799.00	767.70
800.00	781.74
801.00	732.59
802.00	727.91
803.00	767.70
804.00	777.06
805.00	837.91
806.00	795.78
807.00	744.29
808.00	823.87
809.00	798.12
810.00	748.97
811.00	718.54
812.00	730.25
813.00	664.71
814.00	812.17
815.00	725.57
816.00	706.84
817.00	739.61
818.00	692.80
819.00	737.27
820.00	739.61
821.00	709.18
822.00	746.63
823.00	777.06
824.00	788.76
825.00	727.91
826.00	791.10
827.00	739.61
828.00	697.48
829.00	786.42
830.00	695.14
831.00	746.63
832.00	744.29
833.00	755.99
834.00	718.54
835.00	737.27
836.00	741.95
837.00	767.70
838.00	765.36
839.00	802.80
840.00	784.08
841.00	772.38
842.00	697.48
843.00	805.14
844.00	779.40
845.00	786.42
846.00	732.59
847.00	763.01
848.00	674.07
849.00	751.31
850.00	753.65
851.00	725.57
852.00	741.95
853.00	699.82
854.00	695.14
855.00	744.29
856.00	755.99
857.00	802.80
858.00	767.70
859.00	732.59
860.00	709.18
861.00	751.31
862.00	739.61
863.00	767.70
864.00	805.14
865.00	786.42
866.00	823.87
867.00	704.50
868.00	774.72
869.00	753.65
870.00	746.63
871.00	772.38
872.00	690.46
873.00	734.93
874.00	770.04
875.00	767.70
876.00	744.29
877.00	669.39
878.00	786.42
879.00	889.40
880.00	779.40
881.00	732.59
882.00	732.59
883.00	741.95
884.00	816.85
885.00	732.59
886.00	711.52
887.00	711.52
888.00	716.20
889.00	727.91
890.00	772.38
891.00	720.88
892.00	739.61
893.00	744.29
894.00	786.42
895.00	788.76
896.00	800.46
897.00	814.51
898.00	791.10
899.00	763.01
900.00	758.33
901.00	755.99
902.00	774.72
903.00	760.67
904.00	734.93
905.00	835.57
906.00	858.98
907.00	858.98
908.00	842.59
909.00	816.85
910.00	842.59
911.00	835.57
912.00	844.93
913.00	917.49
914.00	917.49
915.00	791.10
916.00	828.55
917.00	837.91
918.00	805.14
919.00	798.12
920.00	751.31
921.00	763.01
922.00	819.19
923.00	767.70
924.00	753.65
925.00	795.78
926.00	681.10
927.00	758.33
928.00	798.12
929.00	816.85
930.00	763.01
931.00	763.01
932.00	779.40
933.00	706.84
934.00	758.33
935.00	699.82
936.00	798.12
937.00	763.01
938.00	755.99
939.00	788.76
940.00	786.42
941.00	678.76
942.00	779.40
943.00	760.67
944.00	809.83
945.00	784.08
946.00	1029.84
947.00	1554.12
948.00	1980.09
949.00	1879.45
950.00	1511.99
951.00	1334.11
952.00	1104.73
953.00	1020.47
954.00	898.77
955.00	739.61
956.00	739.61
957.00	791.10
958.00	786.42
959.00	830.89
960.00	779.40
961.00	739.61
962.00	816.85
963.00	685.78
964.00	755.99
965.00	732.59
966.00	758.33
967.00	753.65
968.00	727.91
969.00	784.08
970.00	709.18
971.00	786.42
972.00	760.67
973.00	716.20
974.00	709.18
975.00	842.59
976.00	774.72
977.00	781.74
978.00	753.65
979.00	828.55
980.00	784.08
981.00	781.74
982.00	763.01
983.00	830.89
984.00	737.27
985.00	755.99
986.00	774.72
987.00	748.97
988.00	732.59
989.00	744.29
990.00	755.99
991.00	730.25
992.00	660.03
993.00	706.84
994.00	800.46
995.00	744.29
996.00	777.06
997.00	807.48
998.00	805.14
999.00	847.27
1000.00	851.96
1001.00	685.78
1002.00	709.18
1003.00	777.06
1004.00	730.25
1005.00	805.14
1006.00	706.84
1007.00	732.59
1008.00	741.95
1009.00	795.78
1010.00	819.19
1011.00	795.78
1012.00	800.46
1013.00	767.70
1014.00	727.91
1015.00	697.48
1016.00	791.10
1017.00	781.74
1018.00	833.23
1019.00	847.27
1020.00	763.01
1021.00	814.51
1022.00	688.12
1023.00	763.01
1024.00	645.99
1025.00	791.10
1026.00	699.82
1027.00	734.93
1028.00	755.99
1029.00	718.54
1030.00	727.91
1031.00	788.76
1032.00	812.17
1033.00	765.36
1034.00	772.38
1035.00	692.80
1036.00	681.10
1037.00	706.84
1038.00	760.67
1039.00	739.61
1040.00	770.04
1041.00	770.04
1042.00	753.65
1043.00	802.80
1044.00	777.06
1045.00	760.67
1046.00	812.17
1047.00	770.04
1048.00	814.51
1049.00	730.25
1050.00	753.65
1051.00	734.93
1052.00	779.40
1053.00	777.06
1054.00	779.40
1055.00	706.84
1056.00	744.29
1057.00	727.91
1058.00	718.54
1059.00	730.25
1060.00	830.89
1061.00	718.54
1062.00	788.76
1063.00	765.36
1064.00	763.01
1065.00	723.23
1066.00	727.91
1067.00	758.33
1068.00	758.33
1069.00	744.29
1070.00	734.93
1071.00	786.42
1072.00	772.38
1073.00	746.63
1074.00	727.91
1075.00	791.10
1076.00	755.99
1077.00	725.57
1078.00	720.88
1079.00	739.61
1080.00	774.72
1081.00	716.20
1082.00	718.54
1083.00	711.52
1084.00	716.20
1085.00	727.91
1086.00	746.63
1087.00	748.97
1088.00	725.57
1089.00	730.25
1090.00	753.65
1091.00	819.19
1092.00	748.97
1093.00	744.29
1094.00	807.48
1095.00	706.84
1096.00	755.99
1097.00	725.57
1098.00	739.61
1099.00	737.27
1100.00	791.10
1101.00	723.23
1102.00	821.53
1103.00	772.38
1104.00	748.97
1105.00	800.46
1106.00	716.20
1107.00	755.99
1108.00	800.46
1109.00	784.08
1110.00	781.74
1111.00	767.70
1112.00	770.04
1113.00	741.95
1114.00	732.59
1115.00	760.67
1116.00	819.19
1117.00	786.42
1118.00	788.76
1119.00	723.23
1120.00	821.53
1121.00	763.01
1122.00	702.16
1123.00	798.12
1124.00	734.93
1125.00	821.53
1126.00	723.23
1127.00	816.85
1128.00	772.38
1129.00	737.27
1130.00	770.04
1131.00	734.93
1132.00	791.10
1133.00	751.31
1134.00	718.54
1135.00	809.83
1136.00	730.25
1137.00	791.10
1138.00	748.97
1139.00	781.74
1140.00	753.65
1141.00	798.12
1142.00	706.84
1143.00	713.86
1144.00	737.27
1145.00	760.67
1146.00	795.78
1147.00	875.36
1148.00	805.14
1149.00	821.53
1150.00	760.67
1151.00	786.42
1152.00	791.10
1153.00	760.67
1154.00	786.42
1155.00	788.76
1156.00	830.89
1157.00	800.46
1158.00	842.59
1159.00	877.70
1160.00	894.08
1161.00	765.36
1162.00	837.91
1163.00	791.10
1164.00	791.10
1165.00	849.61
1166.00	896.43
1167.00	983.02
1168.00	1261.55
1169.00	1186.65
1170.00	1132.82
1171.00	1008.77
1172.00	898.77
1173.00	929.19
1174.00	819.19
1175.00	826.21
1176.00	828.55
1177.00	828.55
1178.00	767.70
1179.00	816.85
1180.00	755.99
1181.00	837.91
1182.00	854.30
1183.00	858.98
1184.00	849.61
1185.00	781.74
1186.00	823.87
1187.00	819.19
1188.00	819.19
1189.00	849.61
1190.00	891.74
1191.00	821.53
1192.00	840.25
1193.00	910.47
1194.00	938.55
1195.00	931.53
1196.00	919.83
1197.00	805.14
1198.00	863.66
1199.00	866.00
1200.00	924.51
1201.00	954.94
1202.00	1039.20
1203.00	1076.65
1204.00	1151.54
1205.00	1090.69
1206.00	917.49
1207.00	976.00
1208.00	1039.20
1209.00	1011.11
1210.00	976.00
1211.00	957.28
1212.00	1006.43
1213.00	1076.65
1214.00	1109.41
1215.00	1093.03
1216.00	1210.06
1217.00	1338.79
1218.00	1511.99
1219.00	1732.00
1220.00	3274.41
1221.00	17071.87
1222.00	48580.16
1223.00	64221.96
1224.00	63866.20
1225.00	55660.28
1226.00	42007.94
1227.00	31402.97
1228.00	25088.20
1229.00	18740.67
1230.00	8861.27
1231.00	3761.24
1232.00	2008.18
1233.00	1537.73
1234.00	1394.96
1235.00	1219.42
1236.00	1289.64
1237.00	1128.14
1238.00	1109.41
1239.00	1392.62
1240.00	3143.34
1241.00	5380.89
1242.00	6707.98
1243.00	5551.75
1244.00	4224.67
1245.00	3145.68
1246.00	2729.06
1247.00	2349.90
1248.00	1762.42
1249.00	1128.14
1250.00	931.53
1251.00	947.92
1252.00	917.49
1253.00	912.81
1254.00	943.24
1255.00	1032.18
1256.00	947.92
1257.00	1053.24
1258.00	957.28
1259.00	933.87
1260.00	905.79
1261.00	978.34
1262.00	866.00
1263.00	842.59
1264.00	887.06
1265.00	943.24
1266.00	966.64
1267.00	912.81
1268.00	877.70
1269.00	830.89
1270.00	891.74
1271.00	840.25
1272.00	784.08
1273.00	819.19
1274.00	870.68
1275.00	891.74
1276.00	809.83
1277.00	793.44
1278.00	1050.90
1279.00	2289.04
1280.00	5673.46
1281.00	10143.88
1282.00	11477.99
1283.00	8802.75
1284.00	6558.18
1285.00	4875.34
1286.00	4084.23
1287.00	3330.58
1288.00	2115.84
1289.00	1196.01
1290.00	999.41
1291.00	889.40
1292.00	880.04
1293.00	870.68
1294.00	924.51
1295.00	943.24
1296.00	933.87
1297.00	896.43
1298.00	936.21
1299.00	1509.65
1300.00	2382.67
1301.00	3199.51
1302.00	2864.82
1303.00	2270.32
1304.00	1842.00
1305.00	1593.90
1306.00	1493.26
1307.00	1287.29
1308.00	1006.43
1309.00	966.64
1310.00	816.85
1311.00	854.30
1312.00	870.68
1313.00	875.36
1314.00	807.48
1315.00	798.12
1316.00	770.04
1317.00	800.46
1318.00	828.55
1319.00	877.70
1320.00	823.87
1321.00	765.36
1322.00	830.89
1323.00	809.83
1324.00	802.80
1325.00	772.38
1326.00	791.10
1327.00	753.65
1328.00	826.21
1329.00	784.08
1330.00	753.65
1331.00	805.14
1332.00	819.19
1333.00	964.30
1334.00	1666.46
1335.00	2696.30
1336.00	3424.20
1337.00	3033.33
1338.00	2389.69
1339.00	1914.56
1340.00	1591.56
1341.00	1488.58
1342.00	1146.86
1343.00	1020.47
1344.00	880.04
1345.00	847.27
1346.00	739.61
1347.00	866.00
1348.00	849.61
1349.00	807.48
1350.00	765.36
1351.00	716.20
1352.00	753.65
1353.00	847.27
1354.00	793.44
1355.00	833.23
1356.00	882.38
1357.00	868.34
1358.00	844.93
1359.00	833.23
1360.00	880.04
1361.00	1018.13
1362.00	2263.30
1363.00	5298.97
1364.00	8849.57
1365.00	9734.29
1366.00	7623.12
1367.00	5392.59
1368.00	4091.26
1369.00	3538.89
1370.00	2768.85
1371.00	1834.98
1372.00	1252.19
1373.00	1006.43
1374.00	1020.47
1375.00	1151.54
1376.00	2703.32
1377.00	8004.63
1378.00	15026.24
1379.00	17621.89
1380.00	13535.32
1381.00	9458.10
1382.00	6993.52
1383.00	5448.77
1384.00	4362.76
1385.00	2663.53
1386.00	1516.67
1387.00	1125.80
1388.00	999.41
1389.00	924.51
1390.00	926.85
1391.00	894.08
1392.00	849.61
1393.00	908.13
1394.00	866.00
1395.00	917.49
1396.00	896.43
1397.00	870.68
1398.00	1053.24
1399.00	1191.33
1400.00	1343.47
1401.00	1174.95
1402.00	1146.86
1403.00	1036.86
1404.00	1142.18
1405.00	1163.25
1406.00	1930.94
1407.00	7733.13
1408.00	18651.73
1409.00	28720.71
1410.00	25500.14
1411.00	18363.84
1412.00	12468.03
1413.00	9626.62
1414.00	7768.24
1415.00	5130.45
1416.00	2602.68
1417.00	1554.12
1418.00	1254.53
1419.00	1146.86
1420.00	1902.86
1421.00	3997.64
1422.00	6773.51
1423.00	7466.31
1424.00	5694.52
1425.00	4269.14
1426.00	3234.62
1427.00	2803.96
1428.00	2132.23
1429.00	1451.13
1430.00	1100.05
1431.00	861.32
1432.00	903.45
1433.00	866.00
1434.00	901.11
1435.00	933.87
1436.00	863.66
1437.00	854.30
1438.00	861.32
1439.00	837.91
1440.00	833.23
1441.00	819.19
1442.00	828.55
1443.00	786.42
1444.00	807.48
1445.00	821.53
1446.00	795.78
1447.00	765.36
1448.00	798.12
1449.00	821.53
1450.00	844.93
1451.00	837.91
1452.00	903.45
1453.00	816.85
1454.00	887.06
1455.00	1247.51
1456.00	2298.41
1457.00	3885.29
1458.00	4819.16
1459.00	3967.21
1460.00	2974.82
1461.00	2298.41
1462.00	1907.54
1463.00	1673.48
1464.00	1256.87
1465.00	992.39
1466.00	870.68
1467.00	828.55
1468.00	784.08
1469.00	777.06
1470.00	709.18
1471.00	863.66
1472.00	819.19
1473.00	809.83
1474.00	837.91
1475.00	823.87
1476.00	805.14
1477.00	802.80
1478.00	805.14
1479.00	793.44
1480.00	954.94
1481.00	847.27
1482.00	781.74
1483.00	833.23
1484.00	840.25
1485.00	816.85
1486.00	924.51
1487.00	1123.46
1488.00	3428.88
1489.00	8727.86
1490.00	14427.06
1491.00	14588.56
1492.00	10677.52
1493.00	7325.88
1494.00	5441.75
1495.00	4540.64
1496.00	3304.84
1497.00	1919.24
1498.00	1217.08
1499.00	1060.26
1500.00	884.72
1501.00	833.23
1502.00	847.27
1503.00	821.53
1504.00	816.85
1505.00	833.23
1506.00	795.78
1507.00	844.93
1508.00	744.29
1509.00	835.57
1510.00	814.51
1511.00	854.30
1512.00	882.38
1513.00	1062.60
1514.00	2092.44
1515.00	3365.69
1516.00	4496.17
1517.00	3639.53
1518.00	2768.85
1519.00	2263.30
1520.00	1816.26
1521.00	1596.25
1522.00	1242.82
1523.00	994.73
1524.00	933.87
1525.00	915.15
1526.00	884.72
1527.00	847.27
1528.00	861.32
1529.00	849.61
1530.00	896.43
1531.00	976.00
1532.00	1025.15
1533.00	1982.43
1534.00	4826.18
1535.00	8816.80
1536.00	10647.10
1537.00	8402.52
1538.00	6061.99
1539.00	4367.44
1540.00	3627.83
1541.00	2785.24
1542.00	1769.44
1543.00	1235.80
1544.00	1001.75
1545.00	926.85
1546.00	873.02
1547.00	816.85
1548.00	802.80
1549.00	856.64
1550.00	858.98
1551.00	870.68
1552.00	851.96
1553.00	870.68
1554.00	837.91
1555.00	795.78
1556.00	837.91
1557.00	819.19
1558.00	887.06
1559.00	856.64
1560.00	961.96
1561.00	887.06
1562.00	959.62
1563.00	990.05
1564.00	987.71
1565.00	1256.87
1566.00	4091.26
1567.00	10815.62
1568.00	17771.69
1569.00	19040.26
1570.00	13540.00
1571.00	9715.56
1572.00	6995.86
1573.00	5717.93
1574.00	4189.56
1575.00	2495.01
1576.00	1568.16
1577.00	1270.91
1578.00	1600.93
1579.00	6059.65
1580.00	16725.47
1581.00	28568.58
1582.00	30752.30
1583.00	21757.62
1584.00	14951.34
1585.00	10820.30
1586.00	8823.82
1587.00	6092.41
1588.00	3173.77
1589.00	1806.89
1590.00	1205.38
1591.00	1055.58
1592.00	985.37
1593.00	966.64
1594.00	924.51
1595.00	898.77
1596.00	786.42
1597.00	791.10
1598.00	833.23
1599.00	823.87
1600.00	821.53
1601.00	777.06
1602.00	781.74
1603.00	851.96
1604.00	800.46
1605.00	823.87
1606.00	805.14
1607.00	849.61
1608.00	718.54
1609.00	763.01
1610.00	767.70
1611.00	786.42
1612.00	751.31
1613.00	795.78
1614.00	723.23
1615.00	748.97
1616.00	767.70
1617.00	844.93
1618.00	741.95
1619.00	863.66
1620.00	739.61
1621.00	788.76
1622.00	760.67
1623.00	802.80
1624.00	795.78
1625.00	805.14
1626.00	807.48
1627.00	770.04
1628.00	788.76
1629.00	833.23
1630.00	779.40
1631.00	781.74
1632.00	744.29
1633.00	823.87
1634.00	779.40
1635.00	772.38
1636.00	770.04
1637.00	772.38
1638.00	814.51
1639.00	765.36
1640.00	767.70
1641.00	781.74
1642.00	786.42
1643.00	851.96
1644.00	830.89
1645.00	795.78
1646.00	828.55
1647.00	849.61
1648.00	901.11
1649.00	994.73
1650.00	2511.39
1651.00	7138.63
1652.00	12929.12
1653.00	16283.11
1654.00	12732.51
1655.00	9268.52
1656.00	6494.99
1657.00	5240.46
1658.00	3779.97
1659.00	2359.26
1660.00	1469.86
1661.00	1188.99
1662.00	964.30
1663.00	870.68
1664.00	851.96
1665.00	821.53
1666.00	861.32
1667.00	936.21
1668.00	1233.46
1669.00	2532.46
1670.00	4447.02
1671.00	5860.70
1672.00	5308.34
1673.00	3805.71
1674.00	2946.73
1675.00	2324.15
1676.00	2001.16
1677.00	1383.26
1678.00	1015.79
1679.00	795.78
1680.00	812.17
1681.00	866.00
1682.00	786.42
1683.00	814.51
1684.00	793.44
1685.00	791.10
1686.00	800.46
1687.00	795.78
1688.00	798.12
1689.00	751.31
1690.00	751.31
1691.00	781.74
1692.00	805.14
1693.00	723.23
1694.00	788.76
1695.00	741.95
1696.00	699.82
1697.00	704.50
1698.00	704.50
1699.00	751.31
1700.00	746.63
1701.00	802.80
1702.00	814.51
1703.00	791.10
1704.00	791.10
1705.00	755.99
1706.00	739.61
1707.00	767.70
1708.00	758.33
1709.00	741.95
1710.00	812.17
1711.00	854.30
1712.00	837.91
1713.00	823.87
1714.00	1341.13
1715.00	3309.52
1716.00	6197.74
1717.00	8131.02
1718.00	7372.69
1719.00	5406.64
1720.00	3840.82
1721.00	3075.46
1722.00	2286.70
1723.00	1537.73
1724.00	1167.93
1725.00	929.19
1726.00	772.38
1727.00	851.96
1728.00	791.10
1729.00	746.63
1730.00	837.91
1731.00	809.83
1732.00	786.42
1733.00	770.04
1734.00	744.29
1735.00	765.36
1736.00	755.99
1737.00	774.72
1738.00	779.40
1739.00	828.55
1740.00	805.14
1741.00	758.33
1742.00	833.23
1743.00	770.04
1744.00	734.93
1745.00	755.99
1746.00	800.46
1747.00	727.91
1748.00	800.46
1749.00	734.93
1750.00	784.08
1751.00	683.44
1752.00	805.14
1753.00	753.65
1754.00	737.27
1755.00	770.04
1756.00	807.48
1757.00	760.67
1758.00	807.48
1759.00	800.46
1760.00	748.97
1761.00	868.34
1762.00	788.76
1763.00	791.10
1764.00	851.96
1765.00	786.42
1766.00	800.46
1767.00	837.91
1768.00	917.49
1769.00	1018.13
1770.00	1980.09
1771.00	5465.15
1772.00	10518.37
1773.00	14200.03
1774.00	12105.25
1775.00	9268.52
1776.00	6726.70
1777.00	4650.64
1778.00	2979.50
1779.00	1982.43
1780.00	1329.42
1781.00	1090.69
1782.00	877.70
1783.00	868.34
1784.00	891.74
1785.00	873.02
1786.00	830.89
1787.00	791.10
1788.00	795.78
1789.00	770.04
1790.00	760.67
1791.00	791.10
1792.00	777.06
1793.00	826.21
1794.00	786.42
1795.00	814.51
1796.00	917.49
1797.00	1018.13
1798.00	2307.77
1799.00	4774.69
1800.00	7955.48
1801.00	9085.96
1802.00	7272.04
1803.00	5343.44
1804.00	3843.16
1805.00	2572.25
1806.00	1659.44
1807.00	1245.16
1808.00	1057.92
1809.00	905.79
1810.00	826.21
1811.00	828.55
1812.00	835.57
1813.00	800.46
1814.00	744.29
1815.00	767.70
1816.00	802.80
1817.00	798.12
1818.00	734.93
1819.00	774.72
1820.00	730.25
1821.00	793.44
1822.00	748.97
1823.00	739.61
1824.00	805.14
1825.00	770.04
1826.00	863.66
1827.00	887.06
1828.00	770.04
1829.00	791.10
1830.00	821.53
1831.00	748.97
1832.00	711.52
1833.00	725.57
1834.00	744.29
1835.00	706.84
1836.00	772.38
1837.00	748.97
1838.00	741.95
1839.00	751.31
1840.00	706.84
1841.00	767.70
1842.00	695.14
1843.00	809.83
1844.00	760.67
1845.00	763.01
1846.00	748.97
1847.00	765.36
1848.00	784.08
1849.00	706.84
1850.00	772.38
1851.00	795.78
1852.00	842.59
1853.00	683.44
1854.00	716.20
1855.00	763.01
1856.00	746.63
1857.00	744.29
1858.00	763.01
1859.00	716.20
1860.00	702.16
1861.00	713.86
1862.00	821.53
1863.00	758.33
1864.00	746.63
1865.00	777.06
1866.00	770.04
1867.00	753.65
1868.00	709.18
1869.00	772.38
1870.00	798.12
1871.00	770.04
1872.00	770.04
1873.00	795.78
1874.00	725.57
1875.00	751.31
1876.00	706.84
1877.00	704.50
1878.00	741.95
1879.00	767.70
1880.00	697.48
1881.00	751.31
1882.00	791.10
1883.00	816.85
1884.00	734.93
1885.00	741.95
1886.00	767.70
1887.00	758.33
1888.00	739.61
1889.00	763.01
1890.00	781.74
1891.00	765.36
1892.00	692.80
1893.00	746.63
1894.00	807.48
1895.00	732.59
1896.00	774.72
1897.00	800.46
1898.00	727.91
1899.00	734.93
1900.00	791.10
1901.00	716.20
1902.00	664.71
1903.00	763.01
1904.00	781.74
1905.00	777.06
1906.00	784.08
1907.00	690.46
1908.00	737.27
1909.00	751.31
1910.00	781.74
1911.00	786.42
1912.00	805.14
1913.00	837.91
1914.00	828.55
1915.00	765.36
1916.00	732.59
1917.00	730.25
1918.00	781.74
1919.00	765.36
1920.00	706.84
1921.00	758.33
1922.00	748.97
1923.00	748.97
1924.00	741.95
1925.00	692.80
1926.00	802.80
1927.00	814.51
1928.00	697.48
1929.00	784.08
1930.00	690.46
1931.00	779.40
1932.00	744.29
1933.00	741.95
1934.00	770.04
1935.00	739.61
1936.00	774.72
1937.00	751.31
1938.00	737.27
1939.00	774.72
1940.00	793.44
1941.00	730.25
1942.00	720.88
1943.00	772.38
1944.00	763.01
1945.00	648.33
1946.00	739.61
1947.00	725.57
1948.00	814.51
1949.00	837.91
1950.00	791.10
1951.00	746.63
1952.00	973.66
1953.00	1991.80
1954.00	4374.46
1955.00	6946.71
1956.00	7978.89
1957.00	5849.00
1958.00	3709.75
1959.00	2429.48
1960.00	1640.72
1961.00	1299.00
1962.00	997.07
1963.00	910.47
1964.00	884.72
1965.00	830.89
1966.00	816.85
1967.00	718.54
1968.00	748.97
1969.00	737.27
1970.00	819.19
1971.00	788.76
1972.00	809.83
1973.00	837.91
1974.00	770.04
1975.00	758.33
1976.00	746.63
1977.00	807.48
1978.00	755.99
1979.00	730.25
1980.00	830.89
1981.00	985.37
1982.00	1163.25
1983.00	1153.88
1984.00	1093.03
1985.00	961.96
1986.00	898.77
1987.00	835.57
1988.00	753.65
1989.00	753.65
1990.00	638.97
1991.00	770.04
1992.00	683.44
1993.00	770.04
1994.00	751.31
1995.00	772.38
1996.00	767.70
1997.00	746.63
1998.00	720.88
1999.00	720.88
2000.00	774.72
2001.00	744.29
2002.00	805.14
2003.00	765.36
2004.00	802.80
2005.00	695.14
2006.00	767.70
2007.00	746.63
2008.00	828.55
2009.00	812.17
2010.00	791.10
2011.00	772.38
2012.00	746.63
2013.00	716.20
2014.00	861.32
2015.00	723.23
2016.00	795.78
2017.00	760.67
2018.00	774.72
2019.00	772.38
2020.00	758.33
2021.00	791.10
2022.00	866.00
2023.00	784.08
2024.00	891.74
2025.00	1067.28
2026.00	1149.20
2027.00	1233.46
2028.00	1158.57
2029.00	1158.57
2030.00	2207.13
2031.00	5832.62
2032.00	11080.10
2033.00	15702.65
2034.00	14434.08
2035.00	9561.09
2036.00	6487.96
2037.00	3974.23
2038.00	2513.74
2039.00	1736.68
2040.00	1289.64
2041.00	999.41
2042.00	983.02
2043.00	844.93
2044.00	917.49
2045.00	844.93
2046.00	751.31
2047.00	833.23
