0.00	695.14
1.00	695.14
2.00	695.14
3.00	629.60
4.00	596.84
5.00	524.28
6.00	554.71
7.00	582.79
8.00	526.62
9.00	543.00
10.00	545.34
11.00	596.84
12.00	543.00
13.00	592.16
14.00	599.18
15.00	587.47
16.00	554.71
17.00	648.33
18.00	636.63
19.00	589.82
20.00	627.26
21.00	617.90
22.00	669.39
23.00	627.26
24.00	603.86
25.00	648.33
26.00	573.43
27.00	692.80
28.00	692.80
29.00	638.97
30.00	669.39
31.00	744.29
32.00	763.01
33.00	725.57
34.00	737.27
35.00	765.36
36.00	781.74
37.00	716.20
38.00	716.20
39.00	704.50
40.00	744.29
41.00	683.44
42.00	758.33
43.00	718.54
44.00	711.52
45.00	784.08
46.00	748.97
47.00	737.27
48.00	786.42
49.00	798.12
50.00	709.18
51.00	716.20
52.00	744.29
53.00	819.19
54.00	763.01
55.00	662.37
56.00	746.63
57.00	758.33
58.00	734.93
59.00	800.46
60.00	692.80
61.00	760.67
62.00	681.10
63.00	674.07
64.00	690.46
65.00	739.61
66.00	784.08
67.00	744.29
68.00	692.80
69.00	692.80
70.00	741.95
71.00	702.16
72.00	709.18
73.00	718.54
74.00	674.07
75.00	706.84
76.00	732.59
77.00	720.88
78.00	779.40
79.00	716.20
80.00	739.61
81.00	690.46
82.00	777.06
83.00	765.36
84.00	720.88
85.00	688.12
86.00	685.78
87.00	709.18
88.00	772.38
89.00	709.18
90.00	723.23
91.00	713.86
92.00	786.42
93.00	746.63
94.00	704.50
95.00	753.65
96.00	716.20
97.00	671.73
98.00	690.46
99.00	739.61
100.00	744.29
101.00	748.97
102.00	723.23
103.00	688.12
104.00	793.44
105.00	730.25
106.00	788.76
107.00	823.87
108.00	711.52
109.00	655.35
110.00	730.25
111.00	744.29
112.00	662.37
113.00	732.59
114.00	709.18
115.00	711.52
116.00	709.18
117.00	741.95
118.00	692.80
119.00	688.12
120.00	781.74
121.00	755.99
122.00	690.46
123.00	760.67
124.00	777.06
125.00	746.63
126.00	760.67
127.00	685.78
128.00	746.63
129.00	720.88
130.00	730.25
131.00	760.67
132.00	678.76
133.00	711.52
134.00	690.46
135.00	704.50
136.00	718.54
137.00	751.31
138.00	767.70
139.00	758.33
140.00	767.70
141.00	678.76
142.00	711.52
143.00	711.52
144.00	709.18
145.00	711.52
146.00	709.18
147.00	758.33
148.00	798.12
149.00	763.01
150.00	758.33
151.00	737.27
152.00	704.50
153.00	739.61
154.00	650.67
155.00	732.59
156.00	760.67
157.00	732.59
158.00	814.51
159.00	748.97
160.00	723.23
161.00	805.14
162.00	711.52
163.00	763.01
164.00	791.10
165.00	704.50
166.00	718.54
167.00	765.36
168.00	720.88
169.00	758.33
170.00	772.38
171.00	681.10
172.00	802.80
173.00	739.61
174.00	723.23
175.00	753.65
176.00	634.29
177.00	746.63
178.00	753.65
179.00	784.08
180.00	718.54
181.00	692.80
182.00	674.07
183.00	688.12
184.00	695.14
185.00	723.23
186.00	641.31
187.00	751.31
188.00	816.85
189.00	676.41
190.00	772.38
191.00	765.36
192.00	664.71
193.00	821.53
194.00	676.41
195.00	751.31
196.00	781.74
197.00	758.33
198.00	791.10
199.00	763.01
200.00	751.31
201.00	713.86
202.00	753.65
203.00	688.12
204.00	702.16
205.00	734.93
206.00	791.10
207.00	725.57
208.00	723.23
209.00	720.88
210.00	763.01
211.00	737.27
212.00	784.08
213.00	741.95
214.00	713.86
215.00	720.88
216.00	716.20
217.00	772.38
218.00	723.23
219.00	727.91
220.00	753.65
221.00	697.48
222.00	770.04
223.00	802.80
224.00	798.12
225.00	667.05
226.00	725.57
227.00	685.78
228.00	697.48
229.00	755.99
230.00	716.20
231.00	706.84
232.00	697.48
233.00	671.73
234.00	718.54
235.00	779.40
236.00	739.61
237.00	765.36
238.00	683.44
239.00	767.70
240.00	669.39
241.00	763.01
242.00	664.71
243.00	791.10
244.00	702.16
245.00	727.91
246.00	739.61
247.00	741.95
248.00	800.46
249.00	772.38
250.00	734.93
251.00	674.07
252.00	734.93
253.00	674.07
254.00	786.42
255.00	802.80
256.00	744.29
257.00	664.71
258.00	760.67
259.00	770.04
260.00	734.93
261.00	699.82
262.00	763.01
263.00	763.01
264.00	730.25
265.00	734.93
266.00	741.95
267.00	786.42
268.00	793.44
269.00	802.80
270.00	676.41
271.00	788.76
272.00	767.70
273.00	812.17
274.00	856.64
275.00	737.27
276.00	823.87
277.00	814.51
278.00	788.76
279.00	751.31
280.00	760.67
281.00	786.42
282.00	842.59
283.00	655.35
284.00	744.29
285.00	704.50
286.00	723.23
287.00	765.36
288.00	770.04
289.00	760.67
290.00	643.65
291.00	704.50
292.00	732.59
293.00	692.80
294.00	718.54
295.00	753.65
296.00	716.20
297.00	760.67
298.00	777.06
299.00	723.23
300.00	802.80
301.00	744.29
302.00	713.86
303.00	741.95
304.00	730.25
305.00	809.83
306.00	753.65
307.00	793.44
308.00	854.30
309.00	816.85
310.00	798.12
311.00	805.14
312.00	798.12
313.00	730.25
314.00	716.20
315.00	716.20
316.00	821.53
317.00	751.31
318.00	716.20
319.00	674.07
320.00	706.84
321.00	681.10
322.00	737.27
323.00	798.12
324.00	725.57
325.00	748.97
326.00	737.27
327.00	704.50
328.00	795.78
329.00	755.99
330.00	753.65
331.00	678.76
332.00	760.67
333.00	723.23
334.00	802.80
335.00	755.99
336.00	718.54
337.00	716.20
338.00	718.54
339.00	798.12
340.00	725.57
341.00	702.16
342.00	753.65
343.00	692.80
344.00	805.14
345.00	830.89
346.00	709.18
347.00	826.21
348.00	802.80
349.00	835.57
350.00	732.59
351.00	755.99
352.00	760.67
353.00	711.52
354.00	875.36
355.00	725.57
356.00	793.44
357.00	784.08
358.00	765.36
359.00	763.01
360.00	734.93
361.00	730.25
362.00	727.91
363.00	755.99
364.00	765.36
365.00	746.63
366.00	720.88
367.00	786.42
368.00	786.42
369.00	685.78
370.00	725.57
371.00	767.70
372.00	802.80
373.00	744.29
374.00	713.86
375.00	723.23
376.00	678.76
377.00	741.95
378.00	723.23
379.00	798.12
380.00	779.40
381.00	711.52
382.00	748.97
383.00	779.40
384.00	737.27
385.00	805.14
386.00	725.57
387.00	772.38
388.00	727.91
389.00	751.31
390.00	765.36
391.00	744.29
392.00	739.61
393.00	720.88
394.00	704.50
395.00	777.06
396.00	734.93
397.00	758.33
398.00	805.14
399.00	755.99
400.00	720.88
401.00	718.54
402.00	763.01
403.00	746.63
404.00	795.78
405.00	739.61
406.00	809.83
407.00	711.52
408.00	741.95
409.00	734.93
410.00	720.88
411.00	760.67
412.00	753.65
413.00	791.10
414.00	685.78
415.00	723.23
416.00	760.67
417.00	760.67
418.00	746.63
419.00	678.76
420.00	781.74
421.00	805.14
422.00	709.18
423.00	727.91
424.00	788.76
425.00	723.23
426.00	772.38
427.00	709.18
428.00	772.38
429.00	720.88
430.00	741.95
431.00	751.31
432.00	706.84
433.00	718.54
434.00	727.91
435.00	737.27
436.00	748.97
437.00	718.54
438.00	730.25
439.00	791.10
440.00	702.16
441.00	800.46
442.00	812.17
443.00	795.78
444.00	840.25
445.00	779.40
446.00	763.01
447.00	774.72
448.00	751.31
449.00	730.25
450.00	755.99
451.00	667.05
452.00	748.97
453.00	800.46
454.00	746.63
455.00	723.23
456.00	763.01
457.00	777.06
458.00	718.54
459.00	763.01
460.00	851.96
461.00	802.80
462.00	772.38
463.00	709.18
464.00	758.33
465.00	748.97
466.00	809.83
467.00	765.36
468.00	716.20
469.00	753.65
470.00	772.38
471.00	744.29
472.00	711.52
473.00	807.48
474.00	697.48
475.00	751.31
476.00	753.65
477.00	725.57
478.00	781.74
479.00	744.29
480.00	786.42
481.00	655.35
482.00	720.88
483.00	688.12
484.00	727.91
485.00	697.48
486.00	716.20
487.00	755.99
488.00	765.36
489.00	723.23
490.00	758.33
491.00	653.01
492.00	720.88
493.00	758.33
494.00	723.23
495.00	828.55
496.00	690.46
497.00	805.14
498.00	795.78
499.00	713.86
500.00	741.95
501.00	786.42
502.00	791.10
503.00	727.91
504.00	725.57
505.00	763.01
506.00	697.48
507.00	863.66
508.00	751.31
509.00	765.36
510.00	741.95
511.00	723.23
512.00	760.67
513.00	793.44
514.00	793.44
515.00	774.72
516.00	741.95
517.00	786.42
518.00	746.63
519.00	798.12
520.00	746.63
521.00	760.67
522.00	725.57
523.00	760.67
524.00	767.70
525.00	791.10
526.00	744.29
527.00	746.63
528.00	734.93
529.00	774.72
530.00	791.10
531.00	755.99
532.00	753.65
533.00	821.53
534.00	723.23
535.00	828.55
536.00	692.80
537.00	744.29
538.00	741.95
539.00	777.06
540.00	751.31
541.00	774.72
542.00	732.59
543.00	821.53
544.00	781.74
545.00	685.78
546.00	671.73
547.00	653.01
548.00	746.63
549.00	767.70
550.00	718.54
551.00	730.25
552.00	739.61
553.00	734.93
554.00	767.70
555.00	777.06
556.00	767.70
557.00	732.59
558.00	760.67
559.00	711.52
560.00	720.88
561.00	723.23
562.00	758.33
563.00	702.16
564.00	777.06
565.00	751.31
566.00	702.16
567.00	800.46
568.00	716.20
569.00	786.42
570.00	812.17
571.00	779.40
572.00	805.14
573.00	718.54
574.00	690.46
575.00	819.19
576.00	770.04
577.00	744.29
578.00	685.78
579.00	730.25
580.00	798.12
581.00	718.54
582.00	720.88
583.00	748.97
584.00	727.91
585.00	709.18
586.00	814.51
587.00	767.70
588.00	678.76
589.00	725.57
590.00	751.31
591.00	741.95
592.00	730.25
593.00	744.29
594.00	720.88
595.00	760.67
596.00	758.33
597.00	653.01
598.00	760.67
599.00	748.97
600.00	791.10
601.00	716.20
602.00	784.08
603.00	770.04
604.00	739.61
605.00	758.33
606.00	770.04
607.00	770.04
608.00	725.57
609.00	781.74
610.00	748.97
611.00	650.67
612.00	713.86
613.00	739.61
614.00	709.18
615.00	709.18
616.00	718.54
617.00	730.25
618.00	786.42
619.00	788.76
620.00	760.67
621.00	772.38
622.00	774.72
623.00	784.08
624.00	706.84
625.00	690.46
626.00	741.95
627.00	741.95
628.00	732.59
629.00	725.57
630.00	781.74
631.00	727.91
632.00	732.59
633.00	753.65
634.00	678.76
635.00	697.48
636.00	725.57
637.00	788.76
638.00	781.74
639.00	718.54
640.00	748.97
641.00	791.10
642.00	784.08
643.00	751.31
644.00	688.12
645.00	685.78
646.00	737.27
647.00	767.70
648.00	779.40
649.00	760.67
650.00	732.59
651.00	704.50
652.00	744.29
653.00	758.33
654.00	744.29
655.00	777.06
656.00	784.08
657.00	737.27
658.00	667.05
659.00	727.91
660.00	798.12
661.00	755.99
662.00	741.95
663.00	858.98
664.00	760.67
665.00	746.63
666.00	748.97
667.00	718.54
668.00	774.72
669.00	770.04
670.00	814.51
671.00	720.88
672.00	758.33
673.00	774.72
674.00	669.39
675.00	737.27
676.00	664.71
677.00	737.27
678.00	734.93
679.00	777.06
680.00	805.14
681.00	685.78
682.00	739.61
683.00	643.65
684.00	695.14
685.00	767.70
686.00	763.01
687.00	774.72
688.00	653.01
689.00	744.29
690.00	795.78
691.00	723.23
692.00	643.65
693.00	807.48
694.00	772.38
695.00	753.65
696.00	723.23
697.00	746.63
698.00	709.18
699.00	760.67
700.00	685.78
701.00	737.27
702.00	718.54
703.00	671.73
704.00	706.84
705.00	702.16
706.00	704.50
707.00	805.14
708.00	737.27
709.00	737.27
710.00	741.95
711.00	781.74
712.00	770.04
713.00	741.95
714.00	711.52
715.00	709.18
716.00	765.36
717.00	784.08
718.00	734.93
719.00	744.29
720.00	737.27
721.00	793.44
722.00	763.01
723.00	786.42
724.00	779.40
725.00	755.99
726.00	779.40
727.00	788.76
728.00	779.40
729.00	777.06
730.00	802.80
731.00	760.67
732.00	800.46
733.00	734.93
734.00	774.72
735.00	795.78
736.00	777.06
737.00	791.10
738.00	767.70
739.00	763.01
740.00	788.76
741.00	788.76
742.00	713.86
743.00	844.93
744.00	688.12
745.00	711.52
746.00	744.29
747.00	744.29
748.00	786.42
749.00	753.65
750.00	695.14
751.00	732.59
752.00	720.88
753.00	751.31
754.00	732.59
755.00	809.83
756.00	720.88
757.00	725.57
758.00	748.97
759.00	713.86
760.00	650.67
761.00	758.33
762.00	809.83
763.00	779.40
764.00	800.46
765.00	793.44
766.00	685.78
767.00	734.93
768.00	746.63
769.00	718.54
770.00	718.54
771.00	741.95
772.00	685.78
773.00	774.72
774.00	807.48
775.00	748.97
776.00	732.59
777.00	835.57
778.00	744.29
779.00	690.46
780.00	739.61
781.00	748.97
782.00	788.76
783.00	755.99
784.00	793.44
785.00	821.53
786.00	699.82
787.00	770.04
788.00	695.14
789.00	695.14
790.00	660.03
791.00	786.42
792.00	725.57
793.00	744.29
794.00	720.88
795.00	784.08
796.00	760.67
797.00	798.12
798.00	788.76
799.00	814.51
800.00	734.93
801.00	739.61
802.00	772.38
803.00	709.18
804.00	793.44
805.00	755.99
806.00	758.33
807.00	805.14
808.00	791.10
809.00	772.38
810.00	734.93
811.00	741.95
812.00	699.82
813.00	784.08
814.00	734.93
815.00	744.29
816.00	704.50
817.00	788.76
818.00	767.70
819.00	770.04
820.00	713.86
821.00	786.42
822.00	814.51
823.00	821.53
824.00	821.53
825.00	699.82
826.00	734.93
827.00	697.48
828.00	788.76
829.00	730.25
830.00	751.31
831.00	746.63
832.00	774.72
833.00	819.19
834.00	739.61
835.00	816.85
836.00	725.57
837.00	711.52
838.00	777.06
839.00	828.55
840.00	821.53
841.00	786.42
842.00	788.76
843.00	781.74
844.00	863.66
845.00	763.01
846.00	777.06
847.00	730.25
848.00	685.78
849.00	758.33
850.00	793.44
851.00	685.78
852.00	779.40
853.00	723.23
854.00	713.86
855.00	786.42
856.00	744.29
857.00	720.88
858.00	753.65
859.00	772.38
860.00	791.10
861.00	765.36
862.00	765.36
863.00	730.25
864.00	739.61
865.00	777.06
866.00	718.54
867.00	781.74
868.00	692.80
869.00	793.44
870.00	758.33
871.00	730.25
872.00	800.46
873.00	741.95
874.00	730.25
875.00	814.51
876.00	765.36
877.00	770.04
878.00	746.63
879.00	800.46
880.00	744.29
881.00	791.10
882.00	704.50
883.00	779.40
884.00	795.78
885.00	678.76
886.00	770.04
887.00	795.78
888.00	791.10
889.00	748.97
890.00	784.08
891.00	786.42
892.00	744.29
893.00	699.82
894.00	770.04
895.00	744.29
896.00	763.01
897.00	718.54
898.00	763.01
899.00	809.83
900.00	849.61
901.00	734.93
902.00	809.83
903.00	786.42
904.00	713.86
905.00	781.74
906.00	908.13
907.00	884.72
908.00	887.06
909.00	847.27
910.00	737.27
911.00	828.55
912.00	905.79
913.00	938.55
914.00	961.96
915.00	840.25
916.00	809.83
917.00	765.36
918.00	830.89
919.00	807.48
920.00	816.85
921.00	699.82
922.00	753.65
923.00	755.99
924.00	758.33
925.00	751.31
926.00	765.36
927.00	784.08
928.00	784.08
929.00	856.64
930.00	868.34
931.00	723.23
932.00	758.33
933.00	718.54
934.00	699.82
935.00	758.33
936.00	814.51
937.00	774.72
938.00	748.97
939.00	746.63
940.00	751.31
941.00	830.89
942.00	809.83
943.00	751.31
944.00	777.06
945.00	763.01
946.00	1081.33
947.00	1416.02
948.00	1809.23
949.00	1703.91
950.00	1413.68
951.00	1247.51
952.00	1125.80
953.00	964.30
954.00	861.32
955.00	814.51
956.00	788.76
957.00	753.65
958.00	748.97
959.00	777.06
960.00	781.74
961.00	772.38
962.00	751.31
963.00	763.01
964.00	760.67
965.00	753.65
966.00	760.67
967.00	812.17
968.00	671.73
969.00	779.40
970.00	802.80
971.00	713.86
972.00	695.14
973.00	788.76
974.00	706.84
975.00	685.78
976.00	875.36
977.00	748.97
978.00	786.42
979.00	812.17
980.00	800.46
981.00	748.97
982.00	784.08
983.00	741.95
984.00	699.82
985.00	802.80
986.00	791.10
987.00	798.12
988.00	751.31
989.00	734.93
990.00	847.27
991.00	706.84
992.00	751.31
993.00	755.99
994.00	812.17
995.00	772.38
996.00	758.33
997.00	748.97
998.00	725.57
999.00	779.40
1000.00	812.17
1001.00	709.18
1002.00	692.80
1003.00	753.65
1004.00	723.23
1005.00	784.08
1006.00	814.51
1007.00	763.01
1008.00	746.63
1009.00	669.39
1010.00	755.99
1011.00	807.48
1012.00	805.14
1013.00	828.55
1014.00	716.20
1015.00	763.01
1016.00	795.78
1017.00	727.91
1018.00	711.52
1019.00	688.12
1020.00	734.93
1021.00	704.50
1022.00	734.93
1023.00	709.18
1024.00	755.99
1025.00	802.80
1026.00	784.08
1027.00	821.53
1028.00	784.08
1029.00	802.80
1030.00	809.83
1031.00	748.97
1032.00	814.51
1033.00	774.72
1034.00	772.38
1035.00	753.65
1036.00	741.95
1037.00	828.55
1038.00	709.18
1039.00	774.72
1040.00	755.99
1041.00	826.21
1042.00	840.25
1043.00	795.78
1044.00	718.54
1045.00	774.72
1046.00	877.70
1047.00	781.74
1048.00	704.50
1049.00	821.53
1050.00	779.40
1051.00	779.40
1052.00	767.70
1053.00	737.27
1054.00	709.18
1055.00	767.70
1056.00	788.76
1057.00	732.59
1058.00	753.65
1059.00	758.33
1060.00	798.12
1061.00	744.29
1062.00	795.78
1063.00	763.01
1064.00	800.46
1065.00	737.27
1066.00	830.89
1067.00	741.95
1068.00	821.53
1069.00	819.19
1070.00	718.54
1071.00	744.29
1072.00	795.78
1073.00	760.67
1074.00	755.99
1075.00	748.97
1076.00	772.38
1077.00	793.44
1078.00	688.12
1079.00	746.63
1080.00	753.65
1081.00	718.54
1082.00	744.29
1083.00	748.97
1084.00	786.42
1085.00	805.14
1086.00	767.70
1087.00	788.76
1088.00	765.36
1089.00	791.10
1090.00	791.10
1091.00	765.36
1092.00	716.20
1093.00	727.91
1094.00	734.93
1095.00	795.78
1096.00	779.40
1097.00	664.71
1098.00	732.59
1099.00	784.08
1100.00	774.72
1101.00	793.44
1102.00	737.27
1103.00	849.61
1104.00	819.19
1105.00	816.85
1106.00	760.67
1107.00	772.38
1108.00	793.44
1109.00	741.95
1110.00	678.76
1111.00	716.20
1112.00	748.97
1113.00	744.29
1114.00	781.74
1115.00	732.59
1116.00	821.53
1117.00	835.57
1118.00	781.74
1119.00	777.06
1120.00	837.91
1121.00	667.05
1122.00	767.70
1123.00	812.17
1124.00	753.65
1125.00	720.88
1126.00	753.65
1127.00	713.86
1128.00	791.10
1129.00	739.61
1130.00	763.01
1131.00	767.70
1132.00	692.80
1133.00	755.99
1134.00	770.04
1135.00	725.57
1136.00	763.01
1137.00	788.76
1138.00	758.33
1139.00	777.06
1140.00	849.61
1141.00	830.89
1142.00	737.27
1143.00	854.30
1144.00	840.25
1145.00	767.70
1146.00	814.51
1147.00	763.01
1148.00	786.42
1149.00	755.99
1150.00	725.57
1151.00	800.46
1152.00	816.85
1153.00	793.44
1154.00	842.59
1155.00	781.74
1156.00	837.91
1157.00	814.51
1158.00	833.23
1159.00	835.57
1160.00	807.48
1161.00	807.48
1162.00	814.51
1163.00	840.25
1164.00	791.10
1165.00	809.83
1166.00	882.38
1167.00	1001.75
1168.00	1137.50
1169.00	1156.22
1170.00	1118.78
1171.00	1022.81
1172.00	922.17
1173.00	1008.77
1174.00	912.81
1175.00	777.06
1176.00	898.77
1177.00	858.98
1178.00	793.44
1179.00	772.38
1180.00	741.95
1181.00	795.78
1182.00	800.46
1183.00	805.14
1184.00	774.72
1185.00	873.02
1186.00	774.72
1187.00	873.02
1188.00	828.55
1189.00	887.06
1190.00	844.93
1191.00	828.55
1192.00	905.79
1193.00	976.00
1194.00	849.61
1195.00	905.79
1196.00	912.81
1197.00	910.47
1198.00	828.55
1199.00	905.79
1200.00	866.00
1201.00	1011.11
1202.00	1062.60
1203.00	1088.35
1204.00	1130.48
1205.00	994.73
1206.00	999.41
1207.00	966.64
1208.00	973.66
1209.00	915.15
1210.00	1039.20
1211.00	954.94
1212.00	1029.84
1213.00	954.94
1214.00	1011.11
1215.00	1060.26
1216.00	1086.01
1217.00	1273.25
1218.00	1430.07
1219.00	1687.53
1220.00	2850.77
1221.00	16252.68
1222.00	45759.81
1223.00	60980.32
1224.00	60397.52
1225.00	51037.72
1226.00	37130.26
1227.00	27634.71
1228.00	22663.41
1229.00	16400.13
1230.00	7693.34
1231.00	3302.50
1232.00	1942.64
1233.00	1504.96
1234.00	1348.15
1235.00	1181.97
1236.00	1165.59
1237.00	1125.80
1238.00	1081.33
1239.00	1385.60
1240.00	2869.50
1241.00	5121.09
1242.00	5994.11
1243.00	5111.73
1244.00	3953.16
1245.00	2920.99
1246.00	2478.63
1247.00	2235.21
1248.00	1568.16
1249.00	1142.18
1250.00	1020.47
1251.00	959.62
1252.00	830.89
1253.00	882.38
1254.00	980.68
1255.00	1013.45
1256.00	964.30
1257.00	994.73
1258.00	968.98
1259.00	950.26
1260.00	915.15
1261.00	894.08
1262.00	901.11
1263.00	931.53
1264.00	917.49
1265.00	840.25
1266.00	910.47
1267.00	917.49
1268.00	812.17
1269.00	758.33
1270.00	823.87
1271.00	884.72
1272.00	851.96
1273.00	777.06
1274.00	751.31
1275.00	884.72
1276.00	903.45
1277.00	896.43
1278.00	978.34
1279.00	2097.12
1280.00	5467.49
1281.00	9434.70
1282.00	10230.48
1283.00	7847.82
1284.00	5935.60
1285.00	4430.63
1286.00	3742.52
1287.00	2881.20
1288.00	1989.46
1289.00	1282.61
1290.00	919.83
1291.00	814.51
1292.00	896.43
1293.00	936.21
1294.00	898.77
1295.00	884.72
1296.00	905.79
1297.00	837.91
1298.00	889.40
1299.00	1540.07
1300.00	2282.02
1301.00	2986.52
1302.00	2768.85
1303.00	2167.34
1304.00	1694.55
1305.00	1516.67
1306.00	1387.94
1307.00	1228.78
1308.00	976.00
1309.00	940.90
1310.00	901.11
1311.00	889.40
1312.00	844.93
1313.00	826.21
1314.00	828.55
1315.00	795.78
1316.00	823.87
1317.00	758.33
1318.00	905.79
1319.00	798.12
1320.00	819.19
1321.00	795.78
1322.00	781.74
1323.00	772.38
1324.00	807.48
1325.00	835.57
1326.00	793.44
1327.00	847.27
1328.00	739.61
1329.00	807.48
1330.00	781.74
1331.00	791.10
1332.00	828.55
1333.00	931.53
1334.00	1582.20
1335.00	2537.14
1336.00	3159.72
1337.00	2715.02
1338.00	2218.83
1339.00	1722.63
1340.00	1575.18
1341.00	1308.36
1342.00	1149.20
1343.00	1001.75
1344.00	835.57
1345.00	779.40
1346.00	894.08
1347.00	854.30
1348.00	835.57
1349.00	763.01
1350.00	791.10
1351.00	802.80
1352.00	891.74
1353.00	746.63
1354.00	802.80
1355.00	720.88
1356.00	835.57
1357.00	802.80
1358.00	802.80
1359.00	947.92
1360.00	940.90
1361.00	968.98
1362.00	2047.97
1363.00	5160.88
1364.00	7889.95
1365.00	8837.86
1366.00	6700.95
1367.00	4929.17
1368.00	3779.97
1369.00	3267.39
1370.00	2537.14
1371.00	1717.95
1372.00	1156.22
1373.00	1048.56
1374.00	1144.52
1375.00	1083.67
1376.00	2621.40
1377.00	7613.76
1378.00	13699.16
1379.00	15370.30
1380.00	11852.47
1381.00	8718.50
1382.00	6373.28
1383.00	5062.58
1384.00	3943.80
1385.00	2459.90
1386.00	1497.94
1387.00	1109.41
1388.00	947.92
1389.00	866.00
1390.00	971.32
1391.00	786.42
1392.00	823.87
1393.00	894.08
1394.00	800.46
1395.00	873.02
1396.00	903.45
1397.00	919.83
1398.00	1036.86
1399.00	1170.27
1400.00	1259.21
1401.00	1095.37
1402.00	1095.37
1403.00	1125.80
1404.00	1057.92
1405.00	1053.24
1406.00	1792.85
1407.00	7330.56
1408.00	17369.12
1409.00	25198.21
1410.00	22436.38
1411.00	15892.24
1412.00	11307.13
1413.00	8540.61
1414.00	7077.78
1415.00	4774.69
1416.00	2499.69
1417.00	1425.39
1418.00	1121.12
1419.00	1048.56
1420.00	1739.02
1421.00	3873.59
1422.00	6024.54
1423.00	6527.75
1424.00	5085.98
1425.00	3786.99
1426.00	3009.93
1427.00	2483.31
1428.00	2043.29
1429.00	1460.49
1430.00	1015.79
1431.00	884.72
1432.00	833.23
1433.00	844.93
1434.00	877.70
1435.00	940.90
1436.00	847.27
1437.00	772.38
1438.00	908.13
1439.00	851.96
1440.00	854.30
1441.00	866.00
1442.00	873.02
1443.00	788.76
1444.00	727.91
1445.00	798.12
1446.00	772.38
1447.00	812.17
1448.00	828.55
1449.00	821.53
1450.00	819.19
1451.00	828.55
1452.00	763.01
1453.00	821.53
1454.00	774.72
1455.00	1205.38
1456.00	2235.21
1457.00	3655.92
1458.00	4397.87
1459.00	3552.93
1460.00	2796.94
1461.00	2181.38
1462.00	1877.11
1463.00	1549.43
1464.00	1177.29
1465.00	971.32
1466.00	887.06
1467.00	723.23
1468.00	798.12
1469.00	779.40
1470.00	753.65
1471.00	887.06
1472.00	784.08
1473.00	777.06
1474.00	800.46
1475.00	835.57
1476.00	877.70
1477.00	840.25
1478.00	840.25
1479.00	755.99
1480.00	765.36
1481.00	847.27
1482.00	791.10
1483.00	821.53
1484.00	915.15
1485.00	884.72
1486.00	901.11
1487.00	1107.07
1488.00	3222.92
1489.00	8226.98
1490.00	12821.45
1491.00	12961.89
1492.00	9320.01
1493.00	6843.73
1494.00	5118.75
1495.00	4283.18
1496.00	2953.76
1497.00	1853.70
1498.00	1088.35
1499.00	922.17
1500.00	964.30
1501.00	940.90
1502.00	844.93
1503.00	819.19
1504.00	849.61
1505.00	798.12
1506.00	858.98
1507.00	770.04
1508.00	758.33
1509.00	891.74
1510.00	807.48
1511.00	812.17
1512.00	837.91
1513.00	1008.77
1514.00	1973.07
1515.00	3112.91
1516.00	3995.29
1517.00	3283.77
1518.00	2567.57
1519.00	1998.82
1520.00	1736.68
1521.00	1488.58
1522.00	1116.44
1523.00	903.45
1524.00	924.51
1525.00	823.87
1526.00	793.44
1527.00	847.27
1528.00	828.55
1529.00	802.80
1530.00	922.17
1531.00	837.91
1532.00	929.19
1533.00	1830.30
1534.00	4655.33
1535.00	8290.18
1536.00	9621.94
1537.00	7449.93
1538.00	5364.51
1539.00	4093.60
1540.00	3337.60
1541.00	2644.81
1542.00	1650.08
1543.00	1181.97
1544.00	968.98
1545.00	915.15
1546.00	856.64
1547.00	858.98
1548.00	823.87
1549.00	875.36
1550.00	901.11
1551.00	819.19
1552.00	877.70
1553.00	875.36
1554.00	837.91
1555.00	866.00
1556.00	856.64
1557.00	912.81
1558.00	802.80
1559.00	866.00
1560.00	929.19
1561.00	870.68
1562.00	861.32
1563.00	910.47
1564.00	983.02
1565.00	1226.44
1566.00	4053.81
1567.00	10310.06
1568.00	16210.55
1569.00	16615.46
1570.00	11873.54
1571.00	8720.84
1572.00	6413.07
1573.00	5317.70
1574.00	3768.26
1575.00	2165.00
1576.00	1488.58
1577.00	1256.87
1578.00	1647.74
1579.00	5785.80
1580.00	16175.44
1581.00	26008.03
1582.00	27002.76
1583.00	19138.56
1584.00	13268.50
1585.00	9830.25
1586.00	7878.24
1587.00	5348.12
1588.00	2970.14
1589.00	1736.68
1590.00	1193.67
1591.00	1025.15
1592.00	936.21
1593.00	884.72
1594.00	873.02
1595.00	929.19
1596.00	851.96
1597.00	861.32
1598.00	828.55
1599.00	748.97
1600.00	814.51
1601.00	844.93
1602.00	819.19
1603.00	809.83
1604.00	809.83
1605.00	882.38
1606.00	802.80
1607.00	830.89
1608.00	770.04
1609.00	837.91
1610.00	760.67
1611.00	805.14
1612.00	777.06
1613.00	795.78
1614.00	732.59
1615.00	821.53
1616.00	753.65
1617.00	812.17
1618.00	800.46
1619.00	791.10
1620.00	753.65
1621.00	863.66
1622.00	770.04
1623.00	805.14
1624.00	812.17
1625.00	758.33
1626.00	734.93
1627.00	746.63
1628.00	751.31
1629.00	805.14
1630.00	854.30
1631.00	772.38
1632.00	767.70
1633.00	821.53
1634.00	720.88
1635.00	753.65
1636.00	802.80
1637.00	739.61
1638.00	800.46
1639.00	800.46
1640.00	746.63
1641.00	765.36
1642.00	798.12
1643.00	784.08
1644.00	788.76
1645.00	858.98
1646.00	788.76
1647.00	858.98
1648.00	866.00
1649.00	992.39
1650.00	2495.01
1651.00	6832.02
1652.00	11679.27
1653.00	14630.69
1654.00	11302.45
1655.00	8131.02
1656.00	6052.63
1657.00	4903.42
1658.00	3452.29
1659.00	2179.04
1660.00	1310.70
1661.00	1008.77
1662.00	926.85
1663.00	842.59
1664.00	835.57
1665.00	858.98
1666.00	849.61
1667.00	833.23
1668.00	1132.82
1669.00	2504.37
1670.00	4184.88
1671.00	5322.38
1672.00	4716.18
1673.00	3566.98
1674.00	2668.21
1675.00	2289.04
1676.00	1781.15
1677.00	1322.40
1678.00	1043.88
1679.00	835.57
1680.00	837.91
1681.00	863.66
1682.00	816.85
1683.00	725.57
1684.00	807.48
1685.00	812.17
1686.00	678.76
1687.00	767.70
1688.00	723.23
1689.00	746.63
1690.00	798.12
1691.00	772.38
1692.00	873.02
1693.00	741.95
1694.00	784.08
1695.00	781.74
1696.00	807.48
1697.00	688.12
1698.00	837.91
1699.00	786.42
1700.00	828.55
1701.00	744.29
1702.00	809.83
1703.00	793.44
1704.00	837.91
1705.00	739.61
1706.00	809.83
1707.00	744.29
1708.00	800.46
1709.00	751.31
1710.00	793.44
1711.00	793.44
1712.00	795.78
1713.00	854.30
1714.00	1277.93
1715.00	3183.13
1716.00	5558.77
1717.00	7417.16
1718.00	6298.38
1719.00	4816.82
1720.00	3691.02
1721.00	2785.24
1722.00	2125.21
1723.00	1551.78
1724.00	1132.82
1725.00	1001.75
1726.00	863.66
1727.00	758.33
1728.00	802.80
1729.00	828.55
1730.00	758.33
1731.00	751.31
1732.00	688.12
1733.00	844.93
1734.00	739.61
1735.00	739.61
1736.00	695.14
1737.00	767.70
1738.00	702.16
1739.00	678.76
1740.00	784.08
1741.00	807.48
1742.00	779.40
1743.00	720.88
1744.00	730.25
1745.00	791.10
1746.00	786.42
1747.00	774.72
1748.00	739.61
1749.00	671.73
1750.00	800.46
1751.00	816.85
1752.00	734.93
1753.00	741.95
1754.00	821.53
1755.00	767.70
1756.00	802.80
1757.00	767.70
1758.00	791.10
1759.00	795.78
1760.00	807.48
1761.00	798.12
1762.00	849.61
1763.00	786.42
1764.00	826.21
1765.00	849.61
1766.00	870.68
1767.00	868.34
1768.00	896.43
1769.00	1029.84
1770.00	1980.09
1771.00	5521.32
1772.00	9769.40
1773.00	12554.63
1774.00	10382.62
1775.00	8299.54
1776.00	5851.34
1777.00	4191.90
1778.00	2829.71
1779.00	1900.52
1780.00	1270.91
1781.00	1008.77
1782.00	894.08
1783.00	926.85
1784.00	868.34
1785.00	849.61
1786.00	816.85
1787.00	791.10
1788.00	758.33
1789.00	807.48
1790.00	849.61
1791.00	802.80
1792.00	777.06
1793.00	779.40
1794.00	786.42
1795.00	823.87
1796.00	816.85
1797.00	1088.35
1798.00	2092.44
1799.00	4723.20
1800.00	7335.24
1801.00	7997.61
1802.00	6553.50
1803.00	4844.91
1804.00	3384.41
1805.00	2377.98
1806.00	1673.48
1807.00	1174.95
1808.00	961.96
1809.00	901.11
1810.00	781.74
1811.00	795.78
1812.00	760.67
1813.00	812.17
1814.00	802.80
1815.00	809.83
1816.00	760.67
1817.00	767.70
1818.00	863.66
1819.00	772.38
1820.00	868.34
1821.00	823.87
1822.00	760.67
1823.00	734.93
1824.00	823.87
1825.00	791.10
1826.00	833.23
1827.00	826.21
1828.00	868.34
1829.00	849.61
1830.00	807.48
1831.00	812.17
1832.00	702.16
1833.00	763.01
1834.00	692.80
1835.00	821.53
1836.00	748.97
1837.00	737.27
1838.00	695.14
1839.00	791.10
1840.00	767.70
1841.00	716.20
1842.00	711.52
1843.00	814.51
1844.00	744.29
1845.00	786.42
1846.00	753.65
1847.00	720.88
1848.00	671.73
1849.00	711.52
1850.00	737.27
1851.00	699.82
1852.00	755.99
1853.00	760.67
1854.00	711.52
1855.00	767.70
1856.00	730.25
1857.00	702.16
1858.00	706.84
1859.00	674.07
1860.00	692.80
1861.00	763.01
1862.00	800.46
1863.00	758.33
1864.00	699.82
1865.00	706.84
1866.00	814.51
1867.00	807.48
1868.00	671.73
1869.00	737.27
1870.00	706.84
1871.00	763.01
1872.00	833.23
1873.00	748.97
1874.00	772.38
1875.00	718.54
1876.00	681.10
1877.00	741.95
1878.00	732.59
1879.00	709.18
1880.00	730.25
1881.00	692.80
1882.00	718.54
1883.00	730.25
1884.00	751.31
1885.00	734.93
1886.00	767.70
1887.00	800.46
1888.00	751.31
1889.00	737.27
1890.00	713.86
1891.00	732.59
1892.00	755.99
1893.00	751.31
1894.00	727.91
1895.00	755.99
1896.00	734.93
1897.00	767.70
1898.00	741.95
1899.00	676.41
1900.00	755.99
1901.00	767.70
1902.00	772.38
1903.00	800.46
1904.00	770.04
1905.00	744.29
1906.00	741.95
1907.00	755.99
1908.00	727.91
1909.00	781.74
1910.00	767.70
1911.00	727.91
1912.00	830.89
1913.00	870.68
1914.00	826.21
1915.00	723.23
1916.00	781.74
1917.00	758.33
1918.00	772.38
1919.00	751.31
1920.00	748.97
1921.00	777.06
1922.00	837.91
1923.00	746.63
1924.00	788.76
1925.00	798.12
1926.00	795.78
1927.00	786.42
1928.00	770.04
1929.00	748.97
1930.00	800.46
1931.00	770.04
1932.00	730.25
1933.00	716.20
1934.00	690.46
1935.00	713.86
1936.00	758.33
1937.00	746.63
1938.00	746.63
1939.00	777.06
1940.00	760.67
1941.00	734.93
1942.00	786.42
1943.00	770.04
1944.00	777.06
1945.00	713.86
1946.00	737.27
1947.00	763.01
1948.00	807.48
1949.00	763.01
1950.00	807.48
1951.00	814.51
1952.00	938.55
1953.00	2087.76
1954.00	4425.95
1955.00	6305.40
1956.00	7126.93
1957.00	4994.70
1958.00	3438.25
1959.00	2169.68
1960.00	1493.26
1961.00	1188.99
1962.00	933.87
1963.00	938.55
1964.00	858.98
1965.00	809.83
1966.00	798.12
1967.00	786.42
1968.00	744.29
1969.00	772.38
1970.00	791.10
1971.00	737.27
1972.00	725.57
1973.00	734.93
1974.00	737.27
1975.00	814.51
1976.00	774.72
1977.00	807.48
1978.00	777.06
1979.00	793.44
1980.00	868.34
1981.00	987.71
1982.00	1111.75
1983.00	1114.10
1984.00	1088.35
1985.00	1008.77
1986.00	823.87
1987.00	793.44
1988.00	847.27
1989.00	704.50
1990.00	692.80
1991.00	723.23
1992.00	711.52
1993.00	758.33
1994.00	793.44
1995.00	791.10
1996.00	786.42
1997.00	779.40
1998.00	770.04
1999.00	828.55
2000.00	763.01
2001.00	699.82
2002.00	753.65
2003.00	800.46
2004.00	737.27
2005.00	849.61
2006.00	763.01
2007.00	851.96
2008.00	755.99
2009.00	763.01
2010.00	741.95
2011.00	774.72
2012.00	748.97
2013.00	812.17
2014.00	798.12
2015.00	774.72
2016.00	755.99
2017.00	814.51
2018.00	716.20
2019.00	741.95
2020.00	758.33
2021.00	784.08
2022.00	704.50
2023.00	844.93
2024.00	889.40
2025.00	1036.86
2026.00	1048.56
2027.00	1071.97
2028.00	1071.97
2029.00	1172.61
2030.00	2094.78
2031.00	5785.80
2032.00	10658.80
2033.00	13514.25
2034.00	12248.02
2035.00	8365.07
2036.00	5392.59
2037.00	3655.92
2038.00	2452.88
2039.00	1654.76
2040.00	1240.48
2041.00	1046.22
2042.00	983.02
2043.00	805.14
2044.00	858.98
2045.00	814.51
2046.00	807.48
2047.00	842.59
