0.00	692.80
1.00	692.80
2.00	692.80
3.00	596.84
4.00	620.24
5.00	543.00
6.00	557.05
7.00	620.24
8.00	596.84
9.00	582.79
10.00	547.69
11.00	615.56
12.00	578.11
13.00	601.52
14.00	667.05
15.00	575.77
16.00	580.45
17.00	580.45
18.00	596.84
19.00	660.03
20.00	596.84
21.00	627.26
22.00	594.50
23.00	650.67
24.00	709.18
25.00	653.01
26.00	664.71
27.00	730.25
28.00	683.44
29.00	739.61
30.00	697.48
31.00	730.25
32.00	697.48
33.00	702.16
34.00	685.78
35.00	697.48
36.00	702.16
37.00	709.18
38.00	720.88
39.00	758.33
40.00	720.88
41.00	727.91
42.00	655.35
43.00	727.91
44.00	744.29
45.00	753.65
46.00	723.23
47.00	727.91
48.00	758.33
49.00	704.50
50.00	741.95
51.00	770.04
52.00	765.36
53.00	676.41
54.00	671.73
55.00	678.76
56.00	755.99
57.00	781.74
58.00	702.16
59.00	718.54
60.00	730.25
61.00	671.73
62.00	702.16
63.00	725.57
64.00	730.25
65.00	751.31
66.00	777.06
67.00	716.20
68.00	704.50
69.00	685.78
70.00	777.06
71.00	725.57
72.00	692.80
73.00	741.95
74.00	734.93
75.00	718.54
76.00	674.07
77.00	704.50
78.00	730.25
79.00	755.99
80.00	648.33
81.00	716.20
82.00	777.06
83.00	751.31
84.00	739.61
85.00	709.18
86.00	667.05
87.00	676.41
88.00	741.95
89.00	702.16
90.00	753.65
91.00	716.20
92.00	674.07
93.00	716.20
94.00	690.46
95.00	802.80
96.00	671.73
97.00	758.33
98.00	725.57
99.00	706.84
100.00	725.57
101.00	716.20
102.00	716.20
103.00	779.40
104.00	791.10
105.00	671.73
106.00	716.20
107.00	727.91
108.00	706.84
109.00	748.97
110.00	734.93
111.00	772.38
112.00	753.65
113.00	727.91
114.00	685.78
115.00	727.91
116.00	720.88
117.00	725.57
118.00	697.48
119.00	772.38
120.00	711.52
121.00	727.91
122.00	755.99
123.00	730.25
124.00	779.40
125.00	716.20
126.00	720.88
127.00	690.46
128.00	730.25
129.00	784.08
130.00	737.27
131.00	765.36
132.00	784.08
133.00	709.18
134.00	798.12
135.00	732.59
136.00	723.23
137.00	716.20
138.00	770.04
139.00	725.57
140.00	737.27
141.00	737.27
142.00	709.18
143.00	720.88
144.00	683.44
145.00	732.59
146.00	763.01
147.00	767.70
148.00	732.59
149.00	734.93
150.00	772.38
151.00	732.59
152.00	697.48
153.00	755.99
154.00	697.48
155.00	847.27
156.00	730.25
157.00	711.52
158.00	713.86
159.00	685.78
160.00	739.61
161.00	779.40
162.00	723.23
163.00	844.93
164.00	688.12
165.00	760.67
166.00	667.05
167.00	737.27
168.00	802.80
169.00	718.54
170.00	732.59
171.00	716.20
172.00	730.25
173.00	730.25
174.00	676.41
175.00	720.88
176.00	711.52
177.00	622.58
178.00	692.80
179.00	746.63
180.00	770.04
181.00	704.50
182.00	744.29
183.00	788.76
184.00	716.20
185.00	732.59
186.00	739.61
187.00	688.12
188.00	763.01
189.00	664.71
190.00	772.38
191.00	713.86
192.00	648.33
193.00	671.73
194.00	751.31
195.00	758.33
196.00	784.08
197.00	788.76
198.00	713.86
199.00	781.74
200.00	725.57
201.00	774.72
202.00	671.73
203.00	709.18
204.00	741.95
205.00	774.72
206.00	713.86
207.00	720.88
208.00	730.25
209.00	709.18
210.00	704.50
211.00	802.80
212.00	699.82
213.00	713.86
214.00	751.31
215.00	755.99
216.00	781.74
217.00	716.20
218.00	772.38
219.00	688.12
220.00	777.06
221.00	730.25
222.00	720.88
223.00	711.52
224.00	725.57
225.00	716.20
226.00	676.41
227.00	758.33
228.00	709.18
229.00	713.86
230.00	688.12
231.00	716.20
232.00	695.14
233.00	716.20
234.00	685.78
235.00	739.61
236.00	739.61
237.00	795.78
238.00	734.93
239.00	823.87
240.00	798.12
241.00	770.04
242.00	734.93
243.00	713.86
244.00	706.84
245.00	725.57
246.00	748.97
247.00	711.52
248.00	732.59
249.00	716.20
250.00	711.52
251.00	685.78
252.00	748.97
253.00	765.36
254.00	737.27
255.00	732.59
256.00	770.04
257.00	786.42
258.00	760.67
259.00	767.70
260.00	716.20
261.00	688.12
262.00	770.04
263.00	770.04
264.00	732.59
265.00	744.29
266.00	805.14
267.00	781.74
268.00	751.31
269.00	770.04
270.00	753.65
271.00	767.70
272.00	842.59
273.00	767.70
274.00	751.31
275.00	737.27
276.00	772.38
277.00	809.83
278.00	758.33
279.00	744.29
280.00	847.27
281.00	767.70
282.00	716.20
283.00	755.99
284.00	772.38
285.00	688.12
286.00	697.48
287.00	713.86
288.00	791.10
289.00	755.99
290.00	697.48
291.00	727.91
292.00	732.59
293.00	755.99
294.00	727.91
295.00	765.36
296.00	739.61
297.00	770.04
298.00	807.48
299.00	734.93
300.00	650.67
301.00	730.25
302.00	744.29
303.00	690.46
304.00	690.46
305.00	727.91
306.00	664.71
307.00	760.67
308.00	807.48
309.00	821.53
310.00	774.72
311.00	753.65
312.00	777.06
313.00	856.64
314.00	770.04
315.00	765.36
316.00	711.52
317.00	690.46
318.00	732.59
319.00	737.27
320.00	751.31
321.00	753.65
322.00	706.84
323.00	765.36
324.00	744.29
325.00	760.67
326.00	690.46
327.00	802.80
328.00	748.97
329.00	692.80
330.00	741.95
331.00	734.93
332.00	706.84
333.00	690.46
334.00	758.33
335.00	711.52
336.00	737.27
337.00	697.48
338.00	765.36
339.00	805.14
340.00	765.36
341.00	711.52
342.00	678.76
343.00	718.54
344.00	713.86
345.00	777.06
346.00	795.78
347.00	770.04
348.00	805.14
349.00	847.27
350.00	774.72
351.00	819.19
352.00	795.78
353.00	814.51
354.00	809.83
355.00	795.78
356.00	746.63
357.00	709.18
358.00	748.97
359.00	746.63
360.00	720.88
361.00	709.18
362.00	688.12
363.00	793.44
364.00	716.20
365.00	734.93
366.00	734.93
367.00	795.78
368.00	770.04
369.00	678.76
370.00	751.31
371.00	842.59
372.00	758.33
373.00	763.01
374.00	746.63
375.00	758.33
376.00	784.08
377.00	737.27
378.00	760.67
379.00	709.18
380.00	723.23
381.00	704.50
382.00	823.87
383.00	788.76
384.00	765.36
385.00	650.67
386.00	758.33
387.00	709.18
388.00	777.06
389.00	763.01
390.00	816.85
391.00	741.95
392.00	760.67
393.00	791.10
394.00	765.36
395.00	706.84
396.00	751.31
397.00	716.20
398.00	744.29
399.00	695.14
400.00	704.50
401.00	816.85
402.00	772.38
403.00	739.61
404.00	730.25
405.00	697.48
406.00	716.20
407.00	697.48
408.00	664.71
409.00	767.70
410.00	753.65
411.00	748.97
412.00	777.06
413.00	758.33
414.00	748.97
415.00	718.54
416.00	763.01
417.00	788.76
418.00	734.93
419.00	767.70
420.00	702.16
421.00	730.25
422.00	725.57
423.00	741.95
424.00	702.16
425.00	706.84
426.00	770.04
427.00	706.84
428.00	746.63
429.00	716.20
430.00	732.59
431.00	772.38
432.00	683.44
433.00	713.86
434.00	755.99
435.00	711.52
436.00	716.20
437.00	760.67
438.00	770.04
439.00	746.63
440.00	798.12
441.00	732.59
442.00	765.36
443.00	805.14
444.00	667.05
445.00	723.23
446.00	727.91
447.00	720.88
448.00	713.86
449.00	737.27
450.00	711.52
451.00	744.29
452.00	770.04
453.00	770.04
454.00	737.27
455.00	734.93
456.00	678.76
457.00	786.42
458.00	734.93
459.00	713.86
460.00	760.67
461.00	791.10
462.00	758.33
463.00	744.29
464.00	688.12
465.00	744.29
466.00	765.36
467.00	791.10
468.00	723.23
469.00	765.36
470.00	755.99
471.00	793.44
472.00	795.78
473.00	730.25
474.00	779.40
475.00	697.48
476.00	706.84
477.00	767.70
478.00	711.52
479.00	732.59
480.00	751.31
481.00	704.50
482.00	671.73
483.00	842.59
484.00	737.27
485.00	727.91
486.00	763.01
487.00	786.42
488.00	727.91
489.00	732.59
490.00	730.25
491.00	674.07
492.00	772.38
493.00	763.01
494.00	706.84
495.00	758.33
496.00	765.36
497.00	718.54
498.00	809.83
499.00	748.97
500.00	765.36
501.00	800.46
502.00	763.01
503.00	746.63
504.00	669.39
505.00	777.06
506.00	706.84
507.00	884.72
508.00	683.44
509.00	760.67
510.00	767.70
511.00	650.67
512.00	755.99
513.00	718.54
514.00	685.78
515.00	767.70
516.00	760.67
517.00	739.61
518.00	725.57
519.00	711.52
520.00	760.67
521.00	777.06
522.00	713.86
523.00	819.19
524.00	711.52
525.00	770.04
526.00	755.99
527.00	734.93
528.00	751.31
529.00	737.27
530.00	688.12
531.00	704.50
532.00	730.25
533.00	807.48
534.00	755.99
535.00	800.46
536.00	767.70
537.00	795.78
538.00	739.61
539.00	704.50
540.00	779.40
541.00	763.01
542.00	711.52
543.00	674.07
544.00	812.17
545.00	784.08
546.00	772.38
547.00	711.52
548.00	777.06
549.00	732.59
550.00	751.31
551.00	732.59
552.00	727.91
553.00	795.78
554.00	741.95
555.00	725.57
556.00	784.08
557.00	760.67
558.00	737.27
559.00	739.61
560.00	723.23
561.00	737.27
562.00	685.78
563.00	760.67
564.00	770.04
565.00	828.55
566.00	758.33
567.00	741.95
568.00	746.63
569.00	711.52
570.00	730.25
571.00	781.74
572.00	734.93
573.00	718.54
574.00	730.25
575.00	849.61
576.00	711.52
577.00	793.44
578.00	697.48
579.00	699.82
580.00	678.76
581.00	678.76
582.00	795.78
583.00	760.67
584.00	779.40
585.00	727.91
586.00	781.74
587.00	683.44
588.00	809.83
589.00	690.46
590.00	744.29
591.00	709.18
592.00	737.27
593.00	716.20
594.00	648.33
595.00	781.74
596.00	781.74
597.00	688.12
598.00	739.61
599.00	746.63
600.00	744.29
601.00	688.12
602.00	683.44
603.00	690.46
604.00	725.57
605.00	732.59
606.00	730.25
607.00	741.95
608.00	718.54
609.00	748.97
610.00	732.59
611.00	699.82
612.00	676.41
613.00	788.76
614.00	688.12
615.00	777.06
616.00	755.99
617.00	744.29
618.00	791.10
619.00	772.38
620.00	748.97
621.00	737.27
622.00	697.48
623.00	763.01
624.00	727.91
625.00	734.93
626.00	781.74
627.00	741.95
628.00	681.10
629.00	683.44
630.00	767.70
631.00	744.29
632.00	664.71
633.00	720.88
634.00	711.52
635.00	753.65
636.00	770.04
637.00	800.46
638.00	704.50
639.00	744.29
640.00	758.33
641.00	718.54
642.00	751.31
643.00	772.38
644.00	753.65
645.00	720.88
646.00	702.16
647.00	653.01
648.00	765.36
649.00	786.42
650.00	755.99
651.00	734.93
652.00	688.12
653.00	755.99
654.00	814.51
655.00	837.91
656.00	788.76
657.00	744.29
658.00	774.72
659.00	720.88
660.00	739.61
661.00	732.59
662.00	737.27
663.00	814.51
664.00	678.76
665.00	676.41
666.00	732.59
667.00	765.36
668.00	741.95
669.00	849.61
670.00	725.57
671.00	784.08
672.00	709.18
673.00	748.97
674.00	695.14
675.00	676.41
676.00	720.88
677.00	760.67
678.00	739.61
679.00	809.83
680.00	760.67
681.00	748.97
682.00	758.33
683.00	755.99
684.00	753.65
685.00	809.83
686.00	748.97
687.00	720.88
688.00	774.72
689.00	723.23
690.00	763.01
691.00	734.93
692.00	786.42
693.00	716.20
694.00	723.23
695.00	765.36
696.00	723.23
697.00	763.01
698.00	704.50
699.00	734.93
700.00	697.48
701.00	788.76
702.00	767.70
703.00	683.44
704.00	725.57
705.00	788.76
706.00	699.82
707.00	688.12
708.00	725.57
709.00	814.51
710.00	765.36
711.00	702.16
712.00	746.63
713.00	774.72
714.00	716.20
715.00	723.23
716.00	748.97
717.00	737.27
718.00	709.18
719.00	718.54
720.00	800.46
721.00	772.38
722.00	763.01
723.00	849.61
724.00	751.31
725.00	758.33
726.00	755.99
727.00	758.33
728.00	734.93
729.00	681.10
730.00	814.51
731.00	774.72
732.00	741.95
733.00	725.57
734.00	718.54
735.00	760.67
736.00	751.31
737.00	814.51
738.00	730.25
739.00	760.67
740.00	755.99
741.00	763.01
742.00	697.48
743.00	741.95
744.00	751.31
745.00	788.76
746.00	739.61
747.00	751.31
748.00	751.31
749.00	795.78
750.00	711.52
751.00	758.33
752.00	763.01
753.00	725.57
754.00	758.33
755.00	777.06
756.00	737.27
757.00	774.72
758.00	744.29
759.00	713.86
760.00	805.14
761.00	709.18
762.00	807.48
763.00	770.04
764.00	734.93
765.00	725.57
766.00	751.31
767.00	725.57
768.00	819.19
769.00	828.55
770.00	741.95
771.00	744.29
772.00	709.18
773.00	744.29
774.00	751.31
775.00	753.65
776.00	739.61
777.00	706.84
778.00	772.38
779.00	786.42
780.00	802.80
781.00	779.40
782.00	786.42
783.00	781.74
784.00	779.40
785.00	772.38
786.00	770.04
787.00	809.83
788.00	671.73
789.00	681.10
790.00	676.41
791.00	784.08
792.00	746.63
793.00	753.65
794.00	795.78
795.00	746.63
796.00	821.53
797.00	709.18
798.00	744.29
799.00	823.87
800.00	763.01
801.00	755.99
802.00	763.01
803.00	788.76
804.00	720.88
805.00	758.33
806.00	706.84
807.00	784.08
808.00	812.17
809.00	699.82
810.00	763.01
811.00	746.63
812.00	734.93
813.00	732.59
814.00	833.23
815.00	720.88
816.00	751.31
817.00	800.46
818.00	732.59
819.00	716.20
820.00	767.70
821.00	786.42
822.00	842.59
823.00	765.36
824.00	779.40
825.00	788.76
826.00	781.74
827.00	767.70
828.00	791.10
829.00	763.01
830.00	669.39
831.00	809.83
832.00	875.36
833.00	802.80
834.00	826.21
835.00	711.52
836.00	727.91
837.00	725.57
838.00	777.06
839.00	732.59
840.00	730.25
841.00	674.07
842.00	755.99
843.00	770.04
844.00	753.65
845.00	774.72
846.00	774.72
847.00	760.67
848.00	748.97
849.00	727.91
850.00	758.33
851.00	744.29
852.00	709.18
853.00	734.93
854.00	753.65
855.00	683.44
856.00	833.23
857.00	755.99
858.00	692.80
859.00	695.14
860.00	702.16
861.00	793.44
862.00	746.63
863.00	828.55
864.00	723.23
865.00	784.08
866.00	763.01
867.00	734.93
868.00	788.76
869.00	727.91
870.00	772.38
871.00	741.95
872.00	741.95
873.00	730.25
874.00	809.83
875.00	758.33
876.00	753.65
877.00	795.78
878.00	784.08
879.00	791.10
880.00	704.50
881.00	758.33
882.00	802.80
883.00	763.01
884.00	781.74
885.00	713.86
886.00	798.12
887.00	781.74
888.00	763.01
889.00	788.76
890.00	868.34
891.00	755.99
892.00	866.00
893.00	763.01
894.00	734.93
895.00	711.52
896.00	716.20
897.00	793.44
898.00	774.72
899.00	730.25
900.00	713.86
901.00	746.63
902.00	812.17
903.00	835.57
904.00	765.36
905.00	779.40
906.00	891.74
907.00	891.74
908.00	826.21
909.00	823.87
910.00	779.40
911.00	844.93
912.00	851.96
913.00	891.74
914.00	919.83
915.00	849.61
916.00	866.00
917.00	763.01
918.00	835.57
919.00	812.17
920.00	730.25
921.00	774.72
922.00	753.65
923.00	821.53
924.00	784.08
925.00	774.72
926.00	737.27
927.00	765.36
928.00	688.12
929.00	732.59
930.00	739.61
931.00	779.40
932.00	816.85
933.00	772.38
934.00	800.46
935.00	772.38
936.00	786.42
937.00	788.76
938.00	758.33
939.00	744.29
940.00	678.76
941.00	793.44
942.00	681.10
943.00	774.72
944.00	814.51
945.00	802.80
946.00	1095.37
947.00	1621.99
948.00	2040.95
949.00	1837.32
950.00	1544.75
951.00	1322.40
952.00	1184.31
953.00	1055.58
954.00	922.17
955.00	758.33
956.00	788.76
957.00	711.52
958.00	837.91
959.00	791.10
960.00	809.83
961.00	755.99
962.00	746.63
963.00	741.95
964.00	690.46
965.00	763.01
966.00	758.33
967.00	770.04
968.00	758.33
969.00	763.01
970.00	737.27
971.00	844.93
972.00	734.93
973.00	741.95
974.00	720.88
975.00	723.23
976.00	788.76
977.00	765.36
978.00	772.38
979.00	781.74
980.00	777.06
981.00	791.10
982.00	734.93
983.00	706.84
984.00	730.25
985.00	739.61
986.00	744.29
987.00	746.63
988.00	713.86
989.00	802.80
990.00	767.70
991.00	777.06
992.00	744.29
993.00	685.78
994.00	751.31
995.00	767.70
996.00	725.57
997.00	739.61
998.00	777.06
999.00	786.42
1000.00	753.65
1001.00	800.46
1002.00	746.63
1003.00	788.76
1004.00	842.59
1005.00	751.31
1006.00	755.99
1007.00	777.06
1008.00	781.74
1009.00	805.14
1010.00	858.98
1011.00	847.27
1012.00	716.20
1013.00	774.72
1014.00	800.46
1015.00	734.93
1016.00	737.27
1017.00	784.08
1018.00	730.25
1019.00	774.72
1020.00	770.04
1021.00	760.67
1022.00	718.54
1023.00	702.16
1024.00	741.95
1025.00	763.01
1026.00	739.61
1027.00	685.78
1028.00	748.97
1029.00	725.57
1030.00	734.93
1031.00	744.29
1032.00	779.40
1033.00	744.29
1034.00	758.33
1035.00	706.84
1036.00	739.61
1037.00	814.51
1038.00	767.70
1039.00	739.61
1040.00	725.57
1041.00	760.67
1042.00	706.84
1043.00	760.67
1044.00	741.95
1045.00	807.48
1046.00	877.70
1047.00	837.91
1048.00	685.78
1049.00	784.08
1050.00	699.82
1051.00	795.78
1052.00	816.85
1053.00	746.63
1054.00	763.01
1055.00	760.67
1056.00	760.67
1057.00	755.99
1058.00	744.29
1059.00	786.42
1060.00	660.03
1061.00	692.80
1062.00	723.23
1063.00	737.27
1064.00	823.87
1065.00	732.59
1066.00	779.40
1067.00	699.82
1068.00	814.51
1069.00	739.61
1070.00	758.33
1071.00	770.04
1072.00	657.69
1073.00	755.99
1074.00	720.88
1075.00	781.74
1076.00	744.29
1077.00	737.27
1078.00	755.99
1079.00	737.27
1080.00	805.14
1081.00	737.27
1082.00	763.01
1083.00	763.01
1084.00	758.33
1085.00	767.70
1086.00	706.84
1087.00	840.25
1088.00	732.59
1089.00	751.31
1090.00	711.52
1091.00	748.97
1092.00	702.16
1093.00	709.18
1094.00	753.65
1095.00	725.57
1096.00	781.74
1097.00	716.20
1098.00	681.10
1099.00	800.46
1100.00	788.76
1101.00	727.91
1102.00	816.85
1103.00	812.17
1104.00	683.44
1105.00	849.61
1106.00	828.55
1107.00	798.12
1108.00	753.65
1109.00	751.31
1110.00	791.10
1111.00	765.36
1112.00	767.70
1113.00	704.50
1114.00	720.88
1115.00	730.25
1116.00	814.51
1117.00	805.14
1118.00	744.29
1119.00	751.31
1120.00	784.08
1121.00	772.38
1122.00	763.01
1123.00	791.10
1124.00	819.19
1125.00	826.21
1126.00	690.46
1127.00	823.87
1128.00	816.85
1129.00	760.67
1130.00	793.44
1131.00	718.54
1132.00	788.76
1133.00	823.87
1134.00	725.57
1135.00	767.70
1136.00	751.31
1137.00	786.42
1138.00	753.65
1139.00	816.85
1140.00	744.29
1141.00	814.51
1142.00	751.31
1143.00	830.89
1144.00	788.76
1145.00	786.42
1146.00	781.74
1147.00	842.59
1148.00	788.76
1149.00	809.83
1150.00	791.10
1151.00	772.38
1152.00	767.70
1153.00	774.72
1154.00	681.10
1155.00	851.96
1156.00	844.93
1157.00	779.40
1158.00	812.17
1159.00	854.30
1160.00	896.43
1161.00	807.48
1162.00	840.25
1163.00	744.29
1164.00	812.17
1165.00	807.48
1166.00	961.96
1167.00	1032.18
1168.00	1139.84
1169.00	1130.48
1170.00	1109.41
1171.00	1022.81
1172.00	976.00
1173.00	870.68
1174.00	889.40
1175.00	837.91
1176.00	840.25
1177.00	793.44
1178.00	837.91
1179.00	828.55
1180.00	842.59
1181.00	755.99
1182.00	835.57
1183.00	842.59
1184.00	875.36
1185.00	870.68
1186.00	833.23
1187.00	741.95
1188.00	821.53
1189.00	800.46
1190.00	816.85
1191.00	856.64
1192.00	866.00
1193.00	889.40
1194.00	922.17
1195.00	896.43
1196.00	964.30
1197.00	849.61
1198.00	826.21
1199.00	863.66
1200.00	940.90
1201.00	919.83
1202.00	1086.01
1203.00	1165.59
1204.00	1153.88
1205.00	1064.94
1206.00	1132.82
1207.00	976.00
1208.00	1034.52
1209.00	1107.07
1210.00	973.66
1211.00	1015.79
1212.00	1001.75
1213.00	990.05
1214.00	1081.33
1215.00	1109.41
1216.00	1256.87
1217.00	1345.81
1218.00	1570.50
1219.00	1774.13
1220.00	3272.07
1221.00	17804.46
1222.00	51004.95
1223.00	65111.36
1224.00	65097.32
1225.00	56884.38
1226.00	43517.58
1227.00	32891.55
1228.00	26855.31
1229.00	19489.64
1230.00	9158.52
1231.00	3805.71
1232.00	2066.69
1233.00	1563.48
1234.00	1387.94
1235.00	1301.34
1236.00	1240.48
1237.00	1261.55
1238.00	1128.14
1239.00	1451.13
1240.00	3213.56
1241.00	5647.71
1242.00	7000.54
1243.00	5921.56
1244.00	4362.76
1245.00	3361.01
1246.00	2782.90
1247.00	2427.14
1248.00	1811.57
1249.00	1207.72
1250.00	994.73
1251.00	954.94
1252.00	915.15
1253.00	924.51
1254.00	922.17
1255.00	1048.56
1256.00	994.73
1257.00	1034.52
1258.00	915.15
1259.00	954.94
1260.00	915.15
1261.00	971.32
1262.00	910.47
1263.00	908.13
1264.00	894.08
1265.00	877.70
1266.00	875.36
1267.00	849.61
1268.00	826.21
1269.00	833.23
1270.00	791.10
1271.00	856.64
1272.00	765.36
1273.00	784.08
1274.00	795.78
1275.00	830.89
1276.00	870.68
1277.00	936.21
1278.00	1060.26
1279.00	2211.81
1280.00	6073.69
1281.00	10672.84
1282.00	12152.06
1283.00	9320.01
1284.00	6806.28
1285.00	5036.83
1286.00	4285.52
1287.00	3431.23
1288.00	2298.41
1289.00	1376.24
1290.00	992.39
1291.00	889.40
1292.00	926.85
1293.00	828.55
1294.00	966.64
1295.00	945.58
1296.00	889.40
1297.00	880.04
1298.00	915.15
1299.00	1549.43
1300.00	2382.67
1301.00	3218.24
1302.00	2951.42
1303.00	2462.24
1304.00	1891.15
1305.00	1668.80
1306.00	1430.07
1307.00	1280.27
1308.00	994.73
1309.00	901.11
1310.00	896.43
1311.00	894.08
1312.00	765.36
1313.00	840.25
1314.00	833.23
1315.00	849.61
1316.00	788.76
1317.00	856.64
1318.00	807.48
1319.00	840.25
1320.00	777.06
1321.00	763.01
1322.00	849.61
1323.00	861.32
1324.00	837.91
1325.00	765.36
1326.00	807.48
1327.00	763.01
1328.00	767.70
1329.00	739.61
1330.00	784.08
1331.00	819.19
1332.00	854.30
1333.00	1034.52
1334.00	1753.06
1335.00	2738.43
1336.00	3674.64
1337.00	3089.51
1338.00	2483.31
1339.00	2033.93
1340.00	1685.19
1341.00	1486.24
1342.00	1242.82
1343.00	985.37
1344.00	924.51
1345.00	816.85
1346.00	849.61
1347.00	812.17
1348.00	819.19
1349.00	758.33
1350.00	840.25
1351.00	781.74
1352.00	889.40
1353.00	847.27
1354.00	840.25
1355.00	849.61
1356.00	873.02
1357.00	896.43
1358.00	805.14
1359.00	868.34
1360.00	868.34
1361.00	1039.20
1362.00	2214.15
1363.00	5439.40
1364.00	9231.07
1365.00	10174.31
1366.00	7726.11
1367.00	5650.05
1368.00	4177.86
1369.00	3564.64
1370.00	2963.12
1371.00	1849.02
1372.00	1266.23
1373.00	1137.50
1374.00	1039.20
1375.00	1233.46
1376.00	2902.26
1377.00	8702.11
1378.00	15716.70
1379.00	18506.62
1380.00	13944.91
1381.00	9977.70
1382.00	7232.26
1383.00	5799.85
1384.00	4566.39
1385.00	2799.28
1386.00	1554.12
1387.00	1153.88
1388.00	992.39
1389.00	898.77
1390.00	1039.20
1391.00	957.28
1392.00	870.68
1393.00	840.25
1394.00	826.21
1395.00	828.55
1396.00	877.70
1397.00	929.19
1398.00	1128.14
1399.00	1186.65
1400.00	1423.05
1401.00	1259.21
1402.00	1167.93
1403.00	1095.37
1404.00	1118.78
1405.00	1224.10
1406.00	1863.07
1407.00	8006.97
1408.00	19868.81
1409.00	29890.98
1410.00	26476.14
1411.00	18743.01
1412.00	12996.99
1413.00	9795.14
1414.00	8102.93
1415.00	5334.08
1416.00	2827.37
1417.00	1612.63
1418.00	1118.78
1419.00	1100.05
1420.00	1935.62
1421.00	4149.77
1422.00	6991.18
1423.00	7742.49
1424.00	5891.13
1425.00	4322.97
1426.00	3243.98
1427.00	2820.35
1428.00	2244.57
1429.00	1516.67
1430.00	1088.35
1431.00	1008.77
1432.00	901.11
1433.00	961.96
1434.00	887.06
1435.00	873.02
1436.00	830.89
1437.00	842.59
1438.00	851.96
1439.00	826.21
1440.00	905.79
1441.00	880.04
1442.00	835.57
1443.00	819.19
1444.00	751.31
1445.00	835.57
1446.00	774.72
1447.00	807.48
1448.00	807.48
1449.00	786.42
1450.00	837.91
1451.00	833.23
1452.00	760.67
1453.00	805.14
1454.00	861.32
1455.00	1231.12
1456.00	2436.50
1457.00	4004.66
1458.00	5011.09
1459.00	3962.53
1460.00	3122.27
1461.00	2394.37
1462.00	1982.43
1463.00	1715.61
1464.00	1331.76
1465.00	957.28
1466.00	922.17
1467.00	894.08
1468.00	835.57
1469.00	814.51
1470.00	765.36
1471.00	800.46
1472.00	781.74
1473.00	842.59
1474.00	739.61
1475.00	774.72
1476.00	814.51
1477.00	777.06
1478.00	919.83
1479.00	828.55
1480.00	844.93
1481.00	856.64
1482.00	763.01
1483.00	858.98
1484.00	912.81
1485.00	908.13
1486.00	994.73
1487.00	1184.31
1488.00	3660.60
1489.00	9181.92
1490.00	14855.38
1491.00	15037.94
1492.00	10878.81
1493.00	7873.56
1494.00	5863.04
1495.00	4599.15
1496.00	3414.84
1497.00	2062.01
1498.00	1249.85
1499.00	1025.15
1500.00	873.02
1501.00	842.59
1502.00	870.68
1503.00	866.00
1504.00	800.46
1505.00	866.00
1506.00	826.21
1507.00	774.72
1508.00	847.27
1509.00	805.14
1510.00	812.17
1511.00	840.25
1512.00	842.59
1513.00	1116.44
1514.00	2033.93
1515.00	3592.72
1516.00	4610.86
1517.00	3791.67
1518.00	2869.50
1519.00	2190.74
1520.00	1846.68
1521.00	1657.10
1522.00	1338.79
1523.00	959.62
1524.00	929.19
1525.00	901.11
1526.00	840.25
1527.00	844.93
1528.00	847.27
1529.00	814.51
1530.00	901.11
1531.00	882.38
1532.00	985.37
1533.00	1937.96
1534.00	5256.84
1535.00	9142.13
1536.00	10911.58
1537.00	8439.97
1538.00	6197.74
1539.00	4510.21
1540.00	3686.34
1541.00	2902.26
1542.00	1893.49
1543.00	1238.14
1544.00	1062.60
1545.00	844.93
1546.00	877.70
1547.00	866.00
1548.00	936.21
1549.00	840.25
1550.00	802.80
1551.00	866.00
1552.00	816.85
1553.00	847.27
1554.00	915.15
1555.00	858.98
1556.00	826.21
1557.00	858.98
1558.00	898.77
1559.00	915.15
1560.00	849.61
1561.00	837.91
1562.00	936.21
1563.00	943.24
1564.00	964.30
1565.00	1266.23
1566.00	4304.25
1567.00	11183.08
1568.00	18895.14
1569.00	19889.87
1570.00	14026.83
1571.00	9902.81
1572.00	7358.64
1573.00	5944.96
1574.00	4208.28
1575.00	2476.29
1576.00	1528.37
1577.00	1310.70
1578.00	1694.55
1579.00	6298.38
1580.00	17589.13
1581.00	30089.93
1582.00	31791.50
1583.00	22597.87
1584.00	15506.05
1585.00	11358.62
1586.00	9067.24
1587.00	6218.80
1588.00	3400.80
1589.00	1736.68
1590.00	1277.93
1591.00	1139.84
1592.00	943.24
1593.00	929.19
1594.00	990.05
1595.00	943.24
1596.00	849.61
1597.00	882.38
1598.00	884.72
1599.00	798.12
1600.00	840.25
1601.00	851.96
1602.00	830.89
1603.00	727.91
1604.00	784.08
1605.00	861.32
1606.00	837.91
1607.00	786.42
1608.00	821.53
1609.00	819.19
1610.00	828.55
1611.00	786.42
1612.00	830.89
1613.00	814.51
1614.00	765.36
1615.00	800.46
1616.00	828.55
1617.00	788.76
1618.00	805.14
1619.00	809.83
1620.00	753.65
1621.00	784.08
1622.00	805.14
1623.00	779.40
1624.00	748.97
1625.00	828.55
1626.00	791.10
1627.00	758.33
1628.00	795.78
1629.00	828.55
1630.00	802.80
1631.00	807.48
1632.00	779.40
1633.00	814.51
1634.00	814.51
1635.00	781.74
1636.00	812.17
1637.00	777.06
1638.00	809.83
1639.00	737.27
1640.00	767.70
1641.00	784.08
1642.00	779.40
1643.00	807.48
1644.00	816.85
1645.00	828.55
1646.00	849.61
1647.00	868.34
1648.00	889.40
1649.00	1067.28
1650.00	2532.46
1651.00	7515.46
1652.00	13738.94
1653.00	16886.97
1654.00	13362.12
1655.00	9598.54
1656.00	6984.16
1657.00	5453.45
1658.00	3875.93
1659.00	2380.32
1660.00	1511.99
1661.00	1064.94
1662.00	945.58
1663.00	854.30
1664.00	842.59
1665.00	814.51
1666.00	880.04
1667.00	903.45
1668.00	1366.87
1669.00	2668.21
1670.00	4702.14
1671.00	6188.38
1672.00	5408.98
1673.00	4131.05
1674.00	2956.10
1675.00	2422.45
1676.00	1912.22
1677.00	1437.09
1678.00	1104.73
1679.00	905.79
1680.00	910.47
1681.00	856.64
1682.00	739.61
1683.00	802.80
1684.00	711.52
1685.00	788.76
1686.00	781.74
1687.00	746.63
1688.00	821.53
1689.00	795.78
1690.00	704.50
1691.00	739.61
1692.00	800.46
1693.00	784.08
1694.00	697.48
1695.00	807.48
1696.00	763.01
1697.00	739.61
1698.00	737.27
1699.00	713.86
1700.00	786.42
1701.00	809.83
1702.00	765.36
1703.00	770.04
1704.00	788.76
1705.00	777.06
1706.00	812.17
1707.00	744.29
1708.00	723.23
1709.00	833.23
1710.00	814.51
1711.00	770.04
1712.00	877.70
1713.00	891.74
1714.00	1343.47
1715.00	3463.99
1716.00	6270.30
1717.00	8561.68
1718.00	7410.14
1719.00	5633.67
1720.00	4205.94
1721.00	3251.00
1722.00	2445.86
1723.00	1528.37
1724.00	1158.57
1725.00	919.83
1726.00	791.10
1727.00	760.67
1728.00	800.46
1729.00	793.44
1730.00	784.08
1731.00	807.48
1732.00	767.70
1733.00	760.67
1734.00	819.19
1735.00	823.87
1736.00	821.53
1737.00	826.21
1738.00	788.76
1739.00	774.72
1740.00	802.80
1741.00	706.84
1742.00	716.20
1743.00	723.23
1744.00	770.04
1745.00	788.76
1746.00	798.12
1747.00	739.61
1748.00	760.67
1749.00	713.86
1750.00	730.25
1751.00	812.17
1752.00	791.10
1753.00	777.06
1754.00	784.08
1755.00	898.77
1756.00	884.72
1757.00	737.27
1758.00	873.02
1759.00	788.76
1760.00	887.06
1761.00	774.72
1762.00	809.83
1763.00	753.65
1764.00	805.14
1765.00	835.57
1766.00	847.27
1767.00	889.40
1768.00	894.08
1769.00	1046.22
1770.00	1944.99
1771.00	5687.50
1772.00	10773.49
1773.00	14558.13
1774.00	12395.48
1775.00	9432.36
1776.00	6696.27
1777.00	4980.66
1778.00	3199.51
1779.00	2078.40
1780.00	1394.96
1781.00	1081.33
1782.00	1008.77
1783.00	898.77
1784.00	851.96
1785.00	858.98
1786.00	793.44
1787.00	863.66
1788.00	814.51
1789.00	791.10
1790.00	807.48
1791.00	880.04
1792.00	758.33
1793.00	772.38
1794.00	854.30
1795.00	713.86
1796.00	758.33
1797.00	1046.22
1798.00	2218.83
1799.00	4950.23
1800.00	8212.94
1801.00	9280.22
1802.00	7377.37
1803.00	5427.70
1804.00	4065.51
1805.00	2782.90
1806.00	1692.21
1807.00	1231.12
1808.00	997.07
1809.00	950.26
1810.00	866.00
1811.00	711.52
1812.00	826.21
1813.00	821.53
1814.00	823.87
1815.00	758.33
1816.00	781.74
1817.00	725.57
1818.00	772.38
1819.00	807.48
1820.00	758.33
1821.00	765.36
1822.00	730.25
1823.00	704.50
1824.00	795.78
1825.00	823.87
1826.00	854.30
1827.00	875.36
1828.00	884.72
1829.00	844.93
1830.00	718.54
1831.00	760.67
1832.00	755.99
1833.00	833.23
1834.00	725.57
1835.00	767.70
1836.00	718.54
1837.00	814.51
1838.00	711.52
1839.00	767.70
1840.00	765.36
1841.00	699.82
1842.00	774.72
1843.00	842.59
1844.00	763.01
1845.00	753.65
1846.00	786.42
1847.00	763.01
1848.00	781.74
1849.00	763.01
1850.00	734.93
1851.00	697.48
1852.00	760.67
1853.00	760.67
1854.00	725.57
1855.00	723.23
1856.00	753.65
1857.00	739.61
1858.00	704.50
1859.00	695.14
1860.00	770.04
1861.00	800.46
1862.00	744.29
1863.00	718.54
1864.00	779.40
1865.00	800.46
1866.00	739.61
1867.00	784.08
1868.00	699.82
1869.00	767.70
1870.00	763.01
1871.00	753.65
1872.00	748.97
1873.00	753.65
1874.00	730.25
1875.00	676.41
1876.00	786.42
1877.00	765.36
1878.00	690.46
1879.00	699.82
1880.00	704.50
1881.00	711.52
1882.00	709.18
1883.00	755.99
1884.00	671.73
1885.00	805.14
1886.00	777.06
1887.00	751.31
1888.00	758.33
1889.00	711.52
1890.00	807.48
1891.00	748.97
1892.00	767.70
1893.00	718.54
1894.00	777.06
1895.00	704.50
1896.00	772.38
1897.00	746.63
1898.00	779.40
1899.00	725.57
1900.00	784.08
1901.00	730.25
1902.00	699.82
1903.00	667.05
1904.00	805.14
1905.00	690.46
1906.00	732.59
1907.00	765.36
1908.00	788.76
1909.00	770.04
1910.00	767.70
1911.00	777.06
1912.00	812.17
1913.00	847.27
1914.00	802.80
1915.00	772.38
1916.00	786.42
1917.00	774.72
1918.00	795.78
1919.00	828.55
1920.00	802.80
1921.00	805.14
1922.00	821.53
1923.00	709.18
1924.00	781.74
1925.00	779.40
1926.00	760.67
1927.00	847.27
1928.00	777.06
1929.00	699.82
1930.00	723.23
1931.00	774.72
1932.00	746.63
1933.00	730.25
1934.00	755.99
1935.00	793.44
1936.00	835.57
1937.00	786.42
1938.00	777.06
1939.00	711.52
1940.00	758.33
1941.00	767.70
1942.00	772.38
1943.00	835.57
1944.00	767.70
1945.00	826.21
1946.00	833.23
1947.00	812.17
1948.00	788.76
1949.00	777.06
1950.00	798.12
1951.00	800.46
1952.00	929.19
1953.00	2094.78
1954.00	4641.28
1955.00	7171.40
1956.00	8159.11
1957.00	5872.40
1958.00	3840.82
1959.00	2431.82
1960.00	1657.10
1961.00	1303.68
1962.00	1067.28
1963.00	933.87
1964.00	908.13
1965.00	835.57
1966.00	807.48
1967.00	798.12
1968.00	781.74
1969.00	793.44
1970.00	737.27
1971.00	826.21
1972.00	814.51
1973.00	781.74
1974.00	812.17
1975.00	781.74
1976.00	748.97
1977.00	690.46
1978.00	793.44
1979.00	746.63
1980.00	854.30
1981.00	994.73
1982.00	1210.06
1983.00	1212.40
1984.00	964.30
1985.00	945.58
1986.00	851.96
1987.00	816.85
1988.00	861.32
1989.00	791.10
1990.00	828.55
1991.00	727.91
1992.00	725.57
1993.00	741.95
1994.00	802.80
1995.00	753.65
1996.00	702.16
1997.00	779.40
1998.00	744.29
1999.00	744.29
2000.00	758.33
2001.00	767.70
2002.00	812.17
2003.00	821.53
2004.00	800.46
2005.00	777.06
2006.00	725.57
2007.00	760.67
2008.00	690.46
2009.00	767.70
2010.00	739.61
2011.00	781.74
2012.00	748.97
2013.00	732.59
2014.00	734.93
2015.00	727.91
2016.00	772.38
2017.00	840.25
2018.00	826.21
2019.00	802.80
2020.00	777.06
2021.00	821.53
2022.00	805.14
2023.00	774.72
2024.00	896.43
2025.00	994.73
2026.00	1163.25
2027.00	1254.53
2028.00	1184.31
2029.00	1139.84
2030.00	2277.34
2031.00	6258.59
2032.00	11716.72
2033.00	16348.64
2034.00	14794.53
2035.00	10036.22
2036.00	6576.91
2037.00	4166.15
2038.00	2623.74
2039.00	1732.00
2040.00	1324.74
2041.00	1146.86
2042.00	964.30
2043.00	931.53
2044.00	781.74
2045.00	805.14
2046.00	842.59
2047.00	805.14
