0.00	660.03
1.00	660.03
2.00	660.03
3.00	580.45
4.00	613.22
5.00	554.71
6.00	627.26
7.00	519.60
8.00	573.43
9.00	538.32
10.00	503.22
11.00	599.18
12.00	512.58
13.00	580.45
14.00	631.94
15.00	603.86
16.00	582.79
17.00	564.07
18.00	498.53
19.00	559.39
20.00	650.67
21.00	631.94
22.00	634.29
23.00	664.71
24.00	622.58
25.00	603.86
26.00	606.20
27.00	711.52
28.00	713.86
29.00	664.71
30.00	664.71
31.00	671.73
32.00	706.84
33.00	706.84
34.00	678.76
35.00	711.52
36.00	753.65
37.00	683.44
38.00	730.25
39.00	809.83
40.00	697.48
41.00	805.14
42.00	753.65
43.00	767.70
44.00	781.74
45.00	690.46
46.00	718.54
47.00	702.16
48.00	706.84
49.00	765.36
50.00	727.91
51.00	732.59
52.00	772.38
53.00	725.57
54.00	746.63
55.00	674.07
56.00	732.59
57.00	763.01
58.00	767.70
59.00	720.88
60.00	800.46
61.00	772.38
62.00	720.88
63.00	704.50
64.00	723.23
65.00	697.48
66.00	765.36
67.00	751.31
68.00	697.48
69.00	725.57
70.00	763.01
71.00	709.18
72.00	753.65
73.00	704.50
74.00	734.93
75.00	711.52
76.00	699.82
77.00	697.48
78.00	760.67
79.00	737.27
80.00	737.27
81.00	746.63
82.00	812.17
83.00	683.44
84.00	716.20
85.00	720.88
86.00	720.88
87.00	765.36
88.00	730.25
89.00	739.61
90.00	690.46
91.00	695.14
92.00	784.08
93.00	748.97
94.00	720.88
95.00	746.63
96.00	709.18
97.00	706.84
98.00	784.08
99.00	718.54
100.00	765.36
101.00	727.91
102.00	779.40
103.00	676.41
104.00	674.07
105.00	748.97
106.00	664.71
107.00	653.01
108.00	730.25
109.00	786.42
110.00	674.07
111.00	737.27
112.00	667.05
113.00	737.27
114.00	727.91
115.00	732.59
116.00	718.54
117.00	720.88
118.00	758.33
119.00	746.63
120.00	681.10
121.00	718.54
122.00	814.51
123.00	748.97
124.00	734.93
125.00	741.95
126.00	692.80
127.00	716.20
128.00	730.25
129.00	734.93
130.00	774.72
131.00	697.48
132.00	774.72
133.00	706.84
134.00	676.41
135.00	655.35
136.00	739.61
137.00	772.38
138.00	734.93
139.00	674.07
140.00	704.50
141.00	711.52
142.00	720.88
143.00	809.83
144.00	695.14
145.00	720.88
146.00	751.31
147.00	709.18
148.00	676.41
149.00	725.57
150.00	730.25
151.00	695.14
152.00	744.29
153.00	720.88
154.00	781.74
155.00	746.63
156.00	734.93
157.00	716.20
158.00	706.84
159.00	744.29
160.00	786.42
161.00	718.54
162.00	638.97
163.00	711.52
164.00	706.84
165.00	737.27
166.00	723.23
167.00	748.97
168.00	716.20
169.00	739.61
170.00	741.95
171.00	767.70
172.00	702.16
173.00	744.29
174.00	699.82
175.00	760.67
176.00	713.86
177.00	711.52
178.00	671.73
179.00	767.70
180.00	688.12
181.00	725.57
182.00	784.08
183.00	748.97
184.00	744.29
185.00	748.97
186.00	732.59
187.00	688.12
188.00	732.59
189.00	727.91
190.00	746.63
191.00	744.29
192.00	765.36
193.00	737.27
194.00	755.99
195.00	709.18
196.00	774.72
197.00	725.57
198.00	760.67
199.00	788.76
200.00	734.93
201.00	720.88
202.00	748.97
203.00	718.54
204.00	674.07
205.00	667.05
206.00	763.01
207.00	779.40
208.00	716.20
209.00	706.84
210.00	774.72
211.00	751.31
212.00	730.25
213.00	758.33
214.00	650.67
215.00	716.20
216.00	690.46
217.00	784.08
218.00	718.54
219.00	713.86
220.00	655.35
221.00	709.18
222.00	629.60
223.00	755.99
224.00	779.40
225.00	779.40
226.00	753.65
227.00	699.82
228.00	793.44
229.00	741.95
230.00	716.20
231.00	692.80
232.00	760.67
233.00	751.31
234.00	660.03
235.00	823.87
236.00	741.95
237.00	727.91
238.00	699.82
239.00	725.57
240.00	732.59
241.00	753.65
242.00	760.67
243.00	791.10
244.00	716.20
245.00	795.78
246.00	716.20
247.00	723.23
248.00	695.14
249.00	723.23
250.00	716.20
251.00	709.18
252.00	741.95
253.00	681.10
254.00	737.27
255.00	774.72
256.00	753.65
257.00	725.57
258.00	667.05
259.00	732.59
260.00	734.93
261.00	774.72
262.00	692.80
263.00	725.57
264.00	718.54
265.00	674.07
266.00	702.16
267.00	748.97
268.00	795.78
269.00	713.86
270.00	678.76
271.00	849.61
272.00	837.91
273.00	870.68
274.00	798.12
275.00	828.55
276.00	800.46
277.00	772.38
278.00	723.23
279.00	748.97
280.00	748.97
281.00	734.93
282.00	732.59
283.00	725.57
284.00	772.38
285.00	730.25
286.00	730.25
287.00	788.76
288.00	732.59
289.00	772.38
290.00	758.33
291.00	725.57
292.00	727.91
293.00	767.70
294.00	753.65
295.00	739.61
296.00	662.37
297.00	720.88
298.00	718.54
299.00	727.91
300.00	734.93
301.00	706.84
302.00	767.70
303.00	755.99
304.00	737.27
305.00	716.20
306.00	802.80
307.00	781.74
308.00	763.01
309.00	798.12
310.00	821.53
311.00	760.67
312.00	798.12
313.00	805.14
314.00	784.08
315.00	692.80
316.00	723.23
317.00	830.89
318.00	718.54
319.00	720.88
320.00	709.18
321.00	669.39
322.00	739.61
323.00	751.31
324.00	751.31
325.00	765.36
326.00	713.86
327.00	755.99
328.00	718.54
329.00	758.33
330.00	669.39
331.00	748.97
332.00	744.29
333.00	835.57
334.00	741.95
335.00	737.27
336.00	718.54
337.00	725.57
338.00	758.33
339.00	734.93
340.00	734.93
341.00	786.42
342.00	737.27
343.00	699.82
344.00	716.20
345.00	741.95
346.00	791.10
347.00	786.42
348.00	770.04
349.00	835.57
350.00	877.70
351.00	779.40
352.00	741.95
353.00	880.04
354.00	777.06
355.00	856.64
356.00	770.04
357.00	720.88
358.00	734.93
359.00	781.74
360.00	767.70
361.00	788.76
362.00	770.04
363.00	758.33
364.00	709.18
365.00	739.61
366.00	744.29
367.00	746.63
368.00	765.36
369.00	758.33
370.00	702.16
371.00	671.73
372.00	791.10
373.00	699.82
374.00	753.65
375.00	798.12
376.00	809.83
377.00	702.16
378.00	662.37
379.00	716.20
380.00	760.67
381.00	732.59
382.00	709.18
383.00	720.88
384.00	716.20
385.00	840.25
386.00	725.57
387.00	826.21
388.00	734.93
389.00	739.61
390.00	786.42
391.00	713.86
392.00	744.29
393.00	833.23
394.00	730.25
395.00	723.23
396.00	669.39
397.00	720.88
398.00	770.04
399.00	734.93
400.00	746.63
401.00	755.99
402.00	774.72
403.00	725.57
404.00	718.54
405.00	798.12
406.00	781.74
407.00	648.33
408.00	718.54
409.00	737.27
410.00	720.88
411.00	702.16
412.00	718.54
413.00	699.82
414.00	767.70
415.00	706.84
416.00	767.70
417.00	697.48
418.00	765.36
419.00	751.31
420.00	751.31
421.00	734.93
422.00	765.36
423.00	739.61
424.00	767.70
425.00	730.25
426.00	760.67
427.00	727.91
428.00	720.88
429.00	732.59
430.00	723.23
431.00	767.70
432.00	730.25
433.00	720.88
434.00	690.46
435.00	725.57
436.00	702.16
437.00	674.07
438.00	786.42
439.00	753.65
440.00	777.06
441.00	763.01
442.00	751.31
443.00	793.44
444.00	777.06
445.00	711.52
446.00	763.01
447.00	713.86
448.00	725.57
449.00	788.76
450.00	671.73
451.00	702.16
452.00	760.67
453.00	814.51
454.00	720.88
455.00	734.93
456.00	748.97
457.00	807.48
458.00	702.16
459.00	755.99
460.00	671.73
461.00	753.65
462.00	781.74
463.00	727.91
464.00	746.63
465.00	681.10
466.00	744.29
467.00	774.72
468.00	753.65
469.00	737.27
470.00	725.57
471.00	760.67
472.00	760.67
473.00	800.46
474.00	774.72
475.00	774.72
476.00	704.50
477.00	739.61
478.00	688.12
479.00	791.10
480.00	800.46
481.00	781.74
482.00	772.38
483.00	657.69
484.00	748.97
485.00	695.14
486.00	751.31
487.00	830.89
488.00	739.61
489.00	746.63
490.00	730.25
491.00	765.36
492.00	760.67
493.00	730.25
494.00	795.78
495.00	849.61
496.00	727.91
497.00	688.12
498.00	716.20
499.00	730.25
500.00	704.50
501.00	741.95
502.00	755.99
503.00	697.48
504.00	716.20
505.00	739.61
506.00	713.86
507.00	856.64
508.00	695.14
509.00	704.50
510.00	690.46
511.00	830.89
512.00	699.82
513.00	727.91
514.00	690.46
515.00	702.16
516.00	690.46
517.00	723.23
518.00	692.80
519.00	753.65
520.00	763.01
521.00	711.52
522.00	709.18
523.00	697.48
524.00	720.88
525.00	737.27
526.00	711.52
527.00	706.84
528.00	737.27
529.00	741.95
530.00	704.50
531.00	706.84
532.00	781.74
533.00	725.57
534.00	739.61
535.00	718.54
536.00	765.36
537.00	770.04
538.00	753.65
539.00	706.84
540.00	777.06
541.00	784.08
542.00	753.65
543.00	695.14
544.00	779.40
545.00	704.50
546.00	683.44
547.00	748.97
548.00	734.93
549.00	798.12
550.00	730.25
551.00	791.10
552.00	791.10
553.00	704.50
554.00	725.57
555.00	741.95
556.00	760.67
557.00	760.67
558.00	807.48
559.00	704.50
560.00	739.61
561.00	702.16
562.00	767.70
563.00	706.84
564.00	746.63
565.00	706.84
566.00	784.08
567.00	807.48
568.00	748.97
569.00	704.50
570.00	734.93
571.00	711.52
572.00	774.72
573.00	746.63
574.00	798.12
575.00	800.46
576.00	760.67
577.00	739.61
578.00	770.04
579.00	741.95
580.00	786.42
581.00	786.42
582.00	709.18
583.00	786.42
584.00	734.93
585.00	718.54
586.00	744.29
587.00	704.50
588.00	770.04
589.00	746.63
590.00	716.20
591.00	702.16
592.00	706.84
593.00	758.33
594.00	725.57
595.00	755.99
596.00	692.80
597.00	688.12
598.00	711.52
599.00	734.93
600.00	774.72
601.00	772.38
602.00	763.01
603.00	716.20
604.00	697.48
605.00	748.97
606.00	758.33
607.00	753.65
608.00	781.74
609.00	774.72
610.00	697.48
611.00	669.39
612.00	748.97
613.00	770.04
614.00	840.25
615.00	763.01
616.00	727.91
617.00	842.59
618.00	702.16
619.00	753.65
620.00	763.01
621.00	814.51
622.00	805.14
623.00	706.84
624.00	681.10
625.00	767.70
626.00	734.93
627.00	727.91
628.00	704.50
629.00	744.29
630.00	767.70
631.00	748.97
632.00	723.23
633.00	781.74
634.00	720.88
635.00	727.91
636.00	842.59
637.00	784.08
638.00	718.54
639.00	713.86
640.00	734.93
641.00	755.99
642.00	819.19
643.00	833.23
644.00	763.01
645.00	732.59
646.00	751.31
647.00	746.63
648.00	720.88
649.00	718.54
650.00	699.82
651.00	760.67
652.00	746.63
653.00	751.31
654.00	739.61
655.00	786.42
656.00	807.48
657.00	765.36
658.00	751.31
659.00	746.63
660.00	812.17
661.00	737.27
662.00	699.82
663.00	727.91
664.00	723.23
665.00	730.25
666.00	772.38
667.00	725.57
668.00	739.61
669.00	716.20
670.00	791.10
671.00	718.54
672.00	812.17
673.00	720.88
674.00	709.18
675.00	748.97
676.00	802.80
677.00	739.61
678.00	720.88
679.00	751.31
680.00	711.52
681.00	732.59
682.00	709.18
683.00	746.63
684.00	678.76
685.00	751.31
686.00	758.33
687.00	667.05
688.00	657.69
689.00	711.52
690.00	770.04
691.00	748.97
692.00	758.33
693.00	741.95
694.00	805.14
695.00	753.65
696.00	751.31
697.00	734.93
698.00	718.54
699.00	763.01
700.00	774.72
701.00	755.99
702.00	744.29
703.00	767.70
704.00	688.12
705.00	758.33
706.00	784.08
707.00	770.04
708.00	758.33
709.00	755.99
710.00	774.72
711.00	713.86
712.00	725.57
713.00	763.01
714.00	767.70
715.00	828.55
716.00	737.27
717.00	800.46
718.00	723.23
719.00	774.72
720.00	777.06
721.00	730.25
722.00	711.52
723.00	760.67
724.00	784.08
725.00	774.72
726.00	723.23
727.00	777.06
728.00	795.78
729.00	746.63
730.00	758.33
731.00	779.40
732.00	704.50
733.00	692.80
734.00	814.51
735.00	748.97
736.00	805.14
737.00	786.42
738.00	819.19
739.00	816.85
740.00	830.89
741.00	837.91
742.00	741.95
743.00	765.36
744.00	683.44
745.00	739.61
746.00	760.67
747.00	753.65
748.00	758.33
749.00	772.38
750.00	741.95
751.00	772.38
752.00	760.67
753.00	772.38
754.00	795.78
755.00	720.88
756.00	704.50
757.00	777.06
758.00	706.84
759.00	746.63
760.00	727.91
761.00	760.67
762.00	774.72
763.00	760.67
764.00	758.33
765.00	718.54
766.00	713.86
767.00	807.48
768.00	725.57
769.00	779.40
770.00	791.10
771.00	765.36
772.00	755.99
773.00	688.12
774.00	753.65
775.00	763.01
776.00	753.65
777.00	737.27
778.00	781.74
779.00	784.08
780.00	767.70
781.00	744.29
782.00	723.23
783.00	823.87
784.00	809.83
785.00	795.78
786.00	781.74
787.00	727.91
788.00	713.86
789.00	770.04
790.00	744.29
791.00	760.67
792.00	681.10
793.00	758.33
794.00	746.63
795.00	718.54
796.00	779.40
797.00	765.36
798.00	788.76
799.00	800.46
800.00	760.67
801.00	685.78
802.00	812.17
803.00	767.70
804.00	741.95
805.00	746.63
806.00	798.12
807.00	800.46
808.00	692.80
809.00	814.51
810.00	770.04
811.00	758.33
812.00	777.06
813.00	793.44
814.00	713.86
815.00	760.67
816.00	692.80
817.00	751.31
818.00	856.64
819.00	786.42
820.00	793.44
821.00	751.31
822.00	760.67
823.00	772.38
824.00	763.01
825.00	779.40
826.00	720.88
827.00	725.57
828.00	755.99
829.00	699.82
830.00	748.97
831.00	718.54
832.00	723.23
833.00	816.85
834.00	875.36
835.00	758.33
836.00	786.42
837.00	805.14
838.00	800.46
839.00	755.99
840.00	763.01
841.00	800.46
842.00	737.27
843.00	765.36
844.00	772.38
845.00	805.14
846.00	770.04
847.00	744.29
848.00	753.65
849.00	788.76
850.00	812.17
851.00	784.08
852.00	711.52
853.00	704.50
854.00	718.54
855.00	718.54
856.00	774.72
857.00	791.10
858.00	772.38
859.00	727.91
860.00	755.99
861.00	746.63
862.00	781.74
863.00	746.63
864.00	770.04
865.00	798.12
866.00	767.70
867.00	697.48
868.00	713.86
869.00	720.88
870.00	741.95
871.00	800.46
872.00	748.97
873.00	758.33
874.00	746.63
875.00	784.08
876.00	734.93
877.00	716.20
878.00	695.14
879.00	784.08
880.00	821.53
881.00	746.63
882.00	755.99
883.00	777.06
884.00	753.65
885.00	760.67
886.00	819.19
887.00	770.04
888.00	786.42
889.00	739.61
890.00	746.63
891.00	791.10
892.00	772.38
893.00	777.06
894.00	758.33
895.00	748.97
896.00	732.59
897.00	727.91
898.00	695.14
899.00	830.89
900.00	791.10
901.00	772.38
902.00	807.48
903.00	716.20
904.00	767.70
905.00	837.91
906.00	781.74
907.00	819.19
908.00	870.68
909.00	889.40
910.00	793.44
911.00	821.53
912.00	870.68
913.00	887.06
914.00	936.21
915.00	854.30
916.00	842.59
917.00	861.32
918.00	896.43
919.00	800.46
920.00	774.72
921.00	723.23
922.00	786.42
923.00	767.70
924.00	812.17
925.00	779.40
926.00	791.10
927.00	702.16
928.00	753.65
929.00	758.33
930.00	833.23
931.00	737.27
932.00	798.12
933.00	784.08
934.00	746.63
935.00	704.50
936.00	788.76
937.00	695.14
938.00	744.29
939.00	772.38
940.00	807.48
941.00	786.42
942.00	774.72
943.00	716.20
944.00	765.36
945.00	849.61
946.00	1064.94
947.00	1610.29
948.00	2052.65
949.00	1734.34
950.00	1486.24
951.00	1310.70
952.00	1221.76
953.00	1130.48
954.00	945.58
955.00	763.01
956.00	858.98
957.00	753.65
958.00	770.04
959.00	823.87
960.00	826.21
961.00	741.95
962.00	793.44
963.00	772.38
964.00	751.31
965.00	800.46
966.00	793.44
967.00	835.57
968.00	809.83
969.00	795.78
970.00	795.78
971.00	849.61
972.00	760.67
973.00	704.50
974.00	767.70
975.00	746.63
976.00	723.23
977.00	720.88
978.00	774.72
979.00	760.67
980.00	755.99
981.00	713.86
982.00	793.44
983.00	753.65
984.00	744.29
985.00	746.63
986.00	732.59
987.00	725.57
988.00	741.95
989.00	751.31
990.00	849.61
991.00	718.54
992.00	748.97
993.00	751.31
994.00	734.93
995.00	720.88
996.00	772.38
997.00	748.97
998.00	706.84
999.00	763.01
1000.00	777.06
1001.00	779.40
1002.00	727.91
1003.00	732.59
1004.00	800.46
1005.00	833.23
1006.00	744.29
1007.00	767.70
1008.00	727.91
1009.00	788.76
1010.00	772.38
1011.00	781.74
1012.00	758.33
1013.00	781.74
1014.00	746.63
1015.00	753.65
1016.00	727.91
1017.00	755.99
1018.00	723.23
1019.00	732.59
1020.00	727.91
1021.00	779.40
1022.00	727.91
1023.00	770.04
1024.00	807.48
1025.00	807.48
1026.00	828.55
1027.00	730.25
1028.00	755.99
1029.00	851.96
1030.00	734.93
1031.00	748.97
1032.00	734.93
1033.00	723.23
1034.00	784.08
1035.00	770.04
1036.00	774.72
1037.00	753.65
1038.00	741.95
1039.00	805.14
1040.00	770.04
1041.00	777.06
1042.00	746.63
1043.00	748.97
1044.00	732.59
1045.00	826.21
1046.00	851.96
1047.00	823.87
1048.00	795.78
1049.00	739.61
1050.00	727.91
1051.00	842.59
1052.00	723.23
1053.00	725.57
1054.00	777.06
1055.00	828.55
1056.00	812.17
1057.00	770.04
1058.00	814.51
1059.00	779.40
1060.00	744.29
1061.00	732.59
1062.00	716.20
1063.00	744.29
1064.00	746.63
1065.00	704.50
1066.00	760.67
1067.00	800.46
1068.00	781.74
1069.00	730.25
1070.00	725.57
1071.00	734.93
1072.00	720.88
1073.00	732.59
1074.00	734.93
1075.00	690.46
1076.00	748.97
1077.00	791.10
1078.00	685.78
1079.00	699.82
1080.00	812.17
1081.00	770.04
1082.00	711.52
1083.00	805.14
1084.00	805.14
1085.00	795.78
1086.00	844.93
1087.00	819.19
1088.00	734.93
1089.00	770.04
1090.00	688.12
1091.00	844.93
1092.00	760.67
1093.00	751.31
1094.00	702.16
1095.00	819.19
1096.00	807.48
1097.00	725.57
1098.00	713.86
1099.00	774.72
1100.00	716.20
1101.00	826.21
1102.00	777.06
1103.00	748.97
1104.00	819.19
1105.00	716.20
1106.00	779.40
1107.00	840.25
1108.00	791.10
1109.00	772.38
1110.00	781.74
1111.00	748.97
1112.00	730.25
1113.00	830.89
1114.00	819.19
1115.00	755.99
1116.00	758.33
1117.00	774.72
1118.00	725.57
1119.00	744.29
1120.00	784.08
1121.00	784.08
1122.00	835.57
1123.00	856.64
1124.00	777.06
1125.00	800.46
1126.00	781.74
1127.00	779.40
1128.00	751.31
1129.00	837.91
1130.00	784.08
1131.00	709.18
1132.00	718.54
1133.00	760.67
1134.00	753.65
1135.00	807.48
1136.00	772.38
1137.00	793.44
1138.00	807.48
1139.00	770.04
1140.00	814.51
1141.00	725.57
1142.00	767.70
1143.00	746.63
1144.00	758.33
1145.00	809.83
1146.00	753.65
1147.00	786.42
1148.00	805.14
1149.00	765.36
1150.00	744.29
1151.00	793.44
1152.00	821.53
1153.00	861.32
1154.00	765.36
1155.00	748.97
1156.00	819.19
1157.00	798.12
1158.00	936.21
1159.00	823.87
1160.00	870.68
1161.00	866.00
1162.00	744.29
1163.00	814.51
1164.00	814.51
1165.00	868.34
1166.00	894.08
1167.00	1039.20
1168.00	1200.69
1169.00	1233.46
1170.00	1111.75
1171.00	1067.28
1172.00	917.49
1173.00	980.68
1174.00	980.68
1175.00	866.00
1176.00	847.27
1177.00	800.46
1178.00	746.63
1179.00	800.46
1180.00	770.04
1181.00	758.33
1182.00	791.10
1183.00	800.46
1184.00	882.38
1185.00	868.34
1186.00	791.10
1187.00	791.10
1188.00	816.85
1189.00	812.17
1190.00	891.74
1191.00	858.98
1192.00	882.38
1193.00	938.55
1194.00	917.49
1195.00	976.00
1196.00	917.49
1197.00	894.08
1198.00	894.08
1199.00	868.34
1200.00	884.72
1201.00	976.00
1202.00	1086.01
1203.00	1198.35
1204.00	1158.57
1205.00	1086.01
1206.00	1020.47
1207.00	1001.75
1208.00	994.73
1209.00	1001.75
1210.00	973.66
1211.00	1046.22
1212.00	1036.86
1213.00	1036.86
1214.00	1053.24
1215.00	1121.12
1216.00	1210.06
1217.00	1385.60
1218.00	1502.62
1219.00	1842.00
1220.00	3173.77
1221.00	17596.15
1222.00	50590.68
1223.00	65535.00
1224.00	65242.43
1225.00	57235.46
1226.00	44123.78
1227.00	33202.84
1228.00	26728.92
1229.00	19758.80
1230.00	9504.92
1231.00	3889.97
1232.00	2127.55
1233.00	1706.25
1234.00	1397.30
1235.00	1320.06
1236.00	1221.76
1237.00	1198.35
1238.00	1137.50
1239.00	1418.36
1240.00	3199.51
1241.00	5650.05
1242.00	7124.59
1243.00	5982.41
1244.00	4386.16
1245.00	3431.23
1246.00	2736.09
1247.00	2530.12
1248.00	1820.94
1249.00	1191.33
1250.00	994.73
1251.00	931.53
1252.00	924.51
1253.00	901.11
1254.00	1025.15
1255.00	1069.62
1256.00	1057.92
1257.00	1039.20
1258.00	1015.79
1259.00	992.39
1260.00	863.66
1261.00	945.58
1262.00	898.77
1263.00	875.36
1264.00	917.49
1265.00	903.45
1266.00	936.21
1267.00	861.32
1268.00	847.27
1269.00	812.17
1270.00	798.12
1271.00	849.61
1272.00	828.55
1273.00	788.76
1274.00	800.46
1275.00	833.23
1276.00	950.26
1277.00	882.38
1278.00	990.05
1279.00	2267.98
1280.00	5963.68
1281.00	10902.22
1282.00	12341.64
1283.00	9423.00
1284.00	6895.22
1285.00	5203.01
1286.00	4257.43
1287.00	3323.56
1288.00	2139.25
1289.00	1338.79
1290.00	983.02
1291.00	971.32
1292.00	908.13
1293.00	875.36
1294.00	887.06
1295.00	957.28
1296.00	870.68
1297.00	837.91
1298.00	929.19
1299.00	1493.26
1300.00	2539.48
1301.00	3363.35
1302.00	2993.55
1303.00	2471.61
1304.00	2045.63
1305.00	1746.04
1306.00	1504.96
1307.00	1270.91
1308.00	1011.11
1309.00	968.98
1310.00	861.32
1311.00	840.25
1312.00	908.13
1313.00	842.59
1314.00	781.74
1315.00	786.42
1316.00	770.04
1317.00	774.72
1318.00	866.00
1319.00	851.96
1320.00	800.46
1321.00	802.80
1322.00	793.44
1323.00	816.85
1324.00	774.72
1325.00	781.74
1326.00	889.40
1327.00	842.59
1328.00	793.44
1329.00	802.80
1330.00	889.40
1331.00	802.80
1332.00	807.48
1333.00	980.68
1334.00	1778.81
1335.00	2862.48
1336.00	3768.26
1337.00	3302.50
1338.00	2635.44
1339.00	2040.95
1340.00	1734.34
1341.00	1554.12
1342.00	1217.08
1343.00	1015.79
1344.00	854.30
1345.00	793.44
1346.00	802.80
1347.00	854.30
1348.00	877.70
1349.00	833.23
1350.00	826.21
1351.00	802.80
1352.00	863.66
1353.00	821.53
1354.00	828.55
1355.00	847.27
1356.00	866.00
1357.00	919.83
1358.00	924.51
1359.00	854.30
1360.00	917.49
1361.00	997.07
1362.00	2188.40
1363.00	5708.57
1364.00	9521.30
1365.00	10490.28
1366.00	7918.03
1367.00	5790.49
1368.00	4400.21
1369.00	3684.00
1370.00	2902.26
1371.00	1907.54
1372.00	1266.23
1373.00	1046.22
1374.00	1041.54
1375.00	1249.85
1376.00	2850.77
1377.00	8641.26
1378.00	15712.02
1379.00	18754.71
1380.00	14459.83
1381.00	10068.98
1382.00	7344.60
1383.00	5905.17
1384.00	4690.43
1385.00	2899.92
1386.00	1607.95
1387.00	1116.44
1388.00	1076.65
1389.00	926.85
1390.00	999.41
1391.00	901.11
1392.00	964.30
1393.00	863.66
1394.00	894.08
1395.00	851.96
1396.00	880.04
1397.00	966.64
1398.00	1076.65
1399.00	1254.53
1400.00	1357.51
1401.00	1221.76
1402.00	1163.25
1403.00	1181.97
1404.00	1188.99
1405.00	1252.19
1406.00	1975.41
1407.00	8028.04
1408.00	20119.24
1409.00	30515.90
1410.00	27365.54
1411.00	19475.60
1412.00	13558.72
1413.00	10005.79
1414.00	8292.52
1415.00	5427.70
1416.00	2853.11
1417.00	1558.80
1418.00	1111.75
1419.00	1186.65
1420.00	1900.52
1421.00	4320.63
1422.00	7054.37
1423.00	8152.09
1424.00	6120.50
1425.00	4395.53
1426.00	3346.97
1427.00	2836.73
1428.00	2312.45
1429.00	1521.35
1430.00	1104.73
1431.00	931.53
1432.00	835.57
1433.00	814.51
1434.00	826.21
1435.00	891.74
1436.00	901.11
1437.00	800.46
1438.00	784.08
1439.00	887.06
1440.00	863.66
1441.00	884.72
1442.00	826.21
1443.00	866.00
1444.00	868.34
1445.00	779.40
1446.00	732.59
1447.00	833.23
1448.00	844.93
1449.00	758.33
1450.00	774.72
1451.00	842.59
1452.00	844.93
1453.00	882.38
1454.00	868.34
1455.00	1287.29
1456.00	2459.90
1457.00	4049.13
1458.00	5217.05
1459.00	4304.25
1460.00	3187.81
1461.00	2527.78
1462.00	2069.03
1463.00	1713.27
1464.00	1210.06
1465.00	994.73
1466.00	875.36
1467.00	823.87
1468.00	772.38
1469.00	772.38
1470.00	823.87
1471.00	802.80
1472.00	891.74
1473.00	807.48
1474.00	842.59
1475.00	837.91
1476.00	821.53
1477.00	795.78
1478.00	901.11
1479.00	861.32
1480.00	788.76
1481.00	798.12
1482.00	779.40
1483.00	828.55
1484.00	760.67
1485.00	924.51
1486.00	882.38
1487.00	1188.99
1488.00	3679.32
1489.00	9425.34
1490.00	15318.81
1491.00	15662.86
1492.00	11255.64
1493.00	7854.84
1494.00	5881.77
1495.00	4737.24
1496.00	3456.97
1497.00	1966.05
1498.00	1186.65
1499.00	964.30
1500.00	903.45
1501.00	877.70
1502.00	868.34
1503.00	828.55
1504.00	807.48
1505.00	814.51
1506.00	807.48
1507.00	830.89
1508.00	784.08
1509.00	877.70
1510.00	868.34
1511.00	842.59
1512.00	877.70
1513.00	1088.35
1514.00	2118.18
1515.00	3634.85
1516.00	4517.23
1517.00	4016.36
1518.00	3002.91
1519.00	2237.55
1520.00	1921.58
1521.00	1650.08
1522.00	1282.61
1523.00	1039.20
1524.00	798.12
1525.00	891.74
1526.00	826.21
1527.00	938.55
1528.00	887.06
1529.00	828.55
1530.00	971.32
1531.00	978.34
1532.00	1004.09
1533.00	1975.41
1534.00	5121.09
1535.00	9387.89
1536.00	11777.58
1537.00	8774.67
1538.00	6274.98
1539.00	4526.60
1540.00	3632.51
1541.00	2860.13
1542.00	1844.34
1543.00	1303.68
1544.00	1008.77
1545.00	917.49
1546.00	889.40
1547.00	875.36
1548.00	851.96
1549.00	814.51
1550.00	812.17
1551.00	912.81
1552.00	814.51
1553.00	854.30
1554.00	905.79
1555.00	833.23
1556.00	901.11
1557.00	877.70
1558.00	896.43
1559.00	826.21
1560.00	912.81
1561.00	896.43
1562.00	947.92
1563.00	889.40
1564.00	1041.54
1565.00	1376.24
1566.00	4313.61
1567.00	11393.73
1568.00	19599.65
1569.00	20194.14
1570.00	14396.64
1571.00	10328.78
1572.00	7412.48
1573.00	6031.56
1574.00	4489.15
1575.00	2555.86
1576.00	1661.78
1577.00	1385.60
1578.00	1717.95
1579.00	6218.80
1580.00	17898.08
1581.00	30883.37
1582.00	33284.76
1583.00	23501.32
1584.00	16222.25
1585.00	11520.12
1586.00	9343.42
1587.00	6345.19
1588.00	3461.65
1589.00	1893.49
1590.00	1259.21
1591.00	1139.84
1592.00	1029.84
1593.00	894.08
1594.00	896.43
1595.00	870.68
1596.00	908.13
1597.00	929.19
1598.00	847.27
1599.00	755.99
1600.00	826.21
1601.00	842.59
1602.00	791.10
1603.00	746.63
1604.00	863.66
1605.00	880.04
1606.00	819.19
1607.00	833.23
1608.00	868.34
1609.00	786.42
1610.00	716.20
1611.00	821.53
1612.00	807.48
1613.00	798.12
1614.00	800.46
1615.00	814.51
1616.00	828.55
1617.00	814.51
1618.00	716.20
1619.00	791.10
1620.00	758.33
1621.00	851.96
1622.00	781.74
1623.00	800.46
1624.00	758.33
1625.00	812.17
1626.00	805.14
1627.00	788.76
1628.00	809.83
1629.00	784.08
1630.00	849.61
1631.00	812.17
1632.00	779.40
1633.00	791.10
1634.00	800.46
1635.00	774.72
1636.00	748.97
1637.00	821.53
1638.00	844.93
1639.00	809.83
1640.00	765.36
1641.00	823.87
1642.00	805.14
1643.00	800.46
1644.00	819.19
1645.00	774.72
1646.00	840.25
1647.00	870.68
1648.00	938.55
1649.00	1011.11
1650.00	2635.44
1651.00	7428.86
1652.00	13844.27
1653.00	17944.89
1654.00	13774.05
1655.00	9799.82
1656.00	6979.48
1657.00	5439.40
1658.00	3932.10
1659.00	2483.31
1660.00	1570.50
1661.00	1090.69
1662.00	905.79
1663.00	894.08
1664.00	882.38
1665.00	933.87
1666.00	826.21
1667.00	919.83
1668.00	1181.97
1669.00	2635.44
1670.00	4697.46
1671.00	6462.22
1672.00	5626.65
1673.00	4091.26
1674.00	3108.23
1675.00	2553.52
1676.00	1968.39
1677.00	1472.20
1678.00	1050.90
1679.00	826.21
1680.00	795.78
1681.00	784.08
1682.00	763.01
1683.00	763.01
1684.00	854.30
1685.00	784.08
1686.00	760.67
1687.00	786.42
1688.00	732.59
1689.00	849.61
1690.00	821.53
1691.00	826.21
1692.00	821.53
1693.00	788.76
1694.00	711.52
1695.00	767.70
1696.00	779.40
1697.00	653.01
1698.00	805.14
1699.00	767.70
1700.00	791.10
1701.00	704.50
1702.00	777.06
1703.00	737.27
1704.00	884.72
1705.00	854.30
1706.00	814.51
1707.00	784.08
1708.00	770.04
1709.00	880.04
1710.00	786.42
1711.00	870.68
1712.00	774.72
1713.00	889.40
1714.00	1437.09
1715.00	3461.65
1716.00	6452.86
1717.00	8751.26
1718.00	7637.17
1719.00	5692.18
1720.00	4327.65
1721.00	3363.35
1722.00	2373.30
1723.00	1633.69
1724.00	1228.78
1725.00	1022.81
1726.00	884.72
1727.00	802.80
1728.00	779.40
1729.00	763.01
1730.00	774.72
1731.00	828.55
1732.00	807.48
1733.00	770.04
1734.00	760.67
1735.00	763.01
1736.00	807.48
1737.00	821.53
1738.00	786.42
1739.00	772.38
1740.00	763.01
1741.00	746.63
1742.00	805.14
1743.00	791.10
1744.00	772.38
1745.00	739.61
1746.00	741.95
1747.00	767.70
1748.00	777.06
1749.00	753.65
1750.00	751.31
1751.00	791.10
1752.00	795.78
1753.00	844.93
1754.00	758.33
1755.00	891.74
1756.00	826.21
1757.00	795.78
1758.00	763.01
1759.00	784.08
1760.00	795.78
1761.00	760.67
1762.00	770.04
1763.00	833.23
1764.00	891.74
1765.00	851.96
1766.00	856.64
1767.00	830.89
1768.00	917.49
1769.00	1055.58
1770.00	2080.74
1771.00	5872.40
1772.00	11000.52
1773.00	15377.32
1774.00	12936.14
1775.00	9760.03
1776.00	6942.03
1777.00	4952.57
1778.00	3253.34
1779.00	1928.60
1780.00	1430.07
1781.00	1104.73
1782.00	945.58
1783.00	861.32
1784.00	835.57
1785.00	826.21
1786.00	858.98
1787.00	772.38
1788.00	777.06
1789.00	830.89
1790.00	821.53
1791.00	781.74
1792.00	828.55
1793.00	751.31
1794.00	772.38
1795.00	882.38
1796.00	830.89
1797.00	1069.62
1798.00	2272.66
1799.00	5008.75
1800.00	8252.73
1801.00	9774.08
1802.00	7597.38
1803.00	5874.74
1804.00	4140.41
1805.00	2768.85
1806.00	1888.81
1807.00	1317.72
1808.00	1013.45
1809.00	912.81
1810.00	835.57
1811.00	842.59
1812.00	866.00
1813.00	746.63
1814.00	755.99
1815.00	737.27
1816.00	793.44
1817.00	730.25
1818.00	798.12
1819.00	816.85
1820.00	807.48
1821.00	814.51
1822.00	760.67
1823.00	791.10
1824.00	851.96
1825.00	819.19
1826.00	880.04
1827.00	856.64
1828.00	903.45
1829.00	858.98
1830.00	767.70
1831.00	870.68
1832.00	814.51
1833.00	753.65
1834.00	727.91
1835.00	786.42
1836.00	723.23
1837.00	763.01
1838.00	755.99
1839.00	784.08
1840.00	814.51
1841.00	688.12
1842.00	748.97
1843.00	835.57
1844.00	760.67
1845.00	720.88
1846.00	725.57
1847.00	638.97
1848.00	767.70
1849.00	725.57
1850.00	746.63
1851.00	718.54
1852.00	741.95
1853.00	763.01
1854.00	690.46
1855.00	755.99
1856.00	727.91
1857.00	702.16
1858.00	779.40
1859.00	702.16
1860.00	823.87
1861.00	732.59
1862.00	758.33
1863.00	720.88
1864.00	779.40
1865.00	690.46
1866.00	748.97
1867.00	720.88
1868.00	697.48
1869.00	798.12
1870.00	725.57
1871.00	739.61
1872.00	753.65
1873.00	737.27
1874.00	692.80
1875.00	718.54
1876.00	765.36
1877.00	739.61
1878.00	732.59
1879.00	711.52
1880.00	746.63
1881.00	758.33
1882.00	718.54
1883.00	734.93
1884.00	692.80
1885.00	737.27
1886.00	730.25
1887.00	720.88
1888.00	786.42
1889.00	767.70
1890.00	744.29
1891.00	798.12
1892.00	723.23
1893.00	760.67
1894.00	716.20
1895.00	784.08
1896.00	777.06
1897.00	720.88
1898.00	727.91
1899.00	770.04
1900.00	772.38
1901.00	688.12
1902.00	763.01
1903.00	774.72
1904.00	744.29
1905.00	765.36
1906.00	765.36
1907.00	779.40
1908.00	737.27
1909.00	844.93
1910.00	786.42
1911.00	837.91
1912.00	809.83
1913.00	868.34
1914.00	802.80
1915.00	767.70
1916.00	798.12
1917.00	723.23
1918.00	725.57
1919.00	765.36
1920.00	765.36
1921.00	727.91
1922.00	751.31
1923.00	763.01
1924.00	781.74
1925.00	786.42
1926.00	711.52
1927.00	779.40
1928.00	786.42
1929.00	727.91
1930.00	697.48
1931.00	755.99
1932.00	767.70
1933.00	678.76
1934.00	676.41
1935.00	739.61
1936.00	746.63
1937.00	716.20
1938.00	748.97
1939.00	711.52
1940.00	760.67
1941.00	695.14
1942.00	807.48
1943.00	767.70
1944.00	732.59
1945.00	744.29
1946.00	807.48
1947.00	795.78
1948.00	779.40
1949.00	674.07
1950.00	741.95
1951.00	833.23
1952.00	1076.65
1953.00	2071.37
1954.00	4550.00
1955.00	7332.90
1956.00	8498.49
1957.00	5977.73
1958.00	4065.51
1959.00	2504.37
1960.00	1720.29
1961.00	1369.21
1962.00	1074.31
1963.00	889.40
1964.00	858.98
1965.00	802.80
1966.00	784.08
1967.00	793.44
1968.00	856.64
1969.00	770.04
1970.00	727.91
1971.00	786.42
1972.00	765.36
1973.00	746.63
1974.00	823.87
1975.00	706.84
1976.00	711.52
1977.00	765.36
1978.00	777.06
1979.00	791.10
1980.00	873.02
1981.00	987.71
1982.00	1137.50
1983.00	1163.25
1984.00	1034.52
1985.00	997.07
1986.00	889.40
1987.00	814.51
1988.00	772.38
1989.00	781.74
1990.00	851.96
1991.00	727.91
1992.00	774.72
1993.00	720.88
1994.00	751.31
1995.00	732.59
1996.00	786.42
1997.00	720.88
1998.00	732.59
1999.00	746.63
2000.00	849.61
2001.00	753.65
2002.00	727.91
2003.00	802.80
2004.00	744.29
2005.00	765.36
2006.00	819.19
2007.00	739.61
2008.00	716.20
2009.00	688.12
2010.00	763.01
2011.00	755.99
2012.00	788.76
2013.00	765.36
2014.00	842.59
2015.00	741.95
2016.00	748.97
2017.00	777.06
2018.00	844.93
2019.00	739.61
2020.00	765.36
2021.00	793.44
2022.00	812.17
2023.00	842.59
2024.00	882.38
2025.00	1011.11
2026.00	1090.69
2027.00	1245.16
2028.00	1188.99
2029.00	1179.63
2030.00	2167.34
2031.00	5984.75
2032.00	11683.95
2033.00	16451.63
2034.00	14920.92
2035.00	9996.43
2036.00	6597.97
2037.00	4187.22
2038.00	2600.34
2039.00	1811.57
2040.00	1296.66
2041.00	1022.81
2042.00	1041.54
2043.00	894.08
2044.00	873.02
2045.00	910.47
2046.00	868.34
2047.00	861.32
