0.00	730.25
1.00	730.25
2.00	730.25
3.00	538.32
4.00	564.07
5.00	552.37
6.00	486.83
7.00	566.41
8.00	610.88
9.00	538.32
10.00	524.28
11.00	512.58
12.00	582.79
13.00	573.43
14.00	554.71
15.00	643.65
16.00	528.96
17.00	575.77
18.00	528.96
19.00	578.11
20.00	610.88
21.00	580.45
22.00	627.26
23.00	629.60
24.00	608.54
25.00	706.84
26.00	662.37
27.00	599.18
28.00	685.78
29.00	669.39
30.00	629.60
31.00	702.16
32.00	699.82
33.00	760.67
34.00	692.80
35.00	727.91
36.00	697.48
37.00	779.40
38.00	713.86
39.00	800.46
40.00	744.29
41.00	655.35
42.00	781.74
43.00	786.42
44.00	758.33
45.00	713.86
46.00	730.25
47.00	697.48
48.00	741.95
49.00	772.38
50.00	779.40
51.00	842.59
52.00	770.04
53.00	781.74
54.00	669.39
55.00	730.25
56.00	725.57
57.00	723.23
58.00	753.65
59.00	758.33
60.00	711.52
61.00	795.78
62.00	706.84
63.00	725.57
64.00	723.23
65.00	674.07
66.00	779.40
67.00	730.25
68.00	755.99
69.00	741.95
70.00	709.18
71.00	695.14
72.00	737.27
73.00	748.97
74.00	758.33
75.00	763.01
76.00	643.65
77.00	734.93
78.00	685.78
79.00	774.72
80.00	786.42
81.00	830.89
82.00	718.54
83.00	709.18
84.00	678.76
85.00	681.10
86.00	730.25
87.00	772.38
88.00	737.27
89.00	739.61
90.00	718.54
91.00	746.63
92.00	770.04
93.00	704.50
94.00	760.67
95.00	704.50
96.00	732.59
97.00	713.86
98.00	716.20
99.00	690.46
100.00	746.63
101.00	692.80
102.00	671.73
103.00	704.50
104.00	692.80
105.00	819.19
106.00	716.20
107.00	751.31
108.00	653.01
109.00	709.18
110.00	713.86
111.00	697.48
112.00	638.97
113.00	800.46
114.00	704.50
115.00	734.93
116.00	725.57
117.00	683.44
118.00	711.52
119.00	683.44
120.00	720.88
121.00	709.18
122.00	753.65
123.00	732.59
124.00	718.54
125.00	751.31
126.00	713.86
127.00	763.01
128.00	767.70
129.00	730.25
130.00	711.52
131.00	744.29
132.00	739.61
133.00	781.74
134.00	664.71
135.00	706.84
136.00	741.95
137.00	734.93
138.00	706.84
139.00	748.97
140.00	812.17
141.00	645.99
142.00	716.20
143.00	760.67
144.00	720.88
145.00	718.54
146.00	809.83
147.00	734.93
148.00	716.20
149.00	777.06
150.00	739.61
151.00	732.59
152.00	664.71
153.00	751.31
154.00	709.18
155.00	777.06
156.00	741.95
157.00	732.59
158.00	730.25
159.00	784.08
160.00	755.99
161.00	763.01
162.00	788.76
163.00	732.59
164.00	786.42
165.00	760.67
166.00	770.04
167.00	805.14
168.00	709.18
169.00	727.91
170.00	734.93
171.00	706.84
172.00	770.04
173.00	716.20
174.00	730.25
175.00	763.01
176.00	732.59
177.00	681.10
178.00	662.37
179.00	772.38
180.00	765.36
181.00	662.37
182.00	690.46
183.00	739.61
184.00	763.01
185.00	774.72
186.00	732.59
187.00	741.95
188.00	737.27
189.00	748.97
190.00	781.74
191.00	737.27
192.00	746.63
193.00	697.48
194.00	697.48
195.00	791.10
196.00	760.67
197.00	826.21
198.00	795.78
199.00	781.74
200.00	741.95
201.00	748.97
202.00	751.31
203.00	716.20
204.00	755.99
205.00	685.78
206.00	744.29
207.00	786.42
208.00	753.65
209.00	723.23
210.00	681.10
211.00	767.70
212.00	795.78
213.00	805.14
214.00	763.01
215.00	704.50
216.00	681.10
217.00	699.82
218.00	725.57
219.00	802.80
220.00	690.46
221.00	763.01
222.00	774.72
223.00	774.72
224.00	767.70
225.00	678.76
226.00	711.52
227.00	699.82
228.00	732.59
229.00	809.83
230.00	765.36
231.00	702.16
232.00	758.33
233.00	716.20
234.00	732.59
235.00	802.80
236.00	786.42
237.00	739.61
238.00	779.40
239.00	795.78
240.00	730.25
241.00	791.10
242.00	711.52
243.00	746.63
244.00	734.93
245.00	760.67
246.00	751.31
247.00	723.23
248.00	786.42
249.00	777.06
250.00	755.99
251.00	777.06
252.00	706.84
253.00	746.63
254.00	751.31
255.00	765.36
256.00	786.42
257.00	723.23
258.00	692.80
259.00	741.95
260.00	774.72
261.00	763.01
262.00	777.06
263.00	786.42
264.00	791.10
265.00	774.72
266.00	692.80
267.00	772.38
268.00	830.89
269.00	744.29
270.00	732.59
271.00	791.10
272.00	816.85
273.00	809.83
274.00	842.59
275.00	777.06
276.00	793.44
277.00	870.68
278.00	774.72
279.00	800.46
280.00	741.95
281.00	786.42
282.00	723.23
283.00	755.99
284.00	765.36
285.00	755.99
286.00	788.76
287.00	688.12
288.00	732.59
289.00	781.74
290.00	779.40
291.00	730.25
292.00	767.70
293.00	723.23
294.00	744.29
295.00	657.69
296.00	699.82
297.00	816.85
298.00	770.04
299.00	774.72
300.00	744.29
301.00	748.97
302.00	788.76
303.00	706.84
304.00	692.80
305.00	798.12
306.00	786.42
307.00	711.52
308.00	826.21
309.00	840.25
310.00	812.17
311.00	777.06
312.00	739.61
313.00	765.36
314.00	741.95
315.00	734.93
316.00	744.29
317.00	711.52
318.00	774.72
319.00	739.61
320.00	781.74
321.00	751.31
322.00	732.59
323.00	758.33
324.00	765.36
325.00	760.67
326.00	781.74
327.00	777.06
328.00	681.10
329.00	812.17
330.00	774.72
331.00	800.46
332.00	814.51
333.00	816.85
334.00	727.91
335.00	720.88
336.00	772.38
337.00	746.63
338.00	751.31
339.00	699.82
340.00	765.36
341.00	755.99
342.00	791.10
343.00	781.74
344.00	823.87
345.00	753.65
346.00	821.53
347.00	788.76
348.00	847.27
349.00	837.91
350.00	774.72
351.00	842.59
352.00	819.19
353.00	777.06
354.00	774.72
355.00	777.06
356.00	784.08
357.00	826.21
358.00	765.36
359.00	755.99
360.00	805.14
361.00	800.46
362.00	746.63
363.00	753.65
364.00	725.57
365.00	704.50
366.00	758.33
367.00	814.51
368.00	758.33
369.00	765.36
370.00	758.33
371.00	830.89
372.00	805.14
373.00	777.06
374.00	718.54
375.00	763.01
376.00	779.40
377.00	763.01
378.00	716.20
379.00	791.10
380.00	809.83
381.00	770.04
382.00	718.54
383.00	779.40
384.00	847.27
385.00	772.38
386.00	725.57
387.00	739.61
388.00	746.63
389.00	734.93
390.00	807.48
391.00	723.23
392.00	779.40
393.00	725.57
394.00	746.63
395.00	786.42
396.00	791.10
397.00	779.40
398.00	779.40
399.00	741.95
400.00	791.10
401.00	791.10
402.00	753.65
403.00	748.97
404.00	765.36
405.00	784.08
406.00	767.70
407.00	755.99
408.00	821.53
409.00	774.72
410.00	730.25
411.00	727.91
412.00	718.54
413.00	765.36
414.00	725.57
415.00	753.65
416.00	720.88
417.00	730.25
418.00	770.04
419.00	781.74
420.00	746.63
421.00	774.72
422.00	821.53
423.00	791.10
424.00	784.08
425.00	781.74
426.00	737.27
427.00	770.04
428.00	748.97
429.00	734.93
430.00	802.80
431.00	699.82
432.00	772.38
433.00	741.95
434.00	774.72
435.00	765.36
436.00	837.91
437.00	734.93
438.00	802.80
439.00	758.33
440.00	753.65
441.00	706.84
442.00	788.76
443.00	765.36
444.00	793.44
445.00	795.78
446.00	842.59
447.00	758.33
448.00	751.31
449.00	753.65
450.00	741.95
451.00	760.67
452.00	795.78
453.00	791.10
454.00	779.40
455.00	720.88
456.00	741.95
457.00	781.74
458.00	774.72
459.00	774.72
460.00	765.36
461.00	809.83
462.00	770.04
463.00	737.27
464.00	720.88
465.00	765.36
466.00	786.42
467.00	767.70
468.00	767.70
469.00	772.38
470.00	837.91
471.00	767.70
472.00	823.87
473.00	770.04
474.00	786.42
475.00	791.10
476.00	725.57
477.00	718.54
478.00	727.91
479.00	697.48
480.00	779.40
481.00	720.88
482.00	798.12
483.00	763.01
484.00	779.40
485.00	781.74
486.00	718.54
487.00	765.36
488.00	753.65
489.00	767.70
490.00	751.31
491.00	730.25
492.00	809.83
493.00	755.99
494.00	741.95
495.00	840.25
496.00	758.33
497.00	793.44
498.00	732.59
499.00	767.70
500.00	758.33
501.00	772.38
502.00	847.27
503.00	734.93
504.00	777.06
505.00	795.78
506.00	748.97
507.00	851.96
508.00	650.67
509.00	814.51
510.00	788.76
511.00	763.01
512.00	723.23
513.00	786.42
514.00	772.38
515.00	807.48
516.00	741.95
517.00	788.76
518.00	837.91
519.00	692.80
520.00	730.25
521.00	706.84
522.00	737.27
523.00	807.48
524.00	744.29
525.00	755.99
526.00	791.10
527.00	737.27
528.00	821.53
529.00	723.23
530.00	748.97
531.00	737.27
532.00	795.78
533.00	730.25
534.00	793.44
535.00	774.72
536.00	779.40
537.00	741.95
538.00	730.25
539.00	767.70
540.00	760.67
541.00	741.95
542.00	779.40
543.00	847.27
544.00	711.52
545.00	734.93
546.00	734.93
547.00	793.44
548.00	793.44
549.00	823.87
550.00	732.59
551.00	779.40
552.00	774.72
553.00	734.93
554.00	702.16
555.00	793.44
556.00	793.44
557.00	772.38
558.00	770.04
559.00	781.74
560.00	795.78
561.00	765.36
562.00	781.74
563.00	758.33
564.00	737.27
565.00	777.06
566.00	697.48
567.00	795.78
568.00	716.20
569.00	753.65
570.00	812.17
571.00	709.18
572.00	690.46
573.00	779.40
574.00	767.70
575.00	748.97
576.00	683.44
577.00	840.25
578.00	786.42
579.00	791.10
580.00	755.99
581.00	758.33
582.00	788.76
583.00	702.16
584.00	786.42
585.00	784.08
586.00	781.74
587.00	800.46
588.00	809.83
589.00	821.53
590.00	777.06
591.00	795.78
592.00	823.87
593.00	734.93
594.00	753.65
595.00	786.42
596.00	732.59
597.00	763.01
598.00	786.42
599.00	814.51
600.00	873.02
601.00	814.51
602.00	866.00
603.00	788.76
604.00	779.40
605.00	812.17
606.00	730.25
607.00	802.80
608.00	814.51
609.00	814.51
610.00	791.10
611.00	767.70
612.00	800.46
613.00	805.14
614.00	814.51
615.00	828.55
616.00	807.48
617.00	784.08
618.00	737.27
619.00	741.95
620.00	767.70
621.00	826.21
622.00	828.55
623.00	802.80
624.00	748.97
625.00	770.04
626.00	763.01
627.00	741.95
628.00	793.44
629.00	774.72
630.00	863.66
631.00	772.38
632.00	856.64
633.00	763.01
634.00	786.42
635.00	751.31
636.00	770.04
637.00	774.72
638.00	755.99
639.00	753.65
640.00	798.12
641.00	760.67
642.00	772.38
643.00	786.42
644.00	739.61
645.00	709.18
646.00	798.12
647.00	758.33
648.00	755.99
649.00	800.46
650.00	830.89
651.00	809.83
652.00	858.98
653.00	833.23
654.00	704.50
655.00	809.83
656.00	814.51
657.00	821.53
658.00	826.21
659.00	763.01
660.00	802.80
661.00	819.19
662.00	763.01
663.00	807.48
664.00	777.06
665.00	812.17
666.00	793.44
667.00	781.74
668.00	781.74
669.00	823.87
670.00	812.17
671.00	807.48
672.00	784.08
673.00	791.10
674.00	720.88
675.00	753.65
676.00	805.14
677.00	901.11
678.00	821.53
679.00	819.19
680.00	821.53
681.00	809.83
682.00	826.21
683.00	798.12
684.00	823.87
685.00	781.74
686.00	774.72
687.00	765.36
688.00	847.27
689.00	765.36
690.00	795.78
691.00	835.57
692.00	849.61
693.00	765.36
694.00	833.23
695.00	688.12
696.00	751.31
697.00	800.46
698.00	793.44
699.00	849.61
700.00	837.91
701.00	837.91
702.00	779.40
703.00	716.20
704.00	748.97
705.00	830.89
706.00	835.57
707.00	873.02
708.00	821.53
709.00	861.32
710.00	774.72
711.00	837.91
712.00	779.40
713.00	730.25
714.00	830.89
715.00	809.83
716.00	823.87
717.00	784.08
718.00	741.95
719.00	793.44
720.00	772.38
721.00	786.42
722.00	812.17
723.00	826.21
724.00	770.04
725.00	826.21
726.00	784.08
727.00	734.93
728.00	748.97
729.00	784.08
730.00	840.25
731.00	816.85
732.00	748.97
733.00	798.12
734.00	842.59
735.00	800.46
736.00	805.14
737.00	821.53
738.00	786.42
739.00	840.25
740.00	868.34
741.00	858.98
742.00	842.59
743.00	894.08
744.00	840.25
745.00	795.78
746.00	774.72
747.00	894.08
748.00	828.55
749.00	802.80
750.00	798.12
751.00	805.14
752.00	765.36
753.00	830.89
754.00	830.89
755.00	889.40
756.00	725.57
757.00	720.88
758.00	814.51
759.00	812.17
760.00	816.85
761.00	875.36
762.00	819.19
763.00	786.42
764.00	856.64
765.00	833.23
766.00	807.48
767.00	844.93
768.00	786.42
769.00	777.06
770.00	753.65
771.00	816.85
772.00	835.57
773.00	786.42
774.00	786.42
775.00	791.10
776.00	891.74
777.00	835.57
778.00	915.15
779.00	809.83
780.00	720.88
781.00	805.14
782.00	770.04
783.00	847.27
784.00	917.49
785.00	760.67
786.00	802.80
787.00	795.78
788.00	833.23
789.00	856.64
790.00	889.40
791.00	851.96
792.00	840.25
793.00	788.76
794.00	812.17
795.00	823.87
796.00	781.74
797.00	772.38
798.00	777.06
799.00	821.53
800.00	793.44
801.00	814.51
802.00	800.46
803.00	795.78
804.00	800.46
805.00	816.85
806.00	863.66
807.00	800.46
808.00	833.23
809.00	816.85
810.00	828.55
811.00	844.93
812.00	837.91
813.00	849.61
814.00	830.89
815.00	716.20
816.00	802.80
817.00	823.87
818.00	786.42
819.00	786.42
820.00	760.67
821.00	791.10
822.00	816.85
823.00	840.25
824.00	835.57
825.00	887.06
826.00	819.19
827.00	821.53
828.00	788.76
829.00	858.98
830.00	784.08
831.00	840.25
832.00	807.48
833.00	807.48
834.00	828.55
835.00	856.64
836.00	779.40
837.00	873.02
838.00	842.59
839.00	842.59
840.00	870.68
841.00	816.85
842.00	837.91
843.00	849.61
844.00	798.12
845.00	877.70
846.00	779.40
847.00	842.59
848.00	858.98
849.00	840.25
850.00	912.81
851.00	739.61
852.00	821.53
853.00	802.80
854.00	889.40
855.00	816.85
856.00	884.72
857.00	837.91
858.00	746.63
859.00	798.12
860.00	833.23
861.00	816.85
862.00	868.34
863.00	823.87
864.00	784.08
865.00	887.06
866.00	814.51
867.00	805.14
868.00	840.25
869.00	821.53
870.00	877.70
871.00	823.87
872.00	800.46
873.00	793.44
874.00	791.10
875.00	774.72
876.00	812.17
877.00	765.36
878.00	866.00
879.00	835.57
880.00	835.57
881.00	800.46
882.00	805.14
883.00	821.53
884.00	854.30
885.00	861.32
886.00	819.19
887.00	821.53
888.00	807.48
889.00	786.42
890.00	866.00
891.00	767.70
892.00	791.10
893.00	840.25
894.00	868.34
895.00	873.02
896.00	866.00
897.00	788.76
898.00	760.67
899.00	767.70
900.00	828.55
901.00	891.74
902.00	798.12
903.00	873.02
904.00	835.57
905.00	830.89
906.00	912.81
907.00	943.24
908.00	919.83
909.00	863.66
910.00	851.96
911.00	912.81
912.00	983.02
913.00	1064.94
914.00	1008.77
915.00	901.11
916.00	940.90
917.00	840.25
918.00	945.58
919.00	784.08
920.00	844.93
921.00	798.12
922.00	833.23
923.00	826.21
924.00	819.19
925.00	784.08
926.00	793.44
927.00	744.29
928.00	840.25
929.00	814.51
930.00	732.59
931.00	788.76
932.00	809.83
933.00	847.27
934.00	798.12
935.00	896.43
936.00	889.40
937.00	816.85
938.00	774.72
939.00	821.53
940.00	851.96
941.00	835.57
942.00	863.66
943.00	816.85
944.00	854.30
945.00	793.44
946.00	1153.88
947.00	1650.08
948.00	2017.54
949.00	1912.22
950.00	1544.75
951.00	1355.17
952.00	1289.64
953.00	1146.86
954.00	985.37
955.00	875.36
956.00	917.49
957.00	814.51
958.00	877.70
959.00	875.36
960.00	854.30
961.00	723.23
962.00	802.80
963.00	856.64
964.00	826.21
965.00	837.91
966.00	809.83
967.00	847.27
968.00	866.00
969.00	751.31
970.00	795.78
971.00	819.19
972.00	842.59
973.00	840.25
974.00	807.48
975.00	837.91
976.00	807.48
977.00	798.12
978.00	765.36
979.00	800.46
980.00	746.63
981.00	788.76
982.00	826.21
983.00	866.00
984.00	807.48
985.00	786.42
986.00	870.68
987.00	800.46
988.00	868.34
989.00	833.23
990.00	809.83
991.00	748.97
992.00	835.57
993.00	744.29
994.00	884.72
995.00	821.53
996.00	770.04
997.00	851.96
998.00	870.68
999.00	791.10
1000.00	821.53
1001.00	805.14
1002.00	926.85
1003.00	826.21
1004.00	858.98
1005.00	795.78
1006.00	861.32
1007.00	772.38
1008.00	809.83
1009.00	798.12
1010.00	833.23
1011.00	917.49
1012.00	763.01
1013.00	889.40
1014.00	828.55
1015.00	826.21
1016.00	847.27
1017.00	849.61
1018.00	819.19
1019.00	835.57
1020.00	882.38
1021.00	833.23
1022.00	819.19
1023.00	812.17
1024.00	851.96
1025.00	826.21
1026.00	842.59
1027.00	819.19
1028.00	840.25
1029.00	851.96
1030.00	870.68
1031.00	795.78
1032.00	873.02
1033.00	875.36
1034.00	798.12
1035.00	847.27
1036.00	746.63
1037.00	840.25
1038.00	802.80
1039.00	800.46
1040.00	800.46
1041.00	826.21
1042.00	877.70
1043.00	835.57
1044.00	807.48
1045.00	856.64
1046.00	957.28
1047.00	840.25
1048.00	823.87
1049.00	798.12
1050.00	807.48
1051.00	840.25
1052.00	861.32
1053.00	826.21
1054.00	840.25
1055.00	781.74
1056.00	866.00
1057.00	809.83
1058.00	812.17
1059.00	798.12
1060.00	814.51
1061.00	842.59
1062.00	835.57
1063.00	800.46
1064.00	807.48
1065.00	751.31
1066.00	788.76
1067.00	891.74
1068.00	793.44
1069.00	819.19
1070.00	814.51
1071.00	807.48
1072.00	858.98
1073.00	814.51
1074.00	819.19
1075.00	854.30
1076.00	781.74
1077.00	781.74
1078.00	795.78
1079.00	821.53
1080.00	884.72
1081.00	898.77
1082.00	807.48
1083.00	819.19
1084.00	763.01
1085.00	798.12
1086.00	798.12
1087.00	922.17
1088.00	833.23
1089.00	823.87
1090.00	774.72
1091.00	828.55
1092.00	854.30
1093.00	800.46
1094.00	793.44
1095.00	833.23
1096.00	795.78
1097.00	828.55
1098.00	830.89
1099.00	849.61
1100.00	877.70
1101.00	826.21
1102.00	837.91
1103.00	877.70
1104.00	823.87
1105.00	812.17
1106.00	760.67
1107.00	856.64
1108.00	793.44
1109.00	833.23
1110.00	847.27
1111.00	786.42
1112.00	830.89
1113.00	880.04
1114.00	875.36
1115.00	882.38
1116.00	779.40
1117.00	912.81
1118.00	873.02
1119.00	791.10
1120.00	819.19
1121.00	849.61
1122.00	802.80
1123.00	887.06
1124.00	828.55
1125.00	882.38
1126.00	821.53
1127.00	847.27
1128.00	847.27
1129.00	828.55
1130.00	812.17
1131.00	858.98
1132.00	833.23
1133.00	748.97
1134.00	784.08
1135.00	898.77
1136.00	791.10
1137.00	849.61
1138.00	844.93
1139.00	844.93
1140.00	868.34
1141.00	830.89
1142.00	861.32
1143.00	802.80
1144.00	814.51
1145.00	767.70
1146.00	795.78
1147.00	781.74
1148.00	903.45
1149.00	809.83
1150.00	931.53
1151.00	875.36
1152.00	856.64
1153.00	837.91
1154.00	896.43
1155.00	861.32
1156.00	835.57
1157.00	856.64
1158.00	910.47
1159.00	922.17
1160.00	961.96
1161.00	905.79
1162.00	887.06
1163.00	940.90
1164.00	835.57
1165.00	875.36
1166.00	894.08
1167.00	1055.58
1168.00	1268.57
1169.00	1277.93
1170.00	1240.48
1171.00	1088.35
1172.00	1025.15
1173.00	1018.13
1174.00	945.58
1175.00	898.77
1176.00	835.57
1177.00	936.21
1178.00	868.34
1179.00	915.15
1180.00	901.11
1181.00	931.53
1182.00	903.45
1183.00	945.58
1184.00	868.34
1185.00	901.11
1186.00	945.58
1187.00	905.79
1188.00	856.64
1189.00	971.32
1190.00	882.38
1191.00	952.60
1192.00	971.32
1193.00	1062.60
1194.00	1025.15
1195.00	973.66
1196.00	971.32
1197.00	938.55
1198.00	950.26
1199.00	959.62
1200.00	950.26
1201.00	987.71
1202.00	1107.07
1203.00	1170.27
1204.00	1196.01
1205.00	1114.10
1206.00	1041.54
1207.00	1097.71
1208.00	1011.11
1209.00	1090.69
1210.00	1036.86
1211.00	1107.07
1212.00	976.00
1213.00	1114.10
1214.00	1130.48
1215.00	1139.84
1216.00	1238.14
1217.00	1343.47
1218.00	1591.56
1219.00	1834.98
1220.00	3403.14
1221.00	18118.09
1222.00	51276.46
1223.00	65343.08
1224.00	64802.41
1225.00	57228.44
1226.00	44212.72
1227.00	33074.11
1228.00	27091.70
1229.00	19403.04
1230.00	9343.42
1231.00	3997.64
1232.00	2162.66
1233.00	1668.80
1234.00	1511.99
1235.00	1385.60
1236.00	1366.87
1237.00	1270.91
1238.00	1174.95
1239.00	1523.69
1240.00	3356.33
1241.00	5860.70
1242.00	7157.36
1243.00	5959.00
1244.00	4491.49
1245.00	3304.84
1246.00	2841.41
1247.00	2436.50
1248.00	1830.30
1249.00	1322.40
1250.00	1071.97
1251.00	952.60
1252.00	983.02
1253.00	1015.79
1254.00	1043.88
1255.00	1130.48
1256.00	1034.52
1257.00	1069.62
1258.00	1041.54
1259.00	1078.99
1260.00	1027.50
1261.00	1013.45
1262.00	938.55
1263.00	961.96
1264.00	971.32
1265.00	889.40
1266.00	926.85
1267.00	854.30
1268.00	910.47
1269.00	870.68
1270.00	926.85
1271.00	964.30
1272.00	922.17
1273.00	833.23
1274.00	973.66
1275.00	912.81
1276.00	931.53
1277.00	983.02
1278.00	1104.73
1279.00	2179.04
1280.00	6141.57
1281.00	10822.64
1282.00	12425.90
1283.00	9385.55
1284.00	6949.05
1285.00	5310.68
1286.00	4264.46
1287.00	3494.42
1288.00	2232.87
1289.00	1409.00
1290.00	1081.33
1291.00	943.24
1292.00	976.00
1293.00	987.71
1294.00	1008.77
1295.00	1083.67
1296.00	929.19
1297.00	1001.75
1298.00	1011.11
1299.00	1682.85
1300.00	2518.42
1301.00	3377.39
1302.00	3094.19
1303.00	2452.88
1304.00	2073.71
1305.00	1757.74
1306.00	1551.78
1307.00	1338.79
1308.00	1132.82
1309.00	973.66
1310.00	973.66
1311.00	889.40
1312.00	844.93
1313.00	905.79
1314.00	858.98
1315.00	889.40
1316.00	847.27
1317.00	774.72
1318.00	833.23
1319.00	849.61
1320.00	866.00
1321.00	849.61
1322.00	877.70
1323.00	856.64
1324.00	870.68
1325.00	854.30
1326.00	891.74
1327.00	781.74
1328.00	851.96
1329.00	830.89
1330.00	847.27
1331.00	901.11
1332.00	926.85
1333.00	980.68
1334.00	1717.95
1335.00	2988.86
1336.00	3770.60
1337.00	3251.00
1338.00	2614.38
1339.00	2092.44
1340.00	1771.79
1341.00	1572.84
1342.00	1196.01
1343.00	1060.26
1344.00	973.66
1345.00	943.24
1346.00	805.14
1347.00	849.61
1348.00	936.21
1349.00	905.79
1350.00	788.76
1351.00	898.77
1352.00	889.40
1353.00	807.48
1354.00	833.23
1355.00	828.55
1356.00	887.06
1357.00	917.49
1358.00	922.17
1359.00	964.30
1360.00	980.68
1361.00	1090.69
1362.00	2258.62
1363.00	5621.97
1364.00	9336.40
1365.00	10286.65
1366.00	8044.42
1367.00	5788.14
1368.00	4407.23
1369.00	3618.47
1370.00	2977.16
1371.00	1919.24
1372.00	1254.53
1373.00	1125.80
1374.00	1121.12
1375.00	1296.66
1376.00	2890.56
1377.00	8706.79
1378.00	15812.66
1379.00	18291.29
1380.00	14036.19
1381.00	10183.67
1382.00	7456.95
1383.00	5984.75
1384.00	4819.16
1385.00	2818.00
1386.00	1680.50
1387.00	1245.16
1388.00	1146.86
1389.00	917.49
1390.00	1008.77
1391.00	964.30
1392.00	912.81
1393.00	922.17
1394.00	891.74
1395.00	901.11
1396.00	875.36
1397.00	917.49
1398.00	1078.99
1399.00	1238.14
1400.00	1373.89
1401.00	1301.34
1402.00	1259.21
1403.00	1219.42
1404.00	1226.44
1405.00	1191.33
1406.00	2043.29
1407.00	8112.30
1408.00	20042.01
1409.00	30110.99
1410.00	26721.90
1411.00	19075.37
1412.00	13369.14
1413.00	10317.08
1414.00	8241.03
1415.00	5493.24
1416.00	2843.75
1417.00	1680.50
1418.00	1313.04
1419.00	1167.93
1420.00	1994.14
1421.00	4360.42
1422.00	7089.48
1423.00	7948.46
1424.00	6143.91
1425.00	4500.85
1426.00	3389.10
1427.00	2853.11
1428.00	2342.88
1429.00	1572.84
1430.00	1083.67
1431.00	1001.75
1432.00	931.53
1433.00	858.98
1434.00	973.66
1435.00	931.53
1436.00	922.17
1437.00	842.59
1438.00	863.66
1439.00	922.17
1440.00	842.59
1441.00	891.74
1442.00	929.19
1443.00	861.32
1444.00	891.74
1445.00	821.53
1446.00	844.93
1447.00	844.93
1448.00	835.57
1449.00	856.64
1450.00	908.13
1451.00	947.92
1452.00	873.02
1453.00	931.53
1454.00	903.45
1455.00	1315.38
1456.00	2420.11
1457.00	4163.81
1458.00	5172.58
1459.00	4278.50
1460.00	3220.58
1461.00	2413.09
1462.00	2054.99
1463.00	1806.89
1464.00	1315.38
1465.00	1078.99
1466.00	966.64
1467.00	903.45
1468.00	812.17
1469.00	896.43
1470.00	901.11
1471.00	802.80
1472.00	807.48
1473.00	854.30
1474.00	805.14
1475.00	814.51
1476.00	816.85
1477.00	858.98
1478.00	856.64
1479.00	898.77
1480.00	844.93
1481.00	894.08
1482.00	842.59
1483.00	858.98
1484.00	915.15
1485.00	936.21
1486.00	983.02
1487.00	1174.95
1488.00	3527.19
1489.00	9097.66
1490.00	14913.89
1491.00	15571.58
1492.00	11133.93
1493.00	7920.37
1494.00	5982.41
1495.00	4877.68
1496.00	3541.23
1497.00	2019.88
1498.00	1301.34
1499.00	1050.90
1500.00	999.41
1501.00	929.19
1502.00	908.13
1503.00	873.02
1504.00	849.61
1505.00	898.77
1506.00	856.64
1507.00	877.70
1508.00	889.40
1509.00	966.64
1510.00	873.02
1511.00	854.30
1512.00	938.55
1513.00	1158.57
1514.00	2228.19
1515.00	3719.11
1516.00	4622.56
1517.00	3794.01
1518.00	2956.10
1519.00	2321.81
1520.00	1893.49
1521.00	1732.00
1522.00	1310.70
1523.00	1076.65
1524.00	884.72
1525.00	898.77
1526.00	959.62
1527.00	964.30
1528.00	924.51
1529.00	1008.77
1530.00	936.21
1531.00	987.71
1532.00	1074.31
1533.00	2038.61
1534.00	5418.34
1535.00	9359.80
1536.00	11323.51
1537.00	8627.21
1538.00	6382.64
1539.00	4660.01
1540.00	3808.05
1541.00	3187.81
1542.00	1940.30
1543.00	1284.95
1544.00	1053.24
1545.00	915.15
1546.00	968.98
1547.00	924.51
1548.00	919.83
1549.00	861.32
1550.00	877.70
1551.00	882.38
1552.00	873.02
1553.00	908.13
1554.00	882.38
1555.00	947.92
1556.00	917.49
1557.00	896.43
1558.00	856.64
1559.00	933.87
1560.00	922.17
1561.00	938.55
1562.00	912.81
1563.00	1008.77
1564.00	1043.88
1565.00	1409.00
1566.00	4292.54
1567.00	11674.59
1568.00	19283.67
1569.00	20240.95
1570.00	14146.20
1571.00	10106.43
1572.00	7487.37
1573.00	6150.93
1574.00	4243.39
1575.00	2586.29
1576.00	1682.85
1577.00	1376.24
1578.00	1795.19
1579.00	6413.07
1580.00	17926.16
1581.00	30424.62
1582.00	31976.40
1583.00	22757.03
1584.00	15719.04
1585.00	11644.17
1586.00	9214.69
1587.00	6443.49
1588.00	3445.27
1589.00	1893.49
1590.00	1385.60
1591.00	1128.14
1592.00	1050.90
1593.00	959.62
1594.00	987.71
1595.00	936.21
1596.00	931.53
1597.00	922.17
1598.00	922.17
1599.00	854.30
1600.00	919.83
1601.00	805.14
1602.00	791.10
1603.00	856.64
1604.00	781.74
1605.00	856.64
1606.00	870.68
1607.00	875.36
1608.00	784.08
1609.00	835.57
1610.00	894.08
1611.00	896.43
1612.00	774.72
1613.00	767.70
1614.00	821.53
1615.00	791.10
1616.00	840.25
1617.00	798.12
1618.00	858.98
1619.00	793.44
1620.00	772.38
1621.00	861.32
1622.00	777.06
1623.00	856.64
1624.00	800.46
1625.00	877.70
1626.00	875.36
1627.00	830.89
1628.00	901.11
1629.00	805.14
1630.00	781.74
1631.00	884.72
1632.00	770.04
1633.00	823.87
1634.00	912.81
1635.00	837.91
1636.00	819.19
1637.00	849.61
1638.00	854.30
1639.00	784.08
1640.00	823.87
1641.00	814.51
1642.00	884.72
1643.00	779.40
1644.00	840.25
1645.00	903.45
1646.00	851.96
1647.00	884.72
1648.00	896.43
1649.00	1078.99
1650.00	2567.57
1651.00	7534.18
1652.00	14040.87
1653.00	17352.73
1654.00	13465.10
1655.00	9788.12
1656.00	7066.08
1657.00	5500.26
1658.00	4037.42
1659.00	2455.22
1660.00	1500.28
1661.00	1179.63
1662.00	1043.88
1663.00	978.34
1664.00	910.47
1665.00	915.15
1666.00	924.51
1667.00	894.08
1668.00	1301.34
1669.00	2682.25
1670.00	4772.35
1671.00	6286.68
1672.00	5495.58
1673.00	4077.21
1674.00	3094.19
1675.00	2562.89
1676.00	2059.67
1677.00	1493.26
1678.00	1093.03
1679.00	926.85
1680.00	877.70
1681.00	873.02
1682.00	734.93
1683.00	798.12
1684.00	896.43
1685.00	767.70
1686.00	835.57
1687.00	739.61
1688.00	809.83
1689.00	819.19
1690.00	863.66
1691.00	826.21
1692.00	823.87
1693.00	753.65
1694.00	807.48
1695.00	800.46
1696.00	711.52
1697.00	809.83
1698.00	816.85
1699.00	793.44
1700.00	863.66
1701.00	861.32
1702.00	837.91
1703.00	812.17
1704.00	851.96
1705.00	751.31
1706.00	751.31
1707.00	842.59
1708.00	870.68
1709.00	898.77
1710.00	777.06
1711.00	800.46
1712.00	882.38
1713.00	924.51
1714.00	1448.79
1715.00	3471.01
1716.00	6399.02
1717.00	8507.85
1718.00	7485.03
1719.00	5671.12
1720.00	4294.88
1721.00	3211.22
1722.00	2459.90
1723.00	1722.63
1724.00	1193.67
1725.00	973.66
1726.00	919.83
1727.00	868.34
1728.00	830.89
1729.00	788.76
1730.00	856.64
1731.00	779.40
1732.00	873.02
1733.00	793.44
1734.00	840.25
1735.00	734.93
1736.00	788.76
1737.00	777.06
1738.00	758.33
1739.00	793.44
1740.00	851.96
1741.00	849.61
1742.00	798.12
1743.00	856.64
1744.00	833.23
1745.00	765.36
1746.00	849.61
1747.00	835.57
1748.00	819.19
1749.00	823.87
1750.00	833.23
1751.00	828.55
1752.00	800.46
1753.00	840.25
1754.00	821.53
1755.00	894.08
1756.00	877.70
1757.00	833.23
1758.00	819.19
1759.00	840.25
1760.00	800.46
1761.00	786.42
1762.00	772.38
1763.00	835.57
1764.00	866.00
1765.00	856.64
1766.00	851.96
1767.00	854.30
1768.00	917.49
1769.00	1032.18
1770.00	1973.07
1771.00	5968.37
1772.00	11243.93
1773.00	14731.33
1774.00	12648.26
1775.00	9472.15
1776.00	6958.41
1777.00	5055.56
1778.00	3274.41
1779.00	2094.78
1780.00	1385.60
1781.00	1114.10
1782.00	980.68
1783.00	950.26
1784.00	903.45
1785.00	798.12
1786.00	858.98
1787.00	791.10
1788.00	830.89
1789.00	793.44
1790.00	903.45
1791.00	837.91
1792.00	840.25
1793.00	781.74
1794.00	861.32
1795.00	903.45
1796.00	915.15
1797.00	1135.16
1798.00	2422.45
1799.00	5109.39
1800.00	8489.12
1801.00	9483.85
1802.00	7513.12
1803.00	5792.83
1804.00	4168.49
1805.00	2733.75
1806.00	1769.44
1807.00	1247.51
1808.00	1116.44
1809.00	964.30
1810.00	882.38
1811.00	816.85
1812.00	774.72
1813.00	828.55
1814.00	777.06
1815.00	795.78
1816.00	774.72
1817.00	851.96
1818.00	777.06
1819.00	765.36
1820.00	793.44
1821.00	760.67
1822.00	748.97
1823.00	798.12
1824.00	802.80
1825.00	830.89
1826.00	919.83
1827.00	887.06
1828.00	891.74
1829.00	887.06
1830.00	821.53
1831.00	800.46
1832.00	779.40
1833.00	734.93
1834.00	791.10
1835.00	816.85
1836.00	734.93
1837.00	795.78
1838.00	770.04
1839.00	758.33
1840.00	835.57
1841.00	763.01
1842.00	835.57
1843.00	788.76
1844.00	730.25
1845.00	793.44
1846.00	741.95
1847.00	805.14
1848.00	727.91
1849.00	748.97
1850.00	805.14
1851.00	741.95
1852.00	770.04
1853.00	784.08
1854.00	758.33
1855.00	751.31
1856.00	786.42
1857.00	744.29
1858.00	751.31
1859.00	781.74
1860.00	830.89
1861.00	727.91
1862.00	802.80
1863.00	779.40
1864.00	812.17
1865.00	788.76
1866.00	788.76
1867.00	678.76
1868.00	809.83
1869.00	741.95
1870.00	779.40
1871.00	772.38
1872.00	816.85
1873.00	793.44
1874.00	788.76
1875.00	765.36
1876.00	779.40
1877.00	702.16
1878.00	748.97
1879.00	800.46
1880.00	763.01
1881.00	788.76
1882.00	784.08
1883.00	709.18
1884.00	798.12
1885.00	765.36
1886.00	763.01
1887.00	763.01
1888.00	807.48
1889.00	774.72
1890.00	746.63
1891.00	847.27
1892.00	779.40
1893.00	711.52
1894.00	720.88
1895.00	730.25
1896.00	772.38
1897.00	753.65
1898.00	763.01
1899.00	748.97
1900.00	767.70
1901.00	840.25
1902.00	765.36
1903.00	807.48
1904.00	802.80
1905.00	795.78
1906.00	744.29
1907.00	788.76
1908.00	826.21
1909.00	805.14
1910.00	765.36
1911.00	837.91
1912.00	891.74
1913.00	924.51
1914.00	856.64
1915.00	858.98
1916.00	812.17
1917.00	706.84
1918.00	779.40
1919.00	809.83
1920.00	720.88
1921.00	784.08
1922.00	793.44
1923.00	702.16
1924.00	713.86
1925.00	746.63
1926.00	760.67
1927.00	833.23
1928.00	816.85
1929.00	748.97
1930.00	755.99
1931.00	802.80
1932.00	772.38
1933.00	786.42
1934.00	795.78
1935.00	732.59
1936.00	744.29
1937.00	805.14
1938.00	798.12
1939.00	763.01
1940.00	716.20
1941.00	814.51
1942.00	713.86
1943.00	758.33
1944.00	734.93
1945.00	854.30
1946.00	763.01
1947.00	809.83
1948.00	828.55
1949.00	863.66
1950.00	840.25
1951.00	884.72
1952.00	1046.22
1953.00	2188.40
1954.00	4699.80
1955.00	7337.58
1956.00	8161.45
1957.00	5795.17
1958.00	3885.29
1959.00	2555.86
1960.00	1661.78
1961.00	1266.23
1962.00	1074.31
1963.00	940.90
1964.00	809.83
1965.00	830.89
1966.00	807.48
1967.00	809.83
1968.00	727.91
1969.00	723.23
1970.00	770.04
1971.00	755.99
1972.00	777.06
1973.00	786.42
1974.00	861.32
1975.00	856.64
1976.00	760.67
1977.00	805.14
1978.00	770.04
1979.00	755.99
1980.00	875.36
1981.00	997.07
1982.00	1210.06
1983.00	1247.51
1984.00	1135.16
1985.00	994.73
1986.00	802.80
1987.00	758.33
1988.00	851.96
1989.00	746.63
1990.00	784.08
1991.00	830.89
1992.00	739.61
1993.00	784.08
1994.00	751.31
1995.00	709.18
1996.00	807.48
1997.00	772.38
1998.00	767.70
1999.00	751.31
2000.00	772.38
2001.00	786.42
2002.00	777.06
2003.00	877.70
2004.00	816.85
2005.00	784.08
2006.00	763.01
2007.00	830.89
2008.00	765.36
2009.00	777.06
2010.00	837.91
2011.00	812.17
2012.00	800.46
2013.00	798.12
2014.00	744.29
2015.00	812.17
2016.00	814.51
2017.00	840.25
2018.00	786.42
2019.00	770.04
2020.00	807.48
2021.00	725.57
2022.00	798.12
2023.00	779.40
2024.00	877.70
2025.00	1067.28
2026.00	1149.20
2027.00	1268.57
2028.00	1100.05
2029.00	1210.06
2030.00	2260.96
2031.00	6303.06
2032.00	11999.93
2033.00	16315.87
2034.00	14593.24
2035.00	9811.53
2036.00	6314.77
2037.00	4208.28
2038.00	2567.57
2039.00	1720.29
2040.00	1303.68
2041.00	990.05
2042.00	863.66
2043.00	891.74
2044.00	800.46
2045.00	826.21
2046.00	903.45
2047.00	821.53
