0.00	650.67
1.00	650.67
2.00	650.67
3.00	545.34
4.00	615.56
5.00	622.58
6.00	550.03
7.00	505.56
8.00	505.56
9.00	545.34
10.00	507.90
11.00	575.77
12.00	503.22
13.00	517.26
14.00	601.52
15.00	575.77
16.00	550.03
17.00	573.43
18.00	601.52
19.00	517.26
20.00	627.26
21.00	617.90
22.00	594.50
23.00	627.26
24.00	643.65
25.00	641.31
26.00	648.33
27.00	739.61
28.00	664.71
29.00	657.69
30.00	720.88
31.00	631.94
32.00	727.91
33.00	678.76
34.00	746.63
35.00	674.07
36.00	702.16
37.00	678.76
38.00	681.10
39.00	713.86
40.00	716.20
41.00	711.52
42.00	690.46
43.00	814.51
44.00	739.61
45.00	788.76
46.00	734.93
47.00	725.57
48.00	718.54
49.00	709.18
50.00	784.08
51.00	793.44
52.00	713.86
53.00	760.67
54.00	730.25
55.00	748.97
56.00	767.70
57.00	655.35
58.00	739.61
59.00	737.27
60.00	678.76
61.00	748.97
62.00	683.44
63.00	727.91
64.00	751.31
65.00	713.86
66.00	744.29
67.00	718.54
68.00	706.84
69.00	770.04
70.00	671.73
71.00	765.36
72.00	697.48
73.00	683.44
74.00	727.91
75.00	737.27
76.00	699.82
77.00	695.14
78.00	770.04
79.00	751.31
80.00	711.52
81.00	669.39
82.00	727.91
83.00	720.88
84.00	737.27
85.00	692.80
86.00	683.44
87.00	723.23
88.00	737.27
89.00	763.01
90.00	697.48
91.00	725.57
92.00	720.88
93.00	713.86
94.00	678.76
95.00	720.88
96.00	713.86
97.00	697.48
98.00	716.20
99.00	713.86
100.00	744.29
101.00	748.97
102.00	770.04
103.00	767.70
104.00	763.01
105.00	638.97
106.00	809.83
107.00	716.20
108.00	770.04
109.00	748.97
110.00	791.10
111.00	741.95
112.00	676.41
113.00	758.33
114.00	723.23
115.00	716.20
116.00	638.97
117.00	702.16
118.00	702.16
119.00	662.37
120.00	767.70
121.00	741.95
122.00	737.27
123.00	737.27
124.00	793.44
125.00	709.18
126.00	847.27
127.00	674.07
128.00	777.06
129.00	767.70
130.00	706.84
131.00	709.18
132.00	730.25
133.00	716.20
134.00	748.97
135.00	741.95
136.00	802.80
137.00	788.76
138.00	699.82
139.00	669.39
140.00	697.48
141.00	683.44
142.00	732.59
143.00	706.84
144.00	779.40
145.00	744.29
146.00	748.97
147.00	800.46
148.00	821.53
149.00	779.40
150.00	828.55
151.00	746.63
152.00	755.99
153.00	685.78
154.00	669.39
155.00	760.67
156.00	725.57
157.00	734.93
158.00	711.52
159.00	723.23
160.00	781.74
161.00	706.84
162.00	741.95
163.00	746.63
164.00	720.88
165.00	697.48
166.00	723.23
167.00	718.54
168.00	669.39
169.00	739.61
170.00	718.54
171.00	770.04
172.00	741.95
173.00	725.57
174.00	713.86
175.00	805.14
176.00	737.27
177.00	751.31
178.00	681.10
179.00	699.82
180.00	744.29
181.00	770.04
182.00	793.44
183.00	711.52
184.00	744.29
185.00	730.25
186.00	692.80
187.00	730.25
188.00	734.93
189.00	779.40
190.00	678.76
191.00	753.65
192.00	692.80
193.00	732.59
194.00	711.52
195.00	748.97
196.00	746.63
197.00	798.12
198.00	767.70
199.00	760.67
200.00	823.87
201.00	758.33
202.00	786.42
203.00	692.80
204.00	692.80
205.00	774.72
206.00	777.06
207.00	711.52
208.00	709.18
209.00	739.61
210.00	697.48
211.00	777.06
212.00	802.80
213.00	781.74
214.00	737.27
215.00	692.80
216.00	702.16
217.00	727.91
218.00	816.85
219.00	770.04
220.00	732.59
221.00	821.53
222.00	744.29
223.00	779.40
224.00	746.63
225.00	755.99
226.00	678.76
227.00	730.25
228.00	718.54
229.00	732.59
230.00	744.29
231.00	730.25
232.00	695.14
233.00	746.63
234.00	676.41
235.00	793.44
236.00	720.88
237.00	692.80
238.00	727.91
239.00	727.91
240.00	802.80
241.00	774.72
242.00	753.65
243.00	800.46
244.00	723.23
245.00	767.70
246.00	767.70
247.00	772.38
248.00	758.33
249.00	774.72
250.00	699.82
251.00	718.54
252.00	788.76
253.00	774.72
254.00	755.99
255.00	781.74
256.00	777.06
257.00	798.12
258.00	781.74
259.00	741.95
260.00	699.82
261.00	767.70
262.00	706.84
263.00	723.23
264.00	709.18
265.00	741.95
266.00	727.91
267.00	774.72
268.00	802.80
269.00	758.33
270.00	704.50
271.00	793.44
272.00	802.80
273.00	814.51
274.00	821.53
275.00	798.12
276.00	889.40
277.00	786.42
278.00	816.85
279.00	734.93
280.00	786.42
281.00	823.87
282.00	727.91
283.00	779.40
284.00	732.59
285.00	748.97
286.00	788.76
287.00	779.40
288.00	800.46
289.00	800.46
290.00	784.08
291.00	692.80
292.00	741.95
293.00	725.57
294.00	674.07
295.00	758.33
296.00	753.65
297.00	713.86
298.00	807.48
299.00	774.72
300.00	781.74
301.00	716.20
302.00	758.33
303.00	753.65
304.00	706.84
305.00	758.33
306.00	760.67
307.00	751.31
308.00	812.17
309.00	826.21
310.00	802.80
311.00	791.10
312.00	837.91
313.00	765.36
314.00	748.97
315.00	697.48
316.00	760.67
317.00	800.46
318.00	741.95
319.00	697.48
320.00	643.65
321.00	758.33
322.00	770.04
323.00	734.93
324.00	706.84
325.00	688.12
326.00	716.20
327.00	734.93
328.00	751.31
329.00	774.72
330.00	737.27
331.00	748.97
332.00	739.61
333.00	784.08
334.00	751.31
335.00	720.88
336.00	730.25
337.00	770.04
338.00	744.29
339.00	802.80
340.00	746.63
341.00	755.99
342.00	748.97
343.00	748.97
344.00	781.74
345.00	781.74
346.00	711.52
347.00	788.76
348.00	828.55
349.00	763.01
350.00	791.10
351.00	826.21
352.00	819.19
353.00	755.99
354.00	798.12
355.00	798.12
356.00	774.72
357.00	758.33
358.00	856.64
359.00	777.06
360.00	748.97
361.00	795.78
362.00	758.33
363.00	763.01
364.00	730.25
365.00	788.76
366.00	823.87
367.00	739.61
368.00	763.01
369.00	793.44
370.00	772.38
371.00	833.23
372.00	699.82
373.00	741.95
374.00	739.61
375.00	812.17
376.00	744.29
377.00	748.97
378.00	720.88
379.00	753.65
380.00	765.36
381.00	716.20
382.00	791.10
383.00	725.57
384.00	777.06
385.00	732.59
386.00	777.06
387.00	858.98
388.00	723.23
389.00	774.72
390.00	772.38
391.00	767.70
392.00	777.06
393.00	786.42
394.00	725.57
395.00	706.84
396.00	781.74
397.00	765.36
398.00	741.95
399.00	741.95
400.00	748.97
401.00	816.85
402.00	765.36
403.00	645.99
404.00	823.87
405.00	791.10
406.00	807.48
407.00	758.33
408.00	737.27
409.00	809.83
410.00	763.01
411.00	807.48
412.00	779.40
413.00	819.19
414.00	758.33
415.00	744.29
416.00	760.67
417.00	774.72
418.00	809.83
419.00	793.44
420.00	770.04
421.00	772.38
422.00	816.85
423.00	683.44
424.00	753.65
425.00	798.12
426.00	788.76
427.00	753.65
428.00	814.51
429.00	791.10
430.00	898.77
431.00	741.95
432.00	718.54
433.00	760.67
434.00	774.72
435.00	821.53
436.00	774.72
437.00	821.53
438.00	760.67
439.00	784.08
440.00	795.78
441.00	751.31
442.00	812.17
443.00	737.27
444.00	739.61
445.00	791.10
446.00	744.29
447.00	741.95
448.00	765.36
449.00	788.76
450.00	727.91
451.00	774.72
452.00	774.72
453.00	763.01
454.00	765.36
455.00	814.51
456.00	786.42
457.00	791.10
458.00	699.82
459.00	662.37
460.00	739.61
461.00	765.36
462.00	744.29
463.00	793.44
464.00	770.04
465.00	765.36
466.00	760.67
467.00	800.46
468.00	748.97
469.00	758.33
470.00	788.76
471.00	758.33
472.00	807.48
473.00	760.67
474.00	798.12
475.00	772.38
476.00	688.12
477.00	805.14
478.00	730.25
479.00	809.83
480.00	795.78
481.00	744.29
482.00	765.36
483.00	739.61
484.00	781.74
485.00	723.23
486.00	807.48
487.00	737.27
488.00	734.93
489.00	732.59
490.00	674.07
491.00	770.04
492.00	737.27
493.00	734.93
494.00	741.95
495.00	854.30
496.00	793.44
497.00	760.67
498.00	793.44
499.00	770.04
500.00	835.57
501.00	784.08
502.00	819.19
503.00	779.40
504.00	727.91
505.00	767.70
506.00	734.93
507.00	842.59
508.00	805.14
509.00	779.40
510.00	774.72
511.00	746.63
512.00	791.10
513.00	779.40
514.00	774.72
515.00	763.01
516.00	748.97
517.00	772.38
518.00	741.95
519.00	709.18
520.00	760.67
521.00	772.38
522.00	788.76
523.00	723.23
524.00	702.16
525.00	765.36
526.00	809.83
527.00	732.59
528.00	746.63
529.00	753.65
530.00	753.65
531.00	763.01
532.00	795.78
533.00	763.01
534.00	758.33
535.00	730.25
536.00	800.46
537.00	788.76
538.00	772.38
539.00	739.61
540.00	713.86
541.00	795.78
542.00	737.27
543.00	690.46
544.00	760.67
545.00	793.44
546.00	781.74
547.00	732.59
548.00	802.80
549.00	805.14
550.00	858.98
551.00	753.65
552.00	739.61
553.00	755.99
554.00	795.78
555.00	807.48
556.00	774.72
557.00	746.63
558.00	805.14
559.00	802.80
560.00	760.67
561.00	702.16
562.00	779.40
563.00	734.93
564.00	786.42
565.00	734.93
566.00	748.97
567.00	781.74
568.00	798.12
569.00	758.33
570.00	683.44
571.00	816.85
572.00	814.51
573.00	821.53
574.00	844.93
575.00	835.57
576.00	755.99
577.00	786.42
578.00	737.27
579.00	751.31
580.00	709.18
581.00	770.04
582.00	805.14
583.00	713.86
584.00	784.08
585.00	828.55
586.00	840.25
587.00	753.65
588.00	770.04
589.00	800.46
590.00	786.42
591.00	774.72
592.00	807.48
593.00	793.44
594.00	777.06
595.00	795.78
596.00	779.40
597.00	746.63
598.00	788.76
599.00	791.10
600.00	772.38
601.00	725.57
602.00	706.84
603.00	849.61
604.00	777.06
605.00	753.65
606.00	709.18
607.00	793.44
608.00	706.84
609.00	774.72
610.00	816.85
611.00	840.25
612.00	741.95
613.00	821.53
614.00	788.76
615.00	809.83
616.00	758.33
617.00	847.27
618.00	833.23
619.00	802.80
620.00	823.87
621.00	805.14
622.00	788.76
623.00	770.04
624.00	795.78
625.00	695.14
626.00	809.83
627.00	826.21
628.00	791.10
629.00	741.95
630.00	755.99
631.00	755.99
632.00	770.04
633.00	755.99
634.00	667.05
635.00	774.72
636.00	765.36
637.00	765.36
638.00	718.54
639.00	823.87
640.00	819.19
641.00	772.38
642.00	814.51
643.00	786.42
644.00	798.12
645.00	711.52
646.00	765.36
647.00	793.44
648.00	791.10
649.00	826.21
650.00	835.57
651.00	734.93
652.00	805.14
653.00	802.80
654.00	814.51
655.00	849.61
656.00	809.83
657.00	821.53
658.00	753.65
659.00	791.10
660.00	830.89
661.00	748.97
662.00	805.14
663.00	812.17
664.00	791.10
665.00	767.70
666.00	814.51
667.00	844.93
668.00	739.61
669.00	758.33
670.00	765.36
671.00	711.52
672.00	793.44
673.00	763.01
674.00	781.74
675.00	819.19
676.00	781.74
677.00	814.51
678.00	748.97
679.00	751.31
680.00	788.76
681.00	786.42
682.00	819.19
683.00	807.48
684.00	807.48
685.00	793.44
686.00	833.23
687.00	791.10
688.00	840.25
689.00	737.27
690.00	819.19
691.00	763.01
692.00	861.32
693.00	781.74
694.00	760.67
695.00	777.06
696.00	784.08
697.00	802.80
698.00	828.55
699.00	753.65
700.00	814.51
701.00	723.23
702.00	786.42
703.00	798.12
704.00	763.01
705.00	807.48
706.00	739.61
707.00	793.44
708.00	791.10
709.00	840.25
710.00	791.10
711.00	798.12
712.00	791.10
713.00	807.48
714.00	830.89
715.00	856.64
716.00	821.53
717.00	800.46
718.00	777.06
719.00	819.19
720.00	763.01
721.00	842.59
722.00	854.30
723.00	870.68
724.00	709.18
725.00	889.40
726.00	760.67
727.00	826.21
728.00	819.19
729.00	812.17
730.00	767.70
731.00	713.86
732.00	795.78
733.00	840.25
734.00	723.23
735.00	816.85
736.00	828.55
737.00	812.17
738.00	917.49
739.00	777.06
740.00	760.67
741.00	884.72
742.00	795.78
743.00	816.85
744.00	795.78
745.00	767.70
746.00	795.78
747.00	833.23
748.00	826.21
749.00	786.42
750.00	805.14
751.00	784.08
752.00	791.10
753.00	788.76
754.00	779.40
755.00	812.17
756.00	821.53
757.00	819.19
758.00	805.14
759.00	851.96
760.00	891.74
761.00	854.30
762.00	851.96
763.00	842.59
764.00	772.38
765.00	781.74
766.00	835.57
767.00	816.85
768.00	894.08
769.00	798.12
770.00	800.46
771.00	786.42
772.00	830.89
773.00	826.21
774.00	786.42
775.00	814.51
776.00	774.72
777.00	777.06
778.00	781.74
779.00	805.14
780.00	777.06
781.00	851.96
782.00	814.51
783.00	842.59
784.00	837.91
785.00	849.61
786.00	821.53
787.00	851.96
788.00	835.57
789.00	828.55
790.00	800.46
791.00	807.48
792.00	798.12
793.00	842.59
794.00	840.25
795.00	840.25
796.00	856.64
797.00	770.04
798.00	784.08
799.00	844.93
800.00	830.89
801.00	835.57
802.00	777.06
803.00	777.06
804.00	758.33
805.00	772.38
806.00	854.30
807.00	793.44
808.00	772.38
809.00	854.30
810.00	802.80
811.00	770.04
812.00	784.08
813.00	760.67
814.00	840.25
815.00	753.65
816.00	835.57
817.00	777.06
818.00	819.19
819.00	791.10
820.00	798.12
821.00	765.36
822.00	791.10
823.00	828.55
824.00	866.00
825.00	854.30
826.00	755.99
827.00	814.51
828.00	830.89
829.00	844.93
830.00	821.53
831.00	908.13
832.00	849.61
833.00	856.64
834.00	866.00
835.00	798.12
836.00	842.59
837.00	816.85
838.00	863.66
839.00	819.19
840.00	772.38
841.00	805.14
842.00	816.85
843.00	800.46
844.00	837.91
845.00	887.06
846.00	861.32
847.00	844.93
848.00	821.53
849.00	856.64
850.00	887.06
851.00	830.89
852.00	795.78
853.00	809.83
854.00	741.95
855.00	847.27
856.00	779.40
857.00	807.48
858.00	830.89
859.00	816.85
860.00	821.53
861.00	805.14
862.00	809.83
863.00	915.15
864.00	786.42
865.00	842.59
866.00	812.17
867.00	866.00
868.00	833.23
869.00	800.46
870.00	868.34
871.00	866.00
872.00	786.42
873.00	793.44
874.00	854.30
875.00	849.61
876.00	791.10
877.00	847.27
878.00	840.25
879.00	814.51
880.00	875.36
881.00	863.66
882.00	861.32
883.00	854.30
884.00	830.89
885.00	840.25
886.00	866.00
887.00	922.17
888.00	765.36
889.00	896.43
890.00	887.06
891.00	807.48
892.00	884.72
893.00	908.13
894.00	767.70
895.00	868.34
896.00	819.19
897.00	835.57
898.00	823.87
899.00	823.87
900.00	774.72
901.00	861.32
902.00	847.27
903.00	781.74
904.00	840.25
905.00	877.70
906.00	1011.11
907.00	983.02
908.00	938.55
909.00	889.40
910.00	896.43
911.00	908.13
912.00	997.07
913.00	1036.86
914.00	1018.13
915.00	919.83
916.00	926.85
917.00	877.70
918.00	887.06
919.00	910.47
920.00	828.55
921.00	777.06
922.00	826.21
923.00	875.36
924.00	840.25
925.00	828.55
926.00	784.08
927.00	777.06
928.00	784.08
929.00	812.17
930.00	854.30
931.00	779.40
932.00	788.76
933.00	903.45
934.00	861.32
935.00	821.53
936.00	882.38
937.00	856.64
938.00	786.42
939.00	805.14
940.00	833.23
941.00	833.23
942.00	837.91
943.00	858.98
944.00	877.70
945.00	922.17
946.00	1177.29
947.00	1621.99
948.00	2054.99
949.00	1703.91
950.00	1542.41
951.00	1345.81
952.00	1240.48
953.00	1165.59
954.00	997.07
955.00	816.85
956.00	791.10
957.00	851.96
958.00	856.64
959.00	814.51
960.00	823.87
961.00	828.55
962.00	889.40
963.00	807.48
964.00	882.38
965.00	800.46
966.00	842.59
967.00	877.70
968.00	833.23
969.00	833.23
970.00	809.83
971.00	793.44
972.00	882.38
973.00	812.17
974.00	854.30
975.00	812.17
976.00	772.38
977.00	933.87
978.00	835.57
979.00	791.10
980.00	842.59
981.00	802.80
982.00	898.77
983.00	828.55
984.00	858.98
985.00	821.53
986.00	828.55
987.00	772.38
988.00	873.02
989.00	915.15
990.00	837.91
991.00	784.08
992.00	851.96
993.00	763.01
994.00	828.55
995.00	805.14
996.00	873.02
997.00	887.06
998.00	828.55
999.00	788.76
1000.00	784.08
1001.00	851.96
1002.00	793.44
1003.00	777.06
1004.00	868.34
1005.00	844.93
1006.00	777.06
1007.00	786.42
1008.00	802.80
1009.00	793.44
1010.00	830.89
1011.00	919.83
1012.00	854.30
1013.00	844.93
1014.00	835.57
1015.00	887.06
1016.00	819.19
1017.00	770.04
1018.00	725.57
1019.00	835.57
1020.00	856.64
1021.00	889.40
1022.00	849.61
1023.00	884.72
1024.00	835.57
1025.00	826.21
1026.00	873.02
1027.00	828.55
1028.00	826.21
1029.00	835.57
1030.00	819.19
1031.00	828.55
1032.00	844.93
1033.00	823.87
1034.00	786.42
1035.00	812.17
1036.00	898.77
1037.00	840.25
1038.00	894.08
1039.00	814.51
1040.00	840.25
1041.00	861.32
1042.00	823.87
1043.00	805.14
1044.00	866.00
1045.00	882.38
1046.00	943.24
1047.00	884.72
1048.00	830.89
1049.00	798.12
1050.00	861.32
1051.00	875.36
1052.00	828.55
1053.00	765.36
1054.00	875.36
1055.00	812.17
1056.00	851.96
1057.00	774.72
1058.00	847.27
1059.00	847.27
1060.00	915.15
1061.00	856.64
1062.00	844.93
1063.00	807.48
1064.00	870.68
1065.00	779.40
1066.00	837.91
1067.00	805.14
1068.00	863.66
1069.00	814.51
1070.00	798.12
1071.00	847.27
1072.00	891.74
1073.00	770.04
1074.00	779.40
1075.00	833.23
1076.00	770.04
1077.00	903.45
1078.00	837.91
1079.00	945.58
1080.00	856.64
1081.00	866.00
1082.00	866.00
1083.00	795.78
1084.00	788.76
1085.00	746.63
1086.00	842.59
1087.00	795.78
1088.00	866.00
1089.00	795.78
1090.00	873.02
1091.00	840.25
1092.00	821.53
1093.00	809.83
1094.00	816.85
1095.00	781.74
1096.00	802.80
1097.00	781.74
1098.00	798.12
1099.00	763.01
1100.00	873.02
1101.00	833.23
1102.00	849.61
1103.00	830.89
1104.00	866.00
1105.00	868.34
1106.00	833.23
1107.00	861.32
1108.00	875.36
1109.00	847.27
1110.00	840.25
1111.00	837.91
1112.00	802.80
1113.00	833.23
1114.00	887.06
1115.00	849.61
1116.00	866.00
1117.00	849.61
1118.00	809.83
1119.00	875.36
1120.00	809.83
1121.00	889.40
1122.00	784.08
1123.00	868.34
1124.00	767.70
1125.00	903.45
1126.00	866.00
1127.00	720.88
1128.00	809.83
1129.00	819.19
1130.00	847.27
1131.00	800.46
1132.00	784.08
1133.00	816.85
1134.00	819.19
1135.00	856.64
1136.00	770.04
1137.00	877.70
1138.00	877.70
1139.00	805.14
1140.00	816.85
1141.00	814.51
1142.00	781.74
1143.00	807.48
1144.00	833.23
1145.00	774.72
1146.00	816.85
1147.00	856.64
1148.00	816.85
1149.00	901.11
1150.00	821.53
1151.00	802.80
1152.00	882.38
1153.00	816.85
1154.00	889.40
1155.00	840.25
1156.00	812.17
1157.00	903.45
1158.00	905.79
1159.00	910.47
1160.00	929.19
1161.00	814.51
1162.00	861.32
1163.00	863.66
1164.00	821.53
1165.00	882.38
1166.00	903.45
1167.00	1118.78
1168.00	1212.40
1169.00	1207.72
1170.00	1146.86
1171.00	1008.77
1172.00	985.37
1173.00	983.02
1174.00	887.06
1175.00	983.02
1176.00	889.40
1177.00	856.64
1178.00	901.11
1179.00	844.93
1180.00	887.06
1181.00	943.24
1182.00	861.32
1183.00	854.30
1184.00	868.34
1185.00	884.72
1186.00	898.77
1187.00	863.66
1188.00	931.53
1189.00	952.60
1190.00	990.05
1191.00	943.24
1192.00	1057.92
1193.00	983.02
1194.00	940.90
1195.00	978.34
1196.00	950.26
1197.00	987.71
1198.00	936.21
1199.00	929.19
1200.00	992.39
1201.00	980.68
1202.00	1163.25
1203.00	1203.04
1204.00	1235.80
1205.00	1090.69
1206.00	1146.86
1207.00	1001.75
1208.00	1015.79
1209.00	1013.45
1210.00	1067.28
1211.00	1043.88
1212.00	1048.56
1213.00	1100.05
1214.00	1093.03
1215.00	1238.14
1216.00	1296.66
1217.00	1380.92
1218.00	1558.80
1219.00	1806.89
1220.00	3243.98
1221.00	17942.55
1222.00	49631.06
1223.00	63718.74
1224.00	63023.61
1225.00	54923.01
1226.00	41167.68
1227.00	30981.67
1228.00	25460.35
1229.00	18523.00
1230.00	8840.20
1231.00	3822.09
1232.00	2139.25
1233.00	1678.16
1234.00	1462.83
1235.00	1355.17
1236.00	1240.48
1237.00	1284.95
1238.00	1196.01
1239.00	1511.99
1240.00	3122.27
1241.00	5458.13
1242.00	6527.75
1243.00	5607.92
1244.00	4299.56
1245.00	3246.32
1246.00	2740.77
1247.00	2478.63
1248.00	1767.10
1249.00	1301.34
1250.00	1013.45
1251.00	1020.47
1252.00	968.98
1253.00	961.96
1254.00	1013.45
1255.00	1069.62
1256.00	1011.11
1257.00	1025.15
1258.00	1025.15
1259.00	992.39
1260.00	966.64
1261.00	1020.47
1262.00	940.90
1263.00	1020.47
1264.00	929.19
1265.00	919.83
1266.00	954.94
1267.00	910.47
1268.00	908.13
1269.00	870.68
1270.00	961.96
1271.00	943.24
1272.00	915.15
1273.00	912.81
1274.00	891.74
1275.00	976.00
1276.00	933.87
1277.00	959.62
1278.00	1083.67
1279.00	2413.09
1280.00	5998.79
1281.00	10155.58
1282.00	11412.45
1283.00	8769.99
1284.00	6502.01
1285.00	4950.23
1286.00	4093.60
1287.00	3267.39
1288.00	2176.70
1289.00	1362.19
1290.00	1132.82
1291.00	1034.52
1292.00	950.26
1293.00	880.04
1294.00	945.58
1295.00	961.96
1296.00	884.72
1297.00	954.94
1298.00	990.05
1299.00	1703.91
1300.00	2513.74
1301.00	3215.90
1302.00	2925.67
1303.00	2298.41
1304.00	1923.92
1305.00	1685.19
1306.00	1561.14
1307.00	1254.53
1308.00	1057.92
1309.00	992.39
1310.00	983.02
1311.00	954.94
1312.00	968.98
1313.00	891.74
1314.00	795.78
1315.00	922.17
1316.00	851.96
1317.00	891.74
1318.00	814.51
1319.00	814.51
1320.00	868.34
1321.00	819.19
1322.00	788.76
1323.00	898.77
1324.00	891.74
1325.00	840.25
1326.00	896.43
1327.00	812.17
1328.00	821.53
1329.00	847.27
1330.00	898.77
1331.00	835.57
1332.00	884.72
1333.00	992.39
1334.00	1657.10
1335.00	2906.95
1336.00	3559.95
1337.00	3019.29
1338.00	2438.84
1339.00	2104.14
1340.00	1804.55
1341.00	1533.05
1342.00	1299.00
1343.00	1015.79
1344.00	896.43
1345.00	861.32
1346.00	896.43
1347.00	875.36
1348.00	842.59
1349.00	798.12
1350.00	863.66
1351.00	896.43
1352.00	851.96
1353.00	875.36
1354.00	877.70
1355.00	880.04
1356.00	898.77
1357.00	912.81
1358.00	959.62
1359.00	947.92
1360.00	929.19
1361.00	1107.07
1362.00	2235.21
1363.00	5497.92
1364.00	9011.06
1365.00	9514.28
1366.00	7499.08
1367.00	5476.85
1368.00	4276.16
1369.00	3552.93
1370.00	2796.94
1371.00	1811.57
1372.00	1373.89
1373.00	1109.41
1374.00	1100.05
1375.00	1231.12
1376.00	2881.20
1377.00	8437.63
1378.00	14953.68
1379.00	16879.94
1380.00	13181.90
1381.00	9392.57
1382.00	6913.94
1383.00	5734.31
1384.00	4475.10
1385.00	2810.98
1386.00	1629.01
1387.00	1156.22
1388.00	1081.33
1389.00	1069.62
1390.00	999.41
1391.00	870.68
1392.00	889.40
1393.00	992.39
1394.00	880.04
1395.00	924.51
1396.00	894.08
1397.00	983.02
1398.00	1095.37
1399.00	1296.66
1400.00	1327.08
1401.00	1277.93
1402.00	1217.08
1403.00	1224.10
1404.00	1273.25
1405.00	1247.51
1406.00	1998.82
1407.00	8016.33
1408.00	19222.82
1409.00	28027.92
1410.00	24524.13
1411.00	17881.69
1412.00	12351.01
1413.00	9544.70
1414.00	7651.21
1415.00	5198.33
1416.00	2567.57
1417.00	1605.61
1418.00	1231.12
1419.00	1174.95
1420.00	1916.90
1421.00	4159.13
1422.00	6612.01
1423.00	7178.42
1424.00	5811.55
1425.00	4189.56
1426.00	3344.63
1427.00	2586.29
1428.00	2246.91
1429.00	1586.88
1430.00	1090.69
1431.00	971.32
1432.00	971.32
1433.00	936.21
1434.00	957.28
1435.00	936.21
1436.00	968.98
1437.00	875.36
1438.00	830.89
1439.00	826.21
1440.00	873.02
1441.00	887.06
1442.00	898.77
1443.00	807.48
1444.00	880.04
1445.00	882.38
1446.00	802.80
1447.00	917.49
1448.00	908.13
1449.00	833.23
1450.00	814.51
1451.00	919.83
1452.00	887.06
1453.00	884.72
1454.00	908.13
1455.00	1219.42
1456.00	2401.39
1457.00	4053.81
1458.00	4706.82
1459.00	3992.95
1460.00	3052.06
1461.00	2310.11
1462.00	2010.52
1463.00	1720.29
1464.00	1411.34
1465.00	1046.22
1466.00	908.13
1467.00	779.40
1468.00	828.55
1469.00	744.29
1470.00	856.64
1471.00	819.19
1472.00	863.66
1473.00	889.40
1474.00	807.48
1475.00	880.04
1476.00	931.53
1477.00	898.77
1478.00	919.83
1479.00	849.61
1480.00	805.14
1481.00	844.93
1482.00	830.89
1483.00	882.38
1484.00	947.92
1485.00	1032.18
1486.00	976.00
1487.00	1238.14
1488.00	3609.11
1489.00	8919.78
1490.00	14127.47
1491.00	14134.50
1492.00	10296.02
1493.00	7585.68
1494.00	5591.54
1495.00	4681.07
1496.00	3236.96
1497.00	2008.18
1498.00	1224.10
1499.00	1046.22
1500.00	894.08
1501.00	877.70
1502.00	833.23
1503.00	882.38
1504.00	793.44
1505.00	844.93
1506.00	830.89
1507.00	889.40
1508.00	875.36
1509.00	833.23
1510.00	844.93
1511.00	889.40
1512.00	926.85
1513.00	1074.31
1514.00	2085.42
1515.00	3529.53
1516.00	4257.43
1517.00	3681.66
1518.00	2679.91
1519.00	2218.83
1520.00	1891.15
1521.00	1603.27
1522.00	1306.02
1523.00	1013.45
1524.00	917.49
1525.00	945.58
1526.00	873.02
1527.00	889.40
1528.00	863.66
1529.00	887.06
1530.00	903.45
1531.00	947.92
1532.00	997.07
1533.00	2015.20
1534.00	5242.80
1535.00	8926.80
1536.00	10441.13
1537.00	8098.25
1538.00	5743.67
1539.00	4404.89
1540.00	3522.51
1541.00	2853.11
1542.00	1961.37
1543.00	1287.29
1544.00	1022.81
1545.00	983.02
1546.00	826.21
1547.00	908.13
1548.00	945.58
1549.00	917.49
1550.00	896.43
1551.00	837.91
1552.00	866.00
1553.00	870.68
1554.00	887.06
1555.00	887.06
1556.00	863.66
1557.00	912.81
1558.00	863.66
1559.00	856.64
1560.00	924.51
1561.00	954.94
1562.00	950.26
1563.00	1004.09
1564.00	1011.11
1565.00	1336.45
1566.00	4339.35
1567.00	11260.32
1568.00	18001.06
1569.00	18183.62
1570.00	13207.64
1571.00	9486.19
1572.00	6913.94
1573.00	5750.70
1574.00	4142.75
1575.00	2523.10
1576.00	1659.44
1577.00	1394.96
1578.00	1699.23
1579.00	6347.53
1580.00	17397.20
1581.00	28453.89
1582.00	29277.76
1583.00	21120.99
1584.00	14630.69
1585.00	10920.94
1586.00	8695.09
1587.00	6087.73
1588.00	3288.45
1589.00	1865.41
1590.00	1261.55
1591.00	1032.18
1592.00	1025.15
1593.00	957.28
1594.00	922.17
1595.00	1034.52
1596.00	894.08
1597.00	938.55
1598.00	837.91
1599.00	840.25
1600.00	826.21
1601.00	812.17
1602.00	835.57
1603.00	894.08
1604.00	816.85
1605.00	819.19
1606.00	795.78
1607.00	800.46
1608.00	814.51
1609.00	880.04
1610.00	823.87
1611.00	847.27
1612.00	868.34
1613.00	739.61
1614.00	814.51
1615.00	833.23
1616.00	851.96
1617.00	821.53
1618.00	830.89
1619.00	812.17
1620.00	800.46
1621.00	891.74
1622.00	840.25
1623.00	814.51
1624.00	786.42
1625.00	849.61
1626.00	858.98
1627.00	866.00
1628.00	816.85
1629.00	812.17
1630.00	800.46
1631.00	812.17
1632.00	784.08
1633.00	819.19
1634.00	779.40
1635.00	833.23
1636.00	812.17
1637.00	837.91
1638.00	887.06
1639.00	844.93
1640.00	784.08
1641.00	849.61
1642.00	873.02
1643.00	861.32
1644.00	770.04
1645.00	922.17
1646.00	866.00
1647.00	870.68
1648.00	929.19
1649.00	1107.07
1650.00	2560.55
1651.00	7281.41
1652.00	13228.71
1653.00	15793.94
1654.00	12358.03
1655.00	8987.66
1656.00	6464.56
1657.00	5174.92
1658.00	3852.52
1659.00	2361.60
1660.00	1462.83
1661.00	1111.75
1662.00	1001.75
1663.00	880.04
1664.00	908.13
1665.00	873.02
1666.00	903.45
1667.00	924.51
1668.00	1181.97
1669.00	2684.59
1670.00	4578.09
1671.00	5664.10
1672.00	5104.71
1673.00	3864.22
1674.00	3028.65
1675.00	2370.96
1676.00	2022.22
1677.00	1439.43
1678.00	1086.01
1679.00	887.06
1680.00	896.43
1681.00	793.44
1682.00	840.25
1683.00	819.19
1684.00	772.38
1685.00	814.51
1686.00	837.91
1687.00	816.85
1688.00	828.55
1689.00	809.83
1690.00	826.21
1691.00	744.29
1692.00	786.42
1693.00	765.36
1694.00	681.10
1695.00	781.74
1696.00	816.85
1697.00	777.06
1698.00	784.08
1699.00	821.53
1700.00	830.89
1701.00	819.19
1702.00	842.59
1703.00	779.40
1704.00	828.55
1705.00	821.53
1706.00	826.21
1707.00	777.06
1708.00	805.14
1709.00	809.83
1710.00	758.33
1711.00	800.46
1712.00	809.83
1713.00	856.64
1714.00	1500.28
1715.00	3520.17
1716.00	6179.01
1717.00	8049.10
1718.00	6932.67
1719.00	5252.16
1720.00	3946.14
1721.00	3164.40
1722.00	2258.62
1723.00	1640.72
1724.00	1174.95
1725.00	952.60
1726.00	842.59
1727.00	868.34
1728.00	873.02
1729.00	861.32
1730.00	863.66
1731.00	835.57
1732.00	802.80
1733.00	842.59
1734.00	793.44
1735.00	866.00
1736.00	828.55
1737.00	807.48
1738.00	833.23
1739.00	760.67
1740.00	758.33
1741.00	772.38
1742.00	767.70
1743.00	800.46
1744.00	753.65
1745.00	791.10
1746.00	748.97
1747.00	741.95
1748.00	779.40
1749.00	842.59
1750.00	816.85
1751.00	835.57
1752.00	847.27
1753.00	800.46
1754.00	777.06
1755.00	849.61
1756.00	851.96
1757.00	819.19
1758.00	814.51
1759.00	819.19
1760.00	814.51
1761.00	823.87
1762.00	793.44
1763.00	866.00
1764.00	901.11
1765.00	856.64
1766.00	922.17
1767.00	901.11
1768.00	950.26
1769.00	1029.84
1770.00	2108.82
1771.00	5846.66
1772.00	10593.26
1773.00	13820.86
1774.00	11850.13
1775.00	8641.26
1776.00	6504.35
1777.00	4655.33
1778.00	3075.46
1779.00	1881.79
1780.00	1392.62
1781.00	1174.95
1782.00	933.87
1783.00	924.51
1784.00	891.74
1785.00	922.17
1786.00	903.45
1787.00	854.30
1788.00	887.06
1789.00	863.66
1790.00	819.19
1791.00	821.53
1792.00	828.55
1793.00	763.01
1794.00	884.72
1795.00	856.64
1796.00	919.83
1797.00	1083.67
1798.00	2242.23
1799.00	5004.07
1800.00	7833.77
1801.00	8760.63
1802.00	7052.03
1803.00	5387.91
1804.00	3822.09
1805.00	2530.12
1806.00	1750.72
1807.00	1324.74
1808.00	1137.50
1809.00	926.85
1810.00	891.74
1811.00	819.19
1812.00	833.23
1813.00	830.89
1814.00	823.87
1815.00	814.51
1816.00	734.93
1817.00	830.89
1818.00	793.44
1819.00	788.76
1820.00	800.46
1821.00	741.95
1822.00	720.88
1823.00	809.83
1824.00	807.48
1825.00	877.70
1826.00	894.08
1827.00	823.87
1828.00	877.70
1829.00	844.93
1830.00	781.74
1831.00	788.76
1832.00	786.42
1833.00	774.72
1834.00	826.21
1835.00	786.42
1836.00	763.01
1837.00	830.89
1838.00	753.65
1839.00	727.91
1840.00	819.19
1841.00	828.55
1842.00	833.23
1843.00	805.14
1844.00	760.67
1845.00	791.10
1846.00	826.21
1847.00	830.89
1848.00	748.97
1849.00	791.10
1850.00	763.01
1851.00	809.83
1852.00	791.10
1853.00	725.57
1854.00	723.23
1855.00	758.33
1856.00	748.97
1857.00	751.31
1858.00	767.70
1859.00	791.10
1860.00	737.27
1861.00	842.59
1862.00	844.93
1863.00	777.06
1864.00	807.48
1865.00	772.38
1866.00	732.59
1867.00	748.97
1868.00	772.38
1869.00	816.85
1870.00	732.59
1871.00	856.64
1872.00	800.46
1873.00	807.48
1874.00	748.97
1875.00	779.40
1876.00	798.12
1877.00	683.44
1878.00	781.74
1879.00	777.06
1880.00	833.23
1881.00	784.08
1882.00	779.40
1883.00	788.76
1884.00	746.63
1885.00	858.98
1886.00	800.46
1887.00	800.46
1888.00	816.85
1889.00	802.80
1890.00	781.74
1891.00	770.04
1892.00	805.14
1893.00	753.65
1894.00	753.65
1895.00	763.01
1896.00	777.06
1897.00	772.38
1898.00	767.70
1899.00	760.67
1900.00	830.89
1901.00	816.85
1902.00	746.63
1903.00	830.89
1904.00	814.51
1905.00	753.65
1906.00	812.17
1907.00	786.42
1908.00	777.06
1909.00	809.83
1910.00	739.61
1911.00	697.48
1912.00	854.30
1913.00	880.04
1914.00	894.08
1915.00	788.76
1916.00	802.80
1917.00	774.72
1918.00	800.46
1919.00	828.55
1920.00	788.76
1921.00	830.89
1922.00	746.63
1923.00	821.53
1924.00	755.99
1925.00	765.36
1926.00	765.36
1927.00	758.33
1928.00	777.06
1929.00	784.08
1930.00	795.78
1931.00	800.46
1932.00	732.59
1933.00	854.30
1934.00	748.97
1935.00	795.78
1936.00	730.25
1937.00	791.10
1938.00	758.33
1939.00	723.23
1940.00	819.19
1941.00	732.59
1942.00	765.36
1943.00	753.65
1944.00	741.95
1945.00	781.74
1946.00	826.21
1947.00	774.72
1948.00	739.61
1949.00	784.08
1950.00	774.72
1951.00	844.93
1952.00	985.37
1953.00	2129.89
1954.00	4554.68
1955.00	6970.12
1956.00	7655.89
1957.00	5713.25
1958.00	3646.55
1959.00	2317.13
1960.00	1596.25
1961.00	1308.36
1962.00	1053.24
1963.00	901.11
1964.00	915.15
1965.00	858.98
1966.00	772.38
1967.00	809.83
1968.00	781.74
1969.00	795.78
1970.00	753.65
1971.00	772.38
1972.00	800.46
1973.00	802.80
1974.00	765.36
1975.00	805.14
1976.00	800.46
1977.00	835.57
1978.00	830.89
1979.00	854.30
1980.00	819.19
1981.00	1041.54
1982.00	1114.10
1983.00	1121.12
1984.00	1053.24
1985.00	990.05
1986.00	887.06
1987.00	772.38
1988.00	844.93
1989.00	755.99
1990.00	688.12
1991.00	725.57
1992.00	709.18
1993.00	760.67
1994.00	734.93
1995.00	744.29
1996.00	777.06
1997.00	760.67
1998.00	716.20
1999.00	767.70
2000.00	814.51
2001.00	753.65
2002.00	802.80
2003.00	847.27
2004.00	821.53
2005.00	753.65
2006.00	781.74
2007.00	755.99
2008.00	746.63
2009.00	763.01
2010.00	800.46
2011.00	697.48
2012.00	807.48
2013.00	784.08
2014.00	826.21
2015.00	784.08
2016.00	795.78
2017.00	863.66
2018.00	819.19
2019.00	758.33
2020.00	814.51
2021.00	772.38
2022.00	851.96
2023.00	884.72
2024.00	898.77
2025.00	1018.13
2026.00	1093.03
2027.00	1203.04
2028.00	1191.33
2029.00	1142.18
2030.00	2188.40
2031.00	6303.06
2032.00	11501.39
2033.00	15103.48
2034.00	13380.84
2035.00	9224.05
2036.00	5991.77
2037.00	3822.09
2038.00	2581.61
2039.00	1692.21
2040.00	1280.27
2041.00	990.05
2042.00	919.83
2043.00	880.04
2044.00	814.51
2045.00	854.30
2046.00	758.33
2047.00	866.00
