0.00	709.18
1.00	709.18
2.00	709.18
3.00	557.05
4.00	545.34
5.00	641.31
6.00	578.11
7.00	578.11
8.00	533.64
9.00	510.24
10.00	568.75
11.00	657.69
12.00	608.54
13.00	528.96
14.00	575.77
15.00	592.16
16.00	575.77
17.00	561.73
18.00	601.52
19.00	603.86
20.00	531.30
21.00	545.34
22.00	653.01
23.00	631.94
24.00	657.69
25.00	690.46
26.00	748.97
27.00	748.97
28.00	674.07
29.00	660.03
30.00	777.06
31.00	653.01
32.00	711.52
33.00	685.78
34.00	746.63
35.00	751.31
36.00	720.88
37.00	748.97
38.00	681.10
39.00	653.01
40.00	688.12
41.00	753.65
42.00	739.61
43.00	711.52
44.00	683.44
45.00	770.04
46.00	723.23
47.00	723.23
48.00	821.53
49.00	727.91
50.00	786.42
51.00	744.29
52.00	777.06
53.00	781.74
54.00	791.10
55.00	730.25
56.00	746.63
57.00	828.55
58.00	716.20
59.00	727.91
60.00	774.72
61.00	772.38
62.00	718.54
63.00	711.52
64.00	755.99
65.00	706.84
66.00	741.95
67.00	737.27
68.00	732.59
69.00	725.57
70.00	711.52
71.00	741.95
72.00	697.48
73.00	751.31
74.00	688.12
75.00	704.50
76.00	791.10
77.00	777.06
78.00	723.23
79.00	734.93
80.00	760.67
81.00	634.29
82.00	746.63
83.00	763.01
84.00	667.05
85.00	767.70
86.00	758.33
87.00	720.88
88.00	671.73
89.00	716.20
90.00	737.27
91.00	744.29
92.00	739.61
93.00	767.70
94.00	718.54
95.00	730.25
96.00	746.63
97.00	732.59
98.00	704.50
99.00	709.18
100.00	737.27
101.00	739.61
102.00	734.93
103.00	716.20
104.00	798.12
105.00	795.78
106.00	711.52
107.00	674.07
108.00	709.18
109.00	683.44
110.00	737.27
111.00	751.31
112.00	688.12
113.00	681.10
114.00	753.65
115.00	704.50
116.00	697.48
117.00	823.87
118.00	774.72
119.00	760.67
120.00	784.08
121.00	706.84
122.00	730.25
123.00	741.95
124.00	718.54
125.00	704.50
126.00	746.63
127.00	734.93
128.00	746.63
129.00	772.38
130.00	702.16
131.00	741.95
132.00	711.52
133.00	655.35
134.00	755.99
135.00	734.93
136.00	772.38
137.00	730.25
138.00	760.67
139.00	702.16
140.00	765.36
141.00	697.48
142.00	697.48
143.00	727.91
144.00	636.63
145.00	753.65
146.00	744.29
147.00	767.70
148.00	784.08
149.00	753.65
150.00	753.65
151.00	706.84
152.00	704.50
153.00	753.65
154.00	755.99
155.00	744.29
156.00	784.08
157.00	713.86
158.00	748.97
159.00	723.23
160.00	741.95
161.00	723.23
162.00	730.25
163.00	688.12
164.00	685.78
165.00	725.57
166.00	704.50
167.00	805.14
168.00	748.97
169.00	709.18
170.00	779.40
171.00	767.70
172.00	763.01
173.00	763.01
174.00	730.25
175.00	765.36
176.00	767.70
177.00	793.44
178.00	793.44
179.00	767.70
180.00	755.99
181.00	755.99
182.00	739.61
183.00	636.63
184.00	763.01
185.00	713.86
186.00	753.65
187.00	725.57
188.00	758.33
189.00	674.07
190.00	678.76
191.00	713.86
192.00	770.04
193.00	704.50
194.00	667.05
195.00	760.67
196.00	763.01
197.00	734.93
198.00	746.63
199.00	688.12
200.00	744.29
201.00	763.01
202.00	748.97
203.00	697.48
204.00	760.67
205.00	739.61
206.00	723.23
207.00	741.95
208.00	763.01
209.00	716.20
210.00	746.63
211.00	725.57
212.00	692.80
213.00	739.61
214.00	669.39
215.00	823.87
216.00	737.27
217.00	758.33
218.00	765.36
219.00	699.82
220.00	669.39
221.00	760.67
222.00	732.59
223.00	702.16
224.00	793.44
225.00	763.01
226.00	777.06
227.00	709.18
228.00	697.48
229.00	765.36
230.00	692.80
231.00	751.31
232.00	842.59
233.00	732.59
234.00	741.95
235.00	727.91
236.00	725.57
237.00	718.54
238.00	791.10
239.00	730.25
240.00	737.27
241.00	748.97
242.00	774.72
243.00	763.01
244.00	763.01
245.00	821.53
246.00	758.33
247.00	725.57
248.00	793.44
249.00	720.88
250.00	774.72
251.00	744.29
252.00	746.63
253.00	732.59
254.00	772.38
255.00	711.52
256.00	777.06
257.00	758.33
258.00	734.93
259.00	777.06
260.00	753.65
261.00	709.18
262.00	713.86
263.00	692.80
264.00	660.03
265.00	816.85
266.00	767.70
267.00	819.19
268.00	791.10
269.00	763.01
270.00	744.29
271.00	828.55
272.00	805.14
273.00	882.38
274.00	828.55
275.00	870.68
276.00	826.21
277.00	753.65
278.00	781.74
279.00	763.01
280.00	795.78
281.00	779.40
282.00	870.68
283.00	830.89
284.00	723.23
285.00	725.57
286.00	676.41
287.00	706.84
288.00	786.42
289.00	793.44
290.00	751.31
291.00	716.20
292.00	688.12
293.00	744.29
294.00	763.01
295.00	683.44
296.00	739.61
297.00	812.17
298.00	720.88
299.00	664.71
300.00	734.93
301.00	704.50
302.00	688.12
303.00	725.57
304.00	690.46
305.00	732.59
306.00	716.20
307.00	758.33
308.00	812.17
309.00	819.19
310.00	751.31
311.00	875.36
312.00	798.12
313.00	788.76
314.00	851.96
315.00	763.01
316.00	784.08
317.00	723.23
318.00	746.63
319.00	718.54
320.00	711.52
321.00	755.99
322.00	732.59
323.00	805.14
324.00	678.76
325.00	718.54
326.00	821.53
327.00	758.33
328.00	741.95
329.00	770.04
330.00	723.23
331.00	713.86
332.00	730.25
333.00	643.65
334.00	748.97
335.00	730.25
336.00	678.76
337.00	758.33
338.00	746.63
339.00	690.46
340.00	718.54
341.00	777.06
342.00	720.88
343.00	706.84
344.00	746.63
345.00	784.08
346.00	751.31
347.00	770.04
348.00	849.61
349.00	889.40
350.00	833.23
351.00	844.93
352.00	802.80
353.00	774.72
354.00	770.04
355.00	711.52
356.00	732.59
357.00	767.70
358.00	753.65
359.00	765.36
360.00	758.33
361.00	770.04
362.00	716.20
363.00	711.52
364.00	718.54
365.00	809.83
366.00	746.63
367.00	758.33
368.00	746.63
369.00	706.84
370.00	767.70
371.00	741.95
372.00	744.29
373.00	746.63
374.00	802.80
375.00	760.67
376.00	725.57
377.00	767.70
378.00	777.06
379.00	695.14
380.00	704.50
381.00	770.04
382.00	727.91
383.00	709.18
384.00	697.48
385.00	664.71
386.00	723.23
387.00	767.70
388.00	690.46
389.00	758.33
390.00	746.63
391.00	741.95
392.00	676.41
393.00	636.63
394.00	734.93
395.00	725.57
396.00	723.23
397.00	861.32
398.00	760.67
399.00	720.88
400.00	702.16
401.00	725.57
402.00	774.72
403.00	655.35
404.00	840.25
405.00	763.01
406.00	711.52
407.00	770.04
408.00	816.85
409.00	770.04
410.00	739.61
411.00	767.70
412.00	781.74
413.00	744.29
414.00	755.99
415.00	688.12
416.00	744.29
417.00	678.76
418.00	702.16
419.00	744.29
420.00	711.52
421.00	744.29
422.00	812.17
423.00	819.19
424.00	786.42
425.00	763.01
426.00	770.04
427.00	753.65
428.00	730.25
429.00	760.67
430.00	777.06
431.00	685.78
432.00	748.97
433.00	702.16
434.00	788.76
435.00	681.10
436.00	748.97
437.00	699.82
438.00	723.23
439.00	751.31
440.00	781.74
441.00	737.27
442.00	784.08
443.00	758.33
444.00	758.33
445.00	821.53
446.00	758.33
447.00	772.38
448.00	744.29
449.00	676.41
450.00	793.44
451.00	706.84
452.00	763.01
453.00	753.65
454.00	814.51
455.00	723.23
456.00	746.63
457.00	795.78
458.00	777.06
459.00	777.06
460.00	765.36
461.00	739.61
462.00	763.01
463.00	744.29
464.00	725.57
465.00	746.63
466.00	744.29
467.00	798.12
468.00	784.08
469.00	758.33
470.00	777.06
471.00	727.91
472.00	786.42
473.00	716.20
474.00	739.61
475.00	751.31
476.00	674.07
477.00	763.01
478.00	664.71
479.00	767.70
480.00	770.04
481.00	702.16
482.00	734.93
483.00	779.40
484.00	809.83
485.00	688.12
486.00	777.06
487.00	812.17
488.00	725.57
489.00	788.76
490.00	730.25
491.00	798.12
492.00	812.17
493.00	784.08
494.00	737.27
495.00	727.91
496.00	653.01
497.00	669.39
498.00	716.20
499.00	774.72
500.00	681.10
501.00	812.17
502.00	781.74
503.00	755.99
504.00	699.82
505.00	772.38
506.00	753.65
507.00	788.76
508.00	744.29
509.00	807.48
510.00	720.88
511.00	833.23
512.00	716.20
513.00	781.74
514.00	718.54
515.00	711.52
516.00	748.97
517.00	767.70
518.00	774.72
519.00	777.06
520.00	774.72
521.00	816.85
522.00	709.18
523.00	713.86
524.00	753.65
525.00	763.01
526.00	821.53
527.00	732.59
528.00	753.65
529.00	753.65
530.00	699.82
531.00	844.93
532.00	650.67
533.00	800.46
534.00	755.99
535.00	702.16
536.00	826.21
537.00	751.31
538.00	807.48
539.00	718.54
540.00	763.01
541.00	709.18
542.00	748.97
543.00	718.54
544.00	800.46
545.00	730.25
546.00	725.57
547.00	739.61
548.00	800.46
549.00	725.57
550.00	746.63
551.00	744.29
552.00	770.04
553.00	755.99
554.00	725.57
555.00	774.72
556.00	772.38
557.00	763.01
558.00	755.99
559.00	730.25
560.00	751.31
561.00	767.70
562.00	737.27
563.00	730.25
564.00	777.06
565.00	744.29
566.00	730.25
567.00	734.93
568.00	737.27
569.00	746.63
570.00	683.44
571.00	730.25
572.00	767.70
573.00	692.80
574.00	800.46
575.00	767.70
576.00	760.67
577.00	802.80
578.00	739.61
579.00	741.95
580.00	720.88
581.00	655.35
582.00	793.44
583.00	688.12
584.00	814.51
585.00	784.08
586.00	802.80
587.00	748.97
588.00	725.57
589.00	767.70
590.00	725.57
591.00	704.50
592.00	755.99
593.00	781.74
594.00	734.93
595.00	770.04
596.00	725.57
597.00	688.12
598.00	767.70
599.00	819.19
600.00	758.33
601.00	772.38
602.00	718.54
603.00	620.24
604.00	793.44
605.00	777.06
606.00	648.33
607.00	873.02
608.00	767.70
609.00	692.80
610.00	753.65
611.00	741.95
612.00	730.25
613.00	760.67
614.00	725.57
615.00	781.74
616.00	723.23
617.00	692.80
618.00	704.50
619.00	732.59
620.00	713.86
621.00	727.91
622.00	784.08
623.00	802.80
624.00	727.91
625.00	706.84
626.00	779.40
627.00	730.25
628.00	786.42
629.00	767.70
630.00	802.80
631.00	671.73
632.00	748.97
633.00	713.86
634.00	791.10
635.00	739.61
636.00	695.14
637.00	748.97
638.00	723.23
639.00	741.95
640.00	795.78
641.00	685.78
642.00	685.78
643.00	751.31
644.00	711.52
645.00	765.36
646.00	753.65
647.00	734.93
648.00	751.31
649.00	755.99
650.00	772.38
651.00	713.86
652.00	746.63
653.00	748.97
654.00	793.44
655.00	772.38
656.00	837.91
657.00	809.83
658.00	727.91
659.00	753.65
660.00	770.04
661.00	772.38
662.00	702.16
663.00	774.72
664.00	734.93
665.00	734.93
666.00	746.63
667.00	767.70
668.00	758.33
669.00	713.86
670.00	723.23
671.00	760.67
672.00	699.82
673.00	751.31
674.00	809.83
675.00	767.70
676.00	784.08
677.00	720.88
678.00	730.25
679.00	746.63
680.00	772.38
681.00	807.48
682.00	739.61
683.00	755.99
684.00	699.82
685.00	723.23
686.00	755.99
687.00	798.12
688.00	709.18
689.00	777.06
690.00	795.78
691.00	805.14
692.00	751.31
693.00	760.67
694.00	774.72
695.00	723.23
696.00	732.59
697.00	770.04
698.00	812.17
699.00	748.97
700.00	786.42
701.00	695.14
702.00	863.66
703.00	835.57
704.00	809.83
705.00	791.10
706.00	690.46
707.00	732.59
708.00	685.78
709.00	734.93
710.00	730.25
711.00	758.33
712.00	774.72
713.00	753.65
714.00	702.16
715.00	746.63
716.00	858.98
717.00	777.06
718.00	765.36
719.00	765.36
720.00	741.95
721.00	763.01
722.00	784.08
723.00	709.18
724.00	800.46
725.00	732.59
726.00	755.99
727.00	739.61
728.00	760.67
729.00	770.04
730.00	772.38
731.00	662.37
732.00	676.41
733.00	791.10
734.00	795.78
735.00	730.25
736.00	711.52
737.00	781.74
738.00	793.44
739.00	781.74
740.00	763.01
741.00	716.20
742.00	816.85
743.00	784.08
744.00	788.76
745.00	758.33
746.00	751.31
747.00	732.59
748.00	793.44
749.00	765.36
750.00	720.88
751.00	748.97
752.00	690.46
753.00	734.93
754.00	709.18
755.00	753.65
756.00	699.82
757.00	793.44
758.00	753.65
759.00	748.97
760.00	704.50
761.00	791.10
762.00	779.40
763.00	770.04
764.00	662.37
765.00	819.19
766.00	732.59
767.00	760.67
768.00	793.44
769.00	711.52
770.00	727.91
771.00	734.93
772.00	720.88
773.00	791.10
774.00	737.27
775.00	788.76
776.00	746.63
777.00	732.59
778.00	748.97
779.00	767.70
780.00	753.65
781.00	751.31
782.00	802.80
783.00	767.70
784.00	791.10
785.00	819.19
786.00	746.63
787.00	732.59
788.00	802.80
789.00	678.76
790.00	711.52
791.00	800.46
792.00	791.10
793.00	758.33
794.00	704.50
795.00	730.25
796.00	816.85
797.00	741.95
798.00	732.59
799.00	814.51
800.00	758.33
801.00	744.29
802.00	744.29
803.00	786.42
804.00	809.83
805.00	770.04
806.00	760.67
807.00	791.10
808.00	774.72
809.00	823.87
810.00	763.01
811.00	774.72
812.00	744.29
813.00	692.80
814.00	725.57
815.00	758.33
816.00	755.99
817.00	758.33
818.00	739.61
819.00	706.84
820.00	713.86
821.00	758.33
822.00	809.83
823.00	784.08
824.00	763.01
825.00	739.61
826.00	788.76
827.00	732.59
828.00	753.65
829.00	791.10
830.00	784.08
831.00	767.70
832.00	770.04
833.00	744.29
834.00	774.72
835.00	758.33
836.00	821.53
837.00	807.48
838.00	807.48
839.00	699.82
840.00	751.31
841.00	767.70
842.00	777.06
843.00	713.86
844.00	737.27
845.00	760.67
846.00	758.33
847.00	781.74
848.00	840.25
849.00	772.38
850.00	777.06
851.00	788.76
852.00	725.57
853.00	753.65
854.00	763.01
855.00	725.57
856.00	732.59
857.00	720.88
858.00	704.50
859.00	767.70
860.00	739.61
861.00	732.59
862.00	798.12
863.00	760.67
864.00	807.48
865.00	674.07
866.00	732.59
867.00	713.86
868.00	734.93
869.00	807.48
870.00	702.16
871.00	681.10
872.00	751.31
873.00	774.72
874.00	758.33
875.00	856.64
876.00	767.70
877.00	807.48
878.00	741.95
879.00	777.06
880.00	744.29
881.00	732.59
882.00	767.70
883.00	730.25
884.00	753.65
885.00	765.36
886.00	837.91
887.00	812.17
888.00	779.40
889.00	730.25
890.00	807.48
891.00	697.48
892.00	767.70
893.00	819.19
894.00	727.91
895.00	800.46
896.00	753.65
897.00	760.67
898.00	739.61
899.00	727.91
900.00	725.57
901.00	723.23
902.00	737.27
903.00	805.14
904.00	767.70
905.00	755.99
906.00	866.00
907.00	912.81
908.00	901.11
909.00	779.40
910.00	847.27
911.00	795.78
912.00	849.61
913.00	903.45
914.00	861.32
915.00	835.57
916.00	835.57
917.00	861.32
918.00	800.46
919.00	798.12
920.00	835.57
921.00	746.63
922.00	727.91
923.00	732.59
924.00	763.01
925.00	791.10
926.00	786.42
927.00	730.25
928.00	826.21
929.00	795.78
930.00	744.29
931.00	732.59
932.00	784.08
933.00	784.08
934.00	770.04
935.00	791.10
936.00	809.83
937.00	741.95
938.00	697.48
939.00	727.91
940.00	741.95
941.00	781.74
942.00	786.42
943.00	751.31
944.00	800.46
945.00	741.95
946.00	1039.20
947.00	1502.62
948.00	1970.73
949.00	1727.32
950.00	1453.47
951.00	1338.79
952.00	1153.88
953.00	1074.31
954.00	896.43
955.00	833.23
956.00	746.63
957.00	786.42
958.00	695.14
959.00	774.72
960.00	725.57
961.00	720.88
962.00	800.46
963.00	833.23
964.00	730.25
965.00	809.83
966.00	793.44
967.00	793.44
968.00	702.16
969.00	706.84
970.00	720.88
971.00	777.06
972.00	725.57
973.00	781.74
974.00	819.19
975.00	716.20
976.00	725.57
977.00	772.38
978.00	784.08
979.00	767.70
980.00	702.16
981.00	753.65
982.00	784.08
983.00	748.97
984.00	791.10
985.00	711.52
986.00	744.29
987.00	781.74
988.00	786.42
989.00	716.20
990.00	765.36
991.00	786.42
992.00	744.29
993.00	720.88
994.00	767.70
995.00	791.10
996.00	786.42
997.00	720.88
998.00	744.29
999.00	732.59
1000.00	772.38
1001.00	777.06
1002.00	737.27
1003.00	809.83
1004.00	779.40
1005.00	758.33
1006.00	784.08
1007.00	718.54
1008.00	704.50
1009.00	727.91
1010.00	826.21
1011.00	866.00
1012.00	709.18
1013.00	753.65
1014.00	751.31
1015.00	793.44
1016.00	741.95
1017.00	772.38
1018.00	763.01
1019.00	716.20
1020.00	849.61
1021.00	760.67
1022.00	730.25
1023.00	791.10
1024.00	695.14
1025.00	772.38
1026.00	779.40
1027.00	763.01
1028.00	802.80
1029.00	779.40
1030.00	802.80
1031.00	793.44
1032.00	793.44
1033.00	802.80
1034.00	805.14
1035.00	767.70
1036.00	807.48
1037.00	800.46
1038.00	674.07
1039.00	720.88
1040.00	697.48
1041.00	805.14
1042.00	791.10
1043.00	786.42
1044.00	798.12
1045.00	784.08
1046.00	924.51
1047.00	858.98
1048.00	763.01
1049.00	772.38
1050.00	784.08
1051.00	725.57
1052.00	763.01
1053.00	767.70
1054.00	795.78
1055.00	837.91
1056.00	777.06
1057.00	676.41
1058.00	765.36
1059.00	767.70
1060.00	786.42
1061.00	858.98
1062.00	683.44
1063.00	821.53
1064.00	807.48
1065.00	866.00
1066.00	732.59
1067.00	805.14
1068.00	755.99
1069.00	814.51
1070.00	800.46
1071.00	734.93
1072.00	770.04
1073.00	758.33
1074.00	662.37
1075.00	814.51
1076.00	755.99
1077.00	660.03
1078.00	763.01
1079.00	709.18
1080.00	809.83
1081.00	793.44
1082.00	755.99
1083.00	795.78
1084.00	814.51
1085.00	809.83
1086.00	685.78
1087.00	765.36
1088.00	739.61
1089.00	699.82
1090.00	795.78
1091.00	739.61
1092.00	697.48
1093.00	763.01
1094.00	842.59
1095.00	760.67
1096.00	774.72
1097.00	704.50
1098.00	830.89
1099.00	821.53
1100.00	837.91
1101.00	814.51
1102.00	821.53
1103.00	823.87
1104.00	753.65
1105.00	795.78
1106.00	807.48
1107.00	755.99
1108.00	823.87
1109.00	784.08
1110.00	737.27
1111.00	816.85
1112.00	695.14
1113.00	763.01
1114.00	671.73
1115.00	767.70
1116.00	760.67
1117.00	770.04
1118.00	718.54
1119.00	805.14
1120.00	786.42
1121.00	791.10
1122.00	758.33
1123.00	837.91
1124.00	734.93
1125.00	826.21
1126.00	744.29
1127.00	744.29
1128.00	770.04
1129.00	734.93
1130.00	744.29
1131.00	720.88
1132.00	781.74
1133.00	798.12
1134.00	746.63
1135.00	765.36
1136.00	723.23
1137.00	814.51
1138.00	786.42
1139.00	744.29
1140.00	828.55
1141.00	819.19
1142.00	777.06
1143.00	744.29
1144.00	690.46
1145.00	788.76
1146.00	765.36
1147.00	779.40
1148.00	905.79
1149.00	765.36
1150.00	767.70
1151.00	788.76
1152.00	777.06
1153.00	795.78
1154.00	805.14
1155.00	805.14
1156.00	793.44
1157.00	842.59
1158.00	826.21
1159.00	828.55
1160.00	837.91
1161.00	863.66
1162.00	844.93
1163.00	847.27
1164.00	791.10
1165.00	786.42
1166.00	896.43
1167.00	1083.67
1168.00	1174.95
1169.00	1196.01
1170.00	1196.01
1171.00	971.32
1172.00	1034.52
1173.00	915.15
1174.00	896.43
1175.00	837.91
1176.00	807.48
1177.00	809.83
1178.00	814.51
1179.00	830.89
1180.00	905.79
1181.00	772.38
1182.00	821.53
1183.00	741.95
1184.00	767.70
1185.00	828.55
1186.00	760.67
1187.00	830.89
1188.00	833.23
1189.00	861.32
1190.00	880.04
1191.00	866.00
1192.00	966.64
1193.00	847.27
1194.00	894.08
1195.00	894.08
1196.00	873.02
1197.00	847.27
1198.00	851.96
1199.00	896.43
1200.00	915.15
1201.00	943.24
1202.00	1046.22
1203.00	1093.03
1204.00	1107.07
1205.00	1004.09
1206.00	1041.54
1207.00	978.34
1208.00	1027.50
1209.00	954.94
1210.00	1001.75
1211.00	968.98
1212.00	971.32
1213.00	1095.37
1214.00	1062.60
1215.00	1121.12
1216.00	1219.42
1217.00	1320.06
1218.00	1465.18
1219.00	1781.15
1220.00	3199.51
1221.00	17607.85
1222.00	49560.84
1223.00	64088.55
1224.00	63571.29
1225.00	55276.43
1226.00	41677.92
1227.00	31299.98
1228.00	25343.32
1229.00	18448.10
1230.00	8732.54
1231.00	3644.21
1232.00	2090.10
1233.00	1603.27
1234.00	1416.02
1235.00	1357.51
1236.00	1233.46
1237.00	1165.59
1238.00	1093.03
1239.00	1439.43
1240.00	3183.13
1241.00	5350.46
1242.00	6761.81
1243.00	5731.97
1244.00	4187.22
1245.00	3269.73
1246.00	2731.41
1247.00	2342.88
1248.00	1771.79
1249.00	1151.54
1250.00	983.02
1251.00	973.66
1252.00	929.19
1253.00	990.05
1254.00	1029.84
1255.00	1004.09
1256.00	1057.92
1257.00	1064.94
1258.00	945.58
1259.00	961.96
1260.00	936.21
1261.00	858.98
1262.00	957.28
1263.00	844.93
1264.00	936.21
1265.00	849.61
1266.00	873.02
1267.00	868.34
1268.00	880.04
1269.00	816.85
1270.00	891.74
1271.00	917.49
1272.00	854.30
1273.00	823.87
1274.00	786.42
1275.00	795.78
1276.00	842.59
1277.00	866.00
1278.00	1008.77
1279.00	2195.42
1280.00	5795.17
1281.00	10335.81
1282.00	11569.27
1283.00	8875.31
1284.00	6431.79
1285.00	4849.59
1286.00	4028.06
1287.00	3297.81
1288.00	2132.23
1289.00	1306.02
1290.00	999.41
1291.00	915.15
1292.00	833.23
1293.00	873.02
1294.00	877.70
1295.00	957.28
1296.00	1001.75
1297.00	882.38
1298.00	985.37
1299.00	1556.46
1300.00	2579.27
1301.00	3103.55
1302.00	2911.63
1303.00	2366.28
1304.00	1813.92
1305.00	1657.10
1306.00	1434.75
1307.00	1284.95
1308.00	1034.52
1309.00	870.68
1310.00	924.51
1311.00	851.96
1312.00	851.96
1313.00	870.68
1314.00	849.61
1315.00	812.17
1316.00	779.40
1317.00	882.38
1318.00	882.38
1319.00	851.96
1320.00	798.12
1321.00	805.14
1322.00	800.46
1323.00	774.72
1324.00	758.33
1325.00	753.65
1326.00	763.01
1327.00	809.83
1328.00	791.10
1329.00	842.59
1330.00	753.65
1331.00	814.51
1332.00	837.91
1333.00	922.17
1334.00	1617.31
1335.00	2839.07
1336.00	3489.74
1337.00	3021.63
1338.00	2359.26
1339.00	1952.01
1340.00	1659.44
1341.00	1500.28
1342.00	1294.32
1343.00	1025.15
1344.00	849.61
1345.00	912.81
1346.00	870.68
1347.00	826.21
1348.00	823.87
1349.00	809.83
1350.00	765.36
1351.00	802.80
1352.00	835.57
1353.00	842.59
1354.00	873.02
1355.00	882.38
1356.00	835.57
1357.00	870.68
1358.00	858.98
1359.00	866.00
1360.00	868.34
1361.00	1022.81
1362.00	2179.04
1363.00	5376.21
1364.00	9048.51
1365.00	9715.56
1366.00	7653.55
1367.00	5518.98
1368.00	4180.20
1369.00	3515.48
1370.00	2843.75
1371.00	1827.96
1372.00	1228.78
1373.00	1029.84
1374.00	1060.26
1375.00	1125.80
1376.00	2874.18
1377.00	8306.56
1378.00	15000.49
1379.00	17427.63
1380.00	13343.39
1381.00	9591.52
1382.00	6869.47
1383.00	5607.92
1384.00	4339.35
1385.00	2682.25
1386.00	1549.43
1387.00	1071.97
1388.00	994.73
1389.00	973.66
1390.00	915.15
1391.00	887.06
1392.00	866.00
1393.00	875.36
1394.00	807.48
1395.00	894.08
1396.00	901.11
1397.00	924.51
1398.00	1034.52
1399.00	1268.57
1400.00	1266.23
1401.00	1282.61
1402.00	1151.54
1403.00	1114.10
1404.00	1158.57
1405.00	1226.44
1406.00	1996.48
1407.00	7976.55
1408.00	18956.00
1409.00	28367.29
1410.00	25235.66
1411.00	17954.25
1412.00	12456.33
1413.00	9509.60
1414.00	7838.45
1415.00	5095.35
1416.00	2670.55
1417.00	1528.37
1418.00	1184.31
1419.00	1128.14
1420.00	1865.41
1421.00	4112.32
1422.00	6649.46
1423.00	7398.43
1424.00	5687.50
1425.00	4194.24
1426.00	3201.85
1427.00	2738.43
1428.00	2239.89
1429.00	1441.77
1430.00	1174.95
1431.00	968.98
1432.00	903.45
1433.00	887.06
1434.00	919.83
1435.00	866.00
1436.00	945.58
1437.00	844.93
1438.00	889.40
1439.00	793.44
1440.00	858.98
1441.00	833.23
1442.00	814.51
1443.00	816.85
1444.00	779.40
1445.00	821.53
1446.00	814.51
1447.00	821.53
1448.00	828.55
1449.00	837.91
1450.00	786.42
1451.00	781.74
1452.00	821.53
1453.00	926.85
1454.00	901.11
1455.00	1291.98
1456.00	2490.33
1457.00	3934.44
1458.00	4910.44
1459.00	4037.42
1460.00	2986.52
1461.00	2319.47
1462.00	1973.07
1463.00	1781.15
1464.00	1256.87
1465.00	999.41
1466.00	863.66
1467.00	863.66
1468.00	805.14
1469.00	809.83
1470.00	842.59
1471.00	866.00
1472.00	847.27
1473.00	765.36
1474.00	765.36
1475.00	814.51
1476.00	819.19
1477.00	772.38
1478.00	800.46
1479.00	748.97
1480.00	795.78
1481.00	809.83
1482.00	842.59
1483.00	748.97
1484.00	842.59
1485.00	894.08
1486.00	894.08
1487.00	1245.16
1488.00	3485.06
1489.00	8788.71
1490.00	14087.68
1491.00	14478.55
1492.00	10527.73
1493.00	7513.12
1494.00	5554.09
1495.00	4610.86
1496.00	3155.04
1497.00	2012.86
1498.00	1294.32
1499.00	898.77
1500.00	903.45
1501.00	837.91
1502.00	816.85
1503.00	856.64
1504.00	866.00
1505.00	847.27
1506.00	830.89
1507.00	784.08
1508.00	772.38
1509.00	798.12
1510.00	791.10
1511.00	880.04
1512.00	821.53
1513.00	1025.15
1514.00	2040.95
1515.00	3538.89
1516.00	4423.61
1517.00	3613.79
1518.00	2740.77
1519.00	2204.78
1520.00	1834.98
1521.00	1729.66
1522.00	1327.08
1523.00	1137.50
1524.00	910.47
1525.00	819.19
1526.00	868.34
1527.00	844.93
1528.00	837.91
1529.00	884.72
1530.00	882.38
1531.00	954.94
1532.00	968.98
1533.00	1956.69
1534.00	5057.90
1535.00	8847.22
1536.00	10934.98
1537.00	8273.79
1538.00	6047.94
1539.00	4358.08
1540.00	3590.38
1541.00	2801.62
1542.00	1837.32
1543.00	1240.48
1544.00	978.34
1545.00	931.53
1546.00	858.98
1547.00	910.47
1548.00	870.68
1549.00	798.12
1550.00	793.44
1551.00	835.57
1552.00	828.55
1553.00	868.34
1554.00	788.76
1555.00	828.55
1556.00	819.19
1557.00	821.53
1558.00	866.00
1559.00	891.74
1560.00	856.64
1561.00	880.04
1562.00	828.55
1563.00	978.34
1564.00	978.34
1565.00	1313.04
1566.00	4100.62
1567.00	11166.70
1568.00	18146.17
1569.00	18761.73
1570.00	13425.31
1571.00	9610.24
1572.00	7019.27
1573.00	5755.38
1574.00	4142.75
1575.00	2450.54
1576.00	1593.90
1577.00	1238.14
1578.00	1795.19
1579.00	6207.10
1580.00	17399.54
1581.00	29172.44
1582.00	30356.75
1583.00	21638.25
1584.00	14958.36
1585.00	11075.42
1586.00	8919.78
1587.00	6010.50
1588.00	3227.60
1589.00	1842.00
1590.00	1205.38
1591.00	1004.09
1592.00	898.77
1593.00	926.85
1594.00	926.85
1595.00	917.49
1596.00	889.40
1597.00	896.43
1598.00	880.04
1599.00	887.06
1600.00	847.27
1601.00	844.93
1602.00	802.80
1603.00	774.72
1604.00	847.27
1605.00	842.59
1606.00	901.11
1607.00	802.80
1608.00	777.06
1609.00	802.80
1610.00	755.99
1611.00	840.25
1612.00	805.14
1613.00	800.46
1614.00	746.63
1615.00	851.96
1616.00	788.76
1617.00	805.14
1618.00	760.67
1619.00	826.21
1620.00	805.14
1621.00	812.17
1622.00	823.87
1623.00	770.04
1624.00	793.44
1625.00	784.08
1626.00	767.70
1627.00	770.04
1628.00	830.89
1629.00	837.91
1630.00	746.63
1631.00	781.74
1632.00	746.63
1633.00	809.83
1634.00	835.57
1635.00	828.55
1636.00	870.68
1637.00	807.48
1638.00	842.59
1639.00	772.38
1640.00	777.06
1641.00	779.40
1642.00	798.12
1643.00	835.57
1644.00	842.59
1645.00	774.72
1646.00	880.04
1647.00	840.25
1648.00	880.04
1649.00	1048.56
1650.00	2466.92
1651.00	7265.02
1652.00	13099.98
1653.00	16128.63
1654.00	12573.36
1655.00	9050.85
1656.00	6614.35
1657.00	5238.12
1658.00	3899.33
1659.00	2377.98
1660.00	1488.58
1661.00	1055.58
1662.00	990.05
1663.00	821.53
1664.00	837.91
1665.00	884.72
1666.00	828.55
1667.00	854.30
1668.00	1177.29
1669.00	2609.70
1670.00	4655.33
1671.00	6050.28
1672.00	5132.79
1673.00	3826.78
1674.00	3012.27
1675.00	2370.96
1676.00	1954.35
1677.00	1467.52
1678.00	1048.56
1679.00	924.51
1680.00	802.80
1681.00	840.25
1682.00	741.95
1683.00	805.14
1684.00	781.74
1685.00	781.74
1686.00	781.74
1687.00	777.06
1688.00	777.06
1689.00	746.63
1690.00	716.20
1691.00	784.08
1692.00	777.06
1693.00	816.85
1694.00	730.25
1695.00	706.84
1696.00	807.48
1697.00	802.80
1698.00	933.87
1699.00	753.65
1700.00	777.06
1701.00	793.44
1702.00	723.23
1703.00	800.46
1704.00	751.31
1705.00	802.80
1706.00	866.00
1707.00	744.29
1708.00	704.50
1709.00	805.14
1710.00	774.72
1711.00	861.32
1712.00	896.43
1713.00	908.13
1714.00	1376.24
1715.00	3407.82
1716.00	6218.80
1717.00	8107.62
1718.00	7091.82
1719.00	5479.19
1720.00	3983.59
1721.00	3187.81
1722.00	2328.83
1723.00	1554.12
1724.00	1252.19
1725.00	985.37
1726.00	847.27
1727.00	805.14
1728.00	777.06
1729.00	798.12
1730.00	774.72
1731.00	786.42
1732.00	823.87
1733.00	748.97
1734.00	781.74
1735.00	786.42
1736.00	786.42
1737.00	699.82
1738.00	739.61
1739.00	664.71
1740.00	716.20
1741.00	767.70
1742.00	781.74
1743.00	795.78
1744.00	809.83
1745.00	734.93
1746.00	784.08
1747.00	716.20
1748.00	713.86
1749.00	730.25
1750.00	807.48
1751.00	734.93
1752.00	784.08
1753.00	805.14
1754.00	819.19
1755.00	802.80
1756.00	772.38
1757.00	755.99
1758.00	772.38
1759.00	788.76
1760.00	814.51
1761.00	830.89
1762.00	849.61
1763.00	805.14
1764.00	812.17
1765.00	821.53
1766.00	849.61
1767.00	816.85
1768.00	919.83
1769.00	1083.67
1770.00	2005.84
1771.00	5666.44
1772.00	10726.68
1773.00	13900.44
1774.00	12004.61
1775.00	8924.46
1776.00	6473.92
1777.00	4791.08
1778.00	3066.10
1779.00	2136.91
1780.00	1458.15
1781.00	1109.41
1782.00	947.92
1783.00	908.13
1784.00	938.55
1785.00	770.04
1786.00	800.46
1787.00	786.42
1788.00	858.98
1789.00	868.34
1790.00	760.67
1791.00	779.40
1792.00	856.64
1793.00	777.06
1794.00	741.95
1795.00	753.65
1796.00	870.68
1797.00	1144.52
1798.00	2300.75
1799.00	4992.36
1800.00	7911.01
1801.00	9018.08
1802.00	6981.82
1803.00	5448.77
1804.00	3953.16
1805.00	2616.72
1806.00	1804.55
1807.00	1233.46
1808.00	1060.26
1809.00	837.91
1810.00	912.81
1811.00	788.76
1812.00	821.53
1813.00	840.25
1814.00	802.80
1815.00	809.83
1816.00	725.57
1817.00	800.46
1818.00	755.99
1819.00	828.55
1820.00	730.25
1821.00	699.82
1822.00	760.67
1823.00	765.36
1824.00	851.96
1825.00	795.78
1826.00	819.19
1827.00	905.79
1828.00	800.46
1829.00	821.53
1830.00	856.64
1831.00	837.91
1832.00	748.97
1833.00	809.83
1834.00	772.38
1835.00	730.25
1836.00	844.93
1837.00	819.19
1838.00	751.31
1839.00	720.88
1840.00	723.23
1841.00	711.52
1842.00	765.36
1843.00	798.12
1844.00	795.78
1845.00	718.54
1846.00	744.29
1847.00	770.04
1848.00	667.05
1849.00	692.80
1850.00	777.06
1851.00	739.61
1852.00	765.36
1853.00	739.61
1854.00	739.61
1855.00	788.76
1856.00	753.65
1857.00	711.52
1858.00	833.23
1859.00	753.65
1860.00	730.25
1861.00	725.57
1862.00	746.63
1863.00	760.67
1864.00	730.25
1865.00	770.04
1866.00	688.12
1867.00	774.72
1868.00	725.57
1869.00	739.61
1870.00	744.29
1871.00	699.82
1872.00	795.78
1873.00	765.36
1874.00	739.61
1875.00	727.91
1876.00	746.63
1877.00	753.65
1878.00	695.14
1879.00	760.67
1880.00	812.17
1881.00	814.51
1882.00	837.91
1883.00	791.10
1884.00	760.67
1885.00	709.18
1886.00	793.44
1887.00	807.48
1888.00	823.87
1889.00	748.97
1890.00	781.74
1891.00	741.95
1892.00	793.44
1893.00	767.70
1894.00	763.01
1895.00	732.59
1896.00	774.72
1897.00	788.76
1898.00	690.46
1899.00	723.23
1900.00	751.31
1901.00	741.95
1902.00	734.93
1903.00	732.59
1904.00	826.21
1905.00	779.40
1906.00	795.78
1907.00	772.38
1908.00	741.95
1909.00	720.88
1910.00	805.14
1911.00	727.91
1912.00	779.40
1913.00	786.42
1914.00	866.00
1915.00	777.06
1916.00	812.17
1917.00	800.46
1918.00	781.74
1919.00	760.67
1920.00	795.78
1921.00	807.48
1922.00	786.42
1923.00	711.52
1924.00	774.72
1925.00	784.08
1926.00	763.01
1927.00	730.25
1928.00	706.84
1929.00	781.74
1930.00	744.29
1931.00	758.33
1932.00	741.95
1933.00	739.61
1934.00	692.80
1935.00	753.65
1936.00	755.99
1937.00	725.57
1938.00	758.33
1939.00	795.78
1940.00	786.42
1941.00	760.67
1942.00	718.54
1943.00	758.33
1944.00	751.31
1945.00	741.95
1946.00	814.51
1947.00	772.38
1948.00	678.76
1949.00	774.72
1950.00	774.72
1951.00	772.38
1952.00	926.85
1953.00	2115.84
1954.00	4493.83
1955.00	6925.65
1956.00	7854.84
1957.00	5577.50
1958.00	3620.81
1959.00	2373.30
1960.00	1659.44
1961.00	1350.49
1962.00	1090.69
1963.00	919.83
1964.00	889.40
1965.00	816.85
1966.00	809.83
1967.00	809.83
1968.00	767.70
1969.00	770.04
1970.00	734.93
1971.00	770.04
1972.00	767.70
1973.00	809.83
1974.00	772.38
1975.00	765.36
1976.00	779.40
1977.00	704.50
1978.00	786.42
1979.00	849.61
1980.00	800.46
1981.00	1076.65
1982.00	1170.27
1983.00	1172.61
1984.00	966.64
1985.00	929.19
1986.00	863.66
1987.00	842.59
1988.00	901.11
1989.00	786.42
1990.00	770.04
1991.00	709.18
1992.00	741.95
1993.00	737.27
1994.00	739.61
1995.00	760.67
1996.00	847.27
1997.00	791.10
1998.00	699.82
1999.00	826.21
2000.00	725.57
2001.00	767.70
2002.00	788.76
2003.00	777.06
2004.00	795.78
2005.00	716.20
2006.00	793.44
2007.00	697.48
2008.00	767.70
2009.00	685.78
2010.00	765.36
2011.00	800.46
2012.00	837.91
2013.00	765.36
2014.00	779.40
2015.00	753.65
2016.00	802.80
2017.00	791.10
2018.00	723.23
2019.00	816.85
2020.00	730.25
2021.00	770.04
2022.00	826.21
2023.00	781.74
2024.00	887.06
2025.00	919.83
2026.00	1116.44
2027.00	1156.22
2028.00	1198.35
2029.00	1139.84
2030.00	2286.70
2031.00	6162.63
2032.00	11433.52
2033.00	15281.36
2034.00	14015.13
2035.00	9284.91
2036.00	6211.78
2037.00	3896.99
2038.00	2597.99
2039.00	1795.19
2040.00	1259.21
2041.00	1057.92
2042.00	940.90
2043.00	873.02
2044.00	800.46
2045.00	793.44
2046.00	755.99
2047.00	819.19
