0.00	674.07
1.00	674.07
2.00	674.07
3.00	531.30
4.00	580.45
5.00	629.60
6.00	624.92
7.00	599.18
8.00	505.56
9.00	571.09
10.00	594.50
11.00	613.22
12.00	535.98
13.00	582.79
14.00	533.64
15.00	587.47
16.00	613.22
17.00	531.30
18.00	638.97
19.00	589.82
20.00	648.33
21.00	662.37
22.00	638.97
23.00	603.86
24.00	601.52
25.00	671.73
26.00	662.37
27.00	634.29
28.00	650.67
29.00	718.54
30.00	671.73
31.00	791.10
32.00	734.93
33.00	774.72
34.00	741.95
35.00	725.57
36.00	751.31
37.00	788.76
38.00	664.71
39.00	758.33
40.00	690.46
41.00	629.60
42.00	685.78
43.00	779.40
44.00	692.80
45.00	662.37
46.00	748.97
47.00	716.20
48.00	767.70
49.00	781.74
50.00	718.54
51.00	725.57
52.00	748.97
53.00	802.80
54.00	734.93
55.00	741.95
56.00	753.65
57.00	746.63
58.00	744.29
59.00	744.29
60.00	760.67
61.00	695.14
62.00	737.27
63.00	734.93
64.00	737.27
65.00	755.99
66.00	718.54
67.00	774.72
68.00	681.10
69.00	723.23
70.00	725.57
71.00	779.40
72.00	763.01
73.00	723.23
74.00	725.57
75.00	655.35
76.00	669.39
77.00	723.23
78.00	709.18
79.00	706.84
80.00	678.76
81.00	758.33
82.00	748.97
83.00	667.05
84.00	692.80
85.00	763.01
86.00	746.63
87.00	702.16
88.00	748.97
89.00	741.95
90.00	763.01
91.00	702.16
92.00	744.29
93.00	725.57
94.00	688.12
95.00	638.97
96.00	704.50
97.00	676.41
98.00	725.57
99.00	730.25
100.00	692.80
101.00	683.44
102.00	718.54
103.00	758.33
104.00	716.20
105.00	774.72
106.00	725.57
107.00	681.10
108.00	772.38
109.00	777.06
110.00	678.76
111.00	699.82
112.00	795.78
113.00	716.20
114.00	777.06
115.00	777.06
116.00	655.35
117.00	711.52
118.00	763.01
119.00	758.33
120.00	690.46
121.00	683.44
122.00	690.46
123.00	760.67
124.00	760.67
125.00	713.86
126.00	695.14
127.00	720.88
128.00	711.52
129.00	674.07
130.00	730.25
131.00	660.03
132.00	748.97
133.00	772.38
134.00	765.36
135.00	753.65
136.00	795.78
137.00	732.59
138.00	758.33
139.00	678.76
140.00	786.42
141.00	739.61
142.00	725.57
143.00	732.59
144.00	671.73
145.00	676.41
146.00	786.42
147.00	770.04
148.00	739.61
149.00	723.23
150.00	755.99
151.00	702.16
152.00	704.50
153.00	690.46
154.00	760.67
155.00	727.91
156.00	634.29
157.00	732.59
158.00	763.01
159.00	753.65
160.00	650.67
161.00	713.86
162.00	713.86
163.00	760.67
164.00	784.08
165.00	795.78
166.00	758.33
167.00	732.59
168.00	723.23
169.00	741.95
170.00	802.80
171.00	713.86
172.00	734.93
173.00	704.50
174.00	739.61
175.00	723.23
176.00	767.70
177.00	704.50
178.00	767.70
179.00	788.76
180.00	748.97
181.00	739.61
182.00	748.97
183.00	739.61
184.00	716.20
185.00	706.84
186.00	779.40
187.00	697.48
188.00	732.59
189.00	692.80
190.00	727.91
191.00	744.29
192.00	704.50
193.00	744.29
194.00	697.48
195.00	763.01
196.00	765.36
197.00	751.31
198.00	753.65
199.00	800.46
200.00	758.33
201.00	739.61
202.00	770.04
203.00	723.23
204.00	758.33
205.00	748.97
206.00	737.27
207.00	786.42
208.00	681.10
209.00	734.93
210.00	711.52
211.00	732.59
212.00	758.33
213.00	767.70
214.00	751.31
215.00	774.72
216.00	751.31
217.00	725.57
218.00	744.29
219.00	662.37
220.00	734.93
221.00	713.86
222.00	711.52
223.00	727.91
224.00	772.38
225.00	805.14
226.00	758.33
227.00	704.50
228.00	713.86
229.00	695.14
230.00	706.84
231.00	725.57
232.00	767.70
233.00	718.54
234.00	741.95
235.00	699.82
236.00	751.31
237.00	734.93
238.00	730.25
239.00	765.36
240.00	779.40
241.00	676.41
242.00	753.65
243.00	741.95
244.00	746.63
245.00	767.70
246.00	683.44
247.00	685.78
248.00	753.65
249.00	828.55
250.00	800.46
251.00	720.88
252.00	741.95
253.00	744.29
254.00	732.59
255.00	777.06
256.00	720.88
257.00	730.25
258.00	699.82
259.00	725.57
260.00	709.18
261.00	777.06
262.00	690.46
263.00	788.76
264.00	753.65
265.00	706.84
266.00	674.07
267.00	772.38
268.00	746.63
269.00	758.33
270.00	805.14
271.00	786.42
272.00	748.97
273.00	779.40
274.00	819.19
275.00	812.17
276.00	758.33
277.00	772.38
278.00	718.54
279.00	765.36
280.00	683.44
281.00	755.99
282.00	676.41
283.00	791.10
284.00	788.76
285.00	734.93
286.00	732.59
287.00	725.57
288.00	697.48
289.00	748.97
290.00	699.82
291.00	802.80
292.00	753.65
293.00	706.84
294.00	664.71
295.00	784.08
296.00	685.78
297.00	746.63
298.00	755.99
299.00	725.57
300.00	725.57
301.00	674.07
302.00	657.69
303.00	718.54
304.00	681.10
305.00	744.29
306.00	751.31
307.00	758.33
308.00	718.54
309.00	858.98
310.00	807.48
311.00	800.46
312.00	730.25
313.00	695.14
314.00	765.36
315.00	755.99
316.00	739.61
317.00	741.95
318.00	786.42
319.00	699.82
320.00	748.97
321.00	706.84
322.00	702.16
323.00	760.67
324.00	741.95
325.00	667.05
326.00	751.31
327.00	713.86
328.00	692.80
329.00	720.88
330.00	746.63
331.00	791.10
332.00	795.78
333.00	791.10
334.00	737.27
335.00	683.44
336.00	770.04
337.00	695.14
338.00	755.99
339.00	681.10
340.00	709.18
341.00	751.31
342.00	706.84
343.00	748.97
344.00	739.61
345.00	800.46
346.00	758.33
347.00	784.08
348.00	849.61
349.00	800.46
350.00	802.80
351.00	763.01
352.00	760.67
353.00	793.44
354.00	856.64
355.00	716.20
356.00	826.21
357.00	753.65
358.00	781.74
359.00	730.25
360.00	699.82
361.00	805.14
362.00	709.18
363.00	753.65
364.00	748.97
365.00	800.46
366.00	814.51
367.00	732.59
368.00	849.61
369.00	713.86
370.00	734.93
371.00	809.83
372.00	678.76
373.00	695.14
374.00	744.29
375.00	702.16
376.00	781.74
377.00	702.16
378.00	709.18
379.00	711.52
380.00	716.20
381.00	699.82
382.00	711.52
383.00	774.72
384.00	788.76
385.00	641.31
386.00	723.23
387.00	734.93
388.00	781.74
389.00	765.36
390.00	821.53
391.00	720.88
392.00	723.23
393.00	753.65
394.00	702.16
395.00	709.18
396.00	706.84
397.00	720.88
398.00	655.35
399.00	711.52
400.00	688.12
401.00	779.40
402.00	692.80
403.00	770.04
404.00	713.86
405.00	748.97
406.00	716.20
407.00	720.88
408.00	678.76
409.00	674.07
410.00	809.83
411.00	699.82
412.00	748.97
413.00	777.06
414.00	720.88
415.00	697.48
416.00	697.48
417.00	774.72
418.00	699.82
419.00	758.33
420.00	781.74
421.00	779.40
422.00	725.57
423.00	746.63
424.00	809.83
425.00	697.48
426.00	781.74
427.00	779.40
428.00	753.65
429.00	730.25
430.00	786.42
431.00	744.29
432.00	702.16
433.00	795.78
434.00	718.54
435.00	732.59
436.00	702.16
437.00	767.70
438.00	699.82
439.00	781.74
440.00	685.78
441.00	706.84
442.00	781.74
443.00	795.78
444.00	702.16
445.00	725.57
446.00	814.51
447.00	692.80
448.00	718.54
449.00	704.50
450.00	786.42
451.00	786.42
452.00	709.18
453.00	723.23
454.00	732.59
455.00	751.31
456.00	777.06
457.00	788.76
458.00	751.31
459.00	774.72
460.00	716.20
461.00	713.86
462.00	711.52
463.00	725.57
464.00	711.52
465.00	821.53
466.00	784.08
467.00	713.86
468.00	784.08
469.00	772.38
470.00	751.31
471.00	748.97
472.00	734.93
473.00	720.88
474.00	763.01
475.00	706.84
476.00	760.67
477.00	716.20
478.00	744.29
479.00	753.65
480.00	751.31
481.00	746.63
482.00	763.01
483.00	744.29
484.00	779.40
485.00	629.60
486.00	737.27
487.00	767.70
488.00	709.18
489.00	748.97
490.00	774.72
491.00	709.18
492.00	809.83
493.00	711.52
494.00	690.46
495.00	741.95
496.00	763.01
497.00	767.70
498.00	744.29
499.00	697.48
500.00	702.16
501.00	833.23
502.00	777.06
503.00	767.70
504.00	741.95
505.00	833.23
506.00	793.44
507.00	866.00
508.00	713.86
509.00	774.72
510.00	755.99
511.00	718.54
512.00	709.18
513.00	765.36
514.00	765.36
515.00	716.20
516.00	720.88
517.00	788.76
518.00	702.16
519.00	774.72
520.00	727.91
521.00	781.74
522.00	755.99
523.00	774.72
524.00	695.14
525.00	711.52
526.00	763.01
527.00	812.17
528.00	758.33
529.00	711.52
530.00	737.27
531.00	723.23
532.00	734.93
533.00	784.08
534.00	814.51
535.00	718.54
536.00	720.88
537.00	723.23
538.00	791.10
539.00	744.29
540.00	744.29
541.00	755.99
542.00	718.54
543.00	744.29
544.00	751.31
545.00	695.14
546.00	650.67
547.00	718.54
548.00	788.76
549.00	753.65
550.00	760.67
551.00	727.91
552.00	732.59
553.00	688.12
554.00	709.18
555.00	699.82
556.00	786.42
557.00	781.74
558.00	723.23
559.00	718.54
560.00	751.31
561.00	720.88
562.00	748.97
563.00	713.86
564.00	683.44
565.00	788.76
566.00	732.59
567.00	819.19
568.00	730.25
569.00	727.91
570.00	645.99
571.00	718.54
572.00	779.40
573.00	830.89
574.00	851.96
575.00	807.48
576.00	744.29
577.00	711.52
578.00	697.48
579.00	767.70
580.00	770.04
581.00	709.18
582.00	727.91
583.00	748.97
584.00	763.01
585.00	770.04
586.00	753.65
587.00	711.52
588.00	697.48
589.00	763.01
590.00	760.67
591.00	732.59
592.00	767.70
593.00	732.59
594.00	760.67
595.00	767.70
596.00	777.06
597.00	791.10
598.00	718.54
599.00	772.38
600.00	784.08
601.00	748.97
602.00	765.36
603.00	784.08
604.00	720.88
605.00	718.54
606.00	760.67
607.00	727.91
608.00	685.78
609.00	702.16
610.00	685.78
611.00	678.76
612.00	734.93
613.00	767.70
614.00	716.20
615.00	725.57
616.00	671.73
617.00	716.20
618.00	814.51
619.00	725.57
620.00	828.55
621.00	791.10
622.00	713.86
623.00	748.97
624.00	702.16
625.00	770.04
626.00	685.78
627.00	788.76
628.00	777.06
629.00	744.29
630.00	795.78
631.00	798.12
632.00	692.80
633.00	741.95
634.00	678.76
635.00	746.63
636.00	767.70
637.00	711.52
638.00	690.46
639.00	739.61
640.00	737.27
641.00	713.86
642.00	763.01
643.00	718.54
644.00	798.12
645.00	725.57
646.00	798.12
647.00	746.63
648.00	784.08
649.00	725.57
650.00	767.70
651.00	734.93
652.00	763.01
653.00	784.08
654.00	725.57
655.00	870.68
656.00	732.59
657.00	837.91
658.00	713.86
659.00	751.31
660.00	748.97
661.00	681.10
662.00	746.63
663.00	744.29
664.00	760.67
665.00	770.04
666.00	760.67
667.00	751.31
668.00	763.01
669.00	737.27
670.00	704.50
671.00	716.20
672.00	699.82
673.00	760.67
674.00	739.61
675.00	751.31
676.00	751.31
677.00	770.04
678.00	709.18
679.00	648.33
680.00	763.01
681.00	727.91
682.00	732.59
683.00	676.41
684.00	788.76
685.00	746.63
686.00	753.65
687.00	706.84
688.00	720.88
689.00	741.95
690.00	685.78
691.00	758.33
692.00	760.67
693.00	720.88
694.00	709.18
695.00	718.54
696.00	746.63
697.00	781.74
698.00	709.18
699.00	748.97
700.00	739.61
701.00	748.97
702.00	830.89
703.00	730.25
704.00	695.14
705.00	765.36
706.00	699.82
707.00	702.16
708.00	779.40
709.00	805.14
710.00	760.67
711.00	767.70
712.00	645.99
713.00	727.91
714.00	711.52
715.00	777.06
716.00	720.88
717.00	716.20
718.00	734.93
719.00	753.65
720.00	706.84
721.00	702.16
722.00	688.12
723.00	791.10
724.00	772.38
725.00	650.67
726.00	800.46
727.00	704.50
728.00	777.06
729.00	739.61
730.00	725.57
731.00	765.36
732.00	727.91
733.00	755.99
734.00	711.52
735.00	751.31
736.00	765.36
737.00	784.08
738.00	793.44
739.00	744.29
740.00	716.20
741.00	765.36
742.00	695.14
743.00	755.99
744.00	739.61
745.00	786.42
746.00	772.38
747.00	723.23
748.00	746.63
749.00	676.41
750.00	788.76
751.00	753.65
752.00	695.14
753.00	755.99
754.00	718.54
755.00	737.27
756.00	683.44
757.00	739.61
758.00	791.10
759.00	781.74
760.00	760.67
761.00	765.36
762.00	788.76
763.00	723.23
764.00	706.84
765.00	795.78
766.00	777.06
767.00	732.59
768.00	716.20
769.00	709.18
770.00	725.57
771.00	779.40
772.00	720.88
773.00	767.70
774.00	732.59
775.00	746.63
776.00	781.74
777.00	763.01
778.00	777.06
779.00	765.36
780.00	809.83
781.00	812.17
782.00	844.93
783.00	784.08
784.00	830.89
785.00	760.67
786.00	683.44
787.00	653.01
788.00	688.12
789.00	779.40
790.00	786.42
791.00	760.67
792.00	805.14
793.00	723.23
794.00	688.12
795.00	791.10
796.00	711.52
797.00	692.80
798.00	706.84
799.00	788.76
800.00	741.95
801.00	767.70
802.00	716.20
803.00	781.74
804.00	718.54
805.00	753.65
806.00	748.97
807.00	760.67
808.00	791.10
809.00	807.48
810.00	739.61
811.00	748.97
812.00	772.38
813.00	786.42
814.00	737.27
815.00	718.54
816.00	821.53
817.00	748.97
818.00	753.65
819.00	772.38
820.00	758.33
821.00	793.44
822.00	826.21
823.00	784.08
824.00	748.97
825.00	788.76
826.00	704.50
827.00	770.04
828.00	732.59
829.00	772.38
830.00	788.76
831.00	772.38
832.00	779.40
833.00	798.12
834.00	734.93
835.00	744.29
836.00	805.14
837.00	772.38
838.00	753.65
839.00	697.48
840.00	711.52
841.00	739.61
842.00	681.10
843.00	734.93
844.00	793.44
845.00	821.53
846.00	748.97
847.00	765.36
848.00	720.88
849.00	730.25
850.00	805.14
851.00	730.25
852.00	699.82
853.00	793.44
854.00	755.99
855.00	753.65
856.00	755.99
857.00	732.59
858.00	697.48
859.00	795.78
860.00	791.10
861.00	793.44
862.00	727.91
863.00	751.31
864.00	690.46
865.00	784.08
866.00	755.99
867.00	746.63
868.00	732.59
869.00	706.84
870.00	760.67
871.00	720.88
872.00	669.39
873.00	655.35
874.00	739.61
875.00	744.29
876.00	718.54
877.00	795.78
878.00	723.23
879.00	800.46
880.00	760.67
881.00	784.08
882.00	800.46
883.00	786.42
884.00	765.36
885.00	748.97
886.00	755.99
887.00	718.54
888.00	807.48
889.00	772.38
890.00	725.57
891.00	753.65
892.00	777.06
893.00	793.44
894.00	805.14
895.00	758.33
896.00	835.57
897.00	704.50
898.00	737.27
899.00	753.65
900.00	772.38
901.00	779.40
902.00	741.95
903.00	807.48
904.00	755.99
905.00	779.40
906.00	905.79
907.00	805.14
908.00	866.00
909.00	870.68
910.00	746.63
911.00	713.86
912.00	884.72
913.00	929.19
914.00	849.61
915.00	819.19
916.00	877.70
917.00	734.93
918.00	805.14
919.00	861.32
920.00	727.91
921.00	755.99
922.00	741.95
923.00	746.63
924.00	688.12
925.00	786.42
926.00	774.72
927.00	732.59
928.00	720.88
929.00	678.76
930.00	755.99
931.00	725.57
932.00	685.78
933.00	697.48
934.00	809.83
935.00	732.59
936.00	739.61
937.00	748.97
938.00	744.29
939.00	767.70
940.00	760.67
941.00	788.76
942.00	755.99
943.00	784.08
944.00	746.63
945.00	758.33
946.00	1029.84
947.00	1589.22
948.00	2031.58
949.00	1825.62
950.00	1537.73
951.00	1380.92
952.00	1146.86
953.00	1074.31
954.00	912.81
955.00	770.04
956.00	851.96
957.00	765.36
958.00	793.44
959.00	716.20
960.00	732.59
961.00	744.29
962.00	755.99
963.00	730.25
964.00	767.70
965.00	770.04
966.00	730.25
967.00	758.33
968.00	737.27
969.00	779.40
970.00	770.04
971.00	718.54
972.00	793.44
973.00	678.76
974.00	739.61
975.00	798.12
976.00	772.38
977.00	786.42
978.00	734.93
979.00	781.74
980.00	849.61
981.00	734.93
982.00	781.74
983.00	784.08
984.00	732.59
985.00	746.63
986.00	798.12
987.00	685.78
988.00	737.27
989.00	739.61
990.00	739.61
991.00	755.99
992.00	791.10
993.00	760.67
994.00	727.91
995.00	730.25
996.00	725.57
997.00	725.57
998.00	723.23
999.00	748.97
1000.00	767.70
1001.00	748.97
1002.00	809.83
1003.00	760.67
1004.00	798.12
1005.00	814.51
1006.00	730.25
1007.00	730.25
1008.00	807.48
1009.00	784.08
1010.00	763.01
1011.00	744.29
1012.00	709.18
1013.00	791.10
1014.00	704.50
1015.00	772.38
1016.00	690.46
1017.00	767.70
1018.00	727.91
1019.00	699.82
1020.00	814.51
1021.00	753.65
1022.00	744.29
1023.00	791.10
1024.00	746.63
1025.00	805.14
1026.00	770.04
1027.00	781.74
1028.00	739.61
1029.00	713.86
1030.00	814.51
1031.00	758.33
1032.00	807.48
1033.00	765.36
1034.00	725.57
1035.00	758.33
1036.00	767.70
1037.00	821.53
1038.00	739.61
1039.00	737.27
1040.00	711.52
1041.00	774.72
1042.00	772.38
1043.00	770.04
1044.00	807.48
1045.00	739.61
1046.00	880.04
1047.00	812.17
1048.00	730.25
1049.00	765.36
1050.00	763.01
1051.00	751.31
1052.00	690.46
1053.00	720.88
1054.00	716.20
1055.00	744.29
1056.00	727.91
1057.00	800.46
1058.00	758.33
1059.00	725.57
1060.00	779.40
1061.00	788.76
1062.00	805.14
1063.00	723.23
1064.00	765.36
1065.00	800.46
1066.00	725.57
1067.00	755.99
1068.00	828.55
1069.00	669.39
1070.00	744.29
1071.00	748.97
1072.00	802.80
1073.00	791.10
1074.00	723.23
1075.00	772.38
1076.00	800.46
1077.00	816.85
1078.00	847.27
1079.00	777.06
1080.00	800.46
1081.00	744.29
1082.00	784.08
1083.00	753.65
1084.00	744.29
1085.00	741.95
1086.00	664.71
1087.00	805.14
1088.00	779.40
1089.00	716.20
1090.00	702.16
1091.00	744.29
1092.00	744.29
1093.00	720.88
1094.00	788.76
1095.00	791.10
1096.00	802.80
1097.00	713.86
1098.00	744.29
1099.00	741.95
1100.00	821.53
1101.00	779.40
1102.00	739.61
1103.00	795.78
1104.00	793.44
1105.00	805.14
1106.00	732.59
1107.00	849.61
1108.00	837.91
1109.00	807.48
1110.00	746.63
1111.00	678.76
1112.00	730.25
1113.00	758.33
1114.00	786.42
1115.00	697.48
1116.00	667.05
1117.00	758.33
1118.00	685.78
1119.00	725.57
1120.00	744.29
1121.00	816.85
1122.00	798.12
1123.00	805.14
1124.00	758.33
1125.00	786.42
1126.00	681.10
1127.00	800.46
1128.00	786.42
1129.00	767.70
1130.00	802.80
1131.00	758.33
1132.00	788.76
1133.00	788.76
1134.00	695.14
1135.00	781.74
1136.00	751.31
1137.00	779.40
1138.00	793.44
1139.00	683.44
1140.00	765.36
1141.00	798.12
1142.00	798.12
1143.00	732.59
1144.00	760.67
1145.00	777.06
1146.00	774.72
1147.00	725.57
1148.00	758.33
1149.00	760.67
1150.00	795.78
1151.00	788.76
1152.00	784.08
1153.00	770.04
1154.00	828.55
1155.00	805.14
1156.00	805.14
1157.00	854.30
1158.00	922.17
1159.00	821.53
1160.00	842.59
1161.00	772.38
1162.00	821.53
1163.00	720.88
1164.00	828.55
1165.00	922.17
1166.00	917.49
1167.00	1086.01
1168.00	1261.55
1169.00	1193.67
1170.00	1163.25
1171.00	1062.60
1172.00	971.32
1173.00	978.34
1174.00	863.66
1175.00	807.48
1176.00	821.53
1177.00	840.25
1178.00	767.70
1179.00	802.80
1180.00	807.48
1181.00	805.14
1182.00	840.25
1183.00	875.36
1184.00	781.74
1185.00	819.19
1186.00	863.66
1187.00	788.76
1188.00	873.02
1189.00	840.25
1190.00	847.27
1191.00	800.46
1192.00	940.90
1193.00	868.34
1194.00	933.87
1195.00	875.36
1196.00	908.13
1197.00	889.40
1198.00	875.36
1199.00	807.48
1200.00	856.64
1201.00	1015.79
1202.00	1043.88
1203.00	1095.37
1204.00	1191.33
1205.00	1067.28
1206.00	1029.84
1207.00	980.68
1208.00	1041.54
1209.00	964.30
1210.00	936.21
1211.00	980.68
1212.00	931.53
1213.00	945.58
1214.00	992.39
1215.00	1170.27
1216.00	1301.34
1217.00	1329.42
1218.00	1467.52
1219.00	1830.30
1220.00	3267.39
1221.00	17841.90
1222.00	50614.08
1223.00	64870.29
1224.00	64645.60
1225.00	56821.19
1226.00	43503.54
1227.00	32430.46
1228.00	26471.46
1229.00	19442.83
1230.00	9114.05
1231.00	3826.78
1232.00	2132.23
1233.00	1521.35
1234.00	1390.28
1235.00	1275.59
1236.00	1233.46
1237.00	1277.93
1238.00	1149.20
1239.00	1509.65
1240.00	3052.06
1241.00	5610.26
1242.00	6902.24
1243.00	5846.66
1244.00	4400.21
1245.00	3428.88
1246.00	2785.24
1247.00	2387.35
1248.00	1701.57
1249.00	1263.89
1250.00	999.41
1251.00	894.08
1252.00	950.26
1253.00	929.19
1254.00	1020.47
1255.00	959.62
1256.00	1076.65
1257.00	1018.13
1258.00	976.00
1259.00	968.98
1260.00	840.25
1261.00	912.81
1262.00	889.40
1263.00	931.53
1264.00	842.59
1265.00	828.55
1266.00	880.04
1267.00	854.30
1268.00	814.51
1269.00	866.00
1270.00	889.40
1271.00	823.87
1272.00	915.15
1273.00	903.45
1274.00	854.30
1275.00	793.44
1276.00	880.04
1277.00	933.87
1278.00	999.41
1279.00	2249.25
1280.00	6099.44
1281.00	10703.27
1282.00	12004.61
1283.00	9085.96
1284.00	6715.00
1285.00	5174.92
1286.00	4166.15
1287.00	3520.17
1288.00	2209.47
1289.00	1256.87
1290.00	1008.77
1291.00	910.47
1292.00	844.93
1293.00	816.85
1294.00	929.19
1295.00	887.06
1296.00	891.74
1297.00	833.23
1298.00	945.58
1299.00	1617.31
1300.00	2534.80
1301.00	3206.53
1302.00	2991.20
1303.00	2431.82
1304.00	1923.92
1305.00	1586.88
1306.00	1441.77
1307.00	1214.74
1308.00	999.41
1309.00	901.11
1310.00	891.74
1311.00	931.53
1312.00	809.83
1313.00	816.85
1314.00	781.74
1315.00	730.25
1316.00	788.76
1317.00	830.89
1318.00	772.38
1319.00	812.17
1320.00	823.87
1321.00	826.21
1322.00	795.78
1323.00	819.19
1324.00	814.51
1325.00	760.67
1326.00	763.01
1327.00	786.42
1328.00	730.25
1329.00	784.08
1330.00	777.06
1331.00	814.51
1332.00	884.72
1333.00	980.68
1334.00	1722.63
1335.00	2712.68
1336.00	3669.96
1337.00	3101.21
1338.00	2473.95
1339.00	1984.77
1340.00	1774.13
1341.00	1479.22
1342.00	1203.04
1343.00	945.58
1344.00	870.68
1345.00	919.83
1346.00	798.12
1347.00	758.33
1348.00	835.57
1349.00	816.85
1350.00	863.66
1351.00	844.93
1352.00	837.91
1353.00	809.83
1354.00	823.87
1355.00	873.02
1356.00	800.46
1357.00	898.77
1358.00	891.74
1359.00	891.74
1360.00	882.38
1361.00	992.39
1362.00	2242.23
1363.00	5509.62
1364.00	9144.47
1365.00	9991.75
1366.00	7705.04
1367.00	5530.69
1368.00	4222.33
1369.00	3641.87
1370.00	2892.90
1371.00	1832.64
1372.00	1249.85
1373.00	1081.33
1374.00	1029.84
1375.00	1205.38
1376.00	2829.71
1377.00	8489.12
1378.00	15529.45
1379.00	18462.15
1380.00	13970.66
1381.00	9717.90
1382.00	7234.60
1383.00	5846.66
1384.00	4627.24
1385.00	2860.13
1386.00	1605.61
1387.00	1135.16
1388.00	940.90
1389.00	910.47
1390.00	933.87
1391.00	882.38
1392.00	922.17
1393.00	903.45
1394.00	830.89
1395.00	854.30
1396.00	823.87
1397.00	868.34
1398.00	1022.81
1399.00	1247.51
1400.00	1380.92
1401.00	1174.95
1402.00	1160.91
1403.00	1116.44
1404.00	1121.12
1405.00	1245.16
1406.00	2026.90
1407.00	7929.74
1408.00	19791.57
1409.00	29818.42
1410.00	26272.51
1411.00	18764.07
1412.00	12858.90
1413.00	9966.00
1414.00	8184.85
1415.00	5408.98
1416.00	2803.96
1417.00	1593.90
1418.00	1224.10
1419.00	1039.20
1420.00	1944.99
1421.00	4198.92
1422.00	6963.09
1423.00	7922.71
1424.00	5973.05
1425.00	4311.27
1426.00	3414.84
1427.00	2850.77
1428.00	2235.21
1429.00	1540.07
1430.00	1102.39
1431.00	873.02
1432.00	891.74
1433.00	866.00
1434.00	898.77
1435.00	866.00
1436.00	854.30
1437.00	870.68
1438.00	807.48
1439.00	812.17
1440.00	770.04
1441.00	833.23
1442.00	812.17
1443.00	802.80
1444.00	793.44
1445.00	751.31
1446.00	802.80
1447.00	795.78
1448.00	763.01
1449.00	931.53
1450.00	800.46
1451.00	882.38
1452.00	840.25
1453.00	802.80
1454.00	924.51
1455.00	1263.89
1456.00	2410.75
1457.00	3964.87
1458.00	5011.09
1459.00	4032.74
1460.00	3061.42
1461.00	2331.17
1462.00	2101.80
1463.00	1689.87
1464.00	1387.94
1465.00	1020.47
1466.00	875.36
1467.00	793.44
1468.00	828.55
1469.00	772.38
1470.00	777.06
1471.00	744.29
1472.00	786.42
1473.00	777.06
1474.00	828.55
1475.00	732.59
1476.00	751.31
1477.00	791.10
1478.00	828.55
1479.00	816.85
1480.00	823.87
1481.00	854.30
1482.00	781.74
1483.00	807.48
1484.00	856.64
1485.00	936.21
1486.00	873.02
1487.00	1111.75
1488.00	3442.93
1489.00	8823.82
1490.00	14848.36
1491.00	15236.89
1492.00	11007.54
1493.00	7723.77
1494.00	5811.55
1495.00	4826.18
1496.00	3463.99
1497.00	2019.88
1498.00	1109.41
1499.00	992.39
1500.00	901.11
1501.00	880.04
1502.00	858.98
1503.00	814.51
1504.00	786.42
1505.00	875.36
1506.00	772.38
1507.00	880.04
1508.00	732.59
1509.00	875.36
1510.00	793.44
1511.00	858.98
1512.00	837.91
1513.00	1102.39
1514.00	2029.24
1515.00	3606.77
1516.00	4428.29
1517.00	3859.54
1518.00	2825.03
1519.00	2211.81
1520.00	1825.62
1521.00	1577.52
1522.00	1275.59
1523.00	1071.97
1524.00	868.34
1525.00	957.28
1526.00	877.70
1527.00	851.96
1528.00	842.59
1529.00	898.77
1530.00	922.17
1531.00	997.07
1532.00	1071.97
1533.00	2019.88
1534.00	5118.75
1535.00	9184.26
1536.00	10965.41
1537.00	8554.66
1538.00	6001.13
1539.00	4505.53
1540.00	3648.90
1541.00	2902.26
1542.00	1912.22
1543.00	1165.59
1544.00	1001.75
1545.00	826.21
1546.00	910.47
1547.00	863.66
1548.00	802.80
1549.00	816.85
1550.00	849.61
1551.00	844.93
1552.00	758.33
1553.00	849.61
1554.00	842.59
1555.00	795.78
1556.00	812.17
1557.00	851.96
1558.00	891.74
1559.00	940.90
1560.00	863.66
1561.00	868.34
1562.00	919.83
1563.00	901.11
1564.00	971.32
1565.00	1324.74
1566.00	4252.75
1567.00	11227.55
1568.00	18822.59
1569.00	19346.87
1570.00	13844.27
1571.00	9848.97
1572.00	7232.26
1573.00	5956.66
1574.00	4149.77
1575.00	2487.99
1576.00	1596.25
1577.00	1228.78
1578.00	1715.61
1579.00	6148.59
1580.00	17528.27
1581.00	29933.11
1582.00	31639.36
1583.00	22352.12
1584.00	15494.35
1585.00	11255.64
1586.00	8842.54
1587.00	6071.35
1588.00	3311.86
1589.00	1785.83
1590.00	1308.36
1591.00	1053.24
1592.00	968.98
1593.00	968.98
1594.00	849.61
1595.00	856.64
1596.00	826.21
1597.00	847.27
1598.00	849.61
1599.00	800.46
1600.00	765.36
1601.00	868.34
1602.00	767.70
1603.00	788.76
1604.00	795.78
1605.00	741.95
1606.00	777.06
1607.00	777.06
1608.00	868.34
1609.00	763.01
1610.00	763.01
1611.00	772.38
1612.00	809.83
1613.00	784.08
1614.00	795.78
1615.00	781.74
1616.00	748.97
1617.00	786.42
1618.00	828.55
1619.00	835.57
1620.00	812.17
1621.00	816.85
1622.00	755.99
1623.00	793.44
1624.00	774.72
1625.00	770.04
1626.00	823.87
1627.00	835.57
1628.00	781.74
1629.00	791.10
1630.00	791.10
1631.00	875.36
1632.00	788.76
1633.00	765.36
1634.00	786.42
1635.00	809.83
1636.00	737.27
1637.00	739.61
1638.00	805.14
1639.00	833.23
1640.00	788.76
1641.00	788.76
1642.00	849.61
1643.00	809.83
1644.00	779.40
1645.00	875.36
1646.00	903.45
1647.00	821.53
1648.00	861.32
1649.00	1025.15
1650.00	2586.29
1651.00	7581.00
1652.00	13598.51
1653.00	16779.30
1654.00	13186.58
1655.00	9619.60
1656.00	6801.60
1657.00	5289.61
1658.00	3974.23
1659.00	2420.11
1660.00	1486.24
1661.00	1067.28
1662.00	964.30
1663.00	908.13
1664.00	849.61
1665.00	896.43
1666.00	868.34
1667.00	936.21
1668.00	1252.19
1669.00	2588.63
1670.00	4648.30
1671.00	6073.69
1672.00	5343.44
1673.00	3934.44
1674.00	3077.80
1675.00	2420.11
1676.00	1984.77
1677.00	1460.49
1678.00	1053.24
1679.00	866.00
1680.00	767.70
1681.00	858.98
1682.00	760.67
1683.00	788.76
1684.00	816.85
1685.00	753.65
1686.00	755.99
1687.00	777.06
1688.00	851.96
1689.00	739.61
1690.00	763.01
1691.00	819.19
1692.00	763.01
1693.00	791.10
1694.00	755.99
1695.00	713.86
1696.00	688.12
1697.00	784.08
1698.00	837.91
1699.00	725.57
1700.00	805.14
1701.00	770.04
1702.00	741.95
1703.00	748.97
1704.00	863.66
1705.00	751.31
1706.00	828.55
1707.00	807.48
1708.00	830.89
1709.00	861.32
1710.00	725.57
1711.00	819.19
1712.00	866.00
1713.00	940.90
1714.00	1357.51
1715.00	3276.75
1716.00	6431.79
1717.00	8336.99
1718.00	7480.35
1719.00	5636.01
1720.00	4112.32
1721.00	3197.17
1722.00	2399.05
1723.00	1657.10
1724.00	1123.46
1725.00	952.60
1726.00	863.66
1727.00	868.34
1728.00	816.85
1729.00	758.33
1730.00	821.53
1731.00	828.55
1732.00	835.57
1733.00	784.08
1734.00	774.72
1735.00	711.52
1736.00	702.16
1737.00	758.33
1738.00	760.67
1739.00	807.48
1740.00	758.33
1741.00	748.97
1742.00	753.65
1743.00	713.86
1744.00	706.84
1745.00	718.54
1746.00	748.97
1747.00	772.38
1748.00	765.36
1749.00	842.59
1750.00	774.72
1751.00	779.40
1752.00	760.67
1753.00	821.53
1754.00	753.65
1755.00	779.40
1756.00	772.38
1757.00	847.27
1758.00	849.61
1759.00	833.23
1760.00	685.78
1761.00	760.67
1762.00	812.17
1763.00	805.14
1764.00	800.46
1765.00	849.61
1766.00	870.68
1767.00	812.17
1768.00	891.74
1769.00	990.05
1770.00	1959.03
1771.00	5593.88
1772.00	10963.07
1773.00	14406.00
1774.00	12369.73
1775.00	9245.12
1776.00	6839.05
1777.00	4896.40
1778.00	3094.19
1779.00	1987.11
1780.00	1256.87
1781.00	1118.78
1782.00	901.11
1783.00	915.15
1784.00	912.81
1785.00	784.08
1786.00	851.96
1787.00	765.36
1788.00	835.57
1789.00	793.44
1790.00	744.29
1791.00	889.40
1792.00	765.36
1793.00	812.17
1794.00	812.17
1795.00	821.53
1796.00	837.91
1797.00	1034.52
1798.00	2209.47
1799.00	4975.98
1800.00	8212.94
1801.00	9376.19
1802.00	7506.10
1803.00	5481.53
1804.00	3911.04
1805.00	2708.00
1806.00	1823.28
1807.00	1315.38
1808.00	1027.50
1809.00	926.85
1810.00	830.89
1811.00	819.19
1812.00	833.23
1813.00	847.27
1814.00	779.40
1815.00	821.53
1816.00	699.82
1817.00	753.65
1818.00	664.71
1819.00	781.74
1820.00	746.63
1821.00	753.65
1822.00	753.65
1823.00	844.93
1824.00	779.40
1825.00	781.74
1826.00	875.36
1827.00	870.68
1828.00	884.72
1829.00	861.32
1830.00	746.63
1831.00	758.33
1832.00	770.04
1833.00	706.84
1834.00	758.33
1835.00	779.40
1836.00	798.12
1837.00	791.10
1838.00	704.50
1839.00	688.12
1840.00	786.42
1841.00	730.25
1842.00	737.27
1843.00	723.23
1844.00	734.93
1845.00	737.27
1846.00	730.25
1847.00	802.80
1848.00	704.50
1849.00	793.44
1850.00	837.91
1851.00	723.23
1852.00	692.80
1853.00	751.31
1854.00	746.63
1855.00	641.31
1856.00	748.97
1857.00	730.25
1858.00	779.40
1859.00	758.33
1860.00	753.65
1861.00	711.52
1862.00	805.14
1863.00	748.97
1864.00	713.86
1865.00	725.57
1866.00	716.20
1867.00	755.99
1868.00	725.57
1869.00	826.21
1870.00	786.42
1871.00	669.39
1872.00	748.97
1873.00	702.16
1874.00	758.33
1875.00	793.44
1876.00	784.08
1877.00	730.25
1878.00	746.63
1879.00	791.10
1880.00	751.31
1881.00	669.39
1882.00	779.40
1883.00	734.93
1884.00	788.76
1885.00	734.93
1886.00	763.01
1887.00	753.65
1888.00	774.72
1889.00	734.93
1890.00	723.23
1891.00	779.40
1892.00	739.61
1893.00	800.46
1894.00	713.86
1895.00	716.20
1896.00	718.54
1897.00	685.78
1898.00	800.46
1899.00	685.78
1900.00	746.63
1901.00	751.31
1902.00	751.31
1903.00	730.25
1904.00	709.18
1905.00	741.95
1906.00	732.59
1907.00	819.19
1908.00	690.46
1909.00	800.46
1910.00	844.93
1911.00	823.87
1912.00	807.48
1913.00	823.87
1914.00	882.38
1915.00	791.10
1916.00	748.97
1917.00	718.54
1918.00	751.31
1919.00	823.87
1920.00	711.52
1921.00	741.95
1922.00	767.70
1923.00	791.10
1924.00	713.86
1925.00	734.93
1926.00	727.91
1927.00	711.52
1928.00	786.42
1929.00	720.88
1930.00	772.38
1931.00	737.27
1932.00	791.10
1933.00	678.76
1934.00	709.18
1935.00	746.63
1936.00	720.88
1937.00	835.57
1938.00	753.65
1939.00	802.80
1940.00	702.16
1941.00	770.04
1942.00	741.95
1943.00	755.99
1944.00	713.86
1945.00	718.54
1946.00	706.84
1947.00	753.65
1948.00	774.72
1949.00	758.33
1950.00	809.83
1951.00	800.46
1952.00	910.47
1953.00	2099.46
1954.00	4554.68
1955.00	7269.70
1956.00	8044.42
1957.00	5928.58
1958.00	3812.73
1959.00	2312.45
1960.00	1657.10
1961.00	1277.93
1962.00	1032.18
1963.00	922.17
1964.00	868.34
1965.00	784.08
1966.00	805.14
1967.00	772.38
1968.00	744.29
1969.00	821.53
1970.00	770.04
1971.00	795.78
1972.00	809.83
1973.00	772.38
1974.00	786.42
1975.00	786.42
1976.00	767.70
1977.00	730.25
1978.00	692.80
1979.00	875.36
1980.00	844.93
1981.00	950.26
1982.00	1203.04
1983.00	1156.22
1984.00	1011.11
1985.00	1001.75
1986.00	868.34
1987.00	833.23
1988.00	896.43
1989.00	805.14
1990.00	779.40
1991.00	755.99
1992.00	763.01
1993.00	807.48
1994.00	786.42
1995.00	744.29
1996.00	732.59
1997.00	711.52
1998.00	774.72
1999.00	746.63
2000.00	802.80
2001.00	744.29
2002.00	823.87
2003.00	814.51
2004.00	734.93
2005.00	774.72
2006.00	713.86
2007.00	800.46
2008.00	795.78
2009.00	734.93
2010.00	755.99
2011.00	730.25
2012.00	737.27
2013.00	779.40
2014.00	713.86
2015.00	814.51
2016.00	741.95
2017.00	716.20
2018.00	758.33
2019.00	805.14
2020.00	791.10
2021.00	791.10
2022.00	805.14
2023.00	910.47
2024.00	898.77
2025.00	980.68
2026.00	1132.82
2027.00	1177.29
2028.00	1247.51
2029.00	1193.67
2030.00	2237.55
2031.00	6179.01
2032.00	11452.24
2033.00	16149.70
2034.00	14792.19
2035.00	9940.26
2036.00	6483.28
2037.00	4138.07
2038.00	2593.31
2039.00	1774.13
2040.00	1378.58
2041.00	1123.46
2042.00	990.05
2043.00	905.79
2044.00	854.30
2045.00	814.51
2046.00	739.61
2047.00	784.08
