0.00	711.52
1.00	711.52
2.00	711.52
3.00	552.37
4.00	543.00
5.00	531.30
6.00	582.79
7.00	566.41
8.00	587.47
9.00	636.63
10.00	519.60
11.00	620.24
12.00	578.11
13.00	594.50
14.00	566.41
15.00	547.69
16.00	496.19
17.00	566.41
18.00	601.52
19.00	615.56
20.00	657.69
21.00	681.10
22.00	606.20
23.00	657.69
24.00	620.24
25.00	592.16
26.00	704.50
27.00	657.69
28.00	751.31
29.00	676.41
30.00	711.52
31.00	664.71
32.00	702.16
33.00	716.20
34.00	723.23
35.00	690.46
36.00	683.44
37.00	669.39
38.00	741.95
39.00	704.50
40.00	791.10
41.00	751.31
42.00	711.52
43.00	727.91
44.00	706.84
45.00	732.59
46.00	660.03
47.00	800.46
48.00	702.16
49.00	800.46
50.00	823.87
51.00	727.91
52.00	706.84
53.00	786.42
54.00	723.23
55.00	709.18
56.00	760.67
57.00	704.50
58.00	788.76
59.00	786.42
60.00	725.57
61.00	734.93
62.00	826.21
63.00	711.52
64.00	774.72
65.00	699.82
66.00	795.78
67.00	760.67
68.00	772.38
69.00	753.65
70.00	704.50
71.00	760.67
72.00	744.29
73.00	725.57
74.00	730.25
75.00	748.97
76.00	767.70
77.00	674.07
78.00	681.10
79.00	690.46
80.00	725.57
81.00	713.86
82.00	690.46
83.00	692.80
84.00	716.20
85.00	727.91
86.00	702.16
87.00	755.99
88.00	772.38
89.00	746.63
90.00	716.20
91.00	645.99
92.00	690.46
93.00	709.18
94.00	702.16
95.00	711.52
96.00	755.99
97.00	713.86
98.00	657.69
99.00	667.05
100.00	664.71
101.00	674.07
102.00	748.97
103.00	716.20
104.00	746.63
105.00	716.20
106.00	702.16
107.00	772.38
108.00	704.50
109.00	709.18
110.00	772.38
111.00	725.57
112.00	730.25
113.00	746.63
114.00	704.50
115.00	734.93
116.00	730.25
117.00	795.78
118.00	746.63
119.00	716.20
120.00	774.72
121.00	737.27
122.00	741.95
123.00	770.04
124.00	718.54
125.00	734.93
126.00	690.46
127.00	683.44
128.00	727.91
129.00	772.38
130.00	709.18
131.00	667.05
132.00	664.71
133.00	767.70
134.00	734.93
135.00	713.86
136.00	732.59
137.00	716.20
138.00	671.73
139.00	634.29
140.00	730.25
141.00	706.84
142.00	711.52
143.00	809.83
144.00	692.80
145.00	737.27
146.00	681.10
147.00	704.50
148.00	751.31
149.00	713.86
150.00	688.12
151.00	746.63
152.00	648.33
153.00	706.84
154.00	833.23
155.00	737.27
156.00	732.59
157.00	739.61
158.00	763.01
159.00	784.08
160.00	734.93
161.00	702.16
162.00	713.86
163.00	760.67
164.00	695.14
165.00	770.04
166.00	692.80
167.00	748.97
168.00	737.27
169.00	676.41
170.00	702.16
171.00	706.84
172.00	779.40
173.00	746.63
174.00	770.04
175.00	772.38
176.00	777.06
177.00	718.54
178.00	662.37
179.00	805.14
180.00	772.38
181.00	676.41
182.00	702.16
183.00	791.10
184.00	627.26
185.00	748.97
186.00	713.86
187.00	678.76
188.00	699.82
189.00	720.88
190.00	709.18
191.00	690.46
192.00	697.48
193.00	772.38
194.00	805.14
195.00	784.08
196.00	732.59
197.00	748.97
198.00	770.04
199.00	685.78
200.00	678.76
201.00	784.08
202.00	781.74
203.00	706.84
204.00	681.10
205.00	716.20
206.00	758.33
207.00	800.46
208.00	723.23
209.00	765.36
210.00	746.63
211.00	723.23
212.00	655.35
213.00	748.97
214.00	711.52
215.00	770.04
216.00	772.38
217.00	732.59
218.00	697.48
219.00	711.52
220.00	737.27
221.00	723.23
222.00	732.59
223.00	755.99
224.00	781.74
225.00	734.93
226.00	748.97
227.00	713.86
228.00	711.52
229.00	744.29
230.00	699.82
231.00	772.38
232.00	695.14
233.00	683.44
234.00	781.74
235.00	725.57
236.00	678.76
237.00	723.23
238.00	676.41
239.00	713.86
240.00	730.25
241.00	688.12
242.00	695.14
243.00	751.31
244.00	690.46
245.00	685.78
246.00	767.70
247.00	767.70
248.00	695.14
249.00	688.12
250.00	699.82
251.00	751.31
252.00	772.38
253.00	683.44
254.00	798.12
255.00	765.36
256.00	730.25
257.00	730.25
258.00	800.46
259.00	746.63
260.00	716.20
261.00	688.12
262.00	805.14
263.00	713.86
264.00	809.83
265.00	744.29
266.00	840.25
267.00	777.06
268.00	866.00
269.00	772.38
270.00	732.59
271.00	739.61
272.00	851.96
273.00	828.55
274.00	772.38
275.00	732.59
276.00	784.08
277.00	765.36
278.00	727.91
279.00	760.67
280.00	781.74
281.00	791.10
282.00	791.10
283.00	779.40
284.00	723.23
285.00	746.63
286.00	795.78
287.00	795.78
288.00	746.63
289.00	706.84
290.00	758.33
291.00	744.29
292.00	753.65
293.00	791.10
294.00	763.01
295.00	767.70
296.00	734.93
297.00	734.93
298.00	753.65
299.00	727.91
300.00	723.23
301.00	774.72
302.00	798.12
303.00	739.61
304.00	718.54
305.00	777.06
306.00	765.36
307.00	772.38
308.00	788.76
309.00	807.48
310.00	814.51
311.00	858.98
312.00	734.93
313.00	788.76
314.00	739.61
315.00	725.57
316.00	725.57
317.00	744.29
318.00	727.91
319.00	791.10
320.00	746.63
321.00	695.14
322.00	704.50
323.00	741.95
324.00	702.16
325.00	730.25
326.00	741.95
327.00	732.59
328.00	683.44
329.00	699.82
330.00	690.46
331.00	805.14
332.00	737.27
333.00	706.84
334.00	709.18
335.00	706.84
336.00	758.33
337.00	765.36
338.00	793.44
339.00	671.73
340.00	690.46
341.00	781.74
342.00	695.14
343.00	702.16
344.00	760.67
345.00	793.44
346.00	788.76
347.00	812.17
348.00	805.14
349.00	837.91
350.00	774.72
351.00	753.65
352.00	755.99
353.00	819.19
354.00	802.80
355.00	730.25
356.00	699.82
357.00	730.25
358.00	772.38
359.00	765.36
360.00	697.48
361.00	699.82
362.00	760.67
363.00	798.12
364.00	774.72
365.00	730.25
366.00	739.61
367.00	713.86
368.00	770.04
369.00	688.12
370.00	767.70
371.00	758.33
372.00	805.14
373.00	791.10
374.00	777.06
375.00	716.20
376.00	748.97
377.00	833.23
378.00	751.31
379.00	716.20
380.00	725.57
381.00	702.16
382.00	681.10
383.00	760.67
384.00	727.91
385.00	821.53
386.00	765.36
387.00	713.86
388.00	737.27
389.00	734.93
390.00	770.04
391.00	786.42
392.00	739.61
393.00	746.63
394.00	751.31
395.00	662.37
396.00	718.54
397.00	807.48
398.00	716.20
399.00	690.46
400.00	779.40
401.00	688.12
402.00	725.57
403.00	713.86
404.00	798.12
405.00	781.74
406.00	758.33
407.00	760.67
408.00	711.52
409.00	741.95
410.00	807.48
411.00	692.80
412.00	763.01
413.00	730.25
414.00	718.54
415.00	718.54
416.00	706.84
417.00	791.10
418.00	727.91
419.00	805.14
420.00	760.67
421.00	657.69
422.00	755.99
423.00	779.40
424.00	699.82
425.00	699.82
426.00	746.63
427.00	732.59
428.00	755.99
429.00	720.88
430.00	765.36
431.00	725.57
432.00	734.93
433.00	727.91
434.00	732.59
435.00	774.72
436.00	711.52
437.00	746.63
438.00	755.99
439.00	723.23
440.00	760.67
441.00	734.93
442.00	709.18
443.00	798.12
444.00	706.84
445.00	791.10
446.00	669.39
447.00	753.65
448.00	734.93
449.00	758.33
450.00	770.04
451.00	720.88
452.00	676.41
453.00	758.33
454.00	791.10
455.00	692.80
456.00	725.57
457.00	795.78
458.00	770.04
459.00	784.08
460.00	683.44
461.00	746.63
462.00	779.40
463.00	760.67
464.00	805.14
465.00	746.63
466.00	716.20
467.00	770.04
468.00	777.06
469.00	802.80
470.00	723.23
471.00	725.57
472.00	753.65
473.00	737.27
474.00	727.91
475.00	772.38
476.00	739.61
477.00	716.20
478.00	786.42
479.00	744.29
480.00	772.38
481.00	664.71
482.00	730.25
483.00	725.57
484.00	758.33
485.00	760.67
486.00	709.18
487.00	739.61
488.00	751.31
489.00	788.76
490.00	739.61
491.00	664.71
492.00	716.20
493.00	720.88
494.00	805.14
495.00	772.38
496.00	763.01
497.00	753.65
498.00	753.65
499.00	702.16
500.00	709.18
501.00	767.70
502.00	765.36
503.00	699.82
504.00	770.04
505.00	758.33
506.00	718.54
507.00	816.85
508.00	760.67
509.00	779.40
510.00	744.29
511.00	629.60
512.00	784.08
513.00	784.08
514.00	814.51
515.00	723.23
516.00	751.31
517.00	821.53
518.00	737.27
519.00	765.36
520.00	678.76
521.00	727.91
522.00	739.61
523.00	763.01
524.00	732.59
525.00	730.25
526.00	716.20
527.00	692.80
528.00	704.50
529.00	660.03
530.00	746.63
531.00	734.93
532.00	763.01
533.00	744.29
534.00	777.06
535.00	753.65
536.00	748.97
537.00	755.99
538.00	760.67
539.00	667.05
540.00	716.20
541.00	737.27
542.00	676.41
543.00	774.72
544.00	697.48
545.00	777.06
546.00	709.18
547.00	699.82
548.00	741.95
549.00	784.08
550.00	671.73
551.00	807.48
552.00	772.38
553.00	697.48
554.00	758.33
555.00	716.20
556.00	725.57
557.00	662.37
558.00	772.38
559.00	720.88
560.00	746.63
561.00	685.78
562.00	704.50
563.00	786.42
564.00	713.86
565.00	725.57
566.00	767.70
567.00	760.67
568.00	753.65
569.00	772.38
570.00	667.05
571.00	699.82
572.00	730.25
573.00	704.50
574.00	770.04
575.00	777.06
576.00	763.01
577.00	798.12
578.00	737.27
579.00	800.46
580.00	791.10
581.00	781.74
582.00	716.20
583.00	709.18
584.00	758.33
585.00	664.71
586.00	713.86
587.00	833.23
588.00	770.04
589.00	755.99
590.00	777.06
591.00	753.65
592.00	748.97
593.00	767.70
594.00	704.50
595.00	753.65
596.00	741.95
597.00	699.82
598.00	791.10
599.00	751.31
600.00	704.50
601.00	711.52
602.00	809.83
603.00	695.14
604.00	786.42
605.00	760.67
606.00	763.01
607.00	781.74
608.00	725.57
609.00	702.16
610.00	760.67
611.00	732.59
612.00	746.63
613.00	730.25
614.00	765.36
615.00	760.67
616.00	741.95
617.00	786.42
618.00	730.25
619.00	681.10
620.00	748.97
621.00	763.01
622.00	727.91
623.00	751.31
624.00	758.33
625.00	753.65
626.00	793.44
627.00	746.63
628.00	671.73
629.00	777.06
630.00	781.74
631.00	727.91
632.00	692.80
633.00	772.38
634.00	784.08
635.00	709.18
636.00	704.50
637.00	767.70
638.00	690.46
639.00	725.57
640.00	697.48
641.00	704.50
642.00	770.04
643.00	685.78
644.00	720.88
645.00	795.78
646.00	732.59
647.00	739.61
648.00	732.59
649.00	765.36
650.00	744.29
651.00	711.52
652.00	816.85
653.00	765.36
654.00	716.20
655.00	725.57
656.00	784.08
657.00	786.42
658.00	772.38
659.00	674.07
660.00	727.91
661.00	755.99
662.00	788.76
663.00	753.65
664.00	702.16
665.00	784.08
666.00	781.74
667.00	748.97
668.00	746.63
669.00	765.36
670.00	800.46
671.00	711.52
672.00	683.44
673.00	760.67
674.00	786.42
675.00	699.82
676.00	744.29
677.00	746.63
678.00	706.84
679.00	763.01
680.00	800.46
681.00	718.54
682.00	760.67
683.00	706.84
684.00	767.70
685.00	753.65
686.00	695.14
687.00	678.76
688.00	688.12
689.00	692.80
690.00	793.44
691.00	744.29
692.00	781.74
693.00	779.40
694.00	643.65
695.00	744.29
696.00	774.72
697.00	723.23
698.00	746.63
699.00	767.70
700.00	739.61
701.00	746.63
702.00	699.82
703.00	744.29
704.00	737.27
705.00	772.38
706.00	702.16
707.00	770.04
708.00	737.27
709.00	814.51
710.00	826.21
711.00	732.59
712.00	758.33
713.00	730.25
714.00	781.74
715.00	695.14
716.00	730.25
717.00	809.83
718.00	723.23
719.00	723.23
720.00	741.95
721.00	758.33
722.00	737.27
723.00	748.97
724.00	805.14
725.00	662.37
726.00	744.29
727.00	737.27
728.00	784.08
729.00	730.25
730.00	809.83
731.00	767.70
732.00	727.91
733.00	763.01
734.00	739.61
735.00	711.52
736.00	777.06
737.00	814.51
738.00	805.14
739.00	744.29
740.00	781.74
741.00	760.67
742.00	774.72
743.00	706.84
744.00	730.25
745.00	713.86
746.00	760.67
747.00	713.86
748.00	758.33
749.00	767.70
750.00	741.95
751.00	690.46
752.00	730.25
753.00	763.01
754.00	800.46
755.00	748.97
756.00	744.29
757.00	791.10
758.00	746.63
759.00	725.57
760.00	741.95
761.00	744.29
762.00	821.53
763.00	770.04
764.00	777.06
765.00	727.91
766.00	737.27
767.00	748.97
768.00	774.72
769.00	732.59
770.00	791.10
771.00	709.18
772.00	788.76
773.00	772.38
774.00	730.25
775.00	795.78
776.00	772.38
777.00	781.74
778.00	805.14
779.00	814.51
780.00	807.48
781.00	786.42
782.00	763.01
783.00	812.17
784.00	807.48
785.00	753.65
786.00	795.78
787.00	660.03
788.00	753.65
789.00	688.12
790.00	730.25
791.00	805.14
792.00	753.65
793.00	727.91
794.00	695.14
795.00	758.33
796.00	786.42
797.00	777.06
798.00	767.70
799.00	744.29
800.00	807.48
801.00	688.12
802.00	706.84
803.00	779.40
804.00	777.06
805.00	739.61
806.00	795.78
807.00	723.23
808.00	753.65
809.00	798.12
810.00	725.57
811.00	760.67
812.00	727.91
813.00	772.38
814.00	723.23
815.00	823.87
816.00	753.65
817.00	779.40
818.00	784.08
819.00	753.65
820.00	685.78
821.00	737.27
822.00	819.19
823.00	755.99
824.00	781.74
825.00	751.31
826.00	851.96
827.00	746.63
828.00	795.78
829.00	741.95
830.00	725.57
831.00	709.18
832.00	758.33
833.00	770.04
834.00	781.74
835.00	713.86
836.00	828.55
837.00	786.42
838.00	774.72
839.00	786.42
840.00	807.48
841.00	755.99
842.00	767.70
843.00	802.80
844.00	755.99
845.00	739.61
846.00	770.04
847.00	772.38
848.00	723.23
849.00	727.91
850.00	744.29
851.00	821.53
852.00	763.01
853.00	744.29
854.00	706.84
855.00	849.61
856.00	767.70
857.00	753.65
858.00	685.78
859.00	779.40
860.00	725.57
861.00	730.25
862.00	681.10
863.00	779.40
864.00	793.44
865.00	720.88
866.00	767.70
867.00	786.42
868.00	744.29
869.00	718.54
870.00	748.97
871.00	774.72
872.00	791.10
873.00	720.88
874.00	678.76
875.00	807.48
876.00	737.27
877.00	730.25
878.00	786.42
879.00	802.80
880.00	730.25
881.00	781.74
882.00	781.74
883.00	758.33
884.00	833.23
885.00	765.36
886.00	720.88
887.00	751.31
888.00	702.16
889.00	741.95
890.00	833.23
891.00	725.57
892.00	737.27
893.00	786.42
894.00	786.42
895.00	737.27
896.00	800.46
897.00	709.18
898.00	730.25
899.00	753.65
900.00	788.76
901.00	772.38
902.00	772.38
903.00	674.07
904.00	732.59
905.00	823.87
906.00	854.30
907.00	854.30
908.00	847.27
909.00	816.85
910.00	774.72
911.00	840.25
912.00	903.45
913.00	819.19
914.00	919.83
915.00	861.32
916.00	821.53
917.00	800.46
918.00	802.80
919.00	772.38
920.00	793.44
921.00	718.54
922.00	746.63
923.00	781.74
924.00	718.54
925.00	770.04
926.00	734.93
927.00	748.97
928.00	791.10
929.00	777.06
930.00	786.42
931.00	720.88
932.00	732.59
933.00	763.01
934.00	774.72
935.00	821.53
936.00	870.68
937.00	826.21
938.00	753.65
939.00	767.70
940.00	828.55
941.00	788.76
942.00	791.10
943.00	786.42
944.00	737.27
945.00	805.14
946.00	1053.24
947.00	1483.90
948.00	1863.07
949.00	1769.44
950.00	1427.73
951.00	1238.14
952.00	1100.05
953.00	1060.26
954.00	901.11
955.00	812.17
956.00	770.04
957.00	777.06
958.00	854.30
959.00	833.23
960.00	723.23
961.00	781.74
962.00	798.12
963.00	786.42
964.00	713.86
965.00	858.98
966.00	725.57
967.00	805.14
968.00	732.59
969.00	767.70
970.00	737.27
971.00	739.61
972.00	812.17
973.00	807.48
974.00	826.21
975.00	821.53
976.00	725.57
977.00	732.59
978.00	760.67
979.00	744.29
980.00	699.82
981.00	809.83
982.00	765.36
983.00	664.71
984.00	709.18
985.00	727.91
986.00	704.50
987.00	805.14
988.00	667.05
989.00	748.97
990.00	788.76
991.00	732.59
992.00	709.18
993.00	788.76
994.00	833.23
995.00	800.46
996.00	744.29
997.00	779.40
998.00	763.01
999.00	781.74
1000.00	732.59
1001.00	781.74
1002.00	676.41
1003.00	793.44
1004.00	821.53
1005.00	767.70
1006.00	695.14
1007.00	802.80
1008.00	716.20
1009.00	751.31
1010.00	770.04
1011.00	718.54
1012.00	711.52
1013.00	814.51
1014.00	770.04
1015.00	814.51
1016.00	774.72
1017.00	800.46
1018.00	720.88
1019.00	709.18
1020.00	751.31
1021.00	770.04
1022.00	697.48
1023.00	718.54
1024.00	737.27
1025.00	779.40
1026.00	739.61
1027.00	772.38
1028.00	765.36
1029.00	763.01
1030.00	727.91
1031.00	699.82
1032.00	709.18
1033.00	765.36
1034.00	760.67
1035.00	713.86
1036.00	727.91
1037.00	781.74
1038.00	748.97
1039.00	692.80
1040.00	723.23
1041.00	765.36
1042.00	798.12
1043.00	734.93
1044.00	791.10
1045.00	802.80
1046.00	933.87
1047.00	805.14
1048.00	781.74
1049.00	734.93
1050.00	751.31
1051.00	723.23
1052.00	772.38
1053.00	741.95
1054.00	765.36
1055.00	711.52
1056.00	755.99
1057.00	791.10
1058.00	767.70
1059.00	692.80
1060.00	779.40
1061.00	723.23
1062.00	777.06
1063.00	772.38
1064.00	744.29
1065.00	751.31
1066.00	798.12
1067.00	727.91
1068.00	713.86
1069.00	732.59
1070.00	765.36
1071.00	711.52
1072.00	739.61
1073.00	784.08
1074.00	751.31
1075.00	748.97
1076.00	681.10
1077.00	814.51
1078.00	814.51
1079.00	767.70
1080.00	861.32
1081.00	732.59
1082.00	748.97
1083.00	805.14
1084.00	739.61
1085.00	753.65
1086.00	784.08
1087.00	688.12
1088.00	770.04
1089.00	704.50
1090.00	805.14
1091.00	779.40
1092.00	781.74
1093.00	763.01
1094.00	744.29
1095.00	760.67
1096.00	777.06
1097.00	723.23
1098.00	784.08
1099.00	688.12
1100.00	713.86
1101.00	765.36
1102.00	781.74
1103.00	788.76
1104.00	774.72
1105.00	774.72
1106.00	767.70
1107.00	730.25
1108.00	758.33
1109.00	758.33
1110.00	805.14
1111.00	844.93
1112.00	674.07
1113.00	774.72
1114.00	816.85
1115.00	807.48
1116.00	753.65
1117.00	826.21
1118.00	711.52
1119.00	755.99
1120.00	763.01
1121.00	807.48
1122.00	793.44
1123.00	788.76
1124.00	770.04
1125.00	798.12
1126.00	798.12
1127.00	727.91
1128.00	779.40
1129.00	777.06
1130.00	751.31
1131.00	809.83
1132.00	709.18
1133.00	774.72
1134.00	748.97
1135.00	770.04
1136.00	760.67
1137.00	793.44
1138.00	760.67
1139.00	791.10
1140.00	821.53
1141.00	847.27
1142.00	807.48
1143.00	748.97
1144.00	770.04
1145.00	744.29
1146.00	793.44
1147.00	751.31
1148.00	753.65
1149.00	779.40
1150.00	791.10
1151.00	816.85
1152.00	774.72
1153.00	807.48
1154.00	723.23
1155.00	809.83
1156.00	744.29
1157.00	772.38
1158.00	866.00
1159.00	910.47
1160.00	868.34
1161.00	812.17
1162.00	866.00
1163.00	765.36
1164.00	746.63
1165.00	807.48
1166.00	840.25
1167.00	992.39
1168.00	1144.52
1169.00	1249.85
1170.00	1090.69
1171.00	1004.09
1172.00	1001.75
1173.00	866.00
1174.00	856.64
1175.00	840.25
1176.00	898.77
1177.00	816.85
1178.00	802.80
1179.00	774.72
1180.00	760.67
1181.00	835.57
1182.00	788.76
1183.00	823.87
1184.00	847.27
1185.00	842.59
1186.00	854.30
1187.00	858.98
1188.00	908.13
1189.00	830.89
1190.00	802.80
1191.00	844.93
1192.00	814.51
1193.00	889.40
1194.00	875.36
1195.00	905.79
1196.00	882.38
1197.00	866.00
1198.00	870.68
1199.00	898.77
1200.00	919.83
1201.00	985.37
1202.00	1034.52
1203.00	1125.80
1204.00	1039.20
1205.00	1032.18
1206.00	1025.15
1207.00	976.00
1208.00	1043.88
1209.00	1004.09
1210.00	1001.75
1211.00	987.71
1212.00	1006.43
1213.00	1041.54
1214.00	968.98
1215.00	1090.69
1216.00	1172.61
1217.00	1280.27
1218.00	1392.62
1219.00	1659.44
1220.00	3066.10
1221.00	16783.98
1222.00	47386.49
1223.00	62045.26
1224.00	61427.36
1225.00	52353.10
1226.00	38759.27
1227.00	28386.02
1228.00	23213.43
1229.00	16779.30
1230.00	8180.17
1231.00	3545.91
1232.00	1849.02
1233.00	1561.14
1234.00	1284.95
1235.00	1343.47
1236.00	1259.21
1237.00	1146.86
1238.00	1177.29
1239.00	1411.34
1240.00	3035.67
1241.00	5210.03
1242.00	6193.06
1243.00	5401.96
1244.00	4112.32
1245.00	3016.95
1246.00	2427.14
1247.00	2242.23
1248.00	1614.97
1249.00	1088.35
1250.00	891.74
1251.00	891.74
1252.00	933.87
1253.00	968.98
1254.00	994.73
1255.00	997.07
1256.00	957.28
1257.00	980.68
1258.00	987.71
1259.00	936.21
1260.00	901.11
1261.00	985.37
1262.00	903.45
1263.00	945.58
1264.00	861.32
1265.00	837.91
1266.00	898.77
1267.00	812.17
1268.00	800.46
1269.00	835.57
1270.00	791.10
1271.00	809.83
1272.00	856.64
1273.00	770.04
1274.00	875.36
1275.00	931.53
1276.00	837.91
1277.00	891.74
1278.00	978.34
1279.00	2242.23
1280.00	5582.18
1281.00	9640.67
1282.00	10544.11
1283.00	8222.30
1284.00	6235.19
1285.00	4428.29
1286.00	3709.75
1287.00	3183.13
1288.00	1984.77
1289.00	1303.68
1290.00	966.64
1291.00	875.36
1292.00	863.66
1293.00	870.68
1294.00	887.06
1295.00	973.66
1296.00	978.34
1297.00	835.57
1298.00	945.58
1299.00	1565.82
1300.00	2450.54
1301.00	2963.12
1302.00	2663.53
1303.00	2230.53
1304.00	1746.04
1305.00	1544.75
1306.00	1385.60
1307.00	1151.54
1308.00	959.62
1309.00	903.45
1310.00	931.53
1311.00	844.93
1312.00	919.83
1313.00	800.46
1314.00	781.74
1315.00	847.27
1316.00	788.76
1317.00	807.48
1318.00	777.06
1319.00	786.42
1320.00	826.21
1321.00	734.93
1322.00	765.36
1323.00	809.83
1324.00	723.23
1325.00	793.44
1326.00	800.46
1327.00	767.70
1328.00	760.67
1329.00	772.38
1330.00	816.85
1331.00	795.78
1332.00	847.27
1333.00	987.71
1334.00	1638.38
1335.00	2647.15
1336.00	3337.60
1337.00	2803.96
1338.00	2293.72
1339.00	1806.89
1340.00	1549.43
1341.00	1413.68
1342.00	1170.27
1343.00	980.68
1344.00	840.25
1345.00	828.55
1346.00	725.57
1347.00	870.68
1348.00	802.80
1349.00	856.64
1350.00	812.17
1351.00	844.93
1352.00	844.93
1353.00	777.06
1354.00	833.23
1355.00	725.57
1356.00	812.17
1357.00	933.87
1358.00	931.53
1359.00	922.17
1360.00	823.87
1361.00	1008.77
1362.00	2097.12
1363.00	5097.69
1364.00	8245.71
1365.00	8959.57
1366.00	6881.18
1367.00	5144.50
1368.00	3833.80
1369.00	3269.73
1370.00	2640.12
1371.00	1678.16
1372.00	1172.61
1373.00	950.26
1374.00	1034.52
1375.00	1081.33
1376.00	2738.43
1377.00	8084.21
1378.00	14195.35
1379.00	15859.47
1380.00	12343.99
1381.00	8919.78
1382.00	6448.18
1383.00	5259.18
1384.00	4304.25
1385.00	2616.72
1386.00	1490.92
1387.00	1076.65
1388.00	961.96
1389.00	933.87
1390.00	990.05
1391.00	938.55
1392.00	809.83
1393.00	898.77
1394.00	868.34
1395.00	823.87
1396.00	894.08
1397.00	929.19
1398.00	1039.20
1399.00	1235.80
1400.00	1249.85
1401.00	1156.22
1402.00	1132.82
1403.00	1053.24
1404.00	1121.12
1405.00	1200.69
1406.00	1907.54
1407.00	7747.17
1408.00	18057.23
1409.00	26300.60
1410.00	23215.77
1411.00	16744.19
1412.00	11592.67
1413.00	8704.45
1414.00	7440.56
1415.00	4924.49
1416.00	2530.12
1417.00	1582.20
1418.00	1107.07
1419.00	1076.65
1420.00	1874.77
1421.00	4011.68
1422.00	6286.68
1423.00	6916.28
1424.00	5460.47
1425.00	3927.42
1426.00	3084.83
1427.00	2679.91
1428.00	2216.49
1429.00	1434.75
1430.00	1076.65
1431.00	922.17
1432.00	875.36
1433.00	821.53
1434.00	858.98
1435.00	861.32
1436.00	915.15
1437.00	875.36
1438.00	805.14
1439.00	760.67
1440.00	863.66
1441.00	770.04
1442.00	770.04
1443.00	800.46
1444.00	767.70
1445.00	793.44
1446.00	851.96
1447.00	781.74
1448.00	828.55
1449.00	786.42
1450.00	798.12
1451.00	793.44
1452.00	826.21
1453.00	856.64
1454.00	884.72
1455.00	1207.72
1456.00	2363.94
1457.00	3784.65
1458.00	4561.70
1459.00	3728.47
1460.00	2846.09
1461.00	2293.72
1462.00	1865.41
1463.00	1680.50
1464.00	1245.16
1465.00	917.49
1466.00	931.53
1467.00	798.12
1468.00	856.64
1469.00	772.38
1470.00	763.01
1471.00	788.76
1472.00	758.33
1473.00	795.78
1474.00	788.76
1475.00	730.25
1476.00	795.78
1477.00	772.38
1478.00	802.80
1479.00	751.31
1480.00	830.89
1481.00	784.08
1482.00	854.30
1483.00	868.34
1484.00	943.24
1485.00	844.93
1486.00	868.34
1487.00	1170.27
1488.00	3463.99
1489.00	8613.17
1490.00	13060.19
1491.00	13291.90
1492.00	9680.46
1493.00	6766.49
1494.00	5287.27
1495.00	4353.40
1496.00	3091.85
1497.00	1860.73
1498.00	1203.04
1499.00	905.79
1500.00	842.59
1501.00	795.78
1502.00	851.96
1503.00	800.46
1504.00	847.27
1505.00	849.61
1506.00	861.32
1507.00	814.51
1508.00	835.57
1509.00	903.45
1510.00	854.30
1511.00	751.31
1512.00	856.64
1513.00	1064.94
1514.00	2036.27
1515.00	3337.60
1516.00	4074.87
1517.00	3492.08
1518.00	2537.14
1519.00	2031.58
1520.00	1809.23
1521.00	1629.01
1522.00	1172.61
1523.00	1006.43
1524.00	898.77
1525.00	833.23
1526.00	866.00
1527.00	821.53
1528.00	856.64
1529.00	931.53
1530.00	880.04
1531.00	891.74
1532.00	966.64
1533.00	1762.42
1534.00	5013.43
1535.00	8423.59
1536.00	10157.92
1537.00	7581.00
1538.00	5605.58
1539.00	4133.39
1540.00	3281.43
1541.00	2672.89
1542.00	1764.76
1543.00	1181.97
1544.00	983.02
1545.00	910.47
1546.00	882.38
1547.00	898.77
1548.00	854.30
1549.00	861.32
1550.00	870.68
1551.00	856.64
1552.00	861.32
1553.00	807.48
1554.00	851.96
1555.00	798.12
1556.00	835.57
1557.00	795.78
1558.00	854.30
1559.00	887.06
1560.00	837.91
1561.00	917.49
1562.00	903.45
1563.00	940.90
1564.00	1013.45
1565.00	1301.34
1566.00	4212.96
1567.00	10656.46
1568.00	16893.99
1569.00	17411.25
1570.00	12538.25
1571.00	8966.59
1572.00	6576.91
1573.00	5437.06
1574.00	3815.07
1575.00	2300.75
1576.00	1591.56
1577.00	1299.00
1578.00	1643.06
1579.00	6050.28
1580.00	16791.00
1581.00	26988.72
1582.00	28283.03
1583.00	19850.08
1584.00	13825.54
1585.00	10066.64
1586.00	8264.43
1587.00	5437.06
1588.00	3052.06
1589.00	1792.85
1590.00	1217.08
1591.00	1036.86
1592.00	943.24
1593.00	908.13
1594.00	875.36
1595.00	889.40
1596.00	870.68
1597.00	826.21
1598.00	875.36
1599.00	779.40
1600.00	877.70
1601.00	798.12
1602.00	786.42
1603.00	840.25
1604.00	795.78
1605.00	788.76
1606.00	779.40
1607.00	807.48
1608.00	772.38
1609.00	772.38
1610.00	814.51
1611.00	816.85
1612.00	807.48
1613.00	802.80
1614.00	819.19
1615.00	770.04
1616.00	746.63
1617.00	777.06
1618.00	795.78
1619.00	784.08
1620.00	746.63
1621.00	753.65
1622.00	849.61
1623.00	830.89
1624.00	826.21
1625.00	779.40
1626.00	863.66
1627.00	814.51
1628.00	713.86
1629.00	753.65
1630.00	814.51
1631.00	800.46
1632.00	744.29
1633.00	720.88
1634.00	791.10
1635.00	767.70
1636.00	805.14
1637.00	779.40
1638.00	727.91
1639.00	786.42
1640.00	765.36
1641.00	844.93
1642.00	840.25
1643.00	767.70
1644.00	807.48
1645.00	844.93
1646.00	870.68
1647.00	917.49
1648.00	877.70
1649.00	1109.41
1650.00	2462.24
1651.00	6986.50
1652.00	12332.28
1653.00	14712.61
1654.00	11616.08
1655.00	8482.10
1656.00	6171.99
1657.00	4926.83
1658.00	3578.68
1659.00	2230.53
1660.00	1441.77
1661.00	1048.56
1662.00	968.98
1663.00	889.40
1664.00	866.00
1665.00	873.02
1666.00	870.68
1667.00	924.51
1668.00	1142.18
1669.00	2532.46
1670.00	4535.96
1671.00	5434.72
1672.00	4812.14
1673.00	3606.77
1674.00	2745.45
1675.00	2225.85
1676.00	1858.39
1677.00	1343.47
1678.00	966.64
1679.00	854.30
1680.00	739.61
1681.00	840.25
1682.00	779.40
1683.00	809.83
1684.00	765.36
1685.00	751.31
1686.00	702.16
1687.00	727.91
1688.00	772.38
1689.00	753.65
1690.00	781.74
1691.00	739.61
1692.00	763.01
1693.00	734.93
1694.00	718.54
1695.00	816.85
1696.00	716.20
1697.00	816.85
1698.00	854.30
1699.00	746.63
1700.00	828.55
1701.00	830.89
1702.00	800.46
1703.00	784.08
1704.00	821.53
1705.00	849.61
1706.00	800.46
1707.00	730.25
1708.00	727.91
1709.00	809.83
1710.00	737.27
1711.00	816.85
1712.00	805.14
1713.00	919.83
1714.00	1308.36
1715.00	3323.56
1716.00	5902.83
1717.00	7510.78
1718.00	6509.03
1719.00	4882.36
1720.00	3845.50
1721.00	2881.20
1722.00	2183.72
1723.00	1511.99
1724.00	1071.97
1725.00	971.32
1726.00	854.30
1727.00	791.10
1728.00	819.19
1729.00	779.40
1730.00	791.10
1731.00	770.04
1732.00	702.16
1733.00	760.67
1734.00	697.48
1735.00	746.63
1736.00	807.48
1737.00	770.04
1738.00	795.78
1739.00	807.48
1740.00	805.14
1741.00	779.40
1742.00	770.04
1743.00	746.63
1744.00	737.27
1745.00	751.31
1746.00	713.86
1747.00	779.40
1748.00	805.14
1749.00	781.74
1750.00	720.88
1751.00	795.78
1752.00	704.50
1753.00	814.51
1754.00	807.48
1755.00	791.10
1756.00	758.33
1757.00	777.06
1758.00	788.76
1759.00	823.87
1760.00	765.36
1761.00	770.04
1762.00	866.00
1763.00	821.53
1764.00	882.38
1765.00	763.01
1766.00	837.91
1767.00	858.98
1768.00	851.96
1769.00	999.41
1770.00	1956.69
1771.00	5444.09
1772.00	9954.30
1773.00	12931.46
1774.00	10881.15
1775.00	8243.37
1776.00	6097.10
1777.00	4463.40
1778.00	2841.41
1779.00	1865.41
1780.00	1282.61
1781.00	1025.15
1782.00	929.19
1783.00	835.57
1784.00	821.53
1785.00	856.64
1786.00	805.14
1787.00	786.42
1788.00	798.12
1789.00	755.99
1790.00	805.14
1791.00	798.12
1792.00	772.38
1793.00	805.14
1794.00	784.08
1795.00	744.29
1796.00	826.21
1797.00	971.32
1798.00	2246.91
1799.00	4821.50
1800.00	7562.27
1801.00	8325.29
1802.00	6607.33
1803.00	5149.18
1804.00	3569.32
1805.00	2523.10
1806.00	1633.69
1807.00	1188.99
1808.00	1001.75
1809.00	940.90
1810.00	866.00
1811.00	732.59
1812.00	770.04
1813.00	844.93
1814.00	791.10
1815.00	788.76
1816.00	732.59
1817.00	664.71
1818.00	760.67
1819.00	795.78
1820.00	800.46
1821.00	840.25
1822.00	798.12
1823.00	788.76
1824.00	737.27
1825.00	802.80
1826.00	882.38
1827.00	847.27
1828.00	763.01
1829.00	851.96
1830.00	748.97
1831.00	784.08
1832.00	772.38
1833.00	737.27
1834.00	758.33
1835.00	812.17
1836.00	786.42
1837.00	772.38
1838.00	716.20
1839.00	739.61
1840.00	720.88
1841.00	774.72
1842.00	753.65
1843.00	774.72
1844.00	744.29
1845.00	830.89
1846.00	753.65
1847.00	692.80
1848.00	816.85
1849.00	760.67
1850.00	725.57
1851.00	727.91
1852.00	798.12
1853.00	763.01
1854.00	784.08
1855.00	777.06
1856.00	798.12
1857.00	774.72
1858.00	763.01
1859.00	772.38
1860.00	725.57
1861.00	664.71
1862.00	739.61
1863.00	716.20
1864.00	711.52
1865.00	786.42
1866.00	779.40
1867.00	751.31
1868.00	765.36
1869.00	732.59
1870.00	730.25
1871.00	755.99
1872.00	770.04
1873.00	744.29
1874.00	779.40
1875.00	753.65
1876.00	781.74
1877.00	819.19
1878.00	767.70
1879.00	753.65
1880.00	765.36
1881.00	716.20
1882.00	732.59
1883.00	788.76
1884.00	791.10
1885.00	798.12
1886.00	812.17
1887.00	753.65
1888.00	798.12
1889.00	795.78
1890.00	828.55
1891.00	713.86
1892.00	720.88
1893.00	718.54
1894.00	793.44
1895.00	758.33
1896.00	753.65
1897.00	734.93
1898.00	786.42
1899.00	676.41
1900.00	760.67
1901.00	765.36
1902.00	744.29
1903.00	767.70
1904.00	767.70
1905.00	765.36
1906.00	713.86
1907.00	737.27
1908.00	690.46
1909.00	786.42
1910.00	809.83
1911.00	877.70
1912.00	835.57
1913.00	873.02
1914.00	788.76
1915.00	800.46
1916.00	767.70
1917.00	755.99
1918.00	763.01
1919.00	767.70
1920.00	763.01
1921.00	779.40
1922.00	725.57
1923.00	688.12
1924.00	702.16
1925.00	751.31
1926.00	788.76
1927.00	800.46
1928.00	734.93
1929.00	718.54
1930.00	786.42
1931.00	746.63
1932.00	702.16
1933.00	763.01
1934.00	730.25
1935.00	688.12
1936.00	713.86
1937.00	793.44
1938.00	779.40
1939.00	692.80
1940.00	718.54
1941.00	807.48
1942.00	746.63
1943.00	812.17
1944.00	734.93
1945.00	800.46
1946.00	779.40
1947.00	720.88
1948.00	748.97
1949.00	772.38
1950.00	849.61
1951.00	837.91
1952.00	1001.75
1953.00	2029.24
1954.00	4484.47
1955.00	6602.65
1956.00	7204.17
1957.00	5268.55
1958.00	3492.08
1959.00	2267.98
1960.00	1568.16
1961.00	1235.80
1962.00	990.05
1963.00	917.49
1964.00	868.34
1965.00	784.08
1966.00	840.25
1967.00	826.21
1968.00	713.86
1969.00	748.97
1970.00	772.38
1971.00	702.16
1972.00	730.25
1973.00	826.21
1974.00	870.68
1975.00	760.67
1976.00	784.08
1977.00	725.57
1978.00	777.06
1979.00	727.91
1980.00	884.72
1981.00	990.05
1982.00	1174.95
1983.00	1210.06
1984.00	1029.84
1985.00	931.53
1986.00	851.96
1987.00	816.85
1988.00	826.21
1989.00	770.04
1990.00	732.59
1991.00	784.08
1992.00	734.93
1993.00	823.87
1994.00	739.61
1995.00	748.97
1996.00	767.70
1997.00	720.88
1998.00	777.06
1999.00	741.95
2000.00	777.06
2001.00	699.82
2002.00	781.74
2003.00	833.23
2004.00	854.30
2005.00	758.33
2006.00	753.65
2007.00	751.31
2008.00	774.72
2009.00	741.95
2010.00	765.36
2011.00	770.04
2012.00	723.23
2013.00	802.80
2014.00	765.36
2015.00	760.67
2016.00	826.21
2017.00	802.80
2018.00	809.83
2019.00	725.57
2020.00	725.57
2021.00	758.33
2022.00	770.04
2023.00	777.06
2024.00	856.64
2025.00	959.62
2026.00	1043.88
2027.00	1137.50
2028.00	1064.94
2029.00	1074.31
2030.00	2207.13
2031.00	5902.83
2032.00	10869.45
2033.00	14017.47
2034.00	12592.08
2035.00	8819.14
2036.00	5825.59
2037.00	3595.06
2038.00	2401.39
2039.00	1600.93
2040.00	1329.42
2041.00	1013.45
2042.00	959.62
2043.00	800.46
2044.00	837.91
2045.00	795.78
2046.00	760.67
2047.00	819.19
