0.00	685.78
1.00	685.78
2.00	685.78
3.00	545.34
4.00	573.43
5.00	643.65
6.00	606.20
7.00	575.77
8.00	557.05
9.00	575.77
10.00	561.73
11.00	528.96
12.00	512.58
13.00	603.86
14.00	550.03
15.00	648.33
16.00	564.07
17.00	589.82
18.00	543.00
19.00	669.39
20.00	601.52
21.00	730.25
22.00	566.41
23.00	622.58
24.00	634.29
25.00	650.67
26.00	681.10
27.00	697.48
28.00	725.57
29.00	683.44
30.00	751.31
31.00	699.82
32.00	704.50
33.00	744.29
34.00	699.82
35.00	779.40
36.00	753.65
37.00	748.97
38.00	716.20
39.00	767.70
40.00	786.42
41.00	758.33
42.00	828.55
43.00	746.63
44.00	674.07
45.00	718.54
46.00	802.80
47.00	727.91
48.00	828.55
49.00	767.70
50.00	734.93
51.00	716.20
52.00	755.99
53.00	795.78
54.00	765.36
55.00	706.84
56.00	734.93
57.00	753.65
58.00	730.25
59.00	716.20
60.00	725.57
61.00	667.05
62.00	704.50
63.00	716.20
64.00	777.06
65.00	786.42
66.00	737.27
67.00	695.14
68.00	699.82
69.00	683.44
70.00	676.41
71.00	770.04
72.00	709.18
73.00	709.18
74.00	751.31
75.00	751.31
76.00	676.41
77.00	702.16
78.00	770.04
79.00	774.72
80.00	697.48
81.00	765.36
82.00	741.95
83.00	791.10
84.00	704.50
85.00	692.80
86.00	667.05
87.00	753.65
88.00	755.99
89.00	809.83
90.00	739.61
91.00	753.65
92.00	805.14
93.00	770.04
94.00	725.57
95.00	699.82
96.00	741.95
97.00	667.05
98.00	746.63
99.00	805.14
100.00	692.80
101.00	720.88
102.00	720.88
103.00	788.76
104.00	758.33
105.00	723.23
106.00	704.50
107.00	763.01
108.00	798.12
109.00	734.93
110.00	772.38
111.00	751.31
112.00	711.52
113.00	727.91
114.00	737.27
115.00	713.86
116.00	858.98
117.00	653.01
118.00	741.95
119.00	704.50
120.00	779.40
121.00	690.46
122.00	727.91
123.00	720.88
124.00	753.65
125.00	779.40
126.00	699.82
127.00	704.50
128.00	662.37
129.00	643.65
130.00	744.29
131.00	779.40
132.00	763.01
133.00	741.95
134.00	746.63
135.00	744.29
136.00	739.61
137.00	741.95
138.00	786.42
139.00	727.91
140.00	709.18
141.00	777.06
142.00	753.65
143.00	781.74
144.00	699.82
145.00	758.33
146.00	741.95
147.00	765.36
148.00	784.08
149.00	718.54
150.00	744.29
151.00	753.65
152.00	667.05
153.00	734.93
154.00	770.04
155.00	777.06
156.00	788.76
157.00	706.84
158.00	781.74
159.00	732.59
160.00	788.76
161.00	732.59
162.00	697.48
163.00	861.32
164.00	753.65
165.00	791.10
166.00	716.20
167.00	772.38
168.00	744.29
169.00	702.16
170.00	744.29
171.00	676.41
172.00	720.88
173.00	753.65
174.00	713.86
175.00	725.57
176.00	706.84
177.00	727.91
178.00	767.70
179.00	732.59
180.00	739.61
181.00	746.63
182.00	718.54
183.00	779.40
184.00	713.86
185.00	709.18
186.00	697.48
187.00	678.76
188.00	837.91
189.00	706.84
190.00	723.23
191.00	695.14
192.00	779.40
193.00	664.71
194.00	739.61
195.00	739.61
196.00	809.83
197.00	760.67
198.00	718.54
199.00	767.70
200.00	720.88
201.00	763.01
202.00	723.23
203.00	734.93
204.00	739.61
205.00	725.57
206.00	741.95
207.00	734.93
208.00	723.23
209.00	741.95
210.00	795.78
211.00	816.85
212.00	772.38
213.00	779.40
214.00	753.65
215.00	727.91
216.00	699.82
217.00	748.97
218.00	758.33
219.00	795.78
220.00	695.14
221.00	725.57
222.00	770.04
223.00	746.63
224.00	730.25
225.00	716.20
226.00	730.25
227.00	748.97
228.00	739.61
229.00	748.97
230.00	751.31
231.00	737.27
232.00	730.25
233.00	685.78
234.00	739.61
235.00	770.04
236.00	767.70
237.00	709.18
238.00	760.67
239.00	723.23
240.00	791.10
241.00	795.78
242.00	737.27
243.00	755.99
244.00	713.86
245.00	725.57
246.00	706.84
247.00	746.63
248.00	723.23
249.00	753.65
250.00	734.93
251.00	774.72
252.00	697.48
253.00	791.10
254.00	702.16
255.00	709.18
256.00	793.44
257.00	741.95
258.00	763.01
259.00	720.88
260.00	692.80
261.00	678.76
262.00	751.31
263.00	755.99
264.00	720.88
265.00	763.01
266.00	765.36
267.00	748.97
268.00	720.88
269.00	746.63
270.00	770.04
271.00	709.18
272.00	798.12
273.00	826.21
274.00	835.57
275.00	753.65
276.00	774.72
277.00	833.23
278.00	760.67
279.00	779.40
280.00	770.04
281.00	753.65
282.00	800.46
283.00	685.78
284.00	697.48
285.00	835.57
286.00	793.44
287.00	727.91
288.00	767.70
289.00	760.67
290.00	706.84
291.00	650.67
292.00	695.14
293.00	697.48
294.00	741.95
295.00	692.80
296.00	692.80
297.00	744.29
298.00	786.42
299.00	718.54
300.00	760.67
301.00	821.53
302.00	763.01
303.00	730.25
304.00	702.16
305.00	741.95
306.00	732.59
307.00	788.76
308.00	835.57
309.00	765.36
310.00	683.44
311.00	795.78
312.00	793.44
313.00	678.76
314.00	760.67
315.00	676.41
316.00	772.38
317.00	819.19
318.00	753.65
319.00	704.50
320.00	763.01
321.00	741.95
322.00	734.93
323.00	723.23
324.00	709.18
325.00	774.72
326.00	709.18
327.00	723.23
328.00	751.31
329.00	755.99
330.00	774.72
331.00	685.78
332.00	720.88
333.00	779.40
334.00	704.50
335.00	795.78
336.00	732.59
337.00	751.31
338.00	765.36
339.00	713.86
340.00	720.88
341.00	727.91
342.00	725.57
343.00	713.86
344.00	713.86
345.00	760.67
346.00	746.63
347.00	793.44
348.00	833.23
349.00	847.27
350.00	772.38
351.00	814.51
352.00	870.68
353.00	800.46
354.00	816.85
355.00	741.95
356.00	767.70
357.00	753.65
358.00	734.93
359.00	676.41
360.00	732.59
361.00	709.18
362.00	730.25
363.00	725.57
364.00	767.70
365.00	784.08
366.00	760.67
367.00	767.70
368.00	786.42
369.00	809.83
370.00	823.87
371.00	720.88
372.00	751.31
373.00	765.36
374.00	725.57
375.00	781.74
376.00	816.85
377.00	737.27
378.00	727.91
379.00	704.50
380.00	786.42
381.00	706.84
382.00	734.93
383.00	753.65
384.00	692.80
385.00	723.23
386.00	744.29
387.00	760.67
388.00	727.91
389.00	793.44
390.00	755.99
391.00	781.74
392.00	737.27
393.00	688.12
394.00	711.52
395.00	755.99
396.00	746.63
397.00	800.46
398.00	767.70
399.00	737.27
400.00	643.65
401.00	683.44
402.00	741.95
403.00	748.97
404.00	765.36
405.00	702.16
406.00	744.29
407.00	711.52
408.00	739.61
409.00	711.52
410.00	777.06
411.00	732.59
412.00	671.73
413.00	772.38
414.00	650.67
415.00	713.86
416.00	725.57
417.00	704.50
418.00	779.40
419.00	772.38
420.00	772.38
421.00	746.63
422.00	748.97
423.00	711.52
424.00	809.83
425.00	760.67
426.00	791.10
427.00	734.93
428.00	725.57
429.00	788.76
430.00	821.53
431.00	765.36
432.00	720.88
433.00	713.86
434.00	765.36
435.00	748.97
436.00	739.61
437.00	760.67
438.00	767.70
439.00	800.46
440.00	699.82
441.00	688.12
442.00	819.19
443.00	781.74
444.00	741.95
445.00	786.42
446.00	784.08
447.00	798.12
448.00	685.78
449.00	758.33
450.00	739.61
451.00	737.27
452.00	716.20
453.00	816.85
454.00	777.06
455.00	744.29
456.00	716.20
457.00	755.99
458.00	697.48
459.00	734.93
460.00	765.36
461.00	692.80
462.00	784.08
463.00	739.61
464.00	732.59
465.00	718.54
466.00	767.70
467.00	720.88
468.00	788.76
469.00	737.27
470.00	720.88
471.00	683.44
472.00	685.78
473.00	676.41
474.00	786.42
475.00	784.08
476.00	685.78
477.00	716.20
478.00	706.84
479.00	718.54
480.00	795.78
481.00	744.29
482.00	748.97
483.00	812.17
484.00	767.70
485.00	692.80
486.00	690.46
487.00	713.86
488.00	697.48
489.00	685.78
490.00	741.95
491.00	699.82
492.00	763.01
493.00	655.35
494.00	781.74
495.00	784.08
496.00	734.93
497.00	751.31
498.00	723.23
499.00	828.55
500.00	758.33
501.00	763.01
502.00	751.31
503.00	690.46
504.00	760.67
505.00	671.73
506.00	692.80
507.00	833.23
508.00	763.01
509.00	805.14
510.00	723.23
511.00	767.70
512.00	676.41
513.00	791.10
514.00	765.36
515.00	711.52
516.00	767.70
517.00	760.67
518.00	788.76
519.00	746.63
520.00	683.44
521.00	772.38
522.00	683.44
523.00	711.52
524.00	718.54
525.00	770.04
526.00	814.51
527.00	723.23
528.00	688.12
529.00	755.99
530.00	692.80
531.00	718.54
532.00	739.61
533.00	802.80
534.00	753.65
535.00	812.17
536.00	791.10
537.00	695.14
538.00	784.08
539.00	716.20
540.00	713.86
541.00	770.04
542.00	730.25
543.00	767.70
544.00	732.59
545.00	748.97
546.00	671.73
547.00	746.63
548.00	755.99
549.00	767.70
550.00	788.76
551.00	676.41
552.00	788.76
553.00	763.01
554.00	709.18
555.00	704.50
556.00	643.65
557.00	774.72
558.00	767.70
559.00	807.48
560.00	690.46
561.00	807.48
562.00	730.25
563.00	765.36
564.00	699.82
565.00	692.80
566.00	763.01
567.00	772.38
568.00	695.14
569.00	697.48
570.00	774.72
571.00	727.91
572.00	770.04
573.00	767.70
574.00	753.65
575.00	755.99
576.00	732.59
577.00	739.61
578.00	751.31
579.00	727.91
580.00	751.31
581.00	685.78
582.00	807.48
583.00	798.12
584.00	793.44
585.00	746.63
586.00	823.87
587.00	697.48
588.00	784.08
589.00	746.63
590.00	798.12
591.00	741.95
592.00	807.48
593.00	760.67
594.00	805.14
595.00	795.78
596.00	760.67
597.00	739.61
598.00	763.01
599.00	758.33
600.00	753.65
601.00	727.91
602.00	725.57
603.00	805.14
604.00	741.95
605.00	781.74
606.00	727.91
607.00	802.80
608.00	702.16
609.00	732.59
610.00	751.31
611.00	688.12
612.00	753.65
613.00	716.20
614.00	835.57
615.00	732.59
616.00	692.80
617.00	723.23
618.00	711.52
619.00	676.41
620.00	739.61
621.00	800.46
622.00	770.04
623.00	734.93
624.00	730.25
625.00	699.82
626.00	809.83
627.00	655.35
628.00	737.27
629.00	727.91
630.00	819.19
631.00	737.27
632.00	786.42
633.00	755.99
634.00	737.27
635.00	763.01
636.00	669.39
637.00	716.20
638.00	685.78
639.00	781.74
640.00	737.27
641.00	805.14
642.00	772.38
643.00	814.51
644.00	725.57
645.00	725.57
646.00	779.40
647.00	746.63
648.00	713.86
649.00	718.54
650.00	758.33
651.00	760.67
652.00	730.25
653.00	713.86
654.00	760.67
655.00	779.40
656.00	739.61
657.00	723.23
658.00	702.16
659.00	695.14
660.00	713.86
661.00	662.37
662.00	737.27
663.00	763.01
664.00	734.93
665.00	739.61
666.00	753.65
667.00	732.59
668.00	744.29
669.00	734.93
670.00	755.99
671.00	758.33
672.00	737.27
673.00	814.51
674.00	758.33
675.00	720.88
676.00	751.31
677.00	699.82
678.00	755.99
679.00	739.61
680.00	753.65
681.00	716.20
682.00	702.16
683.00	725.57
684.00	772.38
685.00	753.65
686.00	748.97
687.00	723.23
688.00	770.04
689.00	751.31
690.00	720.88
691.00	704.50
692.00	699.82
693.00	760.67
694.00	723.23
695.00	734.93
696.00	748.97
697.00	713.86
698.00	716.20
699.00	779.40
700.00	718.54
701.00	711.52
702.00	732.59
703.00	786.42
704.00	734.93
705.00	704.50
706.00	767.70
707.00	812.17
708.00	842.59
709.00	798.12
710.00	718.54
711.00	725.57
712.00	777.06
713.00	849.61
714.00	786.42
715.00	739.61
716.00	734.93
717.00	732.59
718.00	746.63
719.00	723.23
720.00	746.63
721.00	706.84
722.00	765.36
723.00	730.25
724.00	748.97
725.00	709.18
726.00	730.25
727.00	753.65
728.00	737.27
729.00	821.53
730.00	763.01
731.00	697.48
732.00	727.91
733.00	730.25
734.00	765.36
735.00	755.99
736.00	812.17
737.00	723.23
738.00	678.76
739.00	732.59
740.00	739.61
741.00	727.91
742.00	760.67
743.00	718.54
744.00	842.59
745.00	711.52
746.00	765.36
747.00	753.65
748.00	788.76
749.00	755.99
750.00	830.89
751.00	746.63
752.00	755.99
753.00	753.65
754.00	725.57
755.00	702.16
756.00	748.97
757.00	753.65
758.00	727.91
759.00	758.33
760.00	767.70
761.00	751.31
762.00	772.38
763.00	802.80
764.00	842.59
765.00	795.78
766.00	765.36
767.00	795.78
768.00	727.91
769.00	746.63
770.00	763.01
771.00	772.38
772.00	730.25
773.00	798.12
774.00	767.70
775.00	737.27
776.00	716.20
777.00	737.27
778.00	763.01
779.00	702.16
780.00	765.36
781.00	739.61
782.00	777.06
783.00	833.23
784.00	866.00
785.00	760.67
786.00	716.20
787.00	880.04
788.00	767.70
789.00	760.67
790.00	779.40
791.00	760.67
792.00	760.67
793.00	791.10
794.00	746.63
795.00	739.61
796.00	681.10
797.00	739.61
798.00	774.72
799.00	812.17
800.00	713.86
801.00	634.29
802.00	723.23
803.00	751.31
804.00	758.33
805.00	702.16
806.00	819.19
807.00	777.06
808.00	760.67
809.00	779.40
810.00	798.12
811.00	770.04
812.00	720.88
813.00	758.33
814.00	765.36
815.00	737.27
816.00	720.88
817.00	709.18
818.00	760.67
819.00	798.12
820.00	716.20
821.00	737.27
822.00	800.46
823.00	866.00
824.00	847.27
825.00	779.40
826.00	777.06
827.00	802.80
828.00	737.27
829.00	770.04
830.00	723.23
831.00	744.29
832.00	788.76
833.00	837.91
834.00	702.16
835.00	777.06
836.00	772.38
837.00	798.12
838.00	786.42
839.00	849.61
840.00	856.64
841.00	774.72
842.00	716.20
843.00	758.33
844.00	774.72
845.00	744.29
846.00	739.61
847.00	748.97
848.00	798.12
849.00	819.19
850.00	816.85
851.00	784.08
852.00	765.36
853.00	755.99
854.00	767.70
855.00	699.82
856.00	795.78
857.00	786.42
858.00	760.67
859.00	800.46
860.00	720.88
861.00	809.83
862.00	793.44
863.00	758.33
864.00	798.12
865.00	786.42
866.00	676.41
867.00	709.18
868.00	681.10
869.00	751.31
870.00	772.38
871.00	741.95
872.00	746.63
873.00	732.59
874.00	777.06
875.00	779.40
876.00	737.27
877.00	739.61
878.00	812.17
879.00	791.10
880.00	772.38
881.00	777.06
882.00	772.38
883.00	767.70
884.00	767.70
885.00	711.52
886.00	748.97
887.00	821.53
888.00	695.14
889.00	777.06
890.00	819.19
891.00	791.10
892.00	795.78
893.00	809.83
894.00	779.40
895.00	748.97
896.00	741.95
897.00	784.08
898.00	732.59
899.00	772.38
900.00	760.67
901.00	781.74
902.00	751.31
903.00	751.31
904.00	795.78
905.00	777.06
906.00	873.02
907.00	835.57
908.00	760.67
909.00	772.38
910.00	732.59
911.00	863.66
912.00	880.04
913.00	894.08
914.00	894.08
915.00	814.51
916.00	802.80
917.00	812.17
918.00	737.27
919.00	746.63
920.00	791.10
921.00	777.06
922.00	704.50
923.00	800.46
924.00	788.76
925.00	800.46
926.00	755.99
927.00	847.27
928.00	795.78
929.00	798.12
930.00	784.08
931.00	774.72
932.00	763.01
933.00	802.80
934.00	725.57
935.00	704.50
936.00	812.17
937.00	755.99
938.00	767.70
939.00	819.19
940.00	807.48
941.00	795.78
942.00	692.80
943.00	777.06
944.00	741.95
945.00	823.87
946.00	1102.39
947.00	1561.14
948.00	1867.75
949.00	1682.85
950.00	1427.73
951.00	1203.04
952.00	1078.99
953.00	1050.90
954.00	901.11
955.00	814.51
956.00	786.42
957.00	716.20
958.00	793.44
959.00	772.38
960.00	774.72
961.00	713.86
962.00	718.54
963.00	739.61
964.00	741.95
965.00	734.93
966.00	751.31
967.00	770.04
968.00	812.17
969.00	816.85
970.00	812.17
971.00	741.95
972.00	730.25
973.00	716.20
974.00	713.86
975.00	711.52
976.00	748.97
977.00	737.27
978.00	737.27
979.00	812.17
980.00	788.76
981.00	772.38
982.00	748.97
983.00	690.46
984.00	725.57
985.00	727.91
986.00	770.04
987.00	772.38
988.00	786.42
989.00	784.08
990.00	774.72
991.00	805.14
992.00	777.06
993.00	786.42
994.00	755.99
995.00	730.25
996.00	763.01
997.00	758.33
998.00	798.12
999.00	739.61
1000.00	800.46
1001.00	798.12
1002.00	793.44
1003.00	777.06
1004.00	763.01
1005.00	798.12
1006.00	760.67
1007.00	734.93
1008.00	753.65
1009.00	753.65
1010.00	779.40
1011.00	854.30
1012.00	809.83
1013.00	709.18
1014.00	751.31
1015.00	774.72
1016.00	755.99
1017.00	727.91
1018.00	753.65
1019.00	706.84
1020.00	748.97
1021.00	711.52
1022.00	739.61
1023.00	669.39
1024.00	741.95
1025.00	734.93
1026.00	711.52
1027.00	758.33
1028.00	779.40
1029.00	753.65
1030.00	725.57
1031.00	690.46
1032.00	828.55
1033.00	774.72
1034.00	720.88
1035.00	741.95
1036.00	795.78
1037.00	774.72
1038.00	737.27
1039.00	669.39
1040.00	777.06
1041.00	758.33
1042.00	709.18
1043.00	755.99
1044.00	709.18
1045.00	805.14
1046.00	807.48
1047.00	739.61
1048.00	777.06
1049.00	777.06
1050.00	828.55
1051.00	781.74
1052.00	765.36
1053.00	767.70
1054.00	779.40
1055.00	826.21
1056.00	753.65
1057.00	746.63
1058.00	800.46
1059.00	788.76
1060.00	732.59
1061.00	695.14
1062.00	748.97
1063.00	732.59
1064.00	741.95
1065.00	779.40
1066.00	739.61
1067.00	791.10
1068.00	772.38
1069.00	718.54
1070.00	748.97
1071.00	748.97
1072.00	713.86
1073.00	763.01
1074.00	788.76
1075.00	814.51
1076.00	746.63
1077.00	741.95
1078.00	753.65
1079.00	873.02
1080.00	891.74
1081.00	765.36
1082.00	763.01
1083.00	765.36
1084.00	711.52
1085.00	774.72
1086.00	753.65
1087.00	774.72
1088.00	779.40
1089.00	734.93
1090.00	739.61
1091.00	746.63
1092.00	704.50
1093.00	758.33
1094.00	725.57
1095.00	706.84
1096.00	805.14
1097.00	683.44
1098.00	805.14
1099.00	767.70
1100.00	772.38
1101.00	741.95
1102.00	793.44
1103.00	777.06
1104.00	779.40
1105.00	812.17
1106.00	751.31
1107.00	781.74
1108.00	777.06
1109.00	823.87
1110.00	718.54
1111.00	737.27
1112.00	732.59
1113.00	755.99
1114.00	702.16
1115.00	767.70
1116.00	800.46
1117.00	641.31
1118.00	777.06
1119.00	741.95
1120.00	727.91
1121.00	816.85
1122.00	760.67
1123.00	870.68
1124.00	809.83
1125.00	748.97
1126.00	791.10
1127.00	772.38
1128.00	795.78
1129.00	730.25
1130.00	725.57
1131.00	744.29
1132.00	732.59
1133.00	725.57
1134.00	793.44
1135.00	751.31
1136.00	760.67
1137.00	779.40
1138.00	786.42
1139.00	765.36
1140.00	770.04
1141.00	793.44
1142.00	746.63
1143.00	800.46
1144.00	802.80
1145.00	741.95
1146.00	746.63
1147.00	816.85
1148.00	706.84
1149.00	746.63
1150.00	753.65
1151.00	772.38
1152.00	781.74
1153.00	751.31
1154.00	786.42
1155.00	723.23
1156.00	774.72
1157.00	823.87
1158.00	788.76
1159.00	821.53
1160.00	805.14
1161.00	753.65
1162.00	786.42
1163.00	746.63
1164.00	866.00
1165.00	793.44
1166.00	812.17
1167.00	971.32
1168.00	1174.95
1169.00	1156.22
1170.00	1034.52
1171.00	992.39
1172.00	940.90
1173.00	901.11
1174.00	912.81
1175.00	894.08
1176.00	812.17
1177.00	758.33
1178.00	744.29
1179.00	835.57
1180.00	807.48
1181.00	793.44
1182.00	795.78
1183.00	849.61
1184.00	821.53
1185.00	851.96
1186.00	779.40
1187.00	847.27
1188.00	807.48
1189.00	833.23
1190.00	835.57
1191.00	861.32
1192.00	889.40
1193.00	858.98
1194.00	870.68
1195.00	875.36
1196.00	954.94
1197.00	854.30
1198.00	819.19
1199.00	877.70
1200.00	868.34
1201.00	978.34
1202.00	1071.97
1203.00	1125.80
1204.00	1116.44
1205.00	1001.75
1206.00	938.55
1207.00	1004.09
1208.00	954.94
1209.00	992.39
1210.00	952.60
1211.00	919.83
1212.00	1046.22
1213.00	1034.52
1214.00	1008.77
1215.00	1118.78
1216.00	1184.31
1217.00	1282.61
1218.00	1516.67
1219.00	1732.00
1220.00	3016.95
1221.00	16446.94
1222.00	46110.89
1223.00	61450.77
1224.00	60865.63
1225.00	51906.06
1226.00	37717.73
1227.00	28140.26
1228.00	22941.93
1229.00	16472.69
1230.00	8049.10
1231.00	3494.42
1232.00	1940.30
1233.00	1502.62
1234.00	1313.04
1235.00	1275.59
1236.00	1219.42
1237.00	1137.50
1238.00	1146.86
1239.00	1418.36
1240.00	2981.84
1241.00	5029.81
1242.00	6087.73
1243.00	5055.56
1244.00	3850.18
1245.00	3002.91
1246.00	2574.59
1247.00	2242.23
1248.00	1710.93
1249.00	1149.20
1250.00	851.96
1251.00	844.93
1252.00	908.13
1253.00	973.66
1254.00	1011.11
1255.00	987.71
1256.00	978.34
1257.00	1041.54
1258.00	1006.43
1259.00	983.02
1260.00	901.11
1261.00	917.49
1262.00	891.74
1263.00	887.06
1264.00	901.11
1265.00	880.04
1266.00	861.32
1267.00	896.43
1268.00	880.04
1269.00	896.43
1270.00	805.14
1271.00	774.72
1272.00	819.19
1273.00	835.57
1274.00	774.72
1275.00	830.89
1276.00	821.53
1277.00	870.68
1278.00	940.90
1279.00	2221.17
1280.00	5659.42
1281.00	9245.12
1282.00	10464.54
1283.00	8170.81
1284.00	5963.68
1285.00	4524.26
1286.00	3744.86
1287.00	3073.12
1288.00	2059.67
1289.00	1299.00
1290.00	971.32
1291.00	917.49
1292.00	877.70
1293.00	868.34
1294.00	896.43
1295.00	889.40
1296.00	912.81
1297.00	835.57
1298.00	976.00
1299.00	1467.52
1300.00	2267.98
1301.00	2979.50
1302.00	2656.51
1303.00	2134.57
1304.00	1816.26
1305.00	1577.52
1306.00	1366.87
1307.00	1165.59
1308.00	1055.58
1309.00	875.36
1310.00	819.19
1311.00	880.04
1312.00	875.36
1313.00	847.27
1314.00	837.91
1315.00	753.65
1316.00	833.23
1317.00	779.40
1318.00	755.99
1319.00	802.80
1320.00	772.38
1321.00	844.93
1322.00	760.67
1323.00	802.80
1324.00	795.78
1325.00	809.83
1326.00	798.12
1327.00	774.72
1328.00	821.53
1329.00	779.40
1330.00	788.76
1331.00	863.66
1332.00	830.89
1333.00	1015.79
1334.00	1631.35
1335.00	2637.78
1336.00	3211.22
1337.00	2846.09
1338.00	2239.89
1339.00	1842.00
1340.00	1666.46
1341.00	1439.43
1342.00	1200.69
1343.00	933.87
1344.00	833.23
1345.00	880.04
1346.00	800.46
1347.00	835.57
1348.00	798.12
1349.00	774.72
1350.00	807.48
1351.00	854.30
1352.00	849.61
1353.00	779.40
1354.00	833.23
1355.00	812.17
1356.00	880.04
1357.00	847.27
1358.00	828.55
1359.00	870.68
1360.00	910.47
1361.00	1015.79
1362.00	2129.89
1363.00	5144.50
1364.00	8060.80
1365.00	8730.20
1366.00	6782.87
1367.00	5011.09
1368.00	3840.82
1369.00	3225.26
1370.00	2642.46
1371.00	1668.80
1372.00	1210.06
1373.00	1062.60
1374.00	1050.90
1375.00	1114.10
1376.00	2787.58
1377.00	7793.98
1378.00	13914.48
1379.00	15765.85
1380.00	12168.45
1381.00	8748.92
1382.00	6480.94
1383.00	5153.86
1384.00	3974.23
1385.00	2558.21
1386.00	1425.39
1387.00	1123.46
1388.00	954.94
1389.00	961.96
1390.00	896.43
1391.00	887.06
1392.00	830.89
1393.00	889.40
1394.00	938.55
1395.00	809.83
1396.00	844.93
1397.00	954.94
1398.00	1060.26
1399.00	1153.88
1400.00	1322.40
1401.00	1214.74
1402.00	1130.48
1403.00	1093.03
1404.00	1142.18
1405.00	1102.39
1406.00	1816.26
1407.00	7524.82
1408.00	17804.46
1409.00	25839.51
1410.00	22977.04
1411.00	16470.35
1412.00	11470.97
1413.00	8676.37
1414.00	7143.32
1415.00	4795.76
1416.00	2539.48
1417.00	1537.73
1418.00	1158.57
1419.00	1053.24
1420.00	1767.10
1421.00	4079.55
1422.00	5984.75
1423.00	6787.55
1424.00	5270.89
1425.00	3964.87
1426.00	3023.97
1427.00	2490.33
1428.00	2036.27
1429.00	1425.39
1430.00	1076.65
1431.00	905.79
1432.00	894.08
1433.00	901.11
1434.00	870.68
1435.00	929.19
1436.00	833.23
1437.00	866.00
1438.00	842.59
1439.00	784.08
1440.00	863.66
1441.00	791.10
1442.00	858.98
1443.00	770.04
1444.00	823.87
1445.00	802.80
1446.00	830.89
1447.00	727.91
1448.00	812.17
1449.00	837.91
1450.00	847.27
1451.00	821.53
1452.00	830.89
1453.00	856.64
1454.00	873.02
1455.00	1200.69
1456.00	2225.85
1457.00	3796.35
1458.00	4496.17
1459.00	3623.15
1460.00	2801.62
1461.00	2190.74
1462.00	1884.13
1463.00	1605.61
1464.00	1245.16
1465.00	992.39
1466.00	924.51
1467.00	851.96
1468.00	861.32
1469.00	830.89
1470.00	709.18
1471.00	805.14
1472.00	830.89
1473.00	744.29
1474.00	887.06
1475.00	791.10
1476.00	828.55
1477.00	833.23
1478.00	858.98
1479.00	917.49
1480.00	807.48
1481.00	849.61
1482.00	816.85
1483.00	779.40
1484.00	880.04
1485.00	908.13
1486.00	823.87
1487.00	1191.33
1488.00	3286.11
1489.00	8484.44
1490.00	12978.27
1491.00	12837.84
1492.00	9530.66
1493.00	6801.60
1494.00	5167.90
1495.00	4117.00
1496.00	3122.27
1497.00	1881.79
1498.00	1188.99
1499.00	961.96
1500.00	964.30
1501.00	837.91
1502.00	821.53
1503.00	842.59
1504.00	814.51
1505.00	814.51
1506.00	809.83
1507.00	830.89
1508.00	849.61
1509.00	880.04
1510.00	821.53
1511.00	788.76
1512.00	781.74
1513.00	1104.73
1514.00	1980.09
1515.00	3162.06
1516.00	3889.97
1517.00	3419.52
1518.00	2600.34
1519.00	2083.08
1520.00	1818.60
1521.00	1535.39
1522.00	1221.76
1523.00	968.98
1524.00	809.83
1525.00	849.61
1526.00	837.91
1527.00	826.21
1528.00	835.57
1529.00	875.36
1530.00	940.90
1531.00	943.24
1532.00	968.98
1533.00	1968.39
1534.00	4695.11
1535.00	8035.06
1536.00	9605.56
1537.00	7419.50
1538.00	5320.04
1539.00	4004.66
1540.00	3274.41
1541.00	2644.81
1542.00	1753.06
1543.00	1212.40
1544.00	940.90
1545.00	901.11
1546.00	798.12
1547.00	858.98
1548.00	889.40
1549.00	791.10
1550.00	922.17
1551.00	786.42
1552.00	800.46
1553.00	877.70
1554.00	777.06
1555.00	849.61
1556.00	821.53
1557.00	887.06
1558.00	894.08
1559.00	896.43
1560.00	884.72
1561.00	861.32
1562.00	919.83
1563.00	833.23
1564.00	976.00
1565.00	1186.65
1566.00	4039.76
1567.00	10438.79
1568.00	16458.65
1569.00	16954.84
1570.00	12039.72
1571.00	8690.41
1572.00	6546.48
1573.00	5366.85
1574.00	3791.67
1575.00	2286.70
1576.00	1462.83
1577.00	1291.98
1578.00	1638.38
1579.00	5996.45
1580.00	16304.17
1581.00	26614.23
1582.00	27337.46
1583.00	19513.05
1584.00	13577.45
1585.00	9881.74
1586.00	8004.63
1587.00	5516.64
1588.00	3012.27
1589.00	1682.85
1590.00	1198.35
1591.00	1060.26
1592.00	945.58
1593.00	1029.84
1594.00	882.38
1595.00	889.40
1596.00	880.04
1597.00	896.43
1598.00	784.08
1599.00	779.40
1600.00	868.34
1601.00	802.80
1602.00	781.74
1603.00	800.46
1604.00	793.44
1605.00	781.74
1606.00	767.70
1607.00	763.01
1608.00	765.36
1609.00	847.27
1610.00	671.73
1611.00	767.70
1612.00	793.44
1613.00	896.43
1614.00	821.53
1615.00	760.67
1616.00	758.33
1617.00	793.44
1618.00	772.38
1619.00	802.80
1620.00	760.67
1621.00	861.32
1622.00	753.65
1623.00	753.65
1624.00	767.70
1625.00	795.78
1626.00	807.48
1627.00	777.06
1628.00	758.33
1629.00	802.80
1630.00	816.85
1631.00	802.80
1632.00	819.19
1633.00	786.42
1634.00	798.12
1635.00	744.29
1636.00	774.72
1637.00	767.70
1638.00	763.01
1639.00	821.53
1640.00	791.10
1641.00	772.38
1642.00	791.10
1643.00	823.87
1644.00	779.40
1645.00	814.51
1646.00	725.57
1647.00	868.34
1648.00	938.55
1649.00	1102.39
1650.00	2534.80
1651.00	6923.30
1652.00	12098.23
1653.00	14923.26
1654.00	11459.26
1655.00	8334.65
1656.00	6050.28
1657.00	4779.37
1658.00	3508.46
1659.00	2125.21
1660.00	1352.83
1661.00	1036.86
1662.00	889.40
1663.00	805.14
1664.00	802.80
1665.00	929.19
1666.00	856.64
1667.00	896.43
1668.00	1144.52
1669.00	2518.42
1670.00	4297.22
1671.00	5528.35
1672.00	4772.35
1673.00	3597.40
1674.00	2696.30
1675.00	2204.78
1676.00	1870.09
1677.00	1364.53
1678.00	1020.47
1679.00	863.66
1680.00	870.68
1681.00	861.32
1682.00	814.51
1683.00	737.27
1684.00	779.40
1685.00	781.74
1686.00	795.78
1687.00	734.93
1688.00	791.10
1689.00	791.10
1690.00	784.08
1691.00	732.59
1692.00	875.36
1693.00	819.19
1694.00	727.91
1695.00	753.65
1696.00	809.83
1697.00	676.41
1698.00	847.27
1699.00	734.93
1700.00	833.23
1701.00	751.31
1702.00	734.93
1703.00	720.88
1704.00	851.96
1705.00	730.25
1706.00	784.08
1707.00	772.38
1708.00	781.74
1709.00	781.74
1710.00	744.29
1711.00	777.06
1712.00	779.40
1713.00	912.81
1714.00	1310.70
1715.00	3330.58
1716.00	5650.05
1717.00	7375.03
1718.00	6441.15
1719.00	4882.36
1720.00	3803.37
1721.00	2972.48
1722.00	2134.57
1723.00	1509.65
1724.00	1165.59
1725.00	959.62
1726.00	877.70
1727.00	854.30
1728.00	798.12
1729.00	720.88
1730.00	828.55
1731.00	814.51
1732.00	795.78
1733.00	732.59
1734.00	774.72
1735.00	809.83
1736.00	770.04
1737.00	814.51
1738.00	767.70
1739.00	809.83
1740.00	713.86
1741.00	807.48
1742.00	751.31
1743.00	758.33
1744.00	706.84
1745.00	840.25
1746.00	779.40
1747.00	746.63
1748.00	755.99
1749.00	800.46
1750.00	844.93
1751.00	755.99
1752.00	763.01
1753.00	755.99
1754.00	814.51
1755.00	887.06
1756.00	828.55
1757.00	837.91
1758.00	795.78
1759.00	793.44
1760.00	734.93
1761.00	748.97
1762.00	819.19
1763.00	896.43
1764.00	847.27
1765.00	777.06
1766.00	802.80
1767.00	858.98
1768.00	924.51
1769.00	983.02
1770.00	1991.80
1771.00	5434.72
1772.00	9839.61
1773.00	12524.21
1774.00	10836.68
1775.00	8018.68
1776.00	5884.11
1777.00	4400.21
1778.00	2909.29
1779.00	1834.98
1780.00	1373.89
1781.00	1102.39
1782.00	898.77
1783.00	847.27
1784.00	903.45
1785.00	791.10
1786.00	837.91
1787.00	784.08
1788.00	734.93
1789.00	763.01
1790.00	814.51
1791.00	826.21
1792.00	765.36
1793.00	770.04
1794.00	791.10
1795.00	863.66
1796.00	840.25
1797.00	1025.15
1798.00	2122.87
1799.00	4559.36
1800.00	7389.07
1801.00	8126.34
1802.00	6387.32
1803.00	4901.08
1804.00	3501.44
1805.00	2431.82
1806.00	1586.88
1807.00	1256.87
1808.00	976.00
1809.00	898.77
1810.00	837.91
1811.00	777.06
1812.00	809.83
1813.00	830.89
1814.00	732.59
1815.00	767.70
1816.00	788.76
1817.00	727.91
1818.00	753.65
1819.00	767.70
1820.00	866.00
1821.00	809.83
1822.00	793.44
1823.00	770.04
1824.00	706.84
1825.00	793.44
1826.00	823.87
1827.00	905.79
1828.00	858.98
1829.00	863.66
1830.00	758.33
1831.00	765.36
1832.00	798.12
1833.00	716.20
1834.00	695.14
1835.00	734.93
1836.00	746.63
1837.00	826.21
1838.00	737.27
1839.00	758.33
1840.00	744.29
1841.00	788.76
1842.00	730.25
1843.00	819.19
1844.00	741.95
1845.00	706.84
1846.00	723.23
1847.00	755.99
1848.00	699.82
1849.00	730.25
1850.00	716.20
1851.00	695.14
1852.00	723.23
1853.00	807.48
1854.00	770.04
1855.00	725.57
1856.00	828.55
1857.00	723.23
1858.00	711.52
1859.00	795.78
1860.00	685.78
1861.00	734.93
1862.00	720.88
1863.00	727.91
1864.00	751.31
1865.00	763.01
1866.00	765.36
1867.00	699.82
1868.00	739.61
1869.00	746.63
1870.00	758.33
1871.00	739.61
1872.00	737.27
1873.00	702.16
1874.00	716.20
1875.00	770.04
1876.00	709.18
1877.00	779.40
1878.00	706.84
1879.00	753.65
1880.00	716.20
1881.00	730.25
1882.00	765.36
1883.00	763.01
1884.00	734.93
1885.00	751.31
1886.00	784.08
1887.00	802.80
1888.00	702.16
1889.00	781.74
1890.00	746.63
1891.00	718.54
1892.00	781.74
1893.00	807.48
1894.00	692.80
1895.00	723.23
1896.00	744.29
1897.00	718.54
1898.00	711.52
1899.00	809.83
1900.00	767.70
1901.00	823.87
1902.00	744.29
1903.00	763.01
1904.00	758.33
1905.00	793.44
1906.00	725.57
1907.00	753.65
1908.00	772.38
1909.00	777.06
1910.00	795.78
1911.00	877.70
1912.00	847.27
1913.00	809.83
1914.00	847.27
1915.00	784.08
1916.00	744.29
1917.00	746.63
1918.00	781.74
1919.00	739.61
1920.00	737.27
1921.00	697.48
1922.00	812.17
1923.00	718.54
1924.00	730.25
1925.00	777.06
1926.00	734.93
1927.00	760.67
1928.00	746.63
1929.00	788.76
1930.00	737.27
1931.00	739.61
1932.00	706.84
1933.00	748.97
1934.00	819.19
1935.00	755.99
1936.00	828.55
1937.00	819.19
1938.00	763.01
1939.00	781.74
1940.00	791.10
1941.00	763.01
1942.00	718.54
1943.00	777.06
1944.00	758.33
1945.00	741.95
1946.00	772.38
1947.00	770.04
1948.00	788.76
1949.00	706.84
1950.00	753.65
1951.00	760.67
1952.00	983.02
1953.00	2059.67
1954.00	4224.67
1955.00	6558.18
1956.00	7126.93
1957.00	5195.99
1958.00	3372.71
1959.00	2228.19
1960.00	1605.61
1961.00	1275.59
1962.00	1083.67
1963.00	994.73
1964.00	800.46
1965.00	819.19
1966.00	791.10
1967.00	741.95
1968.00	737.27
1969.00	786.42
1970.00	765.36
1971.00	727.91
1972.00	781.74
1973.00	723.23
1974.00	826.21
1975.00	755.99
1976.00	788.76
1977.00	805.14
1978.00	779.40
1979.00	781.74
1980.00	830.89
1981.00	1006.43
1982.00	1193.67
1983.00	1266.23
1984.00	1013.45
1985.00	898.77
1986.00	826.21
1987.00	767.70
1988.00	882.38
1989.00	758.33
1990.00	737.27
1991.00	748.97
1992.00	802.80
1993.00	842.59
1994.00	777.06
1995.00	744.29
1996.00	744.29
1997.00	746.63
1998.00	660.03
1999.00	753.65
2000.00	706.84
2001.00	727.91
2002.00	765.36
2003.00	802.80
2004.00	840.25
2005.00	746.63
2006.00	777.06
2007.00	802.80
2008.00	753.65
2009.00	758.33
2010.00	671.73
2011.00	732.59
2012.00	767.70
2013.00	744.29
2014.00	746.63
2015.00	753.65
2016.00	786.42
2017.00	763.01
2018.00	770.04
2019.00	748.97
2020.00	821.53
2021.00	807.48
2022.00	779.40
2023.00	763.01
2024.00	821.53
2025.00	973.66
2026.00	1130.48
2027.00	1123.46
2028.00	1100.05
2029.00	1188.99
2030.00	2146.27
2031.00	5893.47
2032.00	10810.93
2033.00	14010.45
2034.00	12393.14
2035.00	8685.73
2036.00	5750.70
2037.00	3648.90
2038.00	2413.09
2039.00	1654.76
2040.00	1256.87
2041.00	1046.22
2042.00	947.92
2043.00	866.00
2044.00	877.70
2045.00	905.79
2046.00	802.80
2047.00	847.27
