0.00	737.27
1.00	737.27
2.00	737.27
3.00	589.82
4.00	514.92
5.00	622.58
6.00	582.79
7.00	533.64
8.00	580.45
9.00	585.13
10.00	568.75
11.00	550.03
12.00	587.47
13.00	596.84
14.00	573.43
15.00	550.03
16.00	594.50
17.00	594.50
18.00	603.86
19.00	535.98
20.00	596.84
21.00	575.77
22.00	610.88
23.00	657.69
24.00	643.65
25.00	664.71
26.00	655.35
27.00	716.20
28.00	716.20
29.00	671.73
30.00	688.12
31.00	739.61
32.00	770.04
33.00	723.23
34.00	716.20
35.00	753.65
36.00	638.97
37.00	727.91
38.00	688.12
39.00	671.73
40.00	774.72
41.00	748.97
42.00	774.72
43.00	744.29
44.00	751.31
45.00	692.80
46.00	758.33
47.00	753.65
48.00	678.76
49.00	660.03
50.00	725.57
51.00	779.40
52.00	709.18
53.00	763.01
54.00	744.29
55.00	692.80
56.00	777.06
57.00	786.42
58.00	793.44
59.00	737.27
60.00	760.67
61.00	730.25
62.00	676.41
63.00	697.48
64.00	791.10
65.00	816.85
66.00	737.27
67.00	751.31
68.00	702.16
69.00	692.80
70.00	699.82
71.00	795.78
72.00	753.65
73.00	655.35
74.00	791.10
75.00	713.86
76.00	718.54
77.00	678.76
78.00	720.88
79.00	772.38
80.00	697.48
81.00	751.31
82.00	706.84
83.00	758.33
84.00	699.82
85.00	706.84
86.00	699.82
87.00	692.80
88.00	732.59
89.00	765.36
90.00	746.63
91.00	737.27
92.00	791.10
93.00	725.57
94.00	744.29
95.00	746.63
96.00	751.31
97.00	765.36
98.00	734.93
99.00	678.76
100.00	805.14
101.00	711.52
102.00	746.63
103.00	795.78
104.00	730.25
105.00	718.54
106.00	695.14
107.00	697.48
108.00	784.08
109.00	718.54
110.00	763.01
111.00	746.63
112.00	702.16
113.00	683.44
114.00	699.82
115.00	711.52
116.00	779.40
117.00	709.18
118.00	690.46
119.00	732.59
120.00	751.31
121.00	748.97
122.00	770.04
123.00	791.10
124.00	716.20
125.00	695.14
126.00	713.86
127.00	692.80
128.00	727.91
129.00	695.14
130.00	734.93
131.00	690.46
132.00	723.23
133.00	690.46
134.00	683.44
135.00	685.78
136.00	692.80
137.00	720.88
138.00	760.67
139.00	683.44
140.00	758.33
141.00	748.97
142.00	697.48
143.00	734.93
144.00	763.01
145.00	671.73
146.00	730.25
147.00	741.95
148.00	772.38
149.00	718.54
150.00	723.23
151.00	767.70
152.00	758.33
153.00	744.29
154.00	695.14
155.00	770.04
156.00	809.83
157.00	786.42
158.00	765.36
159.00	685.78
160.00	631.94
161.00	795.78
162.00	678.76
163.00	746.63
164.00	664.71
165.00	741.95
166.00	620.24
167.00	727.91
168.00	706.84
169.00	674.07
170.00	739.61
171.00	702.16
172.00	620.24
173.00	720.88
174.00	795.78
175.00	692.80
176.00	685.78
177.00	732.59
178.00	716.20
179.00	704.50
180.00	732.59
181.00	746.63
182.00	681.10
183.00	725.57
184.00	695.14
185.00	730.25
186.00	711.52
187.00	713.86
188.00	732.59
189.00	753.65
190.00	758.33
191.00	730.25
192.00	627.26
193.00	695.14
194.00	770.04
195.00	755.99
196.00	718.54
197.00	793.44
198.00	716.20
199.00	716.20
200.00	720.88
201.00	720.88
202.00	702.16
203.00	716.20
204.00	767.70
205.00	816.85
206.00	711.52
207.00	690.46
208.00	702.16
209.00	699.82
210.00	636.63
211.00	765.36
212.00	692.80
213.00	713.86
214.00	711.52
215.00	774.72
216.00	697.48
217.00	695.14
218.00	816.85
219.00	711.52
220.00	755.99
221.00	718.54
222.00	779.40
223.00	751.31
224.00	765.36
225.00	734.93
226.00	706.84
227.00	737.27
228.00	711.52
229.00	737.27
230.00	753.65
231.00	692.80
232.00	692.80
233.00	737.27
234.00	753.65
235.00	739.61
236.00	690.46
237.00	716.20
238.00	758.33
239.00	751.31
240.00	767.70
241.00	727.91
242.00	765.36
243.00	772.38
244.00	788.76
245.00	746.63
246.00	697.48
247.00	809.83
248.00	723.23
249.00	734.93
250.00	746.63
251.00	805.14
252.00	730.25
253.00	734.93
254.00	704.50
255.00	763.01
256.00	755.99
257.00	706.84
258.00	692.80
259.00	786.42
260.00	739.61
261.00	711.52
262.00	688.12
263.00	706.84
264.00	720.88
265.00	732.59
266.00	770.04
267.00	699.82
268.00	795.78
269.00	746.63
270.00	779.40
271.00	777.06
272.00	753.65
273.00	842.59
274.00	767.70
275.00	772.38
276.00	793.44
277.00	753.65
278.00	793.44
279.00	816.85
280.00	788.76
281.00	828.55
282.00	734.93
283.00	662.37
284.00	746.63
285.00	704.50
286.00	744.29
287.00	690.46
288.00	737.27
289.00	763.01
290.00	840.25
291.00	720.88
292.00	730.25
293.00	755.99
294.00	784.08
295.00	725.57
296.00	805.14
297.00	711.52
298.00	770.04
299.00	748.97
300.00	774.72
301.00	758.33
302.00	699.82
303.00	711.52
304.00	802.80
305.00	753.65
306.00	793.44
307.00	725.57
308.00	844.93
309.00	798.12
310.00	793.44
311.00	849.61
312.00	746.63
313.00	791.10
314.00	739.61
315.00	758.33
316.00	748.97
317.00	753.65
318.00	688.12
319.00	741.95
320.00	734.93
321.00	746.63
322.00	739.61
323.00	732.59
324.00	720.88
325.00	718.54
326.00	725.57
327.00	760.67
328.00	706.84
329.00	718.54
330.00	807.48
331.00	788.76
332.00	730.25
333.00	763.01
334.00	674.07
335.00	760.67
336.00	671.73
337.00	737.27
338.00	702.16
339.00	711.52
340.00	744.29
341.00	704.50
342.00	695.14
343.00	702.16
344.00	781.74
345.00	695.14
346.00	758.33
347.00	784.08
348.00	861.32
349.00	882.38
350.00	798.12
351.00	821.53
352.00	802.80
353.00	844.93
354.00	746.63
355.00	753.65
356.00	779.40
357.00	767.70
358.00	828.55
359.00	730.25
360.00	758.33
361.00	821.53
362.00	763.01
363.00	739.61
364.00	725.57
365.00	800.46
366.00	739.61
367.00	737.27
368.00	690.46
369.00	755.99
370.00	751.31
371.00	816.85
372.00	770.04
373.00	741.95
374.00	798.12
375.00	819.19
376.00	812.17
377.00	716.20
378.00	671.73
379.00	681.10
380.00	732.59
381.00	720.88
382.00	779.40
383.00	814.51
384.00	737.27
385.00	732.59
386.00	791.10
387.00	753.65
388.00	671.73
389.00	793.44
390.00	755.99
391.00	674.07
392.00	734.93
393.00	713.86
394.00	800.46
395.00	786.42
396.00	772.38
397.00	746.63
398.00	765.36
399.00	709.18
400.00	751.31
401.00	763.01
402.00	732.59
403.00	779.40
404.00	706.84
405.00	709.18
406.00	779.40
407.00	760.67
408.00	734.93
409.00	746.63
410.00	777.06
411.00	730.25
412.00	763.01
413.00	784.08
414.00	683.44
415.00	718.54
416.00	746.63
417.00	704.50
418.00	720.88
419.00	657.69
420.00	678.76
421.00	748.97
422.00	734.93
423.00	727.91
424.00	725.57
425.00	755.99
426.00	812.17
427.00	690.46
428.00	744.29
429.00	706.84
430.00	753.65
431.00	793.44
432.00	753.65
433.00	744.29
434.00	760.67
435.00	720.88
436.00	746.63
437.00	727.91
438.00	767.70
439.00	711.52
440.00	692.80
441.00	676.41
442.00	770.04
443.00	751.31
444.00	671.73
445.00	767.70
446.00	781.74
447.00	774.72
448.00	697.48
449.00	763.01
450.00	723.23
451.00	702.16
452.00	716.20
453.00	777.06
454.00	779.40
455.00	744.29
456.00	734.93
457.00	828.55
458.00	716.20
459.00	720.88
460.00	763.01
461.00	706.84
462.00	755.99
463.00	699.82
464.00	704.50
465.00	678.76
466.00	788.76
467.00	784.08
468.00	753.65
469.00	734.93
470.00	746.63
471.00	711.52
472.00	688.12
473.00	744.29
474.00	741.95
475.00	746.63
476.00	746.63
477.00	826.21
478.00	744.29
479.00	702.16
480.00	791.10
481.00	664.71
482.00	674.07
483.00	767.70
484.00	753.65
485.00	727.91
486.00	725.57
487.00	807.48
488.00	704.50
489.00	758.33
490.00	755.99
491.00	713.86
492.00	774.72
493.00	713.86
494.00	741.95
495.00	781.74
496.00	737.27
497.00	737.27
498.00	751.31
499.00	814.51
500.00	788.76
501.00	781.74
502.00	739.61
503.00	730.25
504.00	713.86
505.00	704.50
506.00	683.44
507.00	795.78
508.00	734.93
509.00	739.61
510.00	650.67
511.00	690.46
512.00	758.33
513.00	821.53
514.00	793.44
515.00	737.27
516.00	770.04
517.00	758.33
518.00	758.33
519.00	819.19
520.00	748.97
521.00	770.04
522.00	779.40
523.00	746.63
524.00	746.63
525.00	821.53
526.00	779.40
527.00	676.41
528.00	795.78
529.00	791.10
530.00	704.50
531.00	751.31
532.00	755.99
533.00	805.14
534.00	744.29
535.00	716.20
536.00	713.86
537.00	699.82
538.00	734.93
539.00	781.74
540.00	777.06
541.00	692.80
542.00	748.97
543.00	692.80
544.00	847.27
545.00	777.06
546.00	683.44
547.00	748.97
548.00	753.65
549.00	730.25
550.00	725.57
551.00	788.76
552.00	706.84
553.00	711.52
554.00	786.42
555.00	823.87
556.00	741.95
557.00	760.67
558.00	763.01
559.00	767.70
560.00	763.01
561.00	779.40
562.00	767.70
563.00	741.95
564.00	760.67
565.00	732.59
566.00	753.65
567.00	812.17
568.00	725.57
569.00	723.23
570.00	697.48
571.00	807.48
572.00	746.63
573.00	702.16
574.00	798.12
575.00	706.84
576.00	753.65
577.00	737.27
578.00	774.72
579.00	734.93
580.00	774.72
581.00	737.27
582.00	760.67
583.00	706.84
584.00	770.04
585.00	800.46
586.00	741.95
587.00	772.38
588.00	664.71
589.00	737.27
590.00	767.70
591.00	746.63
592.00	814.51
593.00	723.23
594.00	795.78
595.00	727.91
596.00	746.63
597.00	748.97
598.00	706.84
599.00	741.95
600.00	702.16
601.00	767.70
602.00	753.65
603.00	774.72
604.00	784.08
605.00	758.33
606.00	760.67
607.00	697.48
608.00	767.70
609.00	802.80
610.00	732.59
611.00	683.44
612.00	720.88
613.00	802.80
614.00	711.52
615.00	784.08
616.00	695.14
617.00	767.70
618.00	772.38
619.00	699.82
620.00	709.18
621.00	739.61
622.00	741.95
623.00	772.38
624.00	709.18
625.00	739.61
626.00	760.67
627.00	737.27
628.00	713.86
629.00	727.91
630.00	851.96
631.00	734.93
632.00	725.57
633.00	760.67
634.00	805.14
635.00	744.29
636.00	772.38
637.00	763.01
638.00	709.18
639.00	751.31
640.00	725.57
641.00	734.93
642.00	683.44
643.00	720.88
644.00	786.42
645.00	763.01
646.00	751.31
647.00	753.65
648.00	770.04
649.00	739.61
650.00	828.55
651.00	798.12
652.00	723.23
653.00	723.23
654.00	746.63
655.00	781.74
656.00	737.27
657.00	765.36
658.00	695.14
659.00	723.23
660.00	753.65
661.00	767.70
662.00	718.54
663.00	793.44
664.00	746.63
665.00	718.54
666.00	695.14
667.00	727.91
668.00	807.48
669.00	847.27
670.00	772.38
671.00	697.48
672.00	683.44
673.00	734.93
674.00	753.65
675.00	725.57
676.00	809.83
677.00	828.55
678.00	770.04
679.00	702.16
680.00	744.29
681.00	774.72
682.00	753.65
683.00	699.82
684.00	774.72
685.00	753.65
686.00	779.40
687.00	774.72
688.00	760.67
689.00	746.63
690.00	751.31
691.00	713.86
692.00	739.61
693.00	873.02
694.00	734.93
695.00	765.36
696.00	772.38
697.00	774.72
698.00	741.95
699.00	767.70
700.00	755.99
701.00	779.40
702.00	713.86
703.00	763.01
704.00	763.01
705.00	755.99
706.00	786.42
707.00	741.95
708.00	704.50
709.00	788.76
710.00	786.42
711.00	739.61
712.00	746.63
713.00	734.93
714.00	784.08
715.00	748.97
716.00	669.39
717.00	786.42
718.00	814.51
719.00	727.91
720.00	779.40
721.00	746.63
722.00	765.36
723.00	777.06
724.00	699.82
725.00	755.99
726.00	777.06
727.00	781.74
728.00	767.70
729.00	727.91
730.00	800.46
731.00	800.46
732.00	770.04
733.00	744.29
734.00	805.14
735.00	748.97
736.00	730.25
737.00	753.65
738.00	730.25
739.00	737.27
740.00	779.40
741.00	664.71
742.00	716.20
743.00	727.91
744.00	753.65
745.00	770.04
746.00	814.51
747.00	779.40
748.00	751.31
749.00	786.42
750.00	760.67
751.00	755.99
752.00	772.38
753.00	840.25
754.00	706.84
755.00	695.14
756.00	781.74
757.00	753.65
758.00	772.38
759.00	765.36
760.00	732.59
761.00	896.43
762.00	788.76
763.00	725.57
764.00	802.80
765.00	760.67
766.00	781.74
767.00	723.23
768.00	711.52
769.00	751.31
770.00	746.63
771.00	770.04
772.00	753.65
773.00	697.48
774.00	755.99
775.00	730.25
776.00	772.38
777.00	802.80
778.00	784.08
779.00	784.08
780.00	739.61
781.00	784.08
782.00	823.87
783.00	765.36
784.00	753.65
785.00	781.74
786.00	800.46
787.00	791.10
788.00	690.46
789.00	734.93
790.00	741.95
791.00	755.99
792.00	723.23
793.00	744.29
794.00	683.44
795.00	741.95
796.00	812.17
797.00	739.61
798.00	751.31
799.00	826.21
800.00	697.48
801.00	760.67
802.00	851.96
803.00	737.27
804.00	674.07
805.00	795.78
806.00	786.42
807.00	770.04
808.00	814.51
809.00	802.80
810.00	716.20
811.00	765.36
812.00	692.80
813.00	706.84
814.00	777.06
815.00	744.29
816.00	765.36
817.00	772.38
818.00	770.04
819.00	765.36
820.00	734.93
821.00	767.70
822.00	819.19
823.00	758.33
824.00	877.70
825.00	746.63
826.00	748.97
827.00	798.12
828.00	779.40
829.00	688.12
830.00	732.59
831.00	711.52
832.00	758.33
833.00	765.36
834.00	772.38
835.00	751.31
836.00	744.29
837.00	725.57
838.00	755.99
839.00	741.95
840.00	781.74
841.00	697.48
842.00	816.85
843.00	805.14
844.00	795.78
845.00	737.27
846.00	716.20
847.00	730.25
848.00	739.61
849.00	798.12
850.00	758.33
851.00	798.12
852.00	753.65
853.00	821.53
854.00	786.42
855.00	760.67
856.00	765.36
857.00	779.40
858.00	802.80
859.00	781.74
860.00	772.38
861.00	739.61
862.00	739.61
863.00	798.12
864.00	814.51
865.00	716.20
866.00	788.76
867.00	692.80
868.00	690.46
869.00	702.16
870.00	676.41
871.00	763.01
872.00	816.85
873.00	760.67
874.00	753.65
875.00	702.16
876.00	760.67
877.00	826.21
878.00	795.78
879.00	772.38
880.00	695.14
881.00	786.42
882.00	812.17
883.00	746.63
884.00	763.01
885.00	807.48
886.00	779.40
887.00	744.29
888.00	760.67
889.00	826.21
890.00	692.80
891.00	702.16
892.00	777.06
893.00	793.44
894.00	763.01
895.00	779.40
896.00	725.57
897.00	788.76
898.00	723.23
899.00	744.29
900.00	730.25
901.00	774.72
902.00	816.85
903.00	819.19
904.00	739.61
905.00	795.78
906.00	858.98
907.00	926.85
908.00	905.79
909.00	828.55
910.00	844.93
911.00	866.00
912.00	896.43
913.00	950.26
914.00	917.49
915.00	842.59
916.00	873.02
917.00	774.72
918.00	849.61
919.00	873.02
920.00	791.10
921.00	730.25
922.00	819.19
923.00	905.79
924.00	739.61
925.00	751.31
926.00	802.80
927.00	835.57
928.00	709.18
929.00	807.48
930.00	786.42
931.00	795.78
932.00	706.84
933.00	779.40
934.00	781.74
935.00	770.04
936.00	854.30
937.00	732.59
938.00	753.65
939.00	767.70
940.00	669.39
941.00	812.17
942.00	746.63
943.00	765.36
944.00	777.06
945.00	847.27
946.00	1121.12
947.00	1827.96
948.00	2181.38
949.00	2062.01
950.00	1629.01
951.00	1362.19
952.00	1266.23
953.00	1149.20
954.00	1015.79
955.00	858.98
956.00	830.89
957.00	833.23
958.00	772.38
959.00	739.61
960.00	760.67
961.00	763.01
962.00	772.38
963.00	751.31
964.00	720.88
965.00	744.29
966.00	709.18
967.00	758.33
968.00	791.10
969.00	814.51
970.00	725.57
971.00	678.76
972.00	697.48
973.00	702.16
974.00	718.54
975.00	777.06
976.00	760.67
977.00	809.83
978.00	746.63
979.00	748.97
980.00	758.33
981.00	760.67
982.00	788.76
983.00	800.46
984.00	748.97
985.00	748.97
986.00	805.14
987.00	779.40
988.00	741.95
989.00	777.06
990.00	816.85
991.00	814.51
992.00	800.46
993.00	779.40
994.00	723.23
995.00	744.29
996.00	744.29
997.00	770.04
998.00	765.36
999.00	702.16
1000.00	739.61
1001.00	807.48
1002.00	786.42
1003.00	837.91
1004.00	690.46
1005.00	739.61
1006.00	739.61
1007.00	720.88
1008.00	772.38
1009.00	816.85
1010.00	772.38
1011.00	765.36
1012.00	779.40
1013.00	823.87
1014.00	758.33
1015.00	704.50
1016.00	755.99
1017.00	805.14
1018.00	737.27
1019.00	744.29
1020.00	816.85
1021.00	887.06
1022.00	720.88
1023.00	800.46
1024.00	798.12
1025.00	800.46
1026.00	734.93
1027.00	779.40
1028.00	772.38
1029.00	723.23
1030.00	772.38
1031.00	802.80
1032.00	753.65
1033.00	755.99
1034.00	861.32
1035.00	727.91
1036.00	739.61
1037.00	751.31
1038.00	697.48
1039.00	788.76
1040.00	809.83
1041.00	744.29
1042.00	755.99
1043.00	748.97
1044.00	814.51
1045.00	786.42
1046.00	880.04
1047.00	823.87
1048.00	739.61
1049.00	748.97
1050.00	779.40
1051.00	748.97
1052.00	781.74
1053.00	746.63
1054.00	791.10
1055.00	767.70
1056.00	704.50
1057.00	737.27
1058.00	781.74
1059.00	755.99
1060.00	730.25
1061.00	732.59
1062.00	704.50
1063.00	772.38
1064.00	784.08
1065.00	770.04
1066.00	781.74
1067.00	713.86
1068.00	748.97
1069.00	720.88
1070.00	763.01
1071.00	723.23
1072.00	716.20
1073.00	760.67
1074.00	791.10
1075.00	727.91
1076.00	772.38
1077.00	751.31
1078.00	795.78
1079.00	791.10
1080.00	805.14
1081.00	788.76
1082.00	699.82
1083.00	802.80
1084.00	781.74
1085.00	730.25
1086.00	805.14
1087.00	781.74
1088.00	755.99
1089.00	784.08
1090.00	798.12
1091.00	781.74
1092.00	727.91
1093.00	781.74
1094.00	744.29
1095.00	774.72
1096.00	800.46
1097.00	751.31
1098.00	678.76
1099.00	777.06
1100.00	784.08
1101.00	786.42
1102.00	751.31
1103.00	765.36
1104.00	793.44
1105.00	784.08
1106.00	767.70
1107.00	751.31
1108.00	798.12
1109.00	758.33
1110.00	716.20
1111.00	828.55
1112.00	760.67
1113.00	772.38
1114.00	786.42
1115.00	765.36
1116.00	774.72
1117.00	791.10
1118.00	763.01
1119.00	723.23
1120.00	746.63
1121.00	814.51
1122.00	702.16
1123.00	809.83
1124.00	716.20
1125.00	732.59
1126.00	795.78
1127.00	809.83
1128.00	678.76
1129.00	760.67
1130.00	788.76
1131.00	854.30
1132.00	709.18
1133.00	795.78
1134.00	753.65
1135.00	725.57
1136.00	732.59
1137.00	861.32
1138.00	758.33
1139.00	826.21
1140.00	784.08
1141.00	812.17
1142.00	739.61
1143.00	784.08
1144.00	828.55
1145.00	685.78
1146.00	784.08
1147.00	727.91
1148.00	730.25
1149.00	779.40
1150.00	802.80
1151.00	798.12
1152.00	828.55
1153.00	779.40
1154.00	767.70
1155.00	770.04
1156.00	784.08
1157.00	912.81
1158.00	896.43
1159.00	908.13
1160.00	770.04
1161.00	807.48
1162.00	847.27
1163.00	784.08
1164.00	816.85
1165.00	854.30
1166.00	861.32
1167.00	1083.67
1168.00	1214.74
1169.00	1275.59
1170.00	1210.06
1171.00	1060.26
1172.00	971.32
1173.00	985.37
1174.00	896.43
1175.00	805.14
1176.00	849.61
1177.00	800.46
1178.00	807.48
1179.00	898.77
1180.00	823.87
1181.00	741.95
1182.00	849.61
1183.00	788.76
1184.00	786.42
1185.00	828.55
1186.00	837.91
1187.00	884.72
1188.00	837.91
1189.00	861.32
1190.00	793.44
1191.00	926.85
1192.00	924.51
1193.00	910.47
1194.00	929.19
1195.00	922.17
1196.00	891.74
1197.00	1027.50
1198.00	973.66
1199.00	931.53
1200.00	943.24
1201.00	1039.20
1202.00	1170.27
1203.00	1177.29
1204.00	1207.72
1205.00	1102.39
1206.00	1149.20
1207.00	1057.92
1208.00	1015.79
1209.00	997.07
1210.00	1093.03
1211.00	1004.09
1212.00	1100.05
1213.00	1107.07
1214.00	1118.78
1215.00	1149.20
1216.00	1310.70
1217.00	1455.81
1218.00	1753.06
1219.00	1996.48
1220.00	3646.55
1221.00	20896.30
1222.00	55962.21
1223.00	65535.00
1224.00	65535.00
1225.00	60463.06
1226.00	49558.50
1227.00	37467.30
1228.00	30749.96
1229.00	21986.99
1230.00	10434.11
1231.00	4222.33
1232.00	2289.04
1233.00	1722.63
1234.00	1430.07
1235.00	1451.13
1236.00	1301.34
1237.00	1252.19
1238.00	1186.65
1239.00	1526.03
1240.00	3574.00
1241.00	6452.86
1242.00	8028.04
1243.00	6619.04
1244.00	4975.98
1245.00	3756.56
1246.00	3089.51
1247.00	2729.06
1248.00	1853.70
1249.00	1221.76
1250.00	1022.81
1251.00	971.32
1252.00	849.61
1253.00	983.02
1254.00	1053.24
1255.00	1046.22
1256.00	1100.05
1257.00	1029.84
1258.00	1050.90
1259.00	994.73
1260.00	936.21
1261.00	929.19
1262.00	954.94
1263.00	933.87
1264.00	950.26
1265.00	894.08
1266.00	891.74
1267.00	905.79
1268.00	877.70
1269.00	863.66
1270.00	802.80
1271.00	889.40
1272.00	873.02
1273.00	830.89
1274.00	842.59
1275.00	868.34
1276.00	1001.75
1277.00	945.58
1278.00	1048.56
1279.00	2420.11
1280.00	7042.67
1281.00	12238.66
1282.00	13528.30
1283.00	10621.35
1284.00	7662.91
1285.00	5811.55
1286.00	4840.23
1287.00	3918.06
1288.00	2375.64
1289.00	1486.24
1290.00	1050.90
1291.00	924.51
1292.00	908.13
1293.00	966.64
1294.00	901.11
1295.00	976.00
1296.00	919.83
1297.00	922.17
1298.00	985.37
1299.00	1598.59
1300.00	2822.69
1301.00	3721.45
1302.00	3410.16
1303.00	2757.15
1304.00	2064.35
1305.00	1764.76
1306.00	1577.52
1307.00	1387.94
1308.00	1078.99
1309.00	947.92
1310.00	866.00
1311.00	863.66
1312.00	840.25
1313.00	807.48
1314.00	856.64
1315.00	819.19
1316.00	884.72
1317.00	842.59
1318.00	784.08
1319.00	802.80
1320.00	868.34
1321.00	830.89
1322.00	898.77
1323.00	861.32
1324.00	798.12
1325.00	903.45
1326.00	833.23
1327.00	779.40
1328.00	767.70
1329.00	791.10
1330.00	868.34
1331.00	840.25
1332.00	931.53
1333.00	959.62
1334.00	1849.02
1335.00	3159.72
1336.00	3948.48
1337.00	3515.48
1338.00	2642.46
1339.00	2165.00
1340.00	1947.33
1341.00	1666.46
1342.00	1301.34
1343.00	1067.28
1344.00	912.81
1345.00	812.17
1346.00	854.30
1347.00	793.44
1348.00	791.10
1349.00	805.14
1350.00	767.70
1351.00	837.91
1352.00	823.87
1353.00	779.40
1354.00	894.08
1355.00	917.49
1356.00	840.25
1357.00	929.19
1358.00	938.55
1359.00	891.74
1360.00	910.47
1361.00	1081.33
1362.00	2530.12
1363.00	6420.09
1364.00	10764.12
1365.00	11573.95
1366.00	8910.42
1367.00	6429.45
1368.00	4732.56
1369.00	3943.80
1370.00	3290.79
1371.00	2052.65
1372.00	1437.09
1373.00	1116.44
1374.00	1093.03
1375.00	1310.70
1376.00	3281.43
1377.00	9944.94
1378.00	17846.58
1379.00	20636.50
1380.00	16027.99
1381.00	11360.96
1382.00	8439.97
1383.00	6604.99
1384.00	5348.12
1385.00	3070.78
1386.00	1640.72
1387.00	1158.57
1388.00	1025.15
1389.00	964.30
1390.00	990.05
1391.00	898.77
1392.00	875.36
1393.00	947.92
1394.00	858.98
1395.00	917.49
1396.00	908.13
1397.00	976.00
1398.00	1221.76
1399.00	1266.23
1400.00	1348.15
1401.00	1291.98
1402.00	1214.74
1403.00	1086.01
1404.00	1235.80
1405.00	1268.57
1406.00	2097.12
1407.00	9282.56
1408.00	23412.38
1409.00	34000.96
1410.00	30181.21
1411.00	21600.80
1412.00	14855.38
1413.00	11421.81
1414.00	9500.23
1415.00	6260.93
1416.00	3089.51
1417.00	1746.04
1418.00	1266.23
1419.00	1207.72
1420.00	2092.44
1421.00	4875.34
1422.00	7892.29
1423.00	8706.79
1424.00	6717.34
1425.00	4898.74
1426.00	3803.37
1427.00	3119.93
1428.00	2473.95
1429.00	1652.42
1430.00	1128.14
1431.00	964.30
1432.00	952.60
1433.00	917.49
1434.00	908.13
1435.00	1004.09
1436.00	954.94
1437.00	826.21
1438.00	882.38
1439.00	858.98
1440.00	903.45
1441.00	786.42
1442.00	840.25
1443.00	875.36
1444.00	863.66
1445.00	772.38
1446.00	840.25
1447.00	737.27
1448.00	802.80
1449.00	788.76
1450.00	798.12
1451.00	802.80
1452.00	875.36
1453.00	786.42
1454.00	863.66
1455.00	1336.45
1456.00	2787.58
1457.00	4641.28
1458.00	5738.99
1459.00	4568.73
1460.00	3487.40
1461.00	2700.98
1462.00	2258.62
1463.00	1888.81
1464.00	1336.45
1465.00	1022.81
1466.00	908.13
1467.00	882.38
1468.00	868.34
1469.00	821.53
1470.00	816.85
1471.00	837.91
1472.00	793.44
1473.00	826.21
1474.00	870.68
1475.00	784.08
1476.00	758.33
1477.00	802.80
1478.00	858.98
1479.00	866.00
1480.00	835.57
1481.00	772.38
1482.00	849.61
1483.00	854.30
1484.00	931.53
1485.00	905.79
1486.00	917.49
1487.00	1238.14
1488.00	4030.40
1489.00	10843.70
1490.00	17418.27
1491.00	17212.30
1492.00	12360.37
1493.00	8655.30
1494.00	6661.16
1495.00	5355.15
1496.00	3831.46
1497.00	2270.32
1498.00	1416.02
1499.00	1074.31
1500.00	910.47
1501.00	868.34
1502.00	816.85
1503.00	926.85
1504.00	880.04
1505.00	833.23
1506.00	763.01
1507.00	746.63
1508.00	896.43
1509.00	868.34
1510.00	786.42
1511.00	840.25
1512.00	884.72
1513.00	1121.12
1514.00	2347.56
1515.00	4035.08
1516.00	5310.68
1517.00	4358.08
1518.00	3155.04
1519.00	2382.67
1520.00	2139.25
1521.00	1809.23
1522.00	1380.92
1523.00	1062.60
1524.00	990.05
1525.00	898.77
1526.00	880.04
1527.00	854.30
1528.00	931.53
1529.00	915.15
1530.00	968.98
1531.00	966.64
1532.00	1111.75
1533.00	2223.51
1534.00	6169.65
1535.00	10782.85
1536.00	12657.62
1537.00	9565.77
1538.00	7012.24
1539.00	5158.54
1540.00	4264.46
1541.00	3330.58
1542.00	2054.99
1543.00	1324.74
1544.00	1093.03
1545.00	898.77
1546.00	870.68
1547.00	880.04
1548.00	861.32
1549.00	861.32
1550.00	866.00
1551.00	814.51
1552.00	835.57
1553.00	866.00
1554.00	901.11
1555.00	823.87
1556.00	842.59
1557.00	891.74
1558.00	924.51
1559.00	877.70
1560.00	870.68
1561.00	912.81
1562.00	940.90
1563.00	959.62
1564.00	1050.90
1565.00	1385.60
1566.00	4854.27
1567.00	13418.29
1568.00	21729.53
1569.00	22349.78
1570.00	16044.37
1571.00	11501.39
1572.00	8512.53
1573.00	6902.24
1574.00	4793.42
1575.00	2750.13
1576.00	1781.15
1577.00	1416.02
1578.00	1982.43
1579.00	7337.58
1580.00	20973.54
1581.00	35021.44
1582.00	36107.44
1583.00	25633.55
1584.00	18050.21
1585.00	13050.83
1586.00	10562.84
1587.00	7115.23
1588.00	3662.94
1589.00	2043.29
1590.00	1310.70
1591.00	1177.29
1592.00	1027.50
1593.00	959.62
1594.00	940.90
1595.00	880.04
1596.00	875.36
1597.00	931.53
1598.00	891.74
1599.00	847.27
1600.00	851.96
1601.00	828.55
1602.00	784.08
1603.00	826.21
1604.00	833.23
1605.00	854.30
1606.00	819.19
1607.00	786.42
1608.00	807.48
1609.00	816.85
1610.00	777.06
1611.00	940.90
1612.00	826.21
1613.00	849.61
1614.00	826.21
1615.00	807.48
1616.00	744.29
1617.00	767.70
1618.00	774.72
1619.00	795.78
1620.00	791.10
1621.00	837.91
1622.00	847.27
1623.00	823.87
1624.00	765.36
1625.00	868.34
1626.00	716.20
1627.00	863.66
1628.00	791.10
1629.00	835.57
1630.00	784.08
1631.00	784.08
1632.00	807.48
1633.00	851.96
1634.00	880.04
1635.00	798.12
1636.00	861.32
1637.00	866.00
1638.00	821.53
1639.00	772.38
1640.00	816.85
1641.00	741.95
1642.00	844.93
1643.00	877.70
1644.00	779.40
1645.00	851.96
1646.00	863.66
1647.00	863.66
1648.00	905.79
1649.00	1100.05
1650.00	2874.18
1651.00	8795.73
1652.00	15777.55
1653.00	19126.86
1654.00	15063.69
1655.00	10712.63
1656.00	7955.48
1657.00	6225.82
1658.00	4542.98
1659.00	2729.06
1660.00	1629.01
1661.00	1135.16
1662.00	1020.47
1663.00	978.34
1664.00	844.93
1665.00	861.32
1666.00	929.19
1667.00	854.30
1668.00	1303.68
1669.00	3012.27
1670.00	5547.07
1671.00	6761.81
1672.00	6033.90
1673.00	4442.34
1674.00	3370.37
1675.00	2698.64
1676.00	2069.03
1677.00	1547.09
1678.00	1205.38
1679.00	943.24
1680.00	765.36
1681.00	809.83
1682.00	702.16
1683.00	784.08
1684.00	863.66
1685.00	828.55
1686.00	748.97
1687.00	755.99
1688.00	781.74
1689.00	751.31
1690.00	770.04
1691.00	767.70
1692.00	828.55
1693.00	854.30
1694.00	744.29
1695.00	786.42
1696.00	770.04
1697.00	732.59
1698.00	772.38
1699.00	807.48
1700.00	847.27
1701.00	770.04
1702.00	681.10
1703.00	699.82
1704.00	805.14
1705.00	748.97
1706.00	725.57
1707.00	777.06
1708.00	772.38
1709.00	821.53
1710.00	868.34
1711.00	854.30
1712.00	842.59
1713.00	936.21
1714.00	1500.28
1715.00	3946.14
1716.00	7377.37
1717.00	9408.95
1718.00	8505.51
1719.00	6464.56
1720.00	4650.64
1721.00	3707.41
1722.00	2738.43
1723.00	1846.68
1724.00	1256.87
1725.00	1004.09
1726.00	887.06
1727.00	840.25
1728.00	819.19
1729.00	753.65
1730.00	842.59
1731.00	755.99
1732.00	823.87
1733.00	760.67
1734.00	758.33
1735.00	791.10
1736.00	716.20
1737.00	763.01
1738.00	781.74
1739.00	755.99
1740.00	786.42
1741.00	854.30
1742.00	880.04
1743.00	758.33
1744.00	798.12
1745.00	716.20
1746.00	805.14
1747.00	781.74
1748.00	706.84
1749.00	774.72
1750.00	777.06
1751.00	774.72
1752.00	828.55
1753.00	802.80
1754.00	828.55
1755.00	805.14
1756.00	774.72
1757.00	805.14
1758.00	793.44
1759.00	812.17
1760.00	774.72
1761.00	849.61
1762.00	807.48
1763.00	910.47
1764.00	800.46
1765.00	837.91
1766.00	875.36
1767.00	826.21
1768.00	875.36
1769.00	1064.94
1770.00	2225.85
1771.00	6565.20
1772.00	12800.39
1773.00	16812.07
1774.00	14361.53
1775.00	10670.50
1776.00	7641.85
1777.00	5540.05
1778.00	3548.25
1779.00	2200.10
1780.00	1493.26
1781.00	1198.35
1782.00	1027.50
1783.00	870.68
1784.00	835.57
1785.00	849.61
1786.00	877.70
1787.00	788.76
1788.00	812.17
1789.00	784.08
1790.00	781.74
1791.00	781.74
1792.00	840.25
1793.00	793.44
1794.00	784.08
1795.00	798.12
1796.00	830.89
1797.00	1055.58
1798.00	2513.74
1799.00	5799.85
1800.00	9607.90
1801.00	10406.02
1802.00	8475.08
1803.00	6310.08
1804.00	4573.41
1805.00	3030.99
1806.00	1923.92
1807.00	1401.98
1808.00	1069.62
1809.00	912.81
1810.00	887.06
1811.00	816.85
1812.00	798.12
1813.00	866.00
1814.00	774.72
1815.00	751.31
1816.00	767.70
1817.00	748.97
1818.00	760.67
1819.00	777.06
1820.00	772.38
1821.00	802.80
1822.00	751.31
1823.00	777.06
1824.00	873.02
1825.00	823.87
1826.00	908.13
1827.00	924.51
1828.00	830.89
1829.00	840.25
1830.00	842.59
1831.00	767.70
1832.00	727.91
1833.00	805.14
1834.00	741.95
1835.00	732.59
1836.00	828.55
1837.00	795.78
1838.00	763.01
1839.00	784.08
1840.00	725.57
1841.00	800.46
1842.00	765.36
1843.00	814.51
1844.00	739.61
1845.00	777.06
1846.00	807.48
1847.00	727.91
1848.00	737.27
1849.00	758.33
1850.00	809.83
1851.00	727.91
1852.00	725.57
1853.00	737.27
1854.00	821.53
1855.00	706.84
1856.00	713.86
1857.00	770.04
1858.00	765.36
1859.00	690.46
1860.00	777.06
1861.00	755.99
1862.00	837.91
1863.00	758.33
1864.00	814.51
1865.00	741.95
1866.00	741.95
1867.00	711.52
1868.00	760.67
1869.00	737.27
1870.00	763.01
1871.00	702.16
1872.00	711.52
1873.00	765.36
1874.00	781.74
1875.00	760.67
1876.00	781.74
1877.00	807.48
1878.00	758.33
1879.00	816.85
1880.00	758.33
1881.00	697.48
1882.00	795.78
1883.00	807.48
1884.00	718.54
1885.00	767.70
1886.00	828.55
1887.00	767.70
1888.00	753.65
1889.00	727.91
1890.00	777.06
1891.00	753.65
1892.00	765.36
1893.00	734.93
1894.00	793.44
1895.00	758.33
1896.00	812.17
1897.00	718.54
1898.00	826.21
1899.00	767.70
1900.00	748.97
1901.00	744.29
1902.00	737.27
1903.00	765.36
1904.00	842.59
1905.00	739.61
1906.00	716.20
1907.00	739.61
1908.00	748.97
1909.00	812.17
1910.00	779.40
1911.00	807.48
1912.00	821.53
1913.00	950.26
1914.00	844.93
1915.00	767.70
1916.00	870.68
1917.00	730.25
1918.00	704.50
1919.00	767.70
1920.00	741.95
1921.00	851.96
1922.00	826.21
1923.00	781.74
1924.00	767.70
1925.00	741.95
1926.00	772.38
1927.00	744.29
1928.00	774.72
1929.00	713.86
1930.00	784.08
1931.00	788.76
1932.00	734.93
1933.00	791.10
1934.00	772.38
1935.00	805.14
1936.00	751.31
1937.00	758.33
1938.00	718.54
1939.00	732.59
1940.00	746.63
1941.00	784.08
1942.00	739.61
1943.00	875.36
1944.00	711.52
1945.00	688.12
1946.00	791.10
1947.00	830.89
1948.00	753.65
1949.00	849.61
1950.00	851.96
1951.00	823.87
1952.00	1088.35
1953.00	2356.92
1954.00	5378.55
1955.00	8463.38
1956.00	9179.58
1957.00	6567.54
1958.00	4322.97
1959.00	2759.49
1960.00	1860.73
1961.00	1392.62
1962.00	1083.67
1963.00	905.79
1964.00	868.34
1965.00	873.02
1966.00	833.23
1967.00	819.19
1968.00	828.55
1969.00	730.25
1970.00	629.60
1971.00	748.97
1972.00	784.08
1973.00	763.01
1974.00	840.25
1975.00	774.72
1976.00	739.61
1977.00	695.14
1978.00	737.27
1979.00	786.42
1980.00	849.61
1981.00	1158.57
1982.00	1219.42
1983.00	1341.13
1984.00	1064.94
1985.00	1032.18
1986.00	851.96
1987.00	861.32
1988.00	816.85
1989.00	849.61
1990.00	746.63
1991.00	835.57
1992.00	784.08
1993.00	807.48
1994.00	753.65
1995.00	704.50
1996.00	788.76
1997.00	720.88
1998.00	777.06
1999.00	765.36
2000.00	716.20
2001.00	781.74
2002.00	758.33
2003.00	833.23
2004.00	770.04
2005.00	753.65
2006.00	765.36
2007.00	753.65
2008.00	774.72
2009.00	732.59
2010.00	837.91
2011.00	791.10
2012.00	812.17
2013.00	772.38
2014.00	746.63
2015.00	842.59
2016.00	760.67
2017.00	805.14
2018.00	784.08
2019.00	816.85
2020.00	737.27
2021.00	763.01
2022.00	755.99
2023.00	784.08
2024.00	936.21
2025.00	1039.20
2026.00	1186.65
2027.00	1256.87
2028.00	1205.38
2029.00	1259.21
2030.00	2438.84
2031.00	7215.87
2032.00	13879.38
2033.00	18263.20
2034.00	16479.71
2035.00	10979.45
2036.00	7286.09
2037.00	4540.64
2038.00	2909.29
2039.00	1858.39
2040.00	1373.89
2041.00	1158.57
2042.00	947.92
2043.00	901.11
2044.00	837.91
2045.00	870.68
2046.00	880.04
2047.00	795.78
