0.00	657.69
1.00	657.69
2.00	657.69
3.00	608.54
4.00	552.37
5.00	533.64
6.00	592.16
7.00	564.07
8.00	535.98
9.00	545.34
10.00	500.87
11.00	568.75
12.00	589.82
13.00	589.82
14.00	533.64
15.00	580.45
16.00	573.43
17.00	533.64
18.00	587.47
19.00	601.52
20.00	662.37
21.00	599.18
22.00	643.65
23.00	622.58
24.00	641.31
25.00	636.63
26.00	681.10
27.00	744.29
28.00	741.95
29.00	594.50
30.00	660.03
31.00	653.01
32.00	669.39
33.00	737.27
34.00	676.41
35.00	688.12
36.00	746.63
37.00	709.18
38.00	755.99
39.00	713.86
40.00	767.70
41.00	732.59
42.00	730.25
43.00	788.76
44.00	702.16
45.00	767.70
46.00	774.72
47.00	734.93
48.00	697.48
49.00	751.31
50.00	683.44
51.00	737.27
52.00	793.44
53.00	774.72
54.00	737.27
55.00	779.40
56.00	791.10
57.00	765.36
58.00	809.83
59.00	720.88
60.00	667.05
61.00	713.86
62.00	692.80
63.00	711.52
64.00	713.86
65.00	741.95
66.00	716.20
67.00	795.78
68.00	760.67
69.00	706.84
70.00	760.67
71.00	711.52
72.00	781.74
73.00	664.71
74.00	739.61
75.00	748.97
76.00	725.57
77.00	737.27
78.00	753.65
79.00	739.61
80.00	748.97
81.00	758.33
82.00	699.82
83.00	791.10
84.00	753.65
85.00	744.29
86.00	702.16
87.00	826.21
88.00	676.41
89.00	751.31
90.00	695.14
91.00	683.44
92.00	788.76
93.00	720.88
94.00	739.61
95.00	784.08
96.00	781.74
97.00	683.44
98.00	755.99
99.00	727.91
100.00	718.54
101.00	725.57
102.00	699.82
103.00	711.52
104.00	746.63
105.00	727.91
106.00	669.39
107.00	777.06
108.00	683.44
109.00	716.20
110.00	709.18
111.00	704.50
112.00	723.23
113.00	765.36
114.00	784.08
115.00	725.57
116.00	711.52
117.00	755.99
118.00	713.86
119.00	699.82
120.00	664.71
121.00	713.86
122.00	683.44
123.00	748.97
124.00	709.18
125.00	730.25
126.00	725.57
127.00	702.16
128.00	716.20
129.00	718.54
130.00	779.40
131.00	702.16
132.00	737.27
133.00	706.84
134.00	692.80
135.00	685.78
136.00	734.93
137.00	734.93
138.00	685.78
139.00	734.93
140.00	830.89
141.00	739.61
142.00	706.84
143.00	751.31
144.00	713.86
145.00	760.67
146.00	723.23
147.00	751.31
148.00	791.10
149.00	753.65
150.00	723.23
151.00	755.99
152.00	748.97
153.00	763.01
154.00	730.25
155.00	788.76
156.00	741.95
157.00	791.10
158.00	723.23
159.00	730.25
160.00	805.14
161.00	718.54
162.00	702.16
163.00	770.04
164.00	669.39
165.00	727.91
166.00	774.72
167.00	833.23
168.00	753.65
169.00	748.97
170.00	688.12
171.00	751.31
172.00	725.57
173.00	786.42
174.00	662.37
175.00	718.54
176.00	748.97
177.00	741.95
178.00	723.23
179.00	706.84
180.00	699.82
181.00	737.27
182.00	734.93
183.00	741.95
184.00	727.91
185.00	763.01
186.00	655.35
187.00	727.91
188.00	716.20
189.00	753.65
190.00	741.95
191.00	788.76
192.00	676.41
193.00	660.03
194.00	777.06
195.00	770.04
196.00	699.82
197.00	791.10
198.00	786.42
199.00	793.44
200.00	730.25
201.00	704.50
202.00	760.67
203.00	741.95
204.00	741.95
205.00	713.86
206.00	755.99
207.00	690.46
208.00	746.63
209.00	727.91
210.00	809.83
211.00	688.12
212.00	671.73
213.00	706.84
214.00	716.20
215.00	800.46
216.00	725.57
217.00	744.29
218.00	779.40
219.00	709.18
220.00	697.48
221.00	709.18
222.00	751.31
223.00	730.25
224.00	734.93
225.00	734.93
226.00	737.27
227.00	784.08
228.00	765.36
229.00	676.41
230.00	770.04
231.00	711.52
232.00	695.14
233.00	763.01
234.00	690.46
235.00	819.19
236.00	716.20
237.00	758.33
238.00	716.20
239.00	779.40
240.00	706.84
241.00	709.18
242.00	777.06
243.00	737.27
244.00	753.65
245.00	760.67
246.00	725.57
247.00	716.20
248.00	723.23
249.00	704.50
250.00	727.91
251.00	648.33
252.00	755.99
253.00	774.72
254.00	765.36
255.00	763.01
256.00	774.72
257.00	751.31
258.00	784.08
259.00	784.08
260.00	802.80
261.00	713.86
262.00	781.74
263.00	741.95
264.00	814.51
265.00	854.30
266.00	727.91
267.00	781.74
268.00	777.06
269.00	755.99
270.00	791.10
271.00	786.42
272.00	767.70
273.00	910.47
274.00	772.38
275.00	833.23
276.00	760.67
277.00	819.19
278.00	774.72
279.00	774.72
280.00	814.51
281.00	805.14
282.00	788.76
283.00	725.57
284.00	763.01
285.00	709.18
286.00	732.59
287.00	688.12
288.00	699.82
289.00	763.01
290.00	741.95
291.00	739.61
292.00	760.67
293.00	716.20
294.00	734.93
295.00	725.57
296.00	784.08
297.00	664.71
298.00	788.76
299.00	758.33
300.00	744.29
301.00	730.25
302.00	725.57
303.00	676.41
304.00	739.61
305.00	746.63
306.00	774.72
307.00	800.46
308.00	788.76
309.00	795.78
310.00	807.48
311.00	777.06
312.00	781.74
313.00	772.38
314.00	788.76
315.00	737.27
316.00	699.82
317.00	688.12
318.00	697.48
319.00	732.59
320.00	709.18
321.00	695.14
322.00	676.41
323.00	744.29
324.00	730.25
325.00	765.36
326.00	774.72
327.00	681.10
328.00	798.12
329.00	636.63
330.00	720.88
331.00	760.67
332.00	732.59
333.00	737.27
334.00	784.08
335.00	697.48
336.00	723.23
337.00	737.27
338.00	704.50
339.00	720.88
340.00	767.70
341.00	788.76
342.00	741.95
343.00	819.19
344.00	725.57
345.00	856.64
346.00	788.76
347.00	763.01
348.00	833.23
349.00	898.77
350.00	873.02
351.00	814.51
352.00	854.30
353.00	791.10
354.00	741.95
355.00	793.44
356.00	753.65
357.00	732.59
358.00	744.29
359.00	723.23
360.00	667.05
361.00	755.99
362.00	751.31
363.00	669.39
364.00	772.38
365.00	809.83
366.00	772.38
367.00	760.67
368.00	716.20
369.00	718.54
370.00	770.04
371.00	767.70
372.00	751.31
373.00	760.67
374.00	774.72
375.00	674.07
376.00	763.01
377.00	732.59
378.00	725.57
379.00	765.36
380.00	730.25
381.00	760.67
382.00	688.12
383.00	716.20
384.00	767.70
385.00	734.93
386.00	795.78
387.00	774.72
388.00	641.31
389.00	763.01
390.00	777.06
391.00	765.36
392.00	723.23
393.00	807.48
394.00	683.44
395.00	755.99
396.00	807.48
397.00	741.95
398.00	746.63
399.00	711.52
400.00	706.84
401.00	739.61
402.00	730.25
403.00	770.04
404.00	720.88
405.00	765.36
406.00	709.18
407.00	732.59
408.00	795.78
409.00	704.50
410.00	753.65
411.00	725.57
412.00	664.71
413.00	671.73
414.00	758.33
415.00	751.31
416.00	723.23
417.00	767.70
418.00	770.04
419.00	716.20
420.00	723.23
421.00	713.86
422.00	725.57
423.00	760.67
424.00	739.61
425.00	744.29
426.00	697.48
427.00	748.97
428.00	746.63
429.00	791.10
430.00	772.38
431.00	727.91
432.00	758.33
433.00	744.29
434.00	786.42
435.00	774.72
436.00	704.50
437.00	716.20
438.00	709.18
439.00	624.92
440.00	800.46
441.00	772.38
442.00	835.57
443.00	746.63
444.00	734.93
445.00	795.78
446.00	692.80
447.00	807.48
448.00	732.59
449.00	751.31
450.00	718.54
451.00	746.63
452.00	699.82
453.00	755.99
454.00	741.95
455.00	681.10
456.00	751.31
457.00	777.06
458.00	763.01
459.00	739.61
460.00	734.93
461.00	706.84
462.00	718.54
463.00	800.46
464.00	746.63
465.00	727.91
466.00	753.65
467.00	784.08
468.00	737.27
469.00	767.70
470.00	779.40
471.00	711.52
472.00	751.31
473.00	798.12
474.00	763.01
475.00	737.27
476.00	763.01
477.00	734.93
478.00	727.91
479.00	702.16
480.00	704.50
481.00	744.29
482.00	760.67
483.00	723.23
484.00	763.01
485.00	737.27
486.00	798.12
487.00	765.36
488.00	695.14
489.00	763.01
490.00	692.80
491.00	781.74
492.00	725.57
493.00	730.25
494.00	746.63
495.00	802.80
496.00	755.99
497.00	800.46
498.00	737.27
499.00	774.72
500.00	732.59
501.00	732.59
502.00	727.91
503.00	702.16
504.00	758.33
505.00	716.20
506.00	800.46
507.00	826.21
508.00	725.57
509.00	739.61
510.00	786.42
511.00	760.67
512.00	725.57
513.00	812.17
514.00	718.54
515.00	685.78
516.00	681.10
517.00	706.84
518.00	641.31
519.00	727.91
520.00	788.76
521.00	695.14
522.00	725.57
523.00	723.23
524.00	732.59
525.00	671.73
526.00	823.87
527.00	751.31
528.00	760.67
529.00	692.80
530.00	737.27
531.00	702.16
532.00	739.61
533.00	744.29
534.00	744.29
535.00	758.33
536.00	730.25
537.00	692.80
538.00	755.99
539.00	751.31
540.00	765.36
541.00	802.80
542.00	784.08
543.00	695.14
544.00	662.37
545.00	755.99
546.00	741.95
547.00	688.12
548.00	671.73
549.00	835.57
550.00	737.27
551.00	784.08
552.00	683.44
553.00	760.67
554.00	765.36
555.00	734.93
556.00	791.10
557.00	744.29
558.00	739.61
559.00	763.01
560.00	744.29
561.00	744.29
562.00	688.12
563.00	660.03
564.00	718.54
565.00	739.61
566.00	653.01
567.00	667.05
568.00	746.63
569.00	732.59
570.00	727.91
571.00	798.12
572.00	779.40
573.00	716.20
574.00	777.06
575.00	692.80
576.00	758.33
577.00	720.88
578.00	678.76
579.00	716.20
580.00	758.33
581.00	760.67
582.00	755.99
583.00	674.07
584.00	786.42
585.00	688.12
586.00	816.85
587.00	784.08
588.00	786.42
589.00	725.57
590.00	713.86
591.00	800.46
592.00	772.38
593.00	765.36
594.00	704.50
595.00	713.86
596.00	702.16
597.00	751.31
598.00	774.72
599.00	734.93
600.00	777.06
601.00	767.70
602.00	697.48
603.00	746.63
604.00	695.14
605.00	723.23
606.00	730.25
607.00	765.36
608.00	784.08
609.00	718.54
610.00	732.59
611.00	746.63
612.00	758.33
613.00	695.14
614.00	704.50
615.00	706.84
616.00	753.65
617.00	758.33
618.00	758.33
619.00	763.01
620.00	720.88
621.00	723.23
622.00	695.14
623.00	723.23
624.00	732.59
625.00	774.72
626.00	763.01
627.00	725.57
628.00	788.76
629.00	685.78
630.00	795.78
631.00	739.61
632.00	699.82
633.00	739.61
634.00	774.72
635.00	716.20
636.00	737.27
637.00	844.93
638.00	711.52
639.00	765.36
640.00	795.78
641.00	760.67
642.00	774.72
643.00	751.31
644.00	805.14
645.00	830.89
646.00	716.20
647.00	709.18
648.00	786.42
649.00	828.55
650.00	758.33
651.00	737.27
652.00	765.36
653.00	753.65
654.00	697.48
655.00	849.61
656.00	713.86
657.00	781.74
658.00	718.54
659.00	765.36
660.00	671.73
661.00	784.08
662.00	777.06
663.00	765.36
664.00	763.01
665.00	777.06
666.00	746.63
667.00	739.61
668.00	711.52
669.00	793.44
670.00	753.65
671.00	706.84
672.00	772.38
673.00	765.36
674.00	765.36
675.00	779.40
676.00	699.82
677.00	718.54
678.00	772.38
679.00	739.61
680.00	784.08
681.00	730.25
682.00	805.14
683.00	807.48
684.00	704.50
685.00	765.36
686.00	727.91
687.00	711.52
688.00	688.12
689.00	777.06
690.00	748.97
691.00	753.65
692.00	781.74
693.00	823.87
694.00	720.88
695.00	702.16
696.00	765.36
697.00	732.59
698.00	720.88
699.00	770.04
700.00	692.80
701.00	772.38
702.00	760.67
703.00	746.63
704.00	748.97
705.00	741.95
706.00	758.33
707.00	770.04
708.00	664.71
709.00	713.86
710.00	793.44
711.00	732.59
712.00	653.01
713.00	753.65
714.00	830.89
715.00	760.67
716.00	760.67
717.00	737.27
718.00	807.48
719.00	730.25
720.00	746.63
721.00	709.18
722.00	744.29
723.00	704.50
724.00	784.08
725.00	725.57
726.00	732.59
727.00	704.50
728.00	751.31
729.00	758.33
730.00	748.97
731.00	711.52
732.00	807.48
733.00	727.91
734.00	784.08
735.00	784.08
736.00	779.40
737.00	720.88
738.00	805.14
739.00	765.36
740.00	795.78
741.00	727.91
742.00	732.59
743.00	788.76
744.00	772.38
745.00	784.08
746.00	734.93
747.00	784.08
748.00	746.63
749.00	723.23
750.00	751.31
751.00	786.42
752.00	765.36
753.00	725.57
754.00	791.10
755.00	739.61
756.00	716.20
757.00	805.14
758.00	800.46
759.00	760.67
760.00	779.40
761.00	858.98
762.00	716.20
763.00	849.61
764.00	760.67
765.00	755.99
766.00	739.61
767.00	723.23
768.00	704.50
769.00	751.31
770.00	737.27
771.00	725.57
772.00	748.97
773.00	784.08
774.00	765.36
775.00	774.72
776.00	727.91
777.00	697.48
778.00	648.33
779.00	784.08
780.00	793.44
781.00	765.36
782.00	814.51
783.00	777.06
784.00	828.55
785.00	784.08
786.00	690.46
787.00	800.46
788.00	793.44
789.00	685.78
790.00	786.42
791.00	781.74
792.00	697.48
793.00	702.16
794.00	748.97
795.00	697.48
796.00	730.25
797.00	690.46
798.00	788.76
799.00	793.44
800.00	835.57
801.00	739.61
802.00	706.84
803.00	777.06
804.00	688.12
805.00	800.46
806.00	741.95
807.00	812.17
808.00	702.16
809.00	723.23
810.00	751.31
811.00	748.97
812.00	777.06
813.00	713.86
814.00	723.23
815.00	751.31
816.00	713.86
817.00	727.91
818.00	821.53
819.00	774.72
820.00	791.10
821.00	746.63
822.00	814.51
823.00	814.51
824.00	830.89
825.00	713.86
826.00	744.29
827.00	711.52
828.00	758.33
829.00	767.70
830.00	727.91
831.00	746.63
832.00	727.91
833.00	760.67
834.00	828.55
835.00	823.87
836.00	725.57
837.00	772.38
838.00	716.20
839.00	704.50
840.00	692.80
841.00	748.97
842.00	805.14
843.00	805.14
844.00	793.44
845.00	784.08
846.00	746.63
847.00	758.33
848.00	748.97
849.00	791.10
850.00	851.96
851.00	739.61
852.00	737.27
853.00	725.57
854.00	748.97
855.00	786.42
856.00	695.14
857.00	720.88
858.00	739.61
859.00	723.23
860.00	751.31
861.00	786.42
862.00	770.04
863.00	777.06
864.00	744.29
865.00	777.06
866.00	784.08
867.00	674.07
868.00	777.06
869.00	744.29
870.00	688.12
871.00	795.78
872.00	767.70
873.00	753.65
874.00	755.99
875.00	774.72
876.00	770.04
877.00	758.33
878.00	720.88
879.00	765.36
880.00	807.48
881.00	770.04
882.00	699.82
883.00	861.32
884.00	777.06
885.00	730.25
886.00	772.38
887.00	755.99
888.00	746.63
889.00	737.27
890.00	697.48
891.00	753.65
892.00	763.01
893.00	802.80
894.00	758.33
895.00	702.16
896.00	784.08
897.00	744.29
898.00	760.67
899.00	744.29
900.00	732.59
901.00	737.27
902.00	683.44
903.00	788.76
904.00	800.46
905.00	791.10
906.00	887.06
907.00	936.21
908.00	847.27
909.00	863.66
910.00	809.83
911.00	912.81
912.00	863.66
913.00	936.21
914.00	940.90
915.00	957.28
916.00	884.72
917.00	816.85
918.00	877.70
919.00	866.00
920.00	734.93
921.00	793.44
922.00	779.40
923.00	795.78
924.00	716.20
925.00	814.51
926.00	725.57
927.00	765.36
928.00	730.25
929.00	791.10
930.00	763.01
931.00	802.80
932.00	791.10
933.00	772.38
934.00	732.59
935.00	725.57
936.00	807.48
937.00	744.29
938.00	835.57
939.00	798.12
940.00	812.17
941.00	774.72
942.00	737.27
943.00	844.93
944.00	720.88
945.00	805.14
946.00	1156.22
947.00	1741.36
948.00	2141.59
949.00	2047.97
950.00	1619.65
951.00	1380.92
952.00	1235.80
953.00	1203.04
954.00	898.77
955.00	816.85
956.00	767.70
957.00	753.65
958.00	793.44
959.00	716.20
960.00	725.57
961.00	760.67
962.00	720.88
963.00	720.88
964.00	739.61
965.00	713.86
966.00	774.72
967.00	755.99
968.00	774.72
969.00	746.63
970.00	798.12
971.00	837.91
972.00	734.93
973.00	748.97
974.00	711.52
975.00	784.08
976.00	814.51
977.00	748.97
978.00	819.19
979.00	774.72
980.00	800.46
981.00	763.01
982.00	833.23
983.00	718.54
984.00	711.52
985.00	770.04
986.00	763.01
987.00	734.93
988.00	751.31
989.00	748.97
990.00	755.99
991.00	807.48
992.00	697.48
993.00	758.33
994.00	755.99
995.00	830.89
996.00	772.38
997.00	765.36
998.00	730.25
999.00	767.70
1000.00	816.85
1001.00	765.36
1002.00	723.23
1003.00	716.20
1004.00	781.74
1005.00	755.99
1006.00	711.52
1007.00	791.10
1008.00	748.97
1009.00	746.63
1010.00	793.44
1011.00	823.87
1012.00	772.38
1013.00	692.80
1014.00	748.97
1015.00	763.01
1016.00	767.70
1017.00	760.67
1018.00	734.93
1019.00	774.72
1020.00	681.10
1021.00	784.08
1022.00	772.38
1023.00	725.57
1024.00	772.38
1025.00	793.44
1026.00	734.93
1027.00	706.84
1028.00	751.31
1029.00	767.70
1030.00	753.65
1031.00	779.40
1032.00	748.97
1033.00	765.36
1034.00	741.95
1035.00	723.23
1036.00	704.50
1037.00	748.97
1038.00	748.97
1039.00	748.97
1040.00	702.16
1041.00	755.99
1042.00	739.61
1043.00	781.74
1044.00	748.97
1045.00	727.91
1046.00	887.06
1047.00	730.25
1048.00	847.27
1049.00	774.72
1050.00	767.70
1051.00	763.01
1052.00	779.40
1053.00	800.46
1054.00	746.63
1055.00	800.46
1056.00	774.72
1057.00	763.01
1058.00	753.65
1059.00	777.06
1060.00	739.61
1061.00	753.65
1062.00	734.93
1063.00	793.44
1064.00	777.06
1065.00	744.29
1066.00	763.01
1067.00	720.88
1068.00	805.14
1069.00	777.06
1070.00	748.97
1071.00	739.61
1072.00	763.01
1073.00	730.25
1074.00	807.48
1075.00	709.18
1076.00	702.16
1077.00	791.10
1078.00	781.74
1079.00	720.88
1080.00	774.72
1081.00	798.12
1082.00	739.61
1083.00	755.99
1084.00	774.72
1085.00	774.72
1086.00	760.67
1087.00	816.85
1088.00	812.17
1089.00	760.67
1090.00	760.67
1091.00	774.72
1092.00	760.67
1093.00	716.20
1094.00	725.57
1095.00	809.83
1096.00	830.89
1097.00	770.04
1098.00	753.65
1099.00	774.72
1100.00	760.67
1101.00	802.80
1102.00	793.44
1103.00	880.04
1104.00	823.87
1105.00	863.66
1106.00	781.74
1107.00	690.46
1108.00	718.54
1109.00	748.97
1110.00	753.65
1111.00	709.18
1112.00	812.17
1113.00	816.85
1114.00	791.10
1115.00	730.25
1116.00	770.04
1117.00	763.01
1118.00	734.93
1119.00	730.25
1120.00	737.27
1121.00	746.63
1122.00	795.78
1123.00	777.06
1124.00	767.70
1125.00	807.48
1126.00	713.86
1127.00	720.88
1128.00	835.57
1129.00	784.08
1130.00	753.65
1131.00	858.98
1132.00	770.04
1133.00	692.80
1134.00	770.04
1135.00	840.25
1136.00	779.40
1137.00	748.97
1138.00	809.83
1139.00	793.44
1140.00	734.93
1141.00	786.42
1142.00	823.87
1143.00	887.06
1144.00	746.63
1145.00	772.38
1146.00	795.78
1147.00	793.44
1148.00	760.67
1149.00	767.70
1150.00	788.76
1151.00	826.21
1152.00	816.85
1153.00	809.83
1154.00	800.46
1155.00	737.27
1156.00	837.91
1157.00	819.19
1158.00	840.25
1159.00	894.08
1160.00	915.15
1161.00	798.12
1162.00	866.00
1163.00	837.91
1164.00	744.29
1165.00	819.19
1166.00	954.94
1167.00	999.41
1168.00	1203.04
1169.00	1320.06
1170.00	1200.69
1171.00	1062.60
1172.00	1055.58
1173.00	929.19
1174.00	912.81
1175.00	919.83
1176.00	875.36
1177.00	835.57
1178.00	903.45
1179.00	861.32
1180.00	814.51
1181.00	819.19
1182.00	905.79
1183.00	861.32
1184.00	877.70
1185.00	877.70
1186.00	767.70
1187.00	875.36
1188.00	826.21
1189.00	870.68
1190.00	856.64
1191.00	805.14
1192.00	924.51
1193.00	915.15
1194.00	952.60
1195.00	922.17
1196.00	947.92
1197.00	877.70
1198.00	875.36
1199.00	926.85
1200.00	987.71
1201.00	1025.15
1202.00	1130.48
1203.00	1174.95
1204.00	1196.01
1205.00	1144.52
1206.00	1064.94
1207.00	1022.81
1208.00	1025.15
1209.00	997.07
1210.00	1006.43
1211.00	1057.92
1212.00	1069.62
1213.00	1022.81
1214.00	1114.10
1215.00	1249.85
1216.00	1291.98
1217.00	1476.88
1218.00	1741.36
1219.00	2003.50
1220.00	3728.47
1221.00	20741.83
1222.00	55847.52
1223.00	65535.00
1224.00	65535.00
1225.00	60533.28
1226.00	49375.94
1227.00	37240.26
1228.00	31063.59
1229.00	22167.21
1230.00	10403.68
1231.00	4388.50
1232.00	2251.60
1233.00	1687.53
1234.00	1497.94
1235.00	1460.49
1236.00	1341.13
1237.00	1186.65
1238.00	1144.52
1239.00	1577.52
1240.00	3646.55
1241.00	6448.18
1242.00	8013.99
1243.00	6511.37
1244.00	4994.70
1245.00	3838.48
1246.00	3026.31
1247.00	2684.59
1248.00	1935.62
1249.00	1261.55
1250.00	999.41
1251.00	915.15
1252.00	931.53
1253.00	992.39
1254.00	1043.88
1255.00	1046.22
1256.00	1067.28
1257.00	1123.46
1258.00	966.64
1259.00	983.02
1260.00	971.32
1261.00	945.58
1262.00	957.28
1263.00	954.94
1264.00	882.38
1265.00	915.15
1266.00	882.38
1267.00	959.62
1268.00	884.72
1269.00	898.77
1270.00	814.51
1271.00	933.87
1272.00	833.23
1273.00	854.30
1274.00	870.68
1275.00	866.00
1276.00	943.24
1277.00	961.96
1278.00	1050.90
1279.00	2436.50
1280.00	7007.56
1281.00	12112.27
1282.00	13483.83
1283.00	10509.01
1284.00	7843.14
1285.00	5830.27
1286.00	4840.23
1287.00	3791.67
1288.00	2457.56
1289.00	1474.54
1290.00	1018.13
1291.00	905.79
1292.00	894.08
1293.00	901.11
1294.00	908.13
1295.00	966.64
1296.00	919.83
1297.00	891.74
1298.00	966.64
1299.00	1687.53
1300.00	2794.60
1301.00	3585.70
1302.00	3311.86
1303.00	2754.81
1304.00	2127.55
1305.00	1715.61
1306.00	1591.56
1307.00	1315.38
1308.00	1018.13
1309.00	887.06
1310.00	908.13
1311.00	901.11
1312.00	826.21
1313.00	908.13
1314.00	840.25
1315.00	833.23
1316.00	858.98
1317.00	793.44
1318.00	851.96
1319.00	891.74
1320.00	840.25
1321.00	744.29
1322.00	826.21
1323.00	807.48
1324.00	805.14
1325.00	777.06
1326.00	840.25
1327.00	844.93
1328.00	774.72
1329.00	737.27
1330.00	795.78
1331.00	795.78
1332.00	830.89
1333.00	997.07
1334.00	1844.34
1335.00	3145.68
1336.00	3920.40
1337.00	3499.10
1338.00	2672.89
1339.00	2225.85
1340.00	1912.22
1341.00	1547.09
1342.00	1287.29
1343.00	1013.45
1344.00	877.70
1345.00	802.80
1346.00	821.53
1347.00	819.19
1348.00	819.19
1349.00	837.91
1350.00	858.98
1351.00	889.40
1352.00	863.66
1353.00	901.11
1354.00	833.23
1355.00	858.98
1356.00	830.89
1357.00	833.23
1358.00	922.17
1359.00	884.72
1360.00	896.43
1361.00	1046.22
1362.00	2541.82
1363.00	6406.05
1364.00	10476.24
1365.00	11470.97
1366.00	8744.24
1367.00	6466.90
1368.00	4898.74
1369.00	4112.32
1370.00	3166.74
1371.00	2003.50
1372.00	1364.53
1373.00	1114.10
1374.00	1104.73
1375.00	1291.98
1376.00	3201.85
1377.00	10080.69
1378.00	18097.02
1379.00	20730.12
1380.00	15915.64
1381.00	11290.74
1382.00	8018.68
1383.00	6761.81
1384.00	5259.18
1385.00	3166.74
1386.00	1739.02
1387.00	1174.95
1388.00	1032.18
1389.00	994.73
1390.00	983.02
1391.00	908.13
1392.00	954.94
1393.00	842.59
1394.00	891.74
1395.00	924.51
1396.00	924.51
1397.00	910.47
1398.00	1107.07
1399.00	1289.64
1400.00	1380.92
1401.00	1299.00
1402.00	1238.14
1403.00	1198.35
1404.00	1275.59
1405.00	1200.69
1406.00	2253.94
1407.00	9373.85
1408.00	23744.73
1409.00	33584.35
1410.00	30118.01
1411.00	21624.21
1412.00	15302.42
1413.00	11473.31
1414.00	9437.04
1415.00	6190.72
1416.00	3038.02
1417.00	1708.59
1418.00	1275.59
1419.00	1221.76
1420.00	2047.97
1421.00	5076.62
1422.00	7962.50
1423.00	8751.26
1424.00	6850.75
1425.00	4945.55
1426.00	3702.73
1427.00	3084.83
1428.00	2469.27
1429.00	1593.90
1430.00	1193.67
1431.00	957.28
1432.00	924.51
1433.00	880.04
1434.00	898.77
1435.00	905.79
1436.00	875.36
1437.00	844.93
1438.00	945.58
1439.00	847.27
1440.00	823.87
1441.00	905.79
1442.00	849.61
1443.00	823.87
1444.00	784.08
1445.00	784.08
1446.00	847.27
1447.00	837.91
1448.00	777.06
1449.00	816.85
1450.00	779.40
1451.00	786.42
1452.00	819.19
1453.00	873.02
1454.00	866.00
1455.00	1315.38
1456.00	2754.81
1457.00	4678.73
1458.00	5813.89
1459.00	4589.79
1460.00	3545.91
1461.00	2684.59
1462.00	2263.30
1463.00	1870.09
1464.00	1483.90
1465.00	1027.50
1466.00	880.04
1467.00	866.00
1468.00	795.78
1469.00	798.12
1470.00	774.72
1471.00	812.17
1472.00	866.00
1473.00	826.21
1474.00	758.33
1475.00	842.59
1476.00	739.61
1477.00	802.80
1478.00	870.68
1479.00	898.77
1480.00	791.10
1481.00	791.10
1482.00	788.76
1483.00	870.68
1484.00	933.87
1485.00	858.98
1486.00	940.90
1487.00	1263.89
1488.00	3918.06
1489.00	10670.50
1490.00	17312.94
1491.00	17032.08
1492.00	12301.86
1493.00	8779.35
1494.00	6595.63
1495.00	5542.39
1496.00	3948.48
1497.00	2174.36
1498.00	1336.45
1499.00	1062.60
1500.00	952.60
1501.00	947.92
1502.00	866.00
1503.00	828.55
1504.00	798.12
1505.00	870.68
1506.00	938.55
1507.00	763.01
1508.00	863.66
1509.00	868.34
1510.00	870.68
1511.00	830.89
1512.00	873.02
1513.00	1142.18
1514.00	2296.07
1515.00	3985.93
1516.00	5097.69
1517.00	4219.99
1518.00	3286.11
1519.00	2462.24
1520.00	2104.14
1521.00	1813.92
1522.00	1383.26
1523.00	1064.94
1524.00	891.74
1525.00	877.70
1526.00	781.74
1527.00	777.06
1528.00	870.68
1529.00	877.70
1530.00	891.74
1531.00	887.06
1532.00	1032.18
1533.00	2176.70
1534.00	6054.97
1535.00	11005.20
1536.00	12650.60
1537.00	9827.91
1538.00	6988.84
1539.00	5212.37
1540.00	4170.83
1541.00	3290.79
1542.00	2087.76
1543.00	1390.28
1544.00	1022.81
1545.00	964.30
1546.00	952.60
1547.00	833.23
1548.00	880.04
1549.00	858.98
1550.00	889.40
1551.00	814.51
1552.00	795.78
1553.00	814.51
1554.00	931.53
1555.00	891.74
1556.00	868.34
1557.00	816.85
1558.00	844.93
1559.00	877.70
1560.00	826.21
1561.00	896.43
1562.00	915.15
1563.00	1001.75
1564.00	1034.52
1565.00	1380.92
1566.00	4844.91
1567.00	13266.16
1568.00	21778.68
1569.00	22293.60
1570.00	16126.29
1571.00	11632.46
1572.00	8428.27
1573.00	6890.54
1574.00	4884.70
1575.00	2775.88
1576.00	1760.08
1577.00	1444.11
1578.00	1811.57
1579.00	7311.83
1580.00	21095.25
1581.00	34707.80
1582.00	35929.56
1583.00	25605.46
1584.00	18092.34
1585.00	13008.70
1586.00	10644.76
1587.00	7150.34
1588.00	3889.97
1589.00	2029.24
1590.00	1348.15
1591.00	1128.14
1592.00	1041.54
1593.00	1006.43
1594.00	968.98
1595.00	966.64
1596.00	854.30
1597.00	805.14
1598.00	821.53
1599.00	884.72
1600.00	842.59
1601.00	779.40
1602.00	830.89
1603.00	767.70
1604.00	835.57
1605.00	786.42
1606.00	805.14
1607.00	821.53
1608.00	823.87
1609.00	774.72
1610.00	774.72
1611.00	814.51
1612.00	772.38
1613.00	777.06
1614.00	755.99
1615.00	755.99
1616.00	833.23
1617.00	765.36
1618.00	798.12
1619.00	840.25
1620.00	744.29
1621.00	837.91
1622.00	748.97
1623.00	763.01
1624.00	837.91
1625.00	854.30
1626.00	800.46
1627.00	851.96
1628.00	840.25
1629.00	758.33
1630.00	777.06
1631.00	739.61
1632.00	812.17
1633.00	779.40
1634.00	784.08
1635.00	758.33
1636.00	854.30
1637.00	770.04
1638.00	870.68
1639.00	814.51
1640.00	711.52
1641.00	788.76
1642.00	880.04
1643.00	863.66
1644.00	844.93
1645.00	917.49
1646.00	856.64
1647.00	905.79
1648.00	908.13
1649.00	1053.24
1650.00	2850.77
1651.00	8734.88
1652.00	16245.66
1653.00	19391.34
1654.00	14843.68
1655.00	10841.36
1656.00	7803.35
1657.00	6076.03
1658.00	4493.83
1659.00	2684.59
1660.00	1675.82
1661.00	1160.91
1662.00	964.30
1663.00	933.87
1664.00	866.00
1665.00	849.61
1666.00	903.45
1667.00	898.77
1668.00	1299.00
1669.00	3059.08
1670.00	5362.17
1671.00	6960.75
1672.00	6024.54
1673.00	4540.64
1674.00	3393.78
1675.00	2630.76
1676.00	2094.78
1677.00	1526.03
1678.00	1029.84
1679.00	938.55
1680.00	882.38
1681.00	833.23
1682.00	807.48
1683.00	795.78
1684.00	788.76
1685.00	763.01
1686.00	741.95
1687.00	788.76
1688.00	863.66
1689.00	835.57
1690.00	805.14
1691.00	833.23
1692.00	798.12
1693.00	727.91
1694.00	758.33
1695.00	844.93
1696.00	744.29
1697.00	774.72
1698.00	737.27
1699.00	755.99
1700.00	837.91
1701.00	793.44
1702.00	741.95
1703.00	758.33
1704.00	788.76
1705.00	805.14
1706.00	828.55
1707.00	753.65
1708.00	793.44
1709.00	826.21
1710.00	826.21
1711.00	788.76
1712.00	861.32
1713.00	858.98
1714.00	1465.18
1715.00	3796.35
1716.00	7325.88
1717.00	9729.61
1718.00	8255.07
1719.00	6296.04
1720.00	4606.17
1721.00	3452.29
1722.00	2548.84
1723.00	1834.98
1724.00	1245.16
1725.00	931.53
1726.00	903.45
1727.00	835.57
1728.00	837.91
1729.00	816.85
1730.00	793.44
1731.00	765.36
1732.00	739.61
1733.00	779.40
1734.00	821.53
1735.00	807.48
1736.00	816.85
1737.00	772.38
1738.00	793.44
1739.00	739.61
1740.00	744.29
1741.00	772.38
1742.00	746.63
1743.00	760.67
1744.00	753.65
1745.00	784.08
1746.00	819.19
1747.00	802.80
1748.00	767.70
1749.00	763.01
1750.00	751.31
1751.00	802.80
1752.00	777.06
1753.00	758.33
1754.00	765.36
1755.00	896.43
1756.00	795.78
1757.00	819.19
1758.00	840.25
1759.00	889.40
1760.00	800.46
1761.00	823.87
1762.00	802.80
1763.00	837.91
1764.00	840.25
1765.00	875.36
1766.00	847.27
1767.00	882.38
1768.00	877.70
1769.00	1067.28
1770.00	2235.21
1771.00	6670.53
1772.00	13050.83
1773.00	16652.91
1774.00	14321.74
1775.00	10703.27
1776.00	7744.83
1777.00	5584.52
1778.00	3527.19
1779.00	2263.30
1780.00	1474.54
1781.00	1156.22
1782.00	950.26
1783.00	964.30
1784.00	952.60
1785.00	889.40
1786.00	837.91
1787.00	734.93
1788.00	730.25
1789.00	800.46
1790.00	884.72
1791.00	814.51
1792.00	814.51
1793.00	770.04
1794.00	755.99
1795.00	748.97
1796.00	884.72
1797.00	1097.71
1798.00	2551.18
1799.00	5839.64
1800.00	9294.27
1801.00	10576.88
1802.00	8486.78
1803.00	6338.17
1804.00	4475.10
1805.00	2953.76
1806.00	1937.96
1807.00	1378.58
1808.00	1015.79
1809.00	926.85
1810.00	861.32
1811.00	819.19
1812.00	767.70
1813.00	849.61
1814.00	791.10
1815.00	802.80
1816.00	758.33
1817.00	795.78
1818.00	793.44
1819.00	814.51
1820.00	713.86
1821.00	786.42
1822.00	765.36
1823.00	781.74
1824.00	812.17
1825.00	870.68
1826.00	875.36
1827.00	819.19
1828.00	905.79
1829.00	819.19
1830.00	800.46
1831.00	720.88
1832.00	709.18
1833.00	767.70
1834.00	723.23
1835.00	716.20
1836.00	802.80
1837.00	716.20
1838.00	816.85
1839.00	739.61
1840.00	807.48
1841.00	774.72
1842.00	692.80
1843.00	784.08
1844.00	791.10
1845.00	741.95
1846.00	758.33
1847.00	713.86
1848.00	751.31
1849.00	798.12
1850.00	739.61
1851.00	737.27
1852.00	774.72
1853.00	699.82
1854.00	781.74
1855.00	697.48
1856.00	720.88
1857.00	732.59
1858.00	683.44
1859.00	718.54
1860.00	709.18
1861.00	814.51
1862.00	746.63
1863.00	692.80
1864.00	746.63
1865.00	819.19
1866.00	713.86
1867.00	765.36
1868.00	784.08
1869.00	753.65
1870.00	746.63
1871.00	727.91
1872.00	713.86
1873.00	739.61
1874.00	798.12
1875.00	718.54
1876.00	746.63
1877.00	739.61
1878.00	774.72
1879.00	854.30
1880.00	718.54
1881.00	798.12
1882.00	741.95
1883.00	753.65
1884.00	760.67
1885.00	692.80
1886.00	748.97
1887.00	760.67
1888.00	755.99
1889.00	681.10
1890.00	732.59
1891.00	751.31
1892.00	760.67
1893.00	748.97
1894.00	660.03
1895.00	739.61
1896.00	781.74
1897.00	795.78
1898.00	720.88
1899.00	739.61
1900.00	753.65
1901.00	755.99
1902.00	779.40
1903.00	755.99
1904.00	746.63
1905.00	697.48
1906.00	798.12
1907.00	744.29
1908.00	730.25
1909.00	751.31
1910.00	788.76
1911.00	844.93
1912.00	945.58
1913.00	819.19
1914.00	826.21
1915.00	814.51
1916.00	802.80
1917.00	718.54
1918.00	711.52
1919.00	779.40
1920.00	706.84
1921.00	781.74
1922.00	739.61
1923.00	805.14
1924.00	683.44
1925.00	751.31
1926.00	798.12
1927.00	786.42
1928.00	695.14
1929.00	727.91
1930.00	744.29
1931.00	823.87
1932.00	737.27
1933.00	732.59
1934.00	802.80
1935.00	779.40
1936.00	744.29
1937.00	758.33
1938.00	739.61
1939.00	741.95
1940.00	720.88
1941.00	793.44
1942.00	779.40
1943.00	751.31
1944.00	795.78
1945.00	765.36
1946.00	828.55
1947.00	748.97
1948.00	814.51
1949.00	758.33
1950.00	791.10
1951.00	866.00
1952.00	1057.92
1953.00	2392.03
1954.00	5298.97
1955.00	8315.92
1956.00	9011.06
1957.00	6686.91
1958.00	4456.38
1959.00	2654.17
1960.00	1837.32
1961.00	1376.24
1962.00	1083.67
1963.00	964.30
1964.00	837.91
1965.00	793.44
1966.00	786.42
1967.00	774.72
1968.00	758.33
1969.00	774.72
1970.00	732.59
1971.00	819.19
1972.00	842.59
1973.00	767.70
1974.00	833.23
1975.00	779.40
1976.00	767.70
1977.00	727.91
1978.00	774.72
1979.00	847.27
1980.00	971.32
1981.00	1088.35
1982.00	1348.15
1983.00	1331.76
1984.00	1053.24
1985.00	1036.86
1986.00	889.40
1987.00	791.10
1988.00	837.91
1989.00	786.42
1990.00	777.06
1991.00	725.57
1992.00	737.27
1993.00	758.33
1994.00	704.50
1995.00	744.29
1996.00	760.67
1997.00	720.88
1998.00	725.57
1999.00	798.12
2000.00	807.48
2001.00	779.40
2002.00	802.80
2003.00	910.47
2004.00	730.25
2005.00	793.44
2006.00	739.61
2007.00	788.76
2008.00	748.97
2009.00	786.42
2010.00	741.95
2011.00	763.01
2012.00	805.14
2013.00	774.72
2014.00	798.12
2015.00	774.72
2016.00	819.19
2017.00	741.95
2018.00	849.61
2019.00	746.63
2020.00	828.55
2021.00	779.40
2022.00	753.65
2023.00	793.44
2024.00	880.04
2025.00	1039.20
2026.00	1210.06
2027.00	1334.11
2028.00	1238.14
2029.00	1315.38
2030.00	2537.14
2031.00	7300.13
2032.00	14003.43
2033.00	18363.84
2034.00	16290.13
2035.00	10932.64
2036.00	7300.13
2037.00	4606.17
2038.00	3038.02
2039.00	1912.22
2040.00	1451.13
2041.00	1132.82
2042.00	973.66
2043.00	880.04
2044.00	784.08
2045.00	835.57
2046.00	837.91
2047.00	809.83
