0.00	631.94
1.00	631.94
2.00	631.94
3.00	629.60
4.00	547.69
5.00	585.13
6.00	521.94
7.00	575.77
8.00	582.79
9.00	622.58
10.00	631.94
11.00	552.37
12.00	564.07
13.00	557.05
14.00	533.64
15.00	571.09
16.00	575.77
17.00	643.65
18.00	592.16
19.00	662.37
20.00	599.18
21.00	610.88
22.00	610.88
23.00	629.60
24.00	674.07
25.00	667.05
26.00	631.94
27.00	690.46
28.00	688.12
29.00	688.12
30.00	648.33
31.00	653.01
32.00	667.05
33.00	706.84
34.00	695.14
35.00	727.91
36.00	774.72
37.00	763.01
38.00	730.25
39.00	744.29
40.00	720.88
41.00	734.93
42.00	826.21
43.00	758.33
44.00	758.33
45.00	774.72
46.00	781.74
47.00	744.29
48.00	732.59
49.00	772.38
50.00	791.10
51.00	760.67
52.00	718.54
53.00	767.70
54.00	669.39
55.00	727.91
56.00	727.91
57.00	699.82
58.00	711.52
59.00	746.63
60.00	795.78
61.00	716.20
62.00	711.52
63.00	767.70
64.00	744.29
65.00	777.06
66.00	697.48
67.00	711.52
68.00	716.20
69.00	727.91
70.00	741.95
71.00	788.76
72.00	706.84
73.00	734.93
74.00	667.05
75.00	739.61
76.00	741.95
77.00	725.57
78.00	732.59
79.00	716.20
80.00	669.39
81.00	734.93
82.00	763.01
83.00	748.97
84.00	713.86
85.00	716.20
86.00	723.23
87.00	753.65
88.00	763.01
89.00	746.63
90.00	664.71
91.00	704.50
92.00	723.23
93.00	732.59
94.00	716.20
95.00	685.78
96.00	734.93
97.00	685.78
98.00	774.72
99.00	755.99
100.00	704.50
101.00	718.54
102.00	730.25
103.00	723.23
104.00	685.78
105.00	711.52
106.00	772.38
107.00	788.76
108.00	779.40
109.00	798.12
110.00	727.91
111.00	702.16
112.00	709.18
113.00	727.91
114.00	770.04
115.00	739.61
116.00	772.38
117.00	770.04
118.00	711.52
119.00	737.27
120.00	777.06
121.00	737.27
122.00	720.88
123.00	823.87
124.00	791.10
125.00	807.48
126.00	702.16
127.00	711.52
128.00	746.63
129.00	704.50
130.00	699.82
131.00	800.46
132.00	748.97
133.00	763.01
134.00	753.65
135.00	812.17
136.00	763.01
137.00	737.27
138.00	720.88
139.00	739.61
140.00	765.36
141.00	676.41
142.00	734.93
143.00	732.59
144.00	737.27
145.00	784.08
146.00	748.97
147.00	851.96
148.00	835.57
149.00	739.61
150.00	795.78
151.00	699.82
152.00	751.31
153.00	725.57
154.00	765.36
155.00	807.48
156.00	704.50
157.00	748.97
158.00	770.04
159.00	798.12
160.00	744.29
161.00	702.16
162.00	711.52
163.00	767.70
164.00	800.46
165.00	713.86
166.00	678.76
167.00	777.06
168.00	763.01
169.00	734.93
170.00	744.29
171.00	676.41
172.00	809.83
173.00	727.91
174.00	739.61
175.00	713.86
176.00	751.31
177.00	734.93
178.00	788.76
179.00	744.29
180.00	669.39
181.00	777.06
182.00	744.29
183.00	793.44
184.00	737.27
185.00	723.23
186.00	723.23
187.00	732.59
188.00	723.23
189.00	765.36
190.00	713.86
191.00	737.27
192.00	692.80
193.00	723.23
194.00	779.40
195.00	765.36
196.00	802.80
197.00	758.33
198.00	760.67
199.00	751.31
200.00	751.31
201.00	737.27
202.00	695.14
203.00	734.93
204.00	662.37
205.00	774.72
206.00	753.65
207.00	716.20
208.00	793.44
209.00	690.46
210.00	699.82
211.00	758.33
212.00	688.12
213.00	678.76
214.00	725.57
215.00	718.54
216.00	737.27
217.00	669.39
218.00	716.20
219.00	777.06
220.00	774.72
221.00	704.50
222.00	763.01
223.00	784.08
224.00	781.74
225.00	748.97
226.00	720.88
227.00	755.99
228.00	727.91
229.00	760.67
230.00	772.38
231.00	636.63
232.00	786.42
233.00	774.72
234.00	805.14
235.00	732.59
236.00	748.97
237.00	770.04
238.00	746.63
239.00	788.76
240.00	702.16
241.00	727.91
242.00	741.95
243.00	744.29
244.00	697.48
245.00	772.38
246.00	823.87
247.00	753.65
248.00	786.42
249.00	770.04
250.00	751.31
251.00	704.50
252.00	734.93
253.00	781.74
254.00	713.86
255.00	716.20
256.00	816.85
257.00	734.93
258.00	760.67
259.00	812.17
260.00	772.38
261.00	730.25
262.00	723.23
263.00	767.70
264.00	723.23
265.00	791.10
266.00	814.51
267.00	774.72
268.00	828.55
269.00	805.14
270.00	767.70
271.00	788.76
272.00	880.04
273.00	849.61
274.00	779.40
275.00	786.42
276.00	802.80
277.00	758.33
278.00	798.12
279.00	870.68
280.00	774.72
281.00	767.70
282.00	718.54
283.00	725.57
284.00	798.12
285.00	681.10
286.00	746.63
287.00	737.27
288.00	779.40
289.00	720.88
290.00	720.88
291.00	748.97
292.00	753.65
293.00	793.44
294.00	723.23
295.00	725.57
296.00	734.93
297.00	763.01
298.00	793.44
299.00	699.82
300.00	770.04
301.00	706.84
302.00	748.97
303.00	704.50
304.00	737.27
305.00	781.74
306.00	784.08
307.00	791.10
308.00	821.53
309.00	805.14
310.00	774.72
311.00	798.12
312.00	807.48
313.00	755.99
314.00	692.80
315.00	725.57
316.00	748.97
317.00	734.93
318.00	751.31
319.00	716.20
320.00	781.74
321.00	695.14
322.00	697.48
323.00	767.70
324.00	772.38
325.00	746.63
326.00	709.18
327.00	758.33
328.00	744.29
329.00	723.23
330.00	727.91
331.00	781.74
332.00	760.67
333.00	772.38
334.00	725.57
335.00	770.04
336.00	798.12
337.00	767.70
338.00	739.61
339.00	706.84
340.00	713.86
341.00	763.01
342.00	657.69
343.00	744.29
344.00	748.97
345.00	788.76
346.00	758.33
347.00	758.33
348.00	812.17
349.00	861.32
350.00	788.76
351.00	791.10
352.00	774.72
353.00	861.32
354.00	711.52
355.00	828.55
356.00	755.99
357.00	798.12
358.00	798.12
359.00	779.40
360.00	763.01
361.00	744.29
362.00	741.95
363.00	798.12
364.00	739.61
365.00	788.76
366.00	786.42
367.00	741.95
368.00	720.88
369.00	758.33
370.00	730.25
371.00	716.20
372.00	718.54
373.00	748.97
374.00	772.38
375.00	744.29
376.00	753.65
377.00	755.99
378.00	755.99
379.00	788.76
380.00	760.67
381.00	758.33
382.00	744.29
383.00	770.04
384.00	725.57
385.00	734.93
386.00	795.78
387.00	753.65
388.00	809.83
389.00	816.85
390.00	840.25
391.00	765.36
392.00	739.61
393.00	777.06
394.00	779.40
395.00	791.10
396.00	744.29
397.00	711.52
398.00	727.91
399.00	713.86
400.00	765.36
401.00	774.72
402.00	725.57
403.00	772.38
404.00	739.61
405.00	744.29
406.00	765.36
407.00	770.04
408.00	758.33
409.00	718.54
410.00	837.91
411.00	716.20
412.00	723.23
413.00	725.57
414.00	741.95
415.00	753.65
416.00	767.70
417.00	695.14
418.00	720.88
419.00	741.95
420.00	772.38
421.00	779.40
422.00	669.39
423.00	821.53
424.00	765.36
425.00	727.91
426.00	681.10
427.00	767.70
428.00	748.97
429.00	770.04
430.00	727.91
431.00	798.12
432.00	798.12
433.00	692.80
434.00	727.91
435.00	809.83
436.00	748.97
437.00	725.57
438.00	760.67
439.00	702.16
440.00	758.33
441.00	760.67
442.00	702.16
443.00	802.80
444.00	777.06
445.00	770.04
446.00	713.86
447.00	805.14
448.00	758.33
449.00	734.93
450.00	791.10
451.00	823.87
452.00	674.07
453.00	809.83
454.00	784.08
455.00	760.67
456.00	816.85
457.00	718.54
458.00	741.95
459.00	685.78
460.00	748.97
461.00	713.86
462.00	763.01
463.00	702.16
464.00	802.80
465.00	692.80
466.00	802.80
467.00	732.59
468.00	763.01
469.00	723.23
470.00	781.74
471.00	727.91
472.00	758.33
473.00	767.70
474.00	718.54
475.00	737.27
476.00	791.10
477.00	755.99
478.00	744.29
479.00	739.61
480.00	861.32
481.00	751.31
482.00	716.20
483.00	730.25
484.00	784.08
485.00	793.44
486.00	732.59
487.00	758.33
488.00	814.51
489.00	727.91
490.00	753.65
491.00	748.97
492.00	695.14
493.00	770.04
494.00	819.19
495.00	802.80
496.00	746.63
497.00	774.72
498.00	753.65
499.00	732.59
500.00	744.29
501.00	795.78
502.00	812.17
503.00	706.84
504.00	727.91
505.00	744.29
506.00	781.74
507.00	821.53
508.00	753.65
509.00	770.04
510.00	755.99
511.00	727.91
512.00	723.23
513.00	718.54
514.00	765.36
515.00	713.86
516.00	758.33
517.00	795.78
518.00	732.59
519.00	746.63
520.00	746.63
521.00	713.86
522.00	816.85
523.00	732.59
524.00	704.50
525.00	732.59
526.00	744.29
527.00	734.93
528.00	741.95
529.00	774.72
530.00	751.31
531.00	748.97
532.00	795.78
533.00	809.83
534.00	828.55
535.00	741.95
536.00	765.36
537.00	730.25
538.00	784.08
539.00	758.33
540.00	732.59
541.00	772.38
542.00	767.70
543.00	802.80
544.00	772.38
545.00	737.27
546.00	744.29
547.00	755.99
548.00	779.40
549.00	685.78
550.00	699.82
551.00	774.72
552.00	807.48
553.00	791.10
554.00	737.27
555.00	795.78
556.00	760.67
557.00	767.70
558.00	760.67
559.00	692.80
560.00	755.99
561.00	723.23
562.00	802.80
563.00	772.38
564.00	746.63
565.00	737.27
566.00	674.07
567.00	791.10
568.00	758.33
569.00	751.31
570.00	774.72
571.00	767.70
572.00	767.70
573.00	685.78
574.00	802.80
575.00	770.04
576.00	744.29
577.00	795.78
578.00	727.91
579.00	746.63
580.00	772.38
581.00	748.97
582.00	784.08
583.00	746.63
584.00	725.57
585.00	746.63
586.00	819.19
587.00	746.63
588.00	758.33
589.00	814.51
590.00	779.40
591.00	748.97
592.00	784.08
593.00	805.14
594.00	751.31
595.00	727.91
596.00	793.44
597.00	805.14
598.00	730.25
599.00	779.40
600.00	784.08
601.00	777.06
602.00	767.70
603.00	753.65
604.00	765.36
605.00	781.74
606.00	793.44
607.00	798.12
608.00	734.93
609.00	807.48
610.00	727.91
611.00	788.76
612.00	725.57
613.00	788.76
614.00	805.14
615.00	786.42
616.00	685.78
617.00	837.91
618.00	770.04
619.00	713.86
620.00	833.23
621.00	781.74
622.00	795.78
623.00	751.31
624.00	791.10
625.00	828.55
626.00	683.44
627.00	779.40
628.00	760.67
629.00	739.61
630.00	826.21
631.00	690.46
632.00	830.89
633.00	767.70
634.00	770.04
635.00	767.70
636.00	716.20
637.00	730.25
638.00	788.76
639.00	732.59
640.00	711.52
641.00	793.44
642.00	849.61
643.00	807.48
644.00	744.29
645.00	711.52
646.00	784.08
647.00	739.61
648.00	737.27
649.00	748.97
650.00	720.88
651.00	770.04
652.00	814.51
653.00	770.04
654.00	795.78
655.00	856.64
656.00	772.38
657.00	697.48
658.00	779.40
659.00	791.10
660.00	739.61
661.00	793.44
662.00	744.29
663.00	788.76
664.00	779.40
665.00	704.50
666.00	777.06
667.00	730.25
668.00	716.20
669.00	793.44
670.00	826.21
671.00	784.08
672.00	795.78
673.00	784.08
674.00	727.91
675.00	720.88
676.00	805.14
677.00	741.95
678.00	779.40
679.00	791.10
680.00	833.23
681.00	753.65
682.00	727.91
683.00	786.42
684.00	795.78
685.00	774.72
686.00	809.83
687.00	734.93
688.00	791.10
689.00	765.36
690.00	737.27
691.00	814.51
692.00	763.01
693.00	800.46
694.00	814.51
695.00	734.93
696.00	746.63
697.00	816.85
698.00	716.20
699.00	727.91
700.00	767.70
701.00	774.72
702.00	751.31
703.00	840.25
704.00	821.53
705.00	725.57
706.00	800.46
707.00	802.80
708.00	763.01
709.00	758.33
710.00	807.48
711.00	744.29
712.00	746.63
713.00	809.83
714.00	770.04
715.00	765.36
716.00	744.29
717.00	770.04
718.00	837.91
719.00	765.36
720.00	807.48
721.00	770.04
722.00	826.21
723.00	809.83
724.00	795.78
725.00	772.38
726.00	807.48
727.00	809.83
728.00	812.17
729.00	779.40
730.00	772.38
731.00	812.17
732.00	788.76
733.00	812.17
734.00	784.08
735.00	744.29
736.00	866.00
737.00	802.80
738.00	781.74
739.00	854.30
740.00	830.89
741.00	772.38
742.00	866.00
743.00	812.17
744.00	758.33
745.00	763.01
746.00	802.80
747.00	844.93
748.00	767.70
749.00	802.80
750.00	793.44
751.00	842.59
752.00	725.57
753.00	816.85
754.00	814.51
755.00	753.65
756.00	784.08
757.00	788.76
758.00	772.38
759.00	781.74
760.00	823.87
761.00	844.93
762.00	772.38
763.00	837.91
764.00	816.85
765.00	828.55
766.00	795.78
767.00	814.51
768.00	781.74
769.00	791.10
770.00	727.91
771.00	751.31
772.00	779.40
773.00	748.97
774.00	816.85
775.00	809.83
776.00	777.06
777.00	823.87
778.00	786.42
779.00	842.59
780.00	837.91
781.00	760.67
782.00	826.21
783.00	793.44
784.00	844.93
785.00	861.32
786.00	840.25
787.00	753.65
788.00	812.17
789.00	814.51
790.00	830.89
791.00	709.18
792.00	784.08
793.00	835.57
794.00	800.46
795.00	772.38
796.00	777.06
797.00	826.21
798.00	744.29
799.00	798.12
800.00	772.38
801.00	784.08
802.00	765.36
803.00	837.91
804.00	788.76
805.00	716.20
806.00	826.21
807.00	805.14
808.00	828.55
809.00	767.70
810.00	786.42
811.00	765.36
812.00	779.40
813.00	784.08
814.00	779.40
815.00	758.33
816.00	730.25
817.00	725.57
818.00	800.46
819.00	704.50
820.00	816.85
821.00	746.63
822.00	823.87
823.00	889.40
824.00	826.21
825.00	823.87
826.00	814.51
827.00	744.29
828.00	795.78
829.00	763.01
830.00	798.12
831.00	716.20
832.00	798.12
833.00	812.17
834.00	814.51
835.00	777.06
836.00	814.51
837.00	739.61
838.00	812.17
839.00	835.57
840.00	805.14
841.00	837.91
842.00	772.38
843.00	779.40
844.00	748.97
845.00	833.23
846.00	751.31
847.00	755.99
848.00	753.65
849.00	791.10
850.00	805.14
851.00	812.17
852.00	741.95
853.00	763.01
854.00	795.78
855.00	690.46
856.00	823.87
857.00	758.33
858.00	788.76
859.00	833.23
860.00	770.04
861.00	753.65
862.00	760.67
863.00	823.87
864.00	809.83
865.00	741.95
866.00	760.67
867.00	772.38
868.00	772.38
869.00	821.53
870.00	711.52
871.00	847.27
872.00	819.19
873.00	744.29
874.00	828.55
875.00	793.44
876.00	730.25
877.00	748.97
878.00	781.74
879.00	819.19
880.00	784.08
881.00	823.87
882.00	800.46
883.00	842.59
884.00	826.21
885.00	837.91
886.00	828.55
887.00	821.53
888.00	894.08
889.00	800.46
890.00	877.70
891.00	837.91
892.00	821.53
893.00	807.48
894.00	791.10
895.00	814.51
896.00	798.12
897.00	866.00
898.00	760.67
899.00	814.51
900.00	746.63
901.00	798.12
902.00	828.55
903.00	791.10
904.00	784.08
905.00	830.89
906.00	833.23
907.00	917.49
908.00	889.40
909.00	821.53
910.00	842.59
911.00	847.27
912.00	887.06
913.00	950.26
914.00	987.71
915.00	947.92
916.00	812.17
917.00	795.78
918.00	812.17
919.00	823.87
920.00	765.36
921.00	837.91
922.00	748.97
923.00	767.70
924.00	741.95
925.00	812.17
926.00	751.31
927.00	786.42
928.00	840.25
929.00	805.14
930.00	826.21
931.00	777.06
932.00	774.72
933.00	805.14
934.00	788.76
935.00	784.08
936.00	915.15
937.00	863.66
938.00	835.57
939.00	798.12
940.00	753.65
941.00	727.91
942.00	805.14
943.00	823.87
944.00	816.85
945.00	753.65
946.00	1083.67
947.00	1626.67
948.00	1961.37
949.00	1884.13
950.00	1502.62
951.00	1334.11
952.00	1210.06
953.00	1151.54
954.00	894.08
955.00	840.25
956.00	856.64
957.00	826.21
958.00	861.32
959.00	835.57
960.00	814.51
961.00	842.59
962.00	840.25
963.00	774.72
964.00	819.19
965.00	833.23
966.00	807.48
967.00	765.36
968.00	779.40
969.00	800.46
970.00	821.53
971.00	772.38
972.00	758.33
973.00	718.54
974.00	819.19
975.00	842.59
976.00	844.93
977.00	781.74
978.00	777.06
979.00	830.89
980.00	823.87
981.00	753.65
982.00	809.83
983.00	814.51
984.00	791.10
985.00	793.44
986.00	887.06
987.00	819.19
988.00	833.23
989.00	847.27
990.00	795.78
991.00	819.19
992.00	770.04
993.00	699.82
994.00	765.36
995.00	791.10
996.00	779.40
997.00	753.65
998.00	770.04
999.00	798.12
1000.00	777.06
1001.00	744.29
1002.00	774.72
1003.00	814.51
1004.00	807.48
1005.00	770.04
1006.00	851.96
1007.00	844.93
1008.00	858.98
1009.00	802.80
1010.00	863.66
1011.00	758.33
1012.00	858.98
1013.00	849.61
1014.00	683.44
1015.00	788.76
1016.00	767.70
1017.00	887.06
1018.00	800.46
1019.00	741.95
1020.00	826.21
1021.00	758.33
1022.00	793.44
1023.00	828.55
1024.00	772.38
1025.00	821.53
1026.00	842.59
1027.00	734.93
1028.00	837.91
1029.00	807.48
1030.00	758.33
1031.00	753.65
1032.00	777.06
1033.00	770.04
1034.00	805.14
1035.00	739.61
1036.00	791.10
1037.00	800.46
1038.00	788.76
1039.00	816.85
1040.00	772.38
1041.00	784.08
1042.00	826.21
1043.00	889.40
1044.00	826.21
1045.00	784.08
1046.00	847.27
1047.00	837.91
1048.00	844.93
1049.00	863.66
1050.00	809.83
1051.00	681.10
1052.00	779.40
1053.00	763.01
1054.00	779.40
1055.00	812.17
1056.00	784.08
1057.00	779.40
1058.00	709.18
1059.00	802.80
1060.00	791.10
1061.00	856.64
1062.00	727.91
1063.00	877.70
1064.00	844.93
1065.00	828.55
1066.00	812.17
1067.00	737.27
1068.00	793.44
1069.00	800.46
1070.00	779.40
1071.00	751.31
1072.00	842.59
1073.00	826.21
1074.00	760.67
1075.00	795.78
1076.00	812.17
1077.00	816.85
1078.00	767.70
1079.00	805.14
1080.00	828.55
1081.00	779.40
1082.00	779.40
1083.00	755.99
1084.00	798.12
1085.00	793.44
1086.00	880.04
1087.00	788.76
1088.00	791.10
1089.00	861.32
1090.00	821.53
1091.00	774.72
1092.00	800.46
1093.00	830.89
1094.00	791.10
1095.00	718.54
1096.00	837.91
1097.00	770.04
1098.00	753.65
1099.00	861.32
1100.00	840.25
1101.00	821.53
1102.00	837.91
1103.00	816.85
1104.00	753.65
1105.00	730.25
1106.00	767.70
1107.00	798.12
1108.00	842.59
1109.00	812.17
1110.00	788.76
1111.00	795.78
1112.00	763.01
1113.00	779.40
1114.00	781.74
1115.00	816.85
1116.00	856.64
1117.00	767.70
1118.00	753.65
1119.00	760.67
1120.00	812.17
1121.00	854.30
1122.00	823.87
1123.00	837.91
1124.00	851.96
1125.00	856.64
1126.00	826.21
1127.00	805.14
1128.00	770.04
1129.00	833.23
1130.00	826.21
1131.00	882.38
1132.00	786.42
1133.00	781.74
1134.00	760.67
1135.00	784.08
1136.00	805.14
1137.00	894.08
1138.00	826.21
1139.00	774.72
1140.00	751.31
1141.00	868.34
1142.00	870.68
1143.00	781.74
1144.00	781.74
1145.00	844.93
1146.00	809.83
1147.00	777.06
1148.00	842.59
1149.00	772.38
1150.00	849.61
1151.00	868.34
1152.00	830.89
1153.00	774.72
1154.00	807.48
1155.00	784.08
1156.00	772.38
1157.00	858.98
1158.00	898.77
1159.00	980.68
1160.00	919.83
1161.00	922.17
1162.00	837.91
1163.00	786.42
1164.00	802.80
1165.00	767.70
1166.00	940.90
1167.00	1057.92
1168.00	1235.80
1169.00	1259.21
1170.00	1167.93
1171.00	1100.05
1172.00	1020.47
1173.00	954.94
1174.00	877.70
1175.00	835.57
1176.00	905.79
1177.00	826.21
1178.00	821.53
1179.00	784.08
1180.00	873.02
1181.00	830.89
1182.00	847.27
1183.00	894.08
1184.00	779.40
1185.00	882.38
1186.00	868.34
1187.00	894.08
1188.00	842.59
1189.00	828.55
1190.00	894.08
1191.00	851.96
1192.00	990.05
1193.00	889.40
1194.00	931.53
1195.00	983.02
1196.00	945.58
1197.00	973.66
1198.00	931.53
1199.00	971.32
1200.00	957.28
1201.00	961.96
1202.00	1088.35
1203.00	1186.65
1204.00	1107.07
1205.00	1100.05
1206.00	1001.75
1207.00	1088.35
1208.00	1046.22
1209.00	987.71
1210.00	1029.84
1211.00	1032.18
1212.00	1100.05
1213.00	1111.75
1214.00	1071.97
1215.00	1193.67
1216.00	1228.78
1217.00	1425.39
1218.00	1523.69
1219.00	1701.57
1220.00	3173.77
1221.00	17774.03
1222.00	50241.94
1223.00	64430.27
1224.00	63877.90
1225.00	55718.79
1226.00	42471.36
1227.00	32016.19
1228.00	25876.96
1229.00	18647.05
1230.00	9160.86
1231.00	3782.31
1232.00	2097.12
1233.00	1624.33
1234.00	1434.75
1235.00	1399.64
1236.00	1217.08
1237.00	1252.19
1238.00	1238.14
1239.00	1516.67
1240.00	3190.15
1241.00	5582.18
1242.00	6759.47
1243.00	5626.65
1244.00	4283.18
1245.00	3227.60
1246.00	2956.10
1247.00	2455.22
1248.00	1750.72
1249.00	1254.53
1250.00	1041.54
1251.00	908.13
1252.00	931.53
1253.00	980.68
1254.00	1020.47
1255.00	1048.56
1256.00	1071.97
1257.00	1069.62
1258.00	1022.81
1259.00	1008.77
1260.00	954.94
1261.00	999.41
1262.00	924.51
1263.00	882.38
1264.00	1001.75
1265.00	917.49
1266.00	891.74
1267.00	901.11
1268.00	919.83
1269.00	891.74
1270.00	866.00
1271.00	891.74
1272.00	919.83
1273.00	905.79
1274.00	875.36
1275.00	926.85
1276.00	959.62
1277.00	959.62
1278.00	1055.58
1279.00	2303.09
1280.00	6076.03
1281.00	10408.36
1282.00	11707.36
1283.00	9151.49
1284.00	6733.72
1285.00	4954.91
1286.00	4198.92
1287.00	3349.31
1288.00	2190.74
1289.00	1303.68
1290.00	1102.39
1291.00	924.51
1292.00	983.02
1293.00	905.79
1294.00	997.07
1295.00	971.32
1296.00	870.68
1297.00	947.92
1298.00	971.32
1299.00	1497.94
1300.00	2513.74
1301.00	3239.30
1302.00	3000.57
1303.00	2476.29
1304.00	1914.56
1305.00	1659.44
1306.00	1497.94
1307.00	1289.64
1308.00	1179.63
1309.00	978.34
1310.00	940.90
1311.00	858.98
1312.00	830.89
1313.00	873.02
1314.00	828.55
1315.00	816.85
1316.00	812.17
1317.00	851.96
1318.00	807.48
1319.00	833.23
1320.00	823.87
1321.00	835.57
1322.00	805.14
1323.00	755.99
1324.00	781.74
1325.00	837.91
1326.00	826.21
1327.00	851.96
1328.00	795.78
1329.00	807.48
1330.00	786.42
1331.00	828.55
1332.00	894.08
1333.00	945.58
1334.00	1666.46
1335.00	2794.60
1336.00	3538.89
1337.00	3176.11
1338.00	2539.48
1339.00	1912.22
1340.00	1732.00
1341.00	1514.33
1342.00	1254.53
1343.00	1064.94
1344.00	940.90
1345.00	842.59
1346.00	755.99
1347.00	891.74
1348.00	875.36
1349.00	816.85
1350.00	842.59
1351.00	819.19
1352.00	851.96
1353.00	856.64
1354.00	844.93
1355.00	830.89
1356.00	875.36
1357.00	903.45
1358.00	964.30
1359.00	976.00
1360.00	954.94
1361.00	1067.28
1362.00	2296.07
1363.00	5437.06
1364.00	8999.36
1365.00	9703.86
1366.00	7529.50
1367.00	5652.39
1368.00	4362.76
1369.00	3597.40
1370.00	2813.32
1371.00	1902.86
1372.00	1329.42
1373.00	1053.24
1374.00	1029.84
1375.00	1254.53
1376.00	3042.70
1377.00	8617.85
1378.00	15311.78
1379.00	17799.77
1380.00	13291.90
1381.00	9584.49
1382.00	7119.91
1383.00	5717.93
1384.00	4587.45
1385.00	2829.71
1386.00	1584.54
1387.00	1114.10
1388.00	985.37
1389.00	910.47
1390.00	1022.81
1391.00	870.68
1392.00	997.07
1393.00	875.36
1394.00	901.11
1395.00	847.27
1396.00	896.43
1397.00	1008.77
1398.00	1053.24
1399.00	1273.25
1400.00	1310.70
1401.00	1268.57
1402.00	1198.35
1403.00	1139.84
1404.00	1146.86
1405.00	1205.38
1406.00	1928.60
1407.00	7971.86
1408.00	19569.22
1409.00	29156.05
1410.00	25809.09
1411.00	18363.84
1412.00	12863.58
1413.00	9820.89
1414.00	8056.12
1415.00	5247.48
1416.00	2799.28
1417.00	1533.05
1418.00	1203.04
1419.00	1107.07
1420.00	1961.37
1421.00	4196.58
1422.00	6794.58
1423.00	7456.95
1424.00	5984.75
1425.00	4255.09
1426.00	3325.90
1427.00	2757.15
1428.00	2263.30
1429.00	1519.01
1430.00	1137.50
1431.00	992.39
1432.00	866.00
1433.00	866.00
1434.00	990.05
1435.00	983.02
1436.00	931.53
1437.00	882.38
1438.00	837.91
1439.00	954.94
1440.00	873.02
1441.00	840.25
1442.00	854.30
1443.00	798.12
1444.00	800.46
1445.00	887.06
1446.00	807.48
1447.00	917.49
1448.00	835.57
1449.00	823.87
1450.00	887.06
1451.00	861.32
1452.00	903.45
1453.00	964.30
1454.00	863.66
1455.00	1235.80
1456.00	2492.67
1457.00	4091.26
1458.00	4952.57
1459.00	4067.85
1460.00	3126.96
1461.00	2422.45
1462.00	1975.41
1463.00	1788.17
1464.00	1299.00
1465.00	1048.56
1466.00	875.36
1467.00	894.08
1468.00	912.81
1469.00	856.64
1470.00	894.08
1471.00	791.10
1472.00	835.57
1473.00	873.02
1474.00	781.74
1475.00	866.00
1476.00	830.89
1477.00	844.93
1478.00	884.72
1479.00	873.02
1480.00	854.30
1481.00	856.64
1482.00	866.00
1483.00	798.12
1484.00	884.72
1485.00	985.37
1486.00	959.62
1487.00	1219.42
1488.00	3646.55
1489.00	8919.78
1490.00	14576.86
1491.00	14710.27
1492.00	10782.85
1493.00	7581.00
1494.00	5640.69
1495.00	4610.86
1496.00	3419.52
1497.00	2047.97
1498.00	1296.66
1499.00	1029.84
1500.00	866.00
1501.00	868.34
1502.00	938.55
1503.00	847.27
1504.00	847.27
1505.00	809.83
1506.00	788.76
1507.00	866.00
1508.00	880.04
1509.00	910.47
1510.00	833.23
1511.00	819.19
1512.00	809.83
1513.00	1170.27
1514.00	2155.63
1515.00	3609.11
1516.00	4280.84
1517.00	3810.39
1518.00	2806.30
1519.00	2113.50
1520.00	1870.09
1521.00	1650.08
1522.00	1266.23
1523.00	1039.20
1524.00	992.39
1525.00	896.43
1526.00	791.10
1527.00	915.15
1528.00	844.93
1529.00	891.74
1530.00	936.21
1531.00	950.26
1532.00	1102.39
1533.00	1959.03
1534.00	5151.52
1535.00	9083.62
1536.00	10853.06
1537.00	8500.83
1538.00	6029.22
1539.00	4468.08
1540.00	3508.46
1541.00	2942.05
1542.00	1865.41
1543.00	1275.59
1544.00	1013.45
1545.00	940.90
1546.00	877.70
1547.00	917.49
1548.00	936.21
1549.00	880.04
1550.00	891.74
1551.00	861.32
1552.00	786.42
1553.00	873.02
1554.00	896.43
1555.00	971.32
1556.00	903.45
1557.00	945.58
1558.00	828.55
1559.00	891.74
1560.00	966.64
1561.00	915.15
1562.00	903.45
1563.00	992.39
1564.00	1053.24
1565.00	1210.06
1566.00	4283.18
1567.00	11180.74
1568.00	18616.62
1569.00	19138.56
1570.00	13425.31
1571.00	9774.08
1572.00	7201.83
1573.00	5921.56
1574.00	4060.83
1575.00	2452.88
1576.00	1629.01
1577.00	1439.43
1578.00	1755.40
1579.00	6326.47
1580.00	17544.66
1581.00	29434.58
1582.00	30590.80
1583.00	22038.48
1584.00	15456.90
1585.00	11138.61
1586.00	9032.13
1587.00	6120.50
1588.00	3220.58
1589.00	1954.35
1590.00	1299.00
1591.00	1111.75
1592.00	1064.94
1593.00	952.60
1594.00	954.94
1595.00	950.26
1596.00	866.00
1597.00	868.34
1598.00	884.72
1599.00	840.25
1600.00	875.36
1601.00	819.19
1602.00	788.76
1603.00	802.80
1604.00	795.78
1605.00	856.64
1606.00	781.74
1607.00	791.10
1608.00	837.91
1609.00	791.10
1610.00	854.30
1611.00	870.68
1612.00	856.64
1613.00	779.40
1614.00	870.68
1615.00	842.59
1616.00	777.06
1617.00	828.55
1618.00	814.51
1619.00	814.51
1620.00	870.68
1621.00	851.96
1622.00	837.91
1623.00	870.68
1624.00	835.57
1625.00	819.19
1626.00	835.57
1627.00	816.85
1628.00	833.23
1629.00	823.87
1630.00	795.78
1631.00	830.89
1632.00	856.64
1633.00	854.30
1634.00	830.89
1635.00	830.89
1636.00	856.64
1637.00	819.19
1638.00	830.89
1639.00	823.87
1640.00	814.51
1641.00	861.32
1642.00	858.98
1643.00	835.57
1644.00	875.36
1645.00	835.57
1646.00	837.91
1647.00	915.15
1648.00	933.87
1649.00	1004.09
1650.00	2569.91
1651.00	7389.07
1652.00	13488.51
1653.00	16758.24
1654.00	12851.88
1655.00	9554.07
1656.00	6857.77
1657.00	5219.39
1658.00	3868.91
1659.00	2396.71
1660.00	1432.41
1661.00	1067.28
1662.00	954.94
1663.00	929.19
1664.00	866.00
1665.00	912.81
1666.00	877.70
1667.00	919.83
1668.00	1301.34
1669.00	2722.04
1670.00	4711.50
1671.00	5937.94
1672.00	5298.97
1673.00	3964.87
1674.00	3075.46
1675.00	2441.18
1676.00	1977.75
1677.00	1458.15
1678.00	1086.01
1679.00	875.36
1680.00	849.61
1681.00	896.43
1682.00	828.55
1683.00	774.72
1684.00	875.36
1685.00	805.14
1686.00	821.53
1687.00	760.67
1688.00	777.06
1689.00	793.44
1690.00	767.70
1691.00	765.36
1692.00	858.98
1693.00	793.44
1694.00	835.57
1695.00	795.78
1696.00	781.74
1697.00	781.74
1698.00	791.10
1699.00	791.10
1700.00	800.46
1701.00	798.12
1702.00	791.10
1703.00	798.12
1704.00	868.34
1705.00	814.51
1706.00	744.29
1707.00	744.29
1708.00	837.91
1709.00	737.27
1710.00	791.10
1711.00	755.99
1712.00	887.06
1713.00	898.77
1714.00	1427.73
1715.00	3442.93
1716.00	6373.28
1717.00	8304.22
1718.00	7232.26
1719.00	5652.39
1720.00	4100.62
1721.00	3208.87
1722.00	2349.90
1723.00	1675.82
1724.00	1177.29
1725.00	952.60
1726.00	844.93
1727.00	929.19
1728.00	873.02
1729.00	833.23
1730.00	835.57
1731.00	830.89
1732.00	828.55
1733.00	763.01
1734.00	816.85
1735.00	814.51
1736.00	807.48
1737.00	758.33
1738.00	835.57
1739.00	716.20
1740.00	800.46
1741.00	753.65
1742.00	805.14
1743.00	770.04
1744.00	753.65
1745.00	748.97
1746.00	779.40
1747.00	833.23
1748.00	784.08
1749.00	746.63
1750.00	840.25
1751.00	809.83
1752.00	763.01
1753.00	812.17
1754.00	758.33
1755.00	875.36
1756.00	828.55
1757.00	858.98
1758.00	753.65
1759.00	744.29
1760.00	786.42
1761.00	791.10
1762.00	847.27
1763.00	851.96
1764.00	882.38
1765.00	798.12
1766.00	828.55
1767.00	807.48
1768.00	840.25
1769.00	1036.86
1770.00	2080.74
1771.00	5912.19
1772.00	10846.04
1773.00	14040.87
1774.00	12285.47
1775.00	9123.41
1776.00	6647.12
1777.00	4854.27
1778.00	3042.70
1779.00	1963.71
1780.00	1404.32
1781.00	1114.10
1782.00	950.26
1783.00	936.21
1784.00	926.85
1785.00	889.40
1786.00	847.27
1787.00	798.12
1788.00	842.59
1789.00	816.85
1790.00	882.38
1791.00	866.00
1792.00	840.25
1793.00	833.23
1794.00	844.93
1795.00	800.46
1796.00	896.43
1797.00	1069.62
1798.00	2078.40
1799.00	4980.66
1800.00	8231.66
1801.00	9118.73
1802.00	7194.81
1803.00	5607.92
1804.00	4077.21
1805.00	2661.19
1806.00	1741.36
1807.00	1299.00
1808.00	1015.79
1809.00	905.79
1810.00	905.79
1811.00	873.02
1812.00	795.78
1813.00	821.53
1814.00	758.33
1815.00	802.80
1816.00	816.85
1817.00	821.53
1818.00	669.39
1819.00	779.40
1820.00	826.21
1821.00	814.51
1822.00	781.74
1823.00	844.93
1824.00	777.06
1825.00	844.93
1826.00	912.81
1827.00	791.10
1828.00	861.32
1829.00	854.30
1830.00	777.06
1831.00	746.63
1832.00	854.30
1833.00	753.65
1834.00	781.74
1835.00	798.12
1836.00	819.19
1837.00	765.36
1838.00	772.38
1839.00	823.87
1840.00	716.20
1841.00	727.91
1842.00	760.67
1843.00	812.17
1844.00	692.80
1845.00	737.27
1846.00	770.04
1847.00	763.01
1848.00	706.84
1849.00	741.95
1850.00	779.40
1851.00	746.63
1852.00	758.33
1853.00	777.06
1854.00	788.76
1855.00	751.31
1856.00	786.42
1857.00	741.95
1858.00	763.01
1859.00	755.99
1860.00	755.99
1861.00	720.88
1862.00	730.25
1863.00	737.27
1864.00	823.87
1865.00	809.83
1866.00	751.31
1867.00	725.57
1868.00	732.59
1869.00	765.36
1870.00	770.04
1871.00	765.36
1872.00	751.31
1873.00	758.33
1874.00	784.08
1875.00	688.12
1876.00	779.40
1877.00	648.33
1878.00	814.51
1879.00	718.54
1880.00	727.91
1881.00	807.48
1882.00	774.72
1883.00	781.74
1884.00	781.74
1885.00	786.42
1886.00	758.33
1887.00	833.23
1888.00	711.52
1889.00	779.40
1890.00	774.72
1891.00	727.91
1892.00	784.08
1893.00	727.91
1894.00	737.27
1895.00	683.44
1896.00	788.76
1897.00	723.23
1898.00	767.70
1899.00	767.70
1900.00	720.88
1901.00	784.08
1902.00	727.91
1903.00	734.93
1904.00	758.33
1905.00	727.91
1906.00	795.78
1907.00	781.74
1908.00	711.52
1909.00	734.93
1910.00	842.59
1911.00	823.87
1912.00	821.53
1913.00	896.43
1914.00	786.42
1915.00	781.74
1916.00	767.70
1917.00	723.23
1918.00	732.59
1919.00	774.72
1920.00	741.95
1921.00	767.70
1922.00	793.44
1923.00	781.74
1924.00	777.06
1925.00	638.97
1926.00	791.10
1927.00	716.20
1928.00	713.86
1929.00	688.12
1930.00	788.76
1931.00	823.87
1932.00	777.06
1933.00	716.20
1934.00	805.14
1935.00	795.78
1936.00	800.46
1937.00	774.72
1938.00	774.72
1939.00	828.55
1940.00	751.31
1941.00	760.67
1942.00	816.85
1943.00	727.91
1944.00	763.01
1945.00	795.78
1946.00	788.76
1947.00	758.33
1948.00	819.19
1949.00	770.04
1950.00	760.67
1951.00	774.72
1952.00	1083.67
1953.00	2160.31
1954.00	4561.70
1955.00	7084.80
1956.00	7765.90
1957.00	5636.01
1958.00	3833.80
1959.00	2377.98
1960.00	1675.82
1961.00	1268.57
1962.00	1074.31
1963.00	973.66
1964.00	933.87
1965.00	819.19
1966.00	748.97
1967.00	767.70
1968.00	809.83
1969.00	800.46
1970.00	835.57
1971.00	765.36
1972.00	704.50
1973.00	798.12
1974.00	765.36
1975.00	779.40
1976.00	777.06
1977.00	837.91
1978.00	821.53
1979.00	847.27
1980.00	786.42
1981.00	1041.54
1982.00	1203.04
1983.00	1198.35
1984.00	1088.35
1985.00	992.39
1986.00	980.68
1987.00	844.93
1988.00	844.93
1989.00	798.12
1990.00	812.17
1991.00	821.53
1992.00	744.29
1993.00	748.97
1994.00	774.72
1995.00	718.54
1996.00	821.53
1997.00	734.93
1998.00	730.25
1999.00	772.38
2000.00	739.61
2001.00	732.59
2002.00	805.14
2003.00	739.61
2004.00	781.74
2005.00	788.76
2006.00	751.31
2007.00	770.04
2008.00	844.93
2009.00	781.74
2010.00	709.18
2011.00	716.20
2012.00	833.23
2013.00	772.38
2014.00	755.99
2015.00	807.48
2016.00	772.38
2017.00	784.08
2018.00	788.76
2019.00	816.85
2020.00	793.44
2021.00	777.06
2022.00	746.63
2023.00	781.74
2024.00	884.72
2025.00	1008.77
2026.00	1104.73
2027.00	1137.50
2028.00	1188.99
2029.00	1205.38
2030.00	2363.94
2031.00	6256.25
2032.00	11690.98
2033.00	15534.14
2034.00	14178.97
2035.00	9348.10
2036.00	6272.64
2037.00	4016.36
2038.00	2530.12
2039.00	1816.26
2040.00	1270.91
2041.00	1076.65
2042.00	952.60
2043.00	809.83
2044.00	823.87
2045.00	737.27
2046.00	746.63
2047.00	844.93
