0.00	676.41
1.00	676.41
2.00	676.41
3.00	613.22
4.00	587.47
5.00	641.31
6.00	613.22
7.00	613.22
8.00	538.32
9.00	564.07
10.00	521.94
11.00	566.41
12.00	503.22
13.00	585.13
14.00	550.03
15.00	566.41
16.00	557.05
17.00	603.86
18.00	608.54
19.00	627.26
20.00	550.03
21.00	603.86
22.00	606.20
23.00	692.80
24.00	622.58
25.00	664.71
26.00	683.44
27.00	697.48
28.00	739.61
29.00	648.33
30.00	702.16
31.00	636.63
32.00	645.99
33.00	746.63
34.00	720.88
35.00	734.93
36.00	734.93
37.00	755.99
38.00	645.99
39.00	746.63
40.00	779.40
41.00	720.88
42.00	746.63
43.00	718.54
44.00	634.29
45.00	751.31
46.00	770.04
47.00	727.91
48.00	720.88
49.00	720.88
50.00	793.44
51.00	718.54
52.00	739.61
53.00	734.93
54.00	748.97
55.00	720.88
56.00	739.61
57.00	741.95
58.00	744.29
59.00	826.21
60.00	683.44
61.00	777.06
62.00	730.25
63.00	641.31
64.00	732.59
65.00	695.14
66.00	744.29
67.00	706.84
68.00	706.84
69.00	716.20
70.00	760.67
71.00	720.88
72.00	744.29
73.00	723.23
74.00	688.12
75.00	732.59
76.00	755.99
77.00	706.84
78.00	699.82
79.00	753.65
80.00	802.80
81.00	716.20
82.00	711.52
83.00	655.35
84.00	746.63
85.00	720.88
86.00	720.88
87.00	711.52
88.00	688.12
89.00	795.78
90.00	720.88
91.00	730.25
92.00	767.70
93.00	781.74
94.00	730.25
95.00	716.20
96.00	706.84
97.00	767.70
98.00	753.65
99.00	767.70
100.00	744.29
101.00	781.74
102.00	741.95
103.00	709.18
104.00	758.33
105.00	748.97
106.00	734.93
107.00	784.08
108.00	774.72
109.00	774.72
110.00	758.33
111.00	730.25
112.00	706.84
113.00	681.10
114.00	737.27
115.00	685.78
116.00	744.29
117.00	746.63
118.00	774.72
119.00	725.57
120.00	753.65
121.00	739.61
122.00	737.27
123.00	751.31
124.00	704.50
125.00	767.70
126.00	688.12
127.00	751.31
128.00	793.44
129.00	716.20
130.00	786.42
131.00	774.72
132.00	763.01
133.00	692.80
134.00	699.82
135.00	737.27
136.00	779.40
137.00	772.38
138.00	674.07
139.00	753.65
140.00	795.78
141.00	744.29
142.00	732.59
143.00	800.46
144.00	720.88
145.00	716.20
146.00	826.21
147.00	755.99
148.00	795.78
149.00	676.41
150.00	763.01
151.00	734.93
152.00	795.78
153.00	702.16
154.00	727.91
155.00	720.88
156.00	685.78
157.00	737.27
158.00	674.07
159.00	718.54
160.00	720.88
161.00	702.16
162.00	760.67
163.00	706.84
164.00	770.04
165.00	671.73
166.00	739.61
167.00	760.67
168.00	723.23
169.00	730.25
170.00	730.25
171.00	709.18
172.00	739.61
173.00	788.76
174.00	739.61
175.00	690.46
176.00	725.57
177.00	760.67
178.00	655.35
179.00	746.63
180.00	685.78
181.00	690.46
182.00	767.70
183.00	760.67
184.00	767.70
185.00	711.52
186.00	723.23
187.00	690.46
188.00	709.18
189.00	748.97
190.00	681.10
191.00	730.25
192.00	777.06
193.00	645.99
194.00	730.25
195.00	802.80
196.00	814.51
197.00	767.70
198.00	748.97
199.00	744.29
200.00	772.38
201.00	716.20
202.00	711.52
203.00	753.65
204.00	732.59
205.00	795.78
206.00	835.57
207.00	725.57
208.00	795.78
209.00	734.93
210.00	704.50
211.00	786.42
212.00	716.20
213.00	748.97
214.00	753.65
215.00	788.76
216.00	791.10
217.00	777.06
218.00	791.10
219.00	854.30
220.00	739.61
221.00	685.78
222.00	739.61
223.00	725.57
224.00	800.46
225.00	807.48
226.00	695.14
227.00	755.99
228.00	730.25
229.00	716.20
230.00	763.01
231.00	718.54
232.00	765.36
233.00	751.31
234.00	758.33
235.00	774.72
236.00	737.27
237.00	751.31
238.00	751.31
239.00	767.70
240.00	833.23
241.00	767.70
242.00	779.40
243.00	765.36
244.00	716.20
245.00	765.36
246.00	706.84
247.00	763.01
248.00	784.08
249.00	706.84
250.00	660.03
251.00	802.80
252.00	730.25
253.00	685.78
254.00	767.70
255.00	847.27
256.00	800.46
257.00	741.95
258.00	814.51
259.00	774.72
260.00	781.74
261.00	765.36
262.00	739.61
263.00	716.20
264.00	772.38
265.00	777.06
266.00	723.23
267.00	821.53
268.00	755.99
269.00	798.12
270.00	688.12
271.00	807.48
272.00	861.32
273.00	847.27
274.00	777.06
275.00	791.10
276.00	746.63
277.00	844.93
278.00	737.27
279.00	805.14
280.00	788.76
281.00	748.97
282.00	746.63
283.00	767.70
284.00	772.38
285.00	737.27
286.00	739.61
287.00	798.12
288.00	713.86
289.00	678.76
290.00	751.31
291.00	727.91
292.00	725.57
293.00	730.25
294.00	802.80
295.00	800.46
296.00	739.61
297.00	798.12
298.00	777.06
299.00	695.14
300.00	760.67
301.00	758.33
302.00	772.38
303.00	777.06
304.00	774.72
305.00	807.48
306.00	851.96
307.00	760.67
308.00	781.74
309.00	770.04
310.00	830.89
311.00	788.76
312.00	767.70
313.00	819.19
314.00	777.06
315.00	784.08
316.00	753.65
317.00	716.20
318.00	788.76
319.00	765.36
320.00	699.82
321.00	741.95
322.00	720.88
323.00	763.01
324.00	725.57
325.00	683.44
326.00	812.17
327.00	758.33
328.00	671.73
329.00	744.29
330.00	746.63
331.00	713.86
332.00	720.88
333.00	699.82
334.00	741.95
335.00	725.57
336.00	770.04
337.00	849.61
338.00	732.59
339.00	699.82
340.00	819.19
341.00	812.17
342.00	695.14
343.00	751.31
344.00	713.86
345.00	809.83
346.00	800.46
347.00	807.48
348.00	788.76
349.00	887.06
350.00	798.12
351.00	746.63
352.00	788.76
353.00	730.25
354.00	814.51
355.00	835.57
356.00	732.59
357.00	809.83
358.00	690.46
359.00	784.08
360.00	809.83
361.00	814.51
362.00	772.38
363.00	763.01
364.00	690.46
365.00	748.97
366.00	763.01
367.00	763.01
368.00	786.42
369.00	758.33
370.00	786.42
371.00	777.06
372.00	781.74
373.00	753.65
374.00	793.44
375.00	690.46
376.00	770.04
377.00	748.97
378.00	704.50
379.00	746.63
380.00	683.44
381.00	723.23
382.00	779.40
383.00	727.91
384.00	704.50
385.00	777.06
386.00	767.70
387.00	753.65
388.00	730.25
389.00	781.74
390.00	772.38
391.00	788.76
392.00	770.04
393.00	767.70
394.00	734.93
395.00	748.97
396.00	755.99
397.00	770.04
398.00	741.95
399.00	734.93
400.00	800.46
401.00	723.23
402.00	802.80
403.00	737.27
404.00	784.08
405.00	734.93
406.00	681.10
407.00	709.18
408.00	720.88
409.00	812.17
410.00	727.91
411.00	718.54
412.00	814.51
413.00	741.95
414.00	767.70
415.00	718.54
416.00	725.57
417.00	748.97
418.00	779.40
419.00	758.33
420.00	748.97
421.00	844.93
422.00	809.83
423.00	711.52
424.00	732.59
425.00	784.08
426.00	861.32
427.00	788.76
428.00	833.23
429.00	751.31
430.00	802.80
431.00	760.67
432.00	720.88
433.00	798.12
434.00	685.78
435.00	755.99
436.00	781.74
437.00	744.29
438.00	786.42
439.00	767.70
440.00	739.61
441.00	760.67
442.00	793.44
443.00	821.53
444.00	807.48
445.00	814.51
446.00	720.88
447.00	793.44
448.00	720.88
449.00	753.65
450.00	770.04
451.00	800.46
452.00	774.72
453.00	814.51
454.00	732.59
455.00	802.80
456.00	755.99
457.00	716.20
458.00	755.99
459.00	826.21
460.00	798.12
461.00	770.04
462.00	725.57
463.00	734.93
464.00	763.01
465.00	763.01
466.00	718.54
467.00	669.39
468.00	814.51
469.00	737.27
470.00	793.44
471.00	786.42
472.00	774.72
473.00	739.61
474.00	812.17
475.00	753.65
476.00	709.18
477.00	793.44
478.00	723.23
479.00	802.80
480.00	751.31
481.00	765.36
482.00	748.97
483.00	718.54
484.00	816.85
485.00	791.10
486.00	755.99
487.00	758.33
488.00	770.04
489.00	777.06
490.00	760.67
491.00	770.04
492.00	716.20
493.00	767.70
494.00	767.70
495.00	784.08
496.00	816.85
497.00	844.93
498.00	798.12
499.00	748.97
500.00	716.20
501.00	791.10
502.00	763.01
503.00	772.38
504.00	746.63
505.00	798.12
506.00	800.46
507.00	877.70
508.00	840.25
509.00	730.25
510.00	699.82
511.00	795.78
512.00	767.70
513.00	788.76
514.00	746.63
515.00	681.10
516.00	770.04
517.00	812.17
518.00	784.08
519.00	755.99
520.00	819.19
521.00	779.40
522.00	723.23
523.00	727.91
524.00	744.29
525.00	793.44
526.00	760.67
527.00	727.91
528.00	793.44
529.00	709.18
530.00	737.27
531.00	772.38
532.00	758.33
533.00	779.40
534.00	748.97
535.00	751.31
536.00	751.31
537.00	765.36
538.00	812.17
539.00	751.31
540.00	760.67
541.00	788.76
542.00	723.23
543.00	713.86
544.00	744.29
545.00	737.27
546.00	758.33
547.00	774.72
548.00	816.85
549.00	753.65
550.00	739.61
551.00	777.06
552.00	786.42
553.00	709.18
554.00	805.14
555.00	788.76
556.00	788.76
557.00	767.70
558.00	802.80
559.00	805.14
560.00	713.86
561.00	748.97
562.00	734.93
563.00	800.46
564.00	777.06
565.00	727.91
566.00	786.42
567.00	758.33
568.00	805.14
569.00	744.29
570.00	812.17
571.00	816.85
572.00	751.31
573.00	816.85
574.00	786.42
575.00	709.18
576.00	770.04
577.00	741.95
578.00	828.55
579.00	760.67
580.00	830.89
581.00	753.65
582.00	786.42
583.00	772.38
584.00	791.10
585.00	744.29
586.00	781.74
587.00	706.84
588.00	699.82
589.00	816.85
590.00	793.44
591.00	683.44
592.00	758.33
593.00	753.65
594.00	781.74
595.00	823.87
596.00	760.67
597.00	767.70
598.00	685.78
599.00	793.44
600.00	737.27
601.00	791.10
602.00	774.72
603.00	763.01
604.00	779.40
605.00	753.65
606.00	718.54
607.00	798.12
608.00	784.08
609.00	763.01
610.00	741.95
611.00	746.63
612.00	681.10
613.00	814.51
614.00	837.91
615.00	828.55
616.00	856.64
617.00	784.08
618.00	786.42
619.00	795.78
620.00	784.08
621.00	748.97
622.00	805.14
623.00	781.74
624.00	730.25
625.00	840.25
626.00	847.27
627.00	826.21
628.00	713.86
629.00	858.98
630.00	805.14
631.00	800.46
632.00	812.17
633.00	784.08
634.00	828.55
635.00	744.29
636.00	765.36
637.00	725.57
638.00	767.70
639.00	805.14
640.00	781.74
641.00	739.61
642.00	821.53
643.00	828.55
644.00	725.57
645.00	737.27
646.00	777.06
647.00	798.12
648.00	788.76
649.00	739.61
650.00	821.53
651.00	809.83
652.00	777.06
653.00	830.89
654.00	772.38
655.00	781.74
656.00	788.76
657.00	755.99
658.00	835.57
659.00	802.80
660.00	819.19
661.00	812.17
662.00	725.57
663.00	823.87
664.00	774.72
665.00	737.27
666.00	798.12
667.00	830.89
668.00	784.08
669.00	741.95
670.00	809.83
671.00	798.12
672.00	763.01
673.00	763.01
674.00	802.80
675.00	802.80
676.00	802.80
677.00	816.85
678.00	805.14
679.00	779.40
680.00	819.19
681.00	709.18
682.00	739.61
683.00	744.29
684.00	725.57
685.00	823.87
686.00	816.85
687.00	807.48
688.00	795.78
689.00	814.51
690.00	812.17
691.00	709.18
692.00	781.74
693.00	746.63
694.00	795.78
695.00	849.61
696.00	842.59
697.00	847.27
698.00	788.76
699.00	800.46
700.00	760.67
701.00	786.42
702.00	840.25
703.00	779.40
704.00	760.67
705.00	772.38
706.00	763.01
707.00	781.74
708.00	849.61
709.00	844.93
710.00	706.84
711.00	835.57
712.00	795.78
713.00	828.55
714.00	851.96
715.00	765.36
716.00	828.55
717.00	858.98
718.00	805.14
719.00	723.23
720.00	809.83
721.00	767.70
722.00	716.20
723.00	826.21
724.00	748.97
725.00	753.65
726.00	814.51
727.00	821.53
728.00	711.52
729.00	688.12
730.00	720.88
731.00	812.17
732.00	837.91
733.00	744.29
734.00	767.70
735.00	781.74
736.00	830.89
737.00	781.74
738.00	788.76
739.00	880.04
740.00	807.48
741.00	784.08
742.00	807.48
743.00	826.21
744.00	777.06
745.00	788.76
746.00	798.12
747.00	849.61
748.00	805.14
749.00	830.89
750.00	786.42
751.00	791.10
752.00	807.48
753.00	833.23
754.00	835.57
755.00	791.10
756.00	802.80
757.00	777.06
758.00	835.57
759.00	791.10
760.00	727.91
761.00	823.87
762.00	816.85
763.00	856.64
764.00	837.91
765.00	788.76
766.00	779.40
767.00	788.76
768.00	826.21
769.00	744.29
770.00	816.85
771.00	802.80
772.00	819.19
773.00	774.72
774.00	840.25
775.00	837.91
776.00	812.17
777.00	814.51
778.00	844.93
779.00	795.78
780.00	788.76
781.00	837.91
782.00	915.15
783.00	821.53
784.00	903.45
785.00	882.38
786.00	821.53
787.00	786.42
788.00	856.64
789.00	772.38
790.00	784.08
791.00	821.53
792.00	805.14
793.00	823.87
794.00	786.42
795.00	774.72
796.00	858.98
797.00	800.46
798.00	753.65
799.00	826.21
800.00	830.89
801.00	777.06
802.00	861.32
803.00	807.48
804.00	823.87
805.00	800.46
806.00	835.57
807.00	800.46
808.00	791.10
809.00	826.21
810.00	837.91
811.00	737.27
812.00	784.08
813.00	816.85
814.00	837.91
815.00	828.55
816.00	828.55
817.00	720.88
818.00	849.61
819.00	812.17
820.00	823.87
821.00	823.87
822.00	812.17
823.00	819.19
824.00	816.85
825.00	791.10
826.00	828.55
827.00	802.80
828.00	828.55
829.00	847.27
830.00	809.83
831.00	842.59
832.00	730.25
833.00	856.64
834.00	826.21
835.00	819.19
836.00	751.31
837.00	812.17
838.00	835.57
839.00	777.06
840.00	805.14
841.00	840.25
842.00	805.14
843.00	849.61
844.00	786.42
845.00	795.78
846.00	784.08
847.00	851.96
848.00	741.95
849.00	786.42
850.00	786.42
851.00	793.44
852.00	861.32
853.00	809.83
854.00	751.31
855.00	791.10
856.00	779.40
857.00	870.68
858.00	781.74
859.00	779.40
860.00	791.10
861.00	779.40
862.00	802.80
863.00	835.57
864.00	830.89
865.00	833.23
866.00	739.61
867.00	842.59
868.00	755.99
869.00	784.08
870.00	795.78
871.00	697.48
872.00	840.25
873.00	779.40
874.00	887.06
875.00	765.36
876.00	821.53
877.00	880.04
878.00	809.83
879.00	877.70
880.00	772.38
881.00	854.30
882.00	751.31
883.00	856.64
884.00	791.10
885.00	777.06
886.00	772.38
887.00	866.00
888.00	877.70
889.00	858.98
890.00	805.14
891.00	812.17
892.00	798.12
893.00	777.06
894.00	777.06
895.00	723.23
896.00	805.14
897.00	821.53
898.00	835.57
899.00	823.87
900.00	849.61
901.00	809.83
902.00	753.65
903.00	894.08
904.00	884.72
905.00	851.96
906.00	858.98
907.00	933.87
908.00	968.98
909.00	880.04
910.00	858.98
911.00	880.04
912.00	980.68
913.00	1039.20
914.00	983.02
915.00	889.40
916.00	889.40
917.00	945.58
918.00	905.79
919.00	833.23
920.00	851.96
921.00	793.44
922.00	819.19
923.00	894.08
924.00	842.59
925.00	812.17
926.00	800.46
927.00	858.98
928.00	781.74
929.00	844.93
930.00	837.91
931.00	802.80
932.00	795.78
933.00	788.76
934.00	816.85
935.00	837.91
936.00	837.91
937.00	849.61
938.00	870.68
939.00	821.53
940.00	753.65
941.00	802.80
942.00	870.68
943.00	823.87
944.00	849.61
945.00	851.96
946.00	1163.25
947.00	1767.10
948.00	2244.57
949.00	2026.90
950.00	1647.74
951.00	1373.89
952.00	1303.68
953.00	1172.61
954.00	1025.15
955.00	894.08
956.00	805.14
957.00	793.44
958.00	854.30
959.00	755.99
960.00	805.14
961.00	798.12
962.00	844.93
963.00	800.46
964.00	814.51
965.00	816.85
966.00	765.36
967.00	887.06
968.00	847.27
969.00	826.21
970.00	889.40
971.00	861.32
972.00	812.17
973.00	795.78
974.00	793.44
975.00	826.21
976.00	791.10
977.00	882.38
978.00	840.25
979.00	793.44
980.00	800.46
981.00	765.36
982.00	781.74
983.00	819.19
984.00	763.01
985.00	713.86
986.00	732.59
987.00	795.78
988.00	816.85
989.00	826.21
990.00	856.64
991.00	868.34
992.00	765.36
993.00	793.44
994.00	798.12
995.00	816.85
996.00	795.78
997.00	765.36
998.00	711.52
999.00	823.87
1000.00	826.21
1001.00	788.76
1002.00	798.12
1003.00	816.85
1004.00	812.17
1005.00	751.31
1006.00	854.30
1007.00	788.76
1008.00	800.46
1009.00	748.97
1010.00	877.70
1011.00	866.00
1012.00	863.66
1013.00	777.06
1014.00	739.61
1015.00	802.80
1016.00	866.00
1017.00	781.74
1018.00	821.53
1019.00	814.51
1020.00	793.44
1021.00	795.78
1022.00	760.67
1023.00	798.12
1024.00	763.01
1025.00	772.38
1026.00	786.42
1027.00	863.66
1028.00	805.14
1029.00	807.48
1030.00	800.46
1031.00	858.98
1032.00	772.38
1033.00	770.04
1034.00	795.78
1035.00	779.40
1036.00	795.78
1037.00	802.80
1038.00	849.61
1039.00	842.59
1040.00	809.83
1041.00	786.42
1042.00	880.04
1043.00	880.04
1044.00	737.27
1045.00	816.85
1046.00	819.19
1047.00	847.27
1048.00	866.00
1049.00	889.40
1050.00	840.25
1051.00	858.98
1052.00	807.48
1053.00	791.10
1054.00	753.65
1055.00	709.18
1056.00	767.70
1057.00	842.59
1058.00	784.08
1059.00	770.04
1060.00	828.55
1061.00	809.83
1062.00	763.01
1063.00	887.06
1064.00	788.76
1065.00	784.08
1066.00	828.55
1067.00	746.63
1068.00	870.68
1069.00	833.23
1070.00	807.48
1071.00	800.46
1072.00	753.65
1073.00	760.67
1074.00	856.64
1075.00	763.01
1076.00	802.80
1077.00	840.25
1078.00	821.53
1079.00	863.66
1080.00	891.74
1081.00	835.57
1082.00	840.25
1083.00	798.12
1084.00	763.01
1085.00	767.70
1086.00	781.74
1087.00	816.85
1088.00	788.76
1089.00	788.76
1090.00	873.02
1091.00	870.68
1092.00	807.48
1093.00	819.19
1094.00	828.55
1095.00	830.89
1096.00	873.02
1097.00	901.11
1098.00	807.48
1099.00	814.51
1100.00	882.38
1101.00	887.06
1102.00	805.14
1103.00	849.61
1104.00	854.30
1105.00	849.61
1106.00	837.91
1107.00	856.64
1108.00	889.40
1109.00	830.89
1110.00	779.40
1111.00	772.38
1112.00	873.02
1113.00	866.00
1114.00	875.36
1115.00	800.46
1116.00	833.23
1117.00	814.51
1118.00	744.29
1119.00	793.44
1120.00	905.79
1121.00	903.45
1122.00	802.80
1123.00	889.40
1124.00	793.44
1125.00	849.61
1126.00	840.25
1127.00	755.99
1128.00	849.61
1129.00	760.67
1130.00	868.34
1131.00	844.93
1132.00	779.40
1133.00	791.10
1134.00	828.55
1135.00	844.93
1136.00	837.91
1137.00	828.55
1138.00	847.27
1139.00	807.48
1140.00	884.72
1141.00	833.23
1142.00	889.40
1143.00	837.91
1144.00	805.14
1145.00	861.32
1146.00	870.68
1147.00	903.45
1148.00	861.32
1149.00	786.42
1150.00	854.30
1151.00	870.68
1152.00	812.17
1153.00	929.19
1154.00	898.77
1155.00	802.80
1156.00	816.85
1157.00	940.90
1158.00	870.68
1159.00	1008.77
1160.00	990.05
1161.00	882.38
1162.00	919.83
1163.00	880.04
1164.00	891.74
1165.00	873.02
1166.00	1025.15
1167.00	1107.07
1168.00	1315.38
1169.00	1273.25
1170.00	1268.57
1171.00	1111.75
1172.00	992.39
1173.00	1020.47
1174.00	1029.84
1175.00	931.53
1176.00	849.61
1177.00	905.79
1178.00	933.87
1179.00	842.59
1180.00	873.02
1181.00	842.59
1182.00	830.89
1183.00	851.96
1184.00	884.72
1185.00	819.19
1186.00	854.30
1187.00	847.27
1188.00	884.72
1189.00	924.51
1190.00	926.85
1191.00	919.83
1192.00	926.85
1193.00	919.83
1194.00	985.37
1195.00	971.32
1196.00	1011.11
1197.00	957.28
1198.00	961.96
1199.00	968.98
1200.00	997.07
1201.00	1036.86
1202.00	1179.63
1203.00	1242.82
1204.00	1167.93
1205.00	1135.16
1206.00	1123.46
1207.00	1081.33
1208.00	1036.86
1209.00	1039.20
1210.00	1064.94
1211.00	1057.92
1212.00	997.07
1213.00	1076.65
1214.00	1097.71
1215.00	1198.35
1216.00	1299.00
1217.00	1519.01
1218.00	1638.38
1219.00	1952.01
1220.00	3557.61
1221.00	19662.84
1222.00	54057.01
1223.00	65535.00
1224.00	65535.00
1225.00	59306.83
1226.00	47271.80
1227.00	35672.10
1228.00	29137.33
1229.00	21186.53
1230.00	10136.86
1231.00	4002.32
1232.00	2190.74
1233.00	1692.21
1234.00	1465.18
1235.00	1373.89
1236.00	1284.95
1237.00	1233.46
1238.00	1235.80
1239.00	1544.75
1240.00	3435.91
1241.00	6258.59
1242.00	7508.44
1243.00	6305.40
1244.00	4870.65
1245.00	3517.83
1246.00	3033.33
1247.00	2642.46
1248.00	1935.62
1249.00	1289.64
1250.00	1039.20
1251.00	1015.79
1252.00	938.55
1253.00	968.98
1254.00	1090.69
1255.00	1090.69
1256.00	1095.37
1257.00	1086.01
1258.00	1064.94
1259.00	1015.79
1260.00	936.21
1261.00	992.39
1262.00	922.17
1263.00	943.24
1264.00	929.19
1265.00	973.66
1266.00	924.51
1267.00	950.26
1268.00	947.92
1269.00	898.77
1270.00	940.90
1271.00	922.17
1272.00	798.12
1273.00	957.28
1274.00	866.00
1275.00	929.19
1276.00	908.13
1277.00	959.62
1278.00	1046.22
1279.00	2459.90
1280.00	6586.27
1281.00	11529.48
1282.00	13043.81
1283.00	10099.41
1284.00	7515.46
1285.00	5518.98
1286.00	4542.98
1287.00	3592.72
1288.00	2352.24
1289.00	1409.00
1290.00	1076.65
1291.00	971.32
1292.00	1006.43
1293.00	994.73
1294.00	985.37
1295.00	1008.77
1296.00	1013.45
1297.00	994.73
1298.00	994.73
1299.00	1626.67
1300.00	2832.05
1301.00	3548.25
1302.00	3260.37
1303.00	2569.91
1304.00	2022.22
1305.00	1769.44
1306.00	1610.29
1307.00	1359.85
1308.00	1107.07
1309.00	1036.86
1310.00	957.28
1311.00	905.79
1312.00	875.36
1313.00	952.60
1314.00	978.34
1315.00	866.00
1316.00	873.02
1317.00	863.66
1318.00	882.38
1319.00	882.38
1320.00	823.87
1321.00	835.57
1322.00	788.76
1323.00	854.30
1324.00	884.72
1325.00	791.10
1326.00	844.93
1327.00	830.89
1328.00	856.64
1329.00	884.72
1330.00	809.83
1331.00	903.45
1332.00	952.60
1333.00	1041.54
1334.00	1870.09
1335.00	3080.14
1336.00	3904.01
1337.00	3405.48
1338.00	2740.77
1339.00	2193.08
1340.00	1888.81
1341.00	1659.44
1342.00	1303.68
1343.00	1027.50
1344.00	891.74
1345.00	915.15
1346.00	933.87
1347.00	910.47
1348.00	901.11
1349.00	894.08
1350.00	866.00
1351.00	898.77
1352.00	933.87
1353.00	823.87
1354.00	842.59
1355.00	884.72
1356.00	882.38
1357.00	961.96
1358.00	901.11
1359.00	978.34
1360.00	1013.45
1361.00	1130.48
1362.00	2588.63
1363.00	6153.27
1364.00	10183.67
1365.00	10942.00
1366.00	8496.14
1367.00	6122.84
1368.00	4655.33
1369.00	3887.63
1370.00	3117.59
1371.00	2040.95
1372.00	1315.38
1373.00	1158.57
1374.00	1083.67
1375.00	1291.98
1376.00	3159.72
1377.00	9516.62
1378.00	17315.28
1379.00	19723.69
1380.00	14927.94
1381.00	10778.17
1382.00	7908.67
1383.00	6462.22
1384.00	4875.34
1385.00	3009.93
1386.00	1713.27
1387.00	1205.38
1388.00	1022.81
1389.00	966.64
1390.00	999.41
1391.00	985.37
1392.00	929.19
1393.00	940.90
1394.00	896.43
1395.00	922.17
1396.00	978.34
1397.00	976.00
1398.00	1137.50
1399.00	1345.81
1400.00	1420.71
1401.00	1303.68
1402.00	1240.48
1403.00	1144.52
1404.00	1163.25
1405.00	1345.81
1406.00	2139.25
1407.00	8716.16
1408.00	22029.12
1409.00	32521.74
1410.00	28788.59
1411.00	20435.22
1412.00	14174.28
1413.00	10827.32
1414.00	8926.80
1415.00	5994.11
1416.00	3040.36
1417.00	1795.19
1418.00	1296.66
1419.00	1242.82
1420.00	2043.29
1421.00	4835.55
1422.00	7616.10
1423.00	8491.46
1424.00	6452.86
1425.00	4718.52
1426.00	3632.51
1427.00	2923.33
1428.00	2314.79
1429.00	1673.48
1430.00	1142.18
1431.00	964.30
1432.00	968.98
1433.00	994.73
1434.00	950.26
1435.00	980.68
1436.00	1057.92
1437.00	866.00
1438.00	842.59
1439.00	903.45
1440.00	875.36
1441.00	896.43
1442.00	910.47
1443.00	887.06
1444.00	814.51
1445.00	901.11
1446.00	837.91
1447.00	880.04
1448.00	877.70
1449.00	842.59
1450.00	877.70
1451.00	875.36
1452.00	840.25
1453.00	912.81
1454.00	917.49
1455.00	1299.00
1456.00	2679.91
1457.00	4533.62
1458.00	5486.22
1459.00	4444.68
1460.00	3403.14
1461.00	2600.34
1462.00	2167.34
1463.00	1947.33
1464.00	1453.47
1465.00	1057.92
1466.00	947.92
1467.00	840.25
1468.00	854.30
1469.00	898.77
1470.00	901.11
1471.00	863.66
1472.00	786.42
1473.00	875.36
1474.00	898.77
1475.00	840.25
1476.00	779.40
1477.00	805.14
1478.00	943.24
1479.00	858.98
1480.00	954.94
1481.00	877.70
1482.00	926.85
1483.00	866.00
1484.00	882.38
1485.00	961.96
1486.00	1043.88
1487.00	1254.53
1488.00	3864.22
1489.00	10045.58
1490.00	16276.09
1491.00	16449.28
1492.00	12035.03
1493.00	8428.27
1494.00	6347.53
1495.00	5247.48
1496.00	3765.92
1497.00	2127.55
1498.00	1366.87
1499.00	1081.33
1500.00	896.43
1501.00	924.51
1502.00	882.38
1503.00	891.74
1504.00	798.12
1505.00	880.04
1506.00	908.13
1507.00	851.96
1508.00	903.45
1509.00	856.64
1510.00	866.00
1511.00	854.30
1512.00	938.55
1513.00	1167.93
1514.00	2296.07
1515.00	3960.19
1516.00	4861.29
1517.00	4147.43
1518.00	3091.85
1519.00	2455.22
1520.00	1980.09
1521.00	1778.81
1522.00	1390.28
1523.00	1081.33
1524.00	915.15
1525.00	898.77
1526.00	933.87
1527.00	835.57
1528.00	889.40
1529.00	945.58
1530.00	964.30
1531.00	936.21
1532.00	1062.60
1533.00	2193.08
1534.00	5710.91
1535.00	10132.18
1536.00	12166.10
1537.00	9214.69
1538.00	6820.32
1539.00	5043.85
1540.00	4044.45
1541.00	3187.81
1542.00	2024.56
1543.00	1306.02
1544.00	1029.84
1545.00	957.28
1546.00	938.55
1547.00	896.43
1548.00	912.81
1549.00	866.00
1550.00	936.21
1551.00	821.53
1552.00	844.93
1553.00	947.92
1554.00	936.21
1555.00	919.83
1556.00	903.45
1557.00	896.43
1558.00	887.06
1559.00	858.98
1560.00	837.91
1561.00	945.58
1562.00	1004.09
1563.00	999.41
1564.00	1025.15
1565.00	1451.13
1566.00	4800.44
1567.00	12578.04
1568.00	20980.56
1569.00	21387.82
1570.00	15597.33
1571.00	10916.26
1572.00	8124.00
1573.00	6532.44
1574.00	4554.68
1575.00	2640.12
1576.00	1638.38
1577.00	1390.28
1578.00	1746.04
1579.00	6757.13
1580.00	19475.60
1581.00	33125.60
1582.00	34653.97
1583.00	24343.91
1584.00	17022.72
1585.00	12290.15
1586.00	9872.38
1587.00	6815.64
1588.00	3592.72
1589.00	1982.43
1590.00	1324.74
1591.00	1177.29
1592.00	1048.56
1593.00	985.37
1594.00	980.68
1595.00	903.45
1596.00	973.66
1597.00	873.02
1598.00	873.02
1599.00	875.36
1600.00	908.13
1601.00	847.27
1602.00	798.12
1603.00	861.32
1604.00	798.12
1605.00	875.36
1606.00	847.27
1607.00	910.47
1608.00	926.85
1609.00	823.87
1610.00	791.10
1611.00	870.68
1612.00	826.21
1613.00	851.96
1614.00	849.61
1615.00	875.36
1616.00	795.78
1617.00	798.12
1618.00	880.04
1619.00	866.00
1620.00	788.76
1621.00	873.02
1622.00	734.93
1623.00	912.81
1624.00	798.12
1625.00	849.61
1626.00	842.59
1627.00	835.57
1628.00	798.12
1629.00	791.10
1630.00	828.55
1631.00	835.57
1632.00	912.81
1633.00	849.61
1634.00	753.65
1635.00	847.27
1636.00	830.89
1637.00	821.53
1638.00	842.59
1639.00	777.06
1640.00	880.04
1641.00	847.27
1642.00	940.90
1643.00	856.64
1644.00	915.15
1645.00	964.30
1646.00	945.58
1647.00	847.27
1648.00	849.61
1649.00	1093.03
1650.00	2871.84
1651.00	8147.40
1652.00	14764.10
1653.00	18728.97
1654.00	14516.00
1655.00	10286.65
1656.00	7480.35
1657.00	5762.40
1658.00	4390.84
1659.00	2602.68
1660.00	1600.93
1661.00	1167.93
1662.00	952.60
1663.00	980.68
1664.00	877.70
1665.00	901.11
1666.00	870.68
1667.00	966.64
1668.00	1235.80
1669.00	2803.96
1670.00	5034.49
1671.00	6696.27
1672.00	5930.92
1673.00	4606.17
1674.00	3297.81
1675.00	2565.23
1676.00	2120.53
1677.00	1542.41
1678.00	1196.01
1679.00	919.83
1680.00	863.66
1681.00	823.87
1682.00	816.85
1683.00	774.72
1684.00	891.74
1685.00	788.76
1686.00	844.93
1687.00	833.23
1688.00	744.29
1689.00	840.25
1690.00	849.61
1691.00	795.78
1692.00	814.51
1693.00	805.14
1694.00	751.31
1695.00	795.78
1696.00	823.87
1697.00	844.93
1698.00	835.57
1699.00	779.40
1700.00	791.10
1701.00	844.93
1702.00	770.04
1703.00	849.61
1704.00	863.66
1705.00	814.51
1706.00	814.51
1707.00	748.97
1708.00	830.89
1709.00	805.14
1710.00	823.87
1711.00	805.14
1712.00	821.53
1713.00	908.13
1714.00	1448.79
1715.00	3665.28
1716.00	7136.29
1717.00	9195.96
1718.00	7999.95
1719.00	6024.54
1720.00	4512.55
1721.00	3611.45
1722.00	2497.35
1723.00	1816.26
1724.00	1207.72
1725.00	992.39
1726.00	877.70
1727.00	858.98
1728.00	767.70
1729.00	809.83
1730.00	814.51
1731.00	802.80
1732.00	805.14
1733.00	744.29
1734.00	786.42
1735.00	851.96
1736.00	774.72
1737.00	748.97
1738.00	819.19
1739.00	814.51
1740.00	767.70
1741.00	713.86
1742.00	795.78
1743.00	788.76
1744.00	795.78
1745.00	791.10
1746.00	812.17
1747.00	779.40
1748.00	866.00
1749.00	863.66
1750.00	734.93
1751.00	800.46
1752.00	774.72
1753.00	854.30
1754.00	798.12
1755.00	858.98
1756.00	856.64
1757.00	849.61
1758.00	821.53
1759.00	819.19
1760.00	828.55
1761.00	828.55
1762.00	863.66
1763.00	844.93
1764.00	837.91
1765.00	847.27
1766.00	812.17
1767.00	889.40
1768.00	866.00
1769.00	957.28
1770.00	2148.61
1771.00	6246.89
1772.00	12159.08
1773.00	16051.39
1774.00	13418.29
1775.00	10122.82
1776.00	7279.07
1777.00	5317.70
1778.00	3379.73
1779.00	2162.66
1780.00	1453.47
1781.00	1214.74
1782.00	987.71
1783.00	954.94
1784.00	936.21
1785.00	739.61
1786.00	840.25
1787.00	807.48
1788.00	765.36
1789.00	847.27
1790.00	851.96
1791.00	819.19
1792.00	849.61
1793.00	830.89
1794.00	751.31
1795.00	842.59
1796.00	898.77
1797.00	1097.71
1798.00	2403.73
1799.00	5675.80
1800.00	9067.24
1801.00	10104.09
1802.00	8088.89
1803.00	6120.50
1804.00	4374.46
1805.00	2942.05
1806.00	1909.88
1807.00	1366.87
1808.00	1128.14
1809.00	873.02
1810.00	910.47
1811.00	856.64
1812.00	858.98
1813.00	889.40
1814.00	793.44
1815.00	763.01
1816.00	830.89
1817.00	802.80
1818.00	791.10
1819.00	802.80
1820.00	791.10
1821.00	784.08
1822.00	833.23
1823.00	760.67
1824.00	793.44
1825.00	868.34
1826.00	908.13
1827.00	912.81
1828.00	922.17
1829.00	868.34
1830.00	809.83
1831.00	847.27
1832.00	828.55
1833.00	821.53
1834.00	814.51
1835.00	805.14
1836.00	816.85
1837.00	774.72
1838.00	758.33
1839.00	765.36
1840.00	753.65
1841.00	751.31
1842.00	777.06
1843.00	823.87
1844.00	727.91
1845.00	770.04
1846.00	746.63
1847.00	781.74
1848.00	763.01
1849.00	699.82
1850.00	767.70
1851.00	870.68
1852.00	767.70
1853.00	741.95
1854.00	739.61
1855.00	807.48
1856.00	781.74
1857.00	688.12
1858.00	723.23
1859.00	786.42
1860.00	791.10
1861.00	723.23
1862.00	774.72
1863.00	763.01
1864.00	795.78
1865.00	755.99
1866.00	711.52
1867.00	734.93
1868.00	814.51
1869.00	828.55
1870.00	795.78
1871.00	781.74
1872.00	744.29
1873.00	739.61
1874.00	748.97
1875.00	770.04
1876.00	786.42
1877.00	774.72
1878.00	753.65
1879.00	812.17
1880.00	744.29
1881.00	713.86
1882.00	819.19
1883.00	784.08
1884.00	823.87
1885.00	718.54
1886.00	725.57
1887.00	718.54
1888.00	805.14
1889.00	763.01
1890.00	760.67
1891.00	807.48
1892.00	699.82
1893.00	753.65
1894.00	763.01
1895.00	795.78
1896.00	777.06
1897.00	763.01
1898.00	753.65
1899.00	795.78
1900.00	791.10
1901.00	753.65
1902.00	821.53
1903.00	713.86
1904.00	748.97
1905.00	758.33
1906.00	840.25
1907.00	772.38
1908.00	751.31
1909.00	816.85
1910.00	713.86
1911.00	795.78
1912.00	875.36
1913.00	828.55
1914.00	826.21
1915.00	805.14
1916.00	833.23
1917.00	779.40
1918.00	737.27
1919.00	788.76
1920.00	732.59
1921.00	730.25
1922.00	828.55
1923.00	828.55
1924.00	826.21
1925.00	774.72
1926.00	847.27
1927.00	779.40
1928.00	676.41
1929.00	791.10
1930.00	709.18
1931.00	760.67
1932.00	732.59
1933.00	704.50
1934.00	770.04
1935.00	748.97
1936.00	889.40
1937.00	779.40
1938.00	734.93
1939.00	723.23
1940.00	767.70
1941.00	734.93
1942.00	774.72
1943.00	807.48
1944.00	704.50
1945.00	751.31
1946.00	734.93
1947.00	793.44
1948.00	767.70
1949.00	739.61
1950.00	800.46
1951.00	800.46
1952.00	1046.22
1953.00	2314.79
1954.00	4882.36
1955.00	8128.68
1956.00	8685.73
1957.00	6410.73
1958.00	4119.34
1959.00	2647.15
1960.00	1732.00
1961.00	1289.64
1962.00	1109.41
1963.00	987.71
1964.00	866.00
1965.00	851.96
1966.00	795.78
1967.00	793.44
1968.00	812.17
1969.00	779.40
1970.00	774.72
1971.00	791.10
1972.00	718.54
1973.00	758.33
1974.00	816.85
1975.00	798.12
1976.00	814.51
1977.00	828.55
1978.00	774.72
1979.00	837.91
1980.00	873.02
1981.00	1013.45
1982.00	1228.78
1983.00	1315.38
1984.00	1090.69
1985.00	992.39
1986.00	870.68
1987.00	858.98
1988.00	802.80
1989.00	760.67
1990.00	793.44
1991.00	844.93
1992.00	770.04
1993.00	734.93
1994.00	795.78
1995.00	826.21
1996.00	788.76
1997.00	688.12
1998.00	779.40
1999.00	828.55
2000.00	732.59
2001.00	751.31
2002.00	774.72
2003.00	894.08
2004.00	760.67
2005.00	816.85
2006.00	732.59
2007.00	765.36
2008.00	753.65
2009.00	767.70
2010.00	802.80
2011.00	844.93
2012.00	730.25
2013.00	760.67
2014.00	788.76
2015.00	763.01
2016.00	734.93
2017.00	847.27
2018.00	833.23
2019.00	765.36
2020.00	770.04
2021.00	800.46
2022.00	777.06
2023.00	833.23
2024.00	889.40
2025.00	950.26
2026.00	1219.42
2027.00	1221.76
2028.00	1207.72
2029.00	1331.76
2030.00	2455.22
2031.00	6874.15
2032.00	12823.80
2033.00	17579.76
2034.00	15824.36
2035.00	10583.90
2036.00	7145.66
2037.00	4400.21
2038.00	2848.43
2039.00	1980.09
2040.00	1320.06
2041.00	1093.03
2042.00	922.17
2043.00	903.45
2044.00	868.34
2045.00	868.34
2046.00	847.27
2047.00	805.14
