0.00	671.73
1.00	671.73
2.00	671.73
3.00	528.96
4.00	571.09
5.00	580.45
6.00	554.71
7.00	524.28
8.00	578.11
9.00	543.00
10.00	552.37
11.00	557.05
12.00	601.52
13.00	547.69
14.00	528.96
15.00	550.03
16.00	610.88
17.00	561.73
18.00	685.78
19.00	585.13
20.00	608.54
21.00	603.86
22.00	568.75
23.00	723.23
24.00	669.39
25.00	648.33
26.00	732.59
27.00	660.03
28.00	676.41
29.00	648.33
30.00	711.52
31.00	667.05
32.00	692.80
33.00	702.16
34.00	763.01
35.00	727.91
36.00	660.03
37.00	692.80
38.00	755.99
39.00	793.44
40.00	667.05
41.00	718.54
42.00	739.61
43.00	709.18
44.00	737.27
45.00	781.74
46.00	704.50
47.00	777.06
48.00	781.74
49.00	788.76
50.00	793.44
51.00	758.33
52.00	767.70
53.00	849.61
54.00	826.21
55.00	751.31
56.00	627.26
57.00	716.20
58.00	732.59
59.00	758.33
60.00	734.93
61.00	753.65
62.00	727.91
63.00	718.54
64.00	830.89
65.00	770.04
66.00	753.65
67.00	734.93
68.00	713.86
69.00	645.99
70.00	690.46
71.00	732.59
72.00	744.29
73.00	667.05
74.00	727.91
75.00	753.65
76.00	732.59
77.00	704.50
78.00	737.27
79.00	718.54
80.00	634.29
81.00	779.40
82.00	779.40
83.00	667.05
84.00	725.57
85.00	685.78
86.00	732.59
87.00	737.27
88.00	760.67
89.00	777.06
90.00	711.52
91.00	774.72
92.00	725.57
93.00	723.23
94.00	653.01
95.00	692.80
96.00	671.73
97.00	760.67
98.00	751.31
99.00	704.50
100.00	748.97
101.00	685.78
102.00	748.97
103.00	683.44
104.00	816.85
105.00	636.63
106.00	720.88
107.00	683.44
108.00	786.42
109.00	751.31
110.00	779.40
111.00	744.29
112.00	791.10
113.00	683.44
114.00	692.80
115.00	737.27
116.00	765.36
117.00	798.12
118.00	664.71
119.00	720.88
120.00	699.82
121.00	772.38
122.00	734.93
123.00	725.57
124.00	730.25
125.00	760.67
126.00	725.57
127.00	685.78
128.00	739.61
129.00	704.50
130.00	720.88
131.00	674.07
132.00	748.97
133.00	716.20
134.00	812.17
135.00	737.27
136.00	676.41
137.00	807.48
138.00	732.59
139.00	711.52
140.00	795.78
141.00	770.04
142.00	716.20
143.00	809.83
144.00	732.59
145.00	685.78
146.00	751.31
147.00	723.23
148.00	727.91
149.00	793.44
150.00	774.72
151.00	763.01
152.00	777.06
153.00	739.61
154.00	774.72
155.00	786.42
156.00	674.07
157.00	716.20
158.00	777.06
159.00	777.06
160.00	697.48
161.00	744.29
162.00	744.29
163.00	643.65
164.00	655.35
165.00	758.33
166.00	683.44
167.00	744.29
168.00	765.36
169.00	763.01
170.00	681.10
171.00	720.88
172.00	741.95
173.00	702.16
174.00	645.99
175.00	704.50
176.00	713.86
177.00	723.23
178.00	739.61
179.00	763.01
180.00	718.54
181.00	737.27
182.00	779.40
183.00	772.38
184.00	793.44
185.00	770.04
186.00	718.54
187.00	763.01
188.00	657.69
189.00	781.74
190.00	716.20
191.00	739.61
192.00	718.54
193.00	760.67
194.00	739.61
195.00	786.42
196.00	751.31
197.00	784.08
198.00	788.76
199.00	739.61
200.00	793.44
201.00	737.27
202.00	767.70
203.00	758.33
204.00	730.25
205.00	760.67
206.00	723.23
207.00	753.65
208.00	706.84
209.00	800.46
210.00	767.70
211.00	744.29
212.00	723.23
213.00	690.46
214.00	737.27
215.00	657.69
216.00	781.74
217.00	798.12
218.00	720.88
219.00	772.38
220.00	741.95
221.00	674.07
222.00	746.63
223.00	809.83
224.00	737.27
225.00	709.18
226.00	699.82
227.00	720.88
228.00	730.25
229.00	734.93
230.00	739.61
231.00	746.63
232.00	702.16
233.00	706.84
234.00	751.31
235.00	744.29
236.00	718.54
237.00	727.91
238.00	739.61
239.00	716.20
240.00	805.14
241.00	718.54
242.00	723.23
243.00	772.38
244.00	706.84
245.00	786.42
246.00	791.10
247.00	720.88
248.00	805.14
249.00	809.83
250.00	777.06
251.00	734.93
252.00	788.76
253.00	786.42
254.00	660.03
255.00	755.99
256.00	741.95
257.00	753.65
258.00	725.57
259.00	744.29
260.00	641.31
261.00	723.23
262.00	718.54
263.00	753.65
264.00	779.40
265.00	678.76
266.00	763.01
267.00	823.87
268.00	777.06
269.00	772.38
270.00	718.54
271.00	830.89
272.00	821.53
273.00	849.61
274.00	788.76
275.00	786.42
276.00	800.46
277.00	786.42
278.00	777.06
279.00	730.25
280.00	758.33
281.00	777.06
282.00	767.70
283.00	727.91
284.00	774.72
285.00	664.71
286.00	744.29
287.00	777.06
288.00	748.97
289.00	751.31
290.00	739.61
291.00	720.88
292.00	842.59
293.00	763.01
294.00	751.31
295.00	755.99
296.00	805.14
297.00	739.61
298.00	688.12
299.00	709.18
300.00	734.93
301.00	674.07
302.00	739.61
303.00	744.29
304.00	713.86
305.00	772.38
306.00	805.14
307.00	791.10
308.00	866.00
309.00	807.48
310.00	805.14
311.00	786.42
312.00	781.74
313.00	730.25
314.00	704.50
315.00	744.29
316.00	763.01
317.00	826.21
318.00	692.80
319.00	748.97
320.00	830.89
321.00	788.76
322.00	755.99
323.00	739.61
324.00	718.54
325.00	711.52
326.00	772.38
327.00	737.27
328.00	737.27
329.00	760.67
330.00	697.48
331.00	765.36
332.00	709.18
333.00	741.95
334.00	723.23
335.00	695.14
336.00	800.46
337.00	699.82
338.00	737.27
339.00	727.91
340.00	753.65
341.00	741.95
342.00	753.65
343.00	779.40
344.00	788.76
345.00	767.70
346.00	751.31
347.00	786.42
348.00	823.87
349.00	847.27
350.00	821.53
351.00	826.21
352.00	732.59
353.00	805.14
354.00	800.46
355.00	685.78
356.00	791.10
357.00	802.80
358.00	685.78
359.00	723.23
360.00	739.61
361.00	823.87
362.00	772.38
363.00	741.95
364.00	770.04
365.00	741.95
366.00	779.40
367.00	755.99
368.00	791.10
369.00	802.80
370.00	774.72
371.00	812.17
372.00	699.82
373.00	805.14
374.00	779.40
375.00	805.14
376.00	816.85
377.00	791.10
378.00	751.31
379.00	720.88
380.00	816.85
381.00	758.33
382.00	774.72
383.00	725.57
384.00	746.63
385.00	770.04
386.00	716.20
387.00	713.86
388.00	741.95
389.00	800.46
390.00	720.88
391.00	716.20
392.00	823.87
393.00	716.20
394.00	699.82
395.00	690.46
396.00	781.74
397.00	781.74
398.00	765.36
399.00	800.46
400.00	725.57
401.00	767.70
402.00	751.31
403.00	739.61
404.00	716.20
405.00	791.10
406.00	751.31
407.00	770.04
408.00	767.70
409.00	770.04
410.00	734.93
411.00	765.36
412.00	777.06
413.00	788.76
414.00	744.29
415.00	807.48
416.00	678.76
417.00	718.54
418.00	758.33
419.00	784.08
420.00	800.46
421.00	720.88
422.00	770.04
423.00	751.31
424.00	767.70
425.00	786.42
426.00	730.25
427.00	739.61
428.00	781.74
429.00	786.42
430.00	791.10
431.00	777.06
432.00	751.31
433.00	753.65
434.00	720.88
435.00	814.51
436.00	770.04
437.00	732.59
438.00	772.38
439.00	660.03
440.00	737.27
441.00	791.10
442.00	830.89
443.00	772.38
444.00	781.74
445.00	770.04
446.00	849.61
447.00	727.91
448.00	748.97
449.00	760.67
450.00	779.40
451.00	772.38
452.00	732.59
453.00	788.76
454.00	723.23
455.00	823.87
456.00	765.36
457.00	765.36
458.00	779.40
459.00	741.95
460.00	755.99
461.00	784.08
462.00	821.53
463.00	758.33
464.00	727.91
465.00	770.04
466.00	763.01
467.00	774.72
468.00	786.42
469.00	788.76
470.00	763.01
471.00	734.93
472.00	746.63
473.00	823.87
474.00	763.01
475.00	755.99
476.00	734.93
477.00	779.40
478.00	760.67
479.00	732.59
480.00	732.59
481.00	695.14
482.00	784.08
483.00	746.63
484.00	779.40
485.00	802.80
486.00	737.27
487.00	758.33
488.00	842.59
489.00	781.74
490.00	709.18
491.00	763.01
492.00	774.72
493.00	837.91
494.00	772.38
495.00	774.72
496.00	774.72
497.00	732.59
498.00	753.65
499.00	678.76
500.00	807.48
501.00	800.46
502.00	807.48
503.00	805.14
504.00	767.70
505.00	753.65
506.00	755.99
507.00	791.10
508.00	777.06
509.00	751.31
510.00	788.76
511.00	711.52
512.00	744.29
513.00	746.63
514.00	781.74
515.00	791.10
516.00	805.14
517.00	720.88
518.00	765.36
519.00	791.10
520.00	746.63
521.00	758.33
522.00	805.14
523.00	819.19
524.00	779.40
525.00	779.40
526.00	748.97
527.00	723.23
528.00	819.19
529.00	758.33
530.00	763.01
531.00	720.88
532.00	809.83
533.00	793.44
534.00	706.84
535.00	800.46
536.00	781.74
537.00	720.88
538.00	807.48
539.00	800.46
540.00	835.57
541.00	765.36
542.00	760.67
543.00	741.95
544.00	788.76
545.00	828.55
546.00	746.63
547.00	755.99
548.00	765.36
549.00	748.97
550.00	683.44
551.00	741.95
552.00	765.36
553.00	772.38
554.00	751.31
555.00	781.74
556.00	795.78
557.00	770.04
558.00	793.44
559.00	688.12
560.00	821.53
561.00	734.93
562.00	725.57
563.00	716.20
564.00	751.31
565.00	779.40
566.00	713.86
567.00	849.61
568.00	767.70
569.00	791.10
570.00	737.27
571.00	791.10
572.00	765.36
573.00	788.76
574.00	814.51
575.00	844.93
576.00	746.63
577.00	730.25
578.00	671.73
579.00	791.10
580.00	774.72
581.00	856.64
582.00	720.88
583.00	704.50
584.00	760.67
585.00	667.05
586.00	767.70
587.00	800.46
588.00	781.74
589.00	706.84
590.00	793.44
591.00	751.31
592.00	755.99
593.00	748.97
594.00	779.40
595.00	744.29
596.00	758.33
597.00	770.04
598.00	793.44
599.00	755.99
600.00	695.14
601.00	709.18
602.00	753.65
603.00	767.70
604.00	889.40
605.00	788.76
606.00	748.97
607.00	753.65
608.00	732.59
609.00	798.12
610.00	807.48
611.00	774.72
612.00	765.36
613.00	760.67
614.00	795.78
615.00	821.53
616.00	805.14
617.00	800.46
618.00	763.01
619.00	823.87
620.00	791.10
621.00	734.93
622.00	763.01
623.00	791.10
624.00	833.23
625.00	814.51
626.00	833.23
627.00	753.65
628.00	786.42
629.00	779.40
630.00	837.91
631.00	795.78
632.00	791.10
633.00	730.25
634.00	774.72
635.00	840.25
636.00	770.04
637.00	748.97
638.00	718.54
639.00	816.85
640.00	826.21
641.00	770.04
642.00	812.17
643.00	727.91
644.00	765.36
645.00	741.95
646.00	816.85
647.00	744.29
648.00	730.25
649.00	746.63
650.00	819.19
651.00	774.72
652.00	748.97
653.00	837.91
654.00	795.78
655.00	856.64
656.00	727.91
657.00	779.40
658.00	774.72
659.00	702.16
660.00	730.25
661.00	828.55
662.00	760.67
663.00	837.91
664.00	784.08
665.00	837.91
666.00	781.74
667.00	842.59
668.00	763.01
669.00	793.44
670.00	809.83
671.00	814.51
672.00	711.52
673.00	786.42
674.00	823.87
675.00	741.95
676.00	844.93
677.00	795.78
678.00	805.14
679.00	772.38
680.00	837.91
681.00	748.97
682.00	826.21
683.00	760.67
684.00	800.46
685.00	809.83
686.00	833.23
687.00	823.87
688.00	833.23
689.00	809.83
690.00	842.59
691.00	854.30
692.00	795.78
693.00	758.33
694.00	866.00
695.00	800.46
696.00	851.96
697.00	753.65
698.00	791.10
699.00	751.31
700.00	786.42
701.00	896.43
702.00	753.65
703.00	741.95
704.00	744.29
705.00	847.27
706.00	772.38
707.00	802.80
708.00	781.74
709.00	788.76
710.00	734.93
711.00	819.19
712.00	821.53
713.00	833.23
714.00	760.67
715.00	819.19
716.00	826.21
717.00	849.61
718.00	777.06
719.00	765.36
720.00	770.04
721.00	763.01
722.00	847.27
723.00	856.64
724.00	791.10
725.00	837.91
726.00	858.98
727.00	828.55
728.00	821.53
729.00	774.72
730.00	798.12
731.00	795.78
732.00	816.85
733.00	793.44
734.00	849.61
735.00	791.10
736.00	861.32
737.00	798.12
738.00	821.53
739.00	821.53
740.00	814.51
741.00	798.12
742.00	823.87
743.00	849.61
744.00	772.38
745.00	814.51
746.00	793.44
747.00	826.21
748.00	851.96
749.00	870.68
750.00	809.83
751.00	795.78
752.00	772.38
753.00	781.74
754.00	887.06
755.00	870.68
756.00	805.14
757.00	793.44
758.00	828.55
759.00	802.80
760.00	805.14
761.00	868.34
762.00	809.83
763.00	863.66
764.00	873.02
765.00	805.14
766.00	854.30
767.00	823.87
768.00	835.57
769.00	856.64
770.00	835.57
771.00	767.70
772.00	842.59
773.00	880.04
774.00	802.80
775.00	929.19
776.00	805.14
777.00	819.19
778.00	840.25
779.00	880.04
780.00	866.00
781.00	798.12
782.00	858.98
783.00	858.98
784.00	821.53
785.00	779.40
786.00	821.53
787.00	819.19
788.00	840.25
789.00	821.53
790.00	844.93
791.00	844.93
792.00	826.21
793.00	866.00
794.00	788.76
795.00	788.76
796.00	835.57
797.00	793.44
798.00	760.67
799.00	858.98
800.00	760.67
801.00	819.19
802.00	793.44
803.00	842.59
804.00	751.31
805.00	905.79
806.00	826.21
807.00	807.48
808.00	854.30
809.00	748.97
810.00	805.14
811.00	826.21
812.00	816.85
813.00	744.29
814.00	772.38
815.00	814.51
816.00	809.83
817.00	758.33
818.00	779.40
819.00	826.21
820.00	786.42
821.00	851.96
822.00	889.40
823.00	830.89
824.00	819.19
825.00	784.08
826.00	821.53
827.00	896.43
828.00	814.51
829.00	807.48
830.00	772.38
831.00	788.76
832.00	821.53
833.00	795.78
834.00	842.59
835.00	730.25
836.00	828.55
837.00	847.27
838.00	844.93
839.00	802.80
840.00	772.38
841.00	896.43
842.00	823.87
843.00	861.32
844.00	805.14
845.00	875.36
846.00	751.31
847.00	805.14
848.00	774.72
849.00	816.85
850.00	854.30
851.00	774.72
852.00	866.00
853.00	800.46
854.00	835.57
855.00	802.80
856.00	812.17
857.00	847.27
858.00	858.98
859.00	873.02
860.00	791.10
861.00	767.70
862.00	861.32
863.00	826.21
864.00	816.85
865.00	786.42
866.00	777.06
867.00	788.76
868.00	793.44
869.00	798.12
870.00	835.57
871.00	763.01
872.00	826.21
873.00	819.19
874.00	816.85
875.00	753.65
876.00	819.19
877.00	819.19
878.00	873.02
879.00	844.93
880.00	793.44
881.00	823.87
882.00	819.19
883.00	828.55
884.00	849.61
885.00	814.51
886.00	908.13
887.00	861.32
888.00	823.87
889.00	854.30
890.00	837.91
891.00	809.83
892.00	774.72
893.00	786.42
894.00	798.12
895.00	884.72
896.00	866.00
897.00	830.89
898.00	861.32
899.00	767.70
900.00	849.61
901.00	737.27
902.00	800.46
903.00	875.36
904.00	828.55
905.00	856.64
906.00	922.17
907.00	938.55
908.00	966.64
909.00	912.81
910.00	891.74
911.00	894.08
912.00	957.28
913.00	973.66
914.00	994.73
915.00	863.66
916.00	901.11
917.00	844.93
918.00	880.04
919.00	833.23
920.00	814.51
921.00	791.10
922.00	919.83
923.00	763.01
924.00	812.17
925.00	837.91
926.00	751.31
927.00	880.04
928.00	788.76
929.00	802.80
930.00	835.57
931.00	833.23
932.00	807.48
933.00	851.96
934.00	821.53
935.00	788.76
936.00	807.48
937.00	856.64
938.00	814.51
939.00	861.32
940.00	844.93
941.00	875.36
942.00	851.96
943.00	847.27
944.00	858.98
945.00	814.51
946.00	1142.18
947.00	1596.25
948.00	2057.33
949.00	1816.26
950.00	1507.30
951.00	1322.40
952.00	1261.55
953.00	1139.84
954.00	922.17
955.00	833.23
956.00	847.27
957.00	800.46
958.00	901.11
959.00	805.14
960.00	840.25
961.00	812.17
962.00	837.91
963.00	835.57
964.00	903.45
965.00	842.59
966.00	800.46
967.00	854.30
968.00	830.89
969.00	912.81
970.00	828.55
971.00	835.57
972.00	837.91
973.00	837.91
974.00	880.04
975.00	765.36
976.00	896.43
977.00	814.51
978.00	781.74
979.00	786.42
980.00	788.76
981.00	795.78
982.00	828.55
983.00	798.12
984.00	807.48
985.00	751.31
986.00	791.10
987.00	746.63
988.00	788.76
989.00	823.87
990.00	814.51
991.00	847.27
992.00	793.44
993.00	873.02
994.00	835.57
995.00	791.10
996.00	809.83
997.00	816.85
998.00	746.63
999.00	786.42
1000.00	826.21
1001.00	826.21
1002.00	882.38
1003.00	847.27
1004.00	835.57
1005.00	816.85
1006.00	786.42
1007.00	781.74
1008.00	781.74
1009.00	788.76
1010.00	837.91
1011.00	908.13
1012.00	826.21
1013.00	854.30
1014.00	767.70
1015.00	880.04
1016.00	835.57
1017.00	805.14
1018.00	809.83
1019.00	800.46
1020.00	798.12
1021.00	870.68
1022.00	844.93
1023.00	779.40
1024.00	861.32
1025.00	858.98
1026.00	753.65
1027.00	814.51
1028.00	898.77
1029.00	816.85
1030.00	779.40
1031.00	821.53
1032.00	854.30
1033.00	758.33
1034.00	798.12
1035.00	887.06
1036.00	875.36
1037.00	849.61
1038.00	849.61
1039.00	847.27
1040.00	755.99
1041.00	795.78
1042.00	873.02
1043.00	842.59
1044.00	779.40
1045.00	812.17
1046.00	954.94
1047.00	847.27
1048.00	770.04
1049.00	837.91
1050.00	844.93
1051.00	833.23
1052.00	830.89
1053.00	844.93
1054.00	901.11
1055.00	767.70
1056.00	755.99
1057.00	812.17
1058.00	814.51
1059.00	868.34
1060.00	814.51
1061.00	821.53
1062.00	758.33
1063.00	788.76
1064.00	791.10
1065.00	786.42
1066.00	821.53
1067.00	823.87
1068.00	828.55
1069.00	802.80
1070.00	788.76
1071.00	837.91
1072.00	863.66
1073.00	821.53
1074.00	858.98
1075.00	835.57
1076.00	816.85
1077.00	863.66
1078.00	807.48
1079.00	784.08
1080.00	919.83
1081.00	851.96
1082.00	849.61
1083.00	802.80
1084.00	805.14
1085.00	823.87
1086.00	863.66
1087.00	826.21
1088.00	791.10
1089.00	821.53
1090.00	816.85
1091.00	849.61
1092.00	755.99
1093.00	863.66
1094.00	858.98
1095.00	840.25
1096.00	910.47
1097.00	849.61
1098.00	840.25
1099.00	837.91
1100.00	903.45
1101.00	833.23
1102.00	840.25
1103.00	833.23
1104.00	840.25
1105.00	828.55
1106.00	791.10
1107.00	833.23
1108.00	795.78
1109.00	784.08
1110.00	837.91
1111.00	807.48
1112.00	819.19
1113.00	807.48
1114.00	915.15
1115.00	744.29
1116.00	833.23
1117.00	854.30
1118.00	779.40
1119.00	816.85
1120.00	814.51
1121.00	828.55
1122.00	772.38
1123.00	863.66
1124.00	791.10
1125.00	875.36
1126.00	821.53
1127.00	763.01
1128.00	758.33
1129.00	816.85
1130.00	746.63
1131.00	770.04
1132.00	842.59
1133.00	828.55
1134.00	805.14
1135.00	835.57
1136.00	767.70
1137.00	861.32
1138.00	898.77
1139.00	788.76
1140.00	912.81
1141.00	870.68
1142.00	866.00
1143.00	917.49
1144.00	755.99
1145.00	784.08
1146.00	802.80
1147.00	800.46
1148.00	828.55
1149.00	882.38
1150.00	849.61
1151.00	812.17
1152.00	917.49
1153.00	805.14
1154.00	788.76
1155.00	842.59
1156.00	884.72
1157.00	938.55
1158.00	915.15
1159.00	931.53
1160.00	908.13
1161.00	863.66
1162.00	842.59
1163.00	863.66
1164.00	887.06
1165.00	884.72
1166.00	915.15
1167.00	1083.67
1168.00	1263.89
1169.00	1247.51
1170.00	1160.91
1171.00	1064.94
1172.00	1100.05
1173.00	1097.71
1174.00	896.43
1175.00	961.96
1176.00	814.51
1177.00	919.83
1178.00	887.06
1179.00	882.38
1180.00	877.70
1181.00	880.04
1182.00	887.06
1183.00	910.47
1184.00	858.98
1185.00	896.43
1186.00	882.38
1187.00	894.08
1188.00	940.90
1189.00	894.08
1190.00	903.45
1191.00	947.92
1192.00	985.37
1193.00	950.26
1194.00	964.30
1195.00	985.37
1196.00	964.30
1197.00	976.00
1198.00	908.13
1199.00	917.49
1200.00	985.37
1201.00	1078.99
1202.00	1172.61
1203.00	1163.25
1204.00	1228.78
1205.00	1135.16
1206.00	1046.22
1207.00	1055.58
1208.00	1029.84
1209.00	1025.15
1210.00	1039.20
1211.00	1057.92
1212.00	1095.37
1213.00	1053.24
1214.00	1100.05
1215.00	1156.22
1216.00	1261.55
1217.00	1387.94
1218.00	1563.48
1219.00	1811.57
1220.00	3286.11
1221.00	17514.23
1222.00	49801.92
1223.00	63487.03
1224.00	62993.18
1225.00	54705.34
1226.00	41406.42
1227.00	30740.60
1228.00	24781.59
1229.00	18026.81
1230.00	8746.58
1231.00	3648.90
1232.00	2073.71
1233.00	1619.65
1234.00	1455.81
1235.00	1282.61
1236.00	1266.23
1237.00	1242.82
1238.00	1142.18
1239.00	1479.22
1240.00	3215.90
1241.00	5521.32
1242.00	6686.91
1243.00	5523.66
1244.00	4301.90
1245.00	3300.16
1246.00	2724.38
1247.00	2377.98
1248.00	1727.32
1249.00	1259.21
1250.00	1053.24
1251.00	950.26
1252.00	936.21
1253.00	968.98
1254.00	999.41
1255.00	1050.90
1256.00	1086.01
1257.00	964.30
1258.00	1090.69
1259.00	997.07
1260.00	961.96
1261.00	973.66
1262.00	999.41
1263.00	1008.77
1264.00	950.26
1265.00	868.34
1266.00	901.11
1267.00	877.70
1268.00	931.53
1269.00	896.43
1270.00	805.14
1271.00	905.79
1272.00	896.43
1273.00	952.60
1274.00	999.41
1275.00	954.94
1276.00	933.87
1277.00	919.83
1278.00	1046.22
1279.00	2328.83
1280.00	5984.75
1281.00	10321.76
1282.00	11372.66
1283.00	8606.15
1284.00	6509.03
1285.00	4858.95
1286.00	4091.26
1287.00	3323.56
1288.00	2179.04
1289.00	1362.19
1290.00	1041.54
1291.00	976.00
1292.00	896.43
1293.00	959.62
1294.00	954.94
1295.00	966.64
1296.00	894.08
1297.00	882.38
1298.00	940.90
1299.00	1593.90
1300.00	2548.84
1301.00	3229.94
1302.00	2843.75
1303.00	2450.54
1304.00	1907.54
1305.00	1739.02
1306.00	1523.69
1307.00	1338.79
1308.00	1179.63
1309.00	983.02
1310.00	997.07
1311.00	891.74
1312.00	912.81
1313.00	917.49
1314.00	866.00
1315.00	903.45
1316.00	788.76
1317.00	835.57
1318.00	903.45
1319.00	870.68
1320.00	889.40
1321.00	816.85
1322.00	917.49
1323.00	868.34
1324.00	880.04
1325.00	840.25
1326.00	894.08
1327.00	863.66
1328.00	840.25
1329.00	891.74
1330.00	880.04
1331.00	866.00
1332.00	908.13
1333.00	1032.18
1334.00	1666.46
1335.00	2869.50
1336.00	3489.74
1337.00	3047.38
1338.00	2406.07
1339.00	1963.71
1340.00	1717.95
1341.00	1544.75
1342.00	1235.80
1343.00	992.39
1344.00	919.83
1345.00	849.61
1346.00	931.53
1347.00	908.13
1348.00	828.55
1349.00	905.79
1350.00	819.19
1351.00	926.85
1352.00	873.02
1353.00	854.30
1354.00	830.89
1355.00	856.64
1356.00	849.61
1357.00	858.98
1358.00	891.74
1359.00	922.17
1360.00	994.73
1361.00	1027.50
1362.00	2242.23
1363.00	5652.39
1364.00	8926.80
1365.00	9563.43
1366.00	7353.96
1367.00	5261.52
1368.00	4112.32
1369.00	3597.40
1370.00	2810.98
1371.00	1806.89
1372.00	1299.00
1373.00	1121.12
1374.00	1104.73
1375.00	1121.12
1376.00	2843.75
1377.00	8549.98
1378.00	14897.51
1379.00	17200.60
1380.00	13095.30
1381.00	9530.66
1382.00	7005.22
1383.00	5713.25
1384.00	4470.42
1385.00	2773.53
1386.00	1540.07
1387.00	1174.95
1388.00	1069.62
1389.00	985.37
1390.00	1050.90
1391.00	959.62
1392.00	952.60
1393.00	912.81
1394.00	971.32
1395.00	912.81
1396.00	954.94
1397.00	968.98
1398.00	1088.35
1399.00	1252.19
1400.00	1383.26
1401.00	1303.68
1402.00	1273.25
1403.00	1090.69
1404.00	1252.19
1405.00	1224.10
1406.00	2057.33
1407.00	8135.70
1408.00	19339.85
1409.00	28020.89
1410.00	24552.22
1411.00	17685.09
1412.00	12400.16
1413.00	9504.92
1414.00	7698.02
1415.00	5160.88
1416.00	2649.49
1417.00	1533.05
1418.00	1256.87
1419.00	1235.80
1420.00	1853.70
1421.00	4308.93
1422.00	6899.90
1423.00	7426.52
1424.00	5764.74
1425.00	4339.35
1426.00	3262.71
1427.00	2768.85
1428.00	2258.62
1429.00	1549.43
1430.00	1177.29
1431.00	905.79
1432.00	971.32
1433.00	1008.77
1434.00	938.55
1435.00	971.32
1436.00	966.64
1437.00	957.28
1438.00	901.11
1439.00	950.26
1440.00	858.98
1441.00	840.25
1442.00	896.43
1443.00	950.26
1444.00	887.06
1445.00	866.00
1446.00	856.64
1447.00	870.68
1448.00	849.61
1449.00	884.72
1450.00	873.02
1451.00	826.21
1452.00	903.45
1453.00	884.72
1454.00	908.13
1455.00	1191.33
1456.00	2518.42
1457.00	4014.02
1458.00	5062.58
1459.00	3974.23
1460.00	3002.91
1461.00	2387.35
1462.00	1987.11
1463.00	1776.47
1464.00	1453.47
1465.00	1057.92
1466.00	990.05
1467.00	807.48
1468.00	884.72
1469.00	814.51
1470.00	952.60
1471.00	870.68
1472.00	795.78
1473.00	781.74
1474.00	830.89
1475.00	823.87
1476.00	908.13
1477.00	896.43
1478.00	887.06
1479.00	880.04
1480.00	858.98
1481.00	891.74
1482.00	870.68
1483.00	929.19
1484.00	912.81
1485.00	959.62
1486.00	943.24
1487.00	1294.32
1488.00	3634.85
1489.00	8940.85
1490.00	14347.48
1491.00	14073.64
1492.00	10256.23
1493.00	7557.59
1494.00	5617.29
1495.00	4606.17
1496.00	3311.86
1497.00	1923.92
1498.00	1294.32
1499.00	1057.92
1500.00	945.58
1501.00	819.19
1502.00	884.72
1503.00	898.77
1504.00	880.04
1505.00	849.61
1506.00	847.27
1507.00	898.77
1508.00	887.06
1509.00	854.30
1510.00	842.59
1511.00	940.90
1512.00	931.53
1513.00	1179.63
1514.00	2087.76
1515.00	3471.01
1516.00	4353.40
1517.00	3590.38
1518.00	2841.41
1519.00	2160.31
1520.00	1905.20
1521.00	1549.43
1522.00	1284.95
1523.00	1100.05
1524.00	919.83
1525.00	861.32
1526.00	905.79
1527.00	875.36
1528.00	891.74
1529.00	973.66
1530.00	908.13
1531.00	1013.45
1532.00	1039.20
1533.00	2031.58
1534.00	5156.20
1535.00	9001.70
1536.00	10464.54
1537.00	8114.64
1538.00	5816.23
1539.00	4442.34
1540.00	3707.41
1541.00	2803.96
1542.00	1900.52
1543.00	1259.21
1544.00	968.98
1545.00	880.04
1546.00	929.19
1547.00	884.72
1548.00	887.06
1549.00	847.27
1550.00	936.21
1551.00	854.30
1552.00	837.91
1553.00	866.00
1554.00	830.89
1555.00	887.06
1556.00	891.74
1557.00	863.66
1558.00	950.26
1559.00	788.76
1560.00	961.96
1561.00	889.40
1562.00	964.30
1563.00	1013.45
1564.00	1095.37
1565.00	1268.57
1566.00	4236.37
1567.00	11248.61
1568.00	18050.21
1569.00	18209.37
1570.00	13329.35
1571.00	9479.17
1572.00	6960.75
1573.00	5795.17
1574.00	4189.56
1575.00	2415.43
1576.00	1614.97
1577.00	1416.02
1578.00	1668.80
1579.00	6202.42
1580.00	17502.53
1581.00	28570.92
1582.00	29142.01
1583.00	21053.12
1584.00	15023.90
1585.00	10670.50
1586.00	8865.95
1587.00	6033.90
1588.00	3208.87
1589.00	1842.00
1590.00	1174.95
1591.00	1151.54
1592.00	1008.77
1593.00	959.62
1594.00	873.02
1595.00	880.04
1596.00	912.81
1597.00	938.55
1598.00	964.30
1599.00	912.81
1600.00	901.11
1601.00	880.04
1602.00	821.53
1603.00	875.36
1604.00	844.93
1605.00	898.77
1606.00	919.83
1607.00	884.72
1608.00	849.61
1609.00	891.74
1610.00	903.45
1611.00	807.48
1612.00	819.19
1613.00	840.25
1614.00	903.45
1615.00	826.21
1616.00	868.34
1617.00	819.19
1618.00	844.93
1619.00	826.21
1620.00	786.42
1621.00	844.93
1622.00	835.57
1623.00	805.14
1624.00	774.72
1625.00	784.08
1626.00	772.38
1627.00	856.64
1628.00	833.23
1629.00	844.93
1630.00	816.85
1631.00	819.19
1632.00	809.83
1633.00	828.55
1634.00	877.70
1635.00	807.48
1636.00	880.04
1637.00	758.33
1638.00	725.57
1639.00	814.51
1640.00	856.64
1641.00	826.21
1642.00	823.87
1643.00	856.64
1644.00	882.38
1645.00	844.93
1646.00	819.19
1647.00	912.81
1648.00	835.57
1649.00	1076.65
1650.00	2600.34
1651.00	7545.89
1652.00	13219.35
1653.00	16088.84
1654.00	12367.39
1655.00	9013.40
1656.00	6579.25
1657.00	5273.23
1658.00	3899.33
1659.00	2370.96
1660.00	1469.86
1661.00	1151.54
1662.00	1020.47
1663.00	894.08
1664.00	887.06
1665.00	917.49
1666.00	959.62
1667.00	931.53
1668.00	1249.85
1669.00	2722.04
1670.00	4449.36
1671.00	5806.87
1672.00	5172.58
1673.00	3845.50
1674.00	2883.54
1675.00	2464.58
1676.00	1984.77
1677.00	1418.36
1678.00	1039.20
1679.00	987.71
1680.00	903.45
1681.00	889.40
1682.00	837.91
1683.00	805.14
1684.00	833.23
1685.00	835.57
1686.00	814.51
1687.00	814.51
1688.00	812.17
1689.00	788.76
1690.00	788.76
1691.00	760.67
1692.00	861.32
1693.00	837.91
1694.00	793.44
1695.00	744.29
1696.00	812.17
1697.00	765.36
1698.00	835.57
1699.00	767.70
1700.00	814.51
1701.00	833.23
1702.00	854.30
1703.00	814.51
1704.00	861.32
1705.00	877.70
1706.00	772.38
1707.00	788.76
1708.00	819.19
1709.00	861.32
1710.00	772.38
1711.00	795.78
1712.00	863.66
1713.00	863.66
1714.00	1519.01
1715.00	3473.36
1716.00	6225.82
1717.00	7957.82
1718.00	6817.98
1719.00	5376.21
1720.00	4063.17
1721.00	3103.55
1722.00	2284.36
1723.00	1626.67
1724.00	1158.57
1725.00	980.68
1726.00	933.87
1727.00	830.89
1728.00	912.81
1729.00	816.85
1730.00	868.34
1731.00	894.08
1732.00	837.91
1733.00	779.40
1734.00	758.33
1735.00	798.12
1736.00	830.89
1737.00	826.21
1738.00	821.53
1739.00	758.33
1740.00	772.38
1741.00	837.91
1742.00	741.95
1743.00	758.33
1744.00	800.46
1745.00	830.89
1746.00	777.06
1747.00	844.93
1748.00	763.01
1749.00	770.04
1750.00	774.72
1751.00	826.21
1752.00	833.23
1753.00	779.40
1754.00	807.48
1755.00	880.04
1756.00	851.96
1757.00	896.43
1758.00	858.98
1759.00	812.17
1760.00	835.57
1761.00	730.25
1762.00	779.40
1763.00	793.44
1764.00	851.96
1765.00	798.12
1766.00	894.08
1767.00	868.34
1768.00	870.68
1769.00	1020.47
1770.00	2174.36
1771.00	5827.93
1772.00	10717.31
1773.00	13654.69
1774.00	11705.02
1775.00	8727.86
1776.00	6354.55
1777.00	4676.39
1778.00	3035.67
1779.00	1912.22
1780.00	1362.19
1781.00	1095.37
1782.00	959.62
1783.00	964.30
1784.00	851.96
1785.00	844.93
1786.00	870.68
1787.00	814.51
1788.00	816.85
1789.00	800.46
1790.00	812.17
1791.00	795.78
1792.00	765.36
1793.00	786.42
1794.00	847.27
1795.00	842.59
1796.00	880.04
1797.00	1041.54
1798.00	2394.37
1799.00	5069.60
1800.00	7934.42
1801.00	8767.65
1802.00	6909.26
1803.00	5331.74
1804.00	3889.97
1805.00	2572.25
1806.00	1769.44
1807.00	1247.51
1808.00	1046.22
1809.00	908.13
1810.00	837.91
1811.00	882.38
1812.00	882.38
1813.00	870.68
1814.00	791.10
1815.00	793.44
1816.00	784.08
1817.00	781.74
1818.00	809.83
1819.00	828.55
1820.00	784.08
1821.00	746.63
1822.00	814.51
1823.00	830.89
1824.00	777.06
1825.00	873.02
1826.00	898.77
1827.00	863.66
1828.00	854.30
1829.00	812.17
1830.00	821.53
1831.00	798.12
1832.00	786.42
1833.00	826.21
1834.00	786.42
1835.00	777.06
1836.00	791.10
1837.00	781.74
1838.00	732.59
1839.00	788.76
1840.00	713.86
1841.00	772.38
1842.00	784.08
1843.00	798.12
1844.00	727.91
1845.00	770.04
1846.00	772.38
1847.00	772.38
1848.00	746.63
1849.00	807.48
1850.00	767.70
1851.00	842.59
1852.00	744.29
1853.00	671.73
1854.00	765.36
1855.00	734.93
1856.00	751.31
1857.00	713.86
1858.00	847.27
1859.00	793.44
1860.00	786.42
1861.00	725.57
1862.00	772.38
1863.00	744.29
1864.00	746.63
1865.00	812.17
1866.00	734.93
1867.00	718.54
1868.00	765.36
1869.00	837.91
1870.00	795.78
1871.00	732.59
1872.00	720.88
1873.00	851.96
1874.00	758.33
1875.00	734.93
1876.00	770.04
1877.00	720.88
1878.00	697.48
1879.00	793.44
1880.00	791.10
1881.00	718.54
1882.00	770.04
1883.00	802.80
1884.00	751.31
1885.00	791.10
1886.00	767.70
1887.00	711.52
1888.00	734.93
1889.00	802.80
1890.00	795.78
1891.00	753.65
1892.00	781.74
1893.00	802.80
1894.00	772.38
1895.00	758.33
1896.00	734.93
1897.00	699.82
1898.00	753.65
1899.00	760.67
1900.00	800.46
1901.00	800.46
1902.00	725.57
1903.00	748.97
1904.00	774.72
1905.00	737.27
1906.00	713.86
1907.00	781.74
1908.00	795.78
1909.00	739.61
1910.00	809.83
1911.00	912.81
1912.00	844.93
1913.00	875.36
1914.00	826.21
1915.00	746.63
1916.00	786.42
1917.00	767.70
1918.00	786.42
1919.00	781.74
1920.00	805.14
1921.00	781.74
1922.00	744.29
1923.00	833.23
1924.00	753.65
1925.00	758.33
1926.00	767.70
1927.00	765.36
1928.00	786.42
1929.00	802.80
1930.00	755.99
1931.00	767.70
1932.00	854.30
1933.00	795.78
1934.00	861.32
1935.00	753.65
1936.00	774.72
1937.00	903.45
1938.00	800.46
1939.00	816.85
1940.00	816.85
1941.00	802.80
1942.00	812.17
1943.00	856.64
1944.00	786.42
1945.00	737.27
1946.00	826.21
1947.00	812.17
1948.00	767.70
1949.00	807.48
1950.00	807.48
1951.00	798.12
1952.00	990.05
1953.00	2218.83
1954.00	4636.60
1955.00	6995.86
1956.00	7452.27
1957.00	5336.42
1958.00	3611.45
1959.00	2267.98
1960.00	1626.67
1961.00	1263.89
1962.00	1149.20
1963.00	1048.56
1964.00	847.27
1965.00	880.04
1966.00	875.36
1967.00	706.84
1968.00	734.93
1969.00	748.97
1970.00	777.06
1971.00	828.55
1972.00	760.67
1973.00	758.33
1974.00	748.97
1975.00	746.63
1976.00	751.31
1977.00	753.65
1978.00	746.63
1979.00	861.32
1980.00	861.32
1981.00	997.07
1982.00	1060.26
1983.00	1228.78
1984.00	980.68
1985.00	994.73
1986.00	851.96
1987.00	814.51
1988.00	842.59
1989.00	753.65
1990.00	786.42
1991.00	791.10
1992.00	746.63
1993.00	709.18
1994.00	755.99
1995.00	833.23
1996.00	767.70
1997.00	732.59
1998.00	746.63
1999.00	795.78
2000.00	802.80
2001.00	791.10
2002.00	765.36
2003.00	814.51
2004.00	657.69
2005.00	758.33
2006.00	788.76
2007.00	786.42
2008.00	760.67
2009.00	786.42
2010.00	751.31
2011.00	770.04
2012.00	765.36
2013.00	798.12
2014.00	767.70
2015.00	725.57
2016.00	765.36
2017.00	833.23
2018.00	779.40
2019.00	793.44
2020.00	737.27
2021.00	833.23
2022.00	786.42
2023.00	854.30
2024.00	807.48
2025.00	990.05
2026.00	1167.93
2027.00	1198.35
2028.00	1153.88
2029.00	1210.06
2030.00	2228.19
2031.00	6209.44
2032.00	11363.30
2033.00	14794.53
2034.00	13174.88
2035.00	8945.53
2036.00	6059.65
2037.00	3772.94
2038.00	2516.08
2039.00	1666.46
2040.00	1200.69
2041.00	983.02
2042.00	978.34
2043.00	912.81
2044.00	863.66
2045.00	793.44
2046.00	849.61
2047.00	779.40
