0.00	671.73
1.00	671.73
2.00	671.73
3.00	580.45
4.00	615.56
5.00	653.01
6.00	580.45
7.00	535.98
8.00	561.73
9.00	606.20
10.00	503.22
11.00	571.09
12.00	585.13
13.00	603.86
14.00	631.94
15.00	575.77
16.00	552.37
17.00	648.33
18.00	610.88
19.00	559.39
20.00	617.90
21.00	620.24
22.00	660.03
23.00	608.54
24.00	653.01
25.00	627.26
26.00	627.26
27.00	688.12
28.00	648.33
29.00	734.93
30.00	727.91
31.00	678.76
32.00	704.50
33.00	777.06
34.00	720.88
35.00	718.54
36.00	699.82
37.00	718.54
38.00	779.40
39.00	704.50
40.00	681.10
41.00	802.80
42.00	713.86
43.00	774.72
44.00	781.74
45.00	753.65
46.00	751.31
47.00	793.44
48.00	741.95
49.00	765.36
50.00	774.72
51.00	772.38
52.00	699.82
53.00	753.65
54.00	706.84
55.00	760.67
56.00	791.10
57.00	753.65
58.00	741.95
59.00	753.65
60.00	725.57
61.00	718.54
62.00	718.54
63.00	678.76
64.00	774.72
65.00	737.27
66.00	688.12
67.00	744.29
68.00	690.46
69.00	688.12
70.00	695.14
71.00	681.10
72.00	732.59
73.00	617.90
74.00	676.41
75.00	732.59
76.00	706.84
77.00	763.01
78.00	685.78
79.00	727.91
80.00	681.10
81.00	716.20
82.00	741.95
83.00	620.24
84.00	688.12
85.00	784.08
86.00	685.78
87.00	732.59
88.00	758.33
89.00	765.36
90.00	732.59
91.00	683.44
92.00	784.08
93.00	758.33
94.00	692.80
95.00	751.31
96.00	636.63
97.00	727.91
98.00	784.08
99.00	781.74
100.00	777.06
101.00	748.97
102.00	746.63
103.00	706.84
104.00	779.40
105.00	763.01
106.00	781.74
107.00	748.97
108.00	784.08
109.00	706.84
110.00	774.72
111.00	734.93
112.00	699.82
113.00	706.84
114.00	734.93
115.00	732.59
116.00	744.29
117.00	781.74
118.00	678.76
119.00	779.40
120.00	727.91
121.00	772.38
122.00	748.97
123.00	751.31
124.00	786.42
125.00	697.48
126.00	734.93
127.00	676.41
128.00	631.94
129.00	697.48
130.00	695.14
131.00	755.99
132.00	697.48
133.00	643.65
134.00	777.06
135.00	763.01
136.00	807.48
137.00	706.84
138.00	662.37
139.00	737.27
140.00	770.04
141.00	676.41
142.00	730.25
143.00	671.73
144.00	723.23
145.00	737.27
146.00	744.29
147.00	751.31
148.00	704.50
149.00	713.86
150.00	737.27
151.00	798.12
152.00	704.50
153.00	734.93
154.00	795.78
155.00	781.74
156.00	723.23
157.00	732.59
158.00	697.48
159.00	798.12
160.00	720.88
161.00	741.95
162.00	760.67
163.00	741.95
164.00	767.70
165.00	784.08
166.00	763.01
167.00	748.97
168.00	683.44
169.00	734.93
170.00	739.61
171.00	692.80
172.00	795.78
173.00	720.88
174.00	720.88
175.00	741.95
176.00	744.29
177.00	716.20
178.00	746.63
179.00	678.76
180.00	730.25
181.00	781.74
182.00	737.27
183.00	725.57
184.00	774.72
185.00	730.25
186.00	718.54
187.00	777.06
188.00	697.48
189.00	730.25
190.00	746.63
191.00	779.40
192.00	716.20
193.00	704.50
194.00	706.84
195.00	779.40
196.00	784.08
197.00	779.40
198.00	772.38
199.00	812.17
200.00	800.46
201.00	723.23
202.00	777.06
203.00	760.67
204.00	744.29
205.00	809.83
206.00	718.54
207.00	725.57
208.00	662.37
209.00	732.59
210.00	706.84
211.00	695.14
212.00	730.25
213.00	748.97
214.00	718.54
215.00	765.36
216.00	718.54
217.00	755.99
218.00	718.54
219.00	772.38
220.00	720.88
221.00	774.72
222.00	814.51
223.00	739.61
224.00	741.95
225.00	741.95
226.00	704.50
227.00	723.23
228.00	786.42
229.00	718.54
230.00	704.50
231.00	706.84
232.00	753.65
233.00	671.73
234.00	755.99
235.00	692.80
236.00	720.88
237.00	720.88
238.00	741.95
239.00	725.57
240.00	725.57
241.00	713.86
242.00	772.38
243.00	720.88
244.00	772.38
245.00	793.44
246.00	706.84
247.00	725.57
248.00	755.99
249.00	767.70
250.00	732.59
251.00	713.86
252.00	763.01
253.00	774.72
254.00	786.42
255.00	755.99
256.00	816.85
257.00	746.63
258.00	758.33
259.00	770.04
260.00	741.95
261.00	695.14
262.00	718.54
263.00	760.67
264.00	697.48
265.00	657.69
266.00	739.61
267.00	781.74
268.00	781.74
269.00	683.44
270.00	758.33
271.00	744.29
272.00	758.33
273.00	840.25
274.00	765.36
275.00	772.38
276.00	770.04
277.00	732.59
278.00	760.67
279.00	784.08
280.00	716.20
281.00	802.80
282.00	777.06
283.00	758.33
284.00	685.78
285.00	779.40
286.00	737.27
287.00	737.27
288.00	748.97
289.00	683.44
290.00	697.48
291.00	788.76
292.00	744.29
293.00	772.38
294.00	786.42
295.00	725.57
296.00	709.18
297.00	767.70
298.00	725.57
299.00	720.88
300.00	716.20
301.00	767.70
302.00	685.78
303.00	730.25
304.00	755.99
305.00	667.05
306.00	727.91
307.00	755.99
308.00	814.51
309.00	786.42
310.00	828.55
311.00	805.14
312.00	753.65
313.00	800.46
314.00	699.82
315.00	781.74
316.00	725.57
317.00	770.04
318.00	805.14
319.00	727.91
320.00	669.39
321.00	760.67
322.00	746.63
323.00	723.23
324.00	788.76
325.00	730.25
326.00	706.84
327.00	697.48
328.00	711.52
329.00	723.23
330.00	777.06
331.00	702.16
332.00	781.74
333.00	739.61
334.00	737.27
335.00	753.65
336.00	744.29
337.00	720.88
338.00	713.86
339.00	732.59
340.00	627.26
341.00	779.40
342.00	758.33
343.00	709.18
344.00	704.50
345.00	774.72
346.00	795.78
347.00	781.74
348.00	816.85
349.00	870.68
350.00	809.83
351.00	812.17
352.00	847.27
353.00	760.67
354.00	760.67
355.00	739.61
356.00	690.46
357.00	772.38
358.00	793.44
359.00	734.93
360.00	784.08
361.00	734.93
362.00	760.67
363.00	716.20
364.00	779.40
365.00	709.18
366.00	720.88
367.00	716.20
368.00	732.59
369.00	706.84
370.00	781.74
371.00	704.50
372.00	737.27
373.00	737.27
374.00	704.50
375.00	699.82
376.00	748.97
377.00	793.44
378.00	746.63
379.00	678.76
380.00	746.63
381.00	795.78
382.00	723.23
383.00	751.31
384.00	784.08
385.00	800.46
386.00	784.08
387.00	720.88
388.00	795.78
389.00	814.51
390.00	681.10
391.00	734.93
392.00	739.61
393.00	791.10
394.00	723.23
395.00	711.52
396.00	758.33
397.00	791.10
398.00	697.48
399.00	760.67
400.00	699.82
401.00	763.01
402.00	718.54
403.00	772.38
404.00	748.97
405.00	770.04
406.00	741.95
407.00	711.52
408.00	791.10
409.00	746.63
410.00	699.82
411.00	676.41
412.00	744.29
413.00	793.44
414.00	734.93
415.00	767.70
416.00	739.61
417.00	716.20
418.00	727.91
419.00	683.44
420.00	699.82
421.00	709.18
422.00	716.20
423.00	711.52
424.00	765.36
425.00	744.29
426.00	732.59
427.00	741.95
428.00	760.67
429.00	669.39
430.00	748.97
431.00	730.25
432.00	692.80
433.00	704.50
434.00	737.27
435.00	744.29
436.00	720.88
437.00	695.14
438.00	685.78
439.00	699.82
440.00	786.42
441.00	753.65
442.00	718.54
443.00	730.25
444.00	833.23
445.00	725.57
446.00	758.33
447.00	741.95
448.00	723.23
449.00	777.06
450.00	725.57
451.00	777.06
452.00	753.65
453.00	723.23
454.00	786.42
455.00	753.65
456.00	765.36
457.00	793.44
458.00	795.78
459.00	709.18
460.00	772.38
461.00	739.61
462.00	727.91
463.00	746.63
464.00	725.57
465.00	723.23
466.00	793.44
467.00	765.36
468.00	636.63
469.00	681.10
470.00	704.50
471.00	741.95
472.00	744.29
473.00	763.01
474.00	760.67
475.00	744.29
476.00	774.72
477.00	777.06
478.00	812.17
479.00	739.61
480.00	788.76
481.00	763.01
482.00	713.86
483.00	662.37
484.00	730.25
485.00	725.57
486.00	685.78
487.00	746.63
488.00	734.93
489.00	737.27
490.00	770.04
491.00	786.42
492.00	751.31
493.00	842.59
494.00	786.42
495.00	823.87
496.00	678.76
497.00	674.07
498.00	793.44
499.00	737.27
500.00	688.12
501.00	798.12
502.00	699.82
503.00	732.59
504.00	730.25
505.00	777.06
506.00	748.97
507.00	985.37
508.00	816.85
509.00	751.31
510.00	791.10
511.00	748.97
512.00	692.80
513.00	777.06
514.00	730.25
515.00	692.80
516.00	720.88
517.00	681.10
518.00	784.08
519.00	755.99
520.00	711.52
521.00	835.57
522.00	784.08
523.00	688.12
524.00	720.88
525.00	758.33
526.00	781.74
527.00	692.80
528.00	706.84
529.00	767.70
530.00	718.54
531.00	662.37
532.00	730.25
533.00	751.31
534.00	662.37
535.00	765.36
536.00	730.25
537.00	755.99
538.00	725.57
539.00	638.97
540.00	753.65
541.00	737.27
542.00	772.38
543.00	739.61
544.00	688.12
545.00	758.33
546.00	751.31
547.00	812.17
548.00	702.16
549.00	779.40
550.00	734.93
551.00	737.27
552.00	678.76
553.00	711.52
554.00	723.23
555.00	770.04
556.00	678.76
557.00	744.29
558.00	760.67
559.00	704.50
560.00	760.67
561.00	711.52
562.00	711.52
563.00	713.86
564.00	732.59
565.00	716.20
566.00	683.44
567.00	800.46
568.00	741.95
569.00	751.31
570.00	777.06
571.00	784.08
572.00	784.08
573.00	744.29
574.00	706.84
575.00	802.80
576.00	765.36
577.00	802.80
578.00	730.25
579.00	821.53
580.00	692.80
581.00	767.70
582.00	725.57
583.00	734.93
584.00	770.04
585.00	781.74
586.00	809.83
587.00	760.67
588.00	770.04
589.00	795.78
590.00	784.08
591.00	741.95
592.00	751.31
593.00	734.93
594.00	732.59
595.00	718.54
596.00	767.70
597.00	802.80
598.00	732.59
599.00	751.31
600.00	730.25
601.00	725.57
602.00	779.40
603.00	711.52
604.00	751.31
605.00	711.52
606.00	755.99
607.00	744.29
608.00	758.33
609.00	760.67
610.00	800.46
611.00	723.23
612.00	718.54
613.00	755.99
614.00	748.97
615.00	800.46
616.00	755.99
617.00	770.04
618.00	744.29
619.00	802.80
620.00	861.32
621.00	725.57
622.00	751.31
623.00	748.97
624.00	772.38
625.00	713.86
626.00	723.23
627.00	697.48
628.00	716.20
629.00	791.10
630.00	767.70
631.00	748.97
632.00	730.25
633.00	744.29
634.00	725.57
635.00	720.88
636.00	770.04
637.00	770.04
638.00	725.57
639.00	751.31
640.00	739.61
641.00	725.57
642.00	704.50
643.00	800.46
644.00	699.82
645.00	755.99
646.00	760.67
647.00	718.54
648.00	711.52
649.00	755.99
650.00	763.01
651.00	744.29
652.00	758.33
653.00	753.65
654.00	755.99
655.00	777.06
656.00	748.97
657.00	779.40
658.00	770.04
659.00	704.50
660.00	763.01
661.00	683.44
662.00	767.70
663.00	753.65
664.00	833.23
665.00	711.52
666.00	732.59
667.00	748.97
668.00	641.31
669.00	788.76
670.00	755.99
671.00	765.36
672.00	835.57
673.00	739.61
674.00	704.50
675.00	744.29
676.00	720.88
677.00	791.10
678.00	702.16
679.00	753.65
680.00	795.78
681.00	774.72
682.00	753.65
683.00	795.78
684.00	767.70
685.00	767.70
686.00	795.78
687.00	739.61
688.00	791.10
689.00	779.40
690.00	732.59
691.00	713.86
692.00	779.40
693.00	767.70
694.00	720.88
695.00	720.88
696.00	767.70
697.00	809.83
698.00	667.05
699.00	755.99
700.00	709.18
701.00	741.95
702.00	758.33
703.00	765.36
704.00	753.65
705.00	706.84
706.00	751.31
707.00	800.46
708.00	753.65
709.00	709.18
710.00	798.12
711.00	697.48
712.00	709.18
713.00	763.01
714.00	730.25
715.00	688.12
716.00	828.55
717.00	779.40
718.00	751.31
719.00	718.54
720.00	671.73
721.00	699.82
722.00	674.07
723.00	816.85
724.00	767.70
725.00	774.72
726.00	809.83
727.00	753.65
728.00	702.16
729.00	765.36
730.00	723.23
731.00	739.61
732.00	753.65
733.00	706.84
734.00	741.95
735.00	748.97
736.00	779.40
737.00	861.32
738.00	767.70
739.00	835.57
740.00	744.29
741.00	720.88
742.00	734.93
743.00	755.99
744.00	755.99
745.00	739.61
746.00	706.84
747.00	774.72
748.00	774.72
749.00	695.14
750.00	730.25
751.00	774.72
752.00	784.08
753.00	802.80
754.00	788.76
755.00	732.59
756.00	732.59
757.00	837.91
758.00	741.95
759.00	734.93
760.00	748.97
761.00	767.70
762.00	791.10
763.00	730.25
764.00	739.61
765.00	812.17
766.00	685.78
767.00	702.16
768.00	732.59
769.00	737.27
770.00	826.21
771.00	730.25
772.00	727.91
773.00	755.99
774.00	706.84
775.00	727.91
776.00	683.44
777.00	704.50
778.00	786.42
779.00	737.27
780.00	807.48
781.00	704.50
782.00	889.40
783.00	770.04
784.00	795.78
785.00	709.18
786.00	727.91
787.00	727.91
788.00	746.63
789.00	807.48
790.00	723.23
791.00	713.86
792.00	819.19
793.00	681.10
794.00	688.12
795.00	741.95
796.00	723.23
797.00	765.36
798.00	788.76
799.00	765.36
800.00	755.99
801.00	774.72
802.00	774.72
803.00	669.39
804.00	763.01
805.00	739.61
806.00	800.46
807.00	767.70
808.00	805.14
809.00	763.01
810.00	716.20
811.00	786.42
812.00	793.44
813.00	779.40
814.00	741.95
815.00	727.91
816.00	791.10
817.00	751.31
818.00	716.20
819.00	767.70
820.00	727.91
821.00	690.46
822.00	751.31
823.00	835.57
824.00	734.93
825.00	737.27
826.00	772.38
827.00	702.16
828.00	702.16
829.00	851.96
830.00	755.99
831.00	770.04
832.00	734.93
833.00	772.38
834.00	788.76
835.00	699.82
836.00	739.61
837.00	793.44
838.00	784.08
839.00	748.97
840.00	713.86
841.00	807.48
842.00	800.46
843.00	809.83
844.00	802.80
845.00	713.86
846.00	709.18
847.00	716.20
848.00	767.70
849.00	744.29
850.00	667.05
851.00	730.25
852.00	746.63
853.00	631.94
854.00	821.53
855.00	748.97
856.00	753.65
857.00	690.46
858.00	699.82
859.00	830.89
860.00	786.42
861.00	753.65
862.00	730.25
863.00	826.21
864.00	706.84
865.00	826.21
866.00	688.12
867.00	763.01
868.00	746.63
869.00	755.99
870.00	744.29
871.00	655.35
872.00	814.51
873.00	748.97
874.00	690.46
875.00	772.38
876.00	732.59
877.00	807.48
878.00	795.78
879.00	819.19
880.00	791.10
881.00	720.88
882.00	734.93
883.00	816.85
884.00	823.87
885.00	716.20
886.00	720.88
887.00	812.17
888.00	662.37
889.00	833.23
890.00	725.57
891.00	732.59
892.00	758.33
893.00	763.01
894.00	732.59
895.00	695.14
896.00	739.61
897.00	844.93
898.00	767.70
899.00	753.65
900.00	772.38
901.00	755.99
902.00	786.42
903.00	767.70
904.00	760.67
905.00	877.70
906.00	851.96
907.00	957.28
908.00	844.93
909.00	826.21
910.00	866.00
911.00	816.85
912.00	882.38
913.00	896.43
914.00	938.55
915.00	887.06
916.00	856.64
917.00	866.00
918.00	830.89
919.00	781.74
920.00	751.31
921.00	774.72
922.00	793.44
923.00	798.12
924.00	821.53
925.00	748.97
926.00	727.91
927.00	683.44
928.00	739.61
929.00	650.67
930.00	727.91
931.00	688.12
932.00	706.84
933.00	718.54
934.00	641.31
935.00	692.80
936.00	723.23
937.00	753.65
938.00	833.23
939.00	739.61
940.00	755.99
941.00	674.07
942.00	748.97
943.00	760.67
944.00	833.23
945.00	784.08
946.00	1125.80
947.00	1591.56
948.00	2038.61
949.00	1762.42
950.00	1523.69
951.00	1306.02
952.00	1186.65
953.00	1025.15
954.00	919.83
955.00	800.46
956.00	800.46
957.00	807.48
958.00	800.46
959.00	725.57
960.00	741.95
961.00	713.86
962.00	727.91
963.00	758.33
964.00	760.67
965.00	732.59
966.00	725.57
967.00	774.72
968.00	809.83
969.00	793.44
970.00	781.74
971.00	744.29
972.00	739.61
973.00	730.25
974.00	812.17
975.00	711.52
976.00	807.48
977.00	781.74
978.00	777.06
979.00	748.97
980.00	795.78
981.00	758.33
982.00	793.44
983.00	758.33
984.00	716.20
985.00	730.25
986.00	718.54
987.00	741.95
988.00	741.95
989.00	770.04
990.00	725.57
991.00	781.74
992.00	816.85
993.00	760.67
994.00	730.25
995.00	727.91
996.00	669.39
997.00	744.29
998.00	798.12
999.00	837.91
1000.00	720.88
1001.00	723.23
1002.00	699.82
1003.00	798.12
1004.00	732.59
1005.00	720.88
1006.00	727.91
1007.00	732.59
1008.00	748.97
1009.00	812.17
1010.00	844.93
1011.00	809.83
1012.00	685.78
1013.00	800.46
1014.00	695.14
1015.00	746.63
1016.00	763.01
1017.00	725.57
1018.00	763.01
1019.00	720.88
1020.00	748.97
1021.00	739.61
1022.00	739.61
1023.00	774.72
1024.00	755.99
1025.00	779.40
1026.00	784.08
1027.00	763.01
1028.00	786.42
1029.00	704.50
1030.00	695.14
1031.00	716.20
1032.00	741.95
1033.00	723.23
1034.00	802.80
1035.00	697.48
1036.00	763.01
1037.00	791.10
1038.00	704.50
1039.00	695.14
1040.00	770.04
1041.00	767.70
1042.00	744.29
1043.00	791.10
1044.00	730.25
1045.00	777.06
1046.00	833.23
1047.00	720.88
1048.00	765.36
1049.00	746.63
1050.00	723.23
1051.00	727.91
1052.00	744.29
1053.00	758.33
1054.00	772.38
1055.00	744.29
1056.00	744.29
1057.00	786.42
1058.00	730.25
1059.00	814.51
1060.00	758.33
1061.00	667.05
1062.00	816.85
1063.00	664.71
1064.00	788.76
1065.00	741.95
1066.00	737.27
1067.00	727.91
1068.00	770.04
1069.00	669.39
1070.00	727.91
1071.00	741.95
1072.00	725.57
1073.00	763.01
1074.00	812.17
1075.00	788.76
1076.00	767.70
1077.00	781.74
1078.00	751.31
1079.00	695.14
1080.00	784.08
1081.00	814.51
1082.00	739.61
1083.00	748.97
1084.00	744.29
1085.00	723.23
1086.00	723.23
1087.00	823.87
1088.00	744.29
1089.00	770.04
1090.00	814.51
1091.00	748.97
1092.00	697.48
1093.00	777.06
1094.00	767.70
1095.00	791.10
1096.00	800.46
1097.00	755.99
1098.00	821.53
1099.00	798.12
1100.00	781.74
1101.00	760.67
1102.00	805.14
1103.00	746.63
1104.00	779.40
1105.00	748.97
1106.00	699.82
1107.00	772.38
1108.00	788.76
1109.00	802.80
1110.00	730.25
1111.00	751.31
1112.00	669.39
1113.00	760.67
1114.00	800.46
1115.00	751.31
1116.00	779.40
1117.00	725.57
1118.00	819.19
1119.00	777.06
1120.00	777.06
1121.00	835.57
1122.00	807.48
1123.00	800.46
1124.00	767.70
1125.00	755.99
1126.00	737.27
1127.00	795.78
1128.00	751.31
1129.00	798.12
1130.00	777.06
1131.00	760.67
1132.00	748.97
1133.00	737.27
1134.00	809.83
1135.00	737.27
1136.00	777.06
1137.00	793.44
1138.00	784.08
1139.00	777.06
1140.00	732.59
1141.00	819.19
1142.00	709.18
1143.00	725.57
1144.00	835.57
1145.00	795.78
1146.00	709.18
1147.00	802.80
1148.00	770.04
1149.00	767.70
1150.00	753.65
1151.00	767.70
1152.00	784.08
1153.00	802.80
1154.00	779.40
1155.00	786.42
1156.00	774.72
1157.00	917.49
1158.00	943.24
1159.00	805.14
1160.00	833.23
1161.00	809.83
1162.00	814.51
1163.00	805.14
1164.00	821.53
1165.00	861.32
1166.00	795.78
1167.00	985.37
1168.00	1177.29
1169.00	1142.18
1170.00	1121.12
1171.00	954.94
1172.00	961.96
1173.00	997.07
1174.00	880.04
1175.00	786.42
1176.00	823.87
1177.00	849.61
1178.00	823.87
1179.00	849.61
1180.00	772.38
1181.00	840.25
1182.00	786.42
1183.00	828.55
1184.00	800.46
1185.00	826.21
1186.00	842.59
1187.00	798.12
1188.00	807.48
1189.00	856.64
1190.00	898.77
1191.00	903.45
1192.00	868.34
1193.00	880.04
1194.00	908.13
1195.00	858.98
1196.00	926.85
1197.00	861.32
1198.00	870.68
1199.00	898.77
1200.00	961.96
1201.00	947.92
1202.00	1100.05
1203.00	1153.88
1204.00	1179.63
1205.00	1135.16
1206.00	1062.60
1207.00	945.58
1208.00	1025.15
1209.00	1048.56
1210.00	1018.13
1211.00	931.53
1212.00	903.45
1213.00	1067.28
1214.00	1053.24
1215.00	1114.10
1216.00	1207.72
1217.00	1217.08
1218.00	1542.41
1219.00	1783.49
1220.00	3377.39
1221.00	18574.49
1222.00	50983.89
1223.00	64626.87
1224.00	63905.99
1225.00	55906.04
1226.00	42775.63
1227.00	31885.12
1228.00	26118.04
1229.00	18867.06
1230.00	9128.09
1231.00	3779.97
1232.00	1975.41
1233.00	1554.12
1234.00	1306.02
1235.00	1277.93
1236.00	1294.32
1237.00	1142.18
1238.00	1130.48
1239.00	1437.09
1240.00	3185.47
1241.00	5495.58
1242.00	6918.62
1243.00	5762.40
1244.00	4386.16
1245.00	3283.77
1246.00	2677.57
1247.00	2466.92
1248.00	1827.96
1249.00	1200.69
1250.00	945.58
1251.00	926.85
1252.00	980.68
1253.00	933.87
1254.00	959.62
1255.00	1111.75
1256.00	992.39
1257.00	964.30
1258.00	1001.75
1259.00	1041.54
1260.00	924.51
1261.00	947.92
1262.00	922.17
1263.00	896.43
1264.00	903.45
1265.00	882.38
1266.00	854.30
1267.00	847.27
1268.00	894.08
1269.00	784.08
1270.00	842.59
1271.00	851.96
1272.00	826.21
1273.00	826.21
1274.00	884.72
1275.00	837.91
1276.00	924.51
1277.00	866.00
1278.00	1039.20
1279.00	2275.00
1280.00	6230.51
1281.00	10824.98
1282.00	11810.34
1283.00	9041.49
1284.00	6715.00
1285.00	4947.89
1286.00	4161.47
1287.00	3286.11
1288.00	2097.12
1289.00	1322.40
1290.00	990.05
1291.00	889.40
1292.00	868.34
1293.00	931.53
1294.00	922.17
1295.00	912.81
1296.00	889.40
1297.00	849.61
1298.00	987.71
1299.00	1521.35
1300.00	2525.44
1301.00	3194.83
1302.00	3045.04
1303.00	2382.67
1304.00	1853.70
1305.00	1643.06
1306.00	1465.18
1307.00	1287.29
1308.00	1039.20
1309.00	1004.09
1310.00	861.32
1311.00	851.96
1312.00	755.99
1313.00	826.21
1314.00	889.40
1315.00	791.10
1316.00	858.98
1317.00	858.98
1318.00	854.30
1319.00	805.14
1320.00	779.40
1321.00	774.72
1322.00	767.70
1323.00	791.10
1324.00	753.65
1325.00	795.78
1326.00	807.48
1327.00	753.65
1328.00	786.42
1329.00	802.80
1330.00	748.97
1331.00	812.17
1332.00	919.83
1333.00	1039.20
1334.00	1710.93
1335.00	2757.15
1336.00	3510.80
1337.00	2974.82
1338.00	2551.18
1339.00	2050.31
1340.00	1671.14
1341.00	1497.94
1342.00	1256.87
1343.00	983.02
1344.00	889.40
1345.00	788.76
1346.00	812.17
1347.00	903.45
1348.00	784.08
1349.00	788.76
1350.00	842.59
1351.00	788.76
1352.00	858.98
1353.00	901.11
1354.00	807.48
1355.00	856.64
1356.00	880.04
1357.00	821.53
1358.00	849.61
1359.00	840.25
1360.00	894.08
1361.00	1048.56
1362.00	2312.45
1363.00	5647.71
1364.00	9259.16
1365.00	9977.70
1366.00	7508.44
1367.00	5544.73
1368.00	4301.90
1369.00	3681.66
1370.00	2775.88
1371.00	1839.66
1372.00	1252.19
1373.00	999.41
1374.00	1027.50
1375.00	1224.10
1376.00	2977.16
1377.00	8814.46
1378.00	15236.89
1379.00	17736.58
1380.00	13736.60
1381.00	9411.29
1382.00	7019.27
1383.00	5734.31
1384.00	4503.19
1385.00	2773.53
1386.00	1465.18
1387.00	1146.86
1388.00	1034.52
1389.00	908.13
1390.00	978.34
1391.00	891.74
1392.00	809.83
1393.00	828.55
1394.00	854.30
1395.00	760.67
1396.00	828.55
1397.00	919.83
1398.00	1074.31
1399.00	1214.74
1400.00	1224.10
1401.00	1198.35
1402.00	1132.82
1403.00	1100.05
1404.00	1144.52
1405.00	1214.74
1406.00	2045.63
1407.00	8299.54
1408.00	19859.45
1409.00	29343.30
1410.00	25926.11
1411.00	18469.17
1412.00	12552.29
1413.00	10015.15
1414.00	7878.24
1415.00	5226.42
1416.00	2672.89
1417.00	1561.14
1418.00	1142.18
1419.00	1177.29
1420.00	1902.86
1421.00	4257.43
1422.00	7007.56
1423.00	7616.10
1424.00	5926.24
1425.00	4210.62
1426.00	3339.94
1427.00	2796.94
1428.00	2230.53
1429.00	1516.67
1430.00	1069.62
1431.00	978.34
1432.00	985.37
1433.00	866.00
1434.00	835.57
1435.00	978.34
1436.00	880.04
1437.00	866.00
1438.00	812.17
1439.00	793.44
1440.00	755.99
1441.00	861.32
1442.00	849.61
1443.00	823.87
1444.00	746.63
1445.00	741.95
1446.00	823.87
1447.00	809.83
1448.00	849.61
1449.00	830.89
1450.00	828.55
1451.00	842.59
1452.00	779.40
1453.00	830.89
1454.00	882.38
1455.00	1231.12
1456.00	2560.55
1457.00	4072.53
1458.00	4952.57
1459.00	4037.42
1460.00	3138.66
1461.00	2392.03
1462.00	2017.54
1463.00	1748.38
1464.00	1301.34
1465.00	1064.94
1466.00	891.74
1467.00	875.36
1468.00	884.72
1469.00	821.53
1470.00	788.76
1471.00	840.25
1472.00	779.40
1473.00	786.42
1474.00	781.74
1475.00	830.89
1476.00	880.04
1477.00	763.01
1478.00	828.55
1479.00	854.30
1480.00	861.32
1481.00	758.33
1482.00	858.98
1483.00	837.91
1484.00	889.40
1485.00	891.74
1486.00	980.68
1487.00	1170.27
1488.00	3770.60
1489.00	9439.38
1490.00	14546.43
1491.00	14569.83
1492.00	10705.61
1493.00	7482.69
1494.00	5675.80
1495.00	4596.81
1496.00	3410.16
1497.00	1923.92
1498.00	1301.34
1499.00	976.00
1500.00	915.15
1501.00	917.49
1502.00	828.55
1503.00	798.12
1504.00	898.77
1505.00	866.00
1506.00	779.40
1507.00	833.23
1508.00	877.70
1509.00	861.32
1510.00	737.27
1511.00	814.51
1512.00	819.19
1513.00	1053.24
1514.00	1996.48
1515.00	3529.53
1516.00	4341.69
1517.00	3728.47
1518.00	2864.82
1519.00	2326.49
1520.00	1902.86
1521.00	1591.56
1522.00	1214.74
1523.00	978.34
1524.00	830.89
1525.00	798.12
1526.00	828.55
1527.00	868.34
1528.00	873.02
1529.00	819.19
1530.00	798.12
1531.00	901.11
1532.00	1022.81
1533.00	2038.61
1534.00	5313.02
1535.00	9102.34
1536.00	10970.09
1537.00	8383.80
1538.00	6005.81
1539.00	4533.62
1540.00	3634.85
1541.00	2848.43
1542.00	1816.26
1543.00	1186.65
1544.00	980.68
1545.00	856.64
1546.00	884.72
1547.00	842.59
1548.00	854.30
1549.00	877.70
1550.00	828.55
1551.00	760.67
1552.00	889.40
1553.00	828.55
1554.00	858.98
1555.00	819.19
1556.00	847.27
1557.00	844.93
1558.00	851.96
1559.00	880.04
1560.00	847.27
1561.00	861.32
1562.00	994.73
1563.00	1034.52
1564.00	950.26
1565.00	1301.34
1566.00	4519.57
1567.00	11382.03
1568.00	18724.29
1569.00	19379.64
1570.00	13542.34
1571.00	9799.82
1572.00	7335.24
1573.00	5891.13
1574.00	4081.89
1575.00	2434.16
1576.00	1584.54
1577.00	1355.17
1578.00	1736.68
1579.00	6485.62
1580.00	18090.00
1581.00	29621.82
1582.00	30892.73
1583.00	21855.92
1584.00	15302.42
1585.00	11162.01
1586.00	8922.12
1587.00	6033.90
1588.00	3199.51
1589.00	1820.94
1590.00	1252.19
1591.00	1078.99
1592.00	1034.52
1593.00	943.24
1594.00	868.34
1595.00	889.40
1596.00	842.59
1597.00	858.98
1598.00	863.66
1599.00	786.42
1600.00	781.74
1601.00	793.44
1602.00	777.06
1603.00	751.31
1604.00	800.46
1605.00	807.48
1606.00	807.48
1607.00	856.64
1608.00	805.14
1609.00	791.10
1610.00	779.40
1611.00	800.46
1612.00	755.99
1613.00	791.10
1614.00	819.19
1615.00	737.27
1616.00	732.59
1617.00	809.83
1618.00	826.21
1619.00	847.27
1620.00	828.55
1621.00	821.53
1622.00	706.84
1623.00	779.40
1624.00	748.97
1625.00	788.76
1626.00	734.93
1627.00	786.42
1628.00	758.33
1629.00	882.38
1630.00	795.78
1631.00	800.46
1632.00	814.51
1633.00	835.57
1634.00	844.93
1635.00	770.04
1636.00	758.33
1637.00	779.40
1638.00	873.02
1639.00	781.74
1640.00	774.72
1641.00	800.46
1642.00	744.29
1643.00	779.40
1644.00	908.13
1645.00	873.02
1646.00	858.98
1647.00	917.49
1648.00	781.74
1649.00	1001.75
1650.00	2661.19
1651.00	7822.07
1652.00	13378.50
1653.00	16802.71
1654.00	12856.56
1655.00	9397.25
1656.00	6722.02
1657.00	5273.23
1658.00	3859.54
1659.00	2403.73
1660.00	1540.07
1661.00	1055.58
1662.00	959.62
1663.00	896.43
1664.00	849.61
1665.00	877.70
1666.00	910.47
1667.00	882.38
1668.00	1231.12
1669.00	2644.81
1670.00	4734.90
1671.00	6045.60
1672.00	5259.18
1673.00	3962.53
1674.00	3110.57
1675.00	2354.58
1676.00	1919.24
1677.00	1418.36
1678.00	1128.14
1679.00	945.58
1680.00	779.40
1681.00	858.98
1682.00	830.89
1683.00	802.80
1684.00	830.89
1685.00	763.01
1686.00	814.51
1687.00	784.08
1688.00	802.80
1689.00	739.61
1690.00	788.76
1691.00	767.70
1692.00	835.57
1693.00	781.74
1694.00	751.31
1695.00	758.33
1696.00	734.93
1697.00	774.72
1698.00	828.55
1699.00	781.74
1700.00	795.78
1701.00	760.67
1702.00	800.46
1703.00	744.29
1704.00	791.10
1705.00	772.38
1706.00	732.59
1707.00	842.59
1708.00	774.72
1709.00	760.67
1710.00	784.08
1711.00	781.74
1712.00	812.17
1713.00	973.66
1714.00	1458.15
1715.00	3604.42
1716.00	6410.73
1717.00	8292.52
1718.00	7157.36
1719.00	5504.94
1720.00	4021.04
1721.00	3243.98
1722.00	2445.86
1723.00	1626.67
1724.00	1139.84
1725.00	992.39
1726.00	896.43
1727.00	760.67
1728.00	798.12
1729.00	777.06
1730.00	777.06
1731.00	760.67
1732.00	837.91
1733.00	823.87
1734.00	746.63
1735.00	725.57
1736.00	748.97
1737.00	772.38
1738.00	784.08
1739.00	809.83
1740.00	695.14
1741.00	777.06
1742.00	798.12
1743.00	763.01
1744.00	725.57
1745.00	791.10
1746.00	788.76
1747.00	774.72
1748.00	791.10
1749.00	861.32
1750.00	753.65
1751.00	765.36
1752.00	840.25
1753.00	763.01
1754.00	788.76
1755.00	835.57
1756.00	821.53
1757.00	875.36
1758.00	884.72
1759.00	744.29
1760.00	751.31
1761.00	835.57
1762.00	774.72
1763.00	833.23
1764.00	812.17
1765.00	833.23
1766.00	849.61
1767.00	873.02
1768.00	863.66
1769.00	973.66
1770.00	2036.27
1771.00	5743.67
1772.00	10892.85
1773.00	14286.63
1774.00	12383.77
1775.00	9107.02
1776.00	6740.74
1777.00	4762.99
1778.00	3082.49
1779.00	1959.03
1780.00	1324.74
1781.00	1111.75
1782.00	936.21
1783.00	912.81
1784.00	884.72
1785.00	723.23
1786.00	795.78
1787.00	812.17
1788.00	840.25
1789.00	767.70
1790.00	784.08
1791.00	751.31
1792.00	826.21
1793.00	823.87
1794.00	777.06
1795.00	760.67
1796.00	842.59
1797.00	1013.45
1798.00	2284.36
1799.00	5011.09
1800.00	8088.89
1801.00	9029.79
1802.00	7332.90
1803.00	5327.06
1804.00	3859.54
1805.00	2616.72
1806.00	1809.23
1807.00	1310.70
1808.00	1015.79
1809.00	954.94
1810.00	814.51
1811.00	861.32
1812.00	763.01
1813.00	805.14
1814.00	751.31
1815.00	786.42
1816.00	809.83
1817.00	753.65
1818.00	753.65
1819.00	802.80
1820.00	739.61
1821.00	767.70
1822.00	704.50
1823.00	837.91
1824.00	791.10
1825.00	819.19
1826.00	947.92
1827.00	844.93
1828.00	833.23
1829.00	812.17
1830.00	819.19
1831.00	800.46
1832.00	716.20
1833.00	763.01
1834.00	739.61
1835.00	753.65
1836.00	791.10
1837.00	748.97
1838.00	737.27
1839.00	706.84
1840.00	725.57
1841.00	753.65
1842.00	784.08
1843.00	753.65
1844.00	758.33
1845.00	683.44
1846.00	758.33
1847.00	760.67
1848.00	763.01
1849.00	744.29
1850.00	734.93
1851.00	704.50
1852.00	699.82
1853.00	798.12
1854.00	748.97
1855.00	798.12
1856.00	699.82
1857.00	791.10
1858.00	758.33
1859.00	795.78
1860.00	690.46
1861.00	727.91
1862.00	753.65
1863.00	690.46
1864.00	734.93
1865.00	737.27
1866.00	779.40
1867.00	798.12
1868.00	791.10
1869.00	781.74
1870.00	678.76
1871.00	765.36
1872.00	741.95
1873.00	763.01
1874.00	704.50
1875.00	669.39
1876.00	748.97
1877.00	734.93
1878.00	734.93
1879.00	704.50
1880.00	779.40
1881.00	760.67
1882.00	800.46
1883.00	704.50
1884.00	732.59
1885.00	692.80
1886.00	744.29
1887.00	713.86
1888.00	788.76
1889.00	702.16
1890.00	772.38
1891.00	779.40
1892.00	753.65
1893.00	767.70
1894.00	716.20
1895.00	732.59
1896.00	793.44
1897.00	713.86
1898.00	723.23
1899.00	657.69
1900.00	718.54
1901.00	702.16
1902.00	688.12
1903.00	711.52
1904.00	725.57
1905.00	688.12
1906.00	746.63
1907.00	751.31
1908.00	760.67
1909.00	772.38
1910.00	748.97
1911.00	819.19
1912.00	856.64
1913.00	915.15
1914.00	821.53
1915.00	772.38
1916.00	847.27
1917.00	753.65
1918.00	753.65
1919.00	763.01
1920.00	772.38
1921.00	748.97
1922.00	788.76
1923.00	770.04
1924.00	723.23
1925.00	720.88
1926.00	737.27
1927.00	779.40
1928.00	751.31
1929.00	767.70
1930.00	746.63
1931.00	746.63
1932.00	751.31
1933.00	767.70
1934.00	683.44
1935.00	716.20
1936.00	793.44
1937.00	751.31
1938.00	725.57
1939.00	807.48
1940.00	807.48
1941.00	772.38
1942.00	746.63
1943.00	800.46
1944.00	723.23
1945.00	784.08
1946.00	706.84
1947.00	718.54
1948.00	784.08
1949.00	781.74
1950.00	807.48
1951.00	858.98
1952.00	1022.81
1953.00	2073.71
1954.00	4723.20
1955.00	7295.45
1956.00	7976.55
1957.00	5633.67
1958.00	3815.07
1959.00	2417.77
1960.00	1743.70
1961.00	1247.51
1962.00	1093.03
1963.00	912.81
1964.00	842.59
1965.00	842.59
1966.00	828.55
1967.00	772.38
1968.00	847.27
1969.00	711.52
1970.00	732.59
1971.00	774.72
1972.00	770.04
1973.00	770.04
1974.00	746.63
1975.00	737.27
1976.00	777.06
1977.00	772.38
1978.00	741.95
1979.00	802.80
1980.00	767.70
1981.00	1086.01
1982.00	1163.25
1983.00	1165.59
1984.00	1060.26
1985.00	884.72
1986.00	866.00
1987.00	823.87
1988.00	854.30
1989.00	767.70
1990.00	784.08
1991.00	793.44
1992.00	798.12
1993.00	774.72
1994.00	788.76
1995.00	734.93
1996.00	744.29
1997.00	791.10
1998.00	784.08
1999.00	774.72
2000.00	699.82
2001.00	760.67
2002.00	688.12
2003.00	734.93
2004.00	767.70
2005.00	709.18
2006.00	739.61
2007.00	748.97
2008.00	755.99
2009.00	767.70
2010.00	711.52
2011.00	725.57
2012.00	800.46
2013.00	774.72
2014.00	791.10
2015.00	807.48
2016.00	770.04
2017.00	770.04
2018.00	840.25
2019.00	765.36
2020.00	737.27
2021.00	746.63
2022.00	819.19
2023.00	788.76
2024.00	826.21
2025.00	976.00
2026.00	1114.10
2027.00	1226.44
2028.00	1125.80
2029.00	1083.67
2030.00	2471.61
2031.00	6314.77
2032.00	11726.08
2033.00	15861.81
2034.00	14277.27
2035.00	9563.43
2036.00	6223.48
2037.00	4004.66
2038.00	2579.27
2039.00	1739.02
2040.00	1284.95
2041.00	1074.31
2042.00	957.28
2043.00	880.04
2044.00	851.96
2045.00	814.51
2046.00	847.27
2047.00	802.80
