0.00	690.46
1.00	690.46
2.00	690.46
3.00	594.50
4.00	538.32
5.00	578.11
6.00	643.65
7.00	543.00
8.00	561.73
9.00	566.41
10.00	620.24
11.00	603.86
12.00	580.45
13.00	521.94
14.00	559.39
15.00	629.60
16.00	557.05
17.00	603.86
18.00	582.79
19.00	559.39
20.00	638.97
21.00	592.16
22.00	622.58
23.00	711.52
24.00	634.29
25.00	676.41
26.00	622.58
27.00	748.97
28.00	688.12
29.00	692.80
30.00	746.63
31.00	674.07
32.00	706.84
33.00	779.40
34.00	660.03
35.00	692.80
36.00	706.84
37.00	716.20
38.00	732.59
39.00	718.54
40.00	713.86
41.00	779.40
42.00	777.06
43.00	788.76
44.00	739.61
45.00	758.33
46.00	690.46
47.00	800.46
48.00	685.78
49.00	770.04
50.00	699.82
51.00	805.14
52.00	800.46
53.00	760.67
54.00	807.48
55.00	739.61
56.00	709.18
57.00	706.84
58.00	683.44
59.00	720.88
60.00	739.61
61.00	725.57
62.00	793.44
63.00	760.67
64.00	730.25
65.00	685.78
66.00	739.61
67.00	765.36
68.00	751.31
69.00	660.03
70.00	702.16
71.00	748.97
72.00	760.67
73.00	718.54
74.00	648.33
75.00	739.61
76.00	753.65
77.00	650.67
78.00	744.29
79.00	802.80
80.00	681.10
81.00	699.82
82.00	702.16
83.00	676.41
84.00	692.80
85.00	718.54
86.00	716.20
87.00	744.29
88.00	777.06
89.00	770.04
90.00	748.97
91.00	774.72
92.00	777.06
93.00	734.93
94.00	760.67
95.00	681.10
96.00	704.50
97.00	744.29
98.00	760.67
99.00	706.84
100.00	690.46
101.00	739.61
102.00	676.41
103.00	781.74
104.00	746.63
105.00	702.16
106.00	732.59
107.00	711.52
108.00	697.48
109.00	725.57
110.00	739.61
111.00	746.63
112.00	692.80
113.00	732.59
114.00	732.59
115.00	805.14
116.00	709.18
117.00	732.59
118.00	744.29
119.00	737.27
120.00	716.20
121.00	819.19
122.00	713.86
123.00	678.76
124.00	697.48
125.00	748.97
126.00	765.36
127.00	784.08
128.00	732.59
129.00	737.27
130.00	713.86
131.00	784.08
132.00	727.91
133.00	716.20
134.00	704.50
135.00	765.36
136.00	758.33
137.00	807.48
138.00	741.95
139.00	690.46
140.00	830.89
141.00	690.46
142.00	671.73
143.00	751.31
144.00	702.16
145.00	739.61
146.00	732.59
147.00	770.04
148.00	725.57
149.00	767.70
150.00	786.42
151.00	772.38
152.00	725.57
153.00	788.76
154.00	772.38
155.00	802.80
156.00	758.33
157.00	760.67
158.00	763.01
159.00	767.70
160.00	734.93
161.00	758.33
162.00	692.80
163.00	669.39
164.00	692.80
165.00	800.46
166.00	737.27
167.00	760.67
168.00	746.63
169.00	727.91
170.00	720.88
171.00	741.95
172.00	690.46
173.00	763.01
174.00	723.23
175.00	727.91
176.00	748.97
177.00	744.29
178.00	716.20
179.00	681.10
180.00	784.08
181.00	753.65
182.00	760.67
183.00	741.95
184.00	786.42
185.00	723.23
186.00	709.18
187.00	765.36
188.00	781.74
189.00	697.48
190.00	713.86
191.00	660.03
192.00	734.93
193.00	807.48
194.00	786.42
195.00	821.53
196.00	763.01
197.00	816.85
198.00	798.12
199.00	842.59
200.00	786.42
201.00	716.20
202.00	833.23
203.00	753.65
204.00	763.01
205.00	777.06
206.00	676.41
207.00	758.33
208.00	720.88
209.00	763.01
210.00	734.93
211.00	734.93
212.00	755.99
213.00	741.95
214.00	716.20
215.00	746.63
216.00	695.14
217.00	751.31
218.00	760.67
219.00	781.74
220.00	798.12
221.00	723.23
222.00	669.39
223.00	739.61
224.00	770.04
225.00	718.54
226.00	727.91
227.00	814.51
228.00	760.67
229.00	744.29
230.00	702.16
231.00	734.93
232.00	786.42
233.00	709.18
234.00	781.74
235.00	770.04
236.00	786.42
237.00	784.08
238.00	741.95
239.00	758.33
240.00	739.61
241.00	727.91
242.00	711.52
243.00	809.83
244.00	777.06
245.00	716.20
246.00	741.95
247.00	798.12
248.00	713.86
249.00	718.54
250.00	744.29
251.00	751.31
252.00	741.95
253.00	748.97
254.00	805.14
255.00	767.70
256.00	823.87
257.00	744.29
258.00	737.27
259.00	814.51
260.00	798.12
261.00	772.38
262.00	683.44
263.00	730.25
264.00	739.61
265.00	777.06
266.00	746.63
267.00	704.50
268.00	868.34
269.00	760.67
270.00	786.42
271.00	788.76
272.00	840.25
273.00	793.44
274.00	788.76
275.00	777.06
276.00	800.46
277.00	866.00
278.00	891.74
279.00	781.74
280.00	823.87
281.00	784.08
282.00	716.20
283.00	758.33
284.00	809.83
285.00	814.51
286.00	674.07
287.00	770.04
288.00	758.33
289.00	802.80
290.00	704.50
291.00	760.67
292.00	770.04
293.00	784.08
294.00	784.08
295.00	800.46
296.00	840.25
297.00	716.20
298.00	802.80
299.00	781.74
300.00	730.25
301.00	741.95
302.00	706.84
303.00	730.25
304.00	741.95
305.00	739.61
306.00	774.72
307.00	723.23
308.00	795.78
309.00	833.23
310.00	802.80
311.00	777.06
312.00	779.40
313.00	765.36
314.00	744.29
315.00	767.70
316.00	732.59
317.00	828.55
318.00	826.21
319.00	692.80
320.00	725.57
321.00	765.36
322.00	791.10
323.00	760.67
324.00	725.57
325.00	746.63
326.00	767.70
327.00	702.16
328.00	744.29
329.00	723.23
330.00	772.38
331.00	772.38
332.00	767.70
333.00	676.41
334.00	763.01
335.00	685.78
336.00	695.14
337.00	772.38
338.00	798.12
339.00	786.42
340.00	795.78
341.00	786.42
342.00	758.33
343.00	772.38
344.00	699.82
345.00	774.72
346.00	755.99
347.00	784.08
348.00	894.08
349.00	873.02
350.00	840.25
351.00	819.19
352.00	814.51
353.00	760.67
354.00	795.78
355.00	802.80
356.00	842.59
357.00	751.31
358.00	711.52
359.00	748.97
360.00	732.59
361.00	889.40
362.00	767.70
363.00	777.06
364.00	734.93
365.00	744.29
366.00	784.08
367.00	760.67
368.00	807.48
369.00	772.38
370.00	788.76
371.00	748.97
372.00	706.84
373.00	716.20
374.00	746.63
375.00	795.78
376.00	767.70
377.00	725.57
378.00	734.93
379.00	734.93
380.00	763.01
381.00	758.33
382.00	795.78
383.00	784.08
384.00	718.54
385.00	772.38
386.00	788.76
387.00	828.55
388.00	753.65
389.00	823.87
390.00	765.36
391.00	713.86
392.00	711.52
393.00	755.99
394.00	737.27
395.00	758.33
396.00	795.78
397.00	784.08
398.00	671.73
399.00	763.01
400.00	741.95
401.00	777.06
402.00	741.95
403.00	791.10
404.00	730.25
405.00	751.31
406.00	826.21
407.00	755.99
408.00	795.78
409.00	814.51
410.00	753.65
411.00	706.84
412.00	713.86
413.00	720.88
414.00	753.65
415.00	760.67
416.00	704.50
417.00	690.46
418.00	807.48
419.00	767.70
420.00	793.44
421.00	802.80
422.00	751.31
423.00	720.88
424.00	688.12
425.00	770.04
426.00	774.72
427.00	751.31
428.00	809.83
429.00	730.25
430.00	774.72
431.00	786.42
432.00	718.54
433.00	730.25
434.00	791.10
435.00	770.04
436.00	774.72
437.00	800.46
438.00	772.38
439.00	830.89
440.00	800.46
441.00	786.42
442.00	833.23
443.00	758.33
444.00	751.31
445.00	802.80
446.00	695.14
447.00	781.74
448.00	751.31
449.00	730.25
450.00	702.16
451.00	732.59
452.00	737.27
453.00	763.01
454.00	758.33
455.00	711.52
456.00	718.54
457.00	809.83
458.00	777.06
459.00	697.48
460.00	720.88
461.00	765.36
462.00	706.84
463.00	777.06
464.00	777.06
465.00	713.86
466.00	819.19
467.00	641.31
468.00	739.61
469.00	720.88
470.00	734.93
471.00	732.59
472.00	690.46
473.00	807.48
474.00	739.61
475.00	767.70
476.00	725.57
477.00	755.99
478.00	741.95
479.00	788.76
480.00	816.85
481.00	807.48
482.00	795.78
483.00	763.01
484.00	763.01
485.00	699.82
486.00	734.93
487.00	763.01
488.00	748.97
489.00	734.93
490.00	753.65
491.00	723.23
492.00	753.65
493.00	748.97
494.00	786.42
495.00	781.74
496.00	753.65
497.00	784.08
498.00	858.98
499.00	695.14
500.00	723.23
501.00	746.63
502.00	692.80
503.00	835.57
504.00	746.63
505.00	821.53
506.00	816.85
507.00	891.74
508.00	779.40
509.00	805.14
510.00	779.40
511.00	791.10
512.00	655.35
513.00	777.06
514.00	753.65
515.00	739.61
516.00	779.40
517.00	798.12
518.00	784.08
519.00	854.30
520.00	763.01
521.00	819.19
522.00	674.07
523.00	795.78
524.00	716.20
525.00	770.04
526.00	711.52
527.00	723.23
528.00	821.53
529.00	777.06
530.00	734.93
531.00	821.53
532.00	765.36
533.00	760.67
534.00	812.17
535.00	786.42
536.00	791.10
537.00	737.27
538.00	727.91
539.00	774.72
540.00	819.19
541.00	784.08
542.00	765.36
543.00	788.76
544.00	711.52
545.00	784.08
546.00	800.46
547.00	774.72
548.00	826.21
549.00	826.21
550.00	753.65
551.00	704.50
552.00	704.50
553.00	767.70
554.00	704.50
555.00	767.70
556.00	798.12
557.00	760.67
558.00	770.04
559.00	821.53
560.00	777.06
561.00	788.76
562.00	816.85
563.00	814.51
564.00	683.44
565.00	777.06
566.00	812.17
567.00	835.57
568.00	781.74
569.00	809.83
570.00	748.97
571.00	835.57
572.00	791.10
573.00	709.18
574.00	763.01
575.00	767.70
576.00	774.72
577.00	737.27
578.00	748.97
579.00	755.99
580.00	784.08
581.00	751.31
582.00	720.88
583.00	779.40
584.00	720.88
585.00	755.99
586.00	791.10
587.00	770.04
588.00	716.20
589.00	763.01
590.00	777.06
591.00	791.10
592.00	826.21
593.00	784.08
594.00	767.70
595.00	716.20
596.00	702.16
597.00	786.42
598.00	720.88
599.00	779.40
600.00	774.72
601.00	777.06
602.00	784.08
603.00	711.52
604.00	709.18
605.00	737.27
606.00	800.46
607.00	770.04
608.00	692.80
609.00	828.55
610.00	786.42
611.00	795.78
612.00	784.08
613.00	748.97
614.00	765.36
615.00	734.93
616.00	798.12
617.00	828.55
618.00	793.44
619.00	795.78
620.00	779.40
621.00	737.27
622.00	763.01
623.00	781.74
624.00	802.80
625.00	730.25
626.00	770.04
627.00	730.25
628.00	734.93
629.00	901.11
630.00	823.87
631.00	908.13
632.00	828.55
633.00	760.67
634.00	784.08
635.00	765.36
636.00	753.65
637.00	793.44
638.00	784.08
639.00	702.16
640.00	833.23
641.00	786.42
642.00	854.30
643.00	741.95
644.00	746.63
645.00	737.27
646.00	716.20
647.00	851.96
648.00	786.42
649.00	765.36
650.00	849.61
651.00	779.40
652.00	788.76
653.00	854.30
654.00	777.06
655.00	887.06
656.00	793.44
657.00	835.57
658.00	758.33
659.00	835.57
660.00	772.38
661.00	863.66
662.00	814.51
663.00	798.12
664.00	690.46
665.00	814.51
666.00	772.38
667.00	720.88
668.00	772.38
669.00	807.48
670.00	732.59
671.00	816.85
672.00	791.10
673.00	753.65
674.00	877.70
675.00	774.72
676.00	800.46
677.00	774.72
678.00	861.32
679.00	788.76
680.00	791.10
681.00	840.25
682.00	732.59
683.00	730.25
684.00	786.42
685.00	809.83
686.00	880.04
687.00	716.20
688.00	795.78
689.00	833.23
690.00	863.66
691.00	870.68
692.00	791.10
693.00	833.23
694.00	751.31
695.00	781.74
696.00	861.32
697.00	849.61
698.00	788.76
699.00	732.59
700.00	746.63
701.00	795.78
702.00	770.04
703.00	798.12
704.00	798.12
705.00	753.65
706.00	734.93
707.00	767.70
708.00	777.06
709.00	767.70
710.00	777.06
711.00	833.23
712.00	791.10
713.00	849.61
714.00	816.85
715.00	784.08
716.00	819.19
717.00	791.10
718.00	812.17
719.00	828.55
720.00	812.17
721.00	802.80
722.00	772.38
723.00	791.10
724.00	830.89
725.00	774.72
726.00	781.74
727.00	786.42
728.00	858.98
729.00	788.76
730.00	837.91
731.00	767.70
732.00	828.55
733.00	882.38
734.00	788.76
735.00	779.40
736.00	821.53
737.00	861.32
738.00	828.55
739.00	805.14
740.00	802.80
741.00	821.53
742.00	805.14
743.00	774.72
744.00	819.19
745.00	772.38
746.00	763.01
747.00	748.97
748.00	828.55
749.00	774.72
750.00	837.91
751.00	809.83
752.00	835.57
753.00	807.48
754.00	805.14
755.00	858.98
756.00	809.83
757.00	821.53
758.00	842.59
759.00	798.12
760.00	861.32
761.00	774.72
762.00	833.23
763.00	781.74
764.00	844.93
765.00	795.78
766.00	826.21
767.00	805.14
768.00	840.25
769.00	777.06
770.00	725.57
771.00	896.43
772.00	842.59
773.00	767.70
774.00	842.59
775.00	784.08
776.00	842.59
777.00	805.14
778.00	844.93
779.00	784.08
780.00	828.55
781.00	816.85
782.00	819.19
783.00	800.46
784.00	908.13
785.00	858.98
786.00	807.48
787.00	800.46
788.00	800.46
789.00	770.04
790.00	816.85
791.00	798.12
792.00	770.04
793.00	727.91
794.00	725.57
795.00	830.89
796.00	863.66
797.00	798.12
798.00	847.27
799.00	849.61
800.00	807.48
801.00	858.98
802.00	793.44
803.00	793.44
804.00	748.97
805.00	910.47
806.00	828.55
807.00	772.38
808.00	805.14
809.00	795.78
810.00	858.98
811.00	765.36
812.00	809.83
813.00	793.44
814.00	772.38
815.00	847.27
816.00	828.55
817.00	784.08
818.00	814.51
819.00	755.99
820.00	739.61
821.00	812.17
822.00	840.25
823.00	826.21
824.00	807.48
825.00	770.04
826.00	809.83
827.00	889.40
828.00	823.87
829.00	851.96
830.00	807.48
831.00	812.17
832.00	800.46
833.00	847.27
834.00	905.79
835.00	830.89
836.00	828.55
837.00	816.85
838.00	798.12
839.00	779.40
840.00	840.25
841.00	880.04
842.00	884.72
843.00	786.42
844.00	802.80
845.00	753.65
846.00	840.25
847.00	819.19
848.00	788.76
849.00	821.53
850.00	833.23
851.00	802.80
852.00	821.53
853.00	854.30
854.00	777.06
855.00	767.70
856.00	814.51
857.00	746.63
858.00	800.46
859.00	812.17
860.00	758.33
861.00	812.17
862.00	800.46
863.00	812.17
864.00	791.10
865.00	840.25
866.00	795.78
867.00	856.64
868.00	765.36
869.00	814.51
870.00	847.27
871.00	753.65
872.00	826.21
873.00	748.97
874.00	786.42
875.00	805.14
876.00	894.08
877.00	784.08
878.00	856.64
879.00	842.59
880.00	844.93
881.00	870.68
882.00	830.89
883.00	795.78
884.00	833.23
885.00	830.89
886.00	746.63
887.00	870.68
888.00	812.17
889.00	816.85
890.00	800.46
891.00	823.87
892.00	807.48
893.00	805.14
894.00	851.96
895.00	770.04
896.00	779.40
897.00	777.06
898.00	770.04
899.00	854.30
900.00	814.51
901.00	767.70
902.00	788.76
903.00	866.00
904.00	826.21
905.00	819.19
906.00	968.98
907.00	968.98
908.00	849.61
909.00	875.36
910.00	866.00
911.00	912.81
912.00	950.26
913.00	1013.45
914.00	999.41
915.00	973.66
916.00	856.64
917.00	889.40
918.00	816.85
919.00	875.36
920.00	819.19
921.00	809.83
922.00	802.80
923.00	819.19
924.00	847.27
925.00	807.48
926.00	795.78
927.00	781.74
928.00	802.80
929.00	793.44
930.00	791.10
931.00	884.72
932.00	814.51
933.00	870.68
934.00	814.51
935.00	788.76
936.00	854.30
937.00	844.93
938.00	800.46
939.00	854.30
940.00	812.17
941.00	863.66
942.00	816.85
943.00	873.02
944.00	877.70
945.00	912.81
946.00	1151.54
947.00	1781.15
948.00	2085.42
949.00	1952.01
950.00	1753.06
951.00	1401.98
952.00	1320.06
953.00	1172.61
954.00	968.98
955.00	847.27
956.00	873.02
957.00	819.19
958.00	809.83
959.00	823.87
960.00	828.55
961.00	791.10
962.00	809.83
963.00	809.83
964.00	774.72
965.00	788.76
966.00	788.76
967.00	842.59
968.00	795.78
969.00	795.78
970.00	779.40
971.00	777.06
972.00	816.85
973.00	826.21
974.00	837.91
975.00	851.96
976.00	819.19
977.00	863.66
978.00	854.30
979.00	833.23
980.00	805.14
981.00	823.87
982.00	786.42
983.00	842.59
984.00	816.85
985.00	870.68
986.00	861.32
987.00	718.54
988.00	765.36
989.00	823.87
990.00	826.21
991.00	851.96
992.00	697.48
993.00	767.70
994.00	741.95
995.00	748.97
996.00	760.67
997.00	809.83
998.00	828.55
999.00	835.57
1000.00	854.30
1001.00	786.42
1002.00	849.61
1003.00	828.55
1004.00	908.13
1005.00	734.93
1006.00	819.19
1007.00	819.19
1008.00	791.10
1009.00	809.83
1010.00	791.10
1011.00	877.70
1012.00	772.38
1013.00	805.14
1014.00	833.23
1015.00	760.67
1016.00	847.27
1017.00	784.08
1018.00	772.38
1019.00	798.12
1020.00	791.10
1021.00	772.38
1022.00	828.55
1023.00	884.72
1024.00	844.93
1025.00	877.70
1026.00	795.78
1027.00	842.59
1028.00	880.04
1029.00	837.91
1030.00	784.08
1031.00	856.64
1032.00	849.61
1033.00	870.68
1034.00	807.48
1035.00	779.40
1036.00	791.10
1037.00	755.99
1038.00	767.70
1039.00	847.27
1040.00	807.48
1041.00	786.42
1042.00	800.46
1043.00	777.06
1044.00	851.96
1045.00	891.74
1046.00	861.32
1047.00	800.46
1048.00	781.74
1049.00	842.59
1050.00	807.48
1051.00	849.61
1052.00	784.08
1053.00	830.89
1054.00	772.38
1055.00	772.38
1056.00	781.74
1057.00	821.53
1058.00	723.23
1059.00	795.78
1060.00	816.85
1061.00	751.31
1062.00	802.80
1063.00	788.76
1064.00	889.40
1065.00	826.21
1066.00	884.72
1067.00	781.74
1068.00	765.36
1069.00	833.23
1070.00	777.06
1071.00	840.25
1072.00	866.00
1073.00	837.91
1074.00	826.21
1075.00	833.23
1076.00	812.17
1077.00	814.51
1078.00	816.85
1079.00	770.04
1080.00	891.74
1081.00	786.42
1082.00	781.74
1083.00	821.53
1084.00	781.74
1085.00	821.53
1086.00	807.48
1087.00	880.04
1088.00	716.20
1089.00	875.36
1090.00	781.74
1091.00	751.31
1092.00	849.61
1093.00	788.76
1094.00	833.23
1095.00	849.61
1096.00	905.79
1097.00	887.06
1098.00	882.38
1099.00	830.89
1100.00	816.85
1101.00	917.49
1102.00	891.74
1103.00	774.72
1104.00	912.81
1105.00	837.91
1106.00	854.30
1107.00	863.66
1108.00	847.27
1109.00	800.46
1110.00	809.83
1111.00	791.10
1112.00	835.57
1113.00	814.51
1114.00	809.83
1115.00	861.32
1116.00	791.10
1117.00	870.68
1118.00	833.23
1119.00	774.72
1120.00	840.25
1121.00	889.40
1122.00	847.27
1123.00	922.17
1124.00	851.96
1125.00	891.74
1126.00	816.85
1127.00	770.04
1128.00	814.51
1129.00	819.19
1130.00	826.21
1131.00	788.76
1132.00	896.43
1133.00	821.53
1134.00	851.96
1135.00	851.96
1136.00	854.30
1137.00	828.55
1138.00	943.24
1139.00	882.38
1140.00	854.30
1141.00	819.19
1142.00	889.40
1143.00	863.66
1144.00	821.53
1145.00	828.55
1146.00	842.59
1147.00	851.96
1148.00	882.38
1149.00	826.21
1150.00	898.77
1151.00	821.53
1152.00	835.57
1153.00	931.53
1154.00	826.21
1155.00	844.93
1156.00	856.64
1157.00	793.44
1158.00	903.45
1159.00	908.13
1160.00	837.91
1161.00	868.34
1162.00	800.46
1163.00	805.14
1164.00	912.81
1165.00	863.66
1166.00	959.62
1167.00	1116.44
1168.00	1355.17
1169.00	1252.19
1170.00	1217.08
1171.00	1069.62
1172.00	1090.69
1173.00	1090.69
1174.00	980.68
1175.00	966.64
1176.00	894.08
1177.00	819.19
1178.00	819.19
1179.00	791.10
1180.00	866.00
1181.00	863.66
1182.00	891.74
1183.00	896.43
1184.00	959.62
1185.00	919.83
1186.00	861.32
1187.00	851.96
1188.00	875.36
1189.00	868.34
1190.00	945.58
1191.00	966.64
1192.00	1006.43
1193.00	994.73
1194.00	1006.43
1195.00	898.77
1196.00	945.58
1197.00	896.43
1198.00	952.60
1199.00	947.92
1200.00	961.96
1201.00	1025.15
1202.00	1181.97
1203.00	1254.53
1204.00	1338.79
1205.00	1100.05
1206.00	1163.25
1207.00	1128.14
1208.00	1156.22
1209.00	1036.86
1210.00	1100.05
1211.00	1064.94
1212.00	1055.58
1213.00	1043.88
1214.00	1153.88
1215.00	1228.78
1216.00	1373.89
1217.00	1497.94
1218.00	1694.55
1219.00	1888.81
1220.00	3602.08
1221.00	20475.01
1222.00	54911.31
1223.00	65535.00
1224.00	65535.00
1225.00	59454.29
1226.00	47943.53
1227.00	36416.40
1228.00	29408.83
1229.00	21277.81
1230.00	10171.97
1231.00	4231.69
1232.00	2363.94
1233.00	1816.26
1234.00	1570.50
1235.00	1404.32
1236.00	1369.21
1237.00	1352.83
1238.00	1219.42
1239.00	1526.03
1240.00	3576.34
1241.00	6237.53
1242.00	7700.36
1243.00	6406.05
1244.00	4830.87
1245.00	3747.20
1246.00	3042.70
1247.00	2572.25
1248.00	1863.07
1249.00	1306.02
1250.00	978.34
1251.00	997.07
1252.00	1048.56
1253.00	1004.09
1254.00	1032.18
1255.00	1118.78
1256.00	1111.75
1257.00	1062.60
1258.00	1078.99
1259.00	959.62
1260.00	1055.58
1261.00	1015.79
1262.00	947.92
1263.00	1001.75
1264.00	929.19
1265.00	917.49
1266.00	929.19
1267.00	919.83
1268.00	894.08
1269.00	933.87
1270.00	835.57
1271.00	919.83
1272.00	903.45
1273.00	915.15
1274.00	912.81
1275.00	887.06
1276.00	931.53
1277.00	931.53
1278.00	1121.12
1279.00	2511.39
1280.00	6707.98
1281.00	12044.40
1282.00	13195.94
1283.00	10064.30
1284.00	7433.54
1285.00	5397.28
1286.00	4641.28
1287.00	3786.99
1288.00	2349.90
1289.00	1451.13
1290.00	1062.60
1291.00	903.45
1292.00	1029.84
1293.00	1011.11
1294.00	971.32
1295.00	954.94
1296.00	866.00
1297.00	926.85
1298.00	1027.50
1299.00	1636.03
1300.00	2698.64
1301.00	3627.83
1302.00	3225.26
1303.00	2597.99
1304.00	2033.93
1305.00	1804.55
1306.00	1626.67
1307.00	1355.17
1308.00	1107.07
1309.00	968.98
1310.00	889.40
1311.00	933.87
1312.00	903.45
1313.00	952.60
1314.00	894.08
1315.00	835.57
1316.00	896.43
1317.00	875.36
1318.00	954.94
1319.00	833.23
1320.00	830.89
1321.00	837.91
1322.00	833.23
1323.00	880.04
1324.00	912.81
1325.00	917.49
1326.00	903.45
1327.00	905.79
1328.00	847.27
1329.00	833.23
1330.00	863.66
1331.00	912.81
1332.00	924.51
1333.00	1041.54
1334.00	1947.33
1335.00	3187.81
1336.00	3936.78
1337.00	3463.99
1338.00	2806.30
1339.00	2218.83
1340.00	1842.00
1341.00	1600.93
1342.00	1273.25
1343.00	1020.47
1344.00	1027.50
1345.00	870.68
1346.00	957.28
1347.00	856.64
1348.00	849.61
1349.00	912.81
1350.00	896.43
1351.00	856.64
1352.00	933.87
1353.00	973.66
1354.00	882.38
1355.00	910.47
1356.00	957.28
1357.00	903.45
1358.00	1001.75
1359.00	945.58
1360.00	983.02
1361.00	1111.75
1362.00	2548.84
1363.00	6328.81
1364.00	10303.04
1365.00	11007.54
1366.00	8444.65
1367.00	6218.80
1368.00	4723.20
1369.00	3925.08
1370.00	3276.75
1371.00	1989.46
1372.00	1324.74
1373.00	1095.37
1374.00	1142.18
1375.00	1291.98
1376.00	3262.71
1377.00	9710.88
1378.00	17759.98
1379.00	19990.52
1380.00	15466.26
1381.00	11056.69
1382.00	8079.53
1383.00	6607.33
1384.00	5111.73
1385.00	3066.10
1386.00	1790.51
1387.00	1217.08
1388.00	1104.73
1389.00	978.34
1390.00	1060.26
1391.00	976.00
1392.00	994.73
1393.00	1004.09
1394.00	933.87
1395.00	940.90
1396.00	968.98
1397.00	1022.81
1398.00	1076.65
1399.00	1254.53
1400.00	1331.76
1401.00	1329.42
1402.00	1329.42
1403.00	1205.38
1404.00	1217.08
1405.00	1275.59
1406.00	2127.55
1407.00	9055.53
1408.00	22679.79
1409.00	33259.01
1410.00	29275.42
1411.00	20950.14
1412.00	14370.89
1413.00	11061.37
1414.00	8982.98
1415.00	5914.53
1416.00	3112.91
1417.00	1678.16
1418.00	1277.93
1419.00	1254.53
1420.00	2010.52
1421.00	4823.84
1422.00	7974.21
1423.00	8760.63
1424.00	6635.42
1425.00	4936.19
1426.00	3716.77
1427.00	3098.87
1428.00	2445.86
1429.00	1689.87
1430.00	1224.10
1431.00	1001.75
1432.00	931.53
1433.00	971.32
1434.00	915.15
1435.00	992.39
1436.00	992.39
1437.00	835.57
1438.00	894.08
1439.00	807.48
1440.00	814.51
1441.00	821.53
1442.00	802.80
1443.00	875.36
1444.00	856.64
1445.00	896.43
1446.00	805.14
1447.00	788.76
1448.00	903.45
1449.00	919.83
1450.00	866.00
1451.00	821.53
1452.00	858.98
1453.00	943.24
1454.00	957.28
1455.00	1296.66
1456.00	2752.47
1457.00	4582.77
1458.00	5469.83
1459.00	4505.53
1460.00	3396.12
1461.00	2635.44
1462.00	2167.34
1463.00	1961.37
1464.00	1451.13
1465.00	1097.71
1466.00	999.41
1467.00	866.00
1468.00	915.15
1469.00	875.36
1470.00	830.89
1471.00	807.48
1472.00	873.02
1473.00	819.19
1474.00	861.32
1475.00	849.61
1476.00	826.21
1477.00	847.27
1478.00	830.89
1479.00	875.36
1480.00	894.08
1481.00	842.59
1482.00	828.55
1483.00	924.51
1484.00	931.53
1485.00	870.68
1486.00	943.24
1487.00	1256.87
1488.00	4037.42
1489.00	10223.46
1490.00	16580.36
1491.00	16688.02
1492.00	12259.73
1493.00	8510.19
1494.00	6326.47
1495.00	5238.12
1496.00	3756.56
1497.00	2153.29
1498.00	1441.77
1499.00	1067.28
1500.00	922.17
1501.00	880.04
1502.00	924.51
1503.00	910.47
1504.00	833.23
1505.00	863.66
1506.00	819.19
1507.00	877.70
1508.00	873.02
1509.00	805.14
1510.00	877.70
1511.00	938.55
1512.00	880.04
1513.00	1114.10
1514.00	2361.60
1515.00	4011.68
1516.00	4933.85
1517.00	4084.23
1518.00	3258.03
1519.00	2523.10
1520.00	2136.91
1521.00	1881.79
1522.00	1324.74
1523.00	1104.73
1524.00	926.85
1525.00	931.53
1526.00	929.19
1527.00	898.77
1528.00	968.98
1529.00	912.81
1530.00	926.85
1531.00	983.02
1532.00	1036.86
1533.00	2111.16
1534.00	5823.25
1535.00	10478.58
1536.00	12381.43
1537.00	9408.95
1538.00	6932.67
1539.00	5015.77
1540.00	4081.89
1541.00	3215.90
1542.00	2064.35
1543.00	1409.00
1544.00	1013.45
1545.00	1006.43
1546.00	891.74
1547.00	889.40
1548.00	901.11
1549.00	842.59
1550.00	924.51
1551.00	870.68
1552.00	901.11
1553.00	842.59
1554.00	910.47
1555.00	903.45
1556.00	889.40
1557.00	896.43
1558.00	877.70
1559.00	990.05
1560.00	997.07
1561.00	889.40
1562.00	966.64
1563.00	945.58
1564.00	1048.56
1565.00	1427.73
1566.00	4840.23
1567.00	12978.27
1568.00	21212.28
1569.00	21792.73
1570.00	15644.14
1571.00	11246.27
1572.00	8175.49
1573.00	6693.93
1574.00	4730.22
1575.00	2773.53
1576.00	1727.32
1577.00	1458.15
1578.00	1792.85
1579.00	7129.27
1580.00	20102.86
1581.00	33354.97
1582.00	35016.75
1583.00	24713.72
1584.00	17214.64
1585.00	12772.30
1586.00	10272.61
1587.00	6923.30
1588.00	3583.36
1589.00	2073.71
1590.00	1350.49
1591.00	1053.24
1592.00	1111.75
1593.00	1008.77
1594.00	901.11
1595.00	926.85
1596.00	912.81
1597.00	947.92
1598.00	887.06
1599.00	833.23
1600.00	837.91
1601.00	898.77
1602.00	933.87
1603.00	809.83
1604.00	858.98
1605.00	868.34
1606.00	917.49
1607.00	880.04
1608.00	751.31
1609.00	819.19
1610.00	884.72
1611.00	858.98
1612.00	819.19
1613.00	842.59
1614.00	875.36
1615.00	821.53
1616.00	788.76
1617.00	880.04
1618.00	816.85
1619.00	800.46
1620.00	758.33
1621.00	908.13
1622.00	826.21
1623.00	873.02
1624.00	840.25
1625.00	847.27
1626.00	842.59
1627.00	882.38
1628.00	851.96
1629.00	844.93
1630.00	821.53
1631.00	877.70
1632.00	821.53
1633.00	837.91
1634.00	844.93
1635.00	894.08
1636.00	849.61
1637.00	873.02
1638.00	835.57
1639.00	854.30
1640.00	835.57
1641.00	763.01
1642.00	835.57
1643.00	828.55
1644.00	819.19
1645.00	926.85
1646.00	835.57
1647.00	917.49
1648.00	910.47
1649.00	1090.69
1650.00	2836.73
1651.00	8285.50
1652.00	15262.63
1653.00	18991.11
1654.00	14871.76
1655.00	10361.55
1656.00	7358.64
1657.00	5966.03
1658.00	4379.14
1659.00	2633.10
1660.00	1605.61
1661.00	1130.48
1662.00	976.00
1663.00	966.64
1664.00	950.26
1665.00	917.49
1666.00	819.19
1667.00	926.85
1668.00	1320.06
1669.00	2850.77
1670.00	5153.86
1671.00	6670.53
1672.00	5872.40
1673.00	4533.62
1674.00	3384.41
1675.00	2703.32
1676.00	2038.61
1677.00	1528.37
1678.00	1156.22
1679.00	950.26
1680.00	856.64
1681.00	826.21
1682.00	767.70
1683.00	856.64
1684.00	819.19
1685.00	779.40
1686.00	842.59
1687.00	821.53
1688.00	858.98
1689.00	828.55
1690.00	774.72
1691.00	763.01
1692.00	849.61
1693.00	760.67
1694.00	851.96
1695.00	856.64
1696.00	755.99
1697.00	868.34
1698.00	807.48
1699.00	833.23
1700.00	875.36
1701.00	805.14
1702.00	791.10
1703.00	819.19
1704.00	868.34
1705.00	760.67
1706.00	868.34
1707.00	779.40
1708.00	826.21
1709.00	823.87
1710.00	833.23
1711.00	856.64
1712.00	875.36
1713.00	903.45
1714.00	1549.43
1715.00	3815.07
1716.00	7005.22
1717.00	9331.72
1718.00	8023.36
1719.00	6134.54
1720.00	4660.01
1721.00	3459.31
1722.00	2492.67
1723.00	1748.38
1724.00	1291.98
1725.00	983.02
1726.00	905.79
1727.00	894.08
1728.00	873.02
1729.00	793.44
1730.00	837.91
1731.00	802.80
1732.00	823.87
1733.00	781.74
1734.00	873.02
1735.00	823.87
1736.00	805.14
1737.00	784.08
1738.00	753.65
1739.00	777.06
1740.00	819.19
1741.00	788.76
1742.00	784.08
1743.00	816.85
1744.00	821.53
1745.00	746.63
1746.00	697.48
1747.00	772.38
1748.00	737.27
1749.00	840.25
1750.00	777.06
1751.00	765.36
1752.00	807.48
1753.00	877.70
1754.00	889.40
1755.00	823.87
1756.00	826.21
1757.00	833.23
1758.00	936.21
1759.00	854.30
1760.00	835.57
1761.00	830.89
1762.00	882.38
1763.00	849.61
1764.00	919.83
1765.00	777.06
1766.00	828.55
1767.00	917.49
1768.00	954.94
1769.00	1025.15
1770.00	2275.00
1771.00	6363.92
1772.00	12442.29
1773.00	16109.91
1774.00	13902.78
1775.00	10174.31
1776.00	7672.28
1777.00	5394.93
1778.00	3412.50
1779.00	2221.17
1780.00	1465.18
1781.00	1156.22
1782.00	1046.22
1783.00	922.17
1784.00	889.40
1785.00	905.79
1786.00	788.76
1787.00	765.36
1788.00	755.99
1789.00	858.98
1790.00	793.44
1791.00	753.65
1792.00	870.68
1793.00	767.70
1794.00	828.55
1795.00	847.27
1796.00	966.64
1797.00	1144.52
1798.00	2513.74
1799.00	5624.31
1800.00	9165.54
1801.00	10214.10
1802.00	8234.00
1803.00	6134.54
1804.00	4269.14
1805.00	2853.11
1806.00	1935.62
1807.00	1366.87
1808.00	1090.69
1809.00	987.71
1810.00	898.77
1811.00	842.59
1812.00	856.64
1813.00	847.27
1814.00	802.80
1815.00	821.53
1816.00	861.32
1817.00	814.51
1818.00	814.51
1819.00	816.85
1820.00	812.17
1821.00	823.87
1822.00	793.44
1823.00	812.17
1824.00	746.63
1825.00	828.55
1826.00	961.96
1827.00	887.06
1828.00	837.91
1829.00	861.32
1830.00	812.17
1831.00	805.14
1832.00	821.53
1833.00	851.96
1834.00	753.65
1835.00	767.70
1836.00	730.25
1837.00	774.72
1838.00	704.50
1839.00	777.06
1840.00	758.33
1841.00	746.63
1842.00	697.48
1843.00	784.08
1844.00	842.59
1845.00	739.61
1846.00	727.91
1847.00	720.88
1848.00	734.93
1849.00	774.72
1850.00	758.33
1851.00	720.88
1852.00	763.01
1853.00	744.29
1854.00	760.67
1855.00	786.42
1856.00	835.57
1857.00	779.40
1858.00	791.10
1859.00	793.44
1860.00	737.27
1861.00	767.70
1862.00	746.63
1863.00	807.48
1864.00	779.40
1865.00	690.46
1866.00	741.95
1867.00	723.23
1868.00	805.14
1869.00	739.61
1870.00	734.93
1871.00	678.76
1872.00	734.93
1873.00	748.97
1874.00	758.33
1875.00	772.38
1876.00	746.63
1877.00	727.91
1878.00	795.78
1879.00	741.95
1880.00	770.04
1881.00	685.78
1882.00	763.01
1883.00	758.33
1884.00	819.19
1885.00	779.40
1886.00	805.14
1887.00	800.46
1888.00	765.36
1889.00	786.42
1890.00	809.83
1891.00	807.48
1892.00	760.67
1893.00	788.76
1894.00	753.65
1895.00	760.67
1896.00	777.06
1897.00	791.10
1898.00	706.84
1899.00	760.67
1900.00	725.57
1901.00	781.74
1902.00	774.72
1903.00	746.63
1904.00	692.80
1905.00	753.65
1906.00	795.78
1907.00	784.08
1908.00	774.72
1909.00	781.74
1910.00	758.33
1911.00	709.18
1912.00	875.36
1913.00	861.32
1914.00	814.51
1915.00	798.12
1916.00	770.04
1917.00	737.27
1918.00	737.27
1919.00	854.30
1920.00	781.74
1921.00	746.63
1922.00	833.23
1923.00	755.99
1924.00	777.06
1925.00	753.65
1926.00	779.40
1927.00	795.78
1928.00	725.57
1929.00	777.06
1930.00	753.65
1931.00	753.65
1932.00	772.38
1933.00	688.12
1934.00	770.04
1935.00	711.52
1936.00	791.10
1937.00	709.18
1938.00	800.46
1939.00	685.78
1940.00	713.86
1941.00	788.76
1942.00	744.29
1943.00	791.10
1944.00	763.01
1945.00	821.53
1946.00	753.65
1947.00	763.01
1948.00	734.93
1949.00	774.72
1950.00	791.10
1951.00	798.12
1952.00	1088.35
1953.00	2356.92
1954.00	5081.30
1955.00	8065.49
1956.00	9088.30
1957.00	6494.99
1958.00	4145.09
1959.00	2708.00
1960.00	1788.17
1961.00	1472.20
1962.00	1109.41
1963.00	915.15
1964.00	858.98
1965.00	767.70
1966.00	793.44
1967.00	809.83
1968.00	798.12
1969.00	798.12
1970.00	910.47
1971.00	758.33
1972.00	765.36
1973.00	760.67
1974.00	903.45
1975.00	774.72
1976.00	793.44
1977.00	791.10
1978.00	774.72
1979.00	765.36
1980.00	870.68
1981.00	1053.24
1982.00	1160.91
1983.00	1268.57
1984.00	1093.03
1985.00	961.96
1986.00	856.64
1987.00	753.65
1988.00	800.46
1989.00	765.36
1990.00	784.08
1991.00	713.86
1992.00	774.72
1993.00	739.61
1994.00	784.08
1995.00	802.80
1996.00	777.06
1997.00	751.31
1998.00	814.51
1999.00	786.42
2000.00	842.59
2001.00	793.44
2002.00	760.67
2003.00	774.72
2004.00	770.04
2005.00	737.27
2006.00	800.46
2007.00	755.99
2008.00	748.97
2009.00	755.99
2010.00	767.70
2011.00	730.25
2012.00	765.36
2013.00	779.40
2014.00	746.63
2015.00	795.78
2016.00	819.19
2017.00	758.33
2018.00	711.52
2019.00	739.61
2020.00	753.65
2021.00	767.70
2022.00	837.91
2023.00	809.83
2024.00	912.81
2025.00	1057.92
2026.00	1224.10
2027.00	1252.19
2028.00	1203.04
2029.00	1160.91
2030.00	2457.56
2031.00	7021.61
2032.00	13542.34
2033.00	17989.36
2034.00	16018.63
2035.00	10717.31
2036.00	7136.29
2037.00	4447.02
2038.00	2803.96
2039.00	1823.28
2040.00	1373.89
2041.00	1123.46
2042.00	957.28
2043.00	903.45
2044.00	823.87
2045.00	931.53
2046.00	784.08
2047.00	863.66
