0.00	702.16
1.00	702.16
2.00	702.16
3.00	643.65
4.00	594.50
5.00	592.16
6.00	517.26
7.00	599.18
8.00	631.94
9.00	510.24
10.00	540.66
11.00	606.20
12.00	491.51
13.00	587.47
14.00	538.32
15.00	631.94
16.00	587.47
17.00	617.90
18.00	634.29
19.00	660.03
20.00	547.69
21.00	645.99
22.00	589.82
23.00	634.29
24.00	641.31
25.00	734.93
26.00	737.27
27.00	706.84
28.00	725.57
29.00	711.52
30.00	718.54
31.00	671.73
32.00	720.88
33.00	765.36
34.00	730.25
35.00	725.57
36.00	727.91
37.00	720.88
38.00	725.57
39.00	713.86
40.00	784.08
41.00	748.97
42.00	737.27
43.00	798.12
44.00	737.27
45.00	727.91
46.00	774.72
47.00	763.01
48.00	690.46
49.00	763.01
50.00	777.06
51.00	793.44
52.00	779.40
53.00	777.06
54.00	802.80
55.00	788.76
56.00	702.16
57.00	730.25
58.00	737.27
59.00	748.97
60.00	718.54
61.00	734.93
62.00	763.01
63.00	709.18
64.00	765.36
65.00	800.46
66.00	777.06
67.00	718.54
68.00	772.38
69.00	697.48
70.00	732.59
71.00	718.54
72.00	772.38
73.00	711.52
74.00	662.37
75.00	730.25
76.00	704.50
77.00	758.33
78.00	772.38
79.00	702.16
80.00	699.82
81.00	711.52
82.00	755.99
83.00	695.14
84.00	774.72
85.00	737.27
86.00	681.10
87.00	676.41
88.00	716.20
89.00	725.57
90.00	734.93
91.00	767.70
92.00	683.44
93.00	697.48
94.00	727.91
95.00	681.10
96.00	734.93
97.00	718.54
98.00	777.06
99.00	667.05
100.00	727.91
101.00	699.82
102.00	662.37
103.00	732.59
104.00	716.20
105.00	807.48
106.00	634.29
107.00	723.23
108.00	772.38
109.00	767.70
110.00	772.38
111.00	748.97
112.00	751.31
113.00	755.99
114.00	702.16
115.00	772.38
116.00	709.18
117.00	723.23
118.00	760.67
119.00	718.54
120.00	704.50
121.00	737.27
122.00	744.29
123.00	716.20
124.00	692.80
125.00	704.50
126.00	704.50
127.00	758.33
128.00	685.78
129.00	732.59
130.00	774.72
131.00	706.84
132.00	755.99
133.00	713.86
134.00	660.03
135.00	662.37
136.00	805.14
137.00	798.12
138.00	765.36
139.00	720.88
140.00	739.61
141.00	744.29
142.00	734.93
143.00	763.01
144.00	723.23
145.00	763.01
146.00	690.46
147.00	760.67
148.00	784.08
149.00	884.72
150.00	763.01
151.00	734.93
152.00	763.01
153.00	711.52
154.00	755.99
155.00	805.14
156.00	716.20
157.00	737.27
158.00	732.59
159.00	751.31
160.00	737.27
161.00	734.93
162.00	709.18
163.00	767.70
164.00	751.31
165.00	751.31
166.00	770.04
167.00	786.42
168.00	786.42
169.00	821.53
170.00	753.65
171.00	683.44
172.00	727.91
173.00	734.93
174.00	788.76
175.00	699.82
176.00	751.31
177.00	732.59
178.00	753.65
179.00	718.54
180.00	786.42
181.00	699.82
182.00	744.29
183.00	718.54
184.00	702.16
185.00	697.48
186.00	704.50
187.00	711.52
188.00	753.65
189.00	802.80
190.00	763.01
191.00	720.88
192.00	720.88
193.00	744.29
194.00	760.67
195.00	770.04
196.00	807.48
197.00	844.93
198.00	800.46
199.00	760.67
200.00	744.29
201.00	720.88
202.00	753.65
203.00	755.99
204.00	678.76
205.00	765.36
206.00	765.36
207.00	753.65
208.00	741.95
209.00	709.18
210.00	718.54
211.00	779.40
212.00	744.29
213.00	793.44
214.00	678.76
215.00	704.50
216.00	763.01
217.00	748.97
218.00	702.16
219.00	697.48
220.00	725.57
221.00	723.23
222.00	732.59
223.00	767.70
224.00	753.65
225.00	739.61
226.00	674.07
227.00	763.01
228.00	758.33
229.00	727.91
230.00	772.38
231.00	688.12
232.00	737.27
233.00	746.63
234.00	748.97
235.00	702.16
236.00	807.48
237.00	753.65
238.00	685.78
239.00	711.52
240.00	713.86
241.00	725.57
242.00	786.42
243.00	711.52
244.00	755.99
245.00	765.36
246.00	718.54
247.00	779.40
248.00	667.05
249.00	786.42
250.00	704.50
251.00	774.72
252.00	779.40
253.00	720.88
254.00	737.27
255.00	741.95
256.00	772.38
257.00	723.23
258.00	781.74
259.00	781.74
260.00	739.61
261.00	751.31
262.00	748.97
263.00	763.01
264.00	674.07
265.00	791.10
266.00	746.63
267.00	770.04
268.00	826.21
269.00	751.31
270.00	753.65
271.00	840.25
272.00	779.40
273.00	854.30
274.00	786.42
275.00	765.36
276.00	805.14
277.00	777.06
278.00	753.65
279.00	770.04
280.00	753.65
281.00	821.53
282.00	767.70
283.00	718.54
284.00	826.21
285.00	777.06
286.00	737.27
287.00	702.16
288.00	746.63
289.00	755.99
290.00	748.97
291.00	697.48
292.00	638.97
293.00	786.42
294.00	739.61
295.00	751.31
296.00	702.16
297.00	744.29
298.00	774.72
299.00	716.20
300.00	777.06
301.00	779.40
302.00	723.23
303.00	730.25
304.00	709.18
305.00	704.50
306.00	758.33
307.00	807.48
308.00	777.06
309.00	793.44
310.00	802.80
311.00	842.59
312.00	802.80
313.00	784.08
314.00	746.63
315.00	767.70
316.00	767.70
317.00	800.46
318.00	779.40
319.00	770.04
320.00	727.91
321.00	744.29
322.00	753.65
323.00	779.40
324.00	744.29
325.00	660.03
326.00	711.52
327.00	702.16
328.00	770.04
329.00	753.65
330.00	688.12
331.00	664.71
332.00	786.42
333.00	734.93
334.00	711.52
335.00	709.18
336.00	770.04
337.00	767.70
338.00	784.08
339.00	791.10
340.00	650.67
341.00	744.29
342.00	821.53
343.00	706.84
344.00	765.36
345.00	837.91
346.00	763.01
347.00	697.48
348.00	800.46
349.00	802.80
350.00	791.10
351.00	816.85
352.00	807.48
353.00	800.46
354.00	713.86
355.00	760.67
356.00	730.25
357.00	781.74
358.00	737.27
359.00	767.70
360.00	758.33
361.00	828.55
362.00	819.19
363.00	800.46
364.00	730.25
365.00	758.33
366.00	706.84
367.00	753.65
368.00	767.70
369.00	760.67
370.00	753.65
371.00	748.97
372.00	737.27
373.00	760.67
374.00	781.74
375.00	734.93
376.00	671.73
377.00	718.54
378.00	688.12
379.00	734.93
380.00	793.44
381.00	748.97
382.00	746.63
383.00	748.97
384.00	772.38
385.00	737.27
386.00	755.99
387.00	690.46
388.00	725.57
389.00	695.14
390.00	765.36
391.00	809.83
392.00	751.31
393.00	704.50
394.00	688.12
395.00	770.04
396.00	723.23
397.00	709.18
398.00	830.89
399.00	772.38
400.00	791.10
401.00	758.33
402.00	760.67
403.00	791.10
404.00	767.70
405.00	772.38
406.00	737.27
407.00	676.41
408.00	706.84
409.00	751.31
410.00	774.72
411.00	727.91
412.00	788.76
413.00	767.70
414.00	755.99
415.00	636.63
416.00	730.25
417.00	723.23
418.00	713.86
419.00	720.88
420.00	837.91
421.00	725.57
422.00	704.50
423.00	744.29
424.00	702.16
425.00	734.93
426.00	695.14
427.00	713.86
428.00	697.48
429.00	725.57
430.00	723.23
431.00	763.01
432.00	737.27
433.00	763.01
434.00	795.78
435.00	755.99
436.00	706.84
437.00	788.76
438.00	849.61
439.00	814.51
440.00	814.51
441.00	709.18
442.00	770.04
443.00	856.64
444.00	774.72
445.00	774.72
446.00	786.42
447.00	802.80
448.00	744.29
449.00	744.29
450.00	692.80
451.00	692.80
452.00	737.27
453.00	767.70
454.00	748.97
455.00	718.54
456.00	734.93
457.00	812.17
458.00	774.72
459.00	758.33
460.00	748.97
461.00	716.20
462.00	734.93
463.00	723.23
464.00	744.29
465.00	748.97
466.00	781.74
467.00	732.59
468.00	755.99
469.00	791.10
470.00	765.36
471.00	760.67
472.00	793.44
473.00	772.38
474.00	779.40
475.00	690.46
476.00	716.20
477.00	702.16
478.00	755.99
479.00	730.25
480.00	774.72
481.00	746.63
482.00	760.67
483.00	755.99
484.00	767.70
485.00	784.08
486.00	734.93
487.00	702.16
488.00	744.29
489.00	772.38
490.00	709.18
491.00	713.86
492.00	746.63
493.00	758.33
494.00	779.40
495.00	690.46
496.00	741.95
497.00	821.53
498.00	823.87
499.00	784.08
500.00	739.61
501.00	788.76
502.00	814.51
503.00	720.88
504.00	751.31
505.00	753.65
506.00	737.27
507.00	739.61
508.00	697.48
509.00	744.29
510.00	798.12
511.00	734.93
512.00	730.25
513.00	718.54
514.00	730.25
515.00	786.42
516.00	805.14
517.00	732.59
518.00	746.63
519.00	737.27
520.00	814.51
521.00	774.72
522.00	798.12
523.00	793.44
524.00	746.63
525.00	704.50
526.00	755.99
527.00	814.51
528.00	765.36
529.00	770.04
530.00	702.16
531.00	823.87
532.00	730.25
533.00	767.70
534.00	737.27
535.00	758.33
536.00	741.95
537.00	770.04
538.00	800.46
539.00	795.78
540.00	748.97
541.00	779.40
542.00	772.38
543.00	753.65
544.00	725.57
545.00	704.50
546.00	732.59
547.00	732.59
548.00	737.27
549.00	725.57
550.00	753.65
551.00	718.54
552.00	798.12
553.00	770.04
554.00	739.61
555.00	784.08
556.00	763.01
557.00	720.88
558.00	786.42
559.00	702.16
560.00	786.42
561.00	755.99
562.00	699.82
563.00	774.72
564.00	723.23
565.00	751.31
566.00	819.19
567.00	793.44
568.00	720.88
569.00	772.38
570.00	730.25
571.00	758.33
572.00	840.25
573.00	814.51
574.00	720.88
575.00	786.42
576.00	704.50
577.00	727.91
578.00	774.72
579.00	753.65
580.00	692.80
581.00	744.29
582.00	711.52
583.00	739.61
584.00	791.10
585.00	739.61
586.00	695.14
587.00	777.06
588.00	807.48
589.00	788.76
590.00	812.17
591.00	777.06
592.00	833.23
593.00	774.72
594.00	702.16
595.00	730.25
596.00	763.01
597.00	755.99
598.00	802.80
599.00	741.95
600.00	725.57
601.00	702.16
602.00	711.52
603.00	655.35
604.00	798.12
605.00	765.36
606.00	809.83
607.00	784.08
608.00	826.21
609.00	751.31
610.00	725.57
611.00	744.29
612.00	711.52
613.00	805.14
614.00	788.76
615.00	758.33
616.00	809.83
617.00	765.36
618.00	758.33
619.00	727.91
620.00	805.14
621.00	779.40
622.00	786.42
623.00	744.29
624.00	741.95
625.00	826.21
626.00	734.93
627.00	772.38
628.00	819.19
629.00	784.08
630.00	793.44
631.00	734.93
632.00	713.86
633.00	713.86
634.00	751.31
635.00	844.93
636.00	718.54
637.00	767.70
638.00	767.70
639.00	784.08
640.00	805.14
641.00	774.72
642.00	784.08
643.00	716.20
644.00	727.91
645.00	704.50
646.00	763.01
647.00	791.10
648.00	826.21
649.00	741.95
650.00	809.83
651.00	730.25
652.00	732.59
653.00	784.08
654.00	755.99
655.00	880.04
656.00	744.29
657.00	819.19
658.00	751.31
659.00	751.31
660.00	788.76
661.00	751.31
662.00	816.85
663.00	753.65
664.00	765.36
665.00	805.14
666.00	791.10
667.00	760.67
668.00	737.27
669.00	746.63
670.00	713.86
671.00	699.82
672.00	786.42
673.00	791.10
674.00	741.95
675.00	807.48
676.00	720.88
677.00	683.44
678.00	781.74
679.00	765.36
680.00	772.38
681.00	802.80
682.00	854.30
683.00	709.18
684.00	795.78
685.00	779.40
686.00	788.76
687.00	823.87
688.00	744.29
689.00	739.61
690.00	840.25
691.00	725.57
692.00	734.93
693.00	779.40
694.00	807.48
695.00	800.46
696.00	755.99
697.00	793.44
698.00	737.27
699.00	823.87
700.00	723.23
701.00	788.76
702.00	718.54
703.00	709.18
704.00	770.04
705.00	702.16
706.00	774.72
707.00	784.08
708.00	793.44
709.00	840.25
710.00	725.57
711.00	730.25
712.00	767.70
713.00	840.25
714.00	760.67
715.00	758.33
716.00	744.29
717.00	727.91
718.00	802.80
719.00	751.31
720.00	784.08
721.00	802.80
722.00	795.78
723.00	755.99
724.00	765.36
725.00	809.83
726.00	779.40
727.00	779.40
728.00	725.57
729.00	732.59
730.00	802.80
731.00	727.91
732.00	725.57
733.00	833.23
734.00	786.42
735.00	770.04
736.00	772.38
737.00	699.82
738.00	755.99
739.00	819.19
740.00	786.42
741.00	826.21
742.00	786.42
743.00	748.97
744.00	727.91
745.00	772.38
746.00	777.06
747.00	732.59
748.00	720.88
749.00	844.93
750.00	753.65
751.00	760.67
752.00	737.27
753.00	746.63
754.00	702.16
755.00	807.48
756.00	924.51
757.00	784.08
758.00	777.06
759.00	791.10
760.00	788.76
761.00	772.38
762.00	751.31
763.00	774.72
764.00	765.36
765.00	826.21
766.00	774.72
767.00	730.25
768.00	807.48
769.00	779.40
770.00	786.42
771.00	727.91
772.00	765.36
773.00	758.33
774.00	711.52
775.00	765.36
776.00	798.12
777.00	763.01
778.00	748.97
779.00	784.08
780.00	751.31
781.00	779.40
782.00	823.87
783.00	727.91
784.00	800.46
785.00	746.63
786.00	770.04
787.00	830.89
788.00	755.99
789.00	770.04
790.00	746.63
791.00	795.78
792.00	823.87
793.00	823.87
794.00	755.99
795.00	758.33
796.00	784.08
797.00	720.88
798.00	854.30
799.00	793.44
800.00	795.78
801.00	751.31
802.00	816.85
803.00	800.46
804.00	772.38
805.00	739.61
806.00	814.51
807.00	765.36
808.00	718.54
809.00	793.44
810.00	753.65
811.00	821.53
812.00	741.95
813.00	791.10
814.00	748.97
815.00	814.51
816.00	688.12
817.00	812.17
818.00	816.85
819.00	788.76
820.00	718.54
821.00	767.70
822.00	788.76
823.00	828.55
824.00	779.40
825.00	807.48
826.00	814.51
827.00	795.78
828.00	760.67
829.00	725.57
830.00	748.97
831.00	788.76
832.00	758.33
833.00	821.53
834.00	739.61
835.00	837.91
836.00	770.04
837.00	788.76
838.00	765.36
839.00	788.76
840.00	763.01
841.00	802.80
842.00	844.93
843.00	781.74
844.00	802.80
845.00	734.93
846.00	821.53
847.00	751.31
848.00	711.52
849.00	798.12
850.00	692.80
851.00	711.52
852.00	751.31
853.00	767.70
854.00	814.51
855.00	739.61
856.00	781.74
857.00	788.76
858.00	770.04
859.00	772.38
860.00	765.36
861.00	795.78
862.00	765.36
863.00	784.08
864.00	772.38
865.00	802.80
866.00	748.97
867.00	812.17
868.00	863.66
869.00	753.65
870.00	798.12
871.00	763.01
872.00	706.84
873.00	734.93
874.00	741.95
875.00	781.74
876.00	779.40
877.00	833.23
878.00	760.67
879.00	755.99
880.00	741.95
881.00	805.14
882.00	727.91
883.00	812.17
884.00	791.10
885.00	779.40
886.00	833.23
887.00	748.97
888.00	725.57
889.00	671.73
890.00	807.48
891.00	781.74
892.00	711.52
893.00	763.01
894.00	798.12
895.00	781.74
896.00	716.20
897.00	690.46
898.00	823.87
899.00	770.04
900.00	774.72
901.00	763.01
902.00	828.55
903.00	716.20
904.00	737.27
905.00	873.02
906.00	875.36
907.00	877.70
908.00	891.74
909.00	826.21
910.00	725.57
911.00	919.83
912.00	840.25
913.00	866.00
914.00	889.40
915.00	877.70
916.00	830.89
917.00	912.81
918.00	856.64
919.00	765.36
920.00	765.36
921.00	772.38
922.00	758.33
923.00	812.17
924.00	798.12
925.00	880.04
926.00	816.85
927.00	751.31
928.00	706.84
929.00	739.61
930.00	816.85
931.00	840.25
932.00	784.08
933.00	823.87
934.00	737.27
935.00	779.40
936.00	767.70
937.00	814.51
938.00	809.83
939.00	781.74
940.00	767.70
941.00	826.21
942.00	791.10
943.00	875.36
944.00	716.20
945.00	847.27
946.00	1125.80
947.00	1535.39
948.00	2012.86
949.00	1776.47
950.00	1523.69
951.00	1310.70
952.00	1224.10
953.00	1043.88
954.00	903.45
955.00	809.83
956.00	819.19
957.00	826.21
958.00	763.01
959.00	807.48
960.00	751.31
961.00	699.82
962.00	758.33
963.00	765.36
964.00	795.78
965.00	685.78
966.00	835.57
967.00	837.91
968.00	711.52
969.00	709.18
970.00	774.72
971.00	748.97
972.00	786.42
973.00	807.48
974.00	748.97
975.00	772.38
976.00	706.84
977.00	802.80
978.00	814.51
979.00	837.91
980.00	753.65
981.00	786.42
982.00	835.57
983.00	720.88
984.00	786.42
985.00	758.33
986.00	711.52
987.00	741.95
988.00	795.78
989.00	802.80
990.00	807.48
991.00	770.04
992.00	814.51
993.00	734.93
994.00	737.27
995.00	798.12
996.00	786.42
997.00	737.27
998.00	777.06
999.00	840.25
1000.00	723.23
1001.00	732.59
1002.00	809.83
1003.00	807.48
1004.00	772.38
1005.00	751.31
1006.00	781.74
1007.00	828.55
1008.00	725.57
1009.00	830.89
1010.00	760.67
1011.00	755.99
1012.00	774.72
1013.00	748.97
1014.00	751.31
1015.00	781.74
1016.00	854.30
1017.00	805.14
1018.00	777.06
1019.00	830.89
1020.00	784.08
1021.00	791.10
1022.00	667.05
1023.00	725.57
1024.00	718.54
1025.00	774.72
1026.00	788.76
1027.00	713.86
1028.00	739.61
1029.00	800.46
1030.00	741.95
1031.00	798.12
1032.00	763.01
1033.00	826.21
1034.00	706.84
1035.00	744.29
1036.00	753.65
1037.00	786.42
1038.00	830.89
1039.00	849.61
1040.00	725.57
1041.00	744.29
1042.00	793.44
1043.00	772.38
1044.00	777.06
1045.00	786.42
1046.00	826.21
1047.00	800.46
1048.00	770.04
1049.00	758.33
1050.00	795.78
1051.00	765.36
1052.00	795.78
1053.00	828.55
1054.00	727.91
1055.00	748.97
1056.00	802.80
1057.00	755.99
1058.00	748.97
1059.00	730.25
1060.00	793.44
1061.00	786.42
1062.00	741.95
1063.00	784.08
1064.00	809.83
1065.00	835.57
1066.00	774.72
1067.00	758.33
1068.00	751.31
1069.00	800.46
1070.00	781.74
1071.00	830.89
1072.00	744.29
1073.00	772.38
1074.00	784.08
1075.00	777.06
1076.00	737.27
1077.00	765.36
1078.00	732.59
1079.00	779.40
1080.00	823.87
1081.00	777.06
1082.00	788.76
1083.00	791.10
1084.00	718.54
1085.00	702.16
1086.00	791.10
1087.00	861.32
1088.00	793.44
1089.00	798.12
1090.00	765.36
1091.00	798.12
1092.00	720.88
1093.00	779.40
1094.00	823.87
1095.00	828.55
1096.00	819.19
1097.00	704.50
1098.00	744.29
1099.00	826.21
1100.00	856.64
1101.00	844.93
1102.00	821.53
1103.00	821.53
1104.00	826.21
1105.00	802.80
1106.00	767.70
1107.00	779.40
1108.00	763.01
1109.00	830.89
1110.00	798.12
1111.00	791.10
1112.00	779.40
1113.00	828.55
1114.00	823.87
1115.00	793.44
1116.00	784.08
1117.00	777.06
1118.00	774.72
1119.00	767.70
1120.00	770.04
1121.00	805.14
1122.00	770.04
1123.00	830.89
1124.00	751.31
1125.00	826.21
1126.00	744.29
1127.00	781.74
1128.00	779.40
1129.00	711.52
1130.00	746.63
1131.00	802.80
1132.00	791.10
1133.00	758.33
1134.00	767.70
1135.00	755.99
1136.00	727.91
1137.00	753.65
1138.00	791.10
1139.00	821.53
1140.00	861.32
1141.00	835.57
1142.00	772.38
1143.00	788.76
1144.00	816.85
1145.00	753.65
1146.00	727.91
1147.00	788.76
1148.00	795.78
1149.00	814.51
1150.00	746.63
1151.00	744.29
1152.00	868.34
1153.00	819.19
1154.00	741.95
1155.00	816.85
1156.00	746.63
1157.00	814.51
1158.00	858.98
1159.00	884.72
1160.00	844.93
1161.00	793.44
1162.00	844.93
1163.00	842.59
1164.00	842.59
1165.00	851.96
1166.00	940.90
1167.00	1036.86
1168.00	1172.61
1169.00	1193.67
1170.00	1076.65
1171.00	1034.52
1172.00	926.85
1173.00	959.62
1174.00	891.74
1175.00	866.00
1176.00	800.46
1177.00	833.23
1178.00	837.91
1179.00	812.17
1180.00	802.80
1181.00	765.36
1182.00	842.59
1183.00	786.42
1184.00	887.06
1185.00	840.25
1186.00	830.89
1187.00	844.93
1188.00	840.25
1189.00	835.57
1190.00	891.74
1191.00	882.38
1192.00	807.48
1193.00	943.24
1194.00	933.87
1195.00	908.13
1196.00	924.51
1197.00	917.49
1198.00	901.11
1199.00	901.11
1200.00	917.49
1201.00	973.66
1202.00	1083.67
1203.00	1181.97
1204.00	1167.93
1205.00	1015.79
1206.00	952.60
1207.00	997.07
1208.00	966.64
1209.00	973.66
1210.00	966.64
1211.00	1064.94
1212.00	964.30
1213.00	1095.37
1214.00	1020.47
1215.00	1062.60
1216.00	1210.06
1217.00	1275.59
1218.00	1530.71
1219.00	1657.10
1220.00	3166.74
1221.00	16849.52
1222.00	48142.48
1223.00	62885.51
1224.00	62588.27
1225.00	53806.58
1226.00	39627.61
1227.00	29474.37
1228.00	24545.20
1229.00	17490.82
1230.00	8547.64
1231.00	3634.85
1232.00	1991.80
1233.00	1500.28
1234.00	1397.30
1235.00	1287.29
1236.00	1282.61
1237.00	1165.59
1238.00	1083.67
1239.00	1467.52
1240.00	3141.00
1241.00	5217.05
1242.00	6562.86
1243.00	5224.08
1244.00	4147.43
1245.00	3213.56
1246.00	2754.81
1247.00	2333.51
1248.00	1624.33
1249.00	1137.50
1250.00	926.85
1251.00	875.36
1252.00	894.08
1253.00	978.34
1254.00	983.02
1255.00	1022.81
1256.00	968.98
1257.00	976.00
1258.00	968.98
1259.00	926.85
1260.00	1006.43
1261.00	1011.11
1262.00	915.15
1263.00	898.77
1264.00	903.45
1265.00	861.32
1266.00	849.61
1267.00	903.45
1268.00	903.45
1269.00	882.38
1270.00	828.55
1271.00	830.89
1272.00	837.91
1273.00	849.61
1274.00	816.85
1275.00	784.08
1276.00	875.36
1277.00	947.92
1278.00	1013.45
1279.00	2211.81
1280.00	5731.97
1281.00	9811.53
1282.00	10991.16
1283.00	8601.47
1284.00	6300.72
1285.00	4830.87
1286.00	3932.10
1287.00	3091.85
1288.00	2139.25
1289.00	1296.66
1290.00	1076.65
1291.00	887.06
1292.00	877.70
1293.00	940.90
1294.00	952.60
1295.00	903.45
1296.00	910.47
1297.00	791.10
1298.00	976.00
1299.00	1472.20
1300.00	2356.92
1301.00	3061.42
1302.00	2832.05
1303.00	2373.30
1304.00	1877.11
1305.00	1624.33
1306.00	1497.94
1307.00	1277.93
1308.00	1097.71
1309.00	905.79
1310.00	858.98
1311.00	851.96
1312.00	936.21
1313.00	851.96
1314.00	812.17
1315.00	847.27
1316.00	858.98
1317.00	840.25
1318.00	870.68
1319.00	870.68
1320.00	842.59
1321.00	800.46
1322.00	835.57
1323.00	809.83
1324.00	765.36
1325.00	774.72
1326.00	830.89
1327.00	763.01
1328.00	784.08
1329.00	770.04
1330.00	746.63
1331.00	894.08
1332.00	903.45
1333.00	983.02
1334.00	1717.95
1335.00	2640.12
1336.00	3375.05
1337.00	2995.89
1338.00	2373.30
1339.00	1837.32
1340.00	1533.05
1341.00	1507.30
1342.00	1205.38
1343.00	978.34
1344.00	896.43
1345.00	905.79
1346.00	816.85
1347.00	800.46
1348.00	842.59
1349.00	884.72
1350.00	795.78
1351.00	847.27
1352.00	950.26
1353.00	828.55
1354.00	915.15
1355.00	875.36
1356.00	938.55
1357.00	828.55
1358.00	868.34
1359.00	889.40
1360.00	905.79
1361.00	1013.45
1362.00	2050.31
1363.00	5139.82
1364.00	8557.00
1365.00	9453.42
1366.00	7213.53
1367.00	5231.10
1368.00	3999.98
1369.00	3246.32
1370.00	2644.81
1371.00	1753.06
1372.00	1242.82
1373.00	1050.90
1374.00	1053.24
1375.00	1135.16
1376.00	2813.32
1377.00	7978.89
1378.00	14207.05
1379.00	16805.05
1380.00	12641.23
1381.00	9116.39
1382.00	6588.61
1383.00	5397.28
1384.00	4180.20
1385.00	2672.89
1386.00	1549.43
1387.00	1146.86
1388.00	894.08
1389.00	936.21
1390.00	924.51
1391.00	924.51
1392.00	889.40
1393.00	877.70
1394.00	863.66
1395.00	844.93
1396.00	933.87
1397.00	896.43
1398.00	1011.11
1399.00	1203.04
1400.00	1380.92
1401.00	1256.87
1402.00	1132.82
1403.00	1100.05
1404.00	1149.20
1405.00	1160.91
1406.00	1888.81
1407.00	7466.31
1408.00	18122.77
1409.00	27653.43
1410.00	24177.73
1411.00	17303.58
1412.00	12020.99
1413.00	8917.44
1414.00	7503.76
1415.00	4952.57
1416.00	2572.25
1417.00	1558.80
1418.00	1167.93
1419.00	1137.50
1420.00	1804.55
1421.00	4072.53
1422.00	6359.24
1423.00	7229.91
1424.00	5514.30
1425.00	4042.11
1426.00	3171.43
1427.00	2630.76
1428.00	2165.00
1429.00	1516.67
1430.00	1078.99
1431.00	943.24
1432.00	873.02
1433.00	858.98
1434.00	866.00
1435.00	936.21
1436.00	889.40
1437.00	816.85
1438.00	755.99
1439.00	795.78
1440.00	858.98
1441.00	842.59
1442.00	840.25
1443.00	873.02
1444.00	793.44
1445.00	837.91
1446.00	802.80
1447.00	840.25
1448.00	840.25
1449.00	760.67
1450.00	847.27
1451.00	809.83
1452.00	826.21
1453.00	866.00
1454.00	814.51
1455.00	1240.48
1456.00	2317.13
1457.00	3801.03
1458.00	4713.84
1459.00	3901.67
1460.00	2967.80
1461.00	2338.20
1462.00	1926.26
1463.00	1589.22
1464.00	1226.44
1465.00	952.60
1466.00	936.21
1467.00	858.98
1468.00	763.01
1469.00	774.72
1470.00	868.34
1471.00	823.87
1472.00	777.06
1473.00	788.76
1474.00	821.53
1475.00	758.33
1476.00	814.51
1477.00	819.19
1478.00	800.46
1479.00	816.85
1480.00	858.98
1481.00	823.87
1482.00	802.80
1483.00	826.21
1484.00	891.74
1485.00	938.55
1486.00	968.98
1487.00	1102.39
1488.00	3407.82
1489.00	8269.11
1490.00	13504.89
1491.00	13621.92
1492.00	9975.36
1493.00	7091.82
1494.00	5397.28
1495.00	4360.42
1496.00	3279.09
1497.00	1926.26
1498.00	1193.67
1499.00	950.26
1500.00	952.60
1501.00	866.00
1502.00	798.12
1503.00	849.61
1504.00	868.34
1505.00	812.17
1506.00	805.14
1507.00	788.76
1508.00	788.76
1509.00	849.61
1510.00	835.57
1511.00	833.23
1512.00	830.89
1513.00	1146.86
1514.00	2026.90
1515.00	3260.37
1516.00	4344.03
1517.00	3461.65
1518.00	2724.38
1519.00	2031.58
1520.00	1795.19
1521.00	1530.71
1522.00	1277.93
1523.00	961.96
1524.00	807.48
1525.00	875.36
1526.00	882.38
1527.00	891.74
1528.00	833.23
1529.00	814.51
1530.00	905.79
1531.00	926.85
1532.00	945.58
1533.00	1919.24
1534.00	4781.71
1535.00	8435.29
1536.00	10174.31
1537.00	8011.65
1538.00	5708.57
1539.00	4163.81
1540.00	3405.48
1541.00	2686.94
1542.00	1832.64
1543.00	1142.18
1544.00	1001.75
1545.00	940.90
1546.00	875.36
1547.00	915.15
1548.00	924.51
1549.00	795.78
1550.00	861.32
1551.00	891.74
1552.00	826.21
1553.00	798.12
1554.00	833.23
1555.00	861.32
1556.00	847.27
1557.00	924.51
1558.00	844.93
1559.00	837.91
1560.00	873.02
1561.00	884.72
1562.00	870.68
1563.00	997.07
1564.00	1060.26
1565.00	1254.53
1566.00	4004.66
1567.00	10345.17
1568.00	17226.34
1569.00	17872.33
1570.00	12634.21
1571.00	9128.09
1572.00	6789.89
1573.00	5516.64
1574.00	3847.84
1575.00	2335.85
1576.00	1537.73
1577.00	1256.87
1578.00	1636.03
1579.00	5977.73
1580.00	16229.27
1581.00	27129.15
1582.00	29046.05
1583.00	20346.28
1584.00	14251.52
1585.00	10406.02
1586.00	8376.78
1587.00	5750.70
1588.00	3033.33
1589.00	1687.53
1590.00	1177.29
1591.00	1004.09
1592.00	978.34
1593.00	887.06
1594.00	873.02
1595.00	861.32
1596.00	917.49
1597.00	992.39
1598.00	807.48
1599.00	854.30
1600.00	844.93
1601.00	842.59
1602.00	840.25
1603.00	727.91
1604.00	819.19
1605.00	903.45
1606.00	826.21
1607.00	802.80
1608.00	805.14
1609.00	767.70
1610.00	781.74
1611.00	755.99
1612.00	795.78
1613.00	807.48
1614.00	896.43
1615.00	861.32
1616.00	802.80
1617.00	816.85
1618.00	774.72
1619.00	777.06
1620.00	814.51
1621.00	856.64
1622.00	826.21
1623.00	812.17
1624.00	779.40
1625.00	798.12
1626.00	758.33
1627.00	760.67
1628.00	767.70
1629.00	765.36
1630.00	840.25
1631.00	765.36
1632.00	814.51
1633.00	814.51
1634.00	772.38
1635.00	767.70
1636.00	798.12
1637.00	732.59
1638.00	863.66
1639.00	903.45
1640.00	765.36
1641.00	786.42
1642.00	753.65
1643.00	844.93
1644.00	795.78
1645.00	826.21
1646.00	833.23
1647.00	868.34
1648.00	847.27
1649.00	1041.54
1650.00	2471.61
1651.00	6869.47
1652.00	12442.29
1653.00	15552.86
1654.00	12098.23
1655.00	8751.26
1656.00	6321.79
1657.00	5004.07
1658.00	3613.79
1659.00	2251.60
1660.00	1497.94
1661.00	1062.60
1662.00	901.11
1663.00	849.61
1664.00	809.83
1665.00	837.91
1666.00	830.89
1667.00	919.83
1668.00	1186.65
1669.00	2527.78
1670.00	4332.33
1671.00	5680.48
1672.00	4943.21
1673.00	3719.11
1674.00	2895.24
1675.00	2303.09
1676.00	1842.00
1677.00	1362.19
1678.00	1053.24
1679.00	912.81
1680.00	842.59
1681.00	828.55
1682.00	795.78
1683.00	828.55
1684.00	819.19
1685.00	758.33
1686.00	849.61
1687.00	802.80
1688.00	770.04
1689.00	744.29
1690.00	746.63
1691.00	763.01
1692.00	807.48
1693.00	830.89
1694.00	774.72
1695.00	816.85
1696.00	800.46
1697.00	732.59
1698.00	753.65
1699.00	748.97
1700.00	842.59
1701.00	837.91
1702.00	791.10
1703.00	828.55
1704.00	777.06
1705.00	791.10
1706.00	760.67
1707.00	814.51
1708.00	858.98
1709.00	777.06
1710.00	755.99
1711.00	823.87
1712.00	826.21
1713.00	837.91
1714.00	1430.07
1715.00	3236.96
1716.00	5858.36
1717.00	7564.61
1718.00	6750.10
1719.00	5076.62
1720.00	3838.48
1721.00	3007.59
1722.00	2239.89
1723.00	1640.72
1724.00	1181.97
1725.00	915.15
1726.00	849.61
1727.00	868.34
1728.00	870.68
1729.00	774.72
1730.00	833.23
1731.00	800.46
1732.00	844.93
1733.00	840.25
1734.00	814.51
1735.00	774.72
1736.00	842.59
1737.00	779.40
1738.00	760.67
1739.00	746.63
1740.00	788.76
1741.00	777.06
1742.00	772.38
1743.00	716.20
1744.00	798.12
1745.00	791.10
1746.00	755.99
1747.00	704.50
1748.00	842.59
1749.00	725.57
1750.00	746.63
1751.00	718.54
1752.00	774.72
1753.00	744.29
1754.00	793.44
1755.00	823.87
1756.00	739.61
1757.00	847.27
1758.00	830.89
1759.00	786.42
1760.00	821.53
1761.00	767.70
1762.00	727.91
1763.00	847.27
1764.00	819.19
1765.00	847.27
1766.00	868.34
1767.00	816.85
1768.00	826.21
1769.00	976.00
1770.00	1984.77
1771.00	5256.84
1772.00	10003.45
1773.00	13135.09
1774.00	11370.32
1775.00	8610.83
1776.00	6274.98
1777.00	4507.87
1778.00	2794.60
1779.00	1930.94
1780.00	1334.11
1781.00	1149.20
1782.00	964.30
1783.00	877.70
1784.00	828.55
1785.00	819.19
1786.00	821.53
1787.00	767.70
1788.00	812.17
1789.00	816.85
1790.00	807.48
1791.00	791.10
1792.00	779.40
1793.00	793.44
1794.00	861.32
1795.00	842.59
1796.00	915.15
1797.00	1048.56
1798.00	2204.78
1799.00	4819.16
1800.00	7541.21
1801.00	8486.78
1802.00	6850.75
1803.00	5212.37
1804.00	3599.74
1805.00	2466.92
1806.00	1694.55
1807.00	1263.89
1808.00	1032.18
1809.00	929.19
1810.00	840.25
1811.00	793.44
1812.00	772.38
1813.00	816.85
1814.00	765.36
1815.00	798.12
1816.00	786.42
1817.00	784.08
1818.00	746.63
1819.00	767.70
1820.00	781.74
1821.00	737.27
1822.00	784.08
1823.00	772.38
1824.00	779.40
1825.00	784.08
1826.00	828.55
1827.00	725.57
1828.00	844.93
1829.00	896.43
1830.00	793.44
1831.00	795.78
1832.00	727.91
1833.00	835.57
1834.00	812.17
1835.00	802.80
1836.00	774.72
1837.00	765.36
1838.00	791.10
1839.00	763.01
1840.00	697.48
1841.00	678.76
1842.00	814.51
1843.00	737.27
1844.00	758.33
1845.00	784.08
1846.00	772.38
1847.00	793.44
1848.00	753.65
1849.00	772.38
1850.00	748.97
1851.00	697.48
1852.00	711.52
1853.00	812.17
1854.00	755.99
1855.00	763.01
1856.00	758.33
1857.00	727.91
1858.00	772.38
1859.00	770.04
1860.00	767.70
1861.00	732.59
1862.00	805.14
1863.00	746.63
1864.00	732.59
1865.00	730.25
1866.00	842.59
1867.00	751.31
1868.00	732.59
1869.00	732.59
1870.00	760.67
1871.00	763.01
1872.00	727.91
1873.00	737.27
1874.00	760.67
1875.00	788.76
1876.00	767.70
1877.00	791.10
1878.00	758.33
1879.00	760.67
1880.00	723.23
1881.00	744.29
1882.00	746.63
1883.00	725.57
1884.00	802.80
1885.00	688.12
1886.00	697.48
1887.00	727.91
1888.00	800.46
1889.00	767.70
1890.00	807.48
1891.00	704.50
1892.00	795.78
1893.00	786.42
1894.00	772.38
1895.00	746.63
1896.00	823.87
1897.00	723.23
1898.00	760.67
1899.00	760.67
1900.00	734.93
1901.00	847.27
1902.00	748.97
1903.00	739.61
1904.00	763.01
1905.00	741.95
1906.00	812.17
1907.00	739.61
1908.00	709.18
1909.00	779.40
1910.00	793.44
1911.00	760.67
1912.00	844.93
1913.00	863.66
1914.00	725.57
1915.00	802.80
1916.00	798.12
1917.00	741.95
1918.00	777.06
1919.00	795.78
1920.00	741.95
1921.00	828.55
1922.00	819.19
1923.00	779.40
1924.00	784.08
1925.00	741.95
1926.00	809.83
1927.00	678.76
1928.00	793.44
1929.00	732.59
1930.00	758.33
1931.00	753.65
1932.00	772.38
1933.00	819.19
1934.00	706.84
1935.00	723.23
1936.00	748.97
1937.00	716.20
1938.00	730.25
1939.00	713.86
1940.00	674.07
1941.00	753.65
1942.00	727.91
1943.00	751.31
1944.00	765.36
1945.00	767.70
1946.00	791.10
1947.00	812.17
1948.00	739.61
1949.00	732.59
1950.00	851.96
1951.00	828.55
1952.00	992.39
1953.00	2040.95
1954.00	4131.05
1955.00	6506.69
1956.00	7339.92
1957.00	5448.77
1958.00	3562.30
1959.00	2293.72
1960.00	1556.46
1961.00	1212.40
1962.00	1064.94
1963.00	896.43
1964.00	931.53
1965.00	887.06
1966.00	835.57
1967.00	739.61
1968.00	795.78
1969.00	767.70
1970.00	784.08
1971.00	751.31
1972.00	770.04
1973.00	788.76
1974.00	786.42
1975.00	791.10
1976.00	744.29
1977.00	744.29
1978.00	779.40
1979.00	758.33
1980.00	777.06
1981.00	1018.13
1982.00	1132.82
1983.00	1160.91
1984.00	994.73
1985.00	929.19
1986.00	863.66
1987.00	816.85
1988.00	770.04
1989.00	774.72
1990.00	732.59
1991.00	744.29
1992.00	711.52
1993.00	830.89
1994.00	774.72
1995.00	781.74
1996.00	748.97
1997.00	744.29
1998.00	746.63
1999.00	697.48
2000.00	772.38
2001.00	763.01
2002.00	755.99
2003.00	781.74
2004.00	748.97
2005.00	683.44
2006.00	695.14
2007.00	748.97
2008.00	767.70
2009.00	711.52
2010.00	732.59
2011.00	770.04
2012.00	821.53
2013.00	777.06
2014.00	741.95
2015.00	793.44
2016.00	755.99
2017.00	720.88
2018.00	767.70
2019.00	791.10
2020.00	798.12
2021.00	765.36
2022.00	781.74
2023.00	795.78
2024.00	809.83
2025.00	919.83
2026.00	1086.01
2027.00	1233.46
2028.00	1177.29
2029.00	1177.29
2030.00	2092.44
2031.00	5839.64
2032.00	10817.96
2033.00	14448.13
2034.00	13572.77
2035.00	8964.25
2036.00	5935.60
2037.00	3716.77
2038.00	2513.74
2039.00	1575.18
2040.00	1203.04
2041.00	1041.54
2042.00	922.17
2043.00	861.32
2044.00	779.40
2045.00	777.06
2046.00	697.48
2047.00	746.63
