0.00	695.14
1.00	695.14
2.00	695.14
3.00	613.22
4.00	587.47
5.00	489.17
6.00	578.11
7.00	543.00
8.00	547.69
9.00	610.88
10.00	521.94
11.00	571.09
12.00	486.83
13.00	486.83
14.00	538.32
15.00	587.47
16.00	571.09
17.00	580.45
18.00	622.58
19.00	601.52
20.00	629.60
21.00	606.20
22.00	589.82
23.00	631.94
24.00	645.99
25.00	660.03
26.00	645.99
27.00	692.80
28.00	671.73
29.00	636.63
30.00	706.84
31.00	723.23
32.00	716.20
33.00	727.91
34.00	704.50
35.00	732.59
36.00	706.84
37.00	774.72
38.00	779.40
39.00	685.78
40.00	763.01
41.00	678.76
42.00	770.04
43.00	711.52
44.00	676.41
45.00	699.82
46.00	767.70
47.00	709.18
48.00	751.31
49.00	716.20
50.00	706.84
51.00	751.31
52.00	730.25
53.00	748.97
54.00	751.31
55.00	765.36
56.00	713.86
57.00	657.69
58.00	727.91
59.00	734.93
60.00	751.31
61.00	741.95
62.00	683.44
63.00	730.25
64.00	716.20
65.00	716.20
66.00	690.46
67.00	725.57
68.00	720.88
69.00	720.88
70.00	746.63
71.00	732.59
72.00	741.95
73.00	711.52
74.00	730.25
75.00	730.25
76.00	650.67
77.00	746.63
78.00	711.52
79.00	716.20
80.00	653.01
81.00	763.01
82.00	737.27
83.00	760.67
84.00	779.40
85.00	723.23
86.00	676.41
87.00	748.97
88.00	737.27
89.00	737.27
90.00	716.20
91.00	739.61
92.00	744.29
93.00	681.10
94.00	774.72
95.00	734.93
96.00	770.04
97.00	737.27
98.00	746.63
99.00	697.48
100.00	671.73
101.00	758.33
102.00	734.93
103.00	697.48
104.00	688.12
105.00	704.50
106.00	669.39
107.00	760.67
108.00	704.50
109.00	774.72
110.00	746.63
111.00	791.10
112.00	793.44
113.00	664.71
114.00	746.63
115.00	763.01
116.00	631.94
117.00	767.70
118.00	690.46
119.00	798.12
120.00	746.63
121.00	716.20
122.00	788.76
123.00	723.23
124.00	716.20
125.00	741.95
126.00	674.07
127.00	685.78
128.00	660.03
129.00	744.29
130.00	711.52
131.00	767.70
132.00	772.38
133.00	744.29
134.00	688.12
135.00	737.27
136.00	791.10
137.00	681.10
138.00	664.71
139.00	734.93
140.00	746.63
141.00	695.14
142.00	688.12
143.00	716.20
144.00	704.50
145.00	753.65
146.00	812.17
147.00	751.31
148.00	730.25
149.00	763.01
150.00	741.95
151.00	683.44
152.00	692.80
153.00	772.38
154.00	727.91
155.00	760.67
156.00	629.60
157.00	779.40
158.00	748.97
159.00	795.78
160.00	741.95
161.00	697.48
162.00	723.23
163.00	777.06
164.00	739.61
165.00	685.78
166.00	699.82
167.00	744.29
168.00	748.97
169.00	763.01
170.00	699.82
171.00	662.37
172.00	777.06
173.00	744.29
174.00	744.29
175.00	807.48
176.00	748.97
177.00	634.29
178.00	706.84
179.00	760.67
180.00	716.20
181.00	669.39
182.00	725.57
183.00	706.84
184.00	734.93
185.00	798.12
186.00	746.63
187.00	763.01
188.00	751.31
189.00	737.27
190.00	748.97
191.00	760.67
192.00	725.57
193.00	727.91
194.00	704.50
195.00	826.21
196.00	847.27
197.00	763.01
198.00	751.31
199.00	706.84
200.00	723.23
201.00	744.29
202.00	777.06
203.00	788.76
204.00	720.88
205.00	737.27
206.00	681.10
207.00	774.72
208.00	746.63
209.00	676.41
210.00	795.78
211.00	830.89
212.00	763.01
213.00	730.25
214.00	798.12
215.00	702.16
216.00	758.33
217.00	737.27
218.00	688.12
219.00	697.48
220.00	795.78
221.00	683.44
222.00	741.95
223.00	802.80
224.00	709.18
225.00	732.59
226.00	713.86
227.00	641.31
228.00	688.12
229.00	685.78
230.00	730.25
231.00	725.57
232.00	688.12
233.00	730.25
234.00	732.59
235.00	781.74
236.00	741.95
237.00	753.65
238.00	709.18
239.00	688.12
240.00	758.33
241.00	671.73
242.00	772.38
243.00	732.59
244.00	765.36
245.00	763.01
246.00	692.80
247.00	713.86
248.00	748.97
249.00	737.27
250.00	720.88
251.00	767.70
252.00	739.61
253.00	758.33
254.00	697.48
255.00	765.36
256.00	772.38
257.00	697.48
258.00	765.36
259.00	657.69
260.00	784.08
261.00	709.18
262.00	683.44
263.00	725.57
264.00	739.61
265.00	753.65
266.00	748.97
267.00	725.57
268.00	744.29
269.00	760.67
270.00	772.38
271.00	772.38
272.00	842.59
273.00	847.27
274.00	753.65
275.00	770.04
276.00	805.14
277.00	737.27
278.00	713.86
279.00	763.01
280.00	772.38
281.00	851.96
282.00	741.95
283.00	713.86
284.00	751.31
285.00	786.42
286.00	772.38
287.00	727.91
288.00	737.27
289.00	760.67
290.00	720.88
291.00	739.61
292.00	807.48
293.00	758.33
294.00	702.16
295.00	753.65
296.00	774.72
297.00	683.44
298.00	690.46
299.00	683.44
300.00	718.54
301.00	774.72
302.00	774.72
303.00	699.82
304.00	737.27
305.00	748.97
306.00	774.72
307.00	741.95
308.00	880.04
309.00	887.06
310.00	823.87
311.00	802.80
312.00	795.78
313.00	770.04
314.00	746.63
315.00	702.16
316.00	723.23
317.00	751.31
318.00	786.42
319.00	741.95
320.00	788.76
321.00	774.72
322.00	699.82
323.00	753.65
324.00	770.04
325.00	760.67
326.00	777.06
327.00	725.57
328.00	718.54
329.00	751.31
330.00	704.50
331.00	718.54
332.00	751.31
333.00	758.33
334.00	711.52
335.00	713.86
336.00	758.33
337.00	760.67
338.00	755.99
339.00	779.40
340.00	685.78
341.00	753.65
342.00	702.16
343.00	748.97
344.00	781.74
345.00	844.93
346.00	746.63
347.00	805.14
348.00	793.44
349.00	800.46
350.00	800.46
351.00	779.40
352.00	798.12
353.00	835.57
354.00	746.63
355.00	800.46
356.00	748.97
357.00	791.10
358.00	786.42
359.00	763.01
360.00	746.63
361.00	746.63
362.00	746.63
363.00	737.27
364.00	741.95
365.00	737.27
366.00	753.65
367.00	711.52
368.00	720.88
369.00	758.33
370.00	772.38
371.00	779.40
372.00	741.95
373.00	779.40
374.00	828.55
375.00	767.70
376.00	725.57
377.00	739.61
378.00	755.99
379.00	688.12
380.00	751.31
381.00	706.84
382.00	713.86
383.00	800.46
384.00	777.06
385.00	748.97
386.00	730.25
387.00	753.65
388.00	716.20
389.00	751.31
390.00	765.36
391.00	716.20
392.00	755.99
393.00	821.53
394.00	791.10
395.00	660.03
396.00	716.20
397.00	688.12
398.00	765.36
399.00	725.57
400.00	716.20
401.00	739.61
402.00	713.86
403.00	774.72
404.00	791.10
405.00	770.04
406.00	753.65
407.00	716.20
408.00	699.82
409.00	739.61
410.00	744.29
411.00	748.97
412.00	737.27
413.00	767.70
414.00	713.86
415.00	755.99
416.00	695.14
417.00	732.59
418.00	678.76
419.00	699.82
420.00	760.67
421.00	753.65
422.00	723.23
423.00	706.84
424.00	667.05
425.00	732.59
426.00	718.54
427.00	692.80
428.00	713.86
429.00	791.10
430.00	770.04
431.00	711.52
432.00	727.91
433.00	788.76
434.00	681.10
435.00	791.10
436.00	746.63
437.00	692.80
438.00	741.95
439.00	744.29
440.00	741.95
441.00	734.93
442.00	716.20
443.00	732.59
444.00	739.61
445.00	755.99
446.00	777.06
447.00	631.94
448.00	730.25
449.00	732.59
450.00	725.57
451.00	795.78
452.00	741.95
453.00	805.14
454.00	779.40
455.00	770.04
456.00	751.31
457.00	774.72
458.00	730.25
459.00	702.16
460.00	784.08
461.00	725.57
462.00	699.82
463.00	774.72
464.00	772.38
465.00	706.84
466.00	678.76
467.00	788.76
468.00	730.25
469.00	718.54
470.00	753.65
471.00	781.74
472.00	725.57
473.00	732.59
474.00	753.65
475.00	723.23
476.00	758.33
477.00	716.20
478.00	744.29
479.00	739.61
480.00	720.88
481.00	788.76
482.00	713.86
483.00	718.54
484.00	732.59
485.00	730.25
486.00	699.82
487.00	739.61
488.00	725.57
489.00	702.16
490.00	774.72
491.00	784.08
492.00	699.82
493.00	777.06
494.00	774.72
495.00	765.36
496.00	704.50
497.00	716.20
498.00	741.95
499.00	695.14
500.00	697.48
501.00	744.29
502.00	702.16
503.00	674.07
504.00	751.31
505.00	763.01
506.00	718.54
507.00	875.36
508.00	746.63
509.00	711.52
510.00	737.27
511.00	723.23
512.00	760.67
513.00	748.97
514.00	746.63
515.00	800.46
516.00	713.86
517.00	767.70
518.00	716.20
519.00	777.06
520.00	650.67
521.00	723.23
522.00	755.99
523.00	739.61
524.00	734.93
525.00	699.82
526.00	702.16
527.00	746.63
528.00	711.52
529.00	732.59
530.00	695.14
531.00	744.29
532.00	711.52
533.00	706.84
534.00	692.80
535.00	734.93
536.00	727.91
537.00	765.36
538.00	688.12
539.00	730.25
540.00	713.86
541.00	720.88
542.00	779.40
543.00	739.61
544.00	755.99
545.00	767.70
546.00	709.18
547.00	741.95
548.00	770.04
549.00	711.52
550.00	732.59
551.00	741.95
552.00	784.08
553.00	770.04
554.00	737.27
555.00	753.65
556.00	770.04
557.00	746.63
558.00	779.40
559.00	770.04
560.00	730.25
561.00	751.31
562.00	770.04
563.00	737.27
564.00	725.57
565.00	725.57
566.00	781.74
567.00	830.89
568.00	734.93
569.00	688.12
570.00	725.57
571.00	795.78
572.00	760.67
573.00	795.78
574.00	828.55
575.00	777.06
576.00	730.25
577.00	777.06
578.00	744.29
579.00	781.74
580.00	690.46
581.00	678.76
582.00	723.23
583.00	727.91
584.00	718.54
585.00	786.42
586.00	737.27
587.00	751.31
588.00	763.01
589.00	741.95
590.00	786.42
591.00	716.20
592.00	723.23
593.00	713.86
594.00	713.86
595.00	711.52
596.00	662.37
597.00	716.20
598.00	753.65
599.00	660.03
600.00	748.97
601.00	695.14
602.00	812.17
603.00	788.76
604.00	772.38
605.00	732.59
606.00	777.06
607.00	741.95
608.00	732.59
609.00	774.72
610.00	800.46
611.00	716.20
612.00	746.63
613.00	720.88
614.00	800.46
615.00	828.55
616.00	723.23
617.00	765.36
618.00	713.86
619.00	723.23
620.00	744.29
621.00	770.04
622.00	791.10
623.00	739.61
624.00	716.20
625.00	711.52
626.00	676.41
627.00	765.36
628.00	753.65
629.00	809.83
630.00	798.12
631.00	737.27
632.00	732.59
633.00	770.04
634.00	695.14
635.00	781.74
636.00	802.80
637.00	781.74
638.00	779.40
639.00	671.73
640.00	755.99
641.00	725.57
642.00	770.04
643.00	718.54
644.00	755.99
645.00	753.65
646.00	777.06
647.00	706.84
648.00	690.46
649.00	685.78
650.00	711.52
651.00	812.17
652.00	725.57
653.00	788.76
654.00	739.61
655.00	791.10
656.00	730.25
657.00	748.97
658.00	741.95
659.00	805.14
660.00	739.61
661.00	723.23
662.00	664.71
663.00	732.59
664.00	828.55
665.00	737.27
666.00	730.25
667.00	711.52
668.00	741.95
669.00	777.06
670.00	772.38
671.00	739.61
672.00	781.74
673.00	720.88
674.00	777.06
675.00	688.12
676.00	671.73
677.00	688.12
678.00	734.93
679.00	681.10
680.00	741.95
681.00	727.91
682.00	793.44
683.00	765.36
684.00	683.44
685.00	746.63
686.00	725.57
687.00	746.63
688.00	763.01
689.00	746.63
690.00	814.51
691.00	699.82
692.00	706.84
693.00	767.70
694.00	758.33
695.00	713.86
696.00	760.67
697.00	732.59
698.00	779.40
699.00	851.96
700.00	786.42
701.00	730.25
702.00	765.36
703.00	737.27
704.00	727.91
705.00	753.65
706.00	734.93
707.00	812.17
708.00	760.67
709.00	763.01
710.00	800.46
711.00	791.10
712.00	711.52
713.00	741.95
714.00	774.72
715.00	739.61
716.00	739.61
717.00	706.84
718.00	821.53
719.00	734.93
720.00	744.29
721.00	660.03
722.00	720.88
723.00	648.33
724.00	723.23
725.00	805.14
726.00	823.87
727.00	727.91
728.00	784.08
729.00	746.63
730.00	746.63
731.00	767.70
732.00	777.06
733.00	727.91
734.00	779.40
735.00	753.65
736.00	767.70
737.00	730.25
738.00	732.59
739.00	711.52
740.00	772.38
741.00	772.38
742.00	770.04
743.00	737.27
744.00	746.63
745.00	774.72
746.00	725.57
747.00	702.16
748.00	683.44
749.00	713.86
750.00	643.65
751.00	744.29
752.00	699.82
753.00	725.57
754.00	685.78
755.00	744.29
756.00	746.63
757.00	772.38
758.00	748.97
759.00	711.52
760.00	725.57
761.00	765.36
762.00	730.25
763.00	770.04
764.00	746.63
765.00	753.65
766.00	767.70
767.00	748.97
768.00	819.19
769.00	706.84
770.00	725.57
771.00	767.70
772.00	746.63
773.00	744.29
774.00	767.70
775.00	748.97
776.00	723.23
777.00	767.70
778.00	753.65
779.00	791.10
780.00	725.57
781.00	793.44
782.00	809.83
783.00	851.96
784.00	720.88
785.00	760.67
786.00	758.33
787.00	739.61
788.00	781.74
789.00	690.46
790.00	795.78
791.00	763.01
792.00	716.20
793.00	800.46
794.00	816.85
795.00	683.44
796.00	751.31
797.00	767.70
798.00	763.01
799.00	739.61
800.00	732.59
801.00	777.06
802.00	809.83
803.00	772.38
804.00	763.01
805.00	777.06
806.00	774.72
807.00	777.06
808.00	772.38
809.00	727.91
810.00	739.61
811.00	779.40
812.00	774.72
813.00	723.23
814.00	755.99
815.00	763.01
816.00	709.18
817.00	767.70
818.00	781.74
819.00	690.46
820.00	830.89
821.00	788.76
822.00	746.63
823.00	706.84
824.00	709.18
825.00	760.67
826.00	798.12
827.00	737.27
828.00	772.38
829.00	882.38
830.00	713.86
831.00	730.25
832.00	765.36
833.00	814.51
834.00	828.55
835.00	800.46
836.00	791.10
837.00	781.74
838.00	814.51
839.00	793.44
840.00	739.61
841.00	704.50
842.00	734.93
843.00	816.85
844.00	791.10
845.00	784.08
846.00	744.29
847.00	664.71
848.00	791.10
849.00	723.23
850.00	835.57
851.00	765.36
852.00	725.57
853.00	744.29
854.00	765.36
855.00	699.82
856.00	758.33
857.00	798.12
858.00	744.29
859.00	709.18
860.00	781.74
861.00	849.61
862.00	763.01
863.00	753.65
864.00	713.86
865.00	800.46
866.00	711.52
867.00	739.61
868.00	704.50
869.00	770.04
870.00	765.36
871.00	760.67
872.00	725.57
873.00	746.63
874.00	765.36
875.00	763.01
876.00	758.33
877.00	767.70
878.00	720.88
879.00	837.91
880.00	802.80
881.00	753.65
882.00	774.72
883.00	819.19
884.00	739.61
885.00	706.84
886.00	716.20
887.00	798.12
888.00	725.57
889.00	770.04
890.00	716.20
891.00	772.38
892.00	774.72
893.00	720.88
894.00	718.54
895.00	753.65
896.00	844.93
897.00	734.93
898.00	732.59
899.00	809.83
900.00	798.12
901.00	805.14
902.00	758.33
903.00	734.93
904.00	772.38
905.00	812.17
906.00	826.21
907.00	807.48
908.00	903.45
909.00	863.66
910.00	814.51
911.00	830.89
912.00	844.93
913.00	940.90
914.00	915.15
915.00	830.89
916.00	866.00
917.00	755.99
918.00	809.83
919.00	800.46
920.00	774.72
921.00	830.89
922.00	720.88
923.00	737.27
924.00	709.18
925.00	767.70
926.00	779.40
927.00	779.40
928.00	741.95
929.00	662.37
930.00	697.48
931.00	732.59
932.00	821.53
933.00	755.99
934.00	758.33
935.00	779.40
936.00	746.63
937.00	786.42
938.00	772.38
939.00	760.67
940.00	784.08
941.00	833.23
942.00	713.86
943.00	744.29
944.00	816.85
945.00	786.42
946.00	1062.60
947.00	1582.20
948.00	2169.68
949.00	1900.52
950.00	1591.56
951.00	1324.74
952.00	1196.01
953.00	1064.94
954.00	915.15
955.00	908.13
956.00	795.78
957.00	767.70
958.00	793.44
959.00	774.72
960.00	727.91
961.00	788.76
962.00	711.52
963.00	683.44
964.00	770.04
965.00	746.63
966.00	758.33
967.00	772.38
968.00	751.31
969.00	784.08
970.00	751.31
971.00	765.36
972.00	746.63
973.00	732.59
974.00	669.39
975.00	739.61
976.00	786.42
977.00	863.66
978.00	699.82
979.00	737.27
980.00	767.70
981.00	699.82
982.00	748.97
983.00	779.40
984.00	755.99
985.00	758.33
986.00	734.93
987.00	732.59
988.00	713.86
989.00	819.19
990.00	781.74
991.00	709.18
992.00	770.04
993.00	709.18
994.00	746.63
995.00	767.70
996.00	695.14
997.00	718.54
998.00	739.61
999.00	758.33
1000.00	793.44
1001.00	709.18
1002.00	772.38
1003.00	786.42
1004.00	809.83
1005.00	758.33
1006.00	819.19
1007.00	807.48
1008.00	734.93
1009.00	688.12
1010.00	788.76
1011.00	770.04
1012.00	688.12
1013.00	739.61
1014.00	788.76
1015.00	734.93
1016.00	795.78
1017.00	755.99
1018.00	688.12
1019.00	770.04
1020.00	755.99
1021.00	725.57
1022.00	706.84
1023.00	767.70
1024.00	760.67
1025.00	711.52
1026.00	760.67
1027.00	807.48
1028.00	739.61
1029.00	805.14
1030.00	732.59
1031.00	770.04
1032.00	791.10
1033.00	772.38
1034.00	800.46
1035.00	737.27
1036.00	716.20
1037.00	828.55
1038.00	692.80
1039.00	713.86
1040.00	704.50
1041.00	786.42
1042.00	741.95
1043.00	755.99
1044.00	798.12
1045.00	784.08
1046.00	863.66
1047.00	828.55
1048.00	779.40
1049.00	779.40
1050.00	805.14
1051.00	781.74
1052.00	758.33
1053.00	760.67
1054.00	690.46
1055.00	777.06
1056.00	744.29
1057.00	723.23
1058.00	793.44
1059.00	777.06
1060.00	800.46
1061.00	662.37
1062.00	737.27
1063.00	744.29
1064.00	772.38
1065.00	830.89
1066.00	781.74
1067.00	777.06
1068.00	758.33
1069.00	706.84
1070.00	727.91
1071.00	765.36
1072.00	821.53
1073.00	732.59
1074.00	760.67
1075.00	774.72
1076.00	727.91
1077.00	781.74
1078.00	798.12
1079.00	723.23
1080.00	858.98
1081.00	791.10
1082.00	767.70
1083.00	713.86
1084.00	737.27
1085.00	692.80
1086.00	718.54
1087.00	751.31
1088.00	777.06
1089.00	648.33
1090.00	842.59
1091.00	746.63
1092.00	758.33
1093.00	760.67
1094.00	772.38
1095.00	875.36
1096.00	753.65
1097.00	779.40
1098.00	763.01
1099.00	814.51
1100.00	748.97
1101.00	833.23
1102.00	805.14
1103.00	816.85
1104.00	760.67
1105.00	826.21
1106.00	805.14
1107.00	741.95
1108.00	816.85
1109.00	786.42
1110.00	758.33
1111.00	770.04
1112.00	730.25
1113.00	739.61
1114.00	739.61
1115.00	734.93
1116.00	781.74
1117.00	753.65
1118.00	791.10
1119.00	751.31
1120.00	809.83
1121.00	674.07
1122.00	763.01
1123.00	751.31
1124.00	758.33
1125.00	765.36
1126.00	713.86
1127.00	723.23
1128.00	760.67
1129.00	746.63
1130.00	699.82
1131.00	746.63
1132.00	744.29
1133.00	751.31
1134.00	751.31
1135.00	751.31
1136.00	744.29
1137.00	788.76
1138.00	767.70
1139.00	753.65
1140.00	716.20
1141.00	798.12
1142.00	650.67
1143.00	793.44
1144.00	774.72
1145.00	763.01
1146.00	760.67
1147.00	755.99
1148.00	777.06
1149.00	739.61
1150.00	767.70
1151.00	758.33
1152.00	777.06
1153.00	730.25
1154.00	786.42
1155.00	711.52
1156.00	737.27
1157.00	744.29
1158.00	774.72
1159.00	784.08
1160.00	858.98
1161.00	802.80
1162.00	833.23
1163.00	807.48
1164.00	814.51
1165.00	828.55
1166.00	889.40
1167.00	1102.39
1168.00	1233.46
1169.00	1273.25
1170.00	1107.07
1171.00	973.66
1172.00	1015.79
1173.00	964.30
1174.00	889.40
1175.00	889.40
1176.00	847.27
1177.00	842.59
1178.00	854.30
1179.00	828.55
1180.00	851.96
1181.00	800.46
1182.00	821.53
1183.00	835.57
1184.00	800.46
1185.00	814.51
1186.00	828.55
1187.00	784.08
1188.00	823.87
1189.00	894.08
1190.00	784.08
1191.00	882.38
1192.00	912.81
1193.00	903.45
1194.00	905.79
1195.00	950.26
1196.00	922.17
1197.00	931.53
1198.00	929.19
1199.00	858.98
1200.00	980.68
1201.00	983.02
1202.00	1006.43
1203.00	1163.25
1204.00	1235.80
1205.00	1132.82
1206.00	1081.33
1207.00	1034.52
1208.00	1025.15
1209.00	1013.45
1210.00	924.51
1211.00	943.24
1212.00	1043.88
1213.00	1001.75
1214.00	1001.75
1215.00	1135.16
1216.00	1210.06
1217.00	1301.34
1218.00	1521.35
1219.00	1743.70
1220.00	3272.07
1221.00	18071.28
1222.00	51449.66
1223.00	65535.00
1224.00	65226.05
1225.00	57158.22
1226.00	44374.22
1227.00	33308.16
1228.00	26986.38
1229.00	19730.72
1230.00	9369.16
1231.00	3873.59
1232.00	2134.57
1233.00	1600.93
1234.00	1465.18
1235.00	1357.51
1236.00	1247.51
1237.00	1137.50
1238.00	1097.71
1239.00	1462.83
1240.00	3229.94
1241.00	5816.23
1242.00	7180.76
1243.00	5919.21
1244.00	4470.42
1245.00	3356.33
1246.00	2899.92
1247.00	2485.65
1248.00	1811.57
1249.00	1252.19
1250.00	980.68
1251.00	957.28
1252.00	933.87
1253.00	952.60
1254.00	891.74
1255.00	1046.22
1256.00	1006.43
1257.00	1053.24
1258.00	961.96
1259.00	973.66
1260.00	933.87
1261.00	882.38
1262.00	894.08
1263.00	903.45
1264.00	851.96
1265.00	910.47
1266.00	873.02
1267.00	924.51
1268.00	870.68
1269.00	840.25
1270.00	800.46
1271.00	851.96
1272.00	781.74
1273.00	826.21
1274.00	816.85
1275.00	812.17
1276.00	947.92
1277.00	870.68
1278.00	964.30
1279.00	2298.41
1280.00	6132.20
1281.00	10698.59
1282.00	12231.64
1283.00	9287.25
1284.00	6682.23
1285.00	5203.01
1286.00	4344.03
1287.00	3440.59
1288.00	2256.28
1289.00	1336.45
1290.00	1034.52
1291.00	898.77
1292.00	919.83
1293.00	961.96
1294.00	952.60
1295.00	933.87
1296.00	866.00
1297.00	936.21
1298.00	908.13
1299.00	1582.20
1300.00	2476.29
1301.00	3372.71
1302.00	3075.46
1303.00	2424.80
1304.00	1933.28
1305.00	1673.48
1306.00	1507.30
1307.00	1235.80
1308.00	1114.10
1309.00	910.47
1310.00	908.13
1311.00	833.23
1312.00	819.19
1313.00	873.02
1314.00	847.27
1315.00	814.51
1316.00	866.00
1317.00	709.18
1318.00	795.78
1319.00	786.42
1320.00	830.89
1321.00	758.33
1322.00	758.33
1323.00	751.31
1324.00	837.91
1325.00	681.10
1326.00	849.61
1327.00	727.91
1328.00	716.20
1329.00	765.36
1330.00	781.74
1331.00	816.85
1332.00	884.72
1333.00	1013.45
1334.00	1760.08
1335.00	2850.77
1336.00	3599.74
1337.00	3206.53
1338.00	2567.57
1339.00	1989.46
1340.00	1694.55
1341.00	1514.33
1342.00	1219.42
1343.00	994.73
1344.00	840.25
1345.00	847.27
1346.00	779.40
1347.00	784.08
1348.00	784.08
1349.00	802.80
1350.00	784.08
1351.00	774.72
1352.00	786.42
1353.00	840.25
1354.00	821.53
1355.00	849.61
1356.00	842.59
1357.00	854.30
1358.00	889.40
1359.00	837.91
1360.00	901.11
1361.00	1039.20
1362.00	2310.11
1363.00	5706.23
1364.00	9572.79
1365.00	10267.93
1366.00	7793.98
1367.00	5769.42
1368.00	4294.88
1369.00	3634.85
1370.00	2855.45
1371.00	1867.75
1372.00	1252.19
1373.00	1032.18
1374.00	1088.35
1375.00	1153.88
1376.00	2881.20
1377.00	8781.69
1378.00	15915.64
1379.00	18497.25
1380.00	14071.30
1381.00	10019.83
1382.00	7269.70
1383.00	5858.36
1384.00	4585.11
1385.00	2750.13
1386.00	1572.84
1387.00	1107.07
1388.00	861.32
1389.00	976.00
1390.00	1008.77
1391.00	889.40
1392.00	884.72
1393.00	912.81
1394.00	924.51
1395.00	999.41
1396.00	877.70
1397.00	870.68
1398.00	1022.81
1399.00	1172.61
1400.00	1294.32
1401.00	1256.87
1402.00	1181.97
1403.00	1153.88
1404.00	1188.99
1405.00	1142.18
1406.00	1935.62
1407.00	8187.19
1408.00	20233.93
1409.00	30263.13
1410.00	27101.06
1411.00	19215.80
1412.00	13142.11
1413.00	10188.35
1414.00	8021.02
1415.00	5458.13
1416.00	2752.47
1417.00	1516.67
1418.00	1165.59
1419.00	1205.38
1420.00	1928.60
1421.00	4163.81
1422.00	7140.97
1423.00	7854.84
1424.00	6113.48
1425.00	4334.67
1426.00	3433.57
1427.00	2867.16
1428.00	2157.97
1429.00	1460.49
1430.00	1132.82
1431.00	938.55
1432.00	826.21
1433.00	851.96
1434.00	844.93
1435.00	908.13
1436.00	964.30
1437.00	880.04
1438.00	840.25
1439.00	812.17
1440.00	800.46
1441.00	889.40
1442.00	894.08
1443.00	833.23
1444.00	791.10
1445.00	814.51
1446.00	805.14
1447.00	774.72
1448.00	800.46
1449.00	800.46
1450.00	856.64
1451.00	877.70
1452.00	828.55
1453.00	819.19
1454.00	854.30
1455.00	1188.99
1456.00	2413.09
1457.00	4102.96
1458.00	4994.70
1459.00	4121.68
1460.00	3098.87
1461.00	2532.46
1462.00	1926.26
1463.00	1671.14
1464.00	1299.00
1465.00	990.05
1466.00	873.02
1467.00	856.64
1468.00	844.93
1469.00	788.76
1470.00	821.53
1471.00	770.04
1472.00	798.12
1473.00	800.46
1474.00	826.21
1475.00	765.36
1476.00	840.25
1477.00	840.25
1478.00	809.83
1479.00	826.21
1480.00	844.93
1481.00	748.97
1482.00	837.91
1483.00	814.51
1484.00	901.11
1485.00	868.34
1486.00	863.66
1487.00	1125.80
1488.00	3524.85
1489.00	9287.25
1490.00	15150.29
1491.00	15234.55
1492.00	11101.16
1493.00	7892.29
1494.00	5729.63
1495.00	4730.22
1496.00	3440.59
1497.00	2005.84
1498.00	1270.91
1499.00	999.41
1500.00	884.72
1501.00	858.98
1502.00	870.68
1503.00	807.48
1504.00	809.83
1505.00	814.51
1506.00	877.70
1507.00	866.00
1508.00	779.40
1509.00	812.17
1510.00	844.93
1511.00	861.32
1512.00	828.55
1513.00	1053.24
1514.00	2162.66
1515.00	3461.65
1516.00	4610.86
1517.00	3801.03
1518.00	2832.05
1519.00	2181.38
1520.00	1809.23
1521.00	1694.55
1522.00	1277.93
1523.00	990.05
1524.00	908.13
1525.00	873.02
1526.00	917.49
1527.00	884.72
1528.00	847.27
1529.00	809.83
1530.00	873.02
1531.00	936.21
1532.00	1151.54
1533.00	1937.96
1534.00	5296.63
1535.00	9338.74
1536.00	11234.57
1537.00	8615.51
1538.00	6139.23
1539.00	4695.11
1540.00	3686.34
1541.00	2913.97
1542.00	1937.96
1543.00	1308.36
1544.00	999.41
1545.00	889.40
1546.00	826.21
1547.00	868.34
1548.00	880.04
1549.00	847.27
1550.00	866.00
1551.00	861.32
1552.00	795.78
1553.00	851.96
1554.00	908.13
1555.00	807.48
1556.00	898.77
1557.00	884.72
1558.00	826.21
1559.00	842.59
1560.00	889.40
1561.00	861.32
1562.00	868.34
1563.00	898.77
1564.00	1013.45
1565.00	1350.49
1566.00	4257.43
1567.00	11482.67
1568.00	19070.68
1569.00	20027.96
1570.00	14008.11
1571.00	10076.01
1572.00	7192.47
1573.00	5830.27
1574.00	4121.68
1575.00	2539.48
1576.00	1657.10
1577.00	1345.81
1578.00	1671.14
1579.00	6167.31
1580.00	17919.14
1581.00	30546.33
1582.00	32198.75
1583.00	22745.33
1584.00	15817.34
1585.00	11269.68
1586.00	8903.40
1587.00	6291.36
1588.00	3459.31
1589.00	1816.26
1590.00	1294.32
1591.00	1130.48
1592.00	1041.54
1593.00	936.21
1594.00	882.38
1595.00	954.94
1596.00	884.72
1597.00	875.36
1598.00	823.87
1599.00	823.87
1600.00	849.61
1601.00	847.27
1602.00	739.61
1603.00	779.40
1604.00	819.19
1605.00	777.06
1606.00	844.93
1607.00	786.42
1608.00	802.80
1609.00	823.87
1610.00	718.54
1611.00	812.17
1612.00	779.40
1613.00	763.01
1614.00	812.17
1615.00	814.51
1616.00	765.36
1617.00	802.80
1618.00	784.08
1619.00	805.14
1620.00	723.23
1621.00	851.96
1622.00	795.78
1623.00	847.27
1624.00	798.12
1625.00	791.10
1626.00	779.40
1627.00	777.06
1628.00	854.30
1629.00	755.99
1630.00	807.48
1631.00	770.04
1632.00	835.57
1633.00	758.33
1634.00	793.44
1635.00	767.70
1636.00	875.36
1637.00	826.21
1638.00	716.20
1639.00	713.86
1640.00	751.31
1641.00	788.76
1642.00	734.93
1643.00	823.87
1644.00	844.93
1645.00	786.42
1646.00	856.64
1647.00	870.68
1648.00	861.32
1649.00	1067.28
1650.00	2532.46
1651.00	7634.83
1652.00	13806.82
1653.00	17095.27
1654.00	13308.29
1655.00	9785.78
1656.00	6920.96
1657.00	5481.53
1658.00	3918.06
1659.00	2436.50
1660.00	1434.75
1661.00	997.07
1662.00	1025.15
1663.00	915.15
1664.00	856.64
1665.00	903.45
1666.00	793.44
1667.00	950.26
1668.00	1200.69
1669.00	2560.55
1670.00	4821.50
1671.00	6225.82
1672.00	5476.85
1673.00	3990.61
1674.00	3129.30
1675.00	2422.45
1676.00	1900.52
1677.00	1409.00
1678.00	1083.67
1679.00	837.91
1680.00	856.64
1681.00	739.61
1682.00	732.59
1683.00	772.38
1684.00	812.17
1685.00	765.36
1686.00	734.93
1687.00	786.42
1688.00	828.55
1689.00	737.27
1690.00	748.97
1691.00	753.65
1692.00	849.61
1693.00	767.70
1694.00	774.72
1695.00	718.54
1696.00	812.17
1697.00	809.83
1698.00	800.46
1699.00	755.99
1700.00	737.27
1701.00	774.72
1702.00	781.74
1703.00	755.99
1704.00	793.44
1705.00	788.76
1706.00	814.51
1707.00	819.19
1708.00	748.97
1709.00	798.12
1710.00	737.27
1711.00	795.78
1712.00	819.19
1713.00	802.80
1714.00	1366.87
1715.00	3489.74
1716.00	6485.62
1717.00	8365.07
1718.00	7393.75
1719.00	5664.10
1720.00	4091.26
1721.00	3157.38
1722.00	2380.32
1723.00	1664.12
1724.00	1172.61
1725.00	945.58
1726.00	866.00
1727.00	842.59
1728.00	772.38
1729.00	744.29
1730.00	833.23
1731.00	866.00
1732.00	732.59
1733.00	748.97
1734.00	748.97
1735.00	751.31
1736.00	842.59
1737.00	711.52
1738.00	748.97
1739.00	795.78
1740.00	737.27
1741.00	798.12
1742.00	760.67
1743.00	798.12
1744.00	781.74
1745.00	826.21
1746.00	758.33
1747.00	704.50
1748.00	732.59
1749.00	826.21
1750.00	779.40
1751.00	781.74
1752.00	809.83
1753.00	781.74
1754.00	830.89
1755.00	809.83
1756.00	835.57
1757.00	842.59
1758.00	784.08
1759.00	760.67
1760.00	866.00
1761.00	788.76
1762.00	798.12
1763.00	821.53
1764.00	835.57
1765.00	788.76
1766.00	807.48
1767.00	819.19
1768.00	870.68
1769.00	1011.11
1770.00	2031.58
1771.00	5856.02
1772.00	10981.79
1773.00	14787.50
1774.00	12491.44
1775.00	9366.82
1776.00	6953.73
1777.00	4802.78
1778.00	3143.34
1779.00	1989.46
1780.00	1362.19
1781.00	1116.44
1782.00	990.05
1783.00	826.21
1784.00	917.49
1785.00	842.59
1786.00	805.14
1787.00	823.87
1788.00	856.64
1789.00	784.08
1790.00	800.46
1791.00	788.76
1792.00	748.97
1793.00	814.51
1794.00	837.91
1795.00	833.23
1796.00	807.48
1797.00	1013.45
1798.00	2310.11
1799.00	4926.83
1800.00	8273.79
1801.00	9472.15
1802.00	7485.03
1803.00	5528.35
1804.00	4011.68
1805.00	2605.02
1806.00	1764.76
1807.00	1324.74
1808.00	999.41
1809.00	894.08
1810.00	800.46
1811.00	877.70
1812.00	795.78
1813.00	826.21
1814.00	816.85
1815.00	723.23
1816.00	779.40
1817.00	800.46
1818.00	746.63
1819.00	779.40
1820.00	723.23
1821.00	730.25
1822.00	748.97
1823.00	791.10
1824.00	772.38
1825.00	835.57
1826.00	861.32
1827.00	875.36
1828.00	833.23
1829.00	791.10
1830.00	809.83
1831.00	760.67
1832.00	727.91
1833.00	833.23
1834.00	793.44
1835.00	772.38
1836.00	781.74
1837.00	807.48
1838.00	760.67
1839.00	793.44
1840.00	716.20
1841.00	711.52
1842.00	784.08
1843.00	727.91
1844.00	690.46
1845.00	723.23
1846.00	774.72
1847.00	788.76
1848.00	739.61
1849.00	711.52
1850.00	746.63
1851.00	758.33
1852.00	741.95
1853.00	788.76
1854.00	746.63
1855.00	702.16
1856.00	826.21
1857.00	765.36
1858.00	695.14
1859.00	734.93
1860.00	793.44
1861.00	748.97
1862.00	828.55
1863.00	842.59
1864.00	753.65
1865.00	746.63
1866.00	784.08
1867.00	755.99
1868.00	748.97
1869.00	723.23
1870.00	746.63
1871.00	711.52
1872.00	781.74
1873.00	770.04
1874.00	711.52
1875.00	697.48
1876.00	772.38
1877.00	697.48
1878.00	734.93
1879.00	744.29
1880.00	730.25
1881.00	737.27
1882.00	793.44
1883.00	835.57
1884.00	723.23
1885.00	774.72
1886.00	744.29
1887.00	704.50
1888.00	777.06
1889.00	737.27
1890.00	734.93
1891.00	807.48
1892.00	692.80
1893.00	737.27
1894.00	791.10
1895.00	704.50
1896.00	725.57
1897.00	713.86
1898.00	706.84
1899.00	758.33
1900.00	734.93
1901.00	732.59
1902.00	674.07
1903.00	753.65
1904.00	718.54
1905.00	716.20
1906.00	781.74
1907.00	760.67
1908.00	746.63
1909.00	741.95
1910.00	784.08
1911.00	821.53
1912.00	858.98
1913.00	840.25
1914.00	807.48
1915.00	774.72
1916.00	875.36
1917.00	800.46
1918.00	690.46
1919.00	814.51
1920.00	748.97
1921.00	819.19
1922.00	828.55
1923.00	734.93
1924.00	732.59
1925.00	765.36
1926.00	755.99
1927.00	821.53
1928.00	699.82
1929.00	688.12
1930.00	732.59
1931.00	725.57
1932.00	744.29
1933.00	777.06
1934.00	791.10
1935.00	744.29
1936.00	720.88
1937.00	800.46
1938.00	788.76
1939.00	713.86
1940.00	767.70
1941.00	765.36
1942.00	805.14
1943.00	781.74
1944.00	723.23
1945.00	798.12
1946.00	711.52
1947.00	774.72
1948.00	751.31
1949.00	830.89
1950.00	816.85
1951.00	798.12
1952.00	1043.88
1953.00	2033.93
1954.00	4674.05
1955.00	7133.95
1956.00	8278.47
1957.00	6045.60
1958.00	3974.23
1959.00	2469.27
1960.00	1638.38
1961.00	1268.57
1962.00	1078.99
1963.00	903.45
1964.00	854.30
1965.00	816.85
1966.00	795.78
1967.00	807.48
1968.00	767.70
1969.00	758.33
1970.00	791.10
1971.00	751.31
1972.00	784.08
1973.00	716.20
1974.00	800.46
1975.00	739.61
1976.00	730.25
1977.00	812.17
1978.00	746.63
1979.00	688.12
1980.00	774.72
1981.00	1055.58
1982.00	1104.73
1983.00	1193.67
1984.00	983.02
1985.00	940.90
1986.00	835.57
1987.00	826.21
1988.00	812.17
1989.00	755.99
1990.00	791.10
1991.00	854.30
1992.00	753.65
1993.00	851.96
1994.00	746.63
1995.00	798.12
1996.00	737.27
1997.00	772.38
1998.00	770.04
1999.00	760.67
2000.00	758.33
2001.00	730.25
2002.00	765.36
2003.00	723.23
2004.00	765.36
2005.00	720.88
2006.00	774.72
2007.00	784.08
2008.00	772.38
2009.00	725.57
2010.00	739.61
2011.00	779.40
2012.00	734.93
2013.00	725.57
2014.00	772.38
2015.00	727.91
2016.00	774.72
2017.00	847.27
2018.00	795.78
2019.00	819.19
2020.00	741.95
2021.00	802.80
2022.00	770.04
2023.00	739.61
2024.00	873.02
2025.00	999.41
2026.00	1188.99
2027.00	1254.53
2028.00	1172.61
2029.00	1284.95
2030.00	2293.72
2031.00	6211.78
2032.00	12025.67
2033.00	16395.45
2034.00	14904.53
2035.00	10321.76
2036.00	6473.92
2037.00	4210.62
2038.00	2635.44
2039.00	1781.15
2040.00	1221.76
2041.00	1032.18
2042.00	947.92
2043.00	896.43
2044.00	802.80
2045.00	870.68
2046.00	896.43
2047.00	830.89
