0.00	648.33
1.00	648.33
2.00	648.33
3.00	594.50
4.00	545.34
5.00	568.75
6.00	617.90
7.00	566.41
8.00	505.56
9.00	585.13
10.00	566.41
11.00	557.05
12.00	533.64
13.00	538.32
14.00	503.22
15.00	561.73
16.00	627.26
17.00	578.11
18.00	638.97
19.00	601.52
20.00	627.26
21.00	599.18
22.00	564.07
23.00	587.47
24.00	645.99
25.00	568.75
26.00	676.41
27.00	688.12
28.00	718.54
29.00	685.78
30.00	713.86
31.00	653.01
32.00	816.85
33.00	737.27
34.00	688.12
35.00	739.61
36.00	716.20
37.00	765.36
38.00	725.57
39.00	711.52
40.00	720.88
41.00	681.10
42.00	730.25
43.00	767.70
44.00	767.70
45.00	760.67
46.00	751.31
47.00	770.04
48.00	772.38
49.00	744.29
50.00	676.41
51.00	720.88
52.00	760.67
53.00	748.97
54.00	655.35
55.00	702.16
56.00	748.97
57.00	720.88
58.00	753.65
59.00	730.25
60.00	746.63
61.00	730.25
62.00	730.25
63.00	723.23
64.00	704.50
65.00	737.27
66.00	648.33
67.00	667.05
68.00	690.46
69.00	772.38
70.00	720.88
71.00	760.67
72.00	746.63
73.00	709.18
74.00	706.84
75.00	781.74
76.00	751.31
77.00	739.61
78.00	692.80
79.00	737.27
80.00	770.04
81.00	758.33
82.00	739.61
83.00	688.12
84.00	697.48
85.00	674.07
86.00	713.86
87.00	763.01
88.00	723.23
89.00	692.80
90.00	699.82
91.00	730.25
92.00	774.72
93.00	702.16
94.00	692.80
95.00	711.52
96.00	727.91
97.00	753.65
98.00	657.69
99.00	777.06
100.00	781.74
101.00	709.18
102.00	704.50
103.00	734.93
104.00	741.95
105.00	711.52
106.00	753.65
107.00	760.67
108.00	746.63
109.00	725.57
110.00	711.52
111.00	748.97
112.00	741.95
113.00	746.63
114.00	711.52
115.00	758.33
116.00	653.01
117.00	767.70
118.00	795.78
119.00	772.38
120.00	688.12
121.00	695.14
122.00	727.91
123.00	692.80
124.00	697.48
125.00	683.44
126.00	706.84
127.00	741.95
128.00	704.50
129.00	760.67
130.00	718.54
131.00	763.01
132.00	718.54
133.00	744.29
134.00	713.86
135.00	737.27
136.00	805.14
137.00	737.27
138.00	725.57
139.00	645.99
140.00	702.16
141.00	709.18
142.00	744.29
143.00	791.10
144.00	688.12
145.00	713.86
146.00	784.08
147.00	734.93
148.00	741.95
149.00	793.44
150.00	816.85
151.00	725.57
152.00	697.48
153.00	809.83
154.00	713.86
155.00	798.12
156.00	709.18
157.00	683.44
158.00	823.87
159.00	753.65
160.00	739.61
161.00	772.38
162.00	706.84
163.00	777.06
164.00	697.48
165.00	685.78
166.00	758.33
167.00	720.88
168.00	704.50
169.00	732.59
170.00	718.54
171.00	741.95
172.00	765.36
173.00	786.42
174.00	683.44
175.00	755.99
176.00	681.10
177.00	732.59
178.00	732.59
179.00	725.57
180.00	699.82
181.00	741.95
182.00	760.67
183.00	748.97
184.00	627.26
185.00	751.31
186.00	732.59
187.00	662.37
188.00	727.91
189.00	730.25
190.00	711.52
191.00	744.29
192.00	795.78
193.00	723.23
194.00	760.67
195.00	748.97
196.00	767.70
197.00	767.70
198.00	697.48
199.00	777.06
200.00	760.67
201.00	720.88
202.00	770.04
203.00	753.65
204.00	657.69
205.00	730.25
206.00	809.83
207.00	727.91
208.00	741.95
209.00	685.78
210.00	748.97
211.00	753.65
212.00	697.48
213.00	772.38
214.00	751.31
215.00	746.63
216.00	748.97
217.00	739.61
218.00	744.29
219.00	711.52
220.00	739.61
221.00	753.65
222.00	727.91
223.00	732.59
224.00	753.65
225.00	697.48
226.00	702.16
227.00	664.71
228.00	720.88
229.00	788.76
230.00	741.95
231.00	674.07
232.00	669.39
233.00	692.80
234.00	718.54
235.00	777.06
236.00	744.29
237.00	688.12
238.00	732.59
239.00	669.39
240.00	741.95
241.00	767.70
242.00	777.06
243.00	753.65
244.00	755.99
245.00	739.61
246.00	746.63
247.00	706.84
248.00	739.61
249.00	739.61
250.00	720.88
251.00	748.97
252.00	765.36
253.00	741.95
254.00	690.46
255.00	765.36
256.00	751.31
257.00	650.67
258.00	692.80
259.00	809.83
260.00	734.93
261.00	779.40
262.00	755.99
263.00	788.76
264.00	739.61
265.00	751.31
266.00	699.82
267.00	746.63
268.00	840.25
269.00	814.51
270.00	734.93
271.00	779.40
272.00	805.14
273.00	828.55
274.00	795.78
275.00	842.59
276.00	816.85
277.00	800.46
278.00	739.61
279.00	760.67
280.00	765.36
281.00	809.83
282.00	751.31
283.00	758.33
284.00	746.63
285.00	774.72
286.00	671.73
287.00	770.04
288.00	732.59
289.00	706.84
290.00	727.91
291.00	739.61
292.00	730.25
293.00	835.57
294.00	730.25
295.00	734.93
296.00	781.74
297.00	739.61
298.00	739.61
299.00	716.20
300.00	737.27
301.00	695.14
302.00	725.57
303.00	772.38
304.00	755.99
305.00	676.41
306.00	793.44
307.00	784.08
308.00	784.08
309.00	826.21
310.00	786.42
311.00	748.97
312.00	777.06
313.00	744.29
314.00	688.12
315.00	765.36
316.00	765.36
317.00	821.53
318.00	732.59
319.00	681.10
320.00	732.59
321.00	746.63
322.00	795.78
323.00	746.63
324.00	683.44
325.00	748.97
326.00	772.38
327.00	697.48
328.00	791.10
329.00	781.74
330.00	737.27
331.00	690.46
332.00	851.96
333.00	786.42
334.00	760.67
335.00	720.88
336.00	758.33
337.00	793.44
338.00	800.46
339.00	753.65
340.00	720.88
341.00	828.55
342.00	753.65
343.00	720.88
344.00	748.97
345.00	751.31
346.00	741.95
347.00	798.12
348.00	786.42
349.00	842.59
350.00	814.51
351.00	844.93
352.00	851.96
353.00	812.17
354.00	784.08
355.00	788.76
356.00	791.10
357.00	702.16
358.00	798.12
359.00	744.29
360.00	699.82
361.00	800.46
362.00	807.48
363.00	788.76
364.00	746.63
365.00	718.54
366.00	730.25
367.00	781.74
368.00	777.06
369.00	730.25
370.00	755.99
371.00	720.88
372.00	704.50
373.00	748.97
374.00	800.46
375.00	746.63
376.00	702.16
377.00	760.67
378.00	732.59
379.00	753.65
380.00	685.78
381.00	688.12
382.00	737.27
383.00	779.40
384.00	758.33
385.00	727.91
386.00	770.04
387.00	709.18
388.00	760.67
389.00	758.33
390.00	765.36
391.00	753.65
392.00	709.18
393.00	805.14
394.00	718.54
395.00	688.12
396.00	713.86
397.00	720.88
398.00	711.52
399.00	758.33
400.00	777.06
401.00	720.88
402.00	788.76
403.00	709.18
404.00	786.42
405.00	674.07
406.00	779.40
407.00	739.61
408.00	727.91
409.00	718.54
410.00	765.36
411.00	755.99
412.00	784.08
413.00	828.55
414.00	727.91
415.00	730.25
416.00	760.67
417.00	718.54
418.00	643.65
419.00	678.76
420.00	716.20
421.00	770.04
422.00	767.70
423.00	770.04
424.00	772.38
425.00	704.50
426.00	713.86
427.00	688.12
428.00	718.54
429.00	664.71
430.00	786.42
431.00	739.61
432.00	727.91
433.00	744.29
434.00	716.20
435.00	734.93
436.00	716.20
437.00	734.93
438.00	751.31
439.00	737.27
440.00	702.16
441.00	734.93
442.00	774.72
443.00	760.67
444.00	760.67
445.00	748.97
446.00	763.01
447.00	706.84
448.00	800.46
449.00	744.29
450.00	763.01
451.00	746.63
452.00	770.04
453.00	711.52
454.00	774.72
455.00	723.23
456.00	713.86
457.00	777.06
458.00	723.23
459.00	772.38
460.00	770.04
461.00	774.72
462.00	699.82
463.00	760.67
464.00	711.52
465.00	702.16
466.00	805.14
467.00	784.08
468.00	678.76
469.00	716.20
470.00	779.40
471.00	706.84
472.00	723.23
473.00	791.10
474.00	709.18
475.00	763.01
476.00	791.10
477.00	774.72
478.00	791.10
479.00	716.20
480.00	755.99
481.00	725.57
482.00	821.53
483.00	779.40
484.00	751.31
485.00	737.27
486.00	777.06
487.00	777.06
488.00	725.57
489.00	709.18
490.00	830.89
491.00	751.31
492.00	676.41
493.00	727.91
494.00	767.70
495.00	763.01
496.00	748.97
497.00	751.31
498.00	805.14
499.00	723.23
500.00	751.31
501.00	763.01
502.00	767.70
503.00	723.23
504.00	723.23
505.00	772.38
506.00	709.18
507.00	786.42
508.00	760.67
509.00	760.67
510.00	779.40
511.00	734.93
512.00	734.93
513.00	751.31
514.00	718.54
515.00	725.57
516.00	802.80
517.00	767.70
518.00	795.78
519.00	755.99
520.00	746.63
521.00	734.93
522.00	748.97
523.00	798.12
524.00	669.39
525.00	805.14
526.00	791.10
527.00	702.16
528.00	774.72
529.00	683.44
530.00	739.61
531.00	730.25
532.00	784.08
533.00	758.33
534.00	763.01
535.00	835.57
536.00	753.65
537.00	674.07
538.00	823.87
539.00	723.23
540.00	711.52
541.00	732.59
542.00	800.46
543.00	751.31
544.00	784.08
545.00	760.67
546.00	676.41
547.00	791.10
548.00	751.31
549.00	781.74
550.00	697.48
551.00	779.40
552.00	748.97
553.00	763.01
554.00	744.29
555.00	688.12
556.00	802.80
557.00	713.86
558.00	746.63
559.00	791.10
560.00	732.59
561.00	704.50
562.00	816.85
563.00	716.20
564.00	695.14
565.00	739.61
566.00	758.33
567.00	770.04
568.00	772.38
569.00	702.16
570.00	702.16
571.00	753.65
572.00	723.23
573.00	777.06
574.00	737.27
575.00	795.78
576.00	781.74
577.00	699.82
578.00	814.51
579.00	770.04
580.00	706.84
581.00	741.95
582.00	723.23
583.00	718.54
584.00	798.12
585.00	779.40
586.00	779.40
587.00	784.08
588.00	718.54
589.00	730.25
590.00	800.46
591.00	795.78
592.00	713.86
593.00	737.27
594.00	788.76
595.00	730.25
596.00	781.74
597.00	791.10
598.00	765.36
599.00	662.37
600.00	781.74
601.00	751.31
602.00	770.04
603.00	725.57
604.00	727.91
605.00	718.54
606.00	755.99
607.00	737.27
608.00	744.29
609.00	770.04
610.00	800.46
611.00	748.97
612.00	697.48
613.00	755.99
614.00	786.42
615.00	765.36
616.00	692.80
617.00	753.65
618.00	697.48
619.00	798.12
620.00	741.95
621.00	674.07
622.00	772.38
623.00	692.80
624.00	770.04
625.00	767.70
626.00	833.23
627.00	711.52
628.00	835.57
629.00	802.80
630.00	800.46
631.00	723.23
632.00	746.63
633.00	788.76
634.00	809.83
635.00	727.91
636.00	709.18
637.00	725.57
638.00	727.91
639.00	763.01
640.00	819.19
641.00	751.31
642.00	767.70
643.00	748.97
644.00	791.10
645.00	748.97
646.00	784.08
647.00	748.97
648.00	648.33
649.00	819.19
650.00	755.99
651.00	800.46
652.00	816.85
653.00	732.59
654.00	725.57
655.00	830.89
656.00	800.46
657.00	744.29
658.00	753.65
659.00	655.35
660.00	751.31
661.00	802.80
662.00	821.53
663.00	767.70
664.00	716.20
665.00	716.20
666.00	727.91
667.00	678.76
668.00	716.20
669.00	774.72
670.00	753.65
671.00	758.33
672.00	753.65
673.00	774.72
674.00	800.46
675.00	730.25
676.00	758.33
677.00	772.38
678.00	772.38
679.00	767.70
680.00	739.61
681.00	751.31
682.00	760.67
683.00	709.18
684.00	772.38
685.00	758.33
686.00	779.40
687.00	795.78
688.00	739.61
689.00	730.25
690.00	784.08
691.00	784.08
692.00	795.78
693.00	807.48
694.00	709.18
695.00	725.57
696.00	751.31
697.00	781.74
698.00	833.23
699.00	798.12
700.00	716.20
701.00	709.18
702.00	772.38
703.00	784.08
704.00	763.01
705.00	748.97
706.00	706.84
707.00	788.76
708.00	734.93
709.00	763.01
710.00	802.80
711.00	734.93
712.00	748.97
713.00	819.19
714.00	716.20
715.00	798.12
716.00	802.80
717.00	737.27
718.00	730.25
719.00	751.31
720.00	671.73
721.00	697.48
722.00	711.52
723.00	795.78
724.00	763.01
725.00	774.72
726.00	720.88
727.00	695.14
728.00	741.95
729.00	753.65
730.00	779.40
731.00	760.67
732.00	779.40
733.00	732.59
734.00	770.04
735.00	798.12
736.00	716.20
737.00	786.42
738.00	779.40
739.00	837.91
740.00	821.53
741.00	741.95
742.00	842.59
743.00	851.96
744.00	819.19
745.00	758.33
746.00	753.65
747.00	753.65
748.00	777.06
749.00	746.63
750.00	734.93
751.00	748.97
752.00	779.40
753.00	812.17
754.00	840.25
755.00	704.50
756.00	786.42
757.00	765.36
758.00	751.31
759.00	823.87
760.00	800.46
761.00	786.42
762.00	746.63
763.00	814.51
764.00	760.67
765.00	737.27
766.00	746.63
767.00	781.74
768.00	788.76
769.00	751.31
770.00	720.88
771.00	741.95
772.00	725.57
773.00	706.84
774.00	688.12
775.00	746.63
776.00	816.85
777.00	716.20
778.00	763.01
779.00	774.72
780.00	777.06
781.00	812.17
782.00	765.36
783.00	767.70
784.00	788.76
785.00	779.40
786.00	833.23
787.00	823.87
788.00	748.97
789.00	788.76
790.00	739.61
791.00	823.87
792.00	821.53
793.00	786.42
794.00	767.70
795.00	739.61
796.00	746.63
797.00	798.12
798.00	788.76
799.00	781.74
800.00	788.76
801.00	763.01
802.00	777.06
803.00	777.06
804.00	772.38
805.00	699.82
806.00	800.46
807.00	713.86
808.00	755.99
809.00	709.18
810.00	713.86
811.00	767.70
812.00	727.91
813.00	734.93
814.00	664.71
815.00	800.46
816.00	814.51
817.00	758.33
818.00	842.59
819.00	737.27
820.00	669.39
821.00	755.99
822.00	798.12
823.00	847.27
824.00	788.76
825.00	835.57
826.00	805.14
827.00	702.16
828.00	767.70
829.00	795.78
830.00	795.78
831.00	734.93
832.00	772.38
833.00	814.51
834.00	770.04
835.00	788.76
836.00	746.63
837.00	678.76
838.00	833.23
839.00	805.14
840.00	751.31
841.00	802.80
842.00	702.16
843.00	816.85
844.00	786.42
845.00	786.42
846.00	765.36
847.00	732.59
848.00	730.25
849.00	730.25
850.00	777.06
851.00	791.10
852.00	718.54
853.00	755.99
854.00	709.18
855.00	760.67
856.00	791.10
857.00	734.93
858.00	791.10
859.00	777.06
860.00	823.87
861.00	765.36
862.00	748.97
863.00	777.06
864.00	809.83
865.00	727.91
866.00	828.55
867.00	739.61
868.00	819.19
869.00	730.25
870.00	802.80
871.00	814.51
872.00	812.17
873.00	854.30
874.00	767.70
875.00	748.97
876.00	723.23
877.00	791.10
878.00	767.70
879.00	713.86
880.00	718.54
881.00	704.50
882.00	809.83
883.00	816.85
884.00	812.17
885.00	781.74
886.00	809.83
887.00	837.91
888.00	767.70
889.00	758.33
890.00	772.38
891.00	786.42
892.00	760.67
893.00	751.31
894.00	744.29
895.00	732.59
896.00	774.72
897.00	758.33
898.00	770.04
899.00	802.80
900.00	784.08
901.00	837.91
902.00	765.36
903.00	800.46
904.00	826.21
905.00	814.51
906.00	823.87
907.00	936.21
908.00	814.51
909.00	842.59
910.00	779.40
911.00	741.95
912.00	898.77
913.00	964.30
914.00	938.55
915.00	898.77
916.00	924.51
917.00	856.64
918.00	887.06
919.00	758.33
920.00	781.74
921.00	770.04
922.00	786.42
923.00	765.36
924.00	795.78
925.00	798.12
926.00	833.23
927.00	809.83
928.00	788.76
929.00	744.29
930.00	758.33
931.00	812.17
932.00	774.72
933.00	816.85
934.00	798.12
935.00	770.04
936.00	758.33
937.00	793.44
938.00	809.83
939.00	716.20
940.00	795.78
941.00	784.08
942.00	793.44
943.00	739.61
944.00	763.01
945.00	812.17
946.00	1149.20
947.00	1607.95
948.00	1959.03
949.00	1870.09
950.00	1561.14
951.00	1369.21
952.00	1174.95
953.00	1069.62
954.00	933.87
955.00	767.70
956.00	767.70
957.00	786.42
958.00	889.40
959.00	840.25
960.00	793.44
961.00	770.04
962.00	777.06
963.00	788.76
964.00	774.72
965.00	800.46
966.00	791.10
967.00	781.74
968.00	781.74
969.00	826.21
970.00	788.76
971.00	758.33
972.00	751.31
973.00	739.61
974.00	784.08
975.00	807.48
976.00	746.63
977.00	779.40
978.00	781.74
979.00	779.40
980.00	842.59
981.00	741.95
982.00	777.06
983.00	739.61
984.00	823.87
985.00	793.44
986.00	772.38
987.00	786.42
988.00	767.70
989.00	758.33
990.00	772.38
991.00	753.65
992.00	788.76
993.00	777.06
994.00	772.38
995.00	732.59
996.00	767.70
997.00	763.01
998.00	800.46
999.00	798.12
1000.00	770.04
1001.00	777.06
1002.00	781.74
1003.00	779.40
1004.00	800.46
1005.00	835.57
1006.00	786.42
1007.00	732.59
1008.00	784.08
1009.00	807.48
1010.00	802.80
1011.00	823.87
1012.00	807.48
1013.00	800.46
1014.00	786.42
1015.00	772.38
1016.00	737.27
1017.00	744.29
1018.00	793.44
1019.00	814.51
1020.00	800.46
1021.00	720.88
1022.00	819.19
1023.00	767.70
1024.00	741.95
1025.00	835.57
1026.00	774.72
1027.00	772.38
1028.00	800.46
1029.00	781.74
1030.00	793.44
1031.00	755.99
1032.00	809.83
1033.00	828.55
1034.00	767.70
1035.00	791.10
1036.00	730.25
1037.00	739.61
1038.00	781.74
1039.00	821.53
1040.00	748.97
1041.00	823.87
1042.00	812.17
1043.00	692.80
1044.00	777.06
1045.00	807.48
1046.00	976.00
1047.00	844.93
1048.00	772.38
1049.00	748.97
1050.00	770.04
1051.00	798.12
1052.00	844.93
1053.00	723.23
1054.00	800.46
1055.00	784.08
1056.00	772.38
1057.00	744.29
1058.00	727.91
1059.00	744.29
1060.00	791.10
1061.00	753.65
1062.00	823.87
1063.00	774.72
1064.00	833.23
1065.00	821.53
1066.00	706.84
1067.00	702.16
1068.00	830.89
1069.00	727.91
1070.00	711.52
1071.00	748.97
1072.00	821.53
1073.00	798.12
1074.00	772.38
1075.00	781.74
1076.00	781.74
1077.00	774.72
1078.00	774.72
1079.00	758.33
1080.00	863.66
1081.00	788.76
1082.00	823.87
1083.00	826.21
1084.00	730.25
1085.00	765.36
1086.00	812.17
1087.00	805.14
1088.00	765.36
1089.00	788.76
1090.00	795.78
1091.00	781.74
1092.00	760.67
1093.00	812.17
1094.00	748.97
1095.00	891.74
1096.00	758.33
1097.00	772.38
1098.00	734.93
1099.00	830.89
1100.00	758.33
1101.00	826.21
1102.00	809.83
1103.00	858.98
1104.00	847.27
1105.00	791.10
1106.00	744.29
1107.00	755.99
1108.00	723.23
1109.00	840.25
1110.00	816.85
1111.00	753.65
1112.00	760.67
1113.00	814.51
1114.00	723.23
1115.00	770.04
1116.00	819.19
1117.00	763.01
1118.00	788.76
1119.00	800.46
1120.00	772.38
1121.00	751.31
1122.00	755.99
1123.00	788.76
1124.00	807.48
1125.00	751.31
1126.00	711.52
1127.00	779.40
1128.00	809.83
1129.00	765.36
1130.00	744.29
1131.00	784.08
1132.00	777.06
1133.00	685.78
1134.00	805.14
1135.00	748.97
1136.00	739.61
1137.00	828.55
1138.00	791.10
1139.00	763.01
1140.00	851.96
1141.00	800.46
1142.00	727.91
1143.00	770.04
1144.00	798.12
1145.00	730.25
1146.00	795.78
1147.00	800.46
1148.00	744.29
1149.00	781.74
1150.00	765.36
1151.00	781.74
1152.00	767.70
1153.00	777.06
1154.00	828.55
1155.00	746.63
1156.00	800.46
1157.00	795.78
1158.00	861.32
1159.00	912.81
1160.00	887.06
1161.00	887.06
1162.00	826.21
1163.00	901.11
1164.00	781.74
1165.00	849.61
1166.00	858.98
1167.00	1074.31
1168.00	1130.48
1169.00	1188.99
1170.00	1135.16
1171.00	1011.11
1172.00	959.62
1173.00	999.41
1174.00	863.66
1175.00	861.32
1176.00	922.17
1177.00	809.83
1178.00	819.19
1179.00	849.61
1180.00	774.72
1181.00	784.08
1182.00	887.06
1183.00	847.27
1184.00	905.79
1185.00	823.87
1186.00	830.89
1187.00	837.91
1188.00	877.70
1189.00	823.87
1190.00	884.72
1191.00	842.59
1192.00	891.74
1193.00	877.70
1194.00	870.68
1195.00	943.24
1196.00	830.89
1197.00	968.98
1198.00	894.08
1199.00	957.28
1200.00	992.39
1201.00	1020.47
1202.00	1062.60
1203.00	1249.85
1204.00	1146.86
1205.00	1123.46
1206.00	1060.26
1207.00	994.73
1208.00	1069.62
1209.00	1013.45
1210.00	1055.58
1211.00	976.00
1212.00	1067.28
1213.00	1076.65
1214.00	1086.01
1215.00	1193.67
1216.00	1196.01
1217.00	1406.66
1218.00	1533.05
1219.00	1825.62
1220.00	3368.03
1221.00	19054.30
1222.00	51814.78
1223.00	65034.13
1224.00	64626.87
1225.00	56828.21
1226.00	43744.61
1227.00	32491.32
1228.00	26810.84
1229.00	19143.24
1230.00	9090.64
1231.00	3798.69
1232.00	2118.18
1233.00	1614.97
1234.00	1451.13
1235.00	1315.38
1236.00	1193.67
1237.00	1231.12
1238.00	1186.65
1239.00	1486.24
1240.00	3428.88
1241.00	5895.81
1242.00	6890.54
1243.00	5746.02
1244.00	4454.04
1245.00	3393.78
1246.00	2923.33
1247.00	2469.27
1248.00	1746.04
1249.00	1179.63
1250.00	952.60
1251.00	966.64
1252.00	968.98
1253.00	940.90
1254.00	1071.97
1255.00	959.62
1256.00	1011.11
1257.00	1039.20
1258.00	1064.94
1259.00	908.13
1260.00	947.92
1261.00	947.92
1262.00	891.74
1263.00	959.62
1264.00	922.17
1265.00	922.17
1266.00	901.11
1267.00	922.17
1268.00	891.74
1269.00	917.49
1270.00	868.34
1271.00	823.87
1272.00	781.74
1273.00	910.47
1274.00	882.38
1275.00	910.47
1276.00	908.13
1277.00	905.79
1278.00	1001.75
1279.00	2406.07
1280.00	6249.23
1281.00	10710.29
1282.00	11896.94
1283.00	9233.41
1284.00	6806.28
1285.00	5095.35
1286.00	4273.82
1287.00	3424.20
1288.00	2193.08
1289.00	1341.13
1290.00	1053.24
1291.00	919.83
1292.00	877.70
1293.00	903.45
1294.00	931.53
1295.00	968.98
1296.00	957.28
1297.00	950.26
1298.00	999.41
1299.00	1589.22
1300.00	2679.91
1301.00	3236.96
1302.00	2942.05
1303.00	2422.45
1304.00	1790.51
1305.00	1647.74
1306.00	1549.43
1307.00	1284.95
1308.00	1069.62
1309.00	908.13
1310.00	873.02
1311.00	875.36
1312.00	854.30
1313.00	959.62
1314.00	861.32
1315.00	821.53
1316.00	887.06
1317.00	774.72
1318.00	891.74
1319.00	854.30
1320.00	844.93
1321.00	758.33
1322.00	809.83
1323.00	905.79
1324.00	868.34
1325.00	793.44
1326.00	849.61
1327.00	755.99
1328.00	807.48
1329.00	844.93
1330.00	823.87
1331.00	837.91
1332.00	847.27
1333.00	973.66
1334.00	1825.62
1335.00	2848.43
1336.00	3597.40
1337.00	3087.17
1338.00	2532.46
1339.00	2052.65
1340.00	1722.63
1341.00	1526.03
1342.00	1291.98
1343.00	1015.79
1344.00	903.45
1345.00	875.36
1346.00	833.23
1347.00	861.32
1348.00	819.19
1349.00	880.04
1350.00	866.00
1351.00	809.83
1352.00	861.32
1353.00	866.00
1354.00	873.02
1355.00	781.74
1356.00	901.11
1357.00	929.19
1358.00	912.81
1359.00	966.64
1360.00	933.87
1361.00	959.62
1362.00	2305.43
1363.00	5774.10
1364.00	9474.49
1365.00	10092.39
1366.00	7768.24
1367.00	5696.86
1368.00	4292.54
1369.00	3602.08
1370.00	2928.01
1371.00	1926.26
1372.00	1313.04
1373.00	1144.52
1374.00	1062.60
1375.00	1221.76
1376.00	3082.49
1377.00	8915.10
1378.00	15948.41
1379.00	18218.73
1380.00	13879.38
1381.00	9940.26
1382.00	7232.26
1383.00	5827.93
1384.00	4657.67
1385.00	2829.71
1386.00	1614.97
1387.00	1142.18
1388.00	1039.20
1389.00	936.21
1390.00	919.83
1391.00	954.94
1392.00	882.38
1393.00	875.36
1394.00	816.85
1395.00	947.92
1396.00	868.34
1397.00	919.83
1398.00	999.41
1399.00	1219.42
1400.00	1294.32
1401.00	1275.59
1402.00	1191.33
1403.00	1156.22
1404.00	1128.14
1405.00	1252.19
1406.00	2078.40
1407.00	8365.07
1408.00	20332.23
1409.00	29411.17
1410.00	26253.79
1411.00	18874.08
1412.00	13163.17
1413.00	9858.34
1414.00	8226.98
1415.00	5493.24
1416.00	2834.39
1417.00	1554.12
1418.00	1165.59
1419.00	1219.42
1420.00	1998.82
1421.00	4379.14
1422.00	7033.31
1423.00	7707.38
1424.00	6017.52
1425.00	4337.01
1426.00	3407.82
1427.00	2841.41
1428.00	2242.23
1429.00	1528.37
1430.00	1125.80
1431.00	924.51
1432.00	875.36
1433.00	922.17
1434.00	884.72
1435.00	917.49
1436.00	873.02
1437.00	851.96
1438.00	847.27
1439.00	814.51
1440.00	821.53
1441.00	816.85
1442.00	800.46
1443.00	842.59
1444.00	781.74
1445.00	821.53
1446.00	744.29
1447.00	861.32
1448.00	823.87
1449.00	819.19
1450.00	800.46
1451.00	816.85
1452.00	770.04
1453.00	849.61
1454.00	915.15
1455.00	1259.21
1456.00	2532.46
1457.00	4217.65
1458.00	5046.20
1459.00	4131.05
1460.00	3077.80
1461.00	2445.86
1462.00	2050.31
1463.00	1760.08
1464.00	1320.06
1465.00	1011.11
1466.00	898.77
1467.00	823.87
1468.00	800.46
1469.00	858.98
1470.00	791.10
1471.00	788.76
1472.00	835.57
1473.00	814.51
1474.00	786.42
1475.00	812.17
1476.00	851.96
1477.00	809.83
1478.00	833.23
1479.00	854.30
1480.00	880.04
1481.00	830.89
1482.00	830.89
1483.00	851.96
1484.00	919.83
1485.00	896.43
1486.00	985.37
1487.00	1252.19
1488.00	3789.33
1489.00	9352.78
1490.00	14956.02
1491.00	14883.47
1492.00	10942.00
1493.00	7817.39
1494.00	5818.57
1495.00	4702.14
1496.00	3428.88
1497.00	2087.76
1498.00	1277.93
1499.00	999.41
1500.00	905.79
1501.00	887.06
1502.00	851.96
1503.00	828.55
1504.00	800.46
1505.00	877.70
1506.00	861.32
1507.00	849.61
1508.00	819.19
1509.00	882.38
1510.00	873.02
1511.00	880.04
1512.00	901.11
1513.00	1062.60
1514.00	2139.25
1515.00	3688.68
1516.00	4524.26
1517.00	3669.96
1518.00	3000.57
1519.00	2174.36
1520.00	1863.07
1521.00	1668.80
1522.00	1296.66
1523.00	990.05
1524.00	973.66
1525.00	875.36
1526.00	844.93
1527.00	922.17
1528.00	854.30
1529.00	847.27
1530.00	912.81
1531.00	966.64
1532.00	1083.67
1533.00	2001.16
1534.00	5408.98
1535.00	9469.81
1536.00	10906.90
1537.00	8624.87
1538.00	6181.35
1539.00	4482.13
1540.00	3705.07
1541.00	2916.31
1542.00	1926.26
1543.00	1226.44
1544.00	1036.86
1545.00	938.55
1546.00	826.21
1547.00	861.32
1548.00	908.13
1549.00	898.77
1550.00	816.85
1551.00	898.77
1552.00	863.66
1553.00	863.66
1554.00	837.91
1555.00	814.51
1556.00	847.27
1557.00	887.06
1558.00	896.43
1559.00	858.98
1560.00	950.26
1561.00	922.17
1562.00	887.06
1563.00	1015.79
1564.00	1057.92
1565.00	1404.32
1566.00	4418.93
1567.00	11960.14
1568.00	19145.58
1569.00	19543.47
1570.00	13954.27
1571.00	10043.24
1572.00	7447.58
1573.00	5935.60
1574.00	4198.92
1575.00	2462.24
1576.00	1612.63
1577.00	1343.47
1578.00	1713.27
1579.00	6794.58
1580.00	18518.32
1581.00	30094.61
1582.00	31662.77
1583.00	22176.58
1584.00	15662.86
1585.00	11442.88
1586.00	9254.48
1587.00	6228.17
1588.00	3382.07
1589.00	1895.83
1590.00	1200.69
1591.00	1088.35
1592.00	1062.60
1593.00	924.51
1594.00	917.49
1595.00	936.21
1596.00	873.02
1597.00	873.02
1598.00	805.14
1599.00	770.04
1600.00	821.53
1601.00	819.19
1602.00	861.32
1603.00	802.80
1604.00	858.98
1605.00	844.93
1606.00	847.27
1607.00	788.76
1608.00	812.17
1609.00	812.17
1610.00	849.61
1611.00	891.74
1612.00	765.36
1613.00	767.70
1614.00	851.96
1615.00	887.06
1616.00	739.61
1617.00	854.30
1618.00	819.19
1619.00	842.59
1620.00	819.19
1621.00	840.25
1622.00	809.83
1623.00	741.95
1624.00	800.46
1625.00	821.53
1626.00	812.17
1627.00	805.14
1628.00	772.38
1629.00	774.72
1630.00	802.80
1631.00	770.04
1632.00	816.85
1633.00	755.99
1634.00	837.91
1635.00	835.57
1636.00	837.91
1637.00	847.27
1638.00	821.53
1639.00	837.91
1640.00	821.53
1641.00	798.12
1642.00	851.96
1643.00	772.38
1644.00	851.96
1645.00	755.99
1646.00	777.06
1647.00	891.74
1648.00	917.49
1649.00	1093.03
1650.00	2754.81
1651.00	7850.16
1652.00	14019.81
1653.00	16702.06
1654.00	13165.51
1655.00	9551.73
1656.00	6825.00
1657.00	5303.65
1658.00	3969.55
1659.00	2382.67
1660.00	1497.94
1661.00	1139.84
1662.00	976.00
1663.00	983.02
1664.00	842.59
1665.00	866.00
1666.00	868.34
1667.00	896.43
1668.00	1252.19
1669.00	2705.66
1670.00	4802.78
1671.00	6064.33
1672.00	5439.40
1673.00	3974.23
1674.00	3042.70
1675.00	2532.46
1676.00	1996.48
1677.00	1511.99
1678.00	1123.46
1679.00	898.77
1680.00	877.70
1681.00	826.21
1682.00	812.17
1683.00	795.78
1684.00	835.57
1685.00	716.20
1686.00	805.14
1687.00	774.72
1688.00	741.95
1689.00	812.17
1690.00	765.36
1691.00	781.74
1692.00	814.51
1693.00	718.54
1694.00	779.40
1695.00	746.63
1696.00	840.25
1697.00	777.06
1698.00	767.70
1699.00	753.65
1700.00	770.04
1701.00	760.67
1702.00	737.27
1703.00	837.91
1704.00	763.01
1705.00	816.85
1706.00	819.19
1707.00	758.33
1708.00	795.78
1709.00	788.76
1710.00	854.30
1711.00	772.38
1712.00	868.34
1713.00	919.83
1714.00	1376.24
1715.00	3494.42
1716.00	6513.71
1717.00	8428.27
1718.00	7353.96
1719.00	5617.29
1720.00	4114.66
1721.00	3180.79
1722.00	2434.16
1723.00	1685.19
1724.00	1217.08
1725.00	947.92
1726.00	856.64
1727.00	774.72
1728.00	847.27
1729.00	791.10
1730.00	835.57
1731.00	823.87
1732.00	842.59
1733.00	763.01
1734.00	851.96
1735.00	812.17
1736.00	767.70
1737.00	779.40
1738.00	777.06
1739.00	795.78
1740.00	767.70
1741.00	779.40
1742.00	777.06
1743.00	800.46
1744.00	763.01
1745.00	798.12
1746.00	814.51
1747.00	802.80
1748.00	791.10
1749.00	807.48
1750.00	823.87
1751.00	746.63
1752.00	786.42
1753.00	727.91
1754.00	795.78
1755.00	847.27
1756.00	791.10
1757.00	863.66
1758.00	793.44
1759.00	763.01
1760.00	816.85
1761.00	758.33
1762.00	814.51
1763.00	877.70
1764.00	842.59
1765.00	777.06
1766.00	788.76
1767.00	840.25
1768.00	931.53
1769.00	1071.97
1770.00	2134.57
1771.00	6069.01
1772.00	11391.39
1773.00	14518.34
1774.00	12374.41
1775.00	9425.34
1776.00	6841.39
1777.00	4840.23
1778.00	3176.11
1779.00	2036.27
1780.00	1362.19
1781.00	1128.14
1782.00	980.68
1783.00	905.79
1784.00	875.36
1785.00	875.36
1786.00	844.93
1787.00	788.76
1788.00	833.23
1789.00	830.89
1790.00	807.48
1791.00	748.97
1792.00	833.23
1793.00	858.98
1794.00	828.55
1795.00	851.96
1796.00	819.19
1797.00	1107.07
1798.00	2342.88
1799.00	5327.06
1800.00	8297.20
1801.00	9357.46
1802.00	7304.81
1803.00	5640.69
1804.00	3967.21
1805.00	2649.49
1806.00	1816.26
1807.00	1287.29
1808.00	1025.15
1809.00	929.19
1810.00	854.30
1811.00	863.66
1812.00	777.06
1813.00	793.44
1814.00	779.40
1815.00	833.23
1816.00	798.12
1817.00	772.38
1818.00	863.66
1819.00	798.12
1820.00	812.17
1821.00	748.97
1822.00	734.93
1823.00	795.78
1824.00	847.27
1825.00	873.02
1826.00	814.51
1827.00	858.98
1828.00	858.98
1829.00	798.12
1830.00	753.65
1831.00	821.53
1832.00	730.25
1833.00	781.74
1834.00	716.20
1835.00	730.25
1836.00	737.27
1837.00	739.61
1838.00	697.48
1839.00	706.84
1840.00	753.65
1841.00	802.80
1842.00	772.38
1843.00	755.99
1844.00	737.27
1845.00	737.27
1846.00	748.97
1847.00	739.61
1848.00	823.87
1849.00	711.52
1850.00	741.95
1851.00	702.16
1852.00	795.78
1853.00	772.38
1854.00	737.27
1855.00	758.33
1856.00	730.25
1857.00	777.06
1858.00	725.57
1859.00	758.33
1860.00	809.83
1861.00	732.59
1862.00	770.04
1863.00	688.12
1864.00	730.25
1865.00	763.01
1866.00	744.29
1867.00	699.82
1868.00	702.16
1869.00	784.08
1870.00	711.52
1871.00	739.61
1872.00	826.21
1873.00	770.04
1874.00	716.20
1875.00	767.70
1876.00	716.20
1877.00	741.95
1878.00	683.44
1879.00	819.19
1880.00	807.48
1881.00	697.48
1882.00	781.74
1883.00	793.44
1884.00	734.93
1885.00	732.59
1886.00	795.78
1887.00	777.06
1888.00	713.86
1889.00	713.86
1890.00	837.91
1891.00	779.40
1892.00	779.40
1893.00	763.01
1894.00	727.91
1895.00	758.33
1896.00	791.10
1897.00	732.59
1898.00	788.76
1899.00	737.27
1900.00	760.67
1901.00	774.72
1902.00	732.59
1903.00	793.44
1904.00	770.04
1905.00	784.08
1906.00	730.25
1907.00	765.36
1908.00	748.97
1909.00	844.93
1910.00	763.01
1911.00	880.04
1912.00	849.61
1913.00	880.04
1914.00	777.06
1915.00	734.93
1916.00	774.72
1917.00	791.10
1918.00	828.55
1919.00	814.51
1920.00	816.85
1921.00	779.40
1922.00	716.20
1923.00	784.08
1924.00	758.33
1925.00	737.27
1926.00	793.44
1927.00	767.70
1928.00	802.80
1929.00	727.91
1930.00	777.06
1931.00	784.08
1932.00	777.06
1933.00	793.44
1934.00	779.40
1935.00	786.42
1936.00	737.27
1937.00	830.89
1938.00	765.36
1939.00	716.20
1940.00	763.01
1941.00	734.93
1942.00	713.86
1943.00	718.54
1944.00	720.88
1945.00	793.44
1946.00	725.57
1947.00	770.04
1948.00	667.05
1949.00	755.99
1950.00	795.78
1951.00	812.17
1952.00	964.30
1953.00	2228.19
1954.00	4734.90
1955.00	7370.35
1956.00	8051.44
1957.00	5951.98
1958.00	3843.16
1959.00	2471.61
1960.00	1631.35
1961.00	1249.85
1962.00	1015.79
1963.00	966.64
1964.00	903.45
1965.00	891.74
1966.00	830.89
1967.00	800.46
1968.00	842.59
1969.00	814.51
1970.00	814.51
1971.00	793.44
1972.00	807.48
1973.00	770.04
1974.00	763.01
1975.00	755.99
1976.00	861.32
1977.00	807.48
1978.00	793.44
1979.00	709.18
1980.00	880.04
1981.00	990.05
1982.00	1191.33
1983.00	1275.59
1984.00	1128.14
1985.00	976.00
1986.00	910.47
1987.00	734.93
1988.00	842.59
1989.00	809.83
1990.00	777.06
1991.00	828.55
1992.00	732.59
1993.00	741.95
1994.00	716.20
1995.00	765.36
1996.00	734.93
1997.00	774.72
1998.00	755.99
1999.00	770.04
2000.00	777.06
2001.00	755.99
2002.00	795.78
2003.00	809.83
2004.00	746.63
2005.00	837.91
2006.00	763.01
2007.00	760.67
2008.00	774.72
2009.00	695.14
2010.00	826.21
2011.00	744.29
2012.00	713.86
2013.00	784.08
2014.00	826.21
2015.00	830.89
2016.00	784.08
2017.00	814.51
2018.00	858.98
2019.00	748.97
2020.00	798.12
2021.00	777.06
2022.00	765.36
2023.00	830.89
2024.00	870.68
2025.00	943.24
2026.00	1156.22
2027.00	1212.40
2028.00	1186.65
2029.00	1210.06
2030.00	2431.82
2031.00	6509.03
2032.00	11943.75
2033.00	15976.50
2034.00	14291.31
2035.00	9748.33
2036.00	6506.69
2037.00	4159.13
2038.00	2663.53
2039.00	1804.55
2040.00	1280.27
2041.00	1074.31
2042.00	924.51
2043.00	903.45
2044.00	802.80
2045.00	875.36
2046.00	823.87
2047.00	800.46
