0.00	624.92
1.00	624.92
2.00	624.92
3.00	615.56
4.00	559.39
5.00	594.50
6.00	524.28
7.00	559.39
8.00	519.60
9.00	613.22
10.00	631.94
11.00	517.26
12.00	568.75
13.00	571.09
14.00	526.62
15.00	617.90
16.00	662.37
17.00	564.07
18.00	606.20
19.00	624.92
20.00	645.99
21.00	667.05
22.00	610.88
23.00	678.76
24.00	648.33
25.00	741.95
26.00	697.48
27.00	685.78
28.00	678.76
29.00	692.80
30.00	683.44
31.00	676.41
32.00	681.10
33.00	720.88
34.00	690.46
35.00	734.93
36.00	725.57
37.00	676.41
38.00	777.06
39.00	716.20
40.00	772.38
41.00	758.33
42.00	758.33
43.00	706.84
44.00	688.12
45.00	741.95
46.00	758.33
47.00	826.21
48.00	835.57
49.00	765.36
50.00	741.95
51.00	746.63
52.00	730.25
53.00	727.91
54.00	741.95
55.00	702.16
56.00	763.01
57.00	674.07
58.00	763.01
59.00	727.91
60.00	758.33
61.00	678.76
62.00	688.12
63.00	748.97
64.00	678.76
65.00	732.59
66.00	767.70
67.00	758.33
68.00	744.29
69.00	763.01
70.00	685.78
71.00	723.23
72.00	732.59
73.00	641.31
74.00	770.04
75.00	695.14
76.00	748.97
77.00	767.70
78.00	753.65
79.00	678.76
80.00	751.31
81.00	746.63
82.00	664.71
83.00	770.04
84.00	739.61
85.00	643.65
86.00	716.20
87.00	697.48
88.00	730.25
89.00	795.78
90.00	702.16
91.00	706.84
92.00	837.91
93.00	657.69
94.00	704.50
95.00	777.06
96.00	821.53
97.00	763.01
98.00	765.36
99.00	732.59
100.00	734.93
101.00	667.05
102.00	711.52
103.00	779.40
104.00	777.06
105.00	723.23
106.00	739.61
107.00	690.46
108.00	699.82
109.00	741.95
110.00	699.82
111.00	786.42
112.00	748.97
113.00	711.52
114.00	699.82
115.00	692.80
116.00	739.61
117.00	784.08
118.00	784.08
119.00	716.20
120.00	709.18
121.00	720.88
122.00	751.31
123.00	774.72
124.00	734.93
125.00	748.97
126.00	753.65
127.00	692.80
128.00	664.71
129.00	718.54
130.00	645.99
131.00	692.80
132.00	709.18
133.00	723.23
134.00	697.48
135.00	730.25
136.00	720.88
137.00	732.59
138.00	718.54
139.00	765.36
140.00	748.97
141.00	720.88
142.00	753.65
143.00	788.76
144.00	725.57
145.00	765.36
146.00	748.97
147.00	734.93
148.00	699.82
149.00	763.01
150.00	751.31
151.00	720.88
152.00	725.57
153.00	758.33
154.00	695.14
155.00	734.93
156.00	751.31
157.00	746.63
158.00	805.14
159.00	699.82
160.00	704.50
161.00	695.14
162.00	739.61
163.00	683.44
164.00	704.50
165.00	725.57
166.00	753.65
167.00	725.57
168.00	622.58
169.00	692.80
170.00	791.10
171.00	784.08
172.00	723.23
173.00	688.12
174.00	734.93
175.00	678.76
176.00	706.84
177.00	718.54
178.00	711.52
179.00	774.72
180.00	723.23
181.00	744.29
182.00	770.04
183.00	748.97
184.00	732.59
185.00	777.06
186.00	730.25
187.00	730.25
188.00	741.95
189.00	730.25
190.00	739.61
191.00	767.70
192.00	751.31
193.00	678.76
194.00	791.10
195.00	702.16
196.00	851.96
197.00	882.38
198.00	765.36
199.00	741.95
200.00	739.61
201.00	660.03
202.00	819.19
203.00	753.65
204.00	786.42
205.00	685.78
206.00	770.04
207.00	713.86
208.00	718.54
209.00	685.78
210.00	751.31
211.00	734.93
212.00	753.65
213.00	746.63
214.00	723.23
215.00	732.59
216.00	758.33
217.00	732.59
218.00	688.12
219.00	737.27
220.00	734.93
221.00	723.23
222.00	788.76
223.00	671.73
224.00	767.70
225.00	688.12
226.00	727.91
227.00	702.16
228.00	751.31
229.00	765.36
230.00	699.82
231.00	645.99
232.00	737.27
233.00	763.01
234.00	690.46
235.00	781.74
236.00	725.57
237.00	748.97
238.00	671.73
239.00	725.57
240.00	697.48
241.00	713.86
242.00	800.46
243.00	786.42
244.00	744.29
245.00	786.42
246.00	697.48
247.00	772.38
248.00	819.19
249.00	821.53
250.00	741.95
251.00	676.41
252.00	758.33
253.00	753.65
254.00	690.46
255.00	718.54
256.00	830.89
257.00	739.61
258.00	816.85
259.00	753.65
260.00	833.23
261.00	704.50
262.00	746.63
263.00	763.01
264.00	709.18
265.00	716.20
266.00	704.50
267.00	798.12
268.00	779.40
269.00	765.36
270.00	746.63
271.00	777.06
272.00	805.14
273.00	847.27
274.00	821.53
275.00	786.42
276.00	807.48
277.00	805.14
278.00	744.29
279.00	767.70
280.00	821.53
281.00	732.59
282.00	770.04
283.00	720.88
284.00	685.78
285.00	669.39
286.00	812.17
287.00	727.91
288.00	723.23
289.00	723.23
290.00	763.01
291.00	737.27
292.00	753.65
293.00	711.52
294.00	692.80
295.00	786.42
296.00	791.10
297.00	697.48
298.00	744.29
299.00	772.38
300.00	744.29
301.00	802.80
302.00	791.10
303.00	699.82
304.00	730.25
305.00	744.29
306.00	741.95
307.00	744.29
308.00	854.30
309.00	910.47
310.00	851.96
311.00	837.91
312.00	809.83
313.00	788.76
314.00	697.48
315.00	823.87
316.00	760.67
317.00	732.59
318.00	739.61
319.00	746.63
320.00	702.16
321.00	702.16
322.00	760.67
323.00	683.44
324.00	713.86
325.00	772.38
326.00	779.40
327.00	767.70
328.00	784.08
329.00	758.33
330.00	732.59
331.00	805.14
332.00	676.41
333.00	690.46
334.00	720.88
335.00	770.04
336.00	770.04
337.00	798.12
338.00	765.36
339.00	819.19
340.00	770.04
341.00	753.65
342.00	713.86
343.00	753.65
344.00	716.20
345.00	725.57
346.00	772.38
347.00	744.29
348.00	826.21
349.00	877.70
350.00	786.42
351.00	847.27
352.00	784.08
353.00	802.80
354.00	741.95
355.00	758.33
356.00	781.74
357.00	781.74
358.00	823.87
359.00	695.14
360.00	767.70
361.00	763.01
362.00	774.72
363.00	697.48
364.00	793.44
365.00	718.54
366.00	779.40
367.00	709.18
368.00	678.76
369.00	725.57
370.00	765.36
371.00	732.59
372.00	723.23
373.00	779.40
374.00	711.52
375.00	669.39
376.00	730.25
377.00	753.65
378.00	737.27
379.00	741.95
380.00	746.63
381.00	706.84
382.00	751.31
383.00	781.74
384.00	753.65
385.00	723.23
386.00	746.63
387.00	725.57
388.00	751.31
389.00	737.27
390.00	777.06
391.00	744.29
392.00	641.31
393.00	777.06
394.00	767.70
395.00	697.48
396.00	835.57
397.00	739.61
398.00	774.72
399.00	807.48
400.00	779.40
401.00	737.27
402.00	770.04
403.00	802.80
404.00	725.57
405.00	727.91
406.00	739.61
407.00	748.97
408.00	723.23
409.00	709.18
410.00	727.91
411.00	770.04
412.00	725.57
413.00	851.96
414.00	716.20
415.00	730.25
416.00	795.78
417.00	716.20
418.00	758.33
419.00	664.71
420.00	697.48
421.00	643.65
422.00	744.29
423.00	844.93
424.00	767.70
425.00	699.82
426.00	760.67
427.00	763.01
428.00	737.27
429.00	744.29
430.00	737.27
431.00	737.27
432.00	755.99
433.00	777.06
434.00	819.19
435.00	755.99
436.00	763.01
437.00	727.91
438.00	685.78
439.00	718.54
440.00	692.80
441.00	706.84
442.00	800.46
443.00	704.50
444.00	812.17
445.00	781.74
446.00	739.61
447.00	763.01
448.00	709.18
449.00	791.10
450.00	716.20
451.00	763.01
452.00	772.38
453.00	765.36
454.00	676.41
455.00	695.14
456.00	765.36
457.00	755.99
458.00	669.39
459.00	772.38
460.00	772.38
461.00	709.18
462.00	739.61
463.00	732.59
464.00	732.59
465.00	767.70
466.00	732.59
467.00	734.93
468.00	755.99
469.00	795.78
470.00	798.12
471.00	720.88
472.00	676.41
473.00	774.72
474.00	758.33
475.00	734.93
476.00	739.61
477.00	751.31
478.00	777.06
479.00	706.84
480.00	751.31
481.00	765.36
482.00	732.59
483.00	753.65
484.00	720.88
485.00	744.29
486.00	739.61
487.00	711.52
488.00	779.40
489.00	739.61
490.00	727.91
491.00	765.36
492.00	704.50
493.00	732.59
494.00	697.48
495.00	802.80
496.00	809.83
497.00	802.80
498.00	692.80
499.00	725.57
500.00	777.06
501.00	746.63
502.00	734.93
503.00	812.17
504.00	741.95
505.00	741.95
506.00	760.67
507.00	788.76
508.00	744.29
509.00	713.86
510.00	697.48
511.00	805.14
512.00	730.25
513.00	807.48
514.00	727.91
515.00	746.63
516.00	784.08
517.00	779.40
518.00	812.17
519.00	713.86
520.00	737.27
521.00	723.23
522.00	746.63
523.00	772.38
524.00	739.61
525.00	720.88
526.00	777.06
527.00	765.36
528.00	807.48
529.00	758.33
530.00	716.20
531.00	758.33
532.00	786.42
533.00	795.78
534.00	758.33
535.00	713.86
536.00	784.08
537.00	737.27
538.00	763.01
539.00	725.57
540.00	737.27
541.00	737.27
542.00	788.76
543.00	706.84
544.00	837.91
545.00	746.63
546.00	737.27
547.00	770.04
548.00	863.66
549.00	770.04
550.00	739.61
551.00	833.23
552.00	676.41
553.00	746.63
554.00	770.04
555.00	770.04
556.00	777.06
557.00	774.72
558.00	720.88
559.00	755.99
560.00	854.30
561.00	716.20
562.00	760.67
563.00	723.23
564.00	669.39
565.00	739.61
566.00	741.95
567.00	793.44
568.00	781.74
569.00	716.20
570.00	704.50
571.00	798.12
572.00	760.67
573.00	739.61
574.00	826.21
575.00	767.70
576.00	734.93
577.00	685.78
578.00	779.40
579.00	751.31
580.00	709.18
581.00	772.38
582.00	716.20
583.00	779.40
584.00	781.74
585.00	650.67
586.00	758.33
587.00	751.31
588.00	760.67
589.00	755.99
590.00	758.33
591.00	791.10
592.00	746.63
593.00	791.10
594.00	798.12
595.00	709.18
596.00	732.59
597.00	690.46
598.00	802.80
599.00	767.70
600.00	795.78
601.00	716.20
602.00	798.12
603.00	770.04
604.00	748.97
605.00	802.80
606.00	828.55
607.00	767.70
608.00	798.12
609.00	798.12
610.00	795.78
611.00	798.12
612.00	779.40
613.00	765.36
614.00	741.95
615.00	765.36
616.00	793.44
617.00	748.97
618.00	767.70
619.00	676.41
620.00	760.67
621.00	774.72
622.00	765.36
623.00	786.42
624.00	727.91
625.00	709.18
626.00	784.08
627.00	770.04
628.00	748.97
629.00	725.57
630.00	746.63
631.00	767.70
632.00	755.99
633.00	821.53
634.00	760.67
635.00	765.36
636.00	802.80
637.00	760.67
638.00	713.86
639.00	753.65
640.00	816.85
641.00	746.63
642.00	800.46
643.00	723.23
644.00	814.51
645.00	809.83
646.00	837.91
647.00	711.52
648.00	760.67
649.00	763.01
650.00	847.27
651.00	816.85
652.00	697.48
653.00	828.55
654.00	727.91
655.00	842.59
656.00	800.46
657.00	791.10
658.00	770.04
659.00	739.61
660.00	793.44
661.00	777.06
662.00	779.40
663.00	842.59
664.00	786.42
665.00	723.23
666.00	746.63
667.00	744.29
668.00	835.57
669.00	800.46
670.00	791.10
671.00	737.27
672.00	814.51
673.00	725.57
674.00	791.10
675.00	730.25
676.00	725.57
677.00	751.31
678.00	828.55
679.00	814.51
680.00	716.20
681.00	774.72
682.00	784.08
683.00	763.01
684.00	765.36
685.00	835.57
686.00	781.74
687.00	805.14
688.00	723.23
689.00	777.06
690.00	793.44
691.00	737.27
692.00	781.74
693.00	779.40
694.00	798.12
695.00	767.70
696.00	744.29
697.00	744.29
698.00	823.87
699.00	753.65
700.00	720.88
701.00	793.44
702.00	732.59
703.00	802.80
704.00	781.74
705.00	753.65
706.00	760.67
707.00	781.74
708.00	784.08
709.00	788.76
710.00	786.42
711.00	763.01
712.00	793.44
713.00	798.12
714.00	835.57
715.00	795.78
716.00	770.04
717.00	770.04
718.00	805.14
719.00	770.04
720.00	751.31
721.00	812.17
722.00	800.46
723.00	788.76
724.00	758.33
725.00	746.63
726.00	802.80
727.00	774.72
728.00	802.80
729.00	763.01
730.00	807.48
731.00	763.01
732.00	767.70
733.00	755.99
734.00	723.23
735.00	730.25
736.00	840.25
737.00	842.59
738.00	844.93
739.00	807.48
740.00	755.99
741.00	809.83
742.00	837.91
743.00	777.06
744.00	781.74
745.00	744.29
746.00	746.63
747.00	837.91
748.00	763.01
749.00	770.04
750.00	828.55
751.00	770.04
752.00	807.48
753.00	784.08
754.00	713.86
755.00	791.10
756.00	730.25
757.00	791.10
758.00	760.67
759.00	755.99
760.00	751.31
761.00	805.14
762.00	746.63
763.00	840.25
764.00	823.87
765.00	777.06
766.00	779.40
767.00	732.59
768.00	711.52
769.00	755.99
770.00	772.38
771.00	744.29
772.00	763.01
773.00	786.42
774.00	812.17
775.00	842.59
776.00	744.29
777.00	774.72
778.00	800.46
779.00	802.80
780.00	758.33
781.00	713.86
782.00	835.57
783.00	802.80
784.00	884.72
785.00	765.36
786.00	798.12
787.00	741.95
788.00	753.65
789.00	739.61
790.00	770.04
791.00	781.74
792.00	758.33
793.00	763.01
794.00	788.76
795.00	795.78
796.00	784.08
797.00	767.70
798.00	753.65
799.00	772.38
800.00	828.55
801.00	821.53
802.00	802.80
803.00	816.85
804.00	828.55
805.00	760.67
806.00	837.91
807.00	830.89
808.00	753.65
809.00	755.99
810.00	809.83
811.00	788.76
812.00	807.48
813.00	814.51
814.00	755.99
815.00	758.33
816.00	753.65
817.00	739.61
818.00	828.55
819.00	774.72
820.00	744.29
821.00	770.04
822.00	809.83
823.00	840.25
824.00	760.67
825.00	744.29
826.00	842.59
827.00	709.18
828.00	821.53
829.00	781.74
830.00	784.08
831.00	737.27
832.00	774.72
833.00	716.20
834.00	763.01
835.00	737.27
836.00	784.08
837.00	821.53
838.00	812.17
839.00	802.80
840.00	739.61
841.00	791.10
842.00	779.40
843.00	840.25
844.00	844.93
845.00	875.36
846.00	767.70
847.00	737.27
848.00	727.91
849.00	781.74
850.00	807.48
851.00	779.40
852.00	784.08
853.00	763.01
854.00	751.31
855.00	716.20
856.00	763.01
857.00	814.51
858.00	767.70
859.00	800.46
860.00	807.48
861.00	854.30
862.00	734.93
863.00	770.04
864.00	840.25
865.00	795.78
866.00	772.38
867.00	788.76
868.00	837.91
869.00	781.74
870.00	807.48
871.00	737.27
872.00	772.38
873.00	751.31
874.00	763.01
875.00	800.46
876.00	760.67
877.00	809.83
878.00	805.14
879.00	795.78
880.00	779.40
881.00	788.76
882.00	849.61
883.00	772.38
884.00	772.38
885.00	751.31
886.00	692.80
887.00	814.51
888.00	835.57
889.00	798.12
890.00	784.08
891.00	798.12
892.00	791.10
893.00	798.12
894.00	800.46
895.00	725.57
896.00	763.01
897.00	741.95
898.00	755.99
899.00	870.68
900.00	746.63
901.00	791.10
902.00	760.67
903.00	805.14
904.00	746.63
905.00	798.12
906.00	992.39
907.00	964.30
908.00	922.17
909.00	889.40
910.00	835.57
911.00	870.68
912.00	924.51
913.00	1025.15
914.00	947.92
915.00	863.66
916.00	968.98
917.00	844.93
918.00	950.26
919.00	805.14
920.00	779.40
921.00	798.12
922.00	805.14
923.00	830.89
924.00	814.51
925.00	814.51
926.00	795.78
927.00	821.53
928.00	826.21
929.00	807.48
930.00	744.29
931.00	807.48
932.00	763.01
933.00	842.59
934.00	800.46
935.00	809.83
936.00	835.57
937.00	772.38
938.00	814.51
939.00	833.23
940.00	741.95
941.00	861.32
942.00	781.74
943.00	713.86
944.00	826.21
945.00	901.11
946.00	1153.88
947.00	1636.03
948.00	2099.46
949.00	1944.99
950.00	1586.88
951.00	1366.87
952.00	1308.36
953.00	1177.29
954.00	917.49
955.00	821.53
956.00	819.19
957.00	777.06
958.00	882.38
959.00	807.48
960.00	802.80
961.00	732.59
962.00	772.38
963.00	763.01
964.00	826.21
965.00	798.12
966.00	770.04
967.00	861.32
968.00	847.27
969.00	835.57
970.00	786.42
971.00	823.87
972.00	809.83
973.00	734.93
974.00	774.72
975.00	772.38
976.00	793.44
977.00	755.99
978.00	826.21
979.00	788.76
980.00	760.67
981.00	837.91
982.00	732.59
983.00	786.42
984.00	711.52
985.00	765.36
986.00	791.10
987.00	779.40
988.00	760.67
989.00	814.51
990.00	753.65
991.00	770.04
992.00	784.08
993.00	821.53
994.00	748.97
995.00	786.42
996.00	732.59
997.00	793.44
998.00	805.14
999.00	805.14
1000.00	863.66
1001.00	891.74
1002.00	856.64
1003.00	746.63
1004.00	770.04
1005.00	784.08
1006.00	816.85
1007.00	744.29
1008.00	805.14
1009.00	739.61
1010.00	814.51
1011.00	816.85
1012.00	805.14
1013.00	805.14
1014.00	791.10
1015.00	802.80
1016.00	802.80
1017.00	770.04
1018.00	716.20
1019.00	779.40
1020.00	779.40
1021.00	798.12
1022.00	826.21
1023.00	814.51
1024.00	812.17
1025.00	734.93
1026.00	807.48
1027.00	802.80
1028.00	770.04
1029.00	720.88
1030.00	814.51
1031.00	784.08
1032.00	837.91
1033.00	737.27
1034.00	774.72
1035.00	805.14
1036.00	744.29
1037.00	830.89
1038.00	826.21
1039.00	763.01
1040.00	751.31
1041.00	748.97
1042.00	760.67
1043.00	784.08
1044.00	772.38
1045.00	805.14
1046.00	919.83
1047.00	755.99
1048.00	681.10
1049.00	812.17
1050.00	784.08
1051.00	802.80
1052.00	814.51
1053.00	739.61
1054.00	779.40
1055.00	774.72
1056.00	777.06
1057.00	788.76
1058.00	809.83
1059.00	772.38
1060.00	791.10
1061.00	826.21
1062.00	760.67
1063.00	777.06
1064.00	774.72
1065.00	772.38
1066.00	746.63
1067.00	770.04
1068.00	814.51
1069.00	772.38
1070.00	737.27
1071.00	765.36
1072.00	725.57
1073.00	767.70
1074.00	819.19
1075.00	779.40
1076.00	725.57
1077.00	795.78
1078.00	861.32
1079.00	828.55
1080.00	807.48
1081.00	734.93
1082.00	770.04
1083.00	840.25
1084.00	755.99
1085.00	704.50
1086.00	807.48
1087.00	784.08
1088.00	805.14
1089.00	863.66
1090.00	786.42
1091.00	784.08
1092.00	734.93
1093.00	786.42
1094.00	809.83
1095.00	807.48
1096.00	779.40
1097.00	800.46
1098.00	828.55
1099.00	805.14
1100.00	821.53
1101.00	849.61
1102.00	898.77
1103.00	798.12
1104.00	800.46
1105.00	861.32
1106.00	835.57
1107.00	793.44
1108.00	777.06
1109.00	758.33
1110.00	779.40
1111.00	784.08
1112.00	739.61
1113.00	798.12
1114.00	777.06
1115.00	786.42
1116.00	814.51
1117.00	821.53
1118.00	777.06
1119.00	798.12
1120.00	805.14
1121.00	772.38
1122.00	791.10
1123.00	844.93
1124.00	837.91
1125.00	798.12
1126.00	784.08
1127.00	833.23
1128.00	748.97
1129.00	765.36
1130.00	826.21
1131.00	739.61
1132.00	840.25
1133.00	781.74
1134.00	788.76
1135.00	772.38
1136.00	800.46
1137.00	793.44
1138.00	786.42
1139.00	788.76
1140.00	777.06
1141.00	772.38
1142.00	851.96
1143.00	840.25
1144.00	777.06
1145.00	720.88
1146.00	870.68
1147.00	793.44
1148.00	805.14
1149.00	861.32
1150.00	830.89
1151.00	772.38
1152.00	828.55
1153.00	821.53
1154.00	828.55
1155.00	777.06
1156.00	774.72
1157.00	851.96
1158.00	884.72
1159.00	919.83
1160.00	847.27
1161.00	851.96
1162.00	837.91
1163.00	844.93
1164.00	873.02
1165.00	856.64
1166.00	978.34
1167.00	1015.79
1168.00	1270.91
1169.00	1287.29
1170.00	1156.22
1171.00	1020.47
1172.00	957.28
1173.00	940.90
1174.00	945.58
1175.00	851.96
1176.00	835.57
1177.00	835.57
1178.00	889.40
1179.00	922.17
1180.00	880.04
1181.00	767.70
1182.00	826.21
1183.00	837.91
1184.00	866.00
1185.00	807.48
1186.00	884.72
1187.00	884.72
1188.00	830.89
1189.00	894.08
1190.00	891.74
1191.00	922.17
1192.00	985.37
1193.00	945.58
1194.00	952.60
1195.00	896.43
1196.00	919.83
1197.00	887.06
1198.00	922.17
1199.00	968.98
1200.00	926.85
1201.00	1013.45
1202.00	1149.20
1203.00	1139.84
1204.00	1231.12
1205.00	1186.65
1206.00	1130.48
1207.00	1053.24
1208.00	1015.79
1209.00	987.71
1210.00	987.71
1211.00	978.34
1212.00	980.68
1213.00	1081.33
1214.00	1104.73
1215.00	1137.50
1216.00	1259.21
1217.00	1329.42
1218.00	1645.40
1219.00	1865.41
1220.00	3585.70
1221.00	19456.87
1222.00	53701.25
1223.00	65535.00
1224.00	65535.00
1225.00	58248.91
1226.00	46031.32
1227.00	34361.40
1228.00	28402.40
1229.00	20198.82
1230.00	9624.28
1231.00	3939.12
1232.00	2193.08
1233.00	1577.52
1234.00	1458.15
1235.00	1383.26
1236.00	1242.82
1237.00	1226.44
1238.00	1221.76
1239.00	1486.24
1240.00	3452.29
1241.00	6083.05
1242.00	7485.03
1243.00	6286.68
1244.00	4669.37
1245.00	3503.78
1246.00	2895.24
1247.00	2647.15
1248.00	1827.96
1249.00	1212.40
1250.00	985.37
1251.00	924.51
1252.00	964.30
1253.00	1046.22
1254.00	1086.01
1255.00	1039.20
1256.00	1114.10
1257.00	1046.22
1258.00	1036.86
1259.00	1006.43
1260.00	1011.11
1261.00	971.32
1262.00	1008.77
1263.00	957.28
1264.00	961.96
1265.00	959.62
1266.00	915.15
1267.00	795.78
1268.00	898.77
1269.00	943.24
1270.00	828.55
1271.00	882.38
1272.00	814.51
1273.00	802.80
1274.00	830.89
1275.00	837.91
1276.00	945.58
1277.00	947.92
1278.00	1006.43
1279.00	2520.76
1280.00	6616.69
1281.00	11260.32
1282.00	12561.66
1283.00	9753.01
1284.00	7225.23
1285.00	5301.31
1286.00	4447.02
1287.00	3723.79
1288.00	2289.04
1289.00	1401.98
1290.00	985.37
1291.00	992.39
1292.00	938.55
1293.00	999.41
1294.00	959.62
1295.00	943.24
1296.00	847.27
1297.00	936.21
1298.00	1008.77
1299.00	1647.74
1300.00	2626.08
1301.00	3494.42
1302.00	3131.64
1303.00	2565.23
1304.00	2022.22
1305.00	1757.74
1306.00	1469.86
1307.00	1310.70
1308.00	1135.16
1309.00	947.92
1310.00	976.00
1311.00	929.19
1312.00	917.49
1313.00	873.02
1314.00	837.91
1315.00	866.00
1316.00	840.25
1317.00	800.46
1318.00	858.98
1319.00	882.38
1320.00	837.91
1321.00	875.36
1322.00	866.00
1323.00	842.59
1324.00	807.48
1325.00	823.87
1326.00	784.08
1327.00	770.04
1328.00	798.12
1329.00	816.85
1330.00	858.98
1331.00	833.23
1332.00	915.15
1333.00	1076.65
1334.00	1750.72
1335.00	3068.44
1336.00	3812.73
1337.00	3311.86
1338.00	2658.85
1339.00	2106.48
1340.00	1774.13
1341.00	1551.78
1342.00	1254.53
1343.00	1048.56
1344.00	915.15
1345.00	887.06
1346.00	898.77
1347.00	861.32
1348.00	868.34
1349.00	858.98
1350.00	826.21
1351.00	898.77
1352.00	854.30
1353.00	889.40
1354.00	889.40
1355.00	835.57
1356.00	889.40
1357.00	763.01
1358.00	908.13
1359.00	816.85
1360.00	910.47
1361.00	1032.18
1362.00	2413.09
1363.00	5776.44
1364.00	9858.34
1365.00	10712.63
1366.00	8180.17
1367.00	6001.13
1368.00	4561.70
1369.00	3812.73
1370.00	2913.97
1371.00	1937.96
1372.00	1266.23
1373.00	1095.37
1374.00	1102.39
1375.00	1313.04
1376.00	3229.94
1377.00	9383.21
1378.00	16692.70
1379.00	19325.80
1380.00	14581.54
1381.00	10401.34
1382.00	7639.51
1383.00	6097.10
1384.00	4910.44
1385.00	2892.90
1386.00	1680.50
1387.00	1203.04
1388.00	1001.75
1389.00	990.05
1390.00	976.00
1391.00	1011.11
1392.00	910.47
1393.00	908.13
1394.00	851.96
1395.00	905.79
1396.00	861.32
1397.00	894.08
1398.00	1149.20
1399.00	1315.38
1400.00	1399.64
1401.00	1203.04
1402.00	1228.78
1403.00	1165.59
1404.00	1198.35
1405.00	1207.72
1406.00	2115.84
1407.00	8706.79
1408.00	21556.33
1409.00	31475.52
1410.00	28025.57
1411.00	20222.23
1412.00	13898.10
1413.00	10462.19
1414.00	8468.06
1415.00	5586.86
1416.00	2937.37
1417.00	1600.93
1418.00	1238.14
1419.00	1188.99
1420.00	2003.50
1421.00	4765.33
1422.00	7529.50
1423.00	8023.36
1424.00	6097.10
1425.00	4638.94
1426.00	3452.29
1427.00	2911.63
1428.00	2338.20
1429.00	1617.31
1430.00	1121.12
1431.00	968.98
1432.00	870.68
1433.00	959.62
1434.00	851.96
1435.00	908.13
1436.00	891.74
1437.00	915.15
1438.00	844.93
1439.00	833.23
1440.00	809.83
1441.00	793.44
1442.00	812.17
1443.00	873.02
1444.00	847.27
1445.00	880.04
1446.00	870.68
1447.00	793.44
1448.00	882.38
1449.00	856.64
1450.00	828.55
1451.00	858.98
1452.00	905.79
1453.00	887.06
1454.00	957.28
1455.00	1277.93
1456.00	2518.42
1457.00	4367.44
1458.00	5387.91
1459.00	4390.84
1460.00	3302.50
1461.00	2583.95
1462.00	2263.30
1463.00	1891.15
1464.00	1355.17
1465.00	1029.84
1466.00	896.43
1467.00	837.91
1468.00	894.08
1469.00	840.25
1470.00	861.32
1471.00	791.10
1472.00	798.12
1473.00	851.96
1474.00	866.00
1475.00	847.27
1476.00	828.55
1477.00	807.48
1478.00	793.44
1479.00	891.74
1480.00	866.00
1481.00	912.81
1482.00	835.57
1483.00	856.64
1484.00	875.36
1485.00	947.92
1486.00	968.98
1487.00	1299.00
1488.00	3861.88
1489.00	9795.14
1490.00	15641.80
1491.00	16107.57
1492.00	11609.06
1493.00	8154.43
1494.00	6073.69
1495.00	4994.70
1496.00	3604.42
1497.00	2080.74
1498.00	1369.21
1499.00	1057.92
1500.00	933.87
1501.00	901.11
1502.00	1001.75
1503.00	908.13
1504.00	823.87
1505.00	840.25
1506.00	835.57
1507.00	903.45
1508.00	830.89
1509.00	919.83
1510.00	819.19
1511.00	887.06
1512.00	873.02
1513.00	1130.48
1514.00	2242.23
1515.00	3796.35
1516.00	4786.40
1517.00	4058.49
1518.00	3056.74
1519.00	2317.13
1520.00	2066.69
1521.00	1741.36
1522.00	1341.13
1523.00	983.02
1524.00	959.62
1525.00	873.02
1526.00	849.61
1527.00	912.81
1528.00	910.47
1529.00	880.04
1530.00	919.83
1531.00	973.66
1532.00	1104.73
1533.00	2090.10
1534.00	5605.58
1535.00	9926.21
1536.00	11915.67
1537.00	9055.53
1538.00	6511.37
1539.00	4741.93
1540.00	3775.28
1541.00	3038.02
1542.00	1991.80
1543.00	1294.32
1544.00	1048.56
1545.00	868.34
1546.00	863.66
1547.00	863.66
1548.00	833.23
1549.00	922.17
1550.00	882.38
1551.00	924.51
1552.00	821.53
1553.00	910.47
1554.00	866.00
1555.00	828.55
1556.00	840.25
1557.00	842.59
1558.00	814.51
1559.00	891.74
1560.00	830.89
1561.00	910.47
1562.00	987.71
1563.00	1006.43
1564.00	1048.56
1565.00	1341.13
1566.00	4681.07
1567.00	12346.33
1568.00	20170.74
1569.00	20779.28
1570.00	14817.93
1571.00	10607.31
1572.00	7686.32
1573.00	6331.15
1574.00	4423.61
1575.00	2605.02
1576.00	1708.59
1577.00	1425.39
1578.00	1755.40
1579.00	6885.86
1580.00	19534.11
1581.00	31896.82
1582.00	33392.42
1583.00	23704.95
1584.00	16662.27
1585.00	12212.92
1586.00	9820.89
1587.00	6560.52
1588.00	3407.82
1589.00	1914.56
1590.00	1261.55
1591.00	1107.07
1592.00	1043.88
1593.00	957.28
1594.00	880.04
1595.00	877.70
1596.00	898.77
1597.00	915.15
1598.00	854.30
1599.00	851.96
1600.00	861.32
1601.00	805.14
1602.00	840.25
1603.00	770.04
1604.00	795.78
1605.00	737.27
1606.00	856.64
1607.00	910.47
1608.00	793.44
1609.00	877.70
1610.00	814.51
1611.00	856.64
1612.00	793.44
1613.00	812.17
1614.00	823.87
1615.00	767.70
1616.00	819.19
1617.00	873.02
1618.00	840.25
1619.00	791.10
1620.00	767.70
1621.00	791.10
1622.00	802.80
1623.00	800.46
1624.00	760.67
1625.00	847.27
1626.00	779.40
1627.00	781.74
1628.00	807.48
1629.00	863.66
1630.00	777.06
1631.00	868.34
1632.00	828.55
1633.00	807.48
1634.00	812.17
1635.00	816.85
1636.00	828.55
1637.00	863.66
1638.00	875.36
1639.00	800.46
1640.00	819.19
1641.00	830.89
1642.00	884.72
1643.00	868.34
1644.00	821.53
1645.00	833.23
1646.00	887.06
1647.00	903.45
1648.00	966.64
1649.00	1128.14
1650.00	2642.46
1651.00	8189.53
1652.00	14960.70
1653.00	18211.71
1654.00	14026.83
1655.00	9961.32
1656.00	7234.60
1657.00	5748.36
1658.00	4142.75
1659.00	2502.03
1660.00	1547.09
1661.00	1090.69
1662.00	983.02
1663.00	896.43
1664.00	823.87
1665.00	856.64
1666.00	917.49
1667.00	903.45
1668.00	1198.35
1669.00	2846.09
1670.00	4973.64
1671.00	6427.11
1672.00	5657.07
1673.00	4322.97
1674.00	3300.16
1675.00	2637.78
1676.00	2101.80
1677.00	1474.54
1678.00	1062.60
1679.00	945.58
1680.00	847.27
1681.00	798.12
1682.00	795.78
1683.00	706.84
1684.00	753.65
1685.00	807.48
1686.00	767.70
1687.00	746.63
1688.00	748.97
1689.00	760.67
1690.00	744.29
1691.00	847.27
1692.00	812.17
1693.00	798.12
1694.00	767.70
1695.00	751.31
1696.00	816.85
1697.00	795.78
1698.00	777.06
1699.00	826.21
1700.00	863.66
1701.00	791.10
1702.00	713.86
1703.00	795.78
1704.00	868.34
1705.00	856.64
1706.00	854.30
1707.00	814.51
1708.00	763.01
1709.00	891.74
1710.00	777.06
1711.00	760.67
1712.00	835.57
1713.00	917.49
1714.00	1497.94
1715.00	3688.68
1716.00	6857.77
1717.00	8751.26
1718.00	7573.97
1719.00	5841.98
1720.00	4414.25
1721.00	3456.97
1722.00	2417.77
1723.00	1696.89
1724.00	1224.10
1725.00	978.34
1726.00	889.40
1727.00	812.17
1728.00	849.61
1729.00	828.55
1730.00	795.78
1731.00	826.21
1732.00	873.02
1733.00	739.61
1734.00	793.44
1735.00	753.65
1736.00	763.01
1737.00	791.10
1738.00	777.06
1739.00	751.31
1740.00	777.06
1741.00	774.72
1742.00	821.53
1743.00	741.95
1744.00	767.70
1745.00	748.97
1746.00	821.53
1747.00	802.80
1748.00	837.91
1749.00	856.64
1750.00	779.40
1751.00	856.64
1752.00	816.85
1753.00	835.57
1754.00	770.04
1755.00	781.74
1756.00	833.23
1757.00	788.76
1758.00	830.89
1759.00	837.91
1760.00	746.63
1761.00	866.00
1762.00	777.06
1763.00	847.27
1764.00	826.21
1765.00	781.74
1766.00	777.06
1767.00	929.19
1768.00	905.79
1769.00	1034.52
1770.00	2148.61
1771.00	6202.42
1772.00	11721.40
1773.00	15468.60
1774.00	12858.90
1775.00	9905.15
1776.00	7164.38
1777.00	5139.82
1778.00	3328.24
1779.00	2104.14
1780.00	1455.81
1781.00	1083.67
1782.00	1008.77
1783.00	961.96
1784.00	870.68
1785.00	870.68
1786.00	877.70
1787.00	809.83
1788.00	809.83
1789.00	786.42
1790.00	821.53
1791.00	723.23
1792.00	828.55
1793.00	809.83
1794.00	835.57
1795.00	856.64
1796.00	840.25
1797.00	1001.75
1798.00	2408.41
1799.00	5455.79
1800.00	8812.12
1801.00	9724.93
1802.00	7960.16
1803.00	5785.80
1804.00	4203.60
1805.00	2778.22
1806.00	1865.41
1807.00	1387.94
1808.00	1025.15
1809.00	908.13
1810.00	861.32
1811.00	842.59
1812.00	774.72
1813.00	835.57
1814.00	788.76
1815.00	730.25
1816.00	730.25
1817.00	770.04
1818.00	781.74
1819.00	823.87
1820.00	739.61
1821.00	837.91
1822.00	788.76
1823.00	793.44
1824.00	830.89
1825.00	765.36
1826.00	882.38
1827.00	894.08
1828.00	861.32
1829.00	856.64
1830.00	779.40
1831.00	821.53
1832.00	781.74
1833.00	821.53
1834.00	739.61
1835.00	795.78
1836.00	788.76
1837.00	814.51
1838.00	774.72
1839.00	755.99
1840.00	798.12
1841.00	763.01
1842.00	739.61
1843.00	798.12
1844.00	781.74
1845.00	763.01
1846.00	786.42
1847.00	744.29
1848.00	791.10
1849.00	802.80
1850.00	755.99
1851.00	718.54
1852.00	786.42
1853.00	777.06
1854.00	732.59
1855.00	697.48
1856.00	744.29
1857.00	835.57
1858.00	786.42
1859.00	765.36
1860.00	793.44
1861.00	809.83
1862.00	758.33
1863.00	730.25
1864.00	816.85
1865.00	837.91
1866.00	821.53
1867.00	753.65
1868.00	753.65
1869.00	767.70
1870.00	791.10
1871.00	784.08
1872.00	748.97
1873.00	767.70
1874.00	709.18
1875.00	748.97
1876.00	805.14
1877.00	765.36
1878.00	706.84
1879.00	779.40
1880.00	704.50
1881.00	730.25
1882.00	772.38
1883.00	748.97
1884.00	716.20
1885.00	727.91
1886.00	755.99
1887.00	858.98
1888.00	854.30
1889.00	781.74
1890.00	753.65
1891.00	812.17
1892.00	770.04
1893.00	833.23
1894.00	767.70
1895.00	833.23
1896.00	833.23
1897.00	816.85
1898.00	812.17
1899.00	770.04
1900.00	760.67
1901.00	744.29
1902.00	744.29
1903.00	772.38
1904.00	711.52
1905.00	746.63
1906.00	767.70
1907.00	748.97
1908.00	725.57
1909.00	837.91
1910.00	837.91
1911.00	870.68
1912.00	802.80
1913.00	840.25
1914.00	851.96
1915.00	784.08
1916.00	807.48
1917.00	791.10
1918.00	826.21
1919.00	725.57
1920.00	730.25
1921.00	868.34
1922.00	795.78
1923.00	739.61
1924.00	739.61
1925.00	774.72
1926.00	758.33
1927.00	746.63
1928.00	760.67
1929.00	732.59
1930.00	809.83
1931.00	781.74
1932.00	753.65
1933.00	751.31
1934.00	786.42
1935.00	770.04
1936.00	791.10
1937.00	795.78
1938.00	737.27
1939.00	800.46
1940.00	734.93
1941.00	786.42
1942.00	755.99
1943.00	781.74
1944.00	753.65
1945.00	744.29
1946.00	763.01
1947.00	800.46
1948.00	840.25
1949.00	751.31
1950.00	821.53
1951.00	767.70
1952.00	1053.24
1953.00	2326.49
1954.00	4915.12
1955.00	7616.10
1956.00	8674.03
1957.00	6087.73
1958.00	3999.98
1959.00	2441.18
1960.00	1678.16
1961.00	1254.53
1962.00	1093.03
1963.00	891.74
1964.00	880.04
1965.00	786.42
1966.00	748.97
1967.00	814.51
1968.00	716.20
1969.00	751.31
1970.00	837.91
1971.00	786.42
1972.00	758.33
1973.00	791.10
1974.00	798.12
1975.00	847.27
1976.00	786.42
1977.00	767.70
1978.00	800.46
1979.00	816.85
1980.00	861.32
1981.00	1118.78
1982.00	1191.33
1983.00	1252.19
1984.00	1163.25
1985.00	947.92
1986.00	910.47
1987.00	833.23
1988.00	856.64
1989.00	793.44
1990.00	770.04
1991.00	875.36
1992.00	770.04
1993.00	767.70
1994.00	788.76
1995.00	699.82
1996.00	798.12
1997.00	748.97
1998.00	692.80
1999.00	720.88
2000.00	763.01
2001.00	660.03
2002.00	814.51
2003.00	802.80
2004.00	734.93
2005.00	772.38
2006.00	788.76
2007.00	765.36
2008.00	795.78
2009.00	737.27
2010.00	795.78
2011.00	744.29
2012.00	786.42
2013.00	716.20
2014.00	777.06
2015.00	767.70
2016.00	744.29
2017.00	774.72
2018.00	746.63
2019.00	814.51
2020.00	779.40
2021.00	746.63
2022.00	774.72
2023.00	847.27
2024.00	882.38
2025.00	1055.58
2026.00	1165.59
2027.00	1273.25
2028.00	1163.25
2029.00	1207.72
2030.00	2385.01
2031.00	6848.41
2032.00	12924.44
2033.00	16931.44
2034.00	14918.57
2035.00	10012.81
2036.00	6843.73
2037.00	4117.00
2038.00	2747.79
2039.00	1858.39
2040.00	1301.34
2041.00	1083.67
2042.00	954.94
2043.00	952.60
2044.00	884.72
2045.00	880.04
2046.00	807.48
2047.00	903.45
