0.00	645.99
1.00	645.99
2.00	645.99
3.00	613.22
4.00	608.54
5.00	634.29
6.00	554.71
7.00	573.43
8.00	617.90
9.00	547.69
10.00	550.03
11.00	533.64
12.00	564.07
13.00	657.69
14.00	627.26
15.00	596.84
16.00	608.54
17.00	648.33
18.00	596.84
19.00	617.90
20.00	608.54
21.00	610.88
22.00	629.60
23.00	704.50
24.00	636.63
25.00	716.20
26.00	664.71
27.00	718.54
28.00	692.80
29.00	692.80
30.00	737.27
31.00	669.39
32.00	690.46
33.00	697.48
34.00	744.29
35.00	753.65
36.00	737.27
37.00	784.08
38.00	648.33
39.00	725.57
40.00	765.36
41.00	784.08
42.00	772.38
43.00	777.06
44.00	685.78
45.00	833.23
46.00	748.97
47.00	695.14
48.00	744.29
49.00	772.38
50.00	748.97
51.00	716.20
52.00	709.18
53.00	779.40
54.00	793.44
55.00	706.84
56.00	720.88
57.00	716.20
58.00	727.91
59.00	709.18
60.00	779.40
61.00	669.39
62.00	753.65
63.00	720.88
64.00	744.29
65.00	744.29
66.00	704.50
67.00	746.63
68.00	709.18
69.00	697.48
70.00	697.48
71.00	777.06
72.00	690.46
73.00	664.71
74.00	690.46
75.00	779.40
76.00	753.65
77.00	734.93
78.00	678.76
79.00	690.46
80.00	688.12
81.00	624.92
82.00	758.33
83.00	718.54
84.00	758.33
85.00	744.29
86.00	734.93
87.00	638.97
88.00	753.65
89.00	699.82
90.00	727.91
91.00	814.51
92.00	772.38
93.00	781.74
94.00	725.57
95.00	664.71
96.00	685.78
97.00	793.44
98.00	713.86
99.00	737.27
100.00	751.31
101.00	772.38
102.00	662.37
103.00	725.57
104.00	760.67
105.00	739.61
106.00	770.04
107.00	765.36
108.00	795.78
109.00	716.20
110.00	718.54
111.00	751.31
112.00	678.76
113.00	723.23
114.00	730.25
115.00	706.84
116.00	727.91
117.00	688.12
118.00	835.57
119.00	725.57
120.00	704.50
121.00	706.84
122.00	772.38
123.00	706.84
124.00	739.61
125.00	655.35
126.00	697.48
127.00	676.41
128.00	713.86
129.00	793.44
130.00	781.74
131.00	690.46
132.00	770.04
133.00	725.57
134.00	758.33
135.00	702.16
136.00	807.48
137.00	711.52
138.00	767.70
139.00	788.76
140.00	746.63
141.00	648.33
142.00	674.07
143.00	746.63
144.00	732.59
145.00	777.06
146.00	720.88
147.00	716.20
148.00	748.97
149.00	709.18
150.00	723.23
151.00	730.25
152.00	739.61
153.00	723.23
154.00	772.38
155.00	744.29
156.00	713.86
157.00	772.38
158.00	725.57
159.00	774.72
160.00	741.95
161.00	723.23
162.00	716.20
163.00	676.41
164.00	730.25
165.00	777.06
166.00	765.36
167.00	763.01
168.00	711.52
169.00	802.80
170.00	753.65
171.00	744.29
172.00	702.16
173.00	697.48
174.00	737.27
175.00	807.48
176.00	744.29
177.00	732.59
178.00	741.95
179.00	690.46
180.00	800.46
181.00	765.36
182.00	739.61
183.00	674.07
184.00	791.10
185.00	748.97
186.00	678.76
187.00	720.88
188.00	671.73
189.00	716.20
190.00	734.93
191.00	671.73
192.00	748.97
193.00	685.78
194.00	767.70
195.00	734.93
196.00	713.86
197.00	819.19
198.00	758.33
199.00	767.70
200.00	777.06
201.00	732.59
202.00	793.44
203.00	772.38
204.00	716.20
205.00	767.70
206.00	739.61
207.00	718.54
208.00	711.52
209.00	704.50
210.00	784.08
211.00	823.87
212.00	786.42
213.00	781.74
214.00	709.18
215.00	683.44
216.00	788.76
217.00	763.01
218.00	772.38
219.00	748.97
220.00	695.14
221.00	767.70
222.00	713.86
223.00	732.59
224.00	706.84
225.00	709.18
226.00	807.48
227.00	774.72
228.00	753.65
229.00	734.93
230.00	699.82
231.00	734.93
232.00	727.91
233.00	741.95
234.00	737.27
235.00	814.51
236.00	732.59
237.00	692.80
238.00	716.20
239.00	739.61
240.00	774.72
241.00	755.99
242.00	732.59
243.00	744.29
244.00	713.86
245.00	767.70
246.00	681.10
247.00	774.72
248.00	723.23
249.00	823.87
250.00	748.97
251.00	695.14
252.00	748.97
253.00	690.46
254.00	751.31
255.00	741.95
256.00	760.67
257.00	784.08
258.00	741.95
259.00	683.44
260.00	702.16
261.00	744.29
262.00	734.93
263.00	734.93
264.00	697.48
265.00	781.74
266.00	774.72
267.00	765.36
268.00	788.76
269.00	779.40
270.00	765.36
271.00	784.08
272.00	795.78
273.00	767.70
274.00	746.63
275.00	688.12
276.00	795.78
277.00	748.97
278.00	795.78
279.00	737.27
280.00	751.31
281.00	786.42
282.00	767.70
283.00	798.12
284.00	798.12
285.00	709.18
286.00	833.23
287.00	786.42
288.00	755.99
289.00	772.38
290.00	730.25
291.00	777.06
292.00	753.65
293.00	725.57
294.00	805.14
295.00	737.27
296.00	732.59
297.00	732.59
298.00	734.93
299.00	739.61
300.00	802.80
301.00	795.78
302.00	744.29
303.00	784.08
304.00	699.82
305.00	732.59
306.00	809.83
307.00	805.14
308.00	767.70
309.00	833.23
310.00	784.08
311.00	823.87
312.00	788.76
313.00	765.36
314.00	812.17
315.00	788.76
316.00	788.76
317.00	830.89
318.00	767.70
319.00	788.76
320.00	760.67
321.00	758.33
322.00	716.20
323.00	793.44
324.00	739.61
325.00	802.80
326.00	767.70
327.00	751.31
328.00	746.63
329.00	763.01
330.00	741.95
331.00	674.07
332.00	802.80
333.00	746.63
334.00	676.41
335.00	697.48
336.00	737.27
337.00	744.29
338.00	763.01
339.00	720.88
340.00	741.95
341.00	763.01
342.00	819.19
343.00	725.57
344.00	798.12
345.00	786.42
346.00	772.38
347.00	835.57
348.00	887.06
349.00	819.19
350.00	828.55
351.00	814.51
352.00	699.82
353.00	826.21
354.00	816.85
355.00	774.72
356.00	725.57
357.00	807.48
358.00	777.06
359.00	739.61
360.00	727.91
361.00	814.51
362.00	777.06
363.00	774.72
364.00	791.10
365.00	760.67
366.00	734.93
367.00	741.95
368.00	816.85
369.00	748.97
370.00	746.63
371.00	720.88
372.00	713.86
373.00	746.63
374.00	716.20
375.00	777.06
376.00	807.48
377.00	744.29
378.00	755.99
379.00	727.91
380.00	746.63
381.00	739.61
382.00	655.35
383.00	751.31
384.00	636.63
385.00	765.36
386.00	744.29
387.00	739.61
388.00	741.95
389.00	739.61
390.00	748.97
391.00	779.40
392.00	786.42
393.00	812.17
394.00	744.29
395.00	791.10
396.00	786.42
397.00	746.63
398.00	734.93
399.00	734.93
400.00	751.31
401.00	702.16
402.00	734.93
403.00	807.48
404.00	737.27
405.00	748.97
406.00	770.04
407.00	751.31
408.00	748.97
409.00	744.29
410.00	723.23
411.00	753.65
412.00	662.37
413.00	734.93
414.00	660.03
415.00	678.76
416.00	753.65
417.00	739.61
418.00	767.70
419.00	732.59
420.00	753.65
421.00	741.95
422.00	636.63
423.00	786.42
424.00	725.57
425.00	760.67
426.00	812.17
427.00	748.97
428.00	741.95
429.00	709.18
430.00	781.74
431.00	732.59
432.00	734.93
433.00	770.04
434.00	809.83
435.00	777.06
436.00	767.70
437.00	765.36
438.00	706.84
439.00	702.16
440.00	774.72
441.00	777.06
442.00	781.74
443.00	802.80
444.00	774.72
445.00	777.06
446.00	777.06
447.00	758.33
448.00	744.29
449.00	772.38
450.00	823.87
451.00	753.65
452.00	823.87
453.00	805.14
454.00	744.29
455.00	755.99
456.00	781.74
457.00	692.80
458.00	713.86
459.00	634.29
460.00	755.99
461.00	746.63
462.00	753.65
463.00	741.95
464.00	770.04
465.00	772.38
466.00	798.12
467.00	760.67
468.00	791.10
469.00	751.31
470.00	753.65
471.00	699.82
472.00	772.38
473.00	739.61
474.00	758.33
475.00	702.16
476.00	716.20
477.00	692.80
478.00	826.21
479.00	791.10
480.00	800.46
481.00	709.18
482.00	739.61
483.00	781.74
484.00	725.57
485.00	791.10
486.00	727.91
487.00	802.80
488.00	763.01
489.00	795.78
490.00	753.65
491.00	746.63
492.00	699.82
493.00	755.99
494.00	734.93
495.00	793.44
496.00	706.84
497.00	755.99
498.00	760.67
499.00	788.76
500.00	763.01
501.00	753.65
502.00	739.61
503.00	779.40
504.00	741.95
505.00	746.63
506.00	723.23
507.00	830.89
508.00	763.01
509.00	821.53
510.00	697.48
511.00	779.40
512.00	709.18
513.00	725.57
514.00	739.61
515.00	763.01
516.00	786.42
517.00	760.67
518.00	765.36
519.00	741.95
520.00	784.08
521.00	641.31
522.00	746.63
523.00	816.85
524.00	777.06
525.00	755.99
526.00	748.97
527.00	678.76
528.00	767.70
529.00	744.29
530.00	720.88
531.00	760.67
532.00	739.61
533.00	734.93
534.00	753.65
535.00	730.25
536.00	779.40
537.00	880.04
538.00	779.40
539.00	800.46
540.00	751.31
541.00	763.01
542.00	791.10
543.00	725.57
544.00	767.70
545.00	767.70
546.00	767.70
547.00	711.52
548.00	737.27
549.00	765.36
550.00	758.33
551.00	702.16
552.00	765.36
553.00	720.88
554.00	763.01
555.00	760.67
556.00	772.38
557.00	720.88
558.00	791.10
559.00	753.65
560.00	800.46
561.00	793.44
562.00	767.70
563.00	753.65
564.00	718.54
565.00	767.70
566.00	725.57
567.00	772.38
568.00	821.53
569.00	795.78
570.00	828.55
571.00	816.85
572.00	786.42
573.00	723.23
574.00	760.67
575.00	755.99
576.00	770.04
577.00	723.23
578.00	760.67
579.00	748.97
580.00	732.59
581.00	758.33
582.00	706.84
583.00	744.29
584.00	713.86
585.00	781.74
586.00	767.70
587.00	748.97
588.00	798.12
589.00	770.04
590.00	730.25
591.00	786.42
592.00	772.38
593.00	746.63
594.00	770.04
595.00	746.63
596.00	725.57
597.00	826.21
598.00	772.38
599.00	793.44
600.00	702.16
601.00	758.33
602.00	758.33
603.00	709.18
604.00	739.61
605.00	795.78
606.00	774.72
607.00	774.72
608.00	830.89
609.00	706.84
610.00	744.29
611.00	779.40
612.00	758.33
613.00	744.29
614.00	805.14
615.00	727.91
616.00	753.65
617.00	781.74
618.00	795.78
619.00	702.16
620.00	753.65
621.00	791.10
622.00	786.42
623.00	753.65
624.00	791.10
625.00	763.01
626.00	779.40
627.00	807.48
628.00	781.74
629.00	814.51
630.00	751.31
631.00	823.87
632.00	767.70
633.00	730.25
634.00	770.04
635.00	744.29
636.00	741.95
637.00	711.52
638.00	704.50
639.00	812.17
640.00	828.55
641.00	823.87
642.00	718.54
643.00	725.57
644.00	821.53
645.00	795.78
646.00	746.63
647.00	784.08
648.00	760.67
649.00	718.54
650.00	737.27
651.00	791.10
652.00	748.97
653.00	816.85
654.00	791.10
655.00	919.83
656.00	791.10
657.00	795.78
658.00	779.40
659.00	805.14
660.00	716.20
661.00	781.74
662.00	788.76
663.00	779.40
664.00	760.67
665.00	835.57
666.00	760.67
667.00	779.40
668.00	746.63
669.00	779.40
670.00	807.48
671.00	730.25
672.00	746.63
673.00	695.14
674.00	725.57
675.00	737.27
676.00	741.95
677.00	774.72
678.00	793.44
679.00	758.33
680.00	795.78
681.00	807.48
682.00	767.70
683.00	751.31
684.00	755.99
685.00	770.04
686.00	777.06
687.00	723.23
688.00	704.50
689.00	777.06
690.00	751.31
691.00	779.40
692.00	772.38
693.00	781.74
694.00	840.25
695.00	823.87
696.00	793.44
697.00	805.14
698.00	725.57
699.00	809.83
700.00	837.91
701.00	753.65
702.00	744.29
703.00	847.27
704.00	793.44
705.00	793.44
706.00	795.78
707.00	770.04
708.00	812.17
709.00	833.23
710.00	772.38
711.00	781.74
712.00	716.20
713.00	774.72
714.00	763.01
715.00	734.93
716.00	833.23
717.00	748.97
718.00	802.80
719.00	770.04
720.00	732.59
721.00	753.65
722.00	809.83
723.00	823.87
724.00	763.01
725.00	713.86
726.00	699.82
727.00	739.61
728.00	765.36
729.00	800.46
730.00	814.51
731.00	730.25
732.00	779.40
733.00	760.67
734.00	779.40
735.00	809.83
736.00	765.36
737.00	746.63
738.00	798.12
739.00	826.21
740.00	784.08
741.00	725.57
742.00	781.74
743.00	788.76
744.00	732.59
745.00	823.87
746.00	723.23
747.00	788.76
748.00	748.97
749.00	718.54
750.00	788.76
751.00	823.87
752.00	739.61
753.00	758.33
754.00	781.74
755.00	734.93
756.00	739.61
757.00	807.48
758.00	802.80
759.00	763.01
760.00	758.33
761.00	861.32
762.00	809.83
763.00	849.61
764.00	807.48
765.00	763.01
766.00	819.19
767.00	819.19
768.00	765.36
769.00	699.82
770.00	798.12
771.00	763.01
772.00	784.08
773.00	767.70
774.00	816.85
775.00	746.63
776.00	816.85
777.00	809.83
778.00	711.52
779.00	849.61
780.00	795.78
781.00	788.76
782.00	814.51
783.00	807.48
784.00	793.44
785.00	816.85
786.00	770.04
787.00	718.54
788.00	711.52
789.00	781.74
790.00	802.80
791.00	835.57
792.00	830.89
793.00	826.21
794.00	784.08
795.00	800.46
796.00	723.23
797.00	746.63
798.00	713.86
799.00	828.55
800.00	800.46
801.00	788.76
802.00	844.93
803.00	786.42
804.00	798.12
805.00	800.46
806.00	737.27
807.00	784.08
808.00	713.86
809.00	781.74
810.00	786.42
811.00	798.12
812.00	774.72
813.00	753.65
814.00	819.19
815.00	786.42
816.00	781.74
817.00	823.87
818.00	877.70
819.00	727.91
820.00	798.12
821.00	706.84
822.00	805.14
823.00	800.46
824.00	751.31
825.00	809.83
826.00	755.99
827.00	760.67
828.00	826.21
829.00	734.93
830.00	821.53
831.00	849.61
832.00	767.70
833.00	748.97
834.00	830.89
835.00	767.70
836.00	772.38
837.00	765.36
838.00	858.98
839.00	866.00
840.00	774.72
841.00	716.20
842.00	823.87
843.00	765.36
844.00	753.65
845.00	828.55
846.00	765.36
847.00	828.55
848.00	739.61
849.00	788.76
850.00	851.96
851.00	734.93
852.00	793.44
853.00	755.99
854.00	720.88
855.00	725.57
856.00	819.19
857.00	814.51
858.00	809.83
859.00	809.83
860.00	823.87
861.00	741.95
862.00	875.36
863.00	805.14
864.00	779.40
865.00	816.85
866.00	800.46
867.00	807.48
868.00	720.88
869.00	798.12
870.00	800.46
871.00	795.78
872.00	699.82
873.00	751.31
874.00	793.44
875.00	814.51
876.00	830.89
877.00	765.36
878.00	772.38
879.00	791.10
880.00	807.48
881.00	774.72
882.00	774.72
883.00	821.53
884.00	835.57
885.00	802.80
886.00	741.95
887.00	823.87
888.00	795.78
889.00	725.57
890.00	835.57
891.00	795.78
892.00	812.17
893.00	816.85
894.00	772.38
895.00	739.61
896.00	800.46
897.00	763.01
898.00	784.08
899.00	784.08
900.00	758.33
901.00	793.44
902.00	793.44
903.00	793.44
904.00	812.17
905.00	805.14
906.00	875.36
907.00	903.45
908.00	821.53
909.00	844.93
910.00	856.64
911.00	814.51
912.00	905.79
913.00	940.90
914.00	919.83
915.00	938.55
916.00	854.30
917.00	765.36
918.00	882.38
919.00	814.51
920.00	753.65
921.00	800.46
922.00	821.53
923.00	770.04
924.00	753.65
925.00	802.80
926.00	795.78
927.00	844.93
928.00	847.27
929.00	868.34
930.00	870.68
931.00	809.83
932.00	826.21
933.00	821.53
934.00	847.27
935.00	791.10
936.00	805.14
937.00	851.96
938.00	835.57
939.00	805.14
940.00	704.50
941.00	774.72
942.00	765.36
943.00	772.38
944.00	828.55
945.00	800.46
946.00	1064.94
947.00	1584.54
948.00	1947.33
949.00	1804.55
950.00	1448.79
951.00	1270.91
952.00	1235.80
953.00	985.37
954.00	903.45
955.00	786.42
956.00	758.33
957.00	821.53
958.00	819.19
959.00	793.44
960.00	770.04
961.00	767.70
962.00	716.20
963.00	770.04
964.00	800.46
965.00	716.20
966.00	786.42
967.00	786.42
968.00	823.87
969.00	821.53
970.00	784.08
971.00	746.63
972.00	732.59
973.00	854.30
974.00	800.46
975.00	739.61
976.00	849.61
977.00	758.33
978.00	791.10
979.00	723.23
980.00	823.87
981.00	753.65
982.00	901.11
983.00	765.36
984.00	767.70
985.00	774.72
986.00	781.74
987.00	755.99
988.00	795.78
989.00	800.46
990.00	844.93
991.00	765.36
992.00	784.08
993.00	695.14
994.00	793.44
995.00	791.10
996.00	767.70
997.00	737.27
998.00	788.76
999.00	786.42
1000.00	800.46
1001.00	814.51
1002.00	786.42
1003.00	926.85
1004.00	814.51
1005.00	856.64
1006.00	795.78
1007.00	765.36
1008.00	795.78
1009.00	795.78
1010.00	737.27
1011.00	826.21
1012.00	763.01
1013.00	786.42
1014.00	849.61
1015.00	779.40
1016.00	863.66
1017.00	819.19
1018.00	807.48
1019.00	786.42
1020.00	816.85
1021.00	779.40
1022.00	765.36
1023.00	812.17
1024.00	753.65
1025.00	779.40
1026.00	732.59
1027.00	779.40
1028.00	826.21
1029.00	819.19
1030.00	760.67
1031.00	814.51
1032.00	847.27
1033.00	840.25
1034.00	793.44
1035.00	704.50
1036.00	716.20
1037.00	779.40
1038.00	826.21
1039.00	788.76
1040.00	788.76
1041.00	763.01
1042.00	716.20
1043.00	847.27
1044.00	828.55
1045.00	812.17
1046.00	830.89
1047.00	847.27
1048.00	840.25
1049.00	807.48
1050.00	795.78
1051.00	791.10
1052.00	800.46
1053.00	802.80
1054.00	805.14
1055.00	720.88
1056.00	720.88
1057.00	779.40
1058.00	798.12
1059.00	826.21
1060.00	798.12
1061.00	685.78
1062.00	814.51
1063.00	763.01
1064.00	849.61
1065.00	739.61
1066.00	706.84
1067.00	805.14
1068.00	847.27
1069.00	746.63
1070.00	777.06
1071.00	793.44
1072.00	793.44
1073.00	725.57
1074.00	748.97
1075.00	805.14
1076.00	791.10
1077.00	709.18
1078.00	826.21
1079.00	814.51
1080.00	840.25
1081.00	758.33
1082.00	842.59
1083.00	812.17
1084.00	784.08
1085.00	781.74
1086.00	716.20
1087.00	812.17
1088.00	807.48
1089.00	784.08
1090.00	844.93
1091.00	744.29
1092.00	793.44
1093.00	805.14
1094.00	758.33
1095.00	753.65
1096.00	835.57
1097.00	826.21
1098.00	751.31
1099.00	798.12
1100.00	800.46
1101.00	826.21
1102.00	781.74
1103.00	858.98
1104.00	821.53
1105.00	748.97
1106.00	828.55
1107.00	816.85
1108.00	823.87
1109.00	842.59
1110.00	753.65
1111.00	826.21
1112.00	791.10
1113.00	809.83
1114.00	767.70
1115.00	812.17
1116.00	779.40
1117.00	819.19
1118.00	758.33
1119.00	739.61
1120.00	807.48
1121.00	830.89
1122.00	720.88
1123.00	793.44
1124.00	784.08
1125.00	763.01
1126.00	826.21
1127.00	739.61
1128.00	833.23
1129.00	774.72
1130.00	784.08
1131.00	777.06
1132.00	770.04
1133.00	805.14
1134.00	788.76
1135.00	816.85
1136.00	826.21
1137.00	777.06
1138.00	821.53
1139.00	812.17
1140.00	784.08
1141.00	809.83
1142.00	774.72
1143.00	767.70
1144.00	777.06
1145.00	849.61
1146.00	800.46
1147.00	746.63
1148.00	805.14
1149.00	720.88
1150.00	856.64
1151.00	805.14
1152.00	866.00
1153.00	823.87
1154.00	770.04
1155.00	741.95
1156.00	809.83
1157.00	887.06
1158.00	950.26
1159.00	915.15
1160.00	938.55
1161.00	809.83
1162.00	830.89
1163.00	786.42
1164.00	870.68
1165.00	887.06
1166.00	961.96
1167.00	999.41
1168.00	1198.35
1169.00	1240.48
1170.00	1067.28
1171.00	999.41
1172.00	912.81
1173.00	999.41
1174.00	940.90
1175.00	903.45
1176.00	814.51
1177.00	858.98
1178.00	896.43
1179.00	760.67
1180.00	858.98
1181.00	894.08
1182.00	826.21
1183.00	828.55
1184.00	950.26
1185.00	968.98
1186.00	858.98
1187.00	854.30
1188.00	924.51
1189.00	821.53
1190.00	847.27
1191.00	873.02
1192.00	947.92
1193.00	964.30
1194.00	933.87
1195.00	903.45
1196.00	856.64
1197.00	938.55
1198.00	903.45
1199.00	880.04
1200.00	910.47
1201.00	994.73
1202.00	1090.69
1203.00	1109.41
1204.00	1144.52
1205.00	1128.14
1206.00	1006.43
1207.00	1004.09
1208.00	1034.52
1209.00	1029.84
1210.00	1011.11
1211.00	1001.75
1212.00	1025.15
1213.00	983.02
1214.00	919.83
1215.00	1130.48
1216.00	1219.42
1217.00	1306.02
1218.00	1542.41
1219.00	1736.68
1220.00	3171.43
1221.00	16758.24
1222.00	47107.96
1223.00	62429.11
1224.00	62059.30
1225.00	53118.46
1226.00	39161.84
1227.00	29312.87
1228.00	23924.96
1229.00	17249.75
1230.00	8327.63
1231.00	3541.23
1232.00	1998.82
1233.00	1495.60
1234.00	1348.15
1235.00	1299.00
1236.00	1191.33
1237.00	1188.99
1238.00	1128.14
1239.00	1430.07
1240.00	3080.14
1241.00	5373.87
1242.00	6296.04
1243.00	5338.76
1244.00	4205.94
1245.00	3063.76
1246.00	2644.81
1247.00	2242.23
1248.00	1643.06
1249.00	1205.38
1250.00	990.05
1251.00	917.49
1252.00	929.19
1253.00	950.26
1254.00	1062.60
1255.00	1062.60
1256.00	1039.20
1257.00	1036.86
1258.00	1034.52
1259.00	926.85
1260.00	915.15
1261.00	912.81
1262.00	929.19
1263.00	966.64
1264.00	889.40
1265.00	919.83
1266.00	896.43
1267.00	919.83
1268.00	894.08
1269.00	847.27
1270.00	903.45
1271.00	873.02
1272.00	798.12
1273.00	877.70
1274.00	833.23
1275.00	917.49
1276.00	936.21
1277.00	1008.77
1278.00	1027.50
1279.00	2249.25
1280.00	5781.12
1281.00	9675.77
1282.00	11012.22
1283.00	8409.54
1284.00	6118.16
1285.00	4709.16
1286.00	4025.72
1287.00	3187.81
1288.00	2087.76
1289.00	1256.87
1290.00	947.92
1291.00	945.58
1292.00	933.87
1293.00	905.79
1294.00	887.06
1295.00	924.51
1296.00	894.08
1297.00	823.87
1298.00	992.39
1299.00	1481.56
1300.00	2363.94
1301.00	3054.40
1302.00	2771.19
1303.00	2155.63
1304.00	1708.59
1305.00	1533.05
1306.00	1446.45
1307.00	1289.64
1308.00	1053.24
1309.00	992.39
1310.00	858.98
1311.00	842.59
1312.00	847.27
1313.00	908.13
1314.00	938.55
1315.00	823.87
1316.00	851.96
1317.00	856.64
1318.00	842.59
1319.00	798.12
1320.00	863.66
1321.00	774.72
1322.00	770.04
1323.00	805.14
1324.00	809.83
1325.00	858.98
1326.00	849.61
1327.00	758.33
1328.00	842.59
1329.00	784.08
1330.00	763.01
1331.00	842.59
1332.00	910.47
1333.00	959.62
1334.00	1657.10
1335.00	2562.89
1336.00	3260.37
1337.00	2883.54
1338.00	2401.39
1339.00	1914.56
1340.00	1626.67
1341.00	1497.94
1342.00	1158.57
1343.00	976.00
1344.00	903.45
1345.00	870.68
1346.00	896.43
1347.00	854.30
1348.00	816.85
1349.00	746.63
1350.00	798.12
1351.00	830.89
1352.00	901.11
1353.00	837.91
1354.00	847.27
1355.00	795.78
1356.00	866.00
1357.00	823.87
1358.00	940.90
1359.00	898.77
1360.00	990.05
1361.00	1022.81
1362.00	2125.21
1363.00	5235.78
1364.00	8390.82
1365.00	9100.00
1366.00	7131.61
1367.00	5146.84
1368.00	3892.31
1369.00	3318.88
1370.00	2565.23
1371.00	1818.60
1372.00	1282.61
1373.00	1086.01
1374.00	1104.73
1375.00	1158.57
1376.00	2670.55
1377.00	7873.56
1378.00	13912.14
1379.00	16400.13
1380.00	12409.52
1381.00	9011.06
1382.00	6558.18
1383.00	5280.25
1384.00	4166.15
1385.00	2684.59
1386.00	1610.29
1387.00	1167.93
1388.00	983.02
1389.00	891.74
1390.00	966.64
1391.00	910.47
1392.00	891.74
1393.00	842.59
1394.00	891.74
1395.00	863.66
1396.00	828.55
1397.00	905.79
1398.00	1132.82
1399.00	1196.01
1400.00	1317.72
1401.00	1165.59
1402.00	1163.25
1403.00	1200.69
1404.00	1132.82
1405.00	1240.48
1406.00	1949.67
1407.00	7440.56
1408.00	18029.15
1409.00	26993.40
1410.00	23800.91
1411.00	16886.97
1412.00	11751.83
1413.00	9149.15
1414.00	7686.32
1415.00	4905.76
1416.00	2637.78
1417.00	1526.03
1418.00	1163.25
1419.00	1144.52
1420.00	1790.51
1421.00	4161.47
1422.00	6272.64
1423.00	6906.92
1424.00	5369.19
1425.00	3981.25
1426.00	3075.46
1427.00	2684.59
1428.00	2101.80
1429.00	1500.28
1430.00	1041.54
1431.00	959.62
1432.00	917.49
1433.00	835.57
1434.00	908.13
1435.00	938.55
1436.00	924.51
1437.00	926.85
1438.00	837.91
1439.00	868.34
1440.00	856.64
1441.00	851.96
1442.00	875.36
1443.00	887.06
1444.00	837.91
1445.00	828.55
1446.00	793.44
1447.00	830.89
1448.00	863.66
1449.00	816.85
1450.00	954.94
1451.00	896.43
1452.00	877.70
1453.00	849.61
1454.00	938.55
1455.00	1228.78
1456.00	2375.64
1457.00	3698.05
1458.00	4674.05
1459.00	3770.60
1460.00	2953.76
1461.00	2214.15
1462.00	1933.28
1463.00	1572.84
1464.00	1284.95
1465.00	971.32
1466.00	851.96
1467.00	858.98
1468.00	875.36
1469.00	840.25
1470.00	779.40
1471.00	821.53
1472.00	894.08
1473.00	777.06
1474.00	880.04
1475.00	812.17
1476.00	858.98
1477.00	800.46
1478.00	840.25
1479.00	870.68
1480.00	826.21
1481.00	887.06
1482.00	805.14
1483.00	894.08
1484.00	887.06
1485.00	912.81
1486.00	933.87
1487.00	1177.29
1488.00	3321.22
1489.00	8400.18
1490.00	13504.89
1491.00	13600.85
1492.00	9774.08
1493.00	7014.59
1494.00	5315.36
1495.00	4397.87
1496.00	3115.25
1497.00	1839.66
1498.00	1163.25
1499.00	980.68
1500.00	858.98
1501.00	837.91
1502.00	807.48
1503.00	812.17
1504.00	755.99
1505.00	840.25
1506.00	870.68
1507.00	802.80
1508.00	823.87
1509.00	875.36
1510.00	828.55
1511.00	898.77
1512.00	908.13
1513.00	1067.28
1514.00	2026.90
1515.00	3159.72
1516.00	4095.94
1517.00	3440.59
1518.00	2630.76
1519.00	2139.25
1520.00	1813.92
1521.00	1638.38
1522.00	1277.93
1523.00	1029.84
1524.00	929.19
1525.00	896.43
1526.00	805.14
1527.00	903.45
1528.00	856.64
1529.00	919.83
1530.00	887.06
1531.00	933.87
1532.00	957.28
1533.00	1898.17
1534.00	4793.42
1535.00	8524.23
1536.00	9905.15
1537.00	7873.56
1538.00	5633.67
1539.00	4159.13
1540.00	3342.28
1541.00	2738.43
1542.00	1755.40
1543.00	1280.27
1544.00	1020.47
1545.00	940.90
1546.00	861.32
1547.00	950.26
1548.00	753.65
1549.00	854.30
1550.00	875.36
1551.00	835.57
1552.00	866.00
1553.00	814.51
1554.00	847.27
1555.00	884.72
1556.00	844.93
1557.00	866.00
1558.00	873.02
1559.00	929.19
1560.00	873.02
1561.00	882.38
1562.00	912.81
1563.00	947.92
1564.00	924.51
1565.00	1306.02
1566.00	4084.23
1567.00	10326.44
1568.00	16966.54
1569.00	17745.94
1570.00	12547.61
1571.00	8997.02
1572.00	6553.50
1573.00	5357.49
1574.00	3843.16
1575.00	2256.28
1576.00	1535.39
1577.00	1301.34
1578.00	1645.40
1579.00	5895.81
1580.00	16107.57
1581.00	26984.04
1582.00	28311.12
1583.00	20137.97
1584.00	14038.53
1585.00	10239.84
1586.00	8203.58
1587.00	5701.54
1588.00	3087.17
1589.00	1797.53
1590.00	1242.82
1591.00	1046.22
1592.00	971.32
1593.00	999.41
1594.00	912.81
1595.00	896.43
1596.00	861.32
1597.00	894.08
1598.00	903.45
1599.00	807.48
1600.00	863.66
1601.00	816.85
1602.00	854.30
1603.00	861.32
1604.00	866.00
1605.00	798.12
1606.00	793.44
1607.00	795.78
1608.00	770.04
1609.00	784.08
1610.00	851.96
1611.00	795.78
1612.00	816.85
1613.00	795.78
1614.00	833.23
1615.00	882.38
1616.00	777.06
1617.00	791.10
1618.00	856.64
1619.00	830.89
1620.00	755.99
1621.00	849.61
1622.00	812.17
1623.00	791.10
1624.00	772.38
1625.00	805.14
1626.00	748.97
1627.00	786.42
1628.00	795.78
1629.00	833.23
1630.00	753.65
1631.00	807.48
1632.00	819.19
1633.00	767.70
1634.00	763.01
1635.00	873.02
1636.00	849.61
1637.00	802.80
1638.00	858.98
1639.00	814.51
1640.00	887.06
1641.00	891.74
1642.00	854.30
1643.00	807.48
1644.00	842.59
1645.00	844.93
1646.00	880.04
1647.00	870.68
1648.00	933.87
1649.00	1029.84
1650.00	2506.71
1651.00	6883.52
1652.00	12299.52
1653.00	15257.95
1654.00	11747.15
1655.00	8617.85
1656.00	6438.81
1657.00	5034.49
1658.00	3534.21
1659.00	2317.13
1660.00	1385.60
1661.00	1111.75
1662.00	891.74
1663.00	851.96
1664.00	849.61
1665.00	889.40
1666.00	830.89
1667.00	908.13
1668.00	1191.33
1669.00	2410.75
1670.00	4299.56
1671.00	5628.99
1672.00	4861.29
1673.00	3653.58
1674.00	2850.77
1675.00	2321.81
1676.00	1785.83
1677.00	1380.92
1678.00	1006.43
1679.00	915.15
1680.00	755.99
1681.00	847.27
1682.00	828.55
1683.00	763.01
1684.00	781.74
1685.00	814.51
1686.00	823.87
1687.00	858.98
1688.00	805.14
1689.00	758.33
1690.00	793.44
1691.00	732.59
1692.00	863.66
1693.00	732.59
1694.00	765.36
1695.00	819.19
1696.00	772.38
1697.00	788.76
1698.00	755.99
1699.00	917.49
1700.00	816.85
1701.00	830.89
1702.00	739.61
1703.00	812.17
1704.00	891.74
1705.00	835.57
1706.00	772.38
1707.00	840.25
1708.00	774.72
1709.00	835.57
1710.00	779.40
1711.00	805.14
1712.00	809.83
1713.00	802.80
1714.00	1366.87
1715.00	3222.92
1716.00	5884.11
1717.00	7513.12
1718.00	6729.04
1719.00	5097.69
1720.00	3761.24
1721.00	2946.73
1722.00	2246.91
1723.00	1577.52
1724.00	1233.46
1725.00	973.66
1726.00	875.36
1727.00	873.02
1728.00	835.57
1729.00	723.23
1730.00	847.27
1731.00	772.38
1732.00	798.12
1733.00	800.46
1734.00	774.72
1735.00	823.87
1736.00	828.55
1737.00	809.83
1738.00	798.12
1739.00	706.84
1740.00	828.55
1741.00	805.14
1742.00	770.04
1743.00	786.42
1744.00	791.10
1745.00	807.48
1746.00	786.42
1747.00	844.93
1748.00	833.23
1749.00	805.14
1750.00	746.63
1751.00	821.53
1752.00	830.89
1753.00	809.83
1754.00	833.23
1755.00	788.76
1756.00	800.46
1757.00	854.30
1758.00	798.12
1759.00	758.33
1760.00	849.61
1761.00	835.57
1762.00	812.17
1763.00	863.66
1764.00	830.89
1765.00	821.53
1766.00	840.25
1767.00	950.26
1768.00	936.21
1769.00	1064.94
1770.00	1926.26
1771.00	5439.40
1772.00	9841.95
1773.00	13280.20
1774.00	11272.02
1775.00	8306.56
1776.00	6228.17
1777.00	4358.08
1778.00	2960.78
1779.00	1923.92
1780.00	1256.87
1781.00	1097.71
1782.00	978.34
1783.00	863.66
1784.00	856.64
1785.00	863.66
1786.00	894.08
1787.00	781.74
1788.00	786.42
1789.00	788.76
1790.00	819.19
1791.00	781.74
1792.00	819.19
1793.00	765.36
1794.00	767.70
1795.00	791.10
1796.00	894.08
1797.00	1039.20
1798.00	2157.97
1799.00	4624.90
1800.00	7353.96
1801.00	8374.44
1802.00	6700.95
1803.00	5114.07
1804.00	3712.09
1805.00	2546.50
1806.00	1710.93
1807.00	1207.72
1808.00	1034.52
1809.00	847.27
1810.00	884.72
1811.00	823.87
1812.00	835.57
1813.00	842.59
1814.00	840.25
1815.00	793.44
1816.00	798.12
1817.00	788.76
1818.00	821.53
1819.00	763.01
1820.00	784.08
1821.00	772.38
1822.00	763.01
1823.00	807.48
1824.00	788.76
1825.00	844.93
1826.00	891.74
1827.00	896.43
1828.00	884.72
1829.00	880.04
1830.00	826.21
1831.00	830.89
1832.00	697.48
1833.00	798.12
1834.00	755.99
1835.00	760.67
1836.00	791.10
1837.00	882.38
1838.00	777.06
1839.00	826.21
1840.00	746.63
1841.00	758.33
1842.00	706.84
1843.00	779.40
1844.00	725.57
1845.00	800.46
1846.00	765.36
1847.00	753.65
1848.00	748.97
1849.00	760.67
1850.00	730.25
1851.00	753.65
1852.00	692.80
1853.00	727.91
1854.00	734.93
1855.00	760.67
1856.00	727.91
1857.00	730.25
1858.00	767.70
1859.00	805.14
1860.00	795.78
1861.00	798.12
1862.00	737.27
1863.00	765.36
1864.00	805.14
1865.00	774.72
1866.00	748.97
1867.00	732.59
1868.00	842.59
1869.00	793.44
1870.00	826.21
1871.00	770.04
1872.00	774.72
1873.00	821.53
1874.00	805.14
1875.00	702.16
1876.00	791.10
1877.00	779.40
1878.00	805.14
1879.00	823.87
1880.00	798.12
1881.00	786.42
1882.00	746.63
1883.00	805.14
1884.00	697.48
1885.00	786.42
1886.00	732.59
1887.00	723.23
1888.00	844.93
1889.00	819.19
1890.00	777.06
1891.00	725.57
1892.00	767.70
1893.00	786.42
1894.00	692.80
1895.00	763.01
1896.00	732.59
1897.00	784.08
1898.00	730.25
1899.00	784.08
1900.00	748.97
1901.00	830.89
1902.00	763.01
1903.00	713.86
1904.00	793.44
1905.00	755.99
1906.00	788.76
1907.00	723.23
1908.00	725.57
1909.00	774.72
1910.00	763.01
1911.00	828.55
1912.00	809.83
1913.00	851.96
1914.00	837.91
1915.00	744.29
1916.00	760.67
1917.00	814.51
1918.00	798.12
1919.00	809.83
1920.00	793.44
1921.00	711.52
1922.00	723.23
1923.00	758.33
1924.00	763.01
1925.00	770.04
1926.00	760.67
1927.00	795.78
1928.00	718.54
1929.00	779.40
1930.00	748.97
1931.00	748.97
1932.00	725.57
1933.00	755.99
1934.00	800.46
1935.00	805.14
1936.00	819.19
1937.00	800.46
1938.00	695.14
1939.00	800.46
1940.00	807.48
1941.00	800.46
1942.00	835.57
1943.00	734.93
1944.00	774.72
1945.00	805.14
1946.00	819.19
1947.00	812.17
1948.00	720.88
1949.00	793.44
1950.00	840.25
1951.00	912.81
1952.00	1036.86
1953.00	2094.78
1954.00	4344.03
1955.00	6532.44
1956.00	7258.00
1957.00	5432.38
1958.00	3485.06
1959.00	2265.64
1960.00	1549.43
1961.00	1214.74
1962.00	1086.01
1963.00	922.17
1964.00	814.51
1965.00	826.21
1966.00	779.40
1967.00	798.12
1968.00	809.83
1969.00	774.72
1970.00	798.12
1971.00	816.85
1972.00	805.14
1973.00	744.29
1974.00	842.59
1975.00	779.40
1976.00	786.42
1977.00	774.72
1978.00	777.06
1979.00	772.38
1980.00	760.67
1981.00	954.94
1982.00	1043.88
1983.00	1114.10
1984.00	1095.37
1985.00	943.24
1986.00	819.19
1987.00	837.91
1988.00	802.80
1989.00	777.06
1990.00	737.27
1991.00	739.61
1992.00	734.93
1993.00	706.84
1994.00	744.29
1995.00	760.67
1996.00	781.74
1997.00	812.17
1998.00	713.86
1999.00	713.86
2000.00	739.61
2001.00	755.99
2002.00	753.65
2003.00	863.66
2004.00	753.65
2005.00	741.95
2006.00	751.31
2007.00	774.72
2008.00	828.55
2009.00	767.70
2010.00	805.14
2011.00	758.33
2012.00	821.53
2013.00	779.40
2014.00	812.17
2015.00	798.12
2016.00	732.59
2017.00	840.25
2018.00	767.70
2019.00	695.14
2020.00	746.63
2021.00	784.08
2022.00	720.88
2023.00	823.87
2024.00	917.49
2025.00	950.26
2026.00	1086.01
2027.00	1266.23
2028.00	1212.40
2029.00	1203.04
2030.00	2165.00
2031.00	5916.87
2032.00	10710.29
2033.00	14490.26
2034.00	13200.62
2035.00	8894.04
2036.00	5853.68
2037.00	3798.69
2038.00	2459.90
2039.00	1593.90
2040.00	1242.82
2041.00	1095.37
2042.00	833.23
2043.00	854.30
2044.00	901.11
2045.00	830.89
2046.00	748.97
2047.00	781.74
