0.00	669.39
1.00	669.39
2.00	669.39
3.00	573.43
4.00	587.47
5.00	587.47
6.00	554.71
7.00	610.88
8.00	573.43
9.00	571.09
10.00	526.62
11.00	573.43
12.00	507.90
13.00	599.18
14.00	608.54
15.00	596.84
16.00	540.66
17.00	540.66
18.00	601.52
19.00	662.37
20.00	662.37
21.00	688.12
22.00	615.56
23.00	641.31
24.00	624.92
25.00	645.99
26.00	741.95
27.00	573.43
28.00	718.54
29.00	678.76
30.00	713.86
31.00	711.52
32.00	645.99
33.00	748.97
34.00	734.93
35.00	730.25
36.00	777.06
37.00	678.76
38.00	720.88
39.00	798.12
40.00	781.74
41.00	704.50
42.00	746.63
43.00	777.06
44.00	709.18
45.00	802.80
46.00	671.73
47.00	814.51
48.00	774.72
49.00	718.54
50.00	734.93
51.00	723.23
52.00	713.86
53.00	746.63
54.00	725.57
55.00	720.88
56.00	765.36
57.00	681.10
58.00	741.95
59.00	737.27
60.00	688.12
61.00	730.25
62.00	746.63
63.00	692.80
64.00	704.50
65.00	688.12
66.00	709.18
67.00	720.88
68.00	739.61
69.00	758.33
70.00	718.54
71.00	763.01
72.00	674.07
73.00	678.76
74.00	660.03
75.00	734.93
76.00	685.78
77.00	699.82
78.00	711.52
79.00	755.99
80.00	788.76
81.00	706.84
82.00	720.88
83.00	751.31
84.00	772.38
85.00	763.01
86.00	730.25
87.00	741.95
88.00	718.54
89.00	720.88
90.00	730.25
91.00	692.80
92.00	767.70
93.00	690.46
94.00	760.67
95.00	678.76
96.00	774.72
97.00	748.97
98.00	774.72
99.00	727.91
100.00	720.88
101.00	758.33
102.00	709.18
103.00	699.82
104.00	711.52
105.00	699.82
106.00	748.97
107.00	669.39
108.00	723.23
109.00	718.54
110.00	786.42
111.00	706.84
112.00	727.91
113.00	730.25
114.00	753.65
115.00	812.17
116.00	664.71
117.00	746.63
118.00	753.65
119.00	753.65
120.00	720.88
121.00	730.25
122.00	704.50
123.00	753.65
124.00	674.07
125.00	725.57
126.00	702.16
127.00	688.12
128.00	709.18
129.00	781.74
130.00	812.17
131.00	709.18
132.00	681.10
133.00	690.46
134.00	812.17
135.00	770.04
136.00	725.57
137.00	770.04
138.00	723.23
139.00	730.25
140.00	767.70
141.00	767.70
142.00	737.27
143.00	800.46
144.00	748.97
145.00	730.25
146.00	739.61
147.00	786.42
148.00	800.46
149.00	819.19
150.00	772.38
151.00	744.29
152.00	690.46
153.00	795.78
154.00	812.17
155.00	739.61
156.00	725.57
157.00	718.54
158.00	760.67
159.00	748.97
160.00	784.08
161.00	737.27
162.00	734.93
163.00	730.25
164.00	758.33
165.00	737.27
166.00	758.33
167.00	746.63
168.00	681.10
169.00	753.65
170.00	748.97
171.00	702.16
172.00	697.48
173.00	723.23
174.00	702.16
175.00	734.93
176.00	767.70
177.00	709.18
178.00	828.55
179.00	741.95
180.00	751.31
181.00	713.86
182.00	716.20
183.00	800.46
184.00	770.04
185.00	777.06
186.00	716.20
187.00	732.59
188.00	744.29
189.00	767.70
190.00	748.97
191.00	704.50
192.00	814.51
193.00	777.06
194.00	683.44
195.00	751.31
196.00	770.04
197.00	683.44
198.00	753.65
199.00	709.18
200.00	732.59
201.00	727.91
202.00	744.29
203.00	755.99
204.00	767.70
205.00	725.57
206.00	744.29
207.00	741.95
208.00	685.78
209.00	737.27
210.00	772.38
211.00	779.40
212.00	779.40
213.00	755.99
214.00	821.53
215.00	681.10
216.00	716.20
217.00	791.10
218.00	746.63
219.00	819.19
220.00	763.01
221.00	720.88
222.00	688.12
223.00	692.80
224.00	739.61
225.00	683.44
226.00	653.01
227.00	758.33
228.00	709.18
229.00	753.65
230.00	753.65
231.00	763.01
232.00	725.57
233.00	786.42
234.00	753.65
235.00	767.70
236.00	695.14
237.00	798.12
238.00	660.03
239.00	723.23
240.00	802.80
241.00	732.59
242.00	770.04
243.00	767.70
244.00	772.38
245.00	739.61
246.00	711.52
247.00	702.16
248.00	678.76
249.00	753.65
250.00	770.04
251.00	727.91
252.00	763.01
253.00	716.20
254.00	706.84
255.00	690.46
256.00	723.23
257.00	819.19
258.00	699.82
259.00	739.61
260.00	774.72
261.00	784.08
262.00	746.63
263.00	725.57
264.00	851.96
265.00	739.61
266.00	772.38
267.00	807.48
268.00	809.83
269.00	744.29
270.00	833.23
271.00	809.83
272.00	741.95
273.00	851.96
274.00	800.46
275.00	798.12
276.00	753.65
277.00	744.29
278.00	791.10
279.00	781.74
280.00	835.57
281.00	767.70
282.00	744.29
283.00	744.29
284.00	765.36
285.00	692.80
286.00	730.25
287.00	720.88
288.00	702.16
289.00	732.59
290.00	807.48
291.00	699.82
292.00	716.20
293.00	739.61
294.00	713.86
295.00	748.97
296.00	727.91
297.00	760.67
298.00	755.99
299.00	777.06
300.00	760.67
301.00	800.46
302.00	791.10
303.00	664.71
304.00	763.01
305.00	683.44
306.00	753.65
307.00	777.06
308.00	908.13
309.00	828.55
310.00	798.12
311.00	880.04
312.00	777.06
313.00	767.70
314.00	763.01
315.00	739.61
316.00	835.57
317.00	802.80
318.00	781.74
319.00	662.37
320.00	709.18
321.00	772.38
322.00	727.91
323.00	763.01
324.00	699.82
325.00	767.70
326.00	734.93
327.00	723.23
328.00	716.20
329.00	695.14
330.00	774.72
331.00	737.27
332.00	718.54
333.00	812.17
334.00	657.69
335.00	772.38
336.00	795.78
337.00	802.80
338.00	774.72
339.00	688.12
340.00	748.97
341.00	823.87
342.00	779.40
343.00	748.97
344.00	800.46
345.00	751.31
346.00	753.65
347.00	812.17
348.00	842.59
349.00	816.85
350.00	861.32
351.00	798.12
352.00	821.53
353.00	770.04
354.00	798.12
355.00	770.04
356.00	716.20
357.00	716.20
358.00	858.98
359.00	809.83
360.00	748.97
361.00	725.57
362.00	725.57
363.00	821.53
364.00	725.57
365.00	795.78
366.00	734.93
367.00	711.52
368.00	734.93
369.00	798.12
370.00	711.52
371.00	716.20
372.00	793.44
373.00	842.59
374.00	723.23
375.00	758.33
376.00	809.83
377.00	739.61
378.00	732.59
379.00	760.67
380.00	777.06
381.00	732.59
382.00	725.57
383.00	737.27
384.00	702.16
385.00	777.06
386.00	781.74
387.00	720.88
388.00	760.67
389.00	772.38
390.00	835.57
391.00	727.91
392.00	781.74
393.00	777.06
394.00	760.67
395.00	725.57
396.00	777.06
397.00	702.16
398.00	676.41
399.00	755.99
400.00	774.72
401.00	725.57
402.00	748.97
403.00	725.57
404.00	723.23
405.00	753.65
406.00	781.74
407.00	770.04
408.00	730.25
409.00	800.46
410.00	767.70
411.00	709.18
412.00	678.76
413.00	734.93
414.00	798.12
415.00	690.46
416.00	791.10
417.00	681.10
418.00	791.10
419.00	671.73
420.00	737.27
421.00	842.59
422.00	784.08
423.00	723.23
424.00	770.04
425.00	868.34
426.00	730.25
427.00	791.10
428.00	774.72
429.00	718.54
430.00	737.27
431.00	772.38
432.00	751.31
433.00	671.73
434.00	763.01
435.00	791.10
436.00	699.82
437.00	713.86
438.00	699.82
439.00	695.14
440.00	746.63
441.00	763.01
442.00	753.65
443.00	718.54
444.00	772.38
445.00	770.04
446.00	748.97
447.00	737.27
448.00	702.16
449.00	751.31
450.00	816.85
451.00	802.80
452.00	767.70
453.00	774.72
454.00	737.27
455.00	781.74
456.00	758.33
457.00	802.80
458.00	786.42
459.00	823.87
460.00	779.40
461.00	711.52
462.00	739.61
463.00	781.74
464.00	760.67
465.00	699.82
466.00	770.04
467.00	746.63
468.00	793.44
469.00	763.01
470.00	772.38
471.00	730.25
472.00	725.57
473.00	746.63
474.00	772.38
475.00	774.72
476.00	720.88
477.00	718.54
478.00	755.99
479.00	716.20
480.00	739.61
481.00	692.80
482.00	786.42
483.00	821.53
484.00	758.33
485.00	732.59
486.00	755.99
487.00	784.08
488.00	772.38
489.00	727.91
490.00	767.70
491.00	763.01
492.00	763.01
493.00	791.10
494.00	805.14
495.00	774.72
496.00	816.85
497.00	732.59
498.00	830.89
499.00	788.76
500.00	779.40
501.00	791.10
502.00	711.52
503.00	784.08
504.00	788.76
505.00	706.84
506.00	758.33
507.00	898.77
508.00	821.53
509.00	807.48
510.00	739.61
511.00	730.25
512.00	748.97
513.00	793.44
514.00	770.04
515.00	744.29
516.00	805.14
517.00	737.27
518.00	662.37
519.00	760.67
520.00	791.10
521.00	779.40
522.00	800.46
523.00	732.59
524.00	802.80
525.00	774.72
526.00	814.51
527.00	767.70
528.00	795.78
529.00	800.46
530.00	763.01
531.00	753.65
532.00	720.88
533.00	767.70
534.00	781.74
535.00	741.95
536.00	748.97
537.00	772.38
538.00	699.82
539.00	781.74
540.00	849.61
541.00	767.70
542.00	816.85
543.00	765.36
544.00	814.51
545.00	772.38
546.00	734.93
547.00	767.70
548.00	842.59
549.00	753.65
550.00	767.70
551.00	753.65
552.00	704.50
553.00	723.23
554.00	784.08
555.00	821.53
556.00	833.23
557.00	777.06
558.00	807.48
559.00	690.46
560.00	826.21
561.00	763.01
562.00	730.25
563.00	763.01
564.00	746.63
565.00	730.25
566.00	723.23
567.00	819.19
568.00	755.99
569.00	709.18
570.00	744.29
571.00	753.65
572.00	835.57
573.00	739.61
574.00	777.06
575.00	779.40
576.00	819.19
577.00	706.84
578.00	812.17
579.00	770.04
580.00	788.76
581.00	788.76
582.00	781.74
583.00	760.67
584.00	767.70
585.00	763.01
586.00	772.38
587.00	713.86
588.00	781.74
589.00	716.20
590.00	716.20
591.00	763.01
592.00	690.46
593.00	753.65
594.00	662.37
595.00	777.06
596.00	727.91
597.00	744.29
598.00	798.12
599.00	772.38
600.00	755.99
601.00	697.48
602.00	760.67
603.00	739.61
604.00	772.38
605.00	713.86
606.00	763.01
607.00	781.74
608.00	692.80
609.00	753.65
610.00	802.80
611.00	765.36
612.00	702.16
613.00	784.08
614.00	842.59
615.00	828.55
616.00	690.46
617.00	809.83
618.00	784.08
619.00	779.40
620.00	711.52
621.00	793.44
622.00	770.04
623.00	793.44
624.00	763.01
625.00	784.08
626.00	809.83
627.00	758.33
628.00	816.85
629.00	793.44
630.00	819.19
631.00	779.40
632.00	837.91
633.00	786.42
634.00	779.40
635.00	772.38
636.00	767.70
637.00	798.12
638.00	744.29
639.00	767.70
640.00	798.12
641.00	774.72
642.00	830.89
643.00	793.44
644.00	685.78
645.00	807.48
646.00	800.46
647.00	819.19
648.00	819.19
649.00	798.12
650.00	767.70
651.00	748.97
652.00	809.83
653.00	723.23
654.00	770.04
655.00	840.25
656.00	777.06
657.00	849.61
658.00	847.27
659.00	791.10
660.00	744.29
661.00	781.74
662.00	758.33
663.00	861.32
664.00	791.10
665.00	751.31
666.00	844.93
667.00	739.61
668.00	837.91
669.00	798.12
670.00	866.00
671.00	814.51
672.00	781.74
673.00	730.25
674.00	828.55
675.00	727.91
676.00	737.27
677.00	791.10
678.00	819.19
679.00	725.57
680.00	814.51
681.00	849.61
682.00	727.91
683.00	760.67
684.00	746.63
685.00	814.51
686.00	744.29
687.00	833.23
688.00	781.74
689.00	741.95
690.00	866.00
691.00	861.32
692.00	851.96
693.00	765.36
694.00	739.61
695.00	791.10
696.00	880.04
697.00	807.48
698.00	798.12
699.00	763.01
700.00	805.14
701.00	767.70
702.00	807.48
703.00	833.23
704.00	772.38
705.00	772.38
706.00	760.67
707.00	730.25
708.00	828.55
709.00	800.46
710.00	805.14
711.00	795.78
712.00	779.40
713.00	744.29
714.00	732.59
715.00	821.53
716.00	830.89
717.00	812.17
718.00	760.67
719.00	781.74
720.00	812.17
721.00	823.87
722.00	772.38
723.00	826.21
724.00	730.25
725.00	774.72
726.00	795.78
727.00	772.38
728.00	809.83
729.00	767.70
730.00	805.14
731.00	812.17
732.00	798.12
733.00	767.70
734.00	816.85
735.00	798.12
736.00	793.44
737.00	840.25
738.00	837.91
739.00	807.48
740.00	856.64
741.00	788.76
742.00	800.46
743.00	837.91
744.00	770.04
745.00	800.46
746.00	779.40
747.00	781.74
748.00	763.01
749.00	791.10
750.00	812.17
751.00	823.87
752.00	795.78
753.00	800.46
754.00	819.19
755.00	842.59
756.00	763.01
757.00	741.95
758.00	835.57
759.00	767.70
760.00	830.89
761.00	856.64
762.00	751.31
763.00	802.80
764.00	779.40
765.00	798.12
766.00	786.42
767.00	791.10
768.00	702.16
769.00	795.78
770.00	835.57
771.00	828.55
772.00	837.91
773.00	795.78
774.00	823.87
775.00	809.83
776.00	830.89
777.00	784.08
778.00	788.76
779.00	809.83
780.00	741.95
781.00	823.87
782.00	837.91
783.00	861.32
784.00	791.10
785.00	812.17
786.00	791.10
787.00	842.59
788.00	779.40
789.00	781.74
790.00	807.48
791.00	901.11
792.00	826.21
793.00	823.87
794.00	847.27
795.00	744.29
796.00	765.36
797.00	807.48
798.00	807.48
799.00	854.30
800.00	823.87
801.00	821.53
802.00	835.57
803.00	760.67
804.00	798.12
805.00	791.10
806.00	849.61
807.00	760.67
808.00	793.44
809.00	814.51
810.00	830.89
811.00	814.51
812.00	828.55
813.00	835.57
814.00	709.18
815.00	819.19
816.00	751.31
817.00	807.48
818.00	763.01
819.00	828.55
820.00	793.44
821.00	821.53
822.00	812.17
823.00	835.57
824.00	849.61
825.00	809.83
826.00	767.70
827.00	791.10
828.00	763.01
829.00	718.54
830.00	858.98
831.00	938.55
832.00	809.83
833.00	877.70
834.00	905.79
835.00	877.70
836.00	807.48
837.00	842.59
838.00	819.19
839.00	863.66
840.00	755.99
841.00	875.36
842.00	826.21
843.00	842.59
844.00	847.27
845.00	823.87
846.00	828.55
847.00	821.53
848.00	795.78
849.00	720.88
850.00	894.08
851.00	774.72
852.00	819.19
853.00	737.27
854.00	774.72
855.00	781.74
856.00	791.10
857.00	798.12
858.00	826.21
859.00	847.27
860.00	854.30
861.00	840.25
862.00	805.14
863.00	788.76
864.00	779.40
865.00	816.85
866.00	784.08
867.00	802.80
868.00	830.89
869.00	774.72
870.00	739.61
871.00	748.97
872.00	748.97
873.00	781.74
874.00	784.08
875.00	793.44
876.00	851.96
877.00	816.85
878.00	828.55
879.00	877.70
880.00	833.23
881.00	823.87
882.00	753.65
883.00	866.00
884.00	800.46
885.00	763.01
886.00	748.97
887.00	842.59
888.00	774.72
889.00	809.83
890.00	805.14
891.00	868.34
892.00	784.08
893.00	821.53
894.00	741.95
895.00	858.98
896.00	819.19
897.00	823.87
898.00	772.38
899.00	772.38
900.00	821.53
901.00	840.25
902.00	837.91
903.00	837.91
904.00	863.66
905.00	861.32
906.00	884.72
907.00	898.77
908.00	856.64
909.00	858.98
910.00	903.45
911.00	940.90
912.00	978.34
913.00	1041.54
914.00	952.60
915.00	983.02
916.00	835.57
917.00	952.60
918.00	875.36
919.00	875.36
920.00	856.64
921.00	873.02
922.00	903.45
923.00	844.93
924.00	936.21
925.00	912.81
926.00	858.98
927.00	760.67
928.00	809.83
929.00	826.21
930.00	819.19
931.00	858.98
932.00	807.48
933.00	877.70
934.00	854.30
935.00	863.66
936.00	952.60
937.00	856.64
938.00	821.53
939.00	866.00
940.00	826.21
941.00	835.57
942.00	875.36
943.00	760.67
944.00	931.53
945.00	833.23
946.00	1135.16
947.00	1668.80
948.00	2024.56
949.00	1961.37
950.00	1530.71
951.00	1355.17
952.00	1186.65
953.00	1125.80
954.00	983.02
955.00	908.13
956.00	924.51
957.00	793.44
958.00	830.89
959.00	910.47
960.00	788.76
961.00	748.97
962.00	802.80
963.00	755.99
964.00	786.42
965.00	812.17
966.00	842.59
967.00	903.45
968.00	802.80
969.00	863.66
970.00	788.76
971.00	821.53
972.00	821.53
973.00	760.67
974.00	758.33
975.00	847.27
976.00	898.77
977.00	795.78
978.00	819.19
979.00	863.66
980.00	730.25
981.00	877.70
982.00	863.66
983.00	807.48
984.00	765.36
985.00	840.25
986.00	875.36
987.00	866.00
988.00	800.46
989.00	788.76
990.00	812.17
991.00	847.27
992.00	884.72
993.00	823.87
994.00	856.64
995.00	842.59
996.00	830.89
997.00	781.74
998.00	746.63
999.00	821.53
1000.00	884.72
1001.00	830.89
1002.00	840.25
1003.00	840.25
1004.00	912.81
1005.00	781.74
1006.00	847.27
1007.00	777.06
1008.00	837.91
1009.00	833.23
1010.00	856.64
1011.00	898.77
1012.00	847.27
1013.00	823.87
1014.00	758.33
1015.00	800.46
1016.00	793.44
1017.00	849.61
1018.00	786.42
1019.00	805.14
1020.00	816.85
1021.00	798.12
1022.00	821.53
1023.00	805.14
1024.00	889.40
1025.00	814.51
1026.00	779.40
1027.00	744.29
1028.00	884.72
1029.00	840.25
1030.00	858.98
1031.00	821.53
1032.00	805.14
1033.00	814.51
1034.00	830.89
1035.00	847.27
1036.00	816.85
1037.00	858.98
1038.00	770.04
1039.00	821.53
1040.00	833.23
1041.00	833.23
1042.00	837.91
1043.00	835.57
1044.00	741.95
1045.00	840.25
1046.00	1013.45
1047.00	863.66
1048.00	814.51
1049.00	863.66
1050.00	732.59
1051.00	793.44
1052.00	826.21
1053.00	833.23
1054.00	791.10
1055.00	833.23
1056.00	767.70
1057.00	837.91
1058.00	781.74
1059.00	788.76
1060.00	798.12
1061.00	835.57
1062.00	840.25
1063.00	800.46
1064.00	767.70
1065.00	873.02
1066.00	805.14
1067.00	770.04
1068.00	849.61
1069.00	835.57
1070.00	737.27
1071.00	739.61
1072.00	821.53
1073.00	784.08
1074.00	835.57
1075.00	786.42
1076.00	798.12
1077.00	823.87
1078.00	793.44
1079.00	795.78
1080.00	868.34
1081.00	814.51
1082.00	816.85
1083.00	786.42
1084.00	814.51
1085.00	823.87
1086.00	844.93
1087.00	884.72
1088.00	779.40
1089.00	734.93
1090.00	791.10
1091.00	793.44
1092.00	748.97
1093.00	880.04
1094.00	760.67
1095.00	854.30
1096.00	767.70
1097.00	779.40
1098.00	741.95
1099.00	795.78
1100.00	854.30
1101.00	882.38
1102.00	861.32
1103.00	814.51
1104.00	957.28
1105.00	884.72
1106.00	884.72
1107.00	807.48
1108.00	844.93
1109.00	870.68
1110.00	774.72
1111.00	821.53
1112.00	772.38
1113.00	793.44
1114.00	821.53
1115.00	814.51
1116.00	828.55
1117.00	821.53
1118.00	812.17
1119.00	746.63
1120.00	873.02
1121.00	814.51
1122.00	795.78
1123.00	856.64
1124.00	866.00
1125.00	812.17
1126.00	800.46
1127.00	842.59
1128.00	807.48
1129.00	833.23
1130.00	800.46
1131.00	835.57
1132.00	812.17
1133.00	858.98
1134.00	866.00
1135.00	877.70
1136.00	816.85
1137.00	844.93
1138.00	821.53
1139.00	788.76
1140.00	882.38
1141.00	791.10
1142.00	793.44
1143.00	844.93
1144.00	833.23
1145.00	793.44
1146.00	835.57
1147.00	870.68
1148.00	894.08
1149.00	784.08
1150.00	795.78
1151.00	889.40
1152.00	884.72
1153.00	809.83
1154.00	894.08
1155.00	840.25
1156.00	814.51
1157.00	933.87
1158.00	959.62
1159.00	901.11
1160.00	898.77
1161.00	915.15
1162.00	821.53
1163.00	917.49
1164.00	837.91
1165.00	950.26
1166.00	957.28
1167.00	1088.35
1168.00	1261.55
1169.00	1296.66
1170.00	1151.54
1171.00	1102.39
1172.00	1032.18
1173.00	1004.09
1174.00	940.90
1175.00	877.70
1176.00	898.77
1177.00	887.06
1178.00	887.06
1179.00	823.87
1180.00	863.66
1181.00	828.55
1182.00	842.59
1183.00	915.15
1184.00	905.79
1185.00	866.00
1186.00	873.02
1187.00	887.06
1188.00	868.34
1189.00	938.55
1190.00	868.34
1191.00	873.02
1192.00	957.28
1193.00	889.40
1194.00	954.94
1195.00	947.92
1196.00	957.28
1197.00	915.15
1198.00	891.74
1199.00	1015.79
1200.00	936.21
1201.00	1071.97
1202.00	1116.44
1203.00	1249.85
1204.00	1263.89
1205.00	1146.86
1206.00	1064.94
1207.00	1086.01
1208.00	1123.46
1209.00	1020.47
1210.00	1069.62
1211.00	1069.62
1212.00	1039.20
1213.00	1123.46
1214.00	1071.97
1215.00	1226.44
1216.00	1240.48
1217.00	1430.07
1218.00	1636.03
1219.00	1816.26
1220.00	3510.80
1221.00	19094.09
1222.00	52161.18
1223.00	65535.00
1224.00	65258.82
1225.00	57240.14
1226.00	44566.14
1227.00	33312.84
1228.00	27723.65
1229.00	19796.25
1230.00	9554.07
1231.00	3964.87
1232.00	2141.59
1233.00	1687.53
1234.00	1523.69
1235.00	1413.68
1236.00	1336.45
1237.00	1217.08
1238.00	1212.40
1239.00	1462.83
1240.00	3288.45
1241.00	5738.99
1242.00	7260.34
1243.00	6054.97
1244.00	4667.03
1245.00	3414.84
1246.00	2991.20
1247.00	2558.21
1248.00	1804.55
1249.00	1317.72
1250.00	1001.75
1251.00	938.55
1252.00	980.68
1253.00	1020.47
1254.00	1015.79
1255.00	1102.39
1256.00	1081.33
1257.00	1076.65
1258.00	1050.90
1259.00	1046.22
1260.00	997.07
1261.00	1036.86
1262.00	922.17
1263.00	950.26
1264.00	954.94
1265.00	901.11
1266.00	931.53
1267.00	966.64
1268.00	856.64
1269.00	994.73
1270.00	903.45
1271.00	837.91
1272.00	954.94
1273.00	922.17
1274.00	884.72
1275.00	875.36
1276.00	910.47
1277.00	978.34
1278.00	1062.60
1279.00	2403.73
1280.00	6380.30
1281.00	11012.22
1282.00	12217.60
1283.00	9556.41
1284.00	7049.69
1285.00	5315.36
1286.00	4484.47
1287.00	3658.26
1288.00	2361.60
1289.00	1413.68
1290.00	1071.97
1291.00	1036.86
1292.00	957.28
1293.00	945.58
1294.00	1006.43
1295.00	945.58
1296.00	957.28
1297.00	901.11
1298.00	873.02
1299.00	1643.06
1300.00	2700.98
1301.00	3454.63
1302.00	3129.30
1303.00	2686.94
1304.00	2026.90
1305.00	1647.74
1306.00	1486.24
1307.00	1364.53
1308.00	1086.01
1309.00	1008.77
1310.00	922.17
1311.00	954.94
1312.00	919.83
1313.00	947.92
1314.00	929.19
1315.00	868.34
1316.00	858.98
1317.00	863.66
1318.00	924.51
1319.00	964.30
1320.00	800.46
1321.00	840.25
1322.00	840.25
1323.00	858.98
1324.00	774.72
1325.00	793.44
1326.00	823.87
1327.00	777.06
1328.00	819.19
1329.00	830.89
1330.00	875.36
1331.00	823.87
1332.00	945.58
1333.00	1008.77
1334.00	1837.32
1335.00	2974.82
1336.00	3702.73
1337.00	3236.96
1338.00	2548.84
1339.00	2118.18
1340.00	1832.64
1341.00	1540.07
1342.00	1296.66
1343.00	1036.86
1344.00	936.21
1345.00	896.43
1346.00	978.34
1347.00	830.89
1348.00	898.77
1349.00	875.36
1350.00	844.93
1351.00	880.04
1352.00	968.98
1353.00	870.68
1354.00	940.90
1355.00	898.77
1356.00	924.51
1357.00	950.26
1358.00	915.15
1359.00	870.68
1360.00	950.26
1361.00	1093.03
1362.00	2314.79
1363.00	5795.17
1364.00	9596.20
1365.00	10143.88
1366.00	7967.18
1367.00	5959.00
1368.00	4388.50
1369.00	3719.11
1370.00	3054.40
1371.00	1923.92
1372.00	1320.06
1373.00	1151.54
1374.00	1067.28
1375.00	1245.16
1376.00	3030.99
1377.00	9074.26
1378.00	16250.34
1379.00	18810.89
1380.00	14197.69
1381.00	10141.54
1382.00	7538.87
1383.00	6026.88
1384.00	4695.11
1385.00	2958.44
1386.00	1654.76
1387.00	1167.93
1388.00	1011.11
1389.00	1020.47
1390.00	1015.79
1391.00	964.30
1392.00	1004.09
1393.00	933.87
1394.00	903.45
1395.00	931.53
1396.00	837.91
1397.00	978.34
1398.00	1151.54
1399.00	1315.38
1400.00	1409.00
1401.00	1394.96
1402.00	1174.95
1403.00	1121.12
1404.00	1233.46
1405.00	1268.57
1406.00	2092.44
1407.00	8484.44
1408.00	20793.32
1409.00	30850.60
1410.00	27515.34
1411.00	19384.32
1412.00	13788.10
1413.00	10399.00
1414.00	8519.55
1415.00	5572.82
1416.00	2836.73
1417.00	1654.76
1418.00	1294.32
1419.00	1249.85
1420.00	1982.43
1421.00	4503.19
1422.00	7363.33
1423.00	8313.58
1424.00	6251.57
1425.00	4641.28
1426.00	3459.31
1427.00	2930.35
1428.00	2368.62
1429.00	1582.20
1430.00	1191.33
1431.00	1013.45
1432.00	866.00
1433.00	983.02
1434.00	997.07
1435.00	926.85
1436.00	961.96
1437.00	847.27
1438.00	889.40
1439.00	880.04
1440.00	915.15
1441.00	880.04
1442.00	873.02
1443.00	877.70
1444.00	873.02
1445.00	887.06
1446.00	819.19
1447.00	889.40
1448.00	898.77
1449.00	873.02
1450.00	917.49
1451.00	858.98
1452.00	887.06
1453.00	856.64
1454.00	1008.77
1455.00	1263.89
1456.00	2553.52
1457.00	4287.86
1458.00	5130.45
1459.00	4379.14
1460.00	3251.00
1461.00	2619.06
1462.00	2097.12
1463.00	1785.83
1464.00	1392.62
1465.00	1018.13
1466.00	987.71
1467.00	826.21
1468.00	903.45
1469.00	828.55
1470.00	898.77
1471.00	847.27
1472.00	908.13
1473.00	847.27
1474.00	814.51
1475.00	786.42
1476.00	858.98
1477.00	933.87
1478.00	858.98
1479.00	896.43
1480.00	931.53
1481.00	788.76
1482.00	842.59
1483.00	863.66
1484.00	856.64
1485.00	976.00
1486.00	1006.43
1487.00	1198.35
1488.00	3768.26
1489.00	9685.14
1490.00	15417.11
1491.00	15358.60
1492.00	11206.48
1493.00	7992.93
1494.00	6052.63
1495.00	4973.64
1496.00	3534.21
1497.00	2092.44
1498.00	1373.89
1499.00	997.07
1500.00	957.28
1501.00	870.68
1502.00	847.27
1503.00	802.80
1504.00	828.55
1505.00	896.43
1506.00	884.72
1507.00	915.15
1508.00	910.47
1509.00	873.02
1510.00	861.32
1511.00	898.77
1512.00	866.00
1513.00	1090.69
1514.00	2176.70
1515.00	3801.03
1516.00	4601.49
1517.00	3868.91
1518.00	3019.29
1519.00	2375.64
1520.00	1935.62
1521.00	1703.91
1522.00	1324.74
1523.00	1057.92
1524.00	1020.47
1525.00	884.72
1526.00	875.36
1527.00	882.38
1528.00	912.81
1529.00	917.49
1530.00	978.34
1531.00	1053.24
1532.00	985.37
1533.00	2115.84
1534.00	5390.25
1535.00	9984.73
1536.00	11625.44
1537.00	8915.10
1538.00	6363.92
1539.00	4634.26
1540.00	3889.97
1541.00	2988.86
1542.00	1865.41
1543.00	1324.74
1544.00	1057.92
1545.00	987.71
1546.00	936.21
1547.00	901.11
1548.00	835.57
1549.00	908.13
1550.00	901.11
1551.00	880.04
1552.00	854.30
1553.00	863.66
1554.00	903.45
1555.00	901.11
1556.00	844.93
1557.00	926.85
1558.00	954.94
1559.00	978.34
1560.00	877.70
1561.00	929.19
1562.00	976.00
1563.00	1004.09
1564.00	1060.26
1565.00	1434.75
1566.00	4451.70
1567.00	12107.59
1568.00	19988.18
1569.00	20465.64
1570.00	14520.68
1571.00	10384.96
1572.00	7700.36
1573.00	6221.14
1574.00	4477.44
1575.00	2548.84
1576.00	1762.42
1577.00	1392.62
1578.00	1834.98
1579.00	6616.69
1580.00	18780.46
1581.00	31044.87
1582.00	32699.62
1583.00	23035.55
1584.00	16250.34
1585.00	11651.19
1586.00	9589.17
1587.00	6469.24
1588.00	3513.14
1589.00	1830.30
1590.00	1327.08
1591.00	1086.01
1592.00	990.05
1593.00	947.92
1594.00	894.08
1595.00	961.96
1596.00	940.90
1597.00	863.66
1598.00	896.43
1599.00	814.51
1600.00	861.32
1601.00	870.68
1602.00	821.53
1603.00	873.02
1604.00	802.80
1605.00	835.57
1606.00	847.27
1607.00	912.81
1608.00	805.14
1609.00	779.40
1610.00	819.19
1611.00	894.08
1612.00	821.53
1613.00	891.74
1614.00	833.23
1615.00	793.44
1616.00	746.63
1617.00	847.27
1618.00	830.89
1619.00	826.21
1620.00	755.99
1621.00	774.72
1622.00	851.96
1623.00	842.59
1624.00	833.23
1625.00	882.38
1626.00	826.21
1627.00	816.85
1628.00	844.93
1629.00	837.91
1630.00	812.17
1631.00	748.97
1632.00	814.51
1633.00	770.04
1634.00	844.93
1635.00	847.27
1636.00	835.57
1637.00	823.87
1638.00	793.44
1639.00	753.65
1640.00	828.55
1641.00	763.01
1642.00	856.64
1643.00	858.98
1644.00	842.59
1645.00	823.87
1646.00	884.72
1647.00	917.49
1648.00	943.24
1649.00	1083.67
1650.00	2637.78
1651.00	8079.53
1652.00	14211.73
1653.00	17547.00
1654.00	13809.16
1655.00	9998.77
1656.00	7236.94
1657.00	5685.16
1658.00	4161.47
1659.00	2499.69
1660.00	1526.03
1661.00	1128.14
1662.00	987.71
1663.00	936.21
1664.00	844.93
1665.00	912.81
1666.00	903.45
1667.00	924.51
1668.00	1235.80
1669.00	2684.59
1670.00	4929.17
1671.00	6394.34
1672.00	5631.33
1673.00	4133.39
1674.00	3108.23
1675.00	2562.89
1676.00	2054.99
1677.00	1427.73
1678.00	1057.92
1679.00	924.51
1680.00	877.70
1681.00	807.48
1682.00	837.91
1683.00	784.08
1684.00	847.27
1685.00	779.40
1686.00	816.85
1687.00	849.61
1688.00	821.53
1689.00	716.20
1690.00	840.25
1691.00	720.88
1692.00	863.66
1693.00	835.57
1694.00	760.67
1695.00	748.97
1696.00	760.67
1697.00	802.80
1698.00	793.44
1699.00	791.10
1700.00	875.36
1701.00	826.21
1702.00	819.19
1703.00	800.46
1704.00	823.87
1705.00	802.80
1706.00	809.83
1707.00	830.89
1708.00	784.08
1709.00	849.61
1710.00	840.25
1711.00	837.91
1712.00	884.72
1713.00	854.30
1714.00	1493.26
1715.00	3487.40
1716.00	6628.40
1717.00	8587.43
1718.00	7641.85
1719.00	5757.72
1720.00	4428.29
1721.00	3288.45
1722.00	2422.45
1723.00	1659.44
1724.00	1163.25
1725.00	1008.77
1726.00	898.77
1727.00	788.76
1728.00	840.25
1729.00	784.08
1730.00	753.65
1731.00	732.59
1732.00	807.48
1733.00	795.78
1734.00	758.33
1735.00	894.08
1736.00	739.61
1737.00	805.14
1738.00	823.87
1739.00	858.98
1740.00	795.78
1741.00	880.04
1742.00	812.17
1743.00	760.67
1744.00	727.91
1745.00	840.25
1746.00	809.83
1747.00	760.67
1748.00	809.83
1749.00	800.46
1750.00	858.98
1751.00	809.83
1752.00	830.89
1753.00	844.93
1754.00	784.08
1755.00	887.06
1756.00	828.55
1757.00	774.72
1758.00	772.38
1759.00	835.57
1760.00	814.51
1761.00	826.21
1762.00	774.72
1763.00	842.59
1764.00	777.06
1765.00	788.76
1766.00	823.87
1767.00	936.21
1768.00	833.23
1769.00	1053.24
1770.00	2071.37
1771.00	6057.31
1772.00	11616.08
1773.00	15346.89
1774.00	13123.38
1775.00	9792.80
1776.00	7122.25
1777.00	5053.22
1778.00	3365.69
1779.00	2183.72
1780.00	1439.43
1781.00	1053.24
1782.00	1008.77
1783.00	943.24
1784.00	901.11
1785.00	823.87
1786.00	877.70
1787.00	795.78
1788.00	814.51
1789.00	861.32
1790.00	851.96
1791.00	828.55
1792.00	807.48
1793.00	903.45
1794.00	758.33
1795.00	828.55
1796.00	835.57
1797.00	1064.94
1798.00	2459.90
1799.00	5448.77
1800.00	8812.12
1801.00	9689.82
1802.00	7686.32
1803.00	5881.77
1804.00	4152.11
1805.00	2789.92
1806.00	1872.43
1807.00	1310.70
1808.00	1135.16
1809.00	966.64
1810.00	873.02
1811.00	837.91
1812.00	760.67
1813.00	770.04
1814.00	826.21
1815.00	842.59
1816.00	734.93
1817.00	791.10
1818.00	767.70
1819.00	786.42
1820.00	819.19
1821.00	720.88
1822.00	758.33
1823.00	840.25
1824.00	882.38
1825.00	840.25
1826.00	877.70
1827.00	931.53
1828.00	891.74
1829.00	819.19
1830.00	814.51
1831.00	842.59
1832.00	802.80
1833.00	763.01
1834.00	774.72
1835.00	713.86
1836.00	753.65
1837.00	777.06
1838.00	791.10
1839.00	823.87
1840.00	826.21
1841.00	702.16
1842.00	741.95
1843.00	800.46
1844.00	781.74
1845.00	751.31
1846.00	856.64
1847.00	788.76
1848.00	856.64
1849.00	758.33
1850.00	788.76
1851.00	774.72
1852.00	718.54
1853.00	751.31
1854.00	802.80
1855.00	835.57
1856.00	795.78
1857.00	779.40
1858.00	784.08
1859.00	774.72
1860.00	713.86
1861.00	802.80
1862.00	772.38
1863.00	751.31
1864.00	788.76
1865.00	763.01
1866.00	772.38
1867.00	690.46
1868.00	786.42
1869.00	784.08
1870.00	746.63
1871.00	781.74
1872.00	767.70
1873.00	741.95
1874.00	758.33
1875.00	779.40
1876.00	734.93
1877.00	746.63
1878.00	723.23
1879.00	786.42
1880.00	809.83
1881.00	807.48
1882.00	812.17
1883.00	758.33
1884.00	767.70
1885.00	795.78
1886.00	816.85
1887.00	842.59
1888.00	772.38
1889.00	697.48
1890.00	725.57
1891.00	805.14
1892.00	777.06
1893.00	791.10
1894.00	826.21
1895.00	802.80
1896.00	737.27
1897.00	723.23
1898.00	711.52
1899.00	788.76
1900.00	723.23
1901.00	784.08
1902.00	727.91
1903.00	737.27
1904.00	795.78
1905.00	711.52
1906.00	751.31
1907.00	788.76
1908.00	770.04
1909.00	800.46
1910.00	765.36
1911.00	760.67
1912.00	816.85
1913.00	821.53
1914.00	826.21
1915.00	739.61
1916.00	788.76
1917.00	763.01
1918.00	758.33
1919.00	851.96
1920.00	730.25
1921.00	840.25
1922.00	833.23
1923.00	784.08
1924.00	807.48
1925.00	807.48
1926.00	720.88
1927.00	800.46
1928.00	798.12
1929.00	772.38
1930.00	791.10
1931.00	777.06
1932.00	767.70
1933.00	770.04
1934.00	760.67
1935.00	755.99
1936.00	772.38
1937.00	706.84
1938.00	802.80
1939.00	826.21
1940.00	751.31
1941.00	781.74
1942.00	699.82
1943.00	753.65
1944.00	737.27
1945.00	744.29
1946.00	760.67
1947.00	828.55
1948.00	798.12
1949.00	741.95
1950.00	744.29
1951.00	880.04
1952.00	1048.56
1953.00	2186.06
1954.00	5025.13
1955.00	7700.36
1956.00	8524.23
1957.00	6108.80
1958.00	3960.19
1959.00	2511.39
1960.00	1776.47
1961.00	1282.61
1962.00	1093.03
1963.00	910.47
1964.00	861.32
1965.00	868.34
1966.00	816.85
1967.00	786.42
1968.00	791.10
1969.00	765.36
1970.00	784.08
1971.00	826.21
1972.00	734.93
1973.00	774.72
1974.00	828.55
1975.00	760.67
1976.00	767.70
1977.00	791.10
1978.00	774.72
1979.00	798.12
1980.00	898.77
1981.00	1034.52
1982.00	1186.65
1983.00	1174.95
1984.00	1074.31
1985.00	961.96
1986.00	842.59
1987.00	791.10
1988.00	863.66
1989.00	770.04
1990.00	858.98
1991.00	784.08
1992.00	711.52
1993.00	847.27
1994.00	784.08
1995.00	741.95
1996.00	763.01
1997.00	788.76
1998.00	727.91
1999.00	763.01
2000.00	800.46
2001.00	791.10
2002.00	779.40
2003.00	758.33
2004.00	751.31
2005.00	781.74
2006.00	753.65
2007.00	781.74
2008.00	821.53
2009.00	741.95
2010.00	748.97
2011.00	809.83
2012.00	699.82
2013.00	746.63
2014.00	807.48
2015.00	763.01
2016.00	795.78
2017.00	734.93
2018.00	826.21
2019.00	802.80
2020.00	828.55
2021.00	837.91
2022.00	777.06
2023.00	835.57
2024.00	842.59
2025.00	1064.94
2026.00	1153.88
2027.00	1226.44
2028.00	1193.67
2029.00	1266.23
2030.00	2186.06
2031.00	6710.32
2032.00	12652.94
2033.00	16905.69
2034.00	15215.82
2035.00	10036.22
2036.00	6619.04
2037.00	4299.56
2038.00	2668.21
2039.00	1827.96
2040.00	1348.15
2041.00	1088.35
2042.00	908.13
2043.00	809.83
2044.00	858.98
2045.00	854.30
2046.00	837.91
2047.00	819.19
