0.00	664.71
1.00	664.71
2.00	664.71
3.00	564.07
4.00	559.39
5.00	550.03
6.00	512.58
7.00	538.32
8.00	550.03
9.00	526.62
10.00	564.07
11.00	578.11
12.00	660.03
13.00	566.41
14.00	528.96
15.00	543.00
16.00	580.45
17.00	557.05
18.00	561.73
19.00	608.54
20.00	601.52
21.00	608.54
22.00	587.47
23.00	627.26
24.00	564.07
25.00	615.56
26.00	711.52
27.00	641.31
28.00	737.27
29.00	690.46
30.00	723.23
31.00	655.35
32.00	718.54
33.00	718.54
34.00	716.20
35.00	664.71
36.00	732.59
37.00	699.82
38.00	779.40
39.00	683.44
40.00	751.31
41.00	781.74
42.00	744.29
43.00	779.40
44.00	709.18
45.00	709.18
46.00	737.27
47.00	725.57
48.00	779.40
49.00	725.57
50.00	784.08
51.00	812.17
52.00	737.27
53.00	809.83
54.00	741.95
55.00	723.23
56.00	702.16
57.00	760.67
58.00	770.04
59.00	683.44
60.00	727.91
61.00	737.27
62.00	699.82
63.00	704.50
64.00	699.82
65.00	683.44
66.00	692.80
67.00	774.72
68.00	739.61
69.00	732.59
70.00	720.88
71.00	720.88
72.00	732.59
73.00	730.25
74.00	699.82
75.00	758.33
76.00	737.27
77.00	718.54
78.00	744.29
79.00	720.88
80.00	643.65
81.00	725.57
82.00	730.25
83.00	678.76
84.00	744.29
85.00	732.59
86.00	725.57
87.00	767.70
88.00	716.20
89.00	814.51
90.00	753.65
91.00	690.46
92.00	706.84
93.00	671.73
94.00	671.73
95.00	699.82
96.00	671.73
97.00	732.59
98.00	751.31
99.00	751.31
100.00	758.33
101.00	746.63
102.00	692.80
103.00	713.86
104.00	739.61
105.00	737.27
106.00	716.20
107.00	681.10
108.00	744.29
109.00	737.27
110.00	786.42
111.00	716.20
112.00	718.54
113.00	758.33
114.00	720.88
115.00	737.27
116.00	674.07
117.00	748.97
118.00	688.12
119.00	737.27
120.00	725.57
121.00	718.54
122.00	709.18
123.00	732.59
124.00	744.29
125.00	676.41
126.00	777.06
127.00	765.36
128.00	753.65
129.00	709.18
130.00	725.57
131.00	758.33
132.00	706.84
133.00	795.78
134.00	833.23
135.00	739.61
136.00	784.08
137.00	650.67
138.00	777.06
139.00	777.06
140.00	723.23
141.00	678.76
142.00	751.31
143.00	772.38
144.00	772.38
145.00	748.97
146.00	716.20
147.00	770.04
148.00	795.78
149.00	723.23
150.00	772.38
151.00	758.33
152.00	716.20
153.00	770.04
154.00	751.31
155.00	826.21
156.00	765.36
157.00	734.93
158.00	734.93
159.00	732.59
160.00	664.71
161.00	681.10
162.00	676.41
163.00	720.88
164.00	777.06
165.00	755.99
166.00	746.63
167.00	777.06
168.00	732.59
169.00	725.57
170.00	744.29
171.00	751.31
172.00	760.67
173.00	760.67
174.00	744.29
175.00	725.57
176.00	767.70
177.00	772.38
178.00	688.12
179.00	828.55
180.00	685.78
181.00	720.88
182.00	786.42
183.00	772.38
184.00	718.54
185.00	706.84
186.00	716.20
187.00	725.57
188.00	770.04
189.00	727.91
190.00	774.72
191.00	755.99
192.00	716.20
193.00	739.61
194.00	753.65
195.00	788.76
196.00	805.14
197.00	725.57
198.00	772.38
199.00	767.70
200.00	763.01
201.00	781.74
202.00	781.74
203.00	690.46
204.00	784.08
205.00	753.65
206.00	816.85
207.00	734.93
208.00	734.93
209.00	706.84
210.00	765.36
211.00	772.38
212.00	741.95
213.00	802.80
214.00	772.38
215.00	746.63
216.00	699.82
217.00	730.25
218.00	725.57
219.00	765.36
220.00	739.61
221.00	760.67
222.00	697.48
223.00	770.04
224.00	716.20
225.00	751.31
226.00	706.84
227.00	800.46
228.00	725.57
229.00	821.53
230.00	767.70
231.00	795.78
232.00	748.97
233.00	760.67
234.00	685.78
235.00	798.12
236.00	746.63
237.00	711.52
238.00	725.57
239.00	751.31
240.00	758.33
241.00	655.35
242.00	730.25
243.00	727.91
244.00	720.88
245.00	800.46
246.00	674.07
247.00	706.84
248.00	706.84
249.00	734.93
250.00	699.82
251.00	772.38
252.00	746.63
253.00	669.39
254.00	760.67
255.00	723.23
256.00	751.31
257.00	697.48
258.00	725.57
259.00	755.99
260.00	723.23
261.00	699.82
262.00	751.31
263.00	730.25
264.00	763.01
265.00	741.95
266.00	805.14
267.00	784.08
268.00	835.57
269.00	844.93
270.00	753.65
271.00	746.63
272.00	795.78
273.00	856.64
274.00	851.96
275.00	774.72
276.00	791.10
277.00	791.10
278.00	809.83
279.00	809.83
280.00	741.95
281.00	713.86
282.00	737.27
283.00	741.95
284.00	767.70
285.00	758.33
286.00	718.54
287.00	770.04
288.00	765.36
289.00	760.67
290.00	816.85
291.00	748.97
292.00	737.27
293.00	713.86
294.00	692.80
295.00	720.88
296.00	706.84
297.00	786.42
298.00	723.23
299.00	795.78
300.00	737.27
301.00	727.91
302.00	774.72
303.00	767.70
304.00	704.50
305.00	704.50
306.00	748.97
307.00	758.33
308.00	805.14
309.00	842.59
310.00	802.80
311.00	816.85
312.00	819.19
313.00	812.17
314.00	758.33
315.00	748.97
316.00	669.39
317.00	716.20
318.00	744.29
319.00	741.95
320.00	744.29
321.00	809.83
322.00	739.61
323.00	725.57
324.00	741.95
325.00	774.72
326.00	734.93
327.00	746.63
328.00	788.76
329.00	746.63
330.00	791.10
331.00	709.18
332.00	751.31
333.00	763.01
334.00	737.27
335.00	777.06
336.00	704.50
337.00	807.48
338.00	727.91
339.00	713.86
340.00	697.48
341.00	730.25
342.00	758.33
343.00	788.76
344.00	781.74
345.00	821.53
346.00	814.51
347.00	765.36
348.00	819.19
349.00	868.34
350.00	882.38
351.00	880.04
352.00	760.67
353.00	772.38
354.00	805.14
355.00	807.48
356.00	774.72
357.00	791.10
358.00	788.76
359.00	821.53
360.00	727.91
361.00	657.69
362.00	727.91
363.00	739.61
364.00	702.16
365.00	725.57
366.00	725.57
367.00	734.93
368.00	730.25
369.00	751.31
370.00	802.80
371.00	767.70
372.00	786.42
373.00	777.06
374.00	772.38
375.00	725.57
376.00	746.63
377.00	793.44
378.00	763.01
379.00	753.65
380.00	748.97
381.00	732.59
382.00	713.86
383.00	835.57
384.00	730.25
385.00	734.93
386.00	770.04
387.00	807.48
388.00	758.33
389.00	695.14
390.00	739.61
391.00	816.85
392.00	699.82
393.00	751.31
394.00	711.52
395.00	830.89
396.00	746.63
397.00	767.70
398.00	805.14
399.00	727.91
400.00	739.61
401.00	847.27
402.00	767.70
403.00	718.54
404.00	758.33
405.00	809.83
406.00	772.38
407.00	751.31
408.00	711.52
409.00	784.08
410.00	777.06
411.00	814.51
412.00	692.80
413.00	765.36
414.00	763.01
415.00	772.38
416.00	671.73
417.00	737.27
418.00	727.91
419.00	709.18
420.00	730.25
421.00	697.48
422.00	730.25
423.00	704.50
424.00	765.36
425.00	737.27
426.00	744.29
427.00	786.42
428.00	767.70
429.00	674.07
430.00	807.48
431.00	716.20
432.00	777.06
433.00	660.03
434.00	758.33
435.00	784.08
436.00	793.44
437.00	779.40
438.00	781.74
439.00	755.99
440.00	835.57
441.00	774.72
442.00	765.36
443.00	741.95
444.00	788.76
445.00	781.74
446.00	727.91
447.00	802.80
448.00	770.04
449.00	765.36
450.00	706.84
451.00	814.51
452.00	847.27
453.00	770.04
454.00	758.33
455.00	732.59
456.00	809.83
457.00	802.80
458.00	774.72
459.00	807.48
460.00	739.61
461.00	774.72
462.00	767.70
463.00	732.59
464.00	744.29
465.00	800.46
466.00	760.67
467.00	746.63
468.00	807.48
469.00	812.17
470.00	774.72
471.00	746.63
472.00	784.08
473.00	744.29
474.00	746.63
475.00	737.27
476.00	784.08
477.00	706.84
478.00	763.01
479.00	746.63
480.00	730.25
481.00	751.31
482.00	844.93
483.00	805.14
484.00	763.01
485.00	788.76
486.00	767.70
487.00	667.05
488.00	730.25
489.00	814.51
490.00	819.19
491.00	723.23
492.00	777.06
493.00	753.65
494.00	798.12
495.00	774.72
496.00	779.40
497.00	716.20
498.00	763.01
499.00	779.40
500.00	744.29
501.00	805.14
502.00	837.91
503.00	788.76
504.00	723.23
505.00	739.61
506.00	727.91
507.00	856.64
508.00	746.63
509.00	833.23
510.00	690.46
511.00	723.23
512.00	770.04
513.00	711.52
514.00	767.70
515.00	863.66
516.00	807.48
517.00	805.14
518.00	795.78
519.00	760.67
520.00	751.31
521.00	758.33
522.00	770.04
523.00	809.83
524.00	844.93
525.00	720.88
526.00	744.29
527.00	772.38
528.00	741.95
529.00	884.72
530.00	802.80
531.00	695.14
532.00	770.04
533.00	807.48
534.00	784.08
535.00	809.83
536.00	774.72
537.00	711.52
538.00	779.40
539.00	854.30
540.00	760.67
541.00	772.38
542.00	723.23
543.00	793.44
544.00	788.76
545.00	821.53
546.00	688.12
547.00	692.80
548.00	868.34
549.00	774.72
550.00	741.95
551.00	826.21
552.00	737.27
553.00	751.31
554.00	819.19
555.00	688.12
556.00	793.44
557.00	748.97
558.00	784.08
559.00	786.42
560.00	833.23
561.00	791.10
562.00	821.53
563.00	816.85
564.00	739.61
565.00	781.74
566.00	716.20
567.00	730.25
568.00	774.72
569.00	772.38
570.00	788.76
571.00	784.08
572.00	779.40
573.00	777.06
574.00	798.12
575.00	739.61
576.00	758.33
577.00	770.04
578.00	676.41
579.00	725.57
580.00	713.86
581.00	758.33
582.00	795.78
583.00	746.63
584.00	819.19
585.00	765.36
586.00	758.33
587.00	760.67
588.00	774.72
589.00	786.42
590.00	706.84
591.00	779.40
592.00	753.65
593.00	805.14
594.00	760.67
595.00	685.78
596.00	798.12
597.00	662.37
598.00	819.19
599.00	758.33
600.00	751.31
601.00	786.42
602.00	814.51
603.00	763.01
604.00	772.38
605.00	816.85
606.00	718.54
607.00	816.85
608.00	793.44
609.00	833.23
610.00	856.64
611.00	842.59
612.00	760.67
613.00	723.23
614.00	791.10
615.00	744.29
616.00	770.04
617.00	807.48
618.00	800.46
619.00	779.40
620.00	793.44
621.00	727.91
622.00	748.97
623.00	814.51
624.00	800.46
625.00	809.83
626.00	781.74
627.00	746.63
628.00	737.27
629.00	800.46
630.00	760.67
631.00	730.25
632.00	704.50
633.00	758.33
634.00	823.87
635.00	833.23
636.00	753.65
637.00	770.04
638.00	748.97
639.00	763.01
640.00	767.70
641.00	826.21
642.00	741.95
643.00	828.55
644.00	741.95
645.00	821.53
646.00	788.76
647.00	802.80
648.00	812.17
649.00	767.70
650.00	870.68
651.00	788.76
652.00	702.16
653.00	819.19
654.00	748.97
655.00	926.85
656.00	718.54
657.00	770.04
658.00	767.70
659.00	770.04
660.00	816.85
661.00	793.44
662.00	805.14
663.00	758.33
664.00	753.65
665.00	744.29
666.00	732.59
667.00	770.04
668.00	837.91
669.00	725.57
670.00	772.38
671.00	805.14
672.00	777.06
673.00	760.67
674.00	800.46
675.00	748.97
676.00	772.38
677.00	814.51
678.00	835.57
679.00	755.99
680.00	800.46
681.00	772.38
682.00	755.99
683.00	840.25
684.00	819.19
685.00	807.48
686.00	760.67
687.00	786.42
688.00	751.31
689.00	784.08
690.00	805.14
691.00	844.93
692.00	826.21
693.00	814.51
694.00	828.55
695.00	802.80
696.00	807.48
697.00	772.38
698.00	809.83
699.00	788.76
700.00	774.72
701.00	812.17
702.00	795.78
703.00	823.87
704.00	781.74
705.00	802.80
706.00	854.30
707.00	779.40
708.00	807.48
709.00	739.61
710.00	828.55
711.00	779.40
712.00	734.93
713.00	774.72
714.00	814.51
715.00	798.12
716.00	854.30
717.00	866.00
718.00	816.85
719.00	819.19
720.00	814.51
721.00	786.42
722.00	795.78
723.00	823.87
724.00	791.10
725.00	748.97
726.00	819.19
727.00	800.46
728.00	779.40
729.00	725.57
730.00	812.17
731.00	786.42
732.00	807.48
733.00	767.70
734.00	781.74
735.00	784.08
736.00	868.34
737.00	786.42
738.00	807.48
739.00	779.40
740.00	720.88
741.00	798.12
742.00	770.04
743.00	788.76
744.00	851.96
745.00	837.91
746.00	716.20
747.00	763.01
748.00	833.23
749.00	791.10
750.00	826.21
751.00	884.72
752.00	793.44
753.00	753.65
754.00	835.57
755.00	774.72
756.00	821.53
757.00	753.65
758.00	816.85
759.00	821.53
760.00	847.27
761.00	891.74
762.00	781.74
763.00	821.53
764.00	772.38
765.00	819.19
766.00	772.38
767.00	816.85
768.00	828.55
769.00	788.76
770.00	866.00
771.00	842.59
772.00	821.53
773.00	767.70
774.00	812.17
775.00	779.40
776.00	807.48
777.00	866.00
778.00	866.00
779.00	816.85
780.00	786.42
781.00	765.36
782.00	866.00
783.00	873.02
784.00	873.02
785.00	777.06
786.00	828.55
787.00	814.51
788.00	760.67
789.00	889.40
790.00	856.64
791.00	805.14
792.00	746.63
793.00	748.97
794.00	748.97
795.00	770.04
796.00	800.46
797.00	748.97
798.00	746.63
799.00	833.23
800.00	800.46
801.00	816.85
802.00	814.51
803.00	842.59
804.00	826.21
805.00	802.80
806.00	842.59
807.00	826.21
808.00	837.91
809.00	833.23
810.00	727.91
811.00	809.83
812.00	826.21
813.00	755.99
814.00	807.48
815.00	833.23
816.00	781.74
817.00	856.64
818.00	903.45
819.00	777.06
820.00	849.61
821.00	793.44
822.00	851.96
823.00	884.72
824.00	709.18
825.00	842.59
826.00	795.78
827.00	805.14
828.00	784.08
829.00	788.76
830.00	800.46
831.00	723.23
832.00	835.57
833.00	802.80
834.00	772.38
835.00	779.40
836.00	842.59
837.00	809.83
838.00	847.27
839.00	826.21
840.00	828.55
841.00	835.57
842.00	898.77
843.00	847.27
844.00	751.31
845.00	830.89
846.00	767.70
847.00	784.08
848.00	798.12
849.00	793.44
850.00	866.00
851.00	814.51
852.00	814.51
853.00	795.78
854.00	870.68
855.00	830.89
856.00	828.55
857.00	837.91
858.00	791.10
859.00	807.48
860.00	807.48
861.00	716.20
862.00	823.87
863.00	896.43
864.00	791.10
865.00	880.04
866.00	802.80
867.00	854.30
868.00	748.97
869.00	777.06
870.00	727.91
871.00	819.19
872.00	828.55
873.00	844.93
874.00	798.12
875.00	798.12
876.00	760.67
877.00	861.32
878.00	816.85
879.00	812.17
880.00	772.38
881.00	816.85
882.00	779.40
883.00	833.23
884.00	866.00
885.00	812.17
886.00	755.99
887.00	837.91
888.00	805.14
889.00	858.98
890.00	784.08
891.00	798.12
892.00	821.53
893.00	828.55
894.00	786.42
895.00	837.91
896.00	854.30
897.00	793.44
898.00	779.40
899.00	795.78
900.00	844.93
901.00	821.53
902.00	777.06
903.00	819.19
904.00	812.17
905.00	926.85
906.00	943.24
907.00	905.79
908.00	898.77
909.00	866.00
910.00	866.00
911.00	851.96
912.00	924.51
913.00	978.34
914.00	954.94
915.00	952.60
916.00	943.24
917.00	863.66
918.00	898.77
919.00	828.55
920.00	793.44
921.00	840.25
922.00	800.46
923.00	816.85
924.00	851.96
925.00	863.66
926.00	835.57
927.00	844.93
928.00	760.67
929.00	858.98
930.00	842.59
931.00	880.04
932.00	814.51
933.00	774.72
934.00	760.67
935.00	847.27
936.00	847.27
937.00	851.96
938.00	793.44
939.00	751.31
940.00	788.76
941.00	793.44
942.00	828.55
943.00	826.21
944.00	805.14
945.00	847.27
946.00	1146.86
947.00	1596.25
948.00	2143.93
949.00	1891.15
950.00	1610.29
951.00	1390.28
952.00	1289.64
953.00	1207.72
954.00	1018.13
955.00	847.27
956.00	816.85
957.00	784.08
958.00	877.70
959.00	809.83
960.00	765.36
961.00	781.74
962.00	814.51
963.00	753.65
964.00	793.44
965.00	730.25
966.00	767.70
967.00	873.02
968.00	861.32
969.00	835.57
970.00	828.55
971.00	858.98
972.00	858.98
973.00	777.06
974.00	791.10
975.00	781.74
976.00	718.54
977.00	849.61
978.00	805.14
979.00	842.59
980.00	858.98
981.00	826.21
982.00	842.59
983.00	786.42
984.00	828.55
985.00	784.08
986.00	791.10
987.00	821.53
988.00	840.25
989.00	826.21
990.00	835.57
991.00	854.30
992.00	882.38
993.00	760.67
994.00	814.51
995.00	798.12
996.00	800.46
997.00	802.80
998.00	798.12
999.00	767.70
1000.00	833.23
1001.00	830.89
1002.00	802.80
1003.00	826.21
1004.00	861.32
1005.00	891.74
1006.00	830.89
1007.00	854.30
1008.00	781.74
1009.00	798.12
1010.00	854.30
1011.00	858.98
1012.00	795.78
1013.00	819.19
1014.00	819.19
1015.00	814.51
1016.00	753.65
1017.00	823.87
1018.00	774.72
1019.00	812.17
1020.00	884.72
1021.00	779.40
1022.00	856.64
1023.00	812.17
1024.00	772.38
1025.00	809.83
1026.00	828.55
1027.00	863.66
1028.00	828.55
1029.00	791.10
1030.00	791.10
1031.00	816.85
1032.00	805.14
1033.00	847.27
1034.00	833.23
1035.00	704.50
1036.00	828.55
1037.00	826.21
1038.00	805.14
1039.00	823.87
1040.00	807.48
1041.00	833.23
1042.00	847.27
1043.00	730.25
1044.00	828.55
1045.00	800.46
1046.00	940.90
1047.00	763.01
1048.00	758.33
1049.00	835.57
1050.00	777.06
1051.00	781.74
1052.00	823.87
1053.00	802.80
1054.00	784.08
1055.00	816.85
1056.00	861.32
1057.00	844.93
1058.00	795.78
1059.00	819.19
1060.00	788.76
1061.00	779.40
1062.00	791.10
1063.00	854.30
1064.00	894.08
1065.00	802.80
1066.00	819.19
1067.00	760.67
1068.00	767.70
1069.00	898.77
1070.00	856.64
1071.00	802.80
1072.00	943.24
1073.00	767.70
1074.00	830.89
1075.00	767.70
1076.00	800.46
1077.00	854.30
1078.00	807.48
1079.00	758.33
1080.00	856.64
1081.00	821.53
1082.00	856.64
1083.00	863.66
1084.00	856.64
1085.00	828.55
1086.00	868.34
1087.00	833.23
1088.00	828.55
1089.00	730.25
1090.00	816.85
1091.00	732.59
1092.00	805.14
1093.00	800.46
1094.00	847.27
1095.00	837.91
1096.00	772.38
1097.00	816.85
1098.00	795.78
1099.00	802.80
1100.00	856.64
1101.00	875.36
1102.00	833.23
1103.00	851.96
1104.00	798.12
1105.00	868.34
1106.00	842.59
1107.00	812.17
1108.00	807.48
1109.00	837.91
1110.00	746.63
1111.00	802.80
1112.00	744.29
1113.00	781.74
1114.00	812.17
1115.00	882.38
1116.00	823.87
1117.00	760.67
1118.00	774.72
1119.00	784.08
1120.00	821.53
1121.00	875.36
1122.00	884.72
1123.00	912.81
1124.00	854.30
1125.00	802.80
1126.00	802.80
1127.00	795.78
1128.00	835.57
1129.00	748.97
1130.00	840.25
1131.00	847.27
1132.00	821.53
1133.00	798.12
1134.00	828.55
1135.00	866.00
1136.00	795.78
1137.00	873.02
1138.00	844.93
1139.00	835.57
1140.00	866.00
1141.00	840.25
1142.00	835.57
1143.00	851.96
1144.00	854.30
1145.00	828.55
1146.00	791.10
1147.00	847.27
1148.00	854.30
1149.00	823.87
1150.00	868.34
1151.00	858.98
1152.00	777.06
1153.00	842.59
1154.00	814.51
1155.00	875.36
1156.00	788.76
1157.00	889.40
1158.00	866.00
1159.00	966.64
1160.00	887.06
1161.00	866.00
1162.00	924.51
1163.00	849.61
1164.00	875.36
1165.00	908.13
1166.00	901.11
1167.00	1097.71
1168.00	1287.29
1169.00	1331.76
1170.00	1203.04
1171.00	1156.22
1172.00	1046.22
1173.00	1004.09
1174.00	990.05
1175.00	968.98
1176.00	933.87
1177.00	849.61
1178.00	837.91
1179.00	882.38
1180.00	868.34
1181.00	866.00
1182.00	889.40
1183.00	891.74
1184.00	938.55
1185.00	868.34
1186.00	849.61
1187.00	866.00
1188.00	884.72
1189.00	896.43
1190.00	947.92
1191.00	875.36
1192.00	978.34
1193.00	980.68
1194.00	990.05
1195.00	933.87
1196.00	931.53
1197.00	940.90
1198.00	950.26
1199.00	959.62
1200.00	1013.45
1201.00	1006.43
1202.00	1151.54
1203.00	1303.68
1204.00	1184.31
1205.00	1212.40
1206.00	1100.05
1207.00	1043.88
1208.00	1069.62
1209.00	1102.39
1210.00	1050.90
1211.00	1071.97
1212.00	1086.01
1213.00	1032.18
1214.00	1069.62
1215.00	1139.84
1216.00	1245.16
1217.00	1385.60
1218.00	1650.08
1219.00	1898.17
1220.00	3529.53
1221.00	18574.49
1222.00	52200.97
1223.00	65535.00
1224.00	65535.00
1225.00	58127.20
1226.00	45811.31
1227.00	33553.92
1228.00	27868.76
1229.00	20149.67
1230.00	9736.63
1231.00	4056.15
1232.00	2141.59
1233.00	1614.97
1234.00	1507.30
1235.00	1406.66
1236.00	1355.17
1237.00	1282.61
1238.00	1188.99
1239.00	1502.62
1240.00	3358.67
1241.00	5804.53
1242.00	7515.46
1243.00	6181.35
1244.00	4540.64
1245.00	3471.01
1246.00	2988.86
1247.00	2502.03
1248.00	1902.86
1249.00	1263.89
1250.00	1041.54
1251.00	976.00
1252.00	1001.75
1253.00	1006.43
1254.00	1050.90
1255.00	1095.37
1256.00	1060.26
1257.00	1008.77
1258.00	1071.97
1259.00	961.96
1260.00	976.00
1261.00	926.85
1262.00	994.73
1263.00	973.66
1264.00	971.32
1265.00	926.85
1266.00	957.28
1267.00	901.11
1268.00	901.11
1269.00	936.21
1270.00	905.79
1271.00	891.74
1272.00	905.79
1273.00	919.83
1274.00	884.72
1275.00	985.37
1276.00	924.51
1277.00	931.53
1278.00	1032.18
1279.00	2401.39
1280.00	6237.53
1281.00	11201.80
1282.00	12631.87
1283.00	9614.92
1284.00	7136.29
1285.00	5240.46
1286.00	4386.16
1287.00	3590.38
1288.00	2284.36
1289.00	1380.92
1290.00	985.37
1291.00	1004.09
1292.00	940.90
1293.00	1036.86
1294.00	936.21
1295.00	1008.77
1296.00	847.27
1297.00	966.64
1298.00	1039.20
1299.00	1556.46
1300.00	2637.78
1301.00	3524.85
1302.00	3344.63
1303.00	2579.27
1304.00	2073.71
1305.00	1760.08
1306.00	1493.26
1307.00	1359.85
1308.00	1057.92
1309.00	1057.92
1310.00	922.17
1311.00	875.36
1312.00	868.34
1313.00	929.19
1314.00	823.87
1315.00	821.53
1316.00	826.21
1317.00	933.87
1318.00	875.36
1319.00	903.45
1320.00	903.45
1321.00	877.70
1322.00	826.21
1323.00	896.43
1324.00	840.25
1325.00	835.57
1326.00	821.53
1327.00	861.32
1328.00	830.89
1329.00	912.81
1330.00	854.30
1331.00	868.34
1332.00	926.85
1333.00	1069.62
1334.00	1703.91
1335.00	2995.89
1336.00	3808.05
1337.00	3332.92
1338.00	2637.78
1339.00	2118.18
1340.00	1884.13
1341.00	1577.52
1342.00	1268.57
1343.00	964.30
1344.00	912.81
1345.00	922.17
1346.00	908.13
1347.00	924.51
1348.00	866.00
1349.00	858.98
1350.00	861.32
1351.00	891.74
1352.00	849.61
1353.00	863.66
1354.00	807.48
1355.00	842.59
1356.00	924.51
1357.00	901.11
1358.00	917.49
1359.00	936.21
1360.00	980.68
1361.00	1135.16
1362.00	2289.04
1363.00	5820.91
1364.00	9680.46
1365.00	10700.93
1366.00	8243.37
1367.00	6017.52
1368.00	4531.28
1369.00	3794.01
1370.00	3028.65
1371.00	1926.26
1372.00	1329.42
1373.00	1081.33
1374.00	1078.99
1375.00	1179.63
1376.00	2963.12
1377.00	8982.98
1378.00	16233.96
1379.00	19056.64
1380.00	14431.74
1381.00	10228.14
1382.00	7527.16
1383.00	6139.23
1384.00	4809.80
1385.00	2839.07
1386.00	1638.38
1387.00	1210.06
1388.00	964.30
1389.00	954.94
1390.00	1046.22
1391.00	940.90
1392.00	947.92
1393.00	931.53
1394.00	966.64
1395.00	866.00
1396.00	971.32
1397.00	959.62
1398.00	1186.65
1399.00	1341.13
1400.00	1355.17
1401.00	1245.16
1402.00	1268.57
1403.00	1186.65
1404.00	1181.97
1405.00	1294.32
1406.00	2122.87
1407.00	8404.86
1408.00	20723.10
1409.00	31463.82
1410.00	27608.96
1411.00	19756.46
1412.00	13598.51
1413.00	10335.81
1414.00	8449.33
1415.00	5596.22
1416.00	2913.97
1417.00	1584.54
1418.00	1226.44
1419.00	1270.91
1420.00	1898.17
1421.00	4421.27
1422.00	7330.56
1423.00	8142.72
1424.00	6382.64
1425.00	4622.56
1426.00	3527.19
1427.00	2960.78
1428.00	2356.92
1429.00	1537.73
1430.00	1132.82
1431.00	973.66
1432.00	950.26
1433.00	966.64
1434.00	943.24
1435.00	915.15
1436.00	873.02
1437.00	849.61
1438.00	884.72
1439.00	863.66
1440.00	826.21
1441.00	835.57
1442.00	912.81
1443.00	936.21
1444.00	870.68
1445.00	821.53
1446.00	805.14
1447.00	887.06
1448.00	814.51
1449.00	795.78
1450.00	870.68
1451.00	947.92
1452.00	887.06
1453.00	828.55
1454.00	943.24
1455.00	1280.27
1456.00	2555.86
1457.00	4154.45
1458.00	5308.34
1459.00	4351.06
1460.00	3225.26
1461.00	2530.12
1462.00	2136.91
1463.00	1923.92
1464.00	1329.42
1465.00	1060.26
1466.00	1018.13
1467.00	861.32
1468.00	821.53
1469.00	821.53
1470.00	844.93
1471.00	896.43
1472.00	917.49
1473.00	889.40
1474.00	809.83
1475.00	903.45
1476.00	863.66
1477.00	896.43
1478.00	833.23
1479.00	866.00
1480.00	851.96
1481.00	791.10
1482.00	830.89
1483.00	936.21
1484.00	961.96
1485.00	1013.45
1486.00	1025.15
1487.00	1268.57
1488.00	3758.90
1489.00	9408.95
1490.00	15550.52
1491.00	15761.17
1492.00	11463.94
1493.00	8074.85
1494.00	6015.18
1495.00	4905.76
1496.00	3557.61
1497.00	2073.71
1498.00	1315.38
1499.00	1011.11
1500.00	947.92
1501.00	931.53
1502.00	952.60
1503.00	933.87
1504.00	828.55
1505.00	833.23
1506.00	821.53
1507.00	880.04
1508.00	889.40
1509.00	870.68
1510.00	814.51
1511.00	812.17
1512.00	882.38
1513.00	1123.46
1514.00	2186.06
1515.00	3730.81
1516.00	4622.56
1517.00	3932.10
1518.00	3075.46
1519.00	2342.88
1520.00	1926.26
1521.00	1708.59
1522.00	1357.51
1523.00	1069.62
1524.00	950.26
1525.00	929.19
1526.00	868.34
1527.00	833.23
1528.00	926.85
1529.00	856.64
1530.00	947.92
1531.00	964.30
1532.00	1071.97
1533.00	2094.78
1534.00	5408.98
1535.00	9643.01
1536.00	11618.42
1537.00	8903.40
1538.00	6408.39
1539.00	4762.99
1540.00	3775.28
1541.00	2918.65
1542.00	1987.11
1543.00	1310.70
1544.00	1107.07
1545.00	915.15
1546.00	922.17
1547.00	887.06
1548.00	1004.09
1549.00	884.72
1550.00	873.02
1551.00	844.93
1552.00	952.60
1553.00	926.85
1554.00	940.90
1555.00	905.79
1556.00	922.17
1557.00	880.04
1558.00	835.57
1559.00	945.58
1560.00	959.62
1561.00	870.68
1562.00	926.85
1563.00	1006.43
1564.00	1029.84
1565.00	1348.15
1566.00	4400.21
1567.00	11803.32
1568.00	19850.08
1569.00	20896.30
1570.00	14654.09
1571.00	10246.87
1572.00	7459.29
1573.00	6155.61
1574.00	4531.28
1575.00	2628.42
1576.00	1753.06
1577.00	1394.96
1578.00	1846.68
1579.00	6455.20
1580.00	18429.38
1581.00	31740.00
1582.00	33528.17
1583.00	23931.98
1584.00	16617.80
1585.00	11906.31
1586.00	9605.56
1587.00	6459.88
1588.00	3529.53
1589.00	1877.11
1590.00	1289.64
1591.00	1156.22
1592.00	1015.79
1593.00	922.17
1594.00	940.90
1595.00	922.17
1596.00	917.49
1597.00	952.60
1598.00	901.11
1599.00	791.10
1600.00	954.94
1601.00	840.25
1602.00	856.64
1603.00	877.70
1604.00	821.53
1605.00	795.78
1606.00	821.53
1607.00	833.23
1608.00	814.51
1609.00	795.78
1610.00	889.40
1611.00	833.23
1612.00	858.98
1613.00	784.08
1614.00	826.21
1615.00	800.46
1616.00	924.51
1617.00	821.53
1618.00	807.48
1619.00	851.96
1620.00	809.83
1621.00	898.77
1622.00	741.95
1623.00	851.96
1624.00	847.27
1625.00	770.04
1626.00	835.57
1627.00	842.59
1628.00	870.68
1629.00	842.59
1630.00	833.23
1631.00	784.08
1632.00	875.36
1633.00	760.67
1634.00	877.70
1635.00	727.91
1636.00	795.78
1637.00	809.83
1638.00	823.87
1639.00	833.23
1640.00	823.87
1641.00	870.68
1642.00	793.44
1643.00	870.68
1644.00	842.59
1645.00	830.89
1646.00	854.30
1647.00	877.70
1648.00	940.90
1649.00	1107.07
1650.00	2612.04
1651.00	7702.70
1652.00	14380.25
1653.00	18305.33
1654.00	13991.72
1655.00	10026.86
1656.00	7255.66
1657.00	5570.48
1658.00	4133.39
1659.00	2492.67
1660.00	1572.84
1661.00	1196.01
1662.00	987.71
1663.00	917.49
1664.00	940.90
1665.00	866.00
1666.00	912.81
1667.00	952.60
1668.00	1322.40
1669.00	2696.30
1670.00	4791.08
1671.00	6237.53
1672.00	5762.40
1673.00	4238.71
1674.00	3087.17
1675.00	2654.17
1676.00	1994.14
1677.00	1434.75
1678.00	1088.35
1679.00	917.49
1680.00	917.49
1681.00	779.40
1682.00	784.08
1683.00	779.40
1684.00	795.78
1685.00	765.36
1686.00	819.19
1687.00	819.19
1688.00	751.31
1689.00	781.74
1690.00	854.30
1691.00	833.23
1692.00	784.08
1693.00	770.04
1694.00	844.93
1695.00	758.33
1696.00	840.25
1697.00	863.66
1698.00	833.23
1699.00	851.96
1700.00	830.89
1701.00	746.63
1702.00	821.53
1703.00	868.34
1704.00	884.72
1705.00	823.87
1706.00	861.32
1707.00	877.70
1708.00	821.53
1709.00	788.76
1710.00	802.80
1711.00	837.91
1712.00	842.59
1713.00	940.90
1714.00	1380.92
1715.00	3616.13
1716.00	6438.81
1717.00	8985.32
1718.00	7798.66
1719.00	5928.58
1720.00	4334.67
1721.00	3400.80
1722.00	2476.29
1723.00	1739.02
1724.00	1205.38
1725.00	999.41
1726.00	894.08
1727.00	835.57
1728.00	868.34
1729.00	833.23
1730.00	828.55
1731.00	807.48
1732.00	849.61
1733.00	826.21
1734.00	793.44
1735.00	861.32
1736.00	826.21
1737.00	779.40
1738.00	772.38
1739.00	805.14
1740.00	781.74
1741.00	763.01
1742.00	753.65
1743.00	809.83
1744.00	755.99
1745.00	746.63
1746.00	802.80
1747.00	777.06
1748.00	840.25
1749.00	819.19
1750.00	774.72
1751.00	835.57
1752.00	809.83
1753.00	816.85
1754.00	814.51
1755.00	924.51
1756.00	856.64
1757.00	875.36
1758.00	861.32
1759.00	856.64
1760.00	823.87
1761.00	863.66
1762.00	823.87
1763.00	802.80
1764.00	805.14
1765.00	880.04
1766.00	917.49
1767.00	858.98
1768.00	901.11
1769.00	1097.71
1770.00	2120.53
1771.00	6104.12
1772.00	11281.38
1773.00	15365.62
1774.00	12987.63
1775.00	9848.97
1776.00	7136.29
1777.00	4985.34
1778.00	3328.24
1779.00	2106.48
1780.00	1404.32
1781.00	1071.97
1782.00	936.21
1783.00	887.06
1784.00	933.87
1785.00	854.30
1786.00	905.79
1787.00	828.55
1788.00	788.76
1789.00	856.64
1790.00	828.55
1791.00	842.59
1792.00	781.74
1793.00	884.72
1794.00	823.87
1795.00	882.38
1796.00	828.55
1797.00	1109.41
1798.00	2377.98
1799.00	5177.26
1800.00	8580.40
1801.00	9874.72
1802.00	7758.88
1803.00	5841.98
1804.00	4138.07
1805.00	2813.32
1806.00	1884.13
1807.00	1394.96
1808.00	1090.69
1809.00	931.53
1810.00	858.98
1811.00	844.93
1812.00	809.83
1813.00	880.04
1814.00	805.14
1815.00	805.14
1816.00	821.53
1817.00	732.59
1818.00	840.25
1819.00	814.51
1820.00	828.55
1821.00	793.44
1822.00	772.38
1823.00	812.17
1824.00	791.10
1825.00	851.96
1826.00	894.08
1827.00	940.90
1828.00	863.66
1829.00	809.83
1830.00	758.33
1831.00	779.40
1832.00	791.10
1833.00	748.97
1834.00	777.06
1835.00	763.01
1836.00	800.46
1837.00	835.57
1838.00	795.78
1839.00	716.20
1840.00	774.72
1841.00	730.25
1842.00	802.80
1843.00	767.70
1844.00	786.42
1845.00	816.85
1846.00	779.40
1847.00	744.29
1848.00	786.42
1849.00	786.42
1850.00	758.33
1851.00	795.78
1852.00	730.25
1853.00	770.04
1854.00	816.85
1855.00	725.57
1856.00	777.06
1857.00	741.95
1858.00	737.27
1859.00	854.30
1860.00	746.63
1861.00	739.61
1862.00	758.33
1863.00	807.48
1864.00	755.99
1865.00	770.04
1866.00	798.12
1867.00	734.93
1868.00	748.97
1869.00	763.01
1870.00	786.42
1871.00	849.61
1872.00	795.78
1873.00	786.42
1874.00	734.93
1875.00	739.61
1876.00	788.76
1877.00	774.72
1878.00	706.84
1879.00	819.19
1880.00	763.01
1881.00	777.06
1882.00	777.06
1883.00	737.27
1884.00	739.61
1885.00	777.06
1886.00	737.27
1887.00	767.70
1888.00	763.01
1889.00	784.08
1890.00	814.51
1891.00	784.08
1892.00	770.04
1893.00	748.97
1894.00	741.95
1895.00	704.50
1896.00	798.12
1897.00	807.48
1898.00	779.40
1899.00	786.42
1900.00	781.74
1901.00	765.36
1902.00	741.95
1903.00	755.99
1904.00	786.42
1905.00	702.16
1906.00	835.57
1907.00	781.74
1908.00	744.29
1909.00	814.51
1910.00	748.97
1911.00	807.48
1912.00	814.51
1913.00	840.25
1914.00	856.64
1915.00	823.87
1916.00	713.86
1917.00	779.40
1918.00	800.46
1919.00	814.51
1920.00	805.14
1921.00	779.40
1922.00	830.89
1923.00	755.99
1924.00	786.42
1925.00	758.33
1926.00	774.72
1927.00	748.97
1928.00	734.93
1929.00	697.48
1930.00	753.65
1931.00	779.40
1932.00	755.99
1933.00	758.33
1934.00	755.99
1935.00	758.33
1936.00	788.76
1937.00	777.06
1938.00	781.74
1939.00	781.74
1940.00	720.88
1941.00	734.93
1942.00	732.59
1943.00	748.97
1944.00	748.97
1945.00	802.80
1946.00	791.10
1947.00	788.76
1948.00	821.53
1949.00	765.36
1950.00	826.21
1951.00	807.48
1952.00	1048.56
1953.00	2272.66
1954.00	4784.06
1955.00	7527.16
1956.00	8603.81
1957.00	6300.72
1958.00	4112.32
1959.00	2516.08
1960.00	1762.42
1961.00	1313.04
1962.00	1060.26
1963.00	1027.50
1964.00	894.08
1965.00	814.51
1966.00	793.44
1967.00	758.33
1968.00	816.85
1969.00	807.48
1970.00	880.04
1971.00	828.55
1972.00	833.23
1973.00	828.55
1974.00	786.42
1975.00	763.01
1976.00	816.85
1977.00	737.27
1978.00	849.61
1979.00	823.87
1980.00	931.53
1981.00	1018.13
1982.00	1198.35
1983.00	1282.61
1984.00	1046.22
1985.00	1015.79
1986.00	809.83
1987.00	814.51
1988.00	821.53
1989.00	802.80
1990.00	819.19
1991.00	784.08
1992.00	744.29
1993.00	727.91
1994.00	744.29
1995.00	835.57
1996.00	751.31
1997.00	795.78
1998.00	730.25
1999.00	774.72
2000.00	753.65
2001.00	877.70
2002.00	765.36
2003.00	805.14
2004.00	793.44
2005.00	755.99
2006.00	737.27
2007.00	814.51
2008.00	720.88
2009.00	734.93
2010.00	777.06
2011.00	767.70
2012.00	805.14
2013.00	751.31
2014.00	709.18
2015.00	685.78
2016.00	795.78
2017.00	737.27
2018.00	744.29
2019.00	697.48
2020.00	823.87
2021.00	753.65
2022.00	786.42
2023.00	819.19
2024.00	823.87
2025.00	1041.54
2026.00	1135.16
2027.00	1284.95
2028.00	1235.80
2029.00	1207.72
2030.00	2326.49
2031.00	6300.72
2032.00	12229.30
2033.00	16886.97
2034.00	15356.25
2035.00	10457.51
2036.00	6869.47
2037.00	4486.81
2038.00	2778.22
2039.00	1935.62
2040.00	1306.02
2041.00	1064.94
2042.00	945.58
2043.00	954.94
2044.00	868.34
2045.00	837.91
2046.00	856.64
2047.00	821.53
