0.00	669.39
1.00	669.39
2.00	669.39
3.00	608.54
4.00	538.32
5.00	599.18
6.00	575.77
7.00	613.22
8.00	550.03
9.00	507.90
10.00	620.24
11.00	566.41
12.00	561.73
13.00	566.41
14.00	535.98
15.00	603.86
16.00	615.56
17.00	507.90
18.00	580.45
19.00	641.31
20.00	592.16
21.00	645.99
22.00	608.54
23.00	624.92
24.00	667.05
25.00	622.58
26.00	678.76
27.00	608.54
28.00	744.29
29.00	674.07
30.00	662.37
31.00	671.73
32.00	681.10
33.00	704.50
34.00	744.29
35.00	765.36
36.00	699.82
37.00	770.04
38.00	739.61
39.00	737.27
40.00	779.40
41.00	730.25
42.00	767.70
43.00	676.41
44.00	706.84
45.00	774.72
46.00	765.36
47.00	711.52
48.00	751.31
49.00	758.33
50.00	711.52
51.00	798.12
52.00	746.63
53.00	760.67
54.00	723.23
55.00	727.91
56.00	777.06
57.00	720.88
58.00	760.67
59.00	774.72
60.00	805.14
61.00	688.12
62.00	802.80
63.00	704.50
64.00	713.86
65.00	819.19
66.00	753.65
67.00	739.61
68.00	723.23
69.00	702.16
70.00	702.16
71.00	732.59
72.00	709.18
73.00	774.72
74.00	739.61
75.00	706.84
76.00	730.25
77.00	709.18
78.00	702.16
79.00	688.12
80.00	739.61
81.00	823.87
82.00	767.70
83.00	772.38
84.00	765.36
85.00	713.86
86.00	697.48
87.00	755.99
88.00	669.39
89.00	709.18
90.00	678.76
91.00	732.59
92.00	704.50
93.00	697.48
94.00	734.93
95.00	795.78
96.00	767.70
97.00	777.06
98.00	683.44
99.00	662.37
100.00	781.74
101.00	723.23
102.00	753.65
103.00	667.05
104.00	718.54
105.00	702.16
106.00	753.65
107.00	767.70
108.00	791.10
109.00	744.29
110.00	730.25
111.00	725.57
112.00	718.54
113.00	744.29
114.00	704.50
115.00	702.16
116.00	727.91
117.00	805.14
118.00	713.86
119.00	702.16
120.00	681.10
121.00	697.48
122.00	711.52
123.00	669.39
124.00	767.70
125.00	748.97
126.00	730.25
127.00	737.27
128.00	702.16
129.00	739.61
130.00	786.42
131.00	741.95
132.00	711.52
133.00	718.54
134.00	723.23
135.00	709.18
136.00	751.31
137.00	744.29
138.00	732.59
139.00	739.61
140.00	784.08
141.00	664.71
142.00	793.44
143.00	765.36
144.00	744.29
145.00	741.95
146.00	737.27
147.00	718.54
148.00	760.67
149.00	770.04
150.00	765.36
151.00	763.01
152.00	739.61
153.00	739.61
154.00	678.76
155.00	746.63
156.00	751.31
157.00	648.33
158.00	755.99
159.00	751.31
160.00	777.06
161.00	706.84
162.00	781.74
163.00	791.10
164.00	713.86
165.00	755.99
166.00	772.38
167.00	772.38
168.00	704.50
169.00	704.50
170.00	755.99
171.00	720.88
172.00	711.52
173.00	725.57
174.00	734.93
175.00	716.20
176.00	704.50
177.00	812.17
178.00	657.69
179.00	770.04
180.00	732.59
181.00	692.80
182.00	702.16
183.00	755.99
184.00	781.74
185.00	786.42
186.00	770.04
187.00	709.18
188.00	727.91
189.00	706.84
190.00	727.91
191.00	755.99
192.00	734.93
193.00	716.20
194.00	716.20
195.00	702.16
196.00	779.40
197.00	678.76
198.00	737.27
199.00	741.95
200.00	706.84
201.00	690.46
202.00	755.99
203.00	702.16
204.00	753.65
205.00	709.18
206.00	788.76
207.00	755.99
208.00	685.78
209.00	751.31
210.00	660.03
211.00	751.31
212.00	774.72
213.00	760.67
214.00	758.33
215.00	702.16
216.00	777.06
217.00	718.54
218.00	800.46
219.00	730.25
220.00	720.88
221.00	709.18
222.00	746.63
223.00	723.23
224.00	681.10
225.00	751.31
226.00	739.61
227.00	690.46
228.00	781.74
229.00	795.78
230.00	746.63
231.00	788.76
232.00	741.95
233.00	685.78
234.00	669.39
235.00	711.52
236.00	723.23
237.00	695.14
238.00	716.20
239.00	692.80
240.00	711.52
241.00	746.63
242.00	737.27
243.00	795.78
244.00	798.12
245.00	741.95
246.00	709.18
247.00	760.67
248.00	795.78
249.00	718.54
250.00	746.63
251.00	760.67
252.00	725.57
253.00	725.57
254.00	725.57
255.00	744.29
256.00	734.93
257.00	772.38
258.00	653.01
259.00	727.91
260.00	741.95
261.00	688.12
262.00	697.48
263.00	702.16
264.00	751.31
265.00	755.99
266.00	807.48
267.00	784.08
268.00	828.55
269.00	767.70
270.00	718.54
271.00	816.85
272.00	830.89
273.00	844.93
274.00	760.67
275.00	753.65
276.00	779.40
277.00	861.32
278.00	816.85
279.00	816.85
280.00	774.72
281.00	784.08
282.00	753.65
283.00	720.88
284.00	727.91
285.00	830.89
286.00	807.48
287.00	751.31
288.00	702.16
289.00	725.57
290.00	781.74
291.00	727.91
292.00	704.50
293.00	699.82
294.00	699.82
295.00	739.61
296.00	737.27
297.00	737.27
298.00	758.33
299.00	732.59
300.00	849.61
301.00	730.25
302.00	760.67
303.00	798.12
304.00	713.86
305.00	809.83
306.00	774.72
307.00	786.42
308.00	770.04
309.00	805.14
310.00	692.80
311.00	781.74
312.00	835.57
313.00	793.44
314.00	767.70
315.00	723.23
316.00	739.61
317.00	800.46
318.00	744.29
319.00	774.72
320.00	744.29
321.00	755.99
322.00	697.48
323.00	723.23
324.00	730.25
325.00	758.33
326.00	755.99
327.00	779.40
328.00	725.57
329.00	788.76
330.00	716.20
331.00	727.91
332.00	767.70
333.00	758.33
334.00	725.57
335.00	765.36
336.00	683.44
337.00	725.57
338.00	760.67
339.00	678.76
340.00	732.59
341.00	770.04
342.00	746.63
343.00	697.48
344.00	751.31
345.00	788.76
346.00	732.59
347.00	746.63
348.00	814.51
349.00	898.77
350.00	854.30
351.00	805.14
352.00	788.76
353.00	828.55
354.00	802.80
355.00	748.97
356.00	725.57
357.00	798.12
358.00	814.51
359.00	748.97
360.00	676.41
361.00	758.33
362.00	746.63
363.00	730.25
364.00	770.04
365.00	739.61
366.00	772.38
367.00	746.63
368.00	723.23
369.00	755.99
370.00	664.71
371.00	727.91
372.00	795.78
373.00	800.46
374.00	711.52
375.00	819.19
376.00	739.61
377.00	734.93
378.00	755.99
379.00	711.52
380.00	760.67
381.00	751.31
382.00	800.46
383.00	704.50
384.00	765.36
385.00	727.91
386.00	800.46
387.00	786.42
388.00	748.97
389.00	767.70
390.00	786.42
391.00	711.52
392.00	765.36
393.00	767.70
394.00	765.36
395.00	730.25
396.00	770.04
397.00	760.67
398.00	791.10
399.00	734.93
400.00	814.51
401.00	770.04
402.00	718.54
403.00	748.97
404.00	737.27
405.00	713.86
406.00	777.06
407.00	777.06
408.00	751.31
409.00	809.83
410.00	772.38
411.00	814.51
412.00	786.42
413.00	760.67
414.00	741.95
415.00	699.82
416.00	744.29
417.00	795.78
418.00	655.35
419.00	681.10
420.00	746.63
421.00	760.67
422.00	763.01
423.00	734.93
424.00	781.74
425.00	767.70
426.00	755.99
427.00	739.61
428.00	767.70
429.00	737.27
430.00	711.52
431.00	730.25
432.00	784.08
433.00	786.42
434.00	774.72
435.00	788.76
436.00	779.40
437.00	718.54
438.00	737.27
439.00	746.63
440.00	727.91
441.00	648.33
442.00	795.78
443.00	791.10
444.00	777.06
445.00	725.57
446.00	725.57
447.00	758.33
448.00	737.27
449.00	704.50
450.00	791.10
451.00	821.53
452.00	795.78
453.00	809.83
454.00	821.53
455.00	751.31
456.00	844.93
457.00	772.38
458.00	807.48
459.00	683.44
460.00	748.97
461.00	779.40
462.00	730.25
463.00	739.61
464.00	737.27
465.00	772.38
466.00	702.16
467.00	706.84
468.00	720.88
469.00	674.07
470.00	798.12
471.00	667.05
472.00	753.65
473.00	746.63
474.00	814.51
475.00	758.33
476.00	683.44
477.00	720.88
478.00	767.70
479.00	711.52
480.00	723.23
481.00	720.88
482.00	814.51
483.00	781.74
484.00	723.23
485.00	786.42
486.00	777.06
487.00	739.61
488.00	741.95
489.00	774.72
490.00	746.63
491.00	770.04
492.00	711.52
493.00	788.76
494.00	767.70
495.00	781.74
496.00	772.38
497.00	767.70
498.00	770.04
499.00	770.04
500.00	751.31
501.00	786.42
502.00	793.44
503.00	795.78
504.00	821.53
505.00	814.51
506.00	795.78
507.00	837.91
508.00	730.25
509.00	678.76
510.00	809.83
511.00	763.01
512.00	748.97
513.00	716.20
514.00	767.70
515.00	784.08
516.00	805.14
517.00	739.61
518.00	809.83
519.00	741.95
520.00	716.20
521.00	732.59
522.00	755.99
523.00	709.18
524.00	770.04
525.00	704.50
526.00	739.61
527.00	765.36
528.00	767.70
529.00	709.18
530.00	849.61
531.00	741.95
532.00	683.44
533.00	737.27
534.00	821.53
535.00	788.76
536.00	774.72
537.00	854.30
538.00	784.08
539.00	685.78
540.00	828.55
541.00	763.01
542.00	744.29
543.00	770.04
544.00	772.38
545.00	844.93
546.00	744.29
547.00	699.82
548.00	753.65
549.00	758.33
550.00	788.76
551.00	765.36
552.00	748.97
553.00	734.93
554.00	748.97
555.00	823.87
556.00	716.20
557.00	739.61
558.00	741.95
559.00	748.97
560.00	772.38
561.00	727.91
562.00	828.55
563.00	695.14
564.00	739.61
565.00	720.88
566.00	723.23
567.00	753.65
568.00	760.67
569.00	723.23
570.00	723.23
571.00	779.40
572.00	741.95
573.00	739.61
574.00	723.23
575.00	784.08
576.00	772.38
577.00	800.46
578.00	699.82
579.00	720.88
580.00	723.23
581.00	770.04
582.00	816.85
583.00	753.65
584.00	791.10
585.00	842.59
586.00	812.17
587.00	763.01
588.00	777.06
589.00	774.72
590.00	730.25
591.00	681.10
592.00	760.67
593.00	784.08
594.00	671.73
595.00	695.14
596.00	732.59
597.00	777.06
598.00	791.10
599.00	704.50
600.00	730.25
601.00	753.65
602.00	767.70
603.00	798.12
604.00	746.63
605.00	758.33
606.00	772.38
607.00	763.01
608.00	753.65
609.00	746.63
610.00	777.06
611.00	720.88
612.00	727.91
613.00	828.55
614.00	798.12
615.00	786.42
616.00	753.65
617.00	809.83
618.00	718.54
619.00	739.61
620.00	730.25
621.00	739.61
622.00	805.14
623.00	681.10
624.00	777.06
625.00	788.76
626.00	823.87
627.00	781.74
628.00	781.74
629.00	786.42
630.00	753.65
631.00	695.14
632.00	793.44
633.00	741.95
634.00	758.33
635.00	779.40
636.00	748.97
637.00	793.44
638.00	720.88
639.00	753.65
640.00	772.38
641.00	725.57
642.00	823.87
643.00	732.59
644.00	730.25
645.00	805.14
646.00	779.40
647.00	692.80
648.00	800.46
649.00	784.08
650.00	755.99
651.00	795.78
652.00	795.78
653.00	809.83
654.00	744.29
655.00	718.54
656.00	704.50
657.00	842.59
658.00	711.52
659.00	770.04
660.00	748.97
661.00	770.04
662.00	770.04
663.00	734.93
664.00	744.29
665.00	748.97
666.00	772.38
667.00	739.61
668.00	786.42
669.00	816.85
670.00	777.06
671.00	781.74
672.00	744.29
673.00	777.06
674.00	748.97
675.00	835.57
676.00	807.48
677.00	753.65
678.00	793.44
679.00	795.78
680.00	784.08
681.00	814.51
682.00	774.72
683.00	751.31
684.00	734.93
685.00	805.14
686.00	744.29
687.00	716.20
688.00	741.95
689.00	730.25
690.00	784.08
691.00	725.57
692.00	765.36
693.00	753.65
694.00	737.27
695.00	746.63
696.00	774.72
697.00	751.31
698.00	706.84
699.00	725.57
700.00	826.21
701.00	800.46
702.00	805.14
703.00	800.46
704.00	741.95
705.00	758.33
706.00	784.08
707.00	821.53
708.00	777.06
709.00	772.38
710.00	755.99
711.00	760.67
712.00	779.40
713.00	819.19
714.00	699.82
715.00	793.44
716.00	772.38
717.00	748.97
718.00	791.10
719.00	753.65
720.00	753.65
721.00	800.46
722.00	765.36
723.00	751.31
724.00	772.38
725.00	802.80
726.00	861.32
727.00	798.12
728.00	744.29
729.00	748.97
730.00	809.83
731.00	734.93
732.00	821.53
733.00	809.83
734.00	753.65
735.00	894.08
736.00	847.27
737.00	844.93
738.00	788.76
739.00	826.21
740.00	753.65
741.00	791.10
742.00	683.44
743.00	798.12
744.00	774.72
745.00	821.53
746.00	748.97
747.00	702.16
748.00	732.59
749.00	805.14
750.00	788.76
751.00	767.70
752.00	833.23
753.00	713.86
754.00	837.91
755.00	760.67
756.00	807.48
757.00	763.01
758.00	770.04
759.00	760.67
760.00	732.59
761.00	812.17
762.00	788.76
763.00	800.46
764.00	835.57
765.00	807.48
766.00	805.14
767.00	755.99
768.00	767.70
769.00	727.91
770.00	763.01
771.00	765.36
772.00	695.14
773.00	816.85
774.00	835.57
775.00	765.36
776.00	763.01
777.00	763.01
778.00	788.76
779.00	814.51
780.00	751.31
781.00	765.36
782.00	826.21
783.00	875.36
784.00	866.00
785.00	763.01
786.00	777.06
787.00	784.08
788.00	760.67
789.00	802.80
790.00	664.71
791.00	739.61
792.00	734.93
793.00	748.97
794.00	856.64
795.00	809.83
796.00	793.44
797.00	784.08
798.00	777.06
799.00	779.40
800.00	753.65
801.00	784.08
802.00	770.04
803.00	802.80
804.00	781.74
805.00	791.10
806.00	777.06
807.00	760.67
808.00	840.25
809.00	763.01
810.00	805.14
811.00	816.85
812.00	779.40
813.00	688.12
814.00	753.65
815.00	755.99
816.00	779.40
817.00	786.42
818.00	844.93
819.00	781.74
820.00	765.36
821.00	748.97
822.00	760.67
823.00	791.10
824.00	770.04
825.00	763.01
826.00	737.27
827.00	744.29
828.00	772.38
829.00	807.48
830.00	821.53
831.00	748.97
832.00	805.14
833.00	798.12
834.00	748.97
835.00	812.17
836.00	753.65
837.00	809.83
838.00	840.25
839.00	791.10
840.00	784.08
841.00	791.10
842.00	791.10
843.00	770.04
844.00	713.86
845.00	753.65
846.00	866.00
847.00	798.12
848.00	791.10
849.00	746.63
850.00	814.51
851.00	763.01
852.00	758.33
853.00	840.25
854.00	802.80
855.00	851.96
856.00	765.36
857.00	702.16
858.00	767.70
859.00	828.55
860.00	786.42
861.00	741.95
862.00	744.29
863.00	725.57
864.00	798.12
865.00	809.83
866.00	767.70
867.00	798.12
868.00	826.21
869.00	751.31
870.00	781.74
871.00	798.12
872.00	833.23
873.00	758.33
874.00	772.38
875.00	795.78
876.00	779.40
877.00	837.91
878.00	725.57
879.00	805.14
880.00	795.78
881.00	723.23
882.00	751.31
883.00	809.83
884.00	842.59
885.00	788.76
886.00	798.12
887.00	765.36
888.00	765.36
889.00	795.78
890.00	802.80
891.00	821.53
892.00	772.38
893.00	779.40
894.00	774.72
895.00	758.33
896.00	809.83
897.00	786.42
898.00	739.61
899.00	770.04
900.00	868.34
901.00	781.74
902.00	812.17
903.00	753.65
904.00	758.33
905.00	842.59
906.00	898.77
907.00	866.00
908.00	889.40
909.00	866.00
910.00	854.30
911.00	812.17
912.00	854.30
913.00	987.71
914.00	1008.77
915.00	933.87
916.00	903.45
917.00	854.30
918.00	826.21
919.00	788.76
920.00	812.17
921.00	777.06
922.00	840.25
923.00	849.61
924.00	772.38
925.00	786.42
926.00	772.38
927.00	863.66
928.00	751.31
929.00	826.21
930.00	823.87
931.00	807.48
932.00	823.87
933.00	702.16
934.00	833.23
935.00	847.27
936.00	819.19
937.00	807.48
938.00	833.23
939.00	793.44
940.00	837.91
941.00	786.42
942.00	760.67
943.00	833.23
944.00	826.21
945.00	802.80
946.00	1050.90
947.00	1591.56
948.00	1989.46
949.00	1767.10
950.00	1390.28
951.00	1308.36
952.00	1212.40
953.00	1022.81
954.00	903.45
955.00	814.51
956.00	751.31
957.00	887.06
958.00	802.80
959.00	805.14
960.00	751.31
961.00	774.72
962.00	833.23
963.00	732.59
964.00	795.78
965.00	763.01
966.00	786.42
967.00	748.97
968.00	802.80
969.00	781.74
970.00	842.59
971.00	814.51
972.00	851.96
973.00	809.83
974.00	821.53
975.00	784.08
976.00	732.59
977.00	777.06
978.00	777.06
979.00	812.17
980.00	835.57
981.00	812.17
982.00	748.97
983.00	744.29
984.00	770.04
985.00	774.72
986.00	746.63
987.00	802.80
988.00	763.01
989.00	798.12
990.00	777.06
991.00	770.04
992.00	660.03
993.00	763.01
994.00	774.72
995.00	713.86
996.00	760.67
997.00	791.10
998.00	786.42
999.00	788.76
1000.00	816.85
1001.00	746.63
1002.00	835.57
1003.00	814.51
1004.00	819.19
1005.00	816.85
1006.00	793.44
1007.00	816.85
1008.00	826.21
1009.00	805.14
1010.00	770.04
1011.00	758.33
1012.00	763.01
1013.00	809.83
1014.00	767.70
1015.00	791.10
1016.00	793.44
1017.00	772.38
1018.00	702.16
1019.00	798.12
1020.00	800.46
1021.00	791.10
1022.00	763.01
1023.00	814.51
1024.00	777.06
1025.00	823.87
1026.00	753.65
1027.00	784.08
1028.00	809.83
1029.00	786.42
1030.00	718.54
1031.00	856.64
1032.00	844.93
1033.00	753.65
1034.00	793.44
1035.00	772.38
1036.00	837.91
1037.00	802.80
1038.00	723.23
1039.00	842.59
1040.00	786.42
1041.00	779.40
1042.00	772.38
1043.00	791.10
1044.00	814.51
1045.00	896.43
1046.00	891.74
1047.00	812.17
1048.00	821.53
1049.00	699.82
1050.00	798.12
1051.00	791.10
1052.00	716.20
1053.00	784.08
1054.00	770.04
1055.00	795.78
1056.00	800.46
1057.00	772.38
1058.00	767.70
1059.00	793.44
1060.00	793.44
1061.00	798.12
1062.00	760.67
1063.00	807.48
1064.00	788.76
1065.00	774.72
1066.00	814.51
1067.00	732.59
1068.00	788.76
1069.00	772.38
1070.00	821.53
1071.00	805.14
1072.00	753.65
1073.00	793.44
1074.00	755.99
1075.00	779.40
1076.00	828.55
1077.00	798.12
1078.00	770.04
1079.00	802.80
1080.00	795.78
1081.00	732.59
1082.00	805.14
1083.00	828.55
1084.00	835.57
1085.00	786.42
1086.00	826.21
1087.00	753.65
1088.00	772.38
1089.00	800.46
1090.00	720.88
1091.00	795.78
1092.00	770.04
1093.00	751.31
1094.00	753.65
1095.00	807.48
1096.00	826.21
1097.00	772.38
1098.00	856.64
1099.00	795.78
1100.00	755.99
1101.00	844.93
1102.00	814.51
1103.00	814.51
1104.00	835.57
1105.00	812.17
1106.00	791.10
1107.00	791.10
1108.00	791.10
1109.00	814.51
1110.00	837.91
1111.00	748.97
1112.00	791.10
1113.00	753.65
1114.00	770.04
1115.00	772.38
1116.00	828.55
1117.00	723.23
1118.00	774.72
1119.00	763.01
1120.00	816.85
1121.00	847.27
1122.00	753.65
1123.00	847.27
1124.00	746.63
1125.00	833.23
1126.00	748.97
1127.00	765.36
1128.00	772.38
1129.00	781.74
1130.00	821.53
1131.00	910.47
1132.00	800.46
1133.00	791.10
1134.00	760.67
1135.00	781.74
1136.00	734.93
1137.00	854.30
1138.00	807.48
1139.00	734.93
1140.00	823.87
1141.00	802.80
1142.00	777.06
1143.00	798.12
1144.00	800.46
1145.00	758.33
1146.00	795.78
1147.00	774.72
1148.00	858.98
1149.00	793.44
1150.00	863.66
1151.00	823.87
1152.00	835.57
1153.00	851.96
1154.00	777.06
1155.00	767.70
1156.00	748.97
1157.00	844.93
1158.00	795.78
1159.00	840.25
1160.00	863.66
1161.00	816.85
1162.00	903.45
1163.00	912.81
1164.00	788.76
1165.00	851.96
1166.00	968.98
1167.00	1060.26
1168.00	1233.46
1169.00	1224.10
1170.00	1097.71
1171.00	1104.73
1172.00	1011.11
1173.00	964.30
1174.00	901.11
1175.00	894.08
1176.00	779.40
1177.00	866.00
1178.00	856.64
1179.00	835.57
1180.00	863.66
1181.00	816.85
1182.00	823.87
1183.00	826.21
1184.00	826.21
1185.00	786.42
1186.00	889.40
1187.00	915.15
1188.00	826.21
1189.00	781.74
1190.00	866.00
1191.00	802.80
1192.00	866.00
1193.00	959.62
1194.00	997.07
1195.00	931.53
1196.00	922.17
1197.00	954.94
1198.00	961.96
1199.00	924.51
1200.00	877.70
1201.00	987.71
1202.00	1114.10
1203.00	1156.22
1204.00	1095.37
1205.00	1053.24
1206.00	1050.90
1207.00	1032.18
1208.00	1029.84
1209.00	983.02
1210.00	1076.65
1211.00	910.47
1212.00	968.98
1213.00	980.68
1214.00	1048.56
1215.00	1149.20
1216.00	1273.25
1217.00	1329.42
1218.00	1537.73
1219.00	1743.70
1220.00	3215.90
1221.00	17724.88
1222.00	49350.20
1223.00	63709.38
1224.00	63002.54
1225.00	54649.17
1226.00	40652.76
1227.00	30808.47
1228.00	24788.61
1229.00	18101.70
1230.00	8746.58
1231.00	3639.53
1232.00	2040.95
1233.00	1570.50
1234.00	1383.26
1235.00	1364.53
1236.00	1252.19
1237.00	1156.22
1238.00	1090.69
1239.00	1469.86
1240.00	3141.00
1241.00	5324.72
1242.00	6665.85
1243.00	5526.00
1244.00	4290.20
1245.00	3225.26
1246.00	2689.28
1247.00	2377.98
1248.00	1633.69
1249.00	1139.84
1250.00	985.37
1251.00	938.55
1252.00	957.28
1253.00	1015.79
1254.00	1083.67
1255.00	1071.97
1256.00	1036.86
1257.00	1022.81
1258.00	1067.28
1259.00	985.37
1260.00	954.94
1261.00	1029.84
1262.00	889.40
1263.00	978.34
1264.00	889.40
1265.00	873.02
1266.00	875.36
1267.00	905.79
1268.00	788.76
1269.00	908.13
1270.00	814.51
1271.00	866.00
1272.00	842.59
1273.00	917.49
1274.00	835.57
1275.00	844.93
1276.00	936.21
1277.00	887.06
1278.00	990.05
1279.00	2289.04
1280.00	6003.47
1281.00	10050.26
1282.00	11414.79
1283.00	8805.10
1284.00	6473.92
1285.00	4812.14
1286.00	4100.62
1287.00	3365.69
1288.00	2108.82
1289.00	1320.06
1290.00	966.64
1291.00	912.81
1292.00	901.11
1293.00	971.32
1294.00	912.81
1295.00	919.83
1296.00	912.81
1297.00	877.70
1298.00	1004.09
1299.00	1540.07
1300.00	2375.64
1301.00	3098.87
1302.00	2925.67
1303.00	2361.60
1304.00	1727.32
1305.00	1519.01
1306.00	1441.77
1307.00	1217.08
1308.00	990.05
1309.00	992.39
1310.00	924.51
1311.00	901.11
1312.00	896.43
1313.00	873.02
1314.00	812.17
1315.00	809.83
1316.00	887.06
1317.00	763.01
1318.00	868.34
1319.00	814.51
1320.00	828.55
1321.00	809.83
1322.00	828.55
1323.00	880.04
1324.00	814.51
1325.00	777.06
1326.00	866.00
1327.00	828.55
1328.00	734.93
1329.00	826.21
1330.00	819.19
1331.00	807.48
1332.00	908.13
1333.00	1046.22
1334.00	1760.08
1335.00	2771.19
1336.00	3454.63
1337.00	2979.50
1338.00	2380.32
1339.00	1940.30
1340.00	1685.19
1341.00	1474.54
1342.00	1266.23
1343.00	973.66
1344.00	884.72
1345.00	840.25
1346.00	833.23
1347.00	835.57
1348.00	830.89
1349.00	877.70
1350.00	753.65
1351.00	837.91
1352.00	809.83
1353.00	842.59
1354.00	842.59
1355.00	770.04
1356.00	851.96
1357.00	938.55
1358.00	858.98
1359.00	861.32
1360.00	950.26
1361.00	1006.43
1362.00	2246.91
1363.00	5533.03
1364.00	8812.12
1365.00	9472.15
1366.00	7358.64
1367.00	5441.75
1368.00	4231.69
1369.00	3421.86
1370.00	2745.45
1371.00	1732.00
1372.00	1273.25
1373.00	1025.15
1374.00	987.71
1375.00	1165.59
1376.00	2801.62
1377.00	8564.02
1378.00	14963.04
1379.00	16996.97
1380.00	12898.69
1381.00	9460.45
1382.00	6897.56
1383.00	5596.22
1384.00	4409.57
1385.00	2614.38
1386.00	1563.48
1387.00	1142.18
1388.00	954.94
1389.00	847.27
1390.00	887.06
1391.00	976.00
1392.00	961.96
1393.00	894.08
1394.00	936.21
1395.00	905.79
1396.00	917.49
1397.00	961.96
1398.00	1064.94
1399.00	1214.74
1400.00	1294.32
1401.00	1221.76
1402.00	1071.97
1403.00	1142.18
1404.00	1174.95
1405.00	1217.08
1406.00	2043.29
1407.00	7784.62
1408.00	18850.67
1409.00	27681.52
1410.00	24893.94
1411.00	18017.44
1412.00	12233.98
1413.00	9565.77
1414.00	7665.25
1415.00	5212.37
1416.00	2658.85
1417.00	1547.09
1418.00	1221.76
1419.00	1156.22
1420.00	1863.07
1421.00	4231.69
1422.00	6724.36
1423.00	7384.39
1424.00	5818.57
1425.00	4152.11
1426.00	3201.85
1427.00	2740.77
1428.00	2282.02
1429.00	1549.43
1430.00	1071.97
1431.00	990.05
1432.00	842.59
1433.00	840.25
1434.00	877.70
1435.00	957.28
1436.00	917.49
1437.00	905.79
1438.00	828.55
1439.00	868.34
1440.00	812.17
1441.00	861.32
1442.00	858.98
1443.00	791.10
1444.00	765.36
1445.00	816.85
1446.00	819.19
1447.00	875.36
1448.00	856.64
1449.00	849.61
1450.00	849.61
1451.00	894.08
1452.00	861.32
1453.00	882.38
1454.00	950.26
1455.00	1273.25
1456.00	2345.22
1457.00	3999.98
1458.00	4910.44
1459.00	3929.76
1460.00	3021.63
1461.00	2293.72
1462.00	1977.75
1463.00	1675.82
1464.00	1266.23
1465.00	1004.09
1466.00	882.38
1467.00	887.06
1468.00	795.78
1469.00	854.30
1470.00	844.93
1471.00	812.17
1472.00	786.42
1473.00	835.57
1474.00	793.44
1475.00	774.72
1476.00	828.55
1477.00	851.96
1478.00	851.96
1479.00	842.59
1480.00	851.96
1481.00	821.53
1482.00	830.89
1483.00	950.26
1484.00	903.45
1485.00	917.49
1486.00	924.51
1487.00	1135.16
1488.00	3513.14
1489.00	8788.71
1490.00	14115.77
1491.00	14272.59
1492.00	10303.04
1493.00	7470.99
1494.00	5390.25
1495.00	4629.58
1496.00	3300.16
1497.00	1881.79
1498.00	1252.19
1499.00	1022.81
1500.00	854.30
1501.00	922.17
1502.00	798.12
1503.00	929.19
1504.00	891.74
1505.00	858.98
1506.00	807.48
1507.00	842.59
1508.00	863.66
1509.00	866.00
1510.00	863.66
1511.00	837.91
1512.00	840.25
1513.00	1074.31
1514.00	2064.35
1515.00	3461.65
1516.00	4287.86
1517.00	3634.85
1518.00	2787.58
1519.00	2139.25
1520.00	1930.94
1521.00	1706.25
1522.00	1256.87
1523.00	1022.81
1524.00	873.02
1525.00	868.34
1526.00	889.40
1527.00	819.19
1528.00	898.77
1529.00	861.32
1530.00	936.21
1531.00	908.13
1532.00	1095.37
1533.00	1966.05
1534.00	5128.11
1535.00	8922.12
1536.00	10544.11
1537.00	8156.77
1538.00	5792.83
1539.00	4248.07
1540.00	3571.66
1541.00	2747.79
1542.00	1825.62
1543.00	1268.57
1544.00	973.66
1545.00	924.51
1546.00	835.57
1547.00	842.59
1548.00	863.66
1549.00	887.06
1550.00	894.08
1551.00	842.59
1552.00	926.85
1553.00	849.61
1554.00	844.93
1555.00	844.93
1556.00	861.32
1557.00	849.61
1558.00	938.55
1559.00	931.53
1560.00	903.45
1561.00	889.40
1562.00	912.81
1563.00	983.02
1564.00	1067.28
1565.00	1247.51
1566.00	4236.37
1567.00	11222.87
1568.00	17909.78
1569.00	18335.76
1570.00	13198.28
1571.00	9554.07
1572.00	6993.52
1573.00	5788.14
1574.00	4037.42
1575.00	2459.90
1576.00	1568.16
1577.00	1352.83
1578.00	1748.38
1579.00	6342.85
1580.00	17205.28
1581.00	28545.17
1582.00	29961.20
1583.00	21160.78
1584.00	14796.87
1585.00	10864.77
1586.00	8659.98
1587.00	5912.19
1588.00	3255.69
1589.00	1729.66
1590.00	1181.97
1591.00	1036.86
1592.00	936.21
1593.00	898.77
1594.00	952.60
1595.00	915.15
1596.00	901.11
1597.00	849.61
1598.00	826.21
1599.00	884.72
1600.00	856.64
1601.00	861.32
1602.00	856.64
1603.00	777.06
1604.00	816.85
1605.00	784.08
1606.00	786.42
1607.00	819.19
1608.00	779.40
1609.00	828.55
1610.00	903.45
1611.00	830.89
1612.00	882.38
1613.00	798.12
1614.00	774.72
1615.00	882.38
1616.00	786.42
1617.00	741.95
1618.00	809.83
1619.00	837.91
1620.00	730.25
1621.00	905.79
1622.00	821.53
1623.00	889.40
1624.00	758.33
1625.00	786.42
1626.00	823.87
1627.00	821.53
1628.00	833.23
1629.00	748.97
1630.00	819.19
1631.00	840.25
1632.00	798.12
1633.00	704.50
1634.00	823.87
1635.00	763.01
1636.00	779.40
1637.00	922.17
1638.00	800.46
1639.00	840.25
1640.00	791.10
1641.00	835.57
1642.00	791.10
1643.00	858.98
1644.00	830.89
1645.00	800.46
1646.00	858.98
1647.00	837.91
1648.00	847.27
1649.00	1193.67
1650.00	2565.23
1651.00	7328.22
1652.00	13022.74
1653.00	16027.99
1654.00	12493.78
1655.00	9064.89
1656.00	6595.63
1657.00	5116.41
1658.00	3775.28
1659.00	2338.20
1660.00	1519.01
1661.00	1095.37
1662.00	1011.11
1663.00	898.77
1664.00	851.96
1665.00	812.17
1666.00	802.80
1667.00	849.61
1668.00	1235.80
1669.00	2647.15
1670.00	4461.06
1671.00	5820.91
1672.00	5315.36
1673.00	3913.38
1674.00	3056.74
1675.00	2373.30
1676.00	1949.67
1677.00	1392.62
1678.00	1081.33
1679.00	917.49
1680.00	851.96
1681.00	835.57
1682.00	777.06
1683.00	791.10
1684.00	807.48
1685.00	823.87
1686.00	781.74
1687.00	763.01
1688.00	793.44
1689.00	851.96
1690.00	763.01
1691.00	866.00
1692.00	800.46
1693.00	795.78
1694.00	786.42
1695.00	786.42
1696.00	746.63
1697.00	772.38
1698.00	784.08
1699.00	788.76
1700.00	784.08
1701.00	732.59
1702.00	737.27
1703.00	802.80
1704.00	880.04
1705.00	751.31
1706.00	819.19
1707.00	713.86
1708.00	725.57
1709.00	767.70
1710.00	833.23
1711.00	826.21
1712.00	777.06
1713.00	781.74
1714.00	1446.45
1715.00	3321.22
1716.00	6167.31
1717.00	7903.99
1718.00	7042.67
1719.00	5411.32
1720.00	3997.64
1721.00	2960.78
1722.00	2349.90
1723.00	1636.03
1724.00	1149.20
1725.00	994.73
1726.00	828.55
1727.00	807.48
1728.00	777.06
1729.00	851.96
1730.00	821.53
1731.00	819.19
1732.00	807.48
1733.00	788.76
1734.00	786.42
1735.00	802.80
1736.00	807.48
1737.00	786.42
1738.00	760.67
1739.00	765.36
1740.00	734.93
1741.00	781.74
1742.00	791.10
1743.00	767.70
1744.00	798.12
1745.00	751.31
1746.00	720.88
1747.00	781.74
1748.00	798.12
1749.00	830.89
1750.00	760.67
1751.00	781.74
1752.00	809.83
1753.00	812.17
1754.00	828.55
1755.00	788.76
1756.00	758.33
1757.00	912.81
1758.00	919.83
1759.00	802.80
1760.00	821.53
1761.00	777.06
1762.00	784.08
1763.00	800.46
1764.00	908.13
1765.00	807.48
1766.00	856.64
1767.00	847.27
1768.00	884.72
1769.00	1046.22
1770.00	2094.78
1771.00	5600.90
1772.00	10614.33
1773.00	13628.94
1774.00	11864.18
1775.00	8741.90
1776.00	6382.64
1777.00	4559.36
1778.00	3005.25
1779.00	1996.48
1780.00	1385.60
1781.00	1100.05
1782.00	973.66
1783.00	954.94
1784.00	884.72
1785.00	835.57
1786.00	791.10
1787.00	826.21
1788.00	807.48
1789.00	800.46
1790.00	868.34
1791.00	814.51
1792.00	788.76
1793.00	763.01
1794.00	814.51
1795.00	856.64
1796.00	849.61
1797.00	1032.18
1798.00	2235.21
1799.00	4908.10
1800.00	8067.83
1801.00	8908.08
1802.00	7063.74
1803.00	5291.95
1804.00	3843.16
1805.00	2532.46
1806.00	1788.17
1807.00	1299.00
1808.00	1029.84
1809.00	940.90
1810.00	795.78
1811.00	842.59
1812.00	809.83
1813.00	861.32
1814.00	837.91
1815.00	779.40
1816.00	760.67
1817.00	837.91
1818.00	800.46
1819.00	788.76
1820.00	770.04
1821.00	791.10
1822.00	868.34
1823.00	753.65
1824.00	781.74
1825.00	866.00
1826.00	772.38
1827.00	889.40
1828.00	894.08
1829.00	880.04
1830.00	800.46
1831.00	755.99
1832.00	781.74
1833.00	821.53
1834.00	741.95
1835.00	856.64
1836.00	758.33
1837.00	755.99
1838.00	711.52
1839.00	753.65
1840.00	709.18
1841.00	704.50
1842.00	746.63
1843.00	711.52
1844.00	821.53
1845.00	828.55
1846.00	706.84
1847.00	678.76
1848.00	791.10
1849.00	765.36
1850.00	744.29
1851.00	805.14
1852.00	725.57
1853.00	739.61
1854.00	763.01
1855.00	737.27
1856.00	734.93
1857.00	795.78
1858.00	713.86
1859.00	741.95
1860.00	781.74
1861.00	793.44
1862.00	720.88
1863.00	753.65
1864.00	798.12
1865.00	718.54
1866.00	777.06
1867.00	737.27
1868.00	753.65
1869.00	746.63
1870.00	739.61
1871.00	685.78
1872.00	704.50
1873.00	681.10
1874.00	774.72
1875.00	739.61
1876.00	746.63
1877.00	751.31
1878.00	753.65
1879.00	751.31
1880.00	730.25
1881.00	734.93
1882.00	786.42
1883.00	781.74
1884.00	807.48
1885.00	770.04
1886.00	770.04
1887.00	706.84
1888.00	800.46
1889.00	760.67
1890.00	725.57
1891.00	746.63
1892.00	732.59
1893.00	772.38
1894.00	739.61
1895.00	720.88
1896.00	720.88
1897.00	699.82
1898.00	748.97
1899.00	777.06
1900.00	779.40
1901.00	765.36
1902.00	713.86
1903.00	730.25
1904.00	802.80
1905.00	800.46
1906.00	755.99
1907.00	791.10
1908.00	732.59
1909.00	873.02
1910.00	812.17
1911.00	868.34
1912.00	823.87
1913.00	861.32
1914.00	793.44
1915.00	763.01
1916.00	744.29
1917.00	795.78
1918.00	730.25
1919.00	798.12
1920.00	777.06
1921.00	748.97
1922.00	758.33
1923.00	763.01
1924.00	737.27
1925.00	779.40
1926.00	723.23
1927.00	758.33
1928.00	784.08
1929.00	798.12
1930.00	812.17
1931.00	763.01
1932.00	760.67
1933.00	774.72
1934.00	758.33
1935.00	730.25
1936.00	641.31
1937.00	784.08
1938.00	777.06
1939.00	702.16
1940.00	718.54
1941.00	770.04
1942.00	772.38
1943.00	758.33
1944.00	734.93
1945.00	748.97
1946.00	802.80
1947.00	800.46
1948.00	830.89
1949.00	802.80
1950.00	732.59
1951.00	849.61
1952.00	976.00
1953.00	2125.21
1954.00	4552.34
1955.00	6874.15
1956.00	7892.29
1957.00	5621.97
1958.00	3641.87
1959.00	2333.51
1960.00	1643.06
1961.00	1266.23
1962.00	1020.47
1963.00	1004.09
1964.00	849.61
1965.00	847.27
1966.00	779.40
1967.00	753.65
1968.00	798.12
1969.00	741.95
1970.00	812.17
1971.00	798.12
1972.00	828.55
1973.00	755.99
1974.00	821.53
1975.00	765.36
1976.00	772.38
1977.00	791.10
1978.00	760.67
1979.00	784.08
1980.00	858.98
1981.00	1067.28
1982.00	1146.86
1983.00	1210.06
1984.00	1090.69
1985.00	959.62
1986.00	952.60
1987.00	816.85
1988.00	751.31
1989.00	791.10
1990.00	763.01
1991.00	826.21
1992.00	760.67
1993.00	816.85
1994.00	770.04
1995.00	753.65
1996.00	767.70
1997.00	795.78
1998.00	779.40
1999.00	774.72
2000.00	725.57
2001.00	772.38
2002.00	746.63
2003.00	802.80
2004.00	760.67
2005.00	791.10
2006.00	814.51
2007.00	739.61
2008.00	763.01
2009.00	746.63
2010.00	741.95
2011.00	814.51
2012.00	770.04
2013.00	863.66
2014.00	788.76
2015.00	798.12
2016.00	723.23
2017.00	791.10
2018.00	751.31
2019.00	765.36
2020.00	774.72
2021.00	767.70
2022.00	788.76
2023.00	795.78
2024.00	896.43
2025.00	1043.88
2026.00	1167.93
2027.00	1231.12
2028.00	1088.35
2029.00	1100.05
2030.00	2204.78
2031.00	6122.84
2032.00	11129.25
2033.00	14930.28
2034.00	13507.23
2035.00	9095.32
2036.00	6083.05
2037.00	3847.84
2038.00	2562.89
2039.00	1750.72
2040.00	1238.14
2041.00	1032.18
2042.00	898.77
2043.00	894.08
2044.00	816.85
2045.00	854.30
2046.00	823.87
2047.00	819.19
