0.00	695.14
1.00	695.14
2.00	695.14
3.00	535.98
4.00	599.18
5.00	610.88
6.00	643.65
7.00	603.86
8.00	575.77
9.00	552.37
10.00	603.86
11.00	603.86
12.00	547.69
13.00	573.43
14.00	557.05
15.00	540.66
16.00	575.77
17.00	585.13
18.00	594.50
19.00	638.97
20.00	643.65
21.00	641.31
22.00	643.65
23.00	653.01
24.00	678.76
25.00	606.20
26.00	613.22
27.00	702.16
28.00	709.18
29.00	671.73
30.00	678.76
31.00	655.35
32.00	671.73
33.00	702.16
34.00	713.86
35.00	718.54
36.00	751.31
37.00	807.48
38.00	685.78
39.00	779.40
40.00	751.31
41.00	704.50
42.00	779.40
43.00	795.78
44.00	748.97
45.00	730.25
46.00	741.95
47.00	741.95
48.00	704.50
49.00	767.70
50.00	777.06
51.00	816.85
52.00	772.38
53.00	784.08
54.00	699.82
55.00	772.38
56.00	748.97
57.00	711.52
58.00	732.59
59.00	760.67
60.00	795.78
61.00	688.12
62.00	709.18
63.00	758.33
64.00	753.65
65.00	681.10
66.00	746.63
67.00	772.38
68.00	676.41
69.00	718.54
70.00	748.97
71.00	753.65
72.00	751.31
73.00	692.80
74.00	737.27
75.00	739.61
76.00	667.05
77.00	727.91
78.00	676.41
79.00	683.44
80.00	720.88
81.00	737.27
82.00	739.61
83.00	688.12
84.00	716.20
85.00	664.71
86.00	751.31
87.00	763.01
88.00	777.06
89.00	777.06
90.00	777.06
91.00	667.05
92.00	772.38
93.00	730.25
94.00	755.99
95.00	739.61
96.00	657.69
97.00	744.29
98.00	786.42
99.00	725.57
100.00	660.03
101.00	706.84
102.00	676.41
103.00	737.27
104.00	779.40
105.00	751.31
106.00	753.65
107.00	812.17
108.00	678.76
109.00	777.06
110.00	772.38
111.00	711.52
112.00	765.36
113.00	788.76
114.00	706.84
115.00	720.88
116.00	702.16
117.00	706.84
118.00	709.18
119.00	720.88
120.00	734.93
121.00	688.12
122.00	784.08
123.00	678.76
124.00	716.20
125.00	730.25
126.00	746.63
127.00	765.36
128.00	702.16
129.00	734.93
130.00	711.52
131.00	746.63
132.00	748.97
133.00	823.87
134.00	716.20
135.00	716.20
136.00	777.06
137.00	765.36
138.00	718.54
139.00	734.93
140.00	697.48
141.00	755.99
142.00	744.29
143.00	786.42
144.00	730.25
145.00	690.46
146.00	746.63
147.00	741.95
148.00	753.65
149.00	725.57
150.00	748.97
151.00	741.95
152.00	727.91
153.00	807.48
154.00	730.25
155.00	692.80
156.00	732.59
157.00	732.59
158.00	748.97
159.00	739.61
160.00	706.84
161.00	805.14
162.00	702.16
163.00	798.12
164.00	730.25
165.00	704.50
166.00	718.54
167.00	770.04
168.00	711.52
169.00	678.76
170.00	709.18
171.00	678.76
172.00	737.27
173.00	727.91
174.00	695.14
175.00	767.70
176.00	784.08
177.00	737.27
178.00	723.23
179.00	734.93
180.00	751.31
181.00	809.83
182.00	723.23
183.00	720.88
184.00	720.88
185.00	791.10
186.00	695.14
187.00	739.61
188.00	734.93
189.00	716.20
190.00	718.54
191.00	709.18
192.00	739.61
193.00	760.67
194.00	763.01
195.00	725.57
196.00	788.76
197.00	812.17
198.00	727.91
199.00	744.29
200.00	763.01
201.00	709.18
202.00	781.74
203.00	784.08
204.00	702.16
205.00	704.50
206.00	777.06
207.00	730.25
208.00	699.82
209.00	737.27
210.00	795.78
211.00	805.14
212.00	772.38
213.00	744.29
214.00	763.01
215.00	781.74
216.00	741.95
217.00	711.52
218.00	720.88
219.00	786.42
220.00	777.06
221.00	784.08
222.00	765.36
223.00	741.95
224.00	741.95
225.00	718.54
226.00	718.54
227.00	723.23
228.00	655.35
229.00	779.40
230.00	725.57
231.00	683.44
232.00	702.16
233.00	681.10
234.00	748.97
235.00	697.48
236.00	741.95
237.00	744.29
238.00	706.84
239.00	650.67
240.00	695.14
241.00	741.95
242.00	662.37
243.00	781.74
244.00	737.27
245.00	737.27
246.00	755.99
247.00	741.95
248.00	779.40
249.00	821.53
250.00	730.25
251.00	676.41
252.00	727.91
253.00	751.31
254.00	830.89
255.00	784.08
256.00	788.76
257.00	718.54
258.00	760.67
259.00	856.64
260.00	781.74
261.00	774.72
262.00	751.31
263.00	709.18
264.00	690.46
265.00	781.74
266.00	758.33
267.00	772.38
268.00	779.40
269.00	816.85
270.00	772.38
271.00	819.19
272.00	784.08
273.00	814.51
274.00	812.17
275.00	816.85
276.00	830.89
277.00	802.80
278.00	795.78
279.00	786.42
280.00	807.48
281.00	723.23
282.00	774.72
283.00	692.80
284.00	739.61
285.00	716.20
286.00	777.06
287.00	758.33
288.00	716.20
289.00	744.29
290.00	713.86
291.00	746.63
292.00	751.31
293.00	748.97
294.00	763.01
295.00	779.40
296.00	730.25
297.00	777.06
298.00	767.70
299.00	765.36
300.00	713.86
301.00	692.80
302.00	718.54
303.00	732.59
304.00	716.20
305.00	765.36
306.00	758.33
307.00	720.88
308.00	840.25
309.00	812.17
310.00	837.91
311.00	734.93
312.00	777.06
313.00	795.78
314.00	744.29
315.00	772.38
316.00	725.57
317.00	709.18
318.00	723.23
319.00	718.54
320.00	732.59
321.00	741.95
322.00	713.86
323.00	732.59
324.00	716.20
325.00	662.37
326.00	725.57
327.00	751.31
328.00	816.85
329.00	751.31
330.00	751.31
331.00	751.31
332.00	791.10
333.00	730.25
334.00	758.33
335.00	725.57
336.00	753.65
337.00	697.48
338.00	709.18
339.00	751.31
340.00	706.84
341.00	713.86
342.00	772.38
343.00	725.57
344.00	653.01
345.00	767.70
346.00	758.33
347.00	706.84
348.00	812.17
349.00	849.61
350.00	873.02
351.00	830.89
352.00	706.84
353.00	816.85
354.00	732.59
355.00	695.14
356.00	727.91
357.00	781.74
358.00	748.97
359.00	781.74
360.00	660.03
361.00	777.06
362.00	784.08
363.00	753.65
364.00	730.25
365.00	720.88
366.00	692.80
367.00	748.97
368.00	713.86
369.00	744.29
370.00	807.48
371.00	751.31
372.00	763.01
373.00	744.29
374.00	720.88
375.00	809.83
376.00	730.25
377.00	734.93
378.00	723.23
379.00	741.95
380.00	767.70
381.00	734.93
382.00	718.54
383.00	744.29
384.00	758.33
385.00	739.61
386.00	819.19
387.00	774.72
388.00	737.27
389.00	767.70
390.00	690.46
391.00	758.33
392.00	667.05
393.00	669.39
394.00	730.25
395.00	774.72
396.00	683.44
397.00	723.23
398.00	767.70
399.00	723.23
400.00	767.70
401.00	760.67
402.00	746.63
403.00	741.95
404.00	788.76
405.00	800.46
406.00	758.33
407.00	730.25
408.00	723.23
409.00	777.06
410.00	765.36
411.00	725.57
412.00	760.67
413.00	755.99
414.00	734.93
415.00	720.88
416.00	826.21
417.00	807.48
418.00	753.65
419.00	781.74
420.00	702.16
421.00	805.14
422.00	758.33
423.00	751.31
424.00	737.27
425.00	746.63
426.00	781.74
427.00	741.95
428.00	716.20
429.00	755.99
430.00	814.51
431.00	772.38
432.00	674.07
433.00	683.44
434.00	774.72
435.00	798.12
436.00	692.80
437.00	711.52
438.00	716.20
439.00	774.72
440.00	741.95
441.00	683.44
442.00	812.17
443.00	737.27
444.00	828.55
445.00	765.36
446.00	772.38
447.00	819.19
448.00	851.96
449.00	739.61
450.00	737.27
451.00	786.42
452.00	805.14
453.00	732.59
454.00	784.08
455.00	720.88
456.00	772.38
457.00	781.74
458.00	746.63
459.00	739.61
460.00	833.23
461.00	830.89
462.00	723.23
463.00	748.97
464.00	770.04
465.00	699.82
466.00	868.34
467.00	760.67
468.00	732.59
469.00	713.86
470.00	760.67
471.00	760.67
472.00	744.29
473.00	779.40
474.00	734.93
475.00	744.29
476.00	772.38
477.00	777.06
478.00	723.23
479.00	763.01
480.00	774.72
481.00	788.76
482.00	760.67
483.00	732.59
484.00	732.59
485.00	795.78
486.00	772.38
487.00	788.76
488.00	697.48
489.00	826.21
490.00	816.85
491.00	779.40
492.00	819.19
493.00	807.48
494.00	746.63
495.00	828.55
496.00	805.14
497.00	770.04
498.00	765.36
499.00	858.98
500.00	711.52
501.00	856.64
502.00	779.40
503.00	748.97
504.00	774.72
505.00	755.99
506.00	751.31
507.00	816.85
508.00	814.51
509.00	706.84
510.00	765.36
511.00	737.27
512.00	760.67
513.00	718.54
514.00	767.70
515.00	741.95
516.00	765.36
517.00	739.61
518.00	755.99
519.00	751.31
520.00	758.33
521.00	830.89
522.00	807.48
523.00	826.21
524.00	772.38
525.00	819.19
526.00	688.12
527.00	676.41
528.00	739.61
529.00	751.31
530.00	741.95
531.00	807.48
532.00	716.20
533.00	812.17
534.00	788.76
535.00	744.29
536.00	737.27
537.00	772.38
538.00	732.59
539.00	748.97
540.00	784.08
541.00	755.99
542.00	758.33
543.00	716.20
544.00	758.33
545.00	791.10
546.00	732.59
547.00	667.05
548.00	770.04
549.00	809.83
550.00	732.59
551.00	847.27
552.00	720.88
553.00	709.18
554.00	763.01
555.00	690.46
556.00	746.63
557.00	732.59
558.00	791.10
559.00	805.14
560.00	713.86
561.00	758.33
562.00	737.27
563.00	718.54
564.00	770.04
565.00	699.82
566.00	730.25
567.00	732.59
568.00	706.84
569.00	732.59
570.00	746.63
571.00	798.12
572.00	786.42
573.00	692.80
574.00	802.80
575.00	774.72
576.00	760.67
577.00	763.01
578.00	777.06
579.00	746.63
580.00	791.10
581.00	751.31
582.00	683.44
583.00	751.31
584.00	795.78
585.00	772.38
586.00	847.27
587.00	758.33
588.00	770.04
589.00	709.18
590.00	758.33
591.00	744.29
592.00	760.67
593.00	741.95
594.00	748.97
595.00	751.31
596.00	739.61
597.00	718.54
598.00	720.88
599.00	695.14
600.00	732.59
601.00	751.31
602.00	774.72
603.00	774.72
604.00	739.61
605.00	737.27
606.00	739.61
607.00	746.63
608.00	699.82
609.00	781.74
610.00	807.48
611.00	753.65
612.00	723.23
613.00	777.06
614.00	763.01
615.00	739.61
616.00	748.97
617.00	763.01
618.00	851.96
619.00	727.91
620.00	851.96
621.00	777.06
622.00	737.27
623.00	748.97
624.00	755.99
625.00	816.85
626.00	770.04
627.00	758.33
628.00	685.78
629.00	746.63
630.00	830.89
631.00	727.91
632.00	758.33
633.00	779.40
634.00	723.23
635.00	774.72
636.00	683.44
637.00	784.08
638.00	814.51
639.00	765.36
640.00	835.57
641.00	748.97
642.00	760.67
643.00	713.86
644.00	798.12
645.00	781.74
646.00	800.46
647.00	877.70
648.00	763.01
649.00	751.31
650.00	777.06
651.00	734.93
652.00	751.31
653.00	812.17
654.00	781.74
655.00	807.48
656.00	788.76
657.00	800.46
658.00	793.44
659.00	814.51
660.00	805.14
661.00	767.70
662.00	866.00
663.00	800.46
664.00	734.93
665.00	706.84
666.00	835.57
667.00	826.21
668.00	866.00
669.00	807.48
670.00	781.74
671.00	819.19
672.00	786.42
673.00	748.97
674.00	788.76
675.00	744.29
676.00	807.48
677.00	819.19
678.00	772.38
679.00	784.08
680.00	753.65
681.00	734.93
682.00	805.14
683.00	802.80
684.00	741.95
685.00	793.44
686.00	732.59
687.00	760.67
688.00	767.70
689.00	770.04
690.00	746.63
691.00	683.44
692.00	807.48
693.00	840.25
694.00	765.36
695.00	734.93
696.00	784.08
697.00	786.42
698.00	765.36
699.00	830.89
700.00	709.18
701.00	772.38
702.00	727.91
703.00	774.72
704.00	781.74
705.00	772.38
706.00	760.67
707.00	826.21
708.00	805.14
709.00	758.33
710.00	732.59
711.00	781.74
712.00	709.18
713.00	767.70
714.00	723.23
715.00	765.36
716.00	765.36
717.00	760.67
718.00	807.48
719.00	718.54
720.00	809.83
721.00	774.72
722.00	751.31
723.00	748.97
724.00	791.10
725.00	807.48
726.00	896.43
727.00	765.36
728.00	746.63
729.00	807.48
730.00	835.57
731.00	809.83
732.00	784.08
733.00	798.12
734.00	816.85
735.00	816.85
736.00	793.44
737.00	816.85
738.00	833.23
739.00	798.12
740.00	826.21
741.00	805.14
742.00	798.12
743.00	763.01
744.00	786.42
745.00	758.33
746.00	734.93
747.00	814.51
748.00	823.87
749.00	826.21
750.00	784.08
751.00	807.48
752.00	718.54
753.00	748.97
754.00	835.57
755.00	781.74
756.00	819.19
757.00	732.59
758.00	816.85
759.00	802.80
760.00	819.19
761.00	861.32
762.00	821.53
763.00	800.46
764.00	767.70
765.00	798.12
766.00	800.46
767.00	791.10
768.00	809.83
769.00	791.10
770.00	744.29
771.00	730.25
772.00	791.10
773.00	784.08
774.00	758.33
775.00	777.06
776.00	765.36
777.00	777.06
778.00	758.33
779.00	746.63
780.00	807.48
781.00	791.10
782.00	840.25
783.00	819.19
784.00	800.46
785.00	777.06
786.00	819.19
787.00	835.57
788.00	814.51
789.00	844.93
790.00	784.08
791.00	786.42
792.00	795.78
793.00	807.48
794.00	774.72
795.00	802.80
796.00	741.95
797.00	718.54
798.00	821.53
799.00	849.61
800.00	800.46
801.00	763.01
802.00	821.53
803.00	765.36
804.00	777.06
805.00	805.14
806.00	840.25
807.00	819.19
808.00	786.42
809.00	840.25
810.00	833.23
811.00	765.36
812.00	802.80
813.00	812.17
814.00	758.33
815.00	774.72
816.00	758.33
817.00	795.78
818.00	823.87
819.00	833.23
820.00	774.72
821.00	744.29
822.00	819.19
823.00	802.80
824.00	814.51
825.00	851.96
826.00	812.17
827.00	863.66
828.00	802.80
829.00	784.08
830.00	777.06
831.00	816.85
832.00	753.65
833.00	781.74
834.00	805.14
835.00	884.72
836.00	795.78
837.00	828.55
838.00	816.85
839.00	858.98
840.00	758.33
841.00	835.57
842.00	800.46
843.00	835.57
844.00	830.89
845.00	781.74
846.00	777.06
847.00	755.99
848.00	809.83
849.00	805.14
850.00	767.70
851.00	753.65
852.00	737.27
853.00	837.91
854.00	805.14
855.00	807.48
856.00	786.42
857.00	744.29
858.00	774.72
859.00	819.19
860.00	840.25
861.00	784.08
862.00	802.80
863.00	863.66
864.00	758.33
865.00	800.46
866.00	772.38
867.00	777.06
868.00	835.57
869.00	781.74
870.00	870.68
871.00	767.70
872.00	770.04
873.00	727.91
874.00	807.48
875.00	821.53
876.00	751.31
877.00	711.52
878.00	833.23
879.00	849.61
880.00	772.38
881.00	788.76
882.00	807.48
883.00	793.44
884.00	809.83
885.00	856.64
886.00	863.66
887.00	866.00
888.00	856.64
889.00	842.59
890.00	823.87
891.00	788.76
892.00	812.17
893.00	777.06
894.00	791.10
895.00	816.85
896.00	779.40
897.00	819.19
898.00	826.21
899.00	741.95
900.00	854.30
901.00	896.43
902.00	784.08
903.00	814.51
904.00	781.74
905.00	809.83
906.00	912.81
907.00	943.24
908.00	877.70
909.00	866.00
910.00	842.59
911.00	849.61
912.00	891.74
913.00	954.94
914.00	912.81
915.00	901.11
916.00	908.13
917.00	875.36
918.00	844.93
919.00	882.38
920.00	720.88
921.00	826.21
922.00	837.91
923.00	814.51
924.00	812.17
925.00	763.01
926.00	791.10
927.00	823.87
928.00	758.33
929.00	793.44
930.00	798.12
931.00	858.98
932.00	793.44
933.00	798.12
934.00	802.80
935.00	823.87
936.00	821.53
937.00	830.89
938.00	765.36
939.00	779.40
940.00	730.25
941.00	812.17
942.00	882.38
943.00	805.14
944.00	779.40
945.00	880.04
946.00	1013.45
947.00	1619.65
948.00	2047.97
949.00	1900.52
950.00	1558.80
951.00	1380.92
952.00	1207.72
953.00	1151.54
954.00	940.90
955.00	821.53
956.00	798.12
957.00	786.42
958.00	786.42
959.00	828.55
960.00	779.40
961.00	844.93
962.00	805.14
963.00	875.36
964.00	835.57
965.00	816.85
966.00	840.25
967.00	866.00
968.00	767.70
969.00	830.89
970.00	802.80
971.00	784.08
972.00	868.34
973.00	734.93
974.00	727.91
975.00	821.53
976.00	807.48
977.00	751.31
978.00	791.10
979.00	732.59
980.00	821.53
981.00	765.36
982.00	805.14
983.00	809.83
984.00	741.95
985.00	751.31
986.00	774.72
987.00	861.32
988.00	819.19
989.00	833.23
990.00	802.80
991.00	798.12
992.00	753.65
993.00	802.80
994.00	809.83
995.00	823.87
996.00	795.78
997.00	737.27
998.00	777.06
999.00	779.40
1000.00	791.10
1001.00	828.55
1002.00	814.51
1003.00	767.70
1004.00	767.70
1005.00	781.74
1006.00	880.04
1007.00	828.55
1008.00	795.78
1009.00	788.76
1010.00	791.10
1011.00	835.57
1012.00	819.19
1013.00	819.19
1014.00	814.51
1015.00	802.80
1016.00	830.89
1017.00	819.19
1018.00	795.78
1019.00	763.01
1020.00	826.21
1021.00	833.23
1022.00	802.80
1023.00	835.57
1024.00	784.08
1025.00	819.19
1026.00	795.78
1027.00	741.95
1028.00	805.14
1029.00	763.01
1030.00	816.85
1031.00	802.80
1032.00	819.19
1033.00	837.91
1034.00	748.97
1035.00	823.87
1036.00	741.95
1037.00	802.80
1038.00	823.87
1039.00	765.36
1040.00	746.63
1041.00	830.89
1042.00	830.89
1043.00	870.68
1044.00	800.46
1045.00	835.57
1046.00	990.05
1047.00	777.06
1048.00	826.21
1049.00	833.23
1050.00	802.80
1051.00	758.33
1052.00	772.38
1053.00	770.04
1054.00	868.34
1055.00	725.57
1056.00	826.21
1057.00	798.12
1058.00	779.40
1059.00	798.12
1060.00	746.63
1061.00	807.48
1062.00	819.19
1063.00	819.19
1064.00	723.23
1065.00	807.48
1066.00	828.55
1067.00	800.46
1068.00	821.53
1069.00	784.08
1070.00	795.78
1071.00	765.36
1072.00	807.48
1073.00	786.42
1074.00	688.12
1075.00	809.83
1076.00	741.95
1077.00	758.33
1078.00	835.57
1079.00	720.88
1080.00	795.78
1081.00	800.46
1082.00	873.02
1083.00	809.83
1084.00	800.46
1085.00	777.06
1086.00	760.67
1087.00	828.55
1088.00	828.55
1089.00	753.65
1090.00	777.06
1091.00	800.46
1092.00	791.10
1093.00	828.55
1094.00	723.23
1095.00	755.99
1096.00	826.21
1097.00	807.48
1098.00	793.44
1099.00	833.23
1100.00	770.04
1101.00	828.55
1102.00	807.48
1103.00	894.08
1104.00	854.30
1105.00	826.21
1106.00	847.27
1107.00	772.38
1108.00	929.19
1109.00	823.87
1110.00	788.76
1111.00	770.04
1112.00	755.99
1113.00	807.48
1114.00	779.40
1115.00	821.53
1116.00	805.14
1117.00	767.70
1118.00	826.21
1119.00	812.17
1120.00	784.08
1121.00	840.25
1122.00	837.91
1123.00	910.47
1124.00	866.00
1125.00	809.83
1126.00	781.74
1127.00	793.44
1128.00	746.63
1129.00	751.31
1130.00	774.72
1131.00	732.59
1132.00	779.40
1133.00	809.83
1134.00	760.67
1135.00	763.01
1136.00	784.08
1137.00	884.72
1138.00	851.96
1139.00	858.98
1140.00	901.11
1141.00	807.48
1142.00	835.57
1143.00	760.67
1144.00	821.53
1145.00	765.36
1146.00	779.40
1147.00	800.46
1148.00	774.72
1149.00	807.48
1150.00	849.61
1151.00	788.76
1152.00	826.21
1153.00	727.91
1154.00	819.19
1155.00	755.99
1156.00	828.55
1157.00	858.98
1158.00	866.00
1159.00	823.87
1160.00	835.57
1161.00	807.48
1162.00	856.64
1163.00	840.25
1164.00	774.72
1165.00	730.25
1166.00	898.77
1167.00	1104.73
1168.00	1336.45
1169.00	1252.19
1170.00	1188.99
1171.00	1064.94
1172.00	1043.88
1173.00	868.34
1174.00	957.28
1175.00	915.15
1176.00	884.72
1177.00	835.57
1178.00	821.53
1179.00	819.19
1180.00	826.21
1181.00	833.23
1182.00	854.30
1183.00	851.96
1184.00	889.40
1185.00	901.11
1186.00	887.06
1187.00	849.61
1188.00	854.30
1189.00	891.74
1190.00	840.25
1191.00	884.72
1192.00	901.11
1193.00	929.19
1194.00	961.96
1195.00	940.90
1196.00	947.92
1197.00	905.79
1198.00	940.90
1199.00	912.81
1200.00	950.26
1201.00	1015.79
1202.00	1069.62
1203.00	1205.38
1204.00	1146.86
1205.00	1086.01
1206.00	1123.46
1207.00	1111.75
1208.00	1121.12
1209.00	1083.67
1210.00	1048.56
1211.00	1055.58
1212.00	1006.43
1213.00	1116.44
1214.00	1088.35
1215.00	1146.86
1216.00	1226.44
1217.00	1390.28
1218.00	1540.07
1219.00	1872.43
1220.00	3349.31
1221.00	18209.37
1222.00	51428.59
1223.00	65013.06
1224.00	64460.69
1225.00	56505.21
1226.00	43473.11
1227.00	32290.03
1228.00	26632.96
1229.00	19021.53
1230.00	9224.05
1231.00	3854.86
1232.00	2221.17
1233.00	1675.82
1234.00	1486.24
1235.00	1308.36
1236.00	1284.95
1237.00	1228.78
1238.00	1200.69
1239.00	1502.62
1240.00	3293.13
1241.00	5628.99
1242.00	6998.20
1243.00	5823.25
1244.00	4386.16
1245.00	3389.10
1246.00	2888.22
1247.00	2420.11
1248.00	1783.49
1249.00	1203.04
1250.00	1022.81
1251.00	1039.20
1252.00	926.85
1253.00	992.39
1254.00	1008.77
1255.00	1039.20
1256.00	1036.86
1257.00	994.73
1258.00	1025.15
1259.00	1022.81
1260.00	940.90
1261.00	968.98
1262.00	964.30
1263.00	990.05
1264.00	919.83
1265.00	910.47
1266.00	884.72
1267.00	887.06
1268.00	868.34
1269.00	924.51
1270.00	908.13
1271.00	898.77
1272.00	898.77
1273.00	933.87
1274.00	884.72
1275.00	924.51
1276.00	952.60
1277.00	943.24
1278.00	1046.22
1279.00	2349.90
1280.00	6139.23
1281.00	10665.82
1282.00	12009.29
1283.00	9406.61
1284.00	6815.64
1285.00	5067.26
1286.00	4332.33
1287.00	3494.42
1288.00	2150.95
1289.00	1320.06
1290.00	1078.99
1291.00	947.92
1292.00	889.40
1293.00	929.19
1294.00	940.90
1295.00	983.02
1296.00	940.90
1297.00	959.62
1298.00	905.79
1299.00	1600.93
1300.00	2588.63
1301.00	3159.72
1302.00	3021.63
1303.00	2375.64
1304.00	1952.01
1305.00	1750.72
1306.00	1476.88
1307.00	1270.91
1308.00	1034.52
1309.00	1006.43
1310.00	912.81
1311.00	901.11
1312.00	868.34
1313.00	917.49
1314.00	875.36
1315.00	880.04
1316.00	828.55
1317.00	791.10
1318.00	819.19
1319.00	755.99
1320.00	858.98
1321.00	809.83
1322.00	826.21
1323.00	795.78
1324.00	814.51
1325.00	791.10
1326.00	805.14
1327.00	875.36
1328.00	858.98
1329.00	830.89
1330.00	791.10
1331.00	926.85
1332.00	922.17
1333.00	1004.09
1334.00	1757.74
1335.00	2892.90
1336.00	3623.15
1337.00	3059.08
1338.00	2555.86
1339.00	2047.97
1340.00	1717.95
1341.00	1509.65
1342.00	1263.89
1343.00	968.98
1344.00	856.64
1345.00	856.64
1346.00	828.55
1347.00	858.98
1348.00	882.38
1349.00	877.70
1350.00	866.00
1351.00	798.12
1352.00	835.57
1353.00	858.98
1354.00	861.32
1355.00	814.51
1356.00	926.85
1357.00	971.32
1358.00	877.70
1359.00	919.83
1360.00	1015.79
1361.00	1050.90
1362.00	2373.30
1363.00	5774.10
1364.00	9352.78
1365.00	10038.56
1366.00	7843.14
1367.00	5657.07
1368.00	4327.65
1369.00	3634.85
1370.00	2881.20
1371.00	1818.60
1372.00	1310.70
1373.00	1160.91
1374.00	1167.93
1375.00	1172.61
1376.00	3080.14
1377.00	8746.58
1378.00	15700.31
1379.00	17912.12
1380.00	13865.33
1381.00	9818.55
1382.00	7288.43
1383.00	5874.74
1384.00	4620.22
1385.00	2808.64
1386.00	1657.10
1387.00	1116.44
1388.00	985.37
1389.00	964.30
1390.00	1008.77
1391.00	933.87
1392.00	968.98
1393.00	866.00
1394.00	933.87
1395.00	903.45
1396.00	830.89
1397.00	961.96
1398.00	1015.79
1399.00	1291.98
1400.00	1416.02
1401.00	1315.38
1402.00	1188.99
1403.00	1181.97
1404.00	1118.78
1405.00	1256.87
1406.00	2085.42
1407.00	8395.50
1408.00	20135.63
1409.00	29378.40
1410.00	26092.29
1411.00	18757.05
1412.00	13004.02
1413.00	9933.23
1414.00	8238.69
1415.00	5350.46
1416.00	2794.60
1417.00	1614.97
1418.00	1207.72
1419.00	1151.54
1420.00	2045.63
1421.00	4348.72
1422.00	7059.06
1423.00	7578.65
1424.00	6104.12
1425.00	4322.97
1426.00	3346.97
1427.00	2782.90
1428.00	2319.47
1429.00	1605.61
1430.00	1158.57
1431.00	1025.15
1432.00	912.81
1433.00	868.34
1434.00	952.60
1435.00	980.68
1436.00	926.85
1437.00	898.77
1438.00	851.96
1439.00	798.12
1440.00	835.57
1441.00	788.76
1442.00	873.02
1443.00	812.17
1444.00	870.68
1445.00	814.51
1446.00	791.10
1447.00	856.64
1448.00	858.98
1449.00	896.43
1450.00	840.25
1451.00	842.59
1452.00	812.17
1453.00	910.47
1454.00	873.02
1455.00	1188.99
1456.00	2424.80
1457.00	4100.62
1458.00	5015.77
1459.00	4138.07
1460.00	3091.85
1461.00	2377.98
1462.00	2026.90
1463.00	1802.21
1464.00	1193.67
1465.00	999.41
1466.00	919.83
1467.00	880.04
1468.00	851.96
1469.00	823.87
1470.00	854.30
1471.00	805.14
1472.00	802.80
1473.00	842.59
1474.00	849.61
1475.00	903.45
1476.00	889.40
1477.00	823.87
1478.00	828.55
1479.00	814.51
1480.00	760.67
1481.00	854.30
1482.00	873.02
1483.00	912.81
1484.00	896.43
1485.00	912.81
1486.00	910.47
1487.00	1188.99
1488.00	3641.87
1489.00	9277.88
1490.00	15169.01
1491.00	15190.08
1492.00	10951.37
1493.00	7831.43
1494.00	5755.38
1495.00	4772.35
1496.00	3583.36
1497.00	2057.33
1498.00	1242.82
1499.00	1032.18
1500.00	947.92
1501.00	929.19
1502.00	873.02
1503.00	821.53
1504.00	828.55
1505.00	837.91
1506.00	889.40
1507.00	931.53
1508.00	809.83
1509.00	898.77
1510.00	870.68
1511.00	826.21
1512.00	926.85
1513.00	1181.97
1514.00	2162.66
1515.00	3506.12
1516.00	4526.60
1517.00	3817.41
1518.00	2827.37
1519.00	2340.54
1520.00	1856.04
1521.00	1739.02
1522.00	1310.70
1523.00	1048.56
1524.00	952.60
1525.00	905.79
1526.00	849.61
1527.00	844.93
1528.00	858.98
1529.00	847.27
1530.00	877.70
1531.00	990.05
1532.00	1104.73
1533.00	2104.14
1534.00	5362.17
1535.00	9334.06
1536.00	10979.45
1537.00	8442.31
1538.00	6125.18
1539.00	4615.54
1540.00	3716.77
1541.00	2902.26
1542.00	2038.61
1543.00	1315.38
1544.00	1004.09
1545.00	924.51
1546.00	943.24
1547.00	861.32
1548.00	844.93
1549.00	866.00
1550.00	816.85
1551.00	854.30
1552.00	833.23
1553.00	917.49
1554.00	884.72
1555.00	924.51
1556.00	849.61
1557.00	908.13
1558.00	875.36
1559.00	936.21
1560.00	917.49
1561.00	917.49
1562.00	889.40
1563.00	943.24
1564.00	1027.50
1565.00	1357.51
1566.00	4423.61
1567.00	11786.94
1568.00	19197.07
1569.00	19339.85
1570.00	13795.12
1571.00	10146.22
1572.00	7412.48
1573.00	5914.53
1574.00	4159.13
1575.00	2485.65
1576.00	1596.25
1577.00	1411.34
1578.00	1846.68
1579.00	6544.14
1580.00	18272.56
1581.00	30003.33
1582.00	31318.71
1583.00	22263.18
1584.00	15669.89
1585.00	11290.74
1586.00	9184.26
1587.00	6310.08
1588.00	3386.76
1589.00	1888.81
1590.00	1301.34
1591.00	1088.35
1592.00	1022.81
1593.00	1015.79
1594.00	880.04
1595.00	919.83
1596.00	870.68
1597.00	882.38
1598.00	856.64
1599.00	901.11
1600.00	889.40
1601.00	795.78
1602.00	837.91
1603.00	816.85
1604.00	835.57
1605.00	805.14
1606.00	901.11
1607.00	805.14
1608.00	844.93
1609.00	812.17
1610.00	772.38
1611.00	763.01
1612.00	833.23
1613.00	847.27
1614.00	873.02
1615.00	788.76
1616.00	807.48
1617.00	861.32
1618.00	758.33
1619.00	830.89
1620.00	793.44
1621.00	821.53
1622.00	830.89
1623.00	821.53
1624.00	788.76
1625.00	833.23
1626.00	777.06
1627.00	835.57
1628.00	779.40
1629.00	788.76
1630.00	847.27
1631.00	802.80
1632.00	856.64
1633.00	837.91
1634.00	833.23
1635.00	833.23
1636.00	835.57
1637.00	758.33
1638.00	837.91
1639.00	837.91
1640.00	767.70
1641.00	765.36
1642.00	842.59
1643.00	760.67
1644.00	795.78
1645.00	812.17
1646.00	856.64
1647.00	856.64
1648.00	910.47
1649.00	1039.20
1650.00	2621.40
1651.00	7793.98
1652.00	14085.34
1653.00	16816.75
1654.00	13296.58
1655.00	9458.10
1656.00	6843.73
1657.00	5444.09
1658.00	3962.53
1659.00	2429.48
1660.00	1504.96
1661.00	1114.10
1662.00	908.13
1663.00	966.64
1664.00	933.87
1665.00	896.43
1666.00	826.21
1667.00	929.19
1668.00	1238.14
1669.00	2607.36
1670.00	4833.21
1671.00	6033.90
1672.00	5434.72
1673.00	4016.36
1674.00	3077.80
1675.00	2394.37
1676.00	1989.46
1677.00	1526.03
1678.00	1130.48
1679.00	882.38
1680.00	870.68
1681.00	741.95
1682.00	851.96
1683.00	844.93
1684.00	826.21
1685.00	716.20
1686.00	840.25
1687.00	858.98
1688.00	772.38
1689.00	798.12
1690.00	814.51
1691.00	784.08
1692.00	802.80
1693.00	788.76
1694.00	774.72
1695.00	802.80
1696.00	837.91
1697.00	755.99
1698.00	835.57
1699.00	835.57
1700.00	795.78
1701.00	777.06
1702.00	826.21
1703.00	751.31
1704.00	877.70
1705.00	781.74
1706.00	835.57
1707.00	823.87
1708.00	798.12
1709.00	851.96
1710.00	767.70
1711.00	779.40
1712.00	821.53
1713.00	910.47
1714.00	1486.24
1715.00	3548.25
1716.00	6406.05
1717.00	8367.42
1718.00	7255.66
1719.00	5685.16
1720.00	4191.90
1721.00	3276.75
1722.00	2471.61
1723.00	1572.84
1724.00	1207.72
1725.00	1039.20
1726.00	866.00
1727.00	875.36
1728.00	802.80
1729.00	777.06
1730.00	826.21
1731.00	793.44
1732.00	821.53
1733.00	814.51
1734.00	809.83
1735.00	798.12
1736.00	741.95
1737.00	772.38
1738.00	767.70
1739.00	814.51
1740.00	770.04
1741.00	823.87
1742.00	781.74
1743.00	826.21
1744.00	793.44
1745.00	767.70
1746.00	819.19
1747.00	791.10
1748.00	798.12
1749.00	779.40
1750.00	697.48
1751.00	798.12
1752.00	858.98
1753.00	833.23
1754.00	856.64
1755.00	814.51
1756.00	814.51
1757.00	781.74
1758.00	851.96
1759.00	727.91
1760.00	812.17
1761.00	786.42
1762.00	784.08
1763.00	912.81
1764.00	851.96
1765.00	823.87
1766.00	854.30
1767.00	835.57
1768.00	858.98
1769.00	1036.86
1770.00	2059.67
1771.00	5998.79
1772.00	11199.46
1773.00	14469.19
1774.00	12334.62
1775.00	9380.87
1776.00	6726.70
1777.00	4873.00
1778.00	3061.42
1779.00	1980.09
1780.00	1308.36
1781.00	1142.18
1782.00	987.71
1783.00	868.34
1784.00	887.06
1785.00	833.23
1786.00	856.64
1787.00	851.96
1788.00	763.01
1789.00	774.72
1790.00	835.57
1791.00	821.53
1792.00	800.46
1793.00	828.55
1794.00	863.66
1795.00	903.45
1796.00	840.25
1797.00	1067.28
1798.00	2296.07
1799.00	5121.09
1800.00	8344.01
1801.00	9092.98
1802.00	7405.46
1803.00	5462.81
1804.00	4018.70
1805.00	2614.38
1806.00	1750.72
1807.00	1287.29
1808.00	1100.05
1809.00	915.15
1810.00	748.97
1811.00	837.91
1812.00	814.51
1813.00	765.36
1814.00	767.70
1815.00	755.99
1816.00	734.93
1817.00	814.51
1818.00	744.29
1819.00	788.76
1820.00	692.80
1821.00	727.91
1822.00	774.72
1823.00	807.48
1824.00	844.93
1825.00	793.44
1826.00	917.49
1827.00	842.59
1828.00	919.83
1829.00	821.53
1830.00	739.61
1831.00	767.70
1832.00	767.70
1833.00	798.12
1834.00	704.50
1835.00	798.12
1836.00	727.91
1837.00	770.04
1838.00	779.40
1839.00	758.33
1840.00	739.61
1841.00	725.57
1842.00	723.23
1843.00	748.97
1844.00	711.52
1845.00	753.65
1846.00	746.63
1847.00	716.20
1848.00	765.36
1849.00	786.42
1850.00	746.63
1851.00	727.91
1852.00	774.72
1853.00	772.38
1854.00	751.31
1855.00	781.74
1856.00	720.88
1857.00	753.65
1858.00	816.85
1859.00	746.63
1860.00	744.29
1861.00	760.67
1862.00	788.76
1863.00	770.04
1864.00	784.08
1865.00	767.70
1866.00	774.72
1867.00	763.01
1868.00	730.25
1869.00	695.14
1870.00	779.40
1871.00	713.86
1872.00	777.06
1873.00	718.54
1874.00	723.23
1875.00	758.33
1876.00	713.86
1877.00	685.78
1878.00	772.38
1879.00	791.10
1880.00	713.86
1881.00	744.29
1882.00	709.18
1883.00	702.16
1884.00	763.01
1885.00	863.66
1886.00	746.63
1887.00	774.72
1888.00	826.21
1889.00	709.18
1890.00	765.36
1891.00	809.83
1892.00	770.04
1893.00	758.33
1894.00	791.10
1895.00	730.25
1896.00	746.63
1897.00	774.72
1898.00	734.93
1899.00	758.33
1900.00	765.36
1901.00	753.65
1902.00	669.39
1903.00	746.63
1904.00	751.31
1905.00	798.12
1906.00	713.86
1907.00	716.20
1908.00	725.57
1909.00	819.19
1910.00	805.14
1911.00	823.87
1912.00	873.02
1913.00	798.12
1914.00	821.53
1915.00	763.01
1916.00	784.08
1917.00	727.91
1918.00	800.46
1919.00	812.17
1920.00	709.18
1921.00	777.06
1922.00	814.51
1923.00	777.06
1924.00	760.67
1925.00	704.50
1926.00	819.19
1927.00	716.20
1928.00	732.59
1929.00	741.95
1930.00	723.23
1931.00	737.27
1932.00	732.59
1933.00	819.19
1934.00	828.55
1935.00	723.23
1936.00	772.38
1937.00	737.27
1938.00	723.23
1939.00	751.31
1940.00	748.97
1941.00	716.20
1942.00	758.33
1943.00	779.40
1944.00	793.44
1945.00	842.59
1946.00	772.38
1947.00	753.65
1948.00	763.01
1949.00	767.70
1950.00	800.46
1951.00	840.25
1952.00	1034.52
1953.00	2207.13
1954.00	4564.04
1955.00	7260.34
1956.00	7859.52
1957.00	5731.97
1958.00	3737.84
1959.00	2431.82
1960.00	1661.78
1961.00	1263.89
1962.00	1069.62
1963.00	933.87
1964.00	858.98
1965.00	851.96
1966.00	807.48
1967.00	725.57
1968.00	734.93
1969.00	807.48
1970.00	866.00
1971.00	725.57
1972.00	770.04
1973.00	777.06
1974.00	823.87
1975.00	709.18
1976.00	844.93
1977.00	819.19
1978.00	755.99
1979.00	711.52
1980.00	884.72
1981.00	1025.15
1982.00	1114.10
1983.00	1252.19
1984.00	1011.11
1985.00	999.41
1986.00	905.79
1987.00	812.17
1988.00	830.89
1989.00	779.40
1990.00	777.06
1991.00	751.31
1992.00	774.72
1993.00	793.44
1994.00	770.04
1995.00	837.91
1996.00	828.55
1997.00	734.93
1998.00	770.04
1999.00	837.91
2000.00	713.86
2001.00	723.23
2002.00	793.44
2003.00	779.40
2004.00	777.06
2005.00	802.80
2006.00	826.21
2007.00	746.63
2008.00	798.12
2009.00	758.33
2010.00	779.40
2011.00	737.27
2012.00	683.44
2013.00	781.74
2014.00	847.27
2015.00	727.91
2016.00	800.46
2017.00	772.38
2018.00	816.85
2019.00	718.54
2020.00	755.99
2021.00	823.87
2022.00	849.61
2023.00	858.98
2024.00	877.70
2025.00	1046.22
2026.00	1177.29
2027.00	1200.69
2028.00	1233.46
2029.00	1221.76
2030.00	2310.11
2031.00	6331.15
2032.00	12060.78
2033.00	15768.19
2034.00	14417.70
2035.00	9556.41
2036.00	6317.11
2037.00	4170.83
2038.00	2546.50
2039.00	1710.93
2040.00	1249.85
2041.00	990.05
2042.00	884.72
2043.00	873.02
2044.00	842.59
2045.00	798.12
2046.00	840.25
2047.00	816.85
