0.00	692.80
1.00	692.80
2.00	692.80
3.00	568.75
4.00	592.16
5.00	561.73
6.00	521.94
7.00	538.32
8.00	573.43
9.00	545.34
10.00	596.84
11.00	531.30
12.00	535.98
13.00	550.03
14.00	566.41
15.00	580.45
16.00	519.60
17.00	603.86
18.00	587.47
19.00	571.09
20.00	594.50
21.00	601.52
22.00	566.41
23.00	610.88
24.00	662.37
25.00	709.18
26.00	678.76
27.00	650.67
28.00	695.14
29.00	692.80
30.00	716.20
31.00	662.37
32.00	688.12
33.00	734.93
34.00	681.10
35.00	739.61
36.00	753.65
37.00	725.57
38.00	737.27
39.00	664.71
40.00	660.03
41.00	725.57
42.00	737.27
43.00	674.07
44.00	755.99
45.00	741.95
46.00	730.25
47.00	720.88
48.00	781.74
49.00	713.86
50.00	798.12
51.00	734.93
52.00	744.29
53.00	758.33
54.00	734.93
55.00	723.23
56.00	791.10
57.00	786.42
58.00	772.38
59.00	770.04
60.00	650.67
61.00	702.16
62.00	732.59
63.00	753.65
64.00	734.93
65.00	697.48
66.00	718.54
67.00	809.83
68.00	741.95
69.00	734.93
70.00	596.84
71.00	617.90
72.00	730.25
73.00	653.01
74.00	692.80
75.00	711.52
76.00	720.88
77.00	765.36
78.00	741.95
79.00	823.87
80.00	725.57
81.00	772.38
82.00	751.31
83.00	723.23
84.00	751.31
85.00	690.46
86.00	753.65
87.00	685.78
88.00	730.25
89.00	770.04
90.00	690.46
91.00	765.36
92.00	746.63
93.00	746.63
94.00	755.99
95.00	755.99
96.00	744.29
97.00	807.48
98.00	777.06
99.00	706.84
100.00	755.99
101.00	774.72
102.00	795.78
103.00	678.76
104.00	739.61
105.00	730.25
106.00	727.91
107.00	725.57
108.00	730.25
109.00	800.46
110.00	702.16
111.00	765.36
112.00	664.71
113.00	704.50
114.00	732.59
115.00	662.37
116.00	720.88
117.00	802.80
118.00	713.86
119.00	730.25
120.00	758.33
121.00	788.76
122.00	716.20
123.00	772.38
124.00	737.27
125.00	748.97
126.00	671.73
127.00	741.95
128.00	741.95
129.00	718.54
130.00	795.78
131.00	734.93
132.00	732.59
133.00	770.04
134.00	709.18
135.00	655.35
136.00	772.38
137.00	758.33
138.00	737.27
139.00	748.97
140.00	774.72
141.00	744.29
142.00	704.50
143.00	772.38
144.00	753.65
145.00	699.82
146.00	748.97
147.00	753.65
148.00	777.06
149.00	755.99
150.00	748.97
151.00	720.88
152.00	688.12
153.00	704.50
154.00	753.65
155.00	704.50
156.00	760.67
157.00	763.01
158.00	758.33
159.00	667.05
160.00	760.67
161.00	795.78
162.00	685.78
163.00	777.06
164.00	697.48
165.00	751.31
166.00	730.25
167.00	697.48
168.00	692.80
169.00	648.33
170.00	681.10
171.00	732.59
172.00	706.84
173.00	704.50
174.00	716.20
175.00	711.52
176.00	763.01
177.00	777.06
178.00	688.12
179.00	676.41
180.00	751.31
181.00	725.57
182.00	739.61
183.00	706.84
184.00	685.78
185.00	763.01
186.00	744.29
187.00	692.80
188.00	751.31
189.00	653.01
190.00	725.57
191.00	777.06
192.00	795.78
193.00	692.80
194.00	788.76
195.00	784.08
196.00	702.16
197.00	770.04
198.00	777.06
199.00	765.36
200.00	734.93
201.00	741.95
202.00	690.46
203.00	734.93
204.00	725.57
205.00	763.01
206.00	760.67
207.00	730.25
208.00	755.99
209.00	741.95
210.00	739.61
211.00	819.19
212.00	774.72
213.00	678.76
214.00	699.82
215.00	720.88
216.00	706.84
217.00	718.54
218.00	779.40
219.00	744.29
220.00	744.29
221.00	690.46
222.00	709.18
223.00	767.70
224.00	706.84
225.00	741.95
226.00	723.23
227.00	650.67
228.00	706.84
229.00	779.40
230.00	713.86
231.00	741.95
232.00	753.65
233.00	809.83
234.00	702.16
235.00	711.52
236.00	713.86
237.00	732.59
238.00	734.93
239.00	730.25
240.00	711.52
241.00	676.41
242.00	763.01
243.00	784.08
244.00	739.61
245.00	784.08
246.00	753.65
247.00	737.27
248.00	765.36
249.00	744.29
250.00	704.50
251.00	650.67
252.00	697.48
253.00	798.12
254.00	830.89
255.00	739.61
256.00	739.61
257.00	671.73
258.00	730.25
259.00	753.65
260.00	751.31
261.00	732.59
262.00	748.97
263.00	720.88
264.00	765.36
265.00	653.01
266.00	734.93
267.00	791.10
268.00	781.74
269.00	779.40
270.00	795.78
271.00	821.53
272.00	828.55
273.00	770.04
274.00	765.36
275.00	791.10
276.00	763.01
277.00	770.04
278.00	791.10
279.00	788.76
280.00	748.97
281.00	777.06
282.00	720.88
283.00	692.80
284.00	725.57
285.00	826.21
286.00	784.08
287.00	763.01
288.00	723.23
289.00	718.54
290.00	748.97
291.00	718.54
292.00	681.10
293.00	739.61
294.00	690.46
295.00	765.36
296.00	711.52
297.00	807.48
298.00	772.38
299.00	760.67
300.00	763.01
301.00	683.44
302.00	709.18
303.00	664.71
304.00	730.25
305.00	727.91
306.00	781.74
307.00	765.36
308.00	826.21
309.00	814.51
310.00	791.10
311.00	807.48
312.00	788.76
313.00	805.14
314.00	755.99
315.00	739.61
316.00	727.91
317.00	779.40
318.00	786.42
319.00	697.48
320.00	713.86
321.00	678.76
322.00	725.57
323.00	660.03
324.00	718.54
325.00	718.54
326.00	751.31
327.00	683.44
328.00	758.33
329.00	699.82
330.00	692.80
331.00	720.88
332.00	755.99
333.00	755.99
334.00	812.17
335.00	748.97
336.00	774.72
337.00	779.40
338.00	774.72
339.00	723.23
340.00	732.59
341.00	695.14
342.00	720.88
343.00	685.78
344.00	725.57
345.00	767.70
346.00	821.53
347.00	755.99
348.00	837.91
349.00	835.57
350.00	814.51
351.00	812.17
352.00	676.41
353.00	800.46
354.00	807.48
355.00	704.50
356.00	791.10
357.00	774.72
358.00	763.01
359.00	667.05
360.00	653.01
361.00	767.70
362.00	795.78
363.00	744.29
364.00	833.23
365.00	795.78
366.00	788.76
367.00	751.31
368.00	772.38
369.00	748.97
370.00	713.86
371.00	667.05
372.00	713.86
373.00	697.48
374.00	741.95
375.00	751.31
376.00	720.88
377.00	763.01
378.00	716.20
379.00	830.89
380.00	800.46
381.00	751.31
382.00	711.52
383.00	767.70
384.00	802.80
385.00	725.57
386.00	741.95
387.00	760.67
388.00	795.78
389.00	725.57
390.00	727.91
391.00	702.16
392.00	704.50
393.00	772.38
394.00	767.70
395.00	662.37
396.00	716.20
397.00	863.66
398.00	702.16
399.00	730.25
400.00	727.91
401.00	748.97
402.00	758.33
403.00	725.57
404.00	732.59
405.00	823.87
406.00	807.48
407.00	746.63
408.00	788.76
409.00	748.97
410.00	821.53
411.00	791.10
412.00	746.63
413.00	777.06
414.00	699.82
415.00	683.44
416.00	746.63
417.00	765.36
418.00	727.91
419.00	767.70
420.00	739.61
421.00	674.07
422.00	744.29
423.00	734.93
424.00	746.63
425.00	716.20
426.00	741.95
427.00	746.63
428.00	737.27
429.00	753.65
430.00	779.40
431.00	704.50
432.00	716.20
433.00	734.93
434.00	800.46
435.00	702.16
436.00	697.48
437.00	711.52
438.00	767.70
439.00	718.54
440.00	781.74
441.00	746.63
442.00	772.38
443.00	800.46
444.00	755.99
445.00	755.99
446.00	702.16
447.00	709.18
448.00	711.52
449.00	800.46
450.00	697.48
451.00	739.61
452.00	716.20
453.00	741.95
454.00	816.85
455.00	713.86
456.00	758.33
457.00	753.65
458.00	739.61
459.00	692.80
460.00	713.86
461.00	734.93
462.00	655.35
463.00	720.88
464.00	760.67
465.00	678.76
466.00	699.82
467.00	704.50
468.00	697.48
469.00	723.23
470.00	685.78
471.00	772.38
472.00	727.91
473.00	732.59
474.00	746.63
475.00	739.61
476.00	786.42
477.00	807.48
478.00	650.67
479.00	748.97
480.00	718.54
481.00	763.01
482.00	777.06
483.00	793.44
484.00	725.57
485.00	695.14
486.00	725.57
487.00	723.23
488.00	716.20
489.00	746.63
490.00	711.52
491.00	784.08
492.00	814.51
493.00	812.17
494.00	678.76
495.00	844.93
496.00	751.31
497.00	690.46
498.00	753.65
499.00	734.93
500.00	828.55
501.00	730.25
502.00	753.65
503.00	753.65
504.00	734.93
505.00	770.04
506.00	737.27
507.00	819.19
508.00	718.54
509.00	784.08
510.00	695.14
511.00	737.27
512.00	725.57
513.00	809.83
514.00	697.48
515.00	809.83
516.00	727.91
517.00	699.82
518.00	800.46
519.00	720.88
520.00	763.01
521.00	711.52
522.00	676.41
523.00	809.83
524.00	732.59
525.00	702.16
526.00	725.57
527.00	755.99
528.00	702.16
529.00	727.91
530.00	695.14
531.00	713.86
532.00	725.57
533.00	758.33
534.00	758.33
535.00	660.03
536.00	781.74
537.00	746.63
538.00	779.40
539.00	760.67
540.00	786.42
541.00	779.40
542.00	744.29
543.00	812.17
544.00	758.33
545.00	765.36
546.00	767.70
547.00	755.99
548.00	746.63
549.00	692.80
550.00	720.88
551.00	788.76
552.00	706.84
553.00	737.27
554.00	753.65
555.00	770.04
556.00	774.72
557.00	678.76
558.00	800.46
559.00	741.95
560.00	704.50
561.00	716.20
562.00	734.93
563.00	751.31
564.00	800.46
565.00	723.23
566.00	748.97
567.00	786.42
568.00	716.20
569.00	739.61
570.00	713.86
571.00	755.99
572.00	739.61
573.00	784.08
574.00	683.44
575.00	777.06
576.00	758.33
577.00	718.54
578.00	697.48
579.00	763.01
580.00	662.37
581.00	716.20
582.00	709.18
583.00	727.91
584.00	767.70
585.00	741.95
586.00	753.65
587.00	713.86
588.00	748.97
589.00	781.74
590.00	812.17
591.00	692.80
592.00	755.99
593.00	772.38
594.00	725.57
595.00	784.08
596.00	751.31
597.00	669.39
598.00	760.67
599.00	767.70
600.00	798.12
601.00	767.70
602.00	805.14
603.00	725.57
604.00	704.50
605.00	711.52
606.00	753.65
607.00	692.80
608.00	720.88
609.00	753.65
610.00	753.65
611.00	711.52
612.00	791.10
613.00	748.97
614.00	725.57
615.00	755.99
616.00	786.42
617.00	770.04
618.00	784.08
619.00	753.65
620.00	730.25
621.00	755.99
622.00	692.80
623.00	720.88
624.00	772.38
625.00	739.61
626.00	786.42
627.00	748.97
628.00	760.67
629.00	720.88
630.00	730.25
631.00	723.23
632.00	779.40
633.00	763.01
634.00	765.36
635.00	763.01
636.00	765.36
637.00	786.42
638.00	706.84
639.00	809.83
640.00	791.10
641.00	784.08
642.00	723.23
643.00	741.95
644.00	760.67
645.00	774.72
646.00	716.20
647.00	753.65
648.00	770.04
649.00	760.67
650.00	770.04
651.00	763.01
652.00	727.91
653.00	779.40
654.00	734.93
655.00	755.99
656.00	767.70
657.00	835.57
658.00	725.57
659.00	692.80
660.00	718.54
661.00	739.61
662.00	786.42
663.00	823.87
664.00	702.16
665.00	786.42
666.00	709.18
667.00	692.80
668.00	725.57
669.00	805.14
670.00	751.31
671.00	753.65
672.00	704.50
673.00	760.67
674.00	723.23
675.00	720.88
676.00	683.44
677.00	763.01
678.00	744.29
679.00	737.27
680.00	805.14
681.00	706.84
682.00	779.40
683.00	819.19
684.00	697.48
685.00	770.04
686.00	697.48
687.00	746.63
688.00	777.06
689.00	716.20
690.00	751.31
691.00	765.36
692.00	798.12
693.00	781.74
694.00	779.40
695.00	791.10
696.00	767.70
697.00	786.42
698.00	805.14
699.00	758.33
700.00	709.18
701.00	765.36
702.00	819.19
703.00	741.95
704.00	734.93
705.00	772.38
706.00	718.54
707.00	718.54
708.00	711.52
709.00	772.38
710.00	795.78
711.00	718.54
712.00	688.12
713.00	753.65
714.00	751.31
715.00	730.25
716.00	706.84
717.00	779.40
718.00	737.27
719.00	772.38
720.00	746.63
721.00	748.97
722.00	772.38
723.00	781.74
724.00	779.40
725.00	784.08
726.00	727.91
727.00	763.01
728.00	718.54
729.00	741.95
730.00	732.59
731.00	765.36
732.00	753.65
733.00	805.14
734.00	734.93
735.00	730.25
736.00	744.29
737.00	744.29
738.00	819.19
739.00	746.63
740.00	695.14
741.00	758.33
742.00	695.14
743.00	730.25
744.00	802.80
745.00	748.97
746.00	739.61
747.00	767.70
748.00	739.61
749.00	781.74
750.00	739.61
751.00	793.44
752.00	772.38
753.00	671.73
754.00	711.52
755.00	730.25
756.00	683.44
757.00	744.29
758.00	751.31
759.00	718.54
760.00	744.29
761.00	765.36
762.00	767.70
763.00	734.93
764.00	748.97
765.00	683.44
766.00	779.40
767.00	739.61
768.00	770.04
769.00	737.27
770.00	727.91
771.00	711.52
772.00	835.57
773.00	812.17
774.00	835.57
775.00	774.72
776.00	704.50
777.00	737.27
778.00	770.04
779.00	725.57
780.00	833.23
781.00	807.48
782.00	809.83
783.00	795.78
784.00	779.40
785.00	725.57
786.00	709.18
787.00	781.74
788.00	842.59
789.00	763.01
790.00	716.20
791.00	781.74
792.00	671.73
793.00	741.95
794.00	835.57
795.00	741.95
796.00	774.72
797.00	744.29
798.00	732.59
799.00	755.99
800.00	781.74
801.00	711.52
802.00	727.91
803.00	755.99
804.00	702.16
805.00	791.10
806.00	781.74
807.00	720.88
808.00	791.10
809.00	774.72
810.00	751.31
811.00	784.08
812.00	641.31
813.00	650.67
814.00	774.72
815.00	737.27
816.00	814.51
817.00	744.29
818.00	734.93
819.00	798.12
820.00	805.14
821.00	671.73
822.00	758.33
823.00	807.48
824.00	741.95
825.00	772.38
826.00	760.67
827.00	793.44
828.00	746.63
829.00	772.38
830.00	781.74
831.00	674.07
832.00	763.01
833.00	774.72
834.00	760.67
835.00	739.61
836.00	767.70
837.00	805.14
838.00	816.85
839.00	692.80
840.00	709.18
841.00	770.04
842.00	781.74
843.00	723.23
844.00	819.19
845.00	781.74
846.00	763.01
847.00	690.46
848.00	767.70
849.00	772.38
850.00	791.10
851.00	751.31
852.00	748.97
853.00	753.65
854.00	739.61
855.00	753.65
856.00	800.46
857.00	711.52
858.00	734.93
859.00	739.61
860.00	737.27
861.00	777.06
862.00	723.23
863.00	753.65
864.00	763.01
865.00	772.38
866.00	800.46
867.00	791.10
868.00	720.88
869.00	711.52
870.00	720.88
871.00	753.65
872.00	788.76
873.00	739.61
874.00	690.46
875.00	727.91
876.00	727.91
877.00	716.20
878.00	676.41
879.00	856.64
880.00	751.31
881.00	732.59
882.00	702.16
883.00	770.04
884.00	748.97
885.00	741.95
886.00	791.10
887.00	739.61
888.00	723.23
889.00	823.87
890.00	737.27
891.00	713.86
892.00	734.93
893.00	755.99
894.00	793.44
895.00	788.76
896.00	734.93
897.00	678.76
898.00	800.46
899.00	779.40
900.00	697.48
901.00	784.08
902.00	821.53
903.00	744.29
904.00	777.06
905.00	828.55
906.00	896.43
907.00	873.02
908.00	791.10
909.00	823.87
910.00	828.55
911.00	772.38
912.00	868.34
913.00	854.30
914.00	945.58
915.00	945.58
916.00	737.27
917.00	821.53
918.00	950.26
919.00	725.57
920.00	777.06
921.00	751.31
922.00	737.27
923.00	770.04
924.00	767.70
925.00	802.80
926.00	739.61
927.00	772.38
928.00	781.74
929.00	737.27
930.00	699.82
931.00	793.44
932.00	763.01
933.00	826.21
934.00	828.55
935.00	730.25
936.00	798.12
937.00	713.86
938.00	706.84
939.00	695.14
940.00	739.61
941.00	788.76
942.00	819.19
943.00	788.76
944.00	765.36
945.00	802.80
946.00	1107.07
947.00	1549.43
948.00	1991.80
949.00	1750.72
950.00	1416.02
951.00	1231.12
952.00	1067.28
953.00	1036.86
954.00	922.17
955.00	753.65
956.00	765.36
957.00	765.36
958.00	800.46
959.00	802.80
960.00	814.51
961.00	716.20
962.00	727.91
963.00	758.33
964.00	784.08
965.00	826.21
966.00	840.25
967.00	835.57
968.00	809.83
969.00	791.10
970.00	730.25
971.00	732.59
972.00	767.70
973.00	772.38
974.00	683.44
975.00	772.38
976.00	760.67
977.00	720.88
978.00	805.14
979.00	727.91
980.00	835.57
981.00	725.57
982.00	805.14
983.00	739.61
984.00	779.40
985.00	763.01
986.00	676.41
987.00	791.10
988.00	805.14
989.00	711.52
990.00	802.80
991.00	695.14
992.00	774.72
993.00	753.65
994.00	746.63
995.00	763.01
996.00	723.23
997.00	748.97
998.00	720.88
999.00	704.50
1000.00	720.88
1001.00	734.93
1002.00	802.80
1003.00	765.36
1004.00	837.91
1005.00	809.83
1006.00	788.76
1007.00	716.20
1008.00	737.27
1009.00	732.59
1010.00	770.04
1011.00	837.91
1012.00	732.59
1013.00	821.53
1014.00	842.59
1015.00	779.40
1016.00	720.88
1017.00	711.52
1018.00	725.57
1019.00	711.52
1020.00	739.61
1021.00	739.61
1022.00	744.29
1023.00	784.08
1024.00	791.10
1025.00	739.61
1026.00	741.95
1027.00	730.25
1028.00	746.63
1029.00	678.76
1030.00	744.29
1031.00	683.44
1032.00	730.25
1033.00	763.01
1034.00	791.10
1035.00	683.44
1036.00	763.01
1037.00	802.80
1038.00	779.40
1039.00	751.31
1040.00	723.23
1041.00	763.01
1042.00	795.78
1043.00	777.06
1044.00	809.83
1045.00	777.06
1046.00	858.98
1047.00	851.96
1048.00	720.88
1049.00	819.19
1050.00	786.42
1051.00	805.14
1052.00	746.63
1053.00	711.52
1054.00	751.31
1055.00	763.01
1056.00	713.86
1057.00	711.52
1058.00	727.91
1059.00	798.12
1060.00	748.97
1061.00	720.88
1062.00	732.59
1063.00	758.33
1064.00	645.99
1065.00	777.06
1066.00	788.76
1067.00	751.31
1068.00	788.76
1069.00	720.88
1070.00	746.63
1071.00	809.83
1072.00	755.99
1073.00	784.08
1074.00	772.38
1075.00	725.57
1076.00	732.59
1077.00	774.72
1078.00	788.76
1079.00	823.87
1080.00	800.46
1081.00	819.19
1082.00	746.63
1083.00	725.57
1084.00	730.25
1085.00	814.51
1086.00	737.27
1087.00	793.44
1088.00	784.08
1089.00	753.65
1090.00	856.64
1091.00	812.17
1092.00	772.38
1093.00	709.18
1094.00	788.76
1095.00	833.23
1096.00	753.65
1097.00	746.63
1098.00	725.57
1099.00	784.08
1100.00	826.21
1101.00	830.89
1102.00	753.65
1103.00	814.51
1104.00	805.14
1105.00	788.76
1106.00	730.25
1107.00	823.87
1108.00	765.36
1109.00	798.12
1110.00	837.91
1111.00	781.74
1112.00	718.54
1113.00	795.78
1114.00	784.08
1115.00	704.50
1116.00	795.78
1117.00	809.83
1118.00	784.08
1119.00	730.25
1120.00	814.51
1121.00	765.36
1122.00	833.23
1123.00	798.12
1124.00	741.95
1125.00	706.84
1126.00	748.97
1127.00	758.33
1128.00	751.31
1129.00	844.93
1130.00	711.52
1131.00	774.72
1132.00	807.48
1133.00	767.70
1134.00	723.23
1135.00	786.42
1136.00	676.41
1137.00	788.76
1138.00	772.38
1139.00	765.36
1140.00	805.14
1141.00	826.21
1142.00	805.14
1143.00	805.14
1144.00	802.80
1145.00	763.01
1146.00	816.85
1147.00	791.10
1148.00	713.86
1149.00	840.25
1150.00	734.93
1151.00	730.25
1152.00	812.17
1153.00	763.01
1154.00	755.99
1155.00	770.04
1156.00	791.10
1157.00	812.17
1158.00	877.70
1159.00	896.43
1160.00	849.61
1161.00	812.17
1162.00	828.55
1163.00	763.01
1164.00	840.25
1165.00	805.14
1166.00	842.59
1167.00	1041.54
1168.00	1174.95
1169.00	1137.50
1170.00	1043.88
1171.00	973.66
1172.00	1006.43
1173.00	938.55
1174.00	938.55
1175.00	830.89
1176.00	875.36
1177.00	823.87
1178.00	751.31
1179.00	844.93
1180.00	870.68
1181.00	788.76
1182.00	784.08
1183.00	798.12
1184.00	870.68
1185.00	854.30
1186.00	798.12
1187.00	821.53
1188.00	744.29
1189.00	791.10
1190.00	891.74
1191.00	877.70
1192.00	933.87
1193.00	938.55
1194.00	945.58
1195.00	873.02
1196.00	943.24
1197.00	933.87
1198.00	856.64
1199.00	833.23
1200.00	938.55
1201.00	992.39
1202.00	1034.52
1203.00	1137.50
1204.00	1118.78
1205.00	1022.81
1206.00	994.73
1207.00	1064.94
1208.00	968.98
1209.00	915.15
1210.00	976.00
1211.00	990.05
1212.00	1025.15
1213.00	1055.58
1214.00	1025.15
1215.00	1137.50
1216.00	1228.78
1217.00	1247.51
1218.00	1493.26
1219.00	1675.82
1220.00	3084.83
1221.00	17722.54
1222.00	49523.40
1223.00	63510.44
1224.00	63128.93
1225.00	55072.81
1226.00	41202.79
1227.00	30852.94
1228.00	25067.14
1229.00	18249.16
1230.00	8720.84
1231.00	3817.41
1232.00	2038.61
1233.00	1542.41
1234.00	1343.47
1235.00	1324.74
1236.00	1240.48
1237.00	1163.25
1238.00	1104.73
1239.00	1476.88
1240.00	3108.23
1241.00	5310.68
1242.00	6619.04
1243.00	5458.13
1244.00	4255.09
1245.00	3311.86
1246.00	2764.17
1247.00	2354.58
1248.00	1696.89
1249.00	1118.78
1250.00	954.94
1251.00	954.94
1252.00	983.02
1253.00	992.39
1254.00	950.26
1255.00	971.32
1256.00	1170.27
1257.00	987.71
1258.00	957.28
1259.00	999.41
1260.00	915.15
1261.00	870.68
1262.00	936.21
1263.00	882.38
1264.00	805.14
1265.00	880.04
1266.00	816.85
1267.00	919.83
1268.00	887.06
1269.00	847.27
1270.00	844.93
1271.00	858.98
1272.00	826.21
1273.00	823.87
1274.00	772.38
1275.00	894.08
1276.00	856.64
1277.00	945.58
1278.00	1027.50
1279.00	2228.19
1280.00	5940.28
1281.00	10150.90
1282.00	11370.32
1283.00	8744.24
1284.00	6518.39
1285.00	4847.25
1286.00	4088.92
1287.00	3192.49
1288.00	2101.80
1289.00	1303.68
1290.00	980.68
1291.00	912.81
1292.00	901.11
1293.00	912.81
1294.00	870.68
1295.00	971.32
1296.00	959.62
1297.00	830.89
1298.00	919.83
1299.00	1575.18
1300.00	2450.54
1301.00	3119.93
1302.00	2775.88
1303.00	2317.13
1304.00	1804.55
1305.00	1600.93
1306.00	1418.36
1307.00	1205.38
1308.00	1050.90
1309.00	924.51
1310.00	791.10
1311.00	814.51
1312.00	793.44
1313.00	854.30
1314.00	812.17
1315.00	891.74
1316.00	816.85
1317.00	800.46
1318.00	784.08
1319.00	840.25
1320.00	774.72
1321.00	819.19
1322.00	746.63
1323.00	833.23
1324.00	800.46
1325.00	770.04
1326.00	784.08
1327.00	833.23
1328.00	746.63
1329.00	807.48
1330.00	814.51
1331.00	727.91
1332.00	868.34
1333.00	950.26
1334.00	1727.32
1335.00	2855.45
1336.00	3529.53
1337.00	3012.27
1338.00	2363.94
1339.00	1989.46
1340.00	1659.44
1341.00	1488.58
1342.00	1242.82
1343.00	992.39
1344.00	823.87
1345.00	882.38
1346.00	819.19
1347.00	802.80
1348.00	788.76
1349.00	835.57
1350.00	842.59
1351.00	842.59
1352.00	793.44
1353.00	840.25
1354.00	856.64
1355.00	777.06
1356.00	849.61
1357.00	851.96
1358.00	873.02
1359.00	840.25
1360.00	891.74
1361.00	1011.11
1362.00	2242.23
1363.00	5537.71
1364.00	9027.45
1365.00	9432.36
1366.00	7297.79
1367.00	5275.57
1368.00	4079.55
1369.00	3531.87
1370.00	2651.83
1371.00	1785.83
1372.00	1289.64
1373.00	1102.39
1374.00	1036.86
1375.00	1188.99
1376.00	2792.26
1377.00	8458.70
1378.00	15035.60
1379.00	17231.02
1380.00	12933.80
1381.00	9516.62
1382.00	6911.60
1383.00	5554.09
1384.00	4348.72
1385.00	2724.38
1386.00	1542.41
1387.00	1088.35
1388.00	997.07
1389.00	915.15
1390.00	889.40
1391.00	915.15
1392.00	877.70
1393.00	851.96
1394.00	884.72
1395.00	926.85
1396.00	917.49
1397.00	889.40
1398.00	1055.58
1399.00	1177.29
1400.00	1275.59
1401.00	1203.04
1402.00	1214.74
1403.00	1083.67
1404.00	1137.50
1405.00	1149.20
1406.00	1928.60
1407.00	7868.88
1408.00	19297.72
1409.00	28065.36
1410.00	24428.17
1411.00	17589.13
1412.00	12173.13
1413.00	9425.34
1414.00	7793.98
1415.00	5097.69
1416.00	2708.00
1417.00	1481.56
1418.00	1191.33
1419.00	1069.62
1420.00	1898.17
1421.00	4189.56
1422.00	6799.26
1423.00	7241.62
1424.00	5699.20
1425.00	4184.88
1426.00	3255.69
1427.00	2722.04
1428.00	2267.98
1429.00	1401.98
1430.00	1095.37
1431.00	912.81
1432.00	901.11
1433.00	856.64
1434.00	863.66
1435.00	861.32
1436.00	861.32
1437.00	851.96
1438.00	912.81
1439.00	842.59
1440.00	830.89
1441.00	753.65
1442.00	774.72
1443.00	821.53
1444.00	767.70
1445.00	770.04
1446.00	812.17
1447.00	788.76
1448.00	840.25
1449.00	823.87
1450.00	800.46
1451.00	837.91
1452.00	823.87
1453.00	781.74
1454.00	856.64
1455.00	1205.38
1456.00	2324.15
1457.00	3936.78
1458.00	4739.58
1459.00	3960.19
1460.00	2963.12
1461.00	2366.28
1462.00	2015.20
1463.00	1664.12
1464.00	1334.11
1465.00	1004.09
1466.00	894.08
1467.00	802.80
1468.00	877.70
1469.00	763.01
1470.00	858.98
1471.00	767.70
1472.00	732.59
1473.00	812.17
1474.00	816.85
1475.00	828.55
1476.00	798.12
1477.00	744.29
1478.00	840.25
1479.00	800.46
1480.00	856.64
1481.00	767.70
1482.00	753.65
1483.00	840.25
1484.00	868.34
1485.00	912.81
1486.00	940.90
1487.00	1074.31
1488.00	3489.74
1489.00	8861.27
1490.00	14174.28
1491.00	14132.15
1492.00	10197.71
1493.00	7353.96
1494.00	5479.19
1495.00	4554.68
1496.00	3351.65
1497.00	2003.50
1498.00	1313.04
1499.00	999.41
1500.00	901.11
1501.00	875.36
1502.00	795.78
1503.00	812.17
1504.00	746.63
1505.00	788.76
1506.00	840.25
1507.00	814.51
1508.00	805.14
1509.00	800.46
1510.00	770.04
1511.00	807.48
1512.00	884.72
1513.00	1097.71
1514.00	2179.04
1515.00	3590.38
1516.00	4269.14
1517.00	3625.49
1518.00	2843.75
1519.00	2122.87
1520.00	1860.73
1521.00	1593.90
1522.00	1308.36
1523.00	1109.41
1524.00	847.27
1525.00	858.98
1526.00	873.02
1527.00	807.48
1528.00	788.76
1529.00	763.01
1530.00	901.11
1531.00	924.51
1532.00	1008.77
1533.00	1870.09
1534.00	5123.43
1535.00	8816.80
1536.00	10389.64
1537.00	8131.02
1538.00	5884.11
1539.00	4404.89
1540.00	3592.72
1541.00	2822.69
1542.00	1851.36
1543.00	1203.04
1544.00	978.34
1545.00	910.47
1546.00	887.06
1547.00	791.10
1548.00	861.32
1549.00	809.83
1550.00	777.06
1551.00	809.83
1552.00	791.10
1553.00	861.32
1554.00	882.38
1555.00	826.21
1556.00	807.48
1557.00	830.89
1558.00	858.98
1559.00	863.66
1560.00	959.62
1561.00	884.72
1562.00	908.13
1563.00	938.55
1564.00	1027.50
1565.00	1270.91
1566.00	4187.22
1567.00	11115.20
1568.00	17919.14
1569.00	18520.66
1570.00	13177.22
1571.00	9469.81
1572.00	6885.86
1573.00	5874.74
1574.00	4088.92
1575.00	2466.92
1576.00	1584.54
1577.00	1336.45
1578.00	1720.29
1579.00	6207.10
1580.00	17165.49
1581.00	27878.12
1582.00	29483.73
1583.00	21247.38
1584.00	14771.12
1585.00	11054.35
1586.00	8557.00
1587.00	5881.77
1588.00	3258.03
1589.00	1783.49
1590.00	1212.40
1591.00	990.05
1592.00	924.51
1593.00	959.62
1594.00	851.96
1595.00	891.74
1596.00	880.04
1597.00	842.59
1598.00	866.00
1599.00	800.46
1600.00	784.08
1601.00	777.06
1602.00	866.00
1603.00	779.40
1604.00	793.44
1605.00	777.06
1606.00	840.25
1607.00	837.91
1608.00	781.74
1609.00	786.42
1610.00	767.70
1611.00	816.85
1612.00	821.53
1613.00	809.83
1614.00	788.76
1615.00	791.10
1616.00	807.48
1617.00	779.40
1618.00	828.55
1619.00	816.85
1620.00	739.61
1621.00	816.85
1622.00	802.80
1623.00	866.00
1624.00	770.04
1625.00	795.78
1626.00	833.23
1627.00	830.89
1628.00	802.80
1629.00	807.48
1630.00	777.06
1631.00	791.10
1632.00	809.83
1633.00	814.51
1634.00	795.78
1635.00	739.61
1636.00	777.06
1637.00	814.51
1638.00	793.44
1639.00	779.40
1640.00	755.99
1641.00	791.10
1642.00	837.91
1643.00	828.55
1644.00	805.14
1645.00	858.98
1646.00	781.74
1647.00	919.83
1648.00	861.32
1649.00	1139.84
1650.00	2597.99
1651.00	7405.46
1652.00	13408.93
1653.00	15880.53
1654.00	12592.08
1655.00	9296.61
1656.00	6546.48
1657.00	5165.56
1658.00	3805.71
1659.00	2282.02
1660.00	1441.77
1661.00	1093.03
1662.00	922.17
1663.00	901.11
1664.00	814.51
1665.00	863.66
1666.00	826.21
1667.00	868.34
1668.00	1163.25
1669.00	2553.52
1670.00	4500.85
1671.00	5888.79
1672.00	5020.45
1673.00	3833.80
1674.00	2967.80
1675.00	2366.28
1676.00	1928.60
1677.00	1350.49
1678.00	1048.56
1679.00	901.11
1680.00	823.87
1681.00	784.08
1682.00	758.33
1683.00	823.87
1684.00	746.63
1685.00	828.55
1686.00	861.32
1687.00	746.63
1688.00	788.76
1689.00	812.17
1690.00	821.53
1691.00	802.80
1692.00	765.36
1693.00	767.70
1694.00	784.08
1695.00	763.01
1696.00	816.85
1697.00	770.04
1698.00	791.10
1699.00	774.72
1700.00	795.78
1701.00	805.14
1702.00	758.33
1703.00	823.87
1704.00	784.08
1705.00	793.44
1706.00	795.78
1707.00	758.33
1708.00	795.78
1709.00	723.23
1710.00	842.59
1711.00	809.83
1712.00	830.89
1713.00	844.93
1714.00	1359.85
1715.00	3543.57
1716.00	5963.68
1717.00	7901.65
1718.00	6972.46
1719.00	5294.29
1720.00	4037.42
1721.00	3096.53
1722.00	2338.20
1723.00	1551.78
1724.00	1210.06
1725.00	901.11
1726.00	887.06
1727.00	777.06
1728.00	814.51
1729.00	823.87
1730.00	709.18
1731.00	809.83
1732.00	755.99
1733.00	779.40
1734.00	777.06
1735.00	802.80
1736.00	786.42
1737.00	716.20
1738.00	774.72
1739.00	767.70
1740.00	746.63
1741.00	734.93
1742.00	809.83
1743.00	716.20
1744.00	812.17
1745.00	767.70
1746.00	795.78
1747.00	753.65
1748.00	772.38
1749.00	809.83
1750.00	828.55
1751.00	739.61
1752.00	734.93
1753.00	730.25
1754.00	844.93
1755.00	851.96
1756.00	873.02
1757.00	802.80
1758.00	723.23
1759.00	835.57
1760.00	739.61
1761.00	786.42
1762.00	798.12
1763.00	882.38
1764.00	861.32
1765.00	816.85
1766.00	767.70
1767.00	868.34
1768.00	905.79
1769.00	938.55
1770.00	1956.69
1771.00	5617.29
1772.00	10237.50
1773.00	13458.08
1774.00	11754.17
1775.00	8608.49
1776.00	6333.49
1777.00	4645.96
1778.00	2965.46
1779.00	1959.03
1780.00	1362.19
1781.00	1053.24
1782.00	947.92
1783.00	861.32
1784.00	875.36
1785.00	809.83
1786.00	800.46
1787.00	772.38
1788.00	779.40
1789.00	748.97
1790.00	744.29
1791.00	765.36
1792.00	763.01
1793.00	835.57
1794.00	786.42
1795.00	816.85
1796.00	835.57
1797.00	1039.20
1798.00	2160.31
1799.00	4765.33
1800.00	7873.56
1801.00	8748.92
1802.00	6988.84
1803.00	5235.78
1804.00	3700.39
1805.00	2516.08
1806.00	1687.53
1807.00	1224.10
1808.00	1013.45
1809.00	889.40
1810.00	788.76
1811.00	758.33
1812.00	784.08
1813.00	784.08
1814.00	777.06
1815.00	805.14
1816.00	704.50
1817.00	814.51
1818.00	795.78
1819.00	732.59
1820.00	833.23
1821.00	739.61
1822.00	795.78
1823.00	784.08
1824.00	819.19
1825.00	760.67
1826.00	814.51
1827.00	791.10
1828.00	863.66
1829.00	833.23
1830.00	753.65
1831.00	795.78
1832.00	727.91
1833.00	791.10
1834.00	809.83
1835.00	725.57
1836.00	737.27
1837.00	760.67
1838.00	774.72
1839.00	791.10
1840.00	746.63
1841.00	765.36
1842.00	767.70
1843.00	758.33
1844.00	730.25
1845.00	702.16
1846.00	739.61
1847.00	746.63
1848.00	704.50
1849.00	706.84
1850.00	823.87
1851.00	774.72
1852.00	732.59
1853.00	770.04
1854.00	727.91
1855.00	772.38
1856.00	720.88
1857.00	692.80
1858.00	716.20
1859.00	777.06
1860.00	765.36
1861.00	746.63
1862.00	772.38
1863.00	758.33
1864.00	706.84
1865.00	688.12
1866.00	716.20
1867.00	755.99
1868.00	786.42
1869.00	758.33
1870.00	711.52
1871.00	737.27
1872.00	786.42
1873.00	744.29
1874.00	791.10
1875.00	716.20
1876.00	748.97
1877.00	763.01
1878.00	741.95
1879.00	730.25
1880.00	720.88
1881.00	788.76
1882.00	840.25
1883.00	718.54
1884.00	720.88
1885.00	704.50
1886.00	784.08
1887.00	720.88
1888.00	814.51
1889.00	772.38
1890.00	772.38
1891.00	774.72
1892.00	723.23
1893.00	763.01
1894.00	727.91
1895.00	669.39
1896.00	763.01
1897.00	812.17
1898.00	765.36
1899.00	809.83
1900.00	739.61
1901.00	737.27
1902.00	725.57
1903.00	765.36
1904.00	805.14
1905.00	720.88
1906.00	734.93
1907.00	704.50
1908.00	765.36
1909.00	720.88
1910.00	786.42
1911.00	842.59
1912.00	833.23
1913.00	819.19
1914.00	847.27
1915.00	795.78
1916.00	791.10
1917.00	737.27
1918.00	695.14
1919.00	713.86
1920.00	709.18
1921.00	706.84
1922.00	779.40
1923.00	763.01
1924.00	795.78
1925.00	751.31
1926.00	809.83
1927.00	798.12
1928.00	788.76
1929.00	795.78
1930.00	779.40
1931.00	734.93
1932.00	746.63
1933.00	800.46
1934.00	741.95
1935.00	723.23
1936.00	791.10
1937.00	737.27
1938.00	786.42
1939.00	821.53
1940.00	725.57
1941.00	770.04
1942.00	753.65
1943.00	741.95
1944.00	716.20
1945.00	741.95
1946.00	779.40
1947.00	798.12
1948.00	800.46
1949.00	791.10
1950.00	835.57
1951.00	779.40
1952.00	980.68
1953.00	2111.16
1954.00	4472.76
1955.00	6874.15
1956.00	7789.30
1957.00	5631.33
1958.00	3681.66
1959.00	2478.63
1960.00	1668.80
1961.00	1205.38
1962.00	985.37
1963.00	943.24
1964.00	821.53
1965.00	844.93
1966.00	788.76
1967.00	723.23
1968.00	720.88
1969.00	826.21
1970.00	816.85
1971.00	704.50
1972.00	746.63
1973.00	727.91
1974.00	877.70
1975.00	706.84
1976.00	807.48
1977.00	716.20
1978.00	786.42
1979.00	727.91
1980.00	910.47
1981.00	1074.31
1982.00	1167.93
1983.00	1207.72
1984.00	1144.52
1985.00	1004.09
1986.00	819.19
1987.00	828.55
1988.00	784.08
1989.00	784.08
1990.00	748.97
1991.00	718.54
1992.00	725.57
1993.00	723.23
1994.00	730.25
1995.00	739.61
1996.00	751.31
1997.00	770.04
1998.00	723.23
1999.00	734.93
2000.00	798.12
2001.00	713.86
2002.00	767.70
2003.00	758.33
2004.00	748.97
2005.00	767.70
2006.00	758.33
2007.00	746.63
2008.00	751.31
2009.00	727.91
2010.00	772.38
2011.00	695.14
2012.00	739.61
2013.00	777.06
2014.00	791.10
2015.00	772.38
2016.00	779.40
2017.00	697.48
2018.00	786.42
2019.00	737.27
2020.00	786.42
2021.00	760.67
2022.00	793.44
2023.00	774.72
2024.00	863.66
2025.00	999.41
2026.00	1076.65
2027.00	1221.76
2028.00	1123.46
2029.00	1198.35
2030.00	2237.55
2031.00	6190.72
2032.00	11508.41
2033.00	14911.55
2034.00	13408.93
2035.00	9104.68
2036.00	6118.16
2037.00	3871.25
2038.00	2457.56
2039.00	1673.48
2040.00	1219.42
2041.00	1036.86
2042.00	952.60
2043.00	905.79
2044.00	795.78
2045.00	863.66
2046.00	833.23
2047.00	805.14
