0.00	711.52
1.00	711.52
2.00	711.52
3.00	641.31
4.00	470.45
5.00	524.28
6.00	533.64
7.00	582.79
8.00	531.30
9.00	578.11
10.00	594.50
11.00	566.41
12.00	557.05
13.00	554.71
14.00	545.34
15.00	557.05
16.00	622.58
17.00	552.37
18.00	533.64
19.00	634.29
20.00	655.35
21.00	578.11
22.00	645.99
23.00	634.29
24.00	723.23
25.00	683.44
26.00	631.94
27.00	685.78
28.00	741.95
29.00	702.16
30.00	657.69
31.00	674.07
32.00	704.50
33.00	685.78
34.00	676.41
35.00	709.18
36.00	809.83
37.00	636.63
38.00	730.25
39.00	713.86
40.00	718.54
41.00	730.25
42.00	697.48
43.00	770.04
44.00	725.57
45.00	800.46
46.00	784.08
47.00	690.46
48.00	681.10
49.00	772.38
50.00	737.27
51.00	807.48
52.00	816.85
53.00	755.99
54.00	786.42
55.00	816.85
56.00	734.93
57.00	681.10
58.00	779.40
59.00	709.18
60.00	706.84
61.00	725.57
62.00	748.97
63.00	718.54
64.00	751.31
65.00	692.80
66.00	777.06
67.00	704.50
68.00	763.01
69.00	746.63
70.00	713.86
71.00	774.72
72.00	774.72
73.00	727.91
74.00	727.91
75.00	685.78
76.00	704.50
77.00	657.69
78.00	720.88
79.00	716.20
80.00	730.25
81.00	774.72
82.00	690.46
83.00	685.78
84.00	753.65
85.00	655.35
86.00	706.84
87.00	779.40
88.00	739.61
89.00	772.38
90.00	751.31
91.00	713.86
92.00	800.46
93.00	706.84
94.00	692.80
95.00	683.44
96.00	622.58
97.00	711.52
98.00	727.91
99.00	730.25
100.00	685.78
101.00	744.29
102.00	727.91
103.00	753.65
104.00	791.10
105.00	793.44
106.00	699.82
107.00	753.65
108.00	779.40
109.00	744.29
110.00	786.42
111.00	723.23
112.00	713.86
113.00	704.50
114.00	695.14
115.00	765.36
116.00	755.99
117.00	777.06
118.00	760.67
119.00	777.06
120.00	758.33
121.00	746.63
122.00	727.91
123.00	739.61
124.00	704.50
125.00	739.61
126.00	706.84
127.00	741.95
128.00	657.69
129.00	732.59
130.00	739.61
131.00	748.97
132.00	751.31
133.00	692.80
134.00	767.70
135.00	704.50
136.00	819.19
137.00	751.31
138.00	791.10
139.00	718.54
140.00	758.33
141.00	718.54
142.00	755.99
143.00	763.01
144.00	723.23
145.00	744.29
146.00	770.04
147.00	814.51
148.00	765.36
149.00	784.08
150.00	732.59
151.00	741.95
152.00	730.25
153.00	706.84
154.00	767.70
155.00	699.82
156.00	718.54
157.00	767.70
158.00	718.54
159.00	744.29
160.00	692.80
161.00	718.54
162.00	725.57
163.00	774.72
164.00	786.42
165.00	751.31
166.00	774.72
167.00	713.86
168.00	732.59
169.00	730.25
170.00	741.95
171.00	713.86
172.00	737.27
173.00	765.36
174.00	739.61
175.00	746.63
176.00	741.95
177.00	755.99
178.00	664.71
179.00	755.99
180.00	746.63
181.00	793.44
182.00	770.04
183.00	706.84
184.00	746.63
185.00	732.59
186.00	741.95
187.00	767.70
188.00	631.94
189.00	758.33
190.00	716.20
191.00	739.61
192.00	741.95
193.00	828.55
194.00	695.14
195.00	760.67
196.00	741.95
197.00	690.46
198.00	737.27
199.00	753.65
200.00	699.82
201.00	697.48
202.00	777.06
203.00	737.27
204.00	695.14
205.00	786.42
206.00	697.48
207.00	774.72
208.00	784.08
209.00	737.27
210.00	720.88
211.00	788.76
212.00	805.14
213.00	713.86
214.00	795.78
215.00	767.70
216.00	772.38
217.00	688.12
218.00	732.59
219.00	727.91
220.00	685.78
221.00	725.57
222.00	748.97
223.00	774.72
224.00	781.74
225.00	725.57
226.00	711.52
227.00	709.18
228.00	732.59
229.00	704.50
230.00	690.46
231.00	711.52
232.00	763.01
233.00	732.59
234.00	732.59
235.00	699.82
236.00	669.39
237.00	744.29
238.00	744.29
239.00	739.61
240.00	720.88
241.00	760.67
242.00	765.36
243.00	765.36
244.00	692.80
245.00	737.27
246.00	763.01
247.00	760.67
248.00	723.23
249.00	723.23
250.00	697.48
251.00	732.59
252.00	746.63
253.00	798.12
254.00	760.67
255.00	753.65
256.00	816.85
257.00	720.88
258.00	734.93
259.00	800.46
260.00	727.91
261.00	734.93
262.00	737.27
263.00	753.65
264.00	706.84
265.00	741.95
266.00	748.97
267.00	739.61
268.00	866.00
269.00	793.44
270.00	767.70
271.00	779.40
272.00	816.85
273.00	741.95
274.00	758.33
275.00	748.97
276.00	786.42
277.00	828.55
278.00	774.72
279.00	786.42
280.00	767.70
281.00	755.99
282.00	732.59
283.00	718.54
284.00	732.59
285.00	791.10
286.00	667.05
287.00	713.86
288.00	819.19
289.00	704.50
290.00	758.33
291.00	737.27
292.00	837.91
293.00	779.40
294.00	685.78
295.00	746.63
296.00	798.12
297.00	730.25
298.00	732.59
299.00	751.31
300.00	706.84
301.00	727.91
302.00	746.63
303.00	737.27
304.00	744.29
305.00	704.50
306.00	746.63
307.00	767.70
308.00	809.83
309.00	837.91
310.00	786.42
311.00	741.95
312.00	779.40
313.00	753.65
314.00	840.25
315.00	774.72
316.00	744.29
317.00	777.06
318.00	723.23
319.00	748.97
320.00	816.85
321.00	723.23
322.00	718.54
323.00	725.57
324.00	760.67
325.00	770.04
326.00	781.74
327.00	765.36
328.00	690.46
329.00	784.08
330.00	706.84
331.00	681.10
332.00	746.63
333.00	734.93
334.00	723.23
335.00	753.65
336.00	753.65
337.00	727.91
338.00	699.82
339.00	767.70
340.00	779.40
341.00	713.86
342.00	697.48
343.00	690.46
344.00	765.36
345.00	748.97
346.00	758.33
347.00	755.99
348.00	746.63
349.00	816.85
350.00	919.83
351.00	816.85
352.00	805.14
353.00	793.44
354.00	725.57
355.00	713.86
356.00	777.06
357.00	713.86
358.00	786.42
359.00	772.38
360.00	706.84
361.00	772.38
362.00	697.48
363.00	758.33
364.00	732.59
365.00	674.07
366.00	788.76
367.00	671.73
368.00	732.59
369.00	702.16
370.00	741.95
371.00	704.50
372.00	744.29
373.00	711.52
374.00	713.86
375.00	690.46
376.00	781.74
377.00	748.97
378.00	716.20
379.00	699.82
380.00	737.27
381.00	763.01
382.00	720.88
383.00	746.63
384.00	763.01
385.00	697.48
386.00	781.74
387.00	746.63
388.00	695.14
389.00	755.99
390.00	678.76
391.00	791.10
392.00	734.93
393.00	765.36
394.00	774.72
395.00	753.65
396.00	760.67
397.00	774.72
398.00	760.67
399.00	674.07
400.00	786.42
401.00	711.52
402.00	720.88
403.00	681.10
404.00	760.67
405.00	709.18
406.00	730.25
407.00	779.40
408.00	725.57
409.00	746.63
410.00	725.57
411.00	697.48
412.00	777.06
413.00	786.42
414.00	739.61
415.00	755.99
416.00	741.95
417.00	695.14
418.00	734.93
419.00	737.27
420.00	805.14
421.00	763.01
422.00	671.73
423.00	683.44
424.00	748.97
425.00	713.86
426.00	755.99
427.00	744.29
428.00	770.04
429.00	795.78
430.00	777.06
431.00	760.67
432.00	716.20
433.00	683.44
434.00	751.31
435.00	716.20
436.00	739.61
437.00	755.99
438.00	734.93
439.00	755.99
440.00	737.27
441.00	711.52
442.00	716.20
443.00	763.01
444.00	772.38
445.00	828.55
446.00	802.80
447.00	706.84
448.00	713.86
449.00	748.97
450.00	725.57
451.00	751.31
452.00	744.29
453.00	713.86
454.00	727.91
455.00	713.86
456.00	758.33
457.00	737.27
458.00	674.07
459.00	760.67
460.00	802.80
461.00	648.33
462.00	734.93
463.00	697.48
464.00	653.01
465.00	821.53
466.00	741.95
467.00	774.72
468.00	751.31
469.00	781.74
470.00	723.23
471.00	718.54
472.00	763.01
473.00	725.57
474.00	709.18
475.00	734.93
476.00	770.04
477.00	681.10
478.00	746.63
479.00	753.65
480.00	765.36
481.00	746.63
482.00	720.88
483.00	802.80
484.00	732.59
485.00	692.80
486.00	727.91
487.00	744.29
488.00	748.97
489.00	732.59
490.00	751.31
491.00	730.25
492.00	706.84
493.00	765.36
494.00	779.40
495.00	800.46
496.00	809.83
497.00	741.95
498.00	807.48
499.00	760.67
500.00	774.72
501.00	819.19
502.00	737.27
503.00	758.33
504.00	683.44
505.00	697.48
506.00	699.82
507.00	767.70
508.00	748.97
509.00	746.63
510.00	713.86
511.00	706.84
512.00	720.88
513.00	734.93
514.00	746.63
515.00	802.80
516.00	725.57
517.00	709.18
518.00	706.84
519.00	793.44
520.00	758.33
521.00	720.88
522.00	777.06
523.00	779.40
524.00	718.54
525.00	795.78
526.00	753.65
527.00	664.71
528.00	716.20
529.00	723.23
530.00	765.36
531.00	711.52
532.00	734.93
533.00	765.36
534.00	697.48
535.00	826.21
536.00	746.63
537.00	732.59
538.00	784.08
539.00	723.23
540.00	828.55
541.00	751.31
542.00	730.25
543.00	748.97
544.00	725.57
545.00	716.20
546.00	772.38
547.00	784.08
548.00	823.87
549.00	795.78
550.00	725.57
551.00	828.55
552.00	718.54
553.00	685.78
554.00	746.63
555.00	793.44
556.00	770.04
557.00	793.44
558.00	809.83
559.00	734.93
560.00	702.16
561.00	725.57
562.00	725.57
563.00	746.63
564.00	758.33
565.00	737.27
566.00	709.18
567.00	765.36
568.00	737.27
569.00	716.20
570.00	702.16
571.00	753.65
572.00	788.76
573.00	730.25
574.00	725.57
575.00	702.16
576.00	709.18
577.00	688.12
578.00	746.63
579.00	699.82
580.00	746.63
581.00	718.54
582.00	730.25
583.00	727.91
584.00	695.14
585.00	727.91
586.00	830.89
587.00	734.93
588.00	765.36
589.00	788.76
590.00	634.29
591.00	690.46
592.00	746.63
593.00	699.82
594.00	734.93
595.00	725.57
596.00	809.83
597.00	645.99
598.00	683.44
599.00	711.52
600.00	685.78
601.00	711.52
602.00	777.06
603.00	746.63
604.00	767.70
605.00	713.86
606.00	772.38
607.00	770.04
608.00	720.88
609.00	709.18
610.00	791.10
611.00	713.86
612.00	781.74
613.00	748.97
614.00	758.33
615.00	699.82
616.00	763.01
617.00	739.61
618.00	704.50
619.00	798.12
620.00	777.06
621.00	683.44
622.00	791.10
623.00	755.99
624.00	774.72
625.00	734.93
626.00	793.44
627.00	725.57
628.00	770.04
629.00	739.61
630.00	716.20
631.00	770.04
632.00	755.99
633.00	753.65
634.00	753.65
635.00	732.59
636.00	638.97
637.00	828.55
638.00	657.69
639.00	812.17
640.00	786.42
641.00	734.93
642.00	760.67
643.00	744.29
644.00	725.57
645.00	734.93
646.00	774.72
647.00	816.85
648.00	746.63
649.00	718.54
650.00	713.86
651.00	763.01
652.00	753.65
653.00	751.31
654.00	793.44
655.00	828.55
656.00	800.46
657.00	727.91
658.00	739.61
659.00	741.95
660.00	774.72
661.00	713.86
662.00	723.23
663.00	791.10
664.00	760.67
665.00	718.54
666.00	674.07
667.00	727.91
668.00	709.18
669.00	763.01
670.00	723.23
671.00	734.93
672.00	763.01
673.00	699.82
674.00	765.36
675.00	767.70
676.00	744.29
677.00	683.44
678.00	720.88
679.00	706.84
680.00	741.95
681.00	763.01
682.00	681.10
683.00	699.82
684.00	751.31
685.00	777.06
686.00	795.78
687.00	697.48
688.00	713.86
689.00	734.93
690.00	746.63
691.00	772.38
692.00	746.63
693.00	727.91
694.00	805.14
695.00	748.97
696.00	711.52
697.00	779.40
698.00	741.95
699.00	704.50
700.00	690.46
701.00	748.97
702.00	713.86
703.00	767.70
704.00	702.16
705.00	732.59
706.00	748.97
707.00	767.70
708.00	777.06
709.00	814.51
710.00	744.29
711.00	713.86
712.00	704.50
713.00	767.70
714.00	751.31
715.00	727.91
716.00	739.61
717.00	746.63
718.00	730.25
719.00	795.78
720.00	732.59
721.00	765.36
722.00	777.06
723.00	777.06
724.00	758.33
725.00	753.65
726.00	746.63
727.00	770.04
728.00	779.40
729.00	683.44
730.00	763.01
731.00	814.51
732.00	725.57
733.00	798.12
734.00	727.91
735.00	791.10
736.00	805.14
737.00	741.95
738.00	760.67
739.00	809.83
740.00	795.78
741.00	734.93
742.00	732.59
743.00	746.63
744.00	734.93
745.00	772.38
746.00	748.97
747.00	732.59
748.00	737.27
749.00	781.74
750.00	765.36
751.00	739.61
752.00	716.20
753.00	723.23
754.00	774.72
755.00	737.27
756.00	718.54
757.00	713.86
758.00	739.61
759.00	732.59
760.00	723.23
761.00	791.10
762.00	772.38
763.00	793.44
764.00	767.70
765.00	819.19
766.00	774.72
767.00	751.31
768.00	711.52
769.00	788.76
770.00	727.91
771.00	704.50
772.00	702.16
773.00	777.06
774.00	763.01
775.00	713.86
776.00	716.20
777.00	779.40
778.00	681.10
779.00	763.01
780.00	706.84
781.00	793.44
782.00	779.40
783.00	751.31
784.00	812.17
785.00	856.64
786.00	744.29
787.00	711.52
788.00	772.38
789.00	690.46
790.00	774.72
791.00	763.01
792.00	800.46
793.00	748.97
794.00	713.86
795.00	777.06
796.00	730.25
797.00	760.67
798.00	791.10
799.00	739.61
800.00	779.40
801.00	812.17
802.00	734.93
803.00	763.01
804.00	713.86
805.00	760.67
806.00	748.97
807.00	713.86
808.00	746.63
809.00	826.21
810.00	753.65
811.00	809.83
812.00	744.29
813.00	788.76
814.00	760.67
815.00	720.88
816.00	727.91
817.00	835.57
818.00	751.31
819.00	720.88
820.00	744.29
821.00	723.23
822.00	837.91
823.00	791.10
824.00	765.36
825.00	763.01
826.00	725.57
827.00	784.08
828.00	725.57
829.00	753.65
830.00	744.29
831.00	758.33
832.00	760.67
833.00	753.65
834.00	753.65
835.00	704.50
836.00	760.67
837.00	772.38
838.00	800.46
839.00	732.59
840.00	739.61
841.00	800.46
842.00	777.06
843.00	706.84
844.00	732.59
845.00	746.63
846.00	746.63
847.00	763.01
848.00	751.31
849.00	695.14
850.00	730.25
851.00	793.44
852.00	821.53
853.00	720.88
854.00	716.20
855.00	753.65
856.00	767.70
857.00	767.70
858.00	688.12
859.00	739.61
860.00	711.52
861.00	777.06
862.00	711.52
863.00	734.93
864.00	741.95
865.00	683.44
866.00	784.08
867.00	737.27
868.00	713.86
869.00	641.31
870.00	692.80
871.00	667.05
872.00	746.63
873.00	706.84
874.00	732.59
875.00	720.88
876.00	683.44
877.00	725.57
878.00	751.31
879.00	732.59
880.00	772.38
881.00	746.63
882.00	755.99
883.00	805.14
884.00	798.12
885.00	795.78
886.00	753.65
887.00	744.29
888.00	758.33
889.00	767.70
890.00	786.42
891.00	774.72
892.00	741.95
893.00	723.23
894.00	699.82
895.00	678.76
896.00	798.12
897.00	763.01
898.00	697.48
899.00	753.65
900.00	739.61
901.00	739.61
902.00	786.42
903.00	784.08
904.00	807.48
905.00	861.32
906.00	866.00
907.00	856.64
908.00	861.32
909.00	819.19
910.00	866.00
911.00	809.83
912.00	882.38
913.00	910.47
914.00	915.15
915.00	819.19
916.00	884.72
917.00	816.85
918.00	870.68
919.00	774.72
920.00	711.52
921.00	730.25
922.00	788.76
923.00	772.38
924.00	774.72
925.00	821.53
926.00	713.86
927.00	746.63
928.00	730.25
929.00	739.61
930.00	709.18
931.00	755.99
932.00	723.23
933.00	755.99
934.00	638.97
935.00	760.67
936.00	767.70
937.00	793.44
938.00	711.52
939.00	711.52
940.00	746.63
941.00	748.97
942.00	779.40
943.00	732.59
944.00	702.16
945.00	814.51
946.00	1064.94
947.00	1631.35
948.00	2111.16
949.00	1849.02
950.00	1593.90
951.00	1308.36
952.00	1135.16
953.00	1078.99
954.00	863.66
955.00	760.67
956.00	858.98
957.00	772.38
958.00	741.95
959.00	767.70
960.00	741.95
961.00	667.05
962.00	748.97
963.00	763.01
964.00	713.86
965.00	744.29
966.00	713.86
967.00	786.42
968.00	770.04
969.00	748.97
970.00	734.93
971.00	788.76
972.00	772.38
973.00	758.33
974.00	734.93
975.00	788.76
976.00	737.27
977.00	713.86
978.00	777.06
979.00	683.44
980.00	858.98
981.00	697.48
982.00	763.01
983.00	772.38
984.00	779.40
985.00	755.99
986.00	784.08
987.00	772.38
988.00	727.91
989.00	774.72
990.00	765.36
991.00	669.39
992.00	737.27
993.00	709.18
994.00	730.25
995.00	699.82
996.00	725.57
997.00	723.23
998.00	758.33
999.00	744.29
1000.00	737.27
1001.00	793.44
1002.00	737.27
1003.00	725.57
1004.00	744.29
1005.00	765.36
1006.00	788.76
1007.00	774.72
1008.00	765.36
1009.00	730.25
1010.00	770.04
1011.00	786.42
1012.00	774.72
1013.00	737.27
1014.00	734.93
1015.00	760.67
1016.00	730.25
1017.00	763.01
1018.00	739.61
1019.00	772.38
1020.00	746.63
1021.00	695.14
1022.00	760.67
1023.00	779.40
1024.00	772.38
1025.00	746.63
1026.00	739.61
1027.00	725.57
1028.00	741.95
1029.00	758.33
1030.00	753.65
1031.00	723.23
1032.00	781.74
1033.00	748.97
1034.00	716.20
1035.00	702.16
1036.00	699.82
1037.00	746.63
1038.00	678.76
1039.00	690.46
1040.00	688.12
1041.00	788.76
1042.00	819.19
1043.00	777.06
1044.00	798.12
1045.00	795.78
1046.00	840.25
1047.00	753.65
1048.00	727.91
1049.00	767.70
1050.00	807.48
1051.00	760.67
1052.00	720.88
1053.00	791.10
1054.00	678.76
1055.00	777.06
1056.00	758.33
1057.00	760.67
1058.00	767.70
1059.00	713.86
1060.00	734.93
1061.00	664.71
1062.00	772.38
1063.00	704.50
1064.00	760.67
1065.00	730.25
1066.00	755.99
1067.00	777.06
1068.00	826.21
1069.00	720.88
1070.00	734.93
1071.00	725.57
1072.00	734.93
1073.00	814.51
1074.00	748.97
1075.00	751.31
1076.00	702.16
1077.00	739.61
1078.00	727.91
1079.00	695.14
1080.00	821.53
1081.00	767.70
1082.00	763.01
1083.00	770.04
1084.00	664.71
1085.00	739.61
1086.00	667.05
1087.00	798.12
1088.00	763.01
1089.00	802.80
1090.00	692.80
1091.00	753.65
1092.00	763.01
1093.00	767.70
1094.00	793.44
1095.00	765.36
1096.00	739.61
1097.00	711.52
1098.00	770.04
1099.00	763.01
1100.00	800.46
1101.00	812.17
1102.00	849.61
1103.00	854.30
1104.00	842.59
1105.00	814.51
1106.00	812.17
1107.00	793.44
1108.00	699.82
1109.00	730.25
1110.00	734.93
1111.00	788.76
1112.00	727.91
1113.00	718.54
1114.00	851.96
1115.00	751.31
1116.00	767.70
1117.00	767.70
1118.00	784.08
1119.00	760.67
1120.00	746.63
1121.00	774.72
1122.00	737.27
1123.00	760.67
1124.00	760.67
1125.00	802.80
1126.00	753.65
1127.00	819.19
1128.00	653.01
1129.00	751.31
1130.00	779.40
1131.00	774.72
1132.00	812.17
1133.00	791.10
1134.00	760.67
1135.00	760.67
1136.00	709.18
1137.00	791.10
1138.00	802.80
1139.00	786.42
1140.00	786.42
1141.00	770.04
1142.00	835.57
1143.00	786.42
1144.00	809.83
1145.00	866.00
1146.00	753.65
1147.00	791.10
1148.00	706.84
1149.00	737.27
1150.00	746.63
1151.00	751.31
1152.00	695.14
1153.00	781.74
1154.00	828.55
1155.00	786.42
1156.00	774.72
1157.00	788.76
1158.00	849.61
1159.00	800.46
1160.00	821.53
1161.00	866.00
1162.00	884.72
1163.00	795.78
1164.00	786.42
1165.00	786.42
1166.00	882.38
1167.00	1029.84
1168.00	1111.75
1169.00	1200.69
1170.00	1121.12
1171.00	1067.28
1172.00	952.60
1173.00	964.30
1174.00	882.38
1175.00	856.64
1176.00	830.89
1177.00	833.23
1178.00	760.67
1179.00	863.66
1180.00	807.48
1181.00	809.83
1182.00	830.89
1183.00	898.77
1184.00	863.66
1185.00	791.10
1186.00	837.91
1187.00	814.51
1188.00	833.23
1189.00	851.96
1190.00	844.93
1191.00	870.68
1192.00	901.11
1193.00	968.98
1194.00	861.32
1195.00	894.08
1196.00	856.64
1197.00	933.87
1198.00	840.25
1199.00	877.70
1200.00	894.08
1201.00	896.43
1202.00	1132.82
1203.00	1104.73
1204.00	1114.10
1205.00	1071.97
1206.00	1034.52
1207.00	999.41
1208.00	1008.77
1209.00	1008.77
1210.00	999.41
1211.00	997.07
1212.00	1013.45
1213.00	1004.09
1214.00	992.39
1215.00	1149.20
1216.00	1249.85
1217.00	1364.53
1218.00	1511.99
1219.00	1708.59
1220.00	3283.77
1221.00	17933.18
1222.00	50749.84
1223.00	65144.13
1224.00	64584.74
1225.00	56809.48
1226.00	43955.26
1227.00	32687.92
1228.00	26656.36
1229.00	19351.55
1230.00	9413.63
1231.00	3946.14
1232.00	2059.67
1233.00	1624.33
1234.00	1390.28
1235.00	1315.38
1236.00	1301.34
1237.00	1235.80
1238.00	1156.22
1239.00	1427.73
1240.00	3204.19
1241.00	5600.90
1242.00	6953.73
1243.00	5818.57
1244.00	4397.87
1245.00	3297.81
1246.00	2719.70
1247.00	2366.28
1248.00	1750.72
1249.00	1280.27
1250.00	966.64
1251.00	959.62
1252.00	903.45
1253.00	987.71
1254.00	919.83
1255.00	1036.86
1256.00	1006.43
1257.00	1001.75
1258.00	954.94
1259.00	947.92
1260.00	945.58
1261.00	1015.79
1262.00	854.30
1263.00	945.58
1264.00	828.55
1265.00	908.13
1266.00	910.47
1267.00	856.64
1268.00	947.92
1269.00	868.34
1270.00	840.25
1271.00	903.45
1272.00	793.44
1273.00	858.98
1274.00	779.40
1275.00	887.06
1276.00	908.13
1277.00	931.53
1278.00	1013.45
1279.00	2387.35
1280.00	6078.37
1281.00	10583.90
1282.00	12023.33
1283.00	9116.39
1284.00	6719.68
1285.00	5053.22
1286.00	4215.30
1287.00	3377.39
1288.00	2150.95
1289.00	1341.13
1290.00	1006.43
1291.00	947.92
1292.00	915.15
1293.00	968.98
1294.00	929.19
1295.00	887.06
1296.00	931.53
1297.00	858.98
1298.00	901.11
1299.00	1568.16
1300.00	2609.70
1301.00	3332.92
1302.00	3028.65
1303.00	2457.56
1304.00	1933.28
1305.00	1589.22
1306.00	1413.68
1307.00	1233.46
1308.00	1004.09
1309.00	931.53
1310.00	854.30
1311.00	830.89
1312.00	837.91
1313.00	903.45
1314.00	938.55
1315.00	889.40
1316.00	882.38
1317.00	767.70
1318.00	805.14
1319.00	791.10
1320.00	753.65
1321.00	814.51
1322.00	791.10
1323.00	784.08
1324.00	800.46
1325.00	748.97
1326.00	830.89
1327.00	786.42
1328.00	767.70
1329.00	788.76
1330.00	748.97
1331.00	788.76
1332.00	837.91
1333.00	947.92
1334.00	1732.00
1335.00	2822.69
1336.00	3662.94
1337.00	3236.96
1338.00	2502.03
1339.00	2026.90
1340.00	1692.21
1341.00	1519.01
1342.00	1217.08
1343.00	961.96
1344.00	856.64
1345.00	833.23
1346.00	861.32
1347.00	777.06
1348.00	755.99
1349.00	777.06
1350.00	812.17
1351.00	798.12
1352.00	826.21
1353.00	830.89
1354.00	821.53
1355.00	795.78
1356.00	903.45
1357.00	840.25
1358.00	812.17
1359.00	866.00
1360.00	976.00
1361.00	1055.58
1362.00	2265.64
1363.00	5516.64
1364.00	9245.12
1365.00	10092.39
1366.00	7782.28
1367.00	5811.55
1368.00	4126.36
1369.00	3770.60
1370.00	2930.35
1371.00	1872.43
1372.00	1336.45
1373.00	1149.20
1374.00	1036.86
1375.00	1167.93
1376.00	2920.99
1377.00	8802.75
1378.00	15644.14
1379.00	18307.67
1380.00	13886.40
1381.00	9776.42
1382.00	7208.85
1383.00	5909.85
1384.00	4587.45
1385.00	2920.99
1386.00	1547.09
1387.00	1137.50
1388.00	1060.26
1389.00	873.02
1390.00	957.28
1391.00	922.17
1392.00	894.08
1393.00	884.72
1394.00	945.58
1395.00	910.47
1396.00	851.96
1397.00	950.26
1398.00	1128.14
1399.00	1123.46
1400.00	1282.61
1401.00	1273.25
1402.00	1193.67
1403.00	1132.82
1404.00	1109.41
1405.00	1177.29
1406.00	1996.48
1407.00	8208.26
1408.00	19798.59
1409.00	29916.73
1410.00	26590.83
1411.00	18487.89
1412.00	13013.38
1413.00	10045.58
1414.00	8189.53
1415.00	5406.64
1416.00	2785.24
1417.00	1603.27
1418.00	1228.78
1419.00	1067.28
1420.00	1891.15
1421.00	4311.27
1422.00	6813.30
1423.00	7566.95
1424.00	6097.10
1425.00	4271.48
1426.00	3314.20
1427.00	2803.96
1428.00	2249.25
1429.00	1556.46
1430.00	1123.46
1431.00	985.37
1432.00	922.17
1433.00	908.13
1434.00	922.17
1435.00	901.11
1436.00	858.98
1437.00	884.72
1438.00	837.91
1439.00	795.78
1440.00	767.70
1441.00	774.72
1442.00	851.96
1443.00	873.02
1444.00	755.99
1445.00	772.38
1446.00	777.06
1447.00	856.64
1448.00	786.42
1449.00	753.65
1450.00	821.53
1451.00	896.43
1452.00	830.89
1453.00	870.68
1454.00	896.43
1455.00	1219.42
1456.00	2429.48
1457.00	4224.67
1458.00	4905.76
1459.00	4032.74
1460.00	3056.74
1461.00	2408.41
1462.00	2097.12
1463.00	1701.57
1464.00	1291.98
1465.00	1029.84
1466.00	854.30
1467.00	875.36
1468.00	875.36
1469.00	800.46
1470.00	830.89
1471.00	833.23
1472.00	800.46
1473.00	805.14
1474.00	781.74
1475.00	767.70
1476.00	844.93
1477.00	828.55
1478.00	823.87
1479.00	875.36
1480.00	849.61
1481.00	844.93
1482.00	905.79
1483.00	936.21
1484.00	835.57
1485.00	912.81
1486.00	894.08
1487.00	1186.65
1488.00	3559.95
1489.00	9121.07
1490.00	14721.97
1491.00	15084.75
1492.00	10878.81
1493.00	7695.68
1494.00	5659.42
1495.00	4807.46
1496.00	3480.38
1497.00	1968.39
1498.00	1301.34
1499.00	901.11
1500.00	908.13
1501.00	849.61
1502.00	823.87
1503.00	812.17
1504.00	812.17
1505.00	807.48
1506.00	793.44
1507.00	791.10
1508.00	833.23
1509.00	931.53
1510.00	821.53
1511.00	819.19
1512.00	870.68
1513.00	1029.84
1514.00	2118.18
1515.00	3623.15
1516.00	4451.70
1517.00	3838.48
1518.00	2897.58
1519.00	2284.36
1520.00	1837.32
1521.00	1645.40
1522.00	1245.16
1523.00	1020.47
1524.00	873.02
1525.00	819.19
1526.00	795.78
1527.00	807.48
1528.00	828.55
1529.00	866.00
1530.00	873.02
1531.00	1008.77
1532.00	1046.22
1533.00	2076.06
1534.00	5100.03
1535.00	9132.77
1536.00	10991.16
1537.00	8535.93
1538.00	6195.40
1539.00	4695.11
1540.00	3669.96
1541.00	2857.79
1542.00	1963.71
1543.00	1207.72
1544.00	997.07
1545.00	915.15
1546.00	826.21
1547.00	842.59
1548.00	961.96
1549.00	858.98
1550.00	863.66
1551.00	809.83
1552.00	833.23
1553.00	877.70
1554.00	844.93
1555.00	851.96
1556.00	821.53
1557.00	880.04
1558.00	884.72
1559.00	840.25
1560.00	898.77
1561.00	908.13
1562.00	912.81
1563.00	1018.13
1564.00	973.66
1565.00	1301.34
1566.00	4257.43
1567.00	11391.39
1568.00	19274.31
1569.00	19817.32
1570.00	13914.48
1571.00	9982.38
1572.00	7265.02
1573.00	6031.56
1574.00	4142.75
1575.00	2464.58
1576.00	1521.35
1577.00	1343.47
1578.00	1746.04
1579.00	6340.51
1580.00	17249.75
1581.00	30632.93
1582.00	32390.67
1583.00	22670.43
1584.00	15580.95
1585.00	11438.20
1586.00	8990.00
1587.00	6256.25
1588.00	3487.40
1589.00	1806.89
1590.00	1245.16
1591.00	1064.94
1592.00	976.00
1593.00	903.45
1594.00	868.34
1595.00	858.98
1596.00	873.02
1597.00	809.83
1598.00	844.93
1599.00	718.54
1600.00	765.36
1601.00	734.93
1602.00	718.54
1603.00	807.48
1604.00	856.64
1605.00	744.29
1606.00	786.42
1607.00	795.78
1608.00	828.55
1609.00	833.23
1610.00	718.54
1611.00	725.57
1612.00	851.96
1613.00	720.88
1614.00	791.10
1615.00	828.55
1616.00	800.46
1617.00	734.93
1618.00	748.97
1619.00	835.57
1620.00	786.42
1621.00	870.68
1622.00	805.14
1623.00	795.78
1624.00	767.70
1625.00	748.97
1626.00	821.53
1627.00	763.01
1628.00	828.55
1629.00	777.06
1630.00	779.40
1631.00	795.78
1632.00	802.80
1633.00	809.83
1634.00	781.74
1635.00	781.74
1636.00	781.74
1637.00	821.53
1638.00	816.85
1639.00	823.87
1640.00	835.57
1641.00	690.46
1642.00	755.99
1643.00	807.48
1644.00	781.74
1645.00	814.51
1646.00	851.96
1647.00	868.34
1648.00	877.70
1649.00	1048.56
1650.00	2436.50
1651.00	7627.81
1652.00	13626.60
1653.00	17142.08
1654.00	13221.69
1655.00	9490.87
1656.00	7037.99
1657.00	5310.68
1658.00	4007.00
1659.00	2548.84
1660.00	1493.26
1661.00	1139.84
1662.00	987.71
1663.00	947.92
1664.00	823.87
1665.00	828.55
1666.00	844.93
1667.00	959.62
1668.00	1233.46
1669.00	2677.57
1670.00	4685.75
1671.00	6228.17
1672.00	5378.55
1673.00	4079.55
1674.00	3080.14
1675.00	2408.41
1676.00	1954.35
1677.00	1444.11
1678.00	1062.60
1679.00	873.02
1680.00	896.43
1681.00	851.96
1682.00	755.99
1683.00	791.10
1684.00	755.99
1685.00	781.74
1686.00	758.33
1687.00	770.04
1688.00	777.06
1689.00	784.08
1690.00	741.95
1691.00	784.08
1692.00	765.36
1693.00	861.32
1694.00	744.29
1695.00	774.72
1696.00	739.61
1697.00	788.76
1698.00	819.19
1699.00	751.31
1700.00	758.33
1701.00	734.93
1702.00	795.78
1703.00	809.83
1704.00	819.19
1705.00	777.06
1706.00	767.70
1707.00	753.65
1708.00	837.91
1709.00	791.10
1710.00	812.17
1711.00	763.01
1712.00	772.38
1713.00	835.57
1714.00	1383.26
1715.00	3557.61
1716.00	6265.61
1717.00	8400.18
1718.00	7403.11
1719.00	5549.41
1720.00	4095.94
1721.00	3267.39
1722.00	2314.79
1723.00	1605.61
1724.00	1193.67
1725.00	987.71
1726.00	861.32
1727.00	807.48
1728.00	814.51
1729.00	812.17
1730.00	795.78
1731.00	763.01
1732.00	816.85
1733.00	732.59
1734.00	763.01
1735.00	732.59
1736.00	798.12
1737.00	823.87
1738.00	856.64
1739.00	746.63
1740.00	812.17
1741.00	784.08
1742.00	774.72
1743.00	753.65
1744.00	772.38
1745.00	828.55
1746.00	847.27
1747.00	760.67
1748.00	741.95
1749.00	786.42
1750.00	791.10
1751.00	774.72
1752.00	758.33
1753.00	760.67
1754.00	765.36
1755.00	870.68
1756.00	781.74
1757.00	854.30
1758.00	751.31
1759.00	718.54
1760.00	809.83
1761.00	765.36
1762.00	763.01
1763.00	856.64
1764.00	802.80
1765.00	835.57
1766.00	758.33
1767.00	842.59
1768.00	858.98
1769.00	973.66
1770.00	2064.35
1771.00	5720.27
1772.00	11117.54
1773.00	14827.29
1774.00	12798.05
1775.00	9287.25
1776.00	6705.63
1777.00	4870.65
1778.00	3204.19
1779.00	2038.61
1780.00	1273.25
1781.00	1130.48
1782.00	971.32
1783.00	882.38
1784.00	908.13
1785.00	833.23
1786.00	828.55
1787.00	812.17
1788.00	837.91
1789.00	765.36
1790.00	866.00
1791.00	875.36
1792.00	784.08
1793.00	781.74
1794.00	837.91
1795.00	807.48
1796.00	882.38
1797.00	1022.81
1798.00	2265.64
1799.00	4882.36
1800.00	8285.50
1801.00	9373.85
1802.00	7494.40
1803.00	5542.39
1804.00	3950.82
1805.00	2698.64
1806.00	1825.62
1807.00	1387.94
1808.00	1053.24
1809.00	875.36
1810.00	851.96
1811.00	802.80
1812.00	828.55
1813.00	788.76
1814.00	793.44
1815.00	737.27
1816.00	774.72
1817.00	809.83
1818.00	713.86
1819.00	795.78
1820.00	777.06
1821.00	774.72
1822.00	774.72
1823.00	807.48
1824.00	784.08
1825.00	786.42
1826.00	858.98
1827.00	734.93
1828.00	887.06
1829.00	837.91
1830.00	767.70
1831.00	777.06
1832.00	702.16
1833.00	779.40
1834.00	805.14
1835.00	779.40
1836.00	713.86
1837.00	723.23
1838.00	718.54
1839.00	821.53
1840.00	770.04
1841.00	755.99
1842.00	779.40
1843.00	793.44
1844.00	800.46
1845.00	760.67
1846.00	664.71
1847.00	704.50
1848.00	723.23
1849.00	737.27
1850.00	758.33
1851.00	770.04
1852.00	739.61
1853.00	779.40
1854.00	758.33
1855.00	697.48
1856.00	660.03
1857.00	725.57
1858.00	767.70
1859.00	774.72
1860.00	692.80
1861.00	741.95
1862.00	695.14
1863.00	786.42
1864.00	763.01
1865.00	695.14
1866.00	723.23
1867.00	723.23
1868.00	737.27
1869.00	753.65
1870.00	730.25
1871.00	627.26
1872.00	737.27
1873.00	765.36
1874.00	777.06
1875.00	734.93
1876.00	788.76
1877.00	723.23
1878.00	741.95
1879.00	702.16
1880.00	685.78
1881.00	697.48
1882.00	779.40
1883.00	816.85
1884.00	723.23
1885.00	753.65
1886.00	748.97
1887.00	725.57
1888.00	798.12
1889.00	676.41
1890.00	744.29
1891.00	786.42
1892.00	727.91
1893.00	741.95
1894.00	812.17
1895.00	760.67
1896.00	777.06
1897.00	763.01
1898.00	795.78
1899.00	716.20
1900.00	758.33
1901.00	716.20
1902.00	763.01
1903.00	807.48
1904.00	746.63
1905.00	767.70
1906.00	798.12
1907.00	751.31
1908.00	702.16
1909.00	791.10
1910.00	837.91
1911.00	814.51
1912.00	858.98
1913.00	861.32
1914.00	807.48
1915.00	835.57
1916.00	840.25
1917.00	791.10
1918.00	758.33
1919.00	732.59
1920.00	734.93
1921.00	725.57
1922.00	723.23
1923.00	732.59
1924.00	784.08
1925.00	816.85
1926.00	685.78
1927.00	709.18
1928.00	650.67
1929.00	709.18
1930.00	795.78
1931.00	777.06
1932.00	725.57
1933.00	791.10
1934.00	767.70
1935.00	748.97
1936.00	779.40
1937.00	741.95
1938.00	795.78
1939.00	697.48
1940.00	732.59
1941.00	784.08
1942.00	737.27
1943.00	718.54
1944.00	711.52
1945.00	767.70
1946.00	730.25
1947.00	786.42
1948.00	819.19
1949.00	772.38
1950.00	833.23
1951.00	842.59
1952.00	1142.18
1953.00	2186.06
1954.00	4662.35
1955.00	7236.94
1956.00	8255.07
1957.00	5830.27
1958.00	3829.12
1959.00	2438.84
1960.00	1626.67
1961.00	1221.76
1962.00	985.37
1963.00	973.66
1964.00	823.87
1965.00	891.74
1966.00	791.10
1967.00	840.25
1968.00	730.25
1969.00	814.51
1970.00	734.93
1971.00	793.44
1972.00	770.04
1973.00	748.97
1974.00	800.46
1975.00	765.36
1976.00	765.36
1977.00	800.46
1978.00	791.10
1979.00	755.99
1980.00	828.55
1981.00	994.73
1982.00	1163.25
1983.00	1184.31
1984.00	1114.10
1985.00	908.13
1986.00	861.32
1987.00	840.25
1988.00	793.44
1989.00	760.67
1990.00	779.40
1991.00	772.38
1992.00	725.57
1993.00	720.88
1994.00	774.72
1995.00	819.19
1996.00	718.54
1997.00	723.23
1998.00	763.01
1999.00	798.12
2000.00	753.65
2001.00	746.63
2002.00	753.65
2003.00	755.99
2004.00	711.52
2005.00	760.67
2006.00	802.80
2007.00	727.91
2008.00	706.84
2009.00	737.27
2010.00	784.08
2011.00	805.14
2012.00	779.40
2013.00	823.87
2014.00	753.65
2015.00	737.27
2016.00	720.88
2017.00	774.72
2018.00	744.29
2019.00	753.65
2020.00	718.54
2021.00	748.97
2022.00	821.53
2023.00	842.59
2024.00	894.08
2025.00	905.79
2026.00	1181.97
2027.00	1219.42
2028.00	1170.27
2029.00	1142.18
2030.00	2256.28
2031.00	6253.91
2032.00	11950.78
2033.00	15805.64
2034.00	14677.50
2035.00	10106.43
2036.00	6595.63
2037.00	4060.83
2038.00	2696.30
2039.00	1673.48
2040.00	1254.53
2041.00	1064.94
2042.00	919.83
2043.00	894.08
2044.00	802.80
2045.00	823.87
2046.00	777.06
2047.00	826.21
