0.00	620.24
1.00	620.24
2.00	620.24
3.00	559.39
4.00	505.56
5.00	608.54
6.00	587.47
7.00	601.52
8.00	526.62
9.00	559.39
10.00	564.07
11.00	554.71
12.00	571.09
13.00	524.28
14.00	557.05
15.00	545.34
16.00	573.43
17.00	624.92
18.00	615.56
19.00	592.16
20.00	608.54
21.00	660.03
22.00	589.82
23.00	641.31
24.00	674.07
25.00	725.57
26.00	638.97
27.00	718.54
28.00	681.10
29.00	709.18
30.00	699.82
31.00	688.12
32.00	688.12
33.00	664.71
34.00	720.88
35.00	713.86
36.00	674.07
37.00	734.93
38.00	713.86
39.00	732.59
40.00	800.46
41.00	753.65
42.00	784.08
43.00	807.48
44.00	734.93
45.00	753.65
46.00	711.52
47.00	725.57
48.00	732.59
49.00	763.01
50.00	795.78
51.00	741.95
52.00	746.63
53.00	767.70
54.00	692.80
55.00	758.33
56.00	718.54
57.00	711.52
58.00	777.06
59.00	746.63
60.00	737.27
61.00	774.72
62.00	774.72
63.00	669.39
64.00	692.80
65.00	681.10
66.00	748.97
67.00	662.37
68.00	751.31
69.00	683.44
70.00	690.46
71.00	739.61
72.00	711.52
73.00	669.39
74.00	716.20
75.00	746.63
76.00	774.72
77.00	706.84
78.00	812.17
79.00	765.36
80.00	732.59
81.00	704.50
82.00	732.59
83.00	725.57
84.00	748.97
85.00	709.18
86.00	702.16
87.00	737.27
88.00	720.88
89.00	732.59
90.00	723.23
91.00	751.31
92.00	791.10
93.00	809.83
94.00	767.70
95.00	744.29
96.00	732.59
97.00	692.80
98.00	688.12
99.00	784.08
100.00	812.17
101.00	713.86
102.00	648.33
103.00	669.39
104.00	744.29
105.00	723.23
106.00	770.04
107.00	704.50
108.00	737.27
109.00	706.84
110.00	713.86
111.00	678.76
112.00	692.80
113.00	758.33
114.00	767.70
115.00	702.16
116.00	695.14
117.00	690.46
118.00	727.91
119.00	755.99
120.00	706.84
121.00	695.14
122.00	709.18
123.00	730.25
124.00	784.08
125.00	676.41
126.00	770.04
127.00	730.25
128.00	727.91
129.00	704.50
130.00	751.31
131.00	723.23
132.00	732.59
133.00	702.16
134.00	758.33
135.00	779.40
136.00	767.70
137.00	732.59
138.00	692.80
139.00	702.16
140.00	702.16
141.00	739.61
142.00	755.99
143.00	732.59
144.00	786.42
145.00	772.38
146.00	772.38
147.00	821.53
148.00	816.85
149.00	765.36
150.00	730.25
151.00	739.61
152.00	730.25
153.00	770.04
154.00	739.61
155.00	763.01
156.00	662.37
157.00	758.33
158.00	711.52
159.00	704.50
160.00	709.18
161.00	760.67
162.00	765.36
163.00	774.72
164.00	746.63
165.00	713.86
166.00	716.20
167.00	748.97
168.00	772.38
169.00	683.44
170.00	763.01
171.00	737.27
172.00	748.97
173.00	737.27
174.00	741.95
175.00	697.48
176.00	746.63
177.00	653.01
178.00	753.65
179.00	753.65
180.00	645.99
181.00	763.01
182.00	676.41
183.00	690.46
184.00	746.63
185.00	744.29
186.00	732.59
187.00	781.74
188.00	777.06
189.00	741.95
190.00	739.61
191.00	669.39
192.00	727.91
193.00	716.20
194.00	741.95
195.00	711.52
196.00	798.12
197.00	826.21
198.00	791.10
199.00	795.78
200.00	779.40
201.00	765.36
202.00	706.84
203.00	795.78
204.00	798.12
205.00	741.95
206.00	781.74
207.00	713.86
208.00	692.80
209.00	706.84
210.00	737.27
211.00	669.39
212.00	725.57
213.00	758.33
214.00	699.82
215.00	657.69
216.00	678.76
217.00	755.99
218.00	723.23
219.00	765.36
220.00	716.20
221.00	690.46
222.00	807.48
223.00	767.70
224.00	833.23
225.00	748.97
226.00	713.86
227.00	837.91
228.00	748.97
229.00	725.57
230.00	744.29
231.00	704.50
232.00	788.76
233.00	718.54
234.00	732.59
235.00	746.63
236.00	760.67
237.00	702.16
238.00	685.78
239.00	706.84
240.00	690.46
241.00	706.84
242.00	720.88
243.00	720.88
244.00	690.46
245.00	744.29
246.00	751.31
247.00	713.86
248.00	748.97
249.00	777.06
250.00	753.65
251.00	774.72
252.00	767.70
253.00	718.54
254.00	748.97
255.00	732.59
256.00	812.17
257.00	767.70
258.00	716.20
259.00	802.80
260.00	716.20
261.00	706.84
262.00	753.65
263.00	674.07
264.00	795.78
265.00	723.23
266.00	772.38
267.00	863.66
268.00	774.72
269.00	713.86
270.00	805.14
271.00	767.70
272.00	779.40
273.00	777.06
274.00	805.14
275.00	781.74
276.00	849.61
277.00	809.83
278.00	840.25
279.00	791.10
280.00	760.67
281.00	835.57
282.00	805.14
283.00	802.80
284.00	709.18
285.00	753.65
286.00	669.39
287.00	751.31
288.00	744.29
289.00	730.25
290.00	723.23
291.00	674.07
292.00	690.46
293.00	746.63
294.00	706.84
295.00	732.59
296.00	802.80
297.00	713.86
298.00	706.84
299.00	734.93
300.00	746.63
301.00	746.63
302.00	751.31
303.00	725.57
304.00	723.23
305.00	746.63
306.00	807.48
307.00	760.67
308.00	833.23
309.00	788.76
310.00	751.31
311.00	777.06
312.00	854.30
313.00	788.76
314.00	692.80
315.00	727.91
316.00	777.06
317.00	814.51
318.00	760.67
319.00	734.93
320.00	760.67
321.00	755.99
322.00	751.31
323.00	746.63
324.00	732.59
325.00	730.25
326.00	767.70
327.00	739.61
328.00	772.38
329.00	709.18
330.00	744.29
331.00	730.25
332.00	744.29
333.00	711.52
334.00	748.97
335.00	774.72
336.00	692.80
337.00	732.59
338.00	734.93
339.00	716.20
340.00	772.38
341.00	791.10
342.00	774.72
343.00	821.53
344.00	791.10
345.00	812.17
346.00	807.48
347.00	842.59
348.00	861.32
349.00	849.61
350.00	898.77
351.00	842.59
352.00	777.06
353.00	774.72
354.00	784.08
355.00	758.33
356.00	802.80
357.00	744.29
358.00	784.08
359.00	744.29
360.00	751.31
361.00	758.33
362.00	809.83
363.00	793.44
364.00	748.97
365.00	748.97
366.00	751.31
367.00	704.50
368.00	748.97
369.00	784.08
370.00	704.50
371.00	716.20
372.00	683.44
373.00	657.69
374.00	695.14
375.00	730.25
376.00	821.53
377.00	753.65
378.00	702.16
379.00	737.27
380.00	774.72
381.00	770.04
382.00	739.61
383.00	755.99
384.00	737.27
385.00	732.59
386.00	748.97
387.00	709.18
388.00	739.61
389.00	725.57
390.00	711.52
391.00	709.18
392.00	800.46
393.00	727.91
394.00	692.80
395.00	702.16
396.00	777.06
397.00	660.03
398.00	699.82
399.00	730.25
400.00	727.91
401.00	713.86
402.00	716.20
403.00	725.57
404.00	821.53
405.00	734.93
406.00	699.82
407.00	774.72
408.00	741.95
409.00	725.57
410.00	767.70
411.00	767.70
412.00	716.20
413.00	760.67
414.00	678.76
415.00	711.52
416.00	739.61
417.00	777.06
418.00	697.48
419.00	746.63
420.00	767.70
421.00	737.27
422.00	784.08
423.00	683.44
424.00	774.72
425.00	777.06
426.00	910.47
427.00	755.99
428.00	713.86
429.00	716.20
430.00	739.61
431.00	770.04
432.00	699.82
433.00	793.44
434.00	704.50
435.00	760.67
436.00	716.20
437.00	671.73
438.00	709.18
439.00	744.29
440.00	727.91
441.00	704.50
442.00	781.74
443.00	774.72
444.00	725.57
445.00	723.23
446.00	753.65
447.00	734.93
448.00	748.97
449.00	678.76
450.00	791.10
451.00	741.95
452.00	784.08
453.00	767.70
454.00	784.08
455.00	734.93
456.00	699.82
457.00	805.14
458.00	767.70
459.00	699.82
460.00	669.39
461.00	746.63
462.00	732.59
463.00	741.95
464.00	765.36
465.00	699.82
466.00	772.38
467.00	812.17
468.00	751.31
469.00	741.95
470.00	734.93
471.00	786.42
472.00	763.01
473.00	748.97
474.00	720.88
475.00	744.29
476.00	788.76
477.00	718.54
478.00	760.67
479.00	690.46
480.00	718.54
481.00	720.88
482.00	737.27
483.00	730.25
484.00	798.12
485.00	690.46
486.00	716.20
487.00	793.44
488.00	777.06
489.00	765.36
490.00	725.57
491.00	730.25
492.00	697.48
493.00	758.33
494.00	767.70
495.00	716.20
496.00	788.76
497.00	697.48
498.00	826.21
499.00	692.80
500.00	678.76
501.00	772.38
502.00	732.59
503.00	695.14
504.00	777.06
505.00	685.78
506.00	744.29
507.00	800.46
508.00	795.78
509.00	657.69
510.00	692.80
511.00	779.40
512.00	730.25
513.00	741.95
514.00	730.25
515.00	730.25
516.00	725.57
517.00	748.97
518.00	772.38
519.00	713.86
520.00	751.31
521.00	732.59
522.00	786.42
523.00	720.88
524.00	702.16
525.00	791.10
526.00	734.93
527.00	704.50
528.00	751.31
529.00	758.33
530.00	779.40
531.00	734.93
532.00	730.25
533.00	744.29
534.00	751.31
535.00	763.01
536.00	767.70
537.00	706.84
538.00	753.65
539.00	732.59
540.00	718.54
541.00	692.80
542.00	770.04
543.00	767.70
544.00	770.04
545.00	702.16
546.00	732.59
547.00	690.46
548.00	779.40
549.00	765.36
550.00	725.57
551.00	706.84
552.00	688.12
553.00	814.51
554.00	741.95
555.00	774.72
556.00	718.54
557.00	767.70
558.00	784.08
559.00	748.97
560.00	816.85
561.00	727.91
562.00	772.38
563.00	744.29
564.00	645.99
565.00	718.54
566.00	770.04
567.00	739.61
568.00	723.23
569.00	739.61
570.00	723.23
571.00	800.46
572.00	772.38
573.00	723.23
574.00	809.83
575.00	844.93
576.00	772.38
577.00	699.82
578.00	711.52
579.00	779.40
580.00	741.95
581.00	777.06
582.00	781.74
583.00	760.67
584.00	816.85
585.00	765.36
586.00	800.46
587.00	741.95
588.00	748.97
589.00	755.99
590.00	751.31
591.00	725.57
592.00	770.04
593.00	709.18
594.00	784.08
595.00	791.10
596.00	695.14
597.00	716.20
598.00	779.40
599.00	718.54
600.00	781.74
601.00	765.36
602.00	725.57
603.00	699.82
604.00	709.18
605.00	725.57
606.00	692.80
607.00	819.19
608.00	777.06
609.00	819.19
610.00	725.57
611.00	767.70
612.00	713.86
613.00	713.86
614.00	837.91
615.00	795.78
616.00	737.27
617.00	753.65
618.00	760.67
619.00	774.72
620.00	704.50
621.00	800.46
622.00	814.51
623.00	816.85
624.00	734.93
625.00	795.78
626.00	774.72
627.00	767.70
628.00	732.59
629.00	744.29
630.00	784.08
631.00	706.84
632.00	751.31
633.00	727.91
634.00	739.61
635.00	788.76
636.00	751.31
637.00	744.29
638.00	777.06
639.00	741.95
640.00	751.31
641.00	760.67
642.00	772.38
643.00	833.23
644.00	746.63
645.00	770.04
646.00	805.14
647.00	781.74
648.00	802.80
649.00	791.10
650.00	734.93
651.00	828.55
652.00	755.99
653.00	798.12
654.00	751.31
655.00	816.85
656.00	711.52
657.00	753.65
658.00	718.54
659.00	709.18
660.00	685.78
661.00	723.23
662.00	814.51
663.00	798.12
664.00	741.95
665.00	800.46
666.00	730.25
667.00	718.54
668.00	751.31
669.00	802.80
670.00	814.51
671.00	755.99
672.00	748.97
673.00	704.50
674.00	730.25
675.00	678.76
676.00	709.18
677.00	755.99
678.00	758.33
679.00	763.01
680.00	739.61
681.00	758.33
682.00	716.20
683.00	763.01
684.00	819.19
685.00	814.51
686.00	741.95
687.00	739.61
688.00	718.54
689.00	760.67
690.00	805.14
691.00	788.76
692.00	842.59
693.00	791.10
694.00	730.25
695.00	765.36
696.00	767.70
697.00	734.93
698.00	723.23
699.00	748.97
700.00	774.72
701.00	784.08
702.00	690.46
703.00	739.61
704.00	777.06
705.00	746.63
706.00	739.61
707.00	730.25
708.00	755.99
709.00	774.72
710.00	751.31
711.00	695.14
712.00	713.86
713.00	826.21
714.00	765.36
715.00	788.76
716.00	791.10
717.00	709.18
718.00	718.54
719.00	788.76
720.00	791.10
721.00	716.20
722.00	763.01
723.00	767.70
724.00	755.99
725.00	730.25
726.00	760.67
727.00	772.38
728.00	725.57
729.00	681.10
730.00	805.14
731.00	791.10
732.00	730.25
733.00	767.70
734.00	667.05
735.00	777.06
736.00	791.10
737.00	840.25
738.00	730.25
739.00	690.46
740.00	788.76
741.00	671.73
742.00	716.20
743.00	718.54
744.00	795.78
745.00	791.10
746.00	688.12
747.00	802.80
748.00	793.44
749.00	800.46
750.00	748.97
751.00	695.14
752.00	781.74
753.00	727.91
754.00	767.70
755.00	833.23
756.00	791.10
757.00	744.29
758.00	739.61
759.00	765.36
760.00	821.53
761.00	802.80
762.00	716.20
763.00	795.78
764.00	779.40
765.00	828.55
766.00	814.51
767.00	697.48
768.00	788.76
769.00	753.65
770.00	798.12
771.00	800.46
772.00	786.42
773.00	737.27
774.00	772.38
775.00	711.52
776.00	734.93
777.00	774.72
778.00	777.06
779.00	753.65
780.00	812.17
781.00	798.12
782.00	844.93
783.00	795.78
784.00	793.44
785.00	812.17
786.00	758.33
787.00	695.14
788.00	812.17
789.00	758.33
790.00	786.42
791.00	695.14
792.00	793.44
793.00	758.33
794.00	753.65
795.00	746.63
796.00	753.65
797.00	716.20
798.00	795.78
799.00	805.14
800.00	767.70
801.00	793.44
802.00	791.10
803.00	791.10
804.00	741.95
805.00	737.27
806.00	704.50
807.00	662.37
808.00	877.70
809.00	798.12
810.00	741.95
811.00	709.18
812.00	702.16
813.00	727.91
814.00	767.70
815.00	774.72
816.00	802.80
817.00	734.93
818.00	716.20
819.00	755.99
820.00	781.74
821.00	760.67
822.00	730.25
823.00	816.85
824.00	727.91
825.00	770.04
826.00	812.17
827.00	753.65
828.00	770.04
829.00	793.44
830.00	774.72
831.00	692.80
832.00	763.01
833.00	788.76
834.00	751.31
835.00	763.01
836.00	739.61
837.00	842.59
838.00	786.42
839.00	716.20
840.00	779.40
841.00	795.78
842.00	746.63
843.00	779.40
844.00	734.93
845.00	704.50
846.00	716.20
847.00	697.48
848.00	744.29
849.00	774.72
850.00	748.97
851.00	786.42
852.00	744.29
853.00	788.76
854.00	706.84
855.00	697.48
856.00	741.95
857.00	770.04
858.00	746.63
859.00	716.20
860.00	751.31
861.00	744.29
862.00	758.33
863.00	758.33
864.00	758.33
865.00	798.12
866.00	716.20
867.00	746.63
868.00	767.70
869.00	697.48
870.00	746.63
871.00	711.52
872.00	760.67
873.00	730.25
874.00	777.06
875.00	795.78
876.00	807.48
877.00	744.29
878.00	767.70
879.00	800.46
880.00	751.31
881.00	793.44
882.00	823.87
883.00	770.04
884.00	702.16
885.00	777.06
886.00	739.61
887.00	753.65
888.00	777.06
889.00	681.10
890.00	800.46
891.00	720.88
892.00	760.67
893.00	753.65
894.00	770.04
895.00	688.12
896.00	732.59
897.00	786.42
898.00	765.36
899.00	751.31
900.00	704.50
901.00	786.42
902.00	763.01
903.00	748.97
904.00	734.93
905.00	840.25
906.00	917.49
907.00	861.32
908.00	966.64
909.00	840.25
910.00	755.99
911.00	840.25
912.00	1020.47
913.00	1043.88
914.00	926.85
915.00	866.00
916.00	849.61
917.00	887.06
918.00	802.80
919.00	779.40
920.00	770.04
921.00	755.99
922.00	809.83
923.00	704.50
924.00	709.18
925.00	798.12
926.00	791.10
927.00	763.01
928.00	725.57
929.00	734.93
930.00	828.55
931.00	784.08
932.00	727.91
933.00	758.33
934.00	760.67
935.00	718.54
936.00	814.51
937.00	779.40
938.00	739.61
939.00	760.67
940.00	786.42
941.00	716.20
942.00	688.12
943.00	777.06
944.00	758.33
945.00	816.85
946.00	1130.48
947.00	1729.66
948.00	2310.11
949.00	1980.09
950.00	1685.19
951.00	1359.85
952.00	1310.70
953.00	1123.46
954.00	929.19
955.00	774.72
956.00	791.10
957.00	788.76
958.00	837.91
959.00	765.36
960.00	814.51
961.00	767.70
962.00	809.83
963.00	748.97
964.00	767.70
965.00	800.46
966.00	751.31
967.00	758.33
968.00	716.20
969.00	819.19
970.00	746.63
971.00	807.48
972.00	786.42
973.00	770.04
974.00	781.74
975.00	734.93
976.00	807.48
977.00	725.57
978.00	763.01
979.00	805.14
980.00	767.70
981.00	821.53
982.00	727.91
983.00	830.89
984.00	699.82
985.00	725.57
986.00	753.65
987.00	849.61
988.00	706.84
989.00	744.29
990.00	744.29
991.00	786.42
992.00	786.42
993.00	765.36
994.00	798.12
995.00	748.97
996.00	744.29
997.00	723.23
998.00	748.97
999.00	709.18
1000.00	695.14
1001.00	758.33
1002.00	746.63
1003.00	821.53
1004.00	751.31
1005.00	861.32
1006.00	741.95
1007.00	739.61
1008.00	777.06
1009.00	795.78
1010.00	777.06
1011.00	786.42
1012.00	784.08
1013.00	788.76
1014.00	713.86
1015.00	774.72
1016.00	765.36
1017.00	814.51
1018.00	809.83
1019.00	720.88
1020.00	763.01
1021.00	828.55
1022.00	793.44
1023.00	807.48
1024.00	763.01
1025.00	858.98
1026.00	746.63
1027.00	741.95
1028.00	791.10
1029.00	795.78
1030.00	732.59
1031.00	753.65
1032.00	858.98
1033.00	774.72
1034.00	648.33
1035.00	681.10
1036.00	744.29
1037.00	830.89
1038.00	758.33
1039.00	805.14
1040.00	725.57
1041.00	744.29
1042.00	753.65
1043.00	772.38
1044.00	772.38
1045.00	793.44
1046.00	816.85
1047.00	809.83
1048.00	751.31
1049.00	739.61
1050.00	849.61
1051.00	802.80
1052.00	809.83
1053.00	798.12
1054.00	753.65
1055.00	739.61
1056.00	809.83
1057.00	777.06
1058.00	753.65
1059.00	786.42
1060.00	812.17
1061.00	699.82
1062.00	753.65
1063.00	699.82
1064.00	767.70
1065.00	812.17
1066.00	807.48
1067.00	716.20
1068.00	746.63
1069.00	734.93
1070.00	711.52
1071.00	779.40
1072.00	781.74
1073.00	772.38
1074.00	779.40
1075.00	760.67
1076.00	711.52
1077.00	809.83
1078.00	744.29
1079.00	788.76
1080.00	819.19
1081.00	828.55
1082.00	765.36
1083.00	699.82
1084.00	758.33
1085.00	781.74
1086.00	744.29
1087.00	781.74
1088.00	812.17
1089.00	760.67
1090.00	800.46
1091.00	755.99
1092.00	793.44
1093.00	727.91
1094.00	772.38
1095.00	753.65
1096.00	828.55
1097.00	800.46
1098.00	763.01
1099.00	779.40
1100.00	816.85
1101.00	837.91
1102.00	779.40
1103.00	819.19
1104.00	814.51
1105.00	791.10
1106.00	772.38
1107.00	800.46
1108.00	748.97
1109.00	755.99
1110.00	770.04
1111.00	772.38
1112.00	734.93
1113.00	774.72
1114.00	744.29
1115.00	734.93
1116.00	770.04
1117.00	662.37
1118.00	734.93
1119.00	777.06
1120.00	826.21
1121.00	713.86
1122.00	812.17
1123.00	746.63
1124.00	774.72
1125.00	746.63
1126.00	732.59
1127.00	826.21
1128.00	755.99
1129.00	737.27
1130.00	828.55
1131.00	812.17
1132.00	751.31
1133.00	744.29
1134.00	765.36
1135.00	718.54
1136.00	800.46
1137.00	851.96
1138.00	755.99
1139.00	770.04
1140.00	833.23
1141.00	809.83
1142.00	763.01
1143.00	786.42
1144.00	770.04
1145.00	739.61
1146.00	713.86
1147.00	849.61
1148.00	716.20
1149.00	784.08
1150.00	734.93
1151.00	833.23
1152.00	720.88
1153.00	805.14
1154.00	802.80
1155.00	805.14
1156.00	758.33
1157.00	875.36
1158.00	880.04
1159.00	870.68
1160.00	858.98
1161.00	856.64
1162.00	805.14
1163.00	763.01
1164.00	858.98
1165.00	866.00
1166.00	866.00
1167.00	1125.80
1168.00	1247.51
1169.00	1249.85
1170.00	1135.16
1171.00	1050.90
1172.00	978.34
1173.00	985.37
1174.00	971.32
1175.00	896.43
1176.00	798.12
1177.00	781.74
1178.00	763.01
1179.00	868.34
1180.00	849.61
1181.00	835.57
1182.00	805.14
1183.00	866.00
1184.00	844.93
1185.00	812.17
1186.00	753.65
1187.00	814.51
1188.00	842.59
1189.00	861.32
1190.00	847.27
1191.00	844.93
1192.00	929.19
1193.00	950.26
1194.00	931.53
1195.00	936.21
1196.00	887.06
1197.00	931.53
1198.00	980.68
1199.00	957.28
1200.00	924.51
1201.00	971.32
1202.00	1128.14
1203.00	1242.82
1204.00	1240.48
1205.00	1125.80
1206.00	1046.22
1207.00	1055.58
1208.00	1050.90
1209.00	1015.79
1210.00	1048.56
1211.00	1011.11
1212.00	1039.20
1213.00	1071.97
1214.00	1064.94
1215.00	1212.40
1216.00	1263.89
1217.00	1472.20
1218.00	1647.74
1219.00	1933.28
1220.00	3641.87
1221.00	20528.84
1222.00	55777.31
1223.00	65535.00
1224.00	65535.00
1225.00	60193.90
1226.00	48591.86
1227.00	36999.19
1228.00	30185.89
1229.00	21853.58
1230.00	10441.13
1231.00	4273.82
1232.00	2359.26
1233.00	1687.53
1234.00	1523.69
1235.00	1411.34
1236.00	1287.29
1237.00	1256.87
1238.00	1179.63
1239.00	1575.18
1240.00	3634.85
1241.00	6345.19
1242.00	7777.60
1243.00	6457.54
1244.00	4987.68
1245.00	3625.49
1246.00	3187.81
1247.00	2661.19
1248.00	1959.03
1249.00	1240.48
1250.00	964.30
1251.00	976.00
1252.00	943.24
1253.00	1008.77
1254.00	1093.03
1255.00	1188.99
1256.00	1020.47
1257.00	1069.62
1258.00	1008.77
1259.00	1006.43
1260.00	1025.15
1261.00	957.28
1262.00	926.85
1263.00	919.83
1264.00	880.04
1265.00	915.15
1266.00	938.55
1267.00	889.40
1268.00	870.68
1269.00	854.30
1270.00	910.47
1271.00	851.96
1272.00	835.57
1273.00	788.76
1274.00	894.08
1275.00	891.74
1276.00	894.08
1277.00	931.53
1278.00	1116.44
1279.00	2459.90
1280.00	6991.18
1281.00	12002.27
1282.00	13341.05
1283.00	10389.64
1284.00	7765.90
1285.00	5741.33
1286.00	4755.97
1287.00	3854.86
1288.00	2380.32
1289.00	1364.53
1290.00	1149.20
1291.00	936.21
1292.00	943.24
1293.00	943.24
1294.00	938.55
1295.00	959.62
1296.00	919.83
1297.00	840.25
1298.00	1001.75
1299.00	1612.63
1300.00	2799.28
1301.00	3674.64
1302.00	3431.23
1303.00	2745.45
1304.00	1994.14
1305.00	1804.55
1306.00	1537.73
1307.00	1343.47
1308.00	1027.50
1309.00	983.02
1310.00	929.19
1311.00	938.55
1312.00	983.02
1313.00	903.45
1314.00	908.13
1315.00	866.00
1316.00	800.46
1317.00	772.38
1318.00	791.10
1319.00	781.74
1320.00	763.01
1321.00	732.59
1322.00	744.29
1323.00	763.01
1324.00	734.93
1325.00	856.64
1326.00	819.19
1327.00	788.76
1328.00	798.12
1329.00	816.85
1330.00	795.78
1331.00	847.27
1332.00	816.85
1333.00	1074.31
1334.00	1792.85
1335.00	3169.09
1336.00	3829.12
1337.00	3510.80
1338.00	2832.05
1339.00	2186.06
1340.00	1895.83
1341.00	1647.74
1342.00	1401.98
1343.00	1046.22
1344.00	856.64
1345.00	842.59
1346.00	835.57
1347.00	795.78
1348.00	840.25
1349.00	826.21
1350.00	791.10
1351.00	870.68
1352.00	856.64
1353.00	844.93
1354.00	814.51
1355.00	830.89
1356.00	849.61
1357.00	905.79
1358.00	915.15
1359.00	903.45
1360.00	971.32
1361.00	1034.52
1362.00	2499.69
1363.00	6569.88
1364.00	10640.08
1365.00	11318.83
1366.00	8865.95
1367.00	6438.81
1368.00	4695.11
1369.00	4023.38
1370.00	3173.77
1371.00	1952.01
1372.00	1327.08
1373.00	1130.48
1374.00	1055.58
1375.00	1116.44
1376.00	3255.69
1377.00	9797.48
1378.00	17867.65
1379.00	20505.43
1380.00	15410.09
1381.00	11288.40
1382.00	8217.62
1383.00	6457.54
1384.00	5298.97
1385.00	3075.46
1386.00	1675.82
1387.00	1240.48
1388.00	1116.44
1389.00	973.66
1390.00	877.70
1391.00	961.96
1392.00	870.68
1393.00	952.60
1394.00	922.17
1395.00	891.74
1396.00	807.48
1397.00	1013.45
1398.00	1078.99
1399.00	1291.98
1400.00	1434.75
1401.00	1343.47
1402.00	1198.35
1403.00	1184.31
1404.00	1217.08
1405.00	1233.46
1406.00	2246.91
1407.00	9100.00
1408.00	23351.52
1409.00	33329.23
1410.00	29933.11
1411.00	21298.88
1412.00	14920.92
1413.00	11234.57
1414.00	9224.05
1415.00	6094.76
1416.00	3084.83
1417.00	1774.13
1418.00	1273.25
1419.00	1231.12
1420.00	2127.55
1421.00	5008.75
1422.00	8058.46
1423.00	8917.44
1424.00	6789.89
1425.00	4915.12
1426.00	3698.05
1427.00	3096.53
1428.00	2520.76
1429.00	1626.67
1430.00	1167.93
1431.00	957.28
1432.00	905.79
1433.00	837.91
1434.00	917.49
1435.00	924.51
1436.00	910.47
1437.00	919.83
1438.00	802.80
1439.00	903.45
1440.00	856.64
1441.00	863.66
1442.00	884.72
1443.00	805.14
1444.00	833.23
1445.00	835.57
1446.00	851.96
1447.00	779.40
1448.00	816.85
1449.00	875.36
1450.00	807.48
1451.00	868.34
1452.00	877.70
1453.00	875.36
1454.00	1015.79
1455.00	1341.13
1456.00	2715.02
1457.00	4699.80
1458.00	5703.89
1459.00	4718.52
1460.00	3431.23
1461.00	2621.40
1462.00	2303.09
1463.00	1881.79
1464.00	1387.94
1465.00	1111.75
1466.00	901.11
1467.00	938.55
1468.00	903.45
1469.00	854.30
1470.00	830.89
1471.00	861.32
1472.00	856.64
1473.00	772.38
1474.00	802.80
1475.00	807.48
1476.00	896.43
1477.00	847.27
1478.00	828.55
1479.00	821.53
1480.00	851.96
1481.00	800.46
1482.00	802.80
1483.00	856.64
1484.00	777.06
1485.00	940.90
1486.00	910.47
1487.00	1184.31
1488.00	3960.19
1489.00	10595.61
1490.00	17221.66
1491.00	16793.34
1492.00	12308.88
1493.00	8856.59
1494.00	6375.62
1495.00	5401.96
1496.00	3957.85
1497.00	2183.72
1498.00	1383.26
1499.00	1025.15
1500.00	961.96
1501.00	929.19
1502.00	861.32
1503.00	842.59
1504.00	861.32
1505.00	856.64
1506.00	814.51
1507.00	830.89
1508.00	816.85
1509.00	912.81
1510.00	856.64
1511.00	915.15
1512.00	847.27
1513.00	1200.69
1514.00	2321.81
1515.00	3939.12
1516.00	4985.34
1517.00	4248.07
1518.00	3220.58
1519.00	2497.35
1520.00	2172.02
1521.00	1771.79
1522.00	1366.87
1523.00	1064.94
1524.00	929.19
1525.00	894.08
1526.00	819.19
1527.00	791.10
1528.00	816.85
1529.00	912.81
1530.00	931.53
1531.00	997.07
1532.00	1074.31
1533.00	2195.42
1534.00	5884.11
1535.00	10452.83
1536.00	12404.84
1537.00	9785.78
1538.00	6927.99
1539.00	5153.86
1540.00	4065.51
1541.00	3152.70
1542.00	2097.12
1543.00	1355.17
1544.00	1050.90
1545.00	910.47
1546.00	873.02
1547.00	884.72
1548.00	802.80
1549.00	863.66
1550.00	812.17
1551.00	889.40
1552.00	807.48
1553.00	837.91
1554.00	910.47
1555.00	844.93
1556.00	894.08
1557.00	858.98
1558.00	844.93
1559.00	851.96
1560.00	922.17
1561.00	945.58
1562.00	994.73
1563.00	983.02
1564.00	1006.43
1565.00	1371.55
1566.00	4887.04
1567.00	13275.52
1568.00	21638.25
1569.00	22511.27
1570.00	15807.98
1571.00	11197.12
1572.00	8142.72
1573.00	6778.19
1574.00	4627.24
1575.00	2623.74
1576.00	1769.44
1577.00	1460.49
1578.00	1858.39
1579.00	7365.67
1580.00	20798.00
1581.00	34703.12
1582.00	36025.53
1583.00	25614.82
1584.00	17783.39
1585.00	12973.59
1586.00	10368.57
1587.00	7089.48
1588.00	3756.56
1589.00	2022.22
1590.00	1242.82
1591.00	1118.78
1592.00	1078.99
1593.00	952.60
1594.00	856.64
1595.00	966.64
1596.00	950.26
1597.00	947.92
1598.00	835.57
1599.00	917.49
1600.00	791.10
1601.00	753.65
1602.00	851.96
1603.00	786.42
1604.00	774.72
1605.00	821.53
1606.00	933.87
1607.00	887.06
1608.00	770.04
1609.00	830.89
1610.00	751.31
1611.00	767.70
1612.00	837.91
1613.00	800.46
1614.00	781.74
1615.00	753.65
1616.00	770.04
1617.00	788.76
1618.00	781.74
1619.00	842.59
1620.00	830.89
1621.00	812.17
1622.00	798.12
1623.00	805.14
1624.00	767.70
1625.00	774.72
1626.00	781.74
1627.00	795.78
1628.00	816.85
1629.00	805.14
1630.00	763.01
1631.00	837.91
1632.00	791.10
1633.00	823.87
1634.00	823.87
1635.00	777.06
1636.00	807.48
1637.00	777.06
1638.00	784.08
1639.00	842.59
1640.00	844.93
1641.00	849.61
1642.00	819.19
1643.00	786.42
1644.00	858.98
1645.00	875.36
1646.00	858.98
1647.00	856.64
1648.00	866.00
1649.00	1078.99
1650.00	2855.45
1651.00	8657.64
1652.00	16009.26
1653.00	19133.88
1654.00	15147.95
1655.00	10913.92
1656.00	7709.72
1657.00	6190.72
1658.00	4559.36
1659.00	2635.44
1660.00	1610.29
1661.00	1139.84
1662.00	1020.47
1663.00	1008.77
1664.00	957.28
1665.00	917.49
1666.00	912.81
1667.00	896.43
1668.00	1207.72
1669.00	2827.37
1670.00	5268.55
1671.00	6892.88
1672.00	6066.67
1673.00	4463.40
1674.00	3426.54
1675.00	2609.70
1676.00	2176.70
1677.00	1542.41
1678.00	1088.35
1679.00	992.39
1680.00	828.55
1681.00	866.00
1682.00	844.93
1683.00	849.61
1684.00	727.91
1685.00	847.27
1686.00	765.36
1687.00	826.21
1688.00	807.48
1689.00	760.67
1690.00	763.01
1691.00	786.42
1692.00	777.06
1693.00	755.99
1694.00	842.59
1695.00	718.54
1696.00	802.80
1697.00	809.83
1698.00	767.70
1699.00	765.36
1700.00	915.15
1701.00	791.10
1702.00	765.36
1703.00	767.70
1704.00	791.10
1705.00	767.70
1706.00	870.68
1707.00	814.51
1708.00	739.61
1709.00	863.66
1710.00	779.40
1711.00	772.38
1712.00	851.96
1713.00	919.83
1714.00	1511.99
1715.00	3906.35
1716.00	7344.60
1717.00	9322.35
1718.00	8112.30
1719.00	6141.57
1720.00	4685.75
1721.00	3543.57
1722.00	2609.70
1723.00	1741.36
1724.00	1263.89
1725.00	966.64
1726.00	891.74
1727.00	877.70
1728.00	765.36
1729.00	798.12
1730.00	748.97
1731.00	772.38
1732.00	760.67
1733.00	734.93
1734.00	779.40
1735.00	793.44
1736.00	781.74
1737.00	753.65
1738.00	795.78
1739.00	784.08
1740.00	767.70
1741.00	739.61
1742.00	809.83
1743.00	746.63
1744.00	779.40
1745.00	739.61
1746.00	786.42
1747.00	842.59
1748.00	791.10
1749.00	716.20
1750.00	809.83
1751.00	779.40
1752.00	861.32
1753.00	821.53
1754.00	758.33
1755.00	828.55
1756.00	781.74
1757.00	851.96
1758.00	819.19
1759.00	791.10
1760.00	837.91
1761.00	828.55
1762.00	767.70
1763.00	821.53
1764.00	884.72
1765.00	844.93
1766.00	798.12
1767.00	905.79
1768.00	952.60
1769.00	1081.33
1770.00	2282.02
1771.00	6572.22
1772.00	12849.54
1773.00	16535.88
1774.00	14354.51
1775.00	10581.56
1776.00	7716.75
1777.00	5420.68
1778.00	3529.53
1779.00	2214.15
1780.00	1509.65
1781.00	1142.18
1782.00	994.73
1783.00	964.30
1784.00	891.74
1785.00	882.38
1786.00	800.46
1787.00	854.30
1788.00	868.34
1789.00	800.46
1790.00	830.89
1791.00	823.87
1792.00	830.89
1793.00	709.18
1794.00	793.44
1795.00	788.76
1796.00	901.11
1797.00	1043.88
1798.00	2572.25
1799.00	5722.61
1800.00	9518.96
1801.00	10534.75
1802.00	8182.51
1803.00	6186.04
1804.00	4528.94
1805.00	3042.70
1806.00	1933.28
1807.00	1364.53
1808.00	1125.80
1809.00	929.19
1810.00	870.68
1811.00	751.31
1812.00	873.02
1813.00	807.48
1814.00	772.38
1815.00	819.19
1816.00	777.06
1817.00	826.21
1818.00	765.36
1819.00	746.63
1820.00	751.31
1821.00	720.88
1822.00	786.42
1823.00	807.48
1824.00	798.12
1825.00	781.74
1826.00	915.15
1827.00	847.27
1828.00	819.19
1829.00	788.76
1830.00	840.25
1831.00	802.80
1832.00	692.80
1833.00	779.40
1834.00	767.70
1835.00	737.27
1836.00	725.57
1837.00	819.19
1838.00	732.59
1839.00	767.70
1840.00	697.48
1841.00	748.97
1842.00	753.65
1843.00	779.40
1844.00	667.05
1845.00	739.61
1846.00	800.46
1847.00	755.99
1848.00	734.93
1849.00	737.27
1850.00	746.63
1851.00	760.67
1852.00	732.59
1853.00	697.48
1854.00	718.54
1855.00	816.85
1856.00	713.86
1857.00	758.33
1858.00	753.65
1859.00	770.04
1860.00	702.16
1861.00	734.93
1862.00	716.20
1863.00	837.91
1864.00	755.99
1865.00	730.25
1866.00	774.72
1867.00	713.86
1868.00	737.27
1869.00	727.91
1870.00	725.57
1871.00	734.93
1872.00	753.65
1873.00	704.50
1874.00	795.78
1875.00	779.40
1876.00	777.06
1877.00	765.36
1878.00	746.63
1879.00	737.27
1880.00	739.61
1881.00	816.85
1882.00	711.52
1883.00	685.78
1884.00	770.04
1885.00	709.18
1886.00	734.93
1887.00	753.65
1888.00	779.40
1889.00	718.54
1890.00	730.25
1891.00	723.23
1892.00	760.67
1893.00	713.86
1894.00	793.44
1895.00	716.20
1896.00	765.36
1897.00	840.25
1898.00	711.52
1899.00	730.25
1900.00	791.10
1901.00	772.38
1902.00	777.06
1903.00	704.50
1904.00	737.27
1905.00	734.93
1906.00	793.44
1907.00	720.88
1908.00	753.65
1909.00	840.25
1910.00	866.00
1911.00	786.42
1912.00	863.66
1913.00	807.48
1914.00	823.87
1915.00	786.42
1916.00	781.74
1917.00	748.97
1918.00	758.33
1919.00	844.93
1920.00	798.12
1921.00	713.86
1922.00	800.46
1923.00	770.04
1924.00	795.78
1925.00	819.19
1926.00	767.70
1927.00	720.88
1928.00	755.99
1929.00	753.65
1930.00	739.61
1931.00	788.76
1932.00	798.12
1933.00	727.91
1934.00	763.01
1935.00	683.44
1936.00	741.95
1937.00	758.33
1938.00	781.74
1939.00	711.52
1940.00	770.04
1941.00	730.25
1942.00	737.27
1943.00	748.97
1944.00	795.78
1945.00	795.78
1946.00	774.72
1947.00	755.99
1948.00	795.78
1949.00	770.04
1950.00	791.10
1951.00	823.87
1952.00	1004.09
1953.00	2349.90
1954.00	5153.86
1955.00	8325.29
1956.00	9029.79
1957.00	6778.19
1958.00	4348.72
1959.00	2738.43
1960.00	1806.89
1961.00	1315.38
1962.00	1144.52
1963.00	973.66
1964.00	800.46
1965.00	826.21
1966.00	746.63
1967.00	767.70
1968.00	835.57
1969.00	725.57
1970.00	814.51
1971.00	725.57
1972.00	798.12
1973.00	741.95
1974.00	767.70
1975.00	781.74
1976.00	741.95
1977.00	760.67
1978.00	774.72
1979.00	777.06
1980.00	854.30
1981.00	1069.62
1982.00	1238.14
1983.00	1210.06
1984.00	1104.73
1985.00	997.07
1986.00	856.64
1987.00	774.72
1988.00	805.14
1989.00	760.67
1990.00	793.44
1991.00	739.61
1992.00	720.88
1993.00	767.70
1994.00	767.70
1995.00	741.95
1996.00	772.38
1997.00	718.54
1998.00	713.86
1999.00	809.83
2000.00	695.14
2001.00	772.38
2002.00	755.99
2003.00	898.77
2004.00	699.82
2005.00	781.74
2006.00	793.44
2007.00	711.52
2008.00	748.97
2009.00	734.93
2010.00	765.36
2011.00	748.97
2012.00	849.61
2013.00	816.85
2014.00	826.21
2015.00	755.99
2016.00	737.27
2017.00	727.91
2018.00	718.54
2019.00	725.57
2020.00	814.51
2021.00	779.40
2022.00	748.97
2023.00	800.46
2024.00	908.13
2025.00	1043.88
2026.00	1167.93
2027.00	1308.36
2028.00	1294.32
2029.00	1214.74
2030.00	2473.95
2031.00	7162.04
2032.00	13757.67
2033.00	18031.49
2034.00	16276.09
2035.00	10972.43
2036.00	7180.76
2037.00	4468.08
2038.00	2930.35
2039.00	1998.82
2040.00	1315.38
2041.00	1174.95
2042.00	891.74
2043.00	936.21
2044.00	828.55
2045.00	851.96
2046.00	915.15
2047.00	805.14
