0.00	664.71
1.00	664.71
2.00	664.71
3.00	594.50
4.00	601.52
5.00	578.11
6.00	540.66
7.00	608.54
8.00	482.15
9.00	571.09
10.00	564.07
11.00	587.47
12.00	594.50
13.00	519.60
14.00	521.94
15.00	608.54
16.00	620.24
17.00	638.97
18.00	547.69
19.00	566.41
20.00	585.13
21.00	631.94
22.00	582.79
23.00	690.46
24.00	653.01
25.00	645.99
26.00	613.22
27.00	711.52
28.00	617.90
29.00	730.25
30.00	683.44
31.00	690.46
32.00	685.78
33.00	755.99
34.00	774.72
35.00	697.48
36.00	744.29
37.00	739.61
38.00	725.57
39.00	725.57
40.00	786.42
41.00	751.31
42.00	744.29
43.00	723.23
44.00	695.14
45.00	755.99
46.00	767.70
47.00	798.12
48.00	770.04
49.00	737.27
50.00	786.42
51.00	798.12
52.00	706.84
53.00	826.21
54.00	767.70
55.00	716.20
56.00	737.27
57.00	753.65
58.00	695.14
59.00	709.18
60.00	760.67
61.00	711.52
62.00	814.51
63.00	706.84
64.00	746.63
65.00	683.44
66.00	718.54
67.00	739.61
68.00	725.57
69.00	725.57
70.00	730.25
71.00	741.95
72.00	699.82
73.00	748.97
74.00	711.52
75.00	688.12
76.00	781.74
77.00	732.59
78.00	720.88
79.00	805.14
80.00	739.61
81.00	777.06
82.00	748.97
83.00	744.29
84.00	763.01
85.00	660.03
86.00	744.29
87.00	734.93
88.00	772.38
89.00	795.78
90.00	770.04
91.00	699.82
92.00	704.50
93.00	704.50
94.00	746.63
95.00	695.14
96.00	725.57
97.00	720.88
98.00	716.20
99.00	734.93
100.00	667.05
101.00	713.86
102.00	725.57
103.00	734.93
104.00	727.91
105.00	671.73
106.00	779.40
107.00	791.10
108.00	674.07
109.00	706.84
110.00	774.72
111.00	739.61
112.00	706.84
113.00	718.54
114.00	751.31
115.00	671.73
116.00	702.16
117.00	758.33
118.00	793.44
119.00	697.48
120.00	709.18
121.00	709.18
122.00	727.91
123.00	730.25
124.00	765.36
125.00	786.42
126.00	683.44
127.00	781.74
128.00	713.86
129.00	657.69
130.00	830.89
131.00	730.25
132.00	753.65
133.00	737.27
134.00	641.31
135.00	720.88
136.00	732.59
137.00	767.70
138.00	720.88
139.00	767.70
140.00	734.93
141.00	697.48
142.00	697.48
143.00	814.51
144.00	800.46
145.00	842.59
146.00	779.40
147.00	814.51
148.00	734.93
149.00	718.54
150.00	755.99
151.00	704.50
152.00	704.50
153.00	741.95
154.00	746.63
155.00	706.84
156.00	718.54
157.00	730.25
158.00	840.25
159.00	760.67
160.00	711.52
161.00	737.27
162.00	730.25
163.00	748.97
164.00	692.80
165.00	734.93
166.00	660.03
167.00	723.23
168.00	706.84
169.00	704.50
170.00	730.25
171.00	699.82
172.00	753.65
173.00	739.61
174.00	671.73
175.00	737.27
176.00	744.29
177.00	732.59
178.00	772.38
179.00	779.40
180.00	725.57
181.00	734.93
182.00	716.20
183.00	697.48
184.00	711.52
185.00	709.18
186.00	730.25
187.00	751.31
188.00	690.46
189.00	739.61
190.00	692.80
191.00	723.23
192.00	772.38
193.00	758.33
194.00	795.78
195.00	837.91
196.00	805.14
197.00	772.38
198.00	755.99
199.00	781.74
200.00	763.01
201.00	751.31
202.00	765.36
203.00	655.35
204.00	711.52
205.00	788.76
206.00	732.59
207.00	737.27
208.00	800.46
209.00	723.23
210.00	699.82
211.00	755.99
212.00	720.88
213.00	716.20
214.00	791.10
215.00	760.67
216.00	753.65
217.00	730.25
218.00	784.08
219.00	685.78
220.00	709.18
221.00	748.97
222.00	713.86
223.00	767.70
224.00	723.23
225.00	711.52
226.00	739.61
227.00	767.70
228.00	720.88
229.00	751.31
230.00	739.61
231.00	755.99
232.00	713.86
233.00	678.76
234.00	741.95
235.00	784.08
236.00	709.18
237.00	739.61
238.00	751.31
239.00	730.25
240.00	641.31
241.00	744.29
242.00	791.10
243.00	763.01
244.00	748.97
245.00	807.48
246.00	744.29
247.00	760.67
248.00	746.63
249.00	702.16
250.00	706.84
251.00	751.31
252.00	772.38
253.00	746.63
254.00	669.39
255.00	720.88
256.00	727.91
257.00	767.70
258.00	730.25
259.00	704.50
260.00	681.10
261.00	699.82
262.00	739.61
263.00	758.33
264.00	758.33
265.00	755.99
266.00	737.27
267.00	816.85
268.00	868.34
269.00	856.64
270.00	746.63
271.00	760.67
272.00	793.44
273.00	863.66
274.00	802.80
275.00	795.78
276.00	786.42
277.00	800.46
278.00	711.52
279.00	798.12
280.00	767.70
281.00	772.38
282.00	739.61
283.00	676.41
284.00	755.99
285.00	814.51
286.00	734.93
287.00	744.29
288.00	730.25
289.00	741.95
290.00	723.23
291.00	681.10
292.00	695.14
293.00	727.91
294.00	779.40
295.00	741.95
296.00	716.20
297.00	727.91
298.00	816.85
299.00	753.65
300.00	671.73
301.00	732.59
302.00	718.54
303.00	765.36
304.00	781.74
305.00	774.72
306.00	765.36
307.00	748.97
308.00	763.01
309.00	842.59
310.00	779.40
311.00	828.55
312.00	753.65
313.00	727.91
314.00	755.99
315.00	746.63
316.00	793.44
317.00	706.84
318.00	690.46
319.00	727.91
320.00	781.74
321.00	727.91
322.00	760.67
323.00	781.74
324.00	765.36
325.00	699.82
326.00	739.61
327.00	774.72
328.00	711.52
329.00	741.95
330.00	706.84
331.00	755.99
332.00	763.01
333.00	823.87
334.00	695.14
335.00	732.59
336.00	723.23
337.00	704.50
338.00	765.36
339.00	734.93
340.00	683.44
341.00	784.08
342.00	723.23
343.00	809.83
344.00	763.01
345.00	765.36
346.00	692.80
347.00	795.78
348.00	805.14
349.00	812.17
350.00	875.36
351.00	826.21
352.00	802.80
353.00	805.14
354.00	723.23
355.00	739.61
356.00	812.17
357.00	763.01
358.00	732.59
359.00	704.50
360.00	732.59
361.00	777.06
362.00	746.63
363.00	683.44
364.00	732.59
365.00	695.14
366.00	706.84
367.00	784.08
368.00	690.46
369.00	732.59
370.00	758.33
371.00	819.19
372.00	692.80
373.00	741.95
374.00	727.91
375.00	725.57
376.00	830.89
377.00	835.57
378.00	711.52
379.00	727.91
380.00	788.76
381.00	786.42
382.00	716.20
383.00	699.82
384.00	648.33
385.00	791.10
386.00	723.23
387.00	760.67
388.00	730.25
389.00	746.63
390.00	725.57
391.00	748.97
392.00	763.01
393.00	751.31
394.00	807.48
395.00	744.29
396.00	734.93
397.00	732.59
398.00	716.20
399.00	781.74
400.00	758.33
401.00	727.91
402.00	723.23
403.00	751.31
404.00	744.29
405.00	767.70
406.00	744.29
407.00	702.16
408.00	739.61
409.00	725.57
410.00	748.97
411.00	758.33
412.00	748.97
413.00	723.23
414.00	777.06
415.00	767.70
416.00	655.35
417.00	723.23
418.00	688.12
419.00	718.54
420.00	763.01
421.00	704.50
422.00	770.04
423.00	732.59
424.00	688.12
425.00	706.84
426.00	760.67
427.00	716.20
428.00	821.53
429.00	777.06
430.00	753.65
431.00	767.70
432.00	713.86
433.00	716.20
434.00	690.46
435.00	702.16
436.00	788.76
437.00	697.48
438.00	779.40
439.00	697.48
440.00	772.38
441.00	702.16
442.00	765.36
443.00	779.40
444.00	753.65
445.00	793.44
446.00	760.67
447.00	788.76
448.00	704.50
449.00	704.50
450.00	765.36
451.00	744.29
452.00	760.67
453.00	774.72
454.00	690.46
455.00	763.01
456.00	784.08
457.00	798.12
458.00	737.27
459.00	725.57
460.00	753.65
461.00	795.78
462.00	744.29
463.00	751.31
464.00	739.61
465.00	798.12
466.00	795.78
467.00	802.80
468.00	669.39
469.00	767.70
470.00	777.06
471.00	716.20
472.00	716.20
473.00	720.88
474.00	741.95
475.00	678.76
476.00	730.25
477.00	760.67
478.00	720.88
479.00	739.61
480.00	727.91
481.00	748.97
482.00	704.50
483.00	802.80
484.00	763.01
485.00	718.54
486.00	674.07
487.00	699.82
488.00	727.91
489.00	739.61
490.00	753.65
491.00	755.99
492.00	863.66
493.00	802.80
494.00	737.27
495.00	798.12
496.00	802.80
497.00	786.42
498.00	732.59
499.00	688.12
500.00	795.78
501.00	807.48
502.00	779.40
503.00	676.41
504.00	793.44
505.00	739.61
506.00	713.86
507.00	870.68
508.00	734.93
509.00	753.65
510.00	690.46
511.00	720.88
512.00	755.99
513.00	753.65
514.00	744.29
515.00	732.59
516.00	744.29
517.00	695.14
518.00	753.65
519.00	816.85
520.00	732.59
521.00	737.27
522.00	791.10
523.00	746.63
524.00	739.61
525.00	772.38
526.00	739.61
527.00	744.29
528.00	727.91
529.00	702.16
530.00	767.70
531.00	741.95
532.00	683.44
533.00	723.23
534.00	730.25
535.00	737.27
536.00	748.97
537.00	823.87
538.00	795.78
539.00	699.82
540.00	798.12
541.00	774.72
542.00	690.46
543.00	737.27
544.00	748.97
545.00	798.12
546.00	709.18
547.00	720.88
548.00	793.44
549.00	802.80
550.00	781.74
551.00	765.36
552.00	765.36
553.00	746.63
554.00	779.40
555.00	643.65
556.00	723.23
557.00	816.85
558.00	823.87
559.00	671.73
560.00	788.76
561.00	753.65
562.00	653.01
563.00	734.93
564.00	763.01
565.00	744.29
566.00	723.23
567.00	821.53
568.00	798.12
569.00	765.36
570.00	723.23
571.00	734.93
572.00	760.67
573.00	718.54
574.00	699.82
575.00	748.97
576.00	695.14
577.00	770.04
578.00	744.29
579.00	791.10
580.00	763.01
581.00	767.70
582.00	699.82
583.00	739.61
584.00	751.31
585.00	779.40
586.00	774.72
587.00	746.63
588.00	753.65
589.00	702.16
590.00	720.88
591.00	713.86
592.00	744.29
593.00	828.55
594.00	683.44
595.00	697.48
596.00	763.01
597.00	629.60
598.00	720.88
599.00	795.78
600.00	763.01
601.00	746.63
602.00	723.23
603.00	772.38
604.00	739.61
605.00	763.01
606.00	800.46
607.00	793.44
608.00	779.40
609.00	770.04
610.00	697.48
611.00	828.55
612.00	706.84
613.00	730.25
614.00	667.05
615.00	763.01
616.00	727.91
617.00	755.99
618.00	741.95
619.00	737.27
620.00	732.59
621.00	716.20
622.00	746.63
623.00	741.95
624.00	772.38
625.00	744.29
626.00	746.63
627.00	716.20
628.00	765.36
629.00	760.67
630.00	793.44
631.00	734.93
632.00	758.33
633.00	655.35
634.00	671.73
635.00	720.88
636.00	751.31
637.00	739.61
638.00	706.84
639.00	706.84
640.00	791.10
641.00	812.17
642.00	713.86
643.00	746.63
644.00	767.70
645.00	786.42
646.00	784.08
647.00	748.97
648.00	763.01
649.00	699.82
650.00	713.86
651.00	730.25
652.00	730.25
653.00	760.67
654.00	662.37
655.00	847.27
656.00	774.72
657.00	741.95
658.00	744.29
659.00	774.72
660.00	732.59
661.00	681.10
662.00	753.65
663.00	758.33
664.00	709.18
665.00	755.99
666.00	739.61
667.00	819.19
668.00	777.06
669.00	777.06
670.00	650.67
671.00	730.25
672.00	713.86
673.00	711.52
674.00	763.01
675.00	763.01
676.00	772.38
677.00	763.01
678.00	819.19
679.00	758.33
680.00	779.40
681.00	774.72
682.00	774.72
683.00	697.48
684.00	711.52
685.00	763.01
686.00	702.16
687.00	739.61
688.00	788.76
689.00	777.06
690.00	739.61
691.00	739.61
692.00	720.88
693.00	809.83
694.00	781.74
695.00	727.91
696.00	723.23
697.00	725.57
698.00	777.06
699.00	751.31
700.00	709.18
701.00	704.50
702.00	723.23
703.00	709.18
704.00	809.83
705.00	741.95
706.00	765.36
707.00	725.57
708.00	704.50
709.00	704.50
710.00	767.70
711.00	774.72
712.00	732.59
713.00	847.27
714.00	711.52
715.00	730.25
716.00	741.95
717.00	774.72
718.00	755.99
719.00	755.99
720.00	744.29
721.00	755.99
722.00	760.67
723.00	699.82
724.00	716.20
725.00	833.23
726.00	800.46
727.00	739.61
728.00	760.67
729.00	758.33
730.00	760.67
731.00	807.48
732.00	765.36
733.00	751.31
734.00	788.76
735.00	788.76
736.00	791.10
737.00	711.52
738.00	823.87
739.00	767.70
740.00	837.91
741.00	755.99
742.00	795.78
743.00	748.97
744.00	812.17
745.00	816.85
746.00	793.44
747.00	814.51
748.00	690.46
749.00	741.95
750.00	702.16
751.00	697.48
752.00	774.72
753.00	702.16
754.00	727.91
755.00	767.70
756.00	746.63
757.00	734.93
758.00	746.63
759.00	732.59
760.00	734.93
761.00	732.59
762.00	741.95
763.00	737.27
764.00	732.59
765.00	788.76
766.00	856.64
767.00	730.25
768.00	709.18
769.00	798.12
770.00	732.59
771.00	720.88
772.00	786.42
773.00	718.54
774.00	739.61
775.00	650.67
776.00	720.88
777.00	755.99
778.00	711.52
779.00	739.61
780.00	741.95
781.00	828.55
782.00	777.06
783.00	779.40
784.00	819.19
785.00	870.68
786.00	819.19
787.00	765.36
788.00	779.40
789.00	739.61
790.00	702.16
791.00	781.74
792.00	758.33
793.00	767.70
794.00	751.31
795.00	753.65
796.00	720.88
797.00	781.74
798.00	730.25
799.00	786.42
800.00	798.12
801.00	746.63
802.00	723.23
803.00	741.95
804.00	692.80
805.00	741.95
806.00	716.20
807.00	723.23
808.00	671.73
809.00	692.80
810.00	751.31
811.00	763.01
812.00	741.95
813.00	802.80
814.00	711.52
815.00	802.80
816.00	760.67
817.00	788.76
818.00	732.59
819.00	795.78
820.00	746.63
821.00	765.36
822.00	807.48
823.00	777.06
824.00	725.57
825.00	744.29
826.00	711.52
827.00	793.44
828.00	730.25
829.00	697.48
830.00	739.61
831.00	732.59
832.00	770.04
833.00	709.18
834.00	849.61
835.00	697.48
836.00	770.04
837.00	784.08
838.00	805.14
839.00	795.78
840.00	725.57
841.00	777.06
842.00	732.59
843.00	741.95
844.00	725.57
845.00	739.61
846.00	758.33
847.00	713.86
848.00	702.16
849.00	774.72
850.00	753.65
851.00	723.23
852.00	753.65
853.00	760.67
854.00	767.70
855.00	744.29
856.00	692.80
857.00	770.04
858.00	788.76
859.00	748.97
860.00	732.59
861.00	767.70
862.00	814.51
863.00	732.59
864.00	723.23
865.00	641.31
866.00	704.50
867.00	760.67
868.00	739.61
869.00	753.65
870.00	784.08
871.00	770.04
872.00	734.93
873.00	690.46
874.00	753.65
875.00	741.95
876.00	720.88
877.00	805.14
878.00	798.12
879.00	851.96
880.00	767.70
881.00	746.63
882.00	760.67
883.00	774.72
884.00	788.76
885.00	793.44
886.00	739.61
887.00	802.80
888.00	706.84
889.00	802.80
890.00	786.42
891.00	770.04
892.00	723.23
893.00	723.23
894.00	755.99
895.00	688.12
896.00	744.29
897.00	786.42
898.00	706.84
899.00	763.01
900.00	772.38
901.00	763.01
902.00	739.61
903.00	741.95
904.00	741.95
905.00	816.85
906.00	863.66
907.00	887.06
908.00	823.87
909.00	816.85
910.00	774.72
911.00	828.55
912.00	842.59
913.00	870.68
914.00	882.38
915.00	812.17
916.00	823.87
917.00	816.85
918.00	882.38
919.00	805.14
920.00	758.33
921.00	739.61
922.00	814.51
923.00	772.38
924.00	711.52
925.00	819.19
926.00	802.80
927.00	683.44
928.00	718.54
929.00	814.51
930.00	791.10
931.00	751.31
932.00	730.25
933.00	798.12
934.00	676.41
935.00	716.20
936.00	758.33
937.00	753.65
938.00	716.20
939.00	716.20
940.00	809.83
941.00	781.74
942.00	779.40
943.00	720.88
944.00	807.48
945.00	763.01
946.00	1055.58
947.00	1643.06
948.00	1905.20
949.00	1727.32
950.00	1504.96
951.00	1207.72
952.00	1156.22
953.00	1111.75
954.00	877.70
955.00	774.72
956.00	732.59
957.00	774.72
958.00	863.66
959.00	784.08
960.00	716.20
961.00	681.10
962.00	802.80
963.00	702.16
964.00	800.46
965.00	730.25
966.00	758.33
967.00	765.36
968.00	791.10
969.00	727.91
970.00	772.38
971.00	748.97
972.00	765.36
973.00	812.17
974.00	763.01
975.00	767.70
976.00	753.65
977.00	748.97
978.00	739.61
979.00	791.10
980.00	718.54
981.00	711.52
982.00	814.51
983.00	779.40
984.00	711.52
985.00	730.25
986.00	800.46
987.00	758.33
988.00	755.99
989.00	819.19
990.00	727.91
991.00	767.70
992.00	685.78
993.00	816.85
994.00	716.20
995.00	716.20
996.00	641.31
997.00	770.04
998.00	744.29
999.00	802.80
1000.00	763.01
1001.00	709.18
1002.00	730.25
1003.00	741.95
1004.00	826.21
1005.00	800.46
1006.00	772.38
1007.00	770.04
1008.00	807.48
1009.00	716.20
1010.00	828.55
1011.00	777.06
1012.00	847.27
1013.00	739.61
1014.00	734.93
1015.00	763.01
1016.00	828.55
1017.00	805.14
1018.00	716.20
1019.00	718.54
1020.00	819.19
1021.00	755.99
1022.00	777.06
1023.00	770.04
1024.00	741.95
1025.00	751.31
1026.00	791.10
1027.00	798.12
1028.00	807.48
1029.00	755.99
1030.00	795.78
1031.00	683.44
1032.00	842.59
1033.00	784.08
1034.00	739.61
1035.00	741.95
1036.00	730.25
1037.00	760.67
1038.00	739.61
1039.00	704.50
1040.00	734.93
1041.00	781.74
1042.00	809.83
1043.00	763.01
1044.00	741.95
1045.00	812.17
1046.00	849.61
1047.00	781.74
1048.00	821.53
1049.00	755.99
1050.00	716.20
1051.00	716.20
1052.00	781.74
1053.00	704.50
1054.00	739.61
1055.00	676.41
1056.00	748.97
1057.00	777.06
1058.00	723.23
1059.00	727.91
1060.00	723.23
1061.00	739.61
1062.00	748.97
1063.00	755.99
1064.00	744.29
1065.00	739.61
1066.00	732.59
1067.00	828.55
1068.00	748.97
1069.00	767.70
1070.00	800.46
1071.00	777.06
1072.00	772.38
1073.00	741.95
1074.00	772.38
1075.00	781.74
1076.00	730.25
1077.00	758.33
1078.00	814.51
1079.00	826.21
1080.00	833.23
1081.00	805.14
1082.00	774.72
1083.00	763.01
1084.00	699.82
1085.00	798.12
1086.00	819.19
1087.00	844.93
1088.00	772.38
1089.00	706.84
1090.00	758.33
1091.00	753.65
1092.00	674.07
1093.00	767.70
1094.00	758.33
1095.00	802.80
1096.00	828.55
1097.00	753.65
1098.00	643.65
1099.00	741.95
1100.00	809.83
1101.00	816.85
1102.00	809.83
1103.00	732.59
1104.00	835.57
1105.00	704.50
1106.00	779.40
1107.00	767.70
1108.00	753.65
1109.00	702.16
1110.00	779.40
1111.00	809.83
1112.00	760.67
1113.00	763.01
1114.00	809.83
1115.00	786.42
1116.00	753.65
1117.00	737.27
1118.00	748.97
1119.00	706.84
1120.00	812.17
1121.00	741.95
1122.00	800.46
1123.00	805.14
1124.00	842.59
1125.00	748.97
1126.00	746.63
1127.00	788.76
1128.00	823.87
1129.00	681.10
1130.00	763.01
1131.00	681.10
1132.00	753.65
1133.00	779.40
1134.00	746.63
1135.00	711.52
1136.00	725.57
1137.00	802.80
1138.00	685.78
1139.00	767.70
1140.00	720.88
1141.00	781.74
1142.00	730.25
1143.00	713.86
1144.00	812.17
1145.00	713.86
1146.00	770.04
1147.00	805.14
1148.00	821.53
1149.00	748.97
1150.00	739.61
1151.00	767.70
1152.00	784.08
1153.00	786.42
1154.00	741.95
1155.00	774.72
1156.00	828.55
1157.00	779.40
1158.00	861.32
1159.00	837.91
1160.00	833.23
1161.00	812.17
1162.00	809.83
1163.00	870.68
1164.00	837.91
1165.00	732.59
1166.00	835.57
1167.00	1032.18
1168.00	1158.57
1169.00	1188.99
1170.00	1132.82
1171.00	983.02
1172.00	917.49
1173.00	961.96
1174.00	837.91
1175.00	793.44
1176.00	844.93
1177.00	833.23
1178.00	791.10
1179.00	823.87
1180.00	807.48
1181.00	741.95
1182.00	809.83
1183.00	816.85
1184.00	849.61
1185.00	795.78
1186.00	807.48
1187.00	734.93
1188.00	816.85
1189.00	849.61
1190.00	807.48
1191.00	894.08
1192.00	940.90
1193.00	938.55
1194.00	858.98
1195.00	880.04
1196.00	898.77
1197.00	926.85
1198.00	826.21
1199.00	877.70
1200.00	924.51
1201.00	910.47
1202.00	1095.37
1203.00	1095.37
1204.00	1090.69
1205.00	1071.97
1206.00	980.68
1207.00	980.68
1208.00	1034.52
1209.00	1064.94
1210.00	980.68
1211.00	1034.52
1212.00	917.49
1213.00	997.07
1214.00	1081.33
1215.00	1111.75
1216.00	1142.18
1217.00	1334.11
1218.00	1427.73
1219.00	1727.32
1220.00	3173.77
1221.00	17146.76
1222.00	48252.48
1223.00	62731.04
1224.00	62157.61
1225.00	53504.65
1226.00	39466.11
1227.00	29729.48
1228.00	24212.84
1229.00	17451.03
1230.00	8407.20
1231.00	3562.30
1232.00	1961.37
1233.00	1514.33
1234.00	1406.66
1235.00	1291.98
1236.00	1259.21
1237.00	1167.93
1238.00	1086.01
1239.00	1409.00
1240.00	3126.96
1241.00	5348.12
1242.00	6410.73
1243.00	5289.61
1244.00	4039.76
1245.00	3148.02
1246.00	2670.55
1247.00	2289.04
1248.00	1729.66
1249.00	1217.08
1250.00	875.36
1251.00	866.00
1252.00	809.83
1253.00	961.96
1254.00	1013.45
1255.00	933.87
1256.00	983.02
1257.00	992.39
1258.00	1015.79
1259.00	1022.81
1260.00	964.30
1261.00	961.96
1262.00	938.55
1263.00	950.26
1264.00	898.77
1265.00	868.34
1266.00	807.48
1267.00	875.36
1268.00	866.00
1269.00	774.72
1270.00	840.25
1271.00	851.96
1272.00	809.83
1273.00	840.25
1274.00	844.93
1275.00	866.00
1276.00	868.34
1277.00	903.45
1278.00	999.41
1279.00	2244.57
1280.00	5626.65
1281.00	9696.84
1282.00	10932.64
1283.00	8655.30
1284.00	6188.38
1285.00	4610.86
1286.00	3908.69
1287.00	3192.49
1288.00	1987.11
1289.00	1238.14
1290.00	931.53
1291.00	873.02
1292.00	924.51
1293.00	858.98
1294.00	924.51
1295.00	844.93
1296.00	884.72
1297.00	882.38
1298.00	912.81
1299.00	1530.71
1300.00	2469.27
1301.00	3087.17
1302.00	2654.17
1303.00	2216.49
1304.00	1799.87
1305.00	1584.54
1306.00	1277.93
1307.00	1226.44
1308.00	980.68
1309.00	903.45
1310.00	887.06
1311.00	802.80
1312.00	880.04
1313.00	854.30
1314.00	844.93
1315.00	807.48
1316.00	805.14
1317.00	833.23
1318.00	795.78
1319.00	788.76
1320.00	830.89
1321.00	826.21
1322.00	809.83
1323.00	809.83
1324.00	798.12
1325.00	772.38
1326.00	821.53
1327.00	816.85
1328.00	849.61
1329.00	788.76
1330.00	753.65
1331.00	809.83
1332.00	912.81
1333.00	983.02
1334.00	1565.82
1335.00	2633.10
1336.00	3393.78
1337.00	2909.29
1338.00	2403.73
1339.00	1874.77
1340.00	1621.99
1341.00	1591.56
1342.00	1184.31
1343.00	924.51
1344.00	910.47
1345.00	826.21
1346.00	809.83
1347.00	842.59
1348.00	798.12
1349.00	737.27
1350.00	856.64
1351.00	816.85
1352.00	826.21
1353.00	903.45
1354.00	802.80
1355.00	807.48
1356.00	772.38
1357.00	854.30
1358.00	877.70
1359.00	840.25
1360.00	816.85
1361.00	1071.97
1362.00	2239.89
1363.00	5336.42
1364.00	8461.04
1365.00	9142.13
1366.00	7014.59
1367.00	5200.67
1368.00	3852.52
1369.00	3386.76
1370.00	2630.76
1371.00	1631.35
1372.00	1273.25
1373.00	1062.60
1374.00	919.83
1375.00	1095.37
1376.00	2857.79
1377.00	8306.56
1378.00	14471.53
1379.00	16697.38
1380.00	12559.31
1381.00	9085.96
1382.00	6703.29
1383.00	5423.02
1384.00	4311.27
1385.00	2602.68
1386.00	1462.83
1387.00	1060.26
1388.00	1018.13
1389.00	912.81
1390.00	931.53
1391.00	905.79
1392.00	898.77
1393.00	863.66
1394.00	842.59
1395.00	835.57
1396.00	858.98
1397.00	976.00
1398.00	1046.22
1399.00	1203.04
1400.00	1207.72
1401.00	1186.65
1402.00	1128.14
1403.00	1130.48
1404.00	1142.18
1405.00	1179.63
1406.00	1998.82
1407.00	7939.10
1408.00	19012.17
1409.00	26618.91
1410.00	24046.66
1411.00	17413.59
1412.00	11934.39
1413.00	8910.42
1414.00	7616.10
1415.00	5027.47
1416.00	2619.06
1417.00	1563.48
1418.00	1128.14
1419.00	1118.78
1420.00	1921.58
1421.00	4070.19
1422.00	6544.14
1423.00	7316.51
1424.00	5514.30
1425.00	4032.74
1426.00	3173.77
1427.00	2661.19
1428.00	2106.48
1429.00	1533.05
1430.00	1062.60
1431.00	882.38
1432.00	912.81
1433.00	889.40
1434.00	894.08
1435.00	887.06
1436.00	851.96
1437.00	870.68
1438.00	807.48
1439.00	889.40
1440.00	819.19
1441.00	821.53
1442.00	851.96
1443.00	847.27
1444.00	830.89
1445.00	763.01
1446.00	800.46
1447.00	774.72
1448.00	720.88
1449.00	772.38
1450.00	849.61
1451.00	835.57
1452.00	840.25
1453.00	840.25
1454.00	945.58
1455.00	1233.46
1456.00	2436.50
1457.00	3740.18
1458.00	4627.24
1459.00	3829.12
1460.00	3033.33
1461.00	2345.22
1462.00	1923.92
1463.00	1736.68
1464.00	1261.55
1465.00	983.02
1466.00	922.17
1467.00	760.67
1468.00	858.98
1469.00	805.14
1470.00	755.99
1471.00	856.64
1472.00	751.31
1473.00	814.51
1474.00	830.89
1475.00	851.96
1476.00	861.32
1477.00	870.68
1478.00	802.80
1479.00	844.93
1480.00	812.17
1481.00	877.70
1482.00	842.59
1483.00	765.36
1484.00	842.59
1485.00	891.74
1486.00	887.06
1487.00	1156.22
1488.00	3538.89
1489.00	8683.39
1490.00	13514.25
1491.00	13664.05
1492.00	9926.21
1493.00	7126.93
1494.00	5397.28
1495.00	4444.68
1496.00	3204.19
1497.00	1895.83
1498.00	1170.27
1499.00	952.60
1500.00	933.87
1501.00	924.51
1502.00	805.14
1503.00	732.59
1504.00	739.61
1505.00	774.72
1506.00	774.72
1507.00	844.93
1508.00	826.21
1509.00	840.25
1510.00	807.48
1511.00	814.51
1512.00	866.00
1513.00	1071.97
1514.00	2043.29
1515.00	3337.60
1516.00	4163.81
1517.00	3641.87
1518.00	2686.94
1519.00	2134.57
1520.00	1797.53
1521.00	1584.54
1522.00	1172.61
1523.00	976.00
1524.00	940.90
1525.00	866.00
1526.00	793.44
1527.00	816.85
1528.00	830.89
1529.00	901.11
1530.00	812.17
1531.00	896.43
1532.00	940.90
1533.00	1942.64
1534.00	5135.14
1535.00	8454.02
1536.00	9935.57
1537.00	7646.53
1538.00	5708.57
1539.00	4091.26
1540.00	3508.46
1541.00	2663.53
1542.00	1743.70
1543.00	1205.38
1544.00	917.49
1545.00	901.11
1546.00	847.27
1547.00	821.53
1548.00	908.13
1549.00	847.27
1550.00	851.96
1551.00	842.59
1552.00	819.19
1553.00	819.19
1554.00	924.51
1555.00	800.46
1556.00	840.25
1557.00	877.70
1558.00	840.25
1559.00	912.81
1560.00	809.83
1561.00	971.32
1562.00	959.62
1563.00	994.73
1564.00	968.98
1565.00	1343.47
1566.00	4219.99
1567.00	10876.47
1568.00	17551.68
1569.00	17727.22
1570.00	12917.42
1571.00	9116.39
1572.00	6759.47
1573.00	5591.54
1574.00	3899.33
1575.00	2305.43
1576.00	1528.37
1577.00	1282.61
1578.00	1671.14
1579.00	6026.88
1580.00	16849.52
1581.00	27644.07
1582.00	28765.18
1583.00	20362.66
1584.00	14129.81
1585.00	10436.45
1586.00	8400.18
1587.00	5680.48
1588.00	3110.57
1589.00	1811.57
1590.00	1282.61
1591.00	1071.97
1592.00	971.32
1593.00	908.13
1594.00	896.43
1595.00	889.40
1596.00	854.30
1597.00	823.87
1598.00	830.89
1599.00	812.17
1600.00	882.38
1601.00	828.55
1602.00	772.38
1603.00	833.23
1604.00	819.19
1605.00	765.36
1606.00	779.40
1607.00	805.14
1608.00	786.42
1609.00	805.14
1610.00	828.55
1611.00	847.27
1612.00	819.19
1613.00	777.06
1614.00	763.01
1615.00	723.23
1616.00	770.04
1617.00	788.76
1618.00	746.63
1619.00	821.53
1620.00	683.44
1621.00	765.36
1622.00	798.12
1623.00	791.10
1624.00	734.93
1625.00	807.48
1626.00	765.36
1627.00	734.93
1628.00	760.67
1629.00	779.40
1630.00	760.67
1631.00	819.19
1632.00	812.17
1633.00	755.99
1634.00	755.99
1635.00	816.85
1636.00	746.63
1637.00	798.12
1638.00	791.10
1639.00	854.30
1640.00	812.17
1641.00	753.65
1642.00	856.64
1643.00	751.31
1644.00	826.21
1645.00	807.48
1646.00	884.72
1647.00	877.70
1648.00	889.40
1649.00	990.05
1650.00	2572.25
1651.00	7316.51
1652.00	12507.82
1653.00	15044.96
1654.00	12084.19
1655.00	8777.01
1656.00	6483.28
1657.00	4868.31
1658.00	3681.66
1659.00	2347.56
1660.00	1359.85
1661.00	1041.54
1662.00	954.94
1663.00	905.79
1664.00	910.47
1665.00	814.51
1666.00	847.27
1667.00	908.13
1668.00	1219.42
1669.00	2506.71
1670.00	4255.09
1671.00	5633.67
1672.00	5034.49
1673.00	3805.71
1674.00	2839.07
1675.00	2265.64
1676.00	1856.04
1677.00	1268.57
1678.00	1093.03
1679.00	933.87
1680.00	793.44
1681.00	870.68
1682.00	685.78
1683.00	760.67
1684.00	802.80
1685.00	816.85
1686.00	798.12
1687.00	767.70
1688.00	730.25
1689.00	755.99
1690.00	725.57
1691.00	788.76
1692.00	821.53
1693.00	774.72
1694.00	830.89
1695.00	772.38
1696.00	770.04
1697.00	765.36
1698.00	840.25
1699.00	840.25
1700.00	816.85
1701.00	748.97
1702.00	793.44
1703.00	795.78
1704.00	823.87
1705.00	748.97
1706.00	781.74
1707.00	758.33
1708.00	772.38
1709.00	760.67
1710.00	800.46
1711.00	713.86
1712.00	842.59
1713.00	910.47
1714.00	1345.81
1715.00	3365.69
1716.00	5982.41
1717.00	7618.44
1718.00	6712.66
1719.00	5165.56
1720.00	3796.35
1721.00	3007.59
1722.00	2237.55
1723.00	1544.75
1724.00	1102.39
1725.00	919.83
1726.00	889.40
1727.00	835.57
1728.00	748.97
1729.00	744.29
1730.00	779.40
1731.00	837.91
1732.00	774.72
1733.00	746.63
1734.00	793.44
1735.00	734.93
1736.00	812.17
1737.00	791.10
1738.00	767.70
1739.00	765.36
1740.00	767.70
1741.00	753.65
1742.00	786.42
1743.00	758.33
1744.00	779.40
1745.00	718.54
1746.00	734.93
1747.00	774.72
1748.00	753.65
1749.00	795.78
1750.00	669.39
1751.00	767.70
1752.00	847.27
1753.00	767.70
1754.00	784.08
1755.00	828.55
1756.00	781.74
1757.00	763.01
1758.00	727.91
1759.00	823.87
1760.00	760.67
1761.00	781.74
1762.00	863.66
1763.00	891.74
1764.00	795.78
1765.00	788.76
1766.00	795.78
1767.00	821.53
1768.00	870.68
1769.00	1018.13
1770.00	2022.22
1771.00	5533.03
1772.00	9956.64
1773.00	13085.94
1774.00	11281.38
1775.00	8554.66
1776.00	6160.29
1777.00	4521.92
1778.00	2820.35
1779.00	1977.75
1780.00	1322.40
1781.00	1046.22
1782.00	903.45
1783.00	873.02
1784.00	873.02
1785.00	791.10
1786.00	763.01
1787.00	746.63
1788.00	826.21
1789.00	788.76
1790.00	723.23
1791.00	788.76
1792.00	723.23
1793.00	849.61
1794.00	861.32
1795.00	784.08
1796.00	861.32
1797.00	1008.77
1798.00	2146.27
1799.00	4788.74
1800.00	7517.80
1801.00	8432.95
1802.00	6771.17
1803.00	5151.52
1804.00	3688.68
1805.00	2473.95
1806.00	1694.55
1807.00	1263.89
1808.00	997.07
1809.00	924.51
1810.00	870.68
1811.00	887.06
1812.00	821.53
1813.00	739.61
1814.00	816.85
1815.00	763.01
1816.00	678.76
1817.00	777.06
1818.00	809.83
1819.00	830.89
1820.00	779.40
1821.00	774.72
1822.00	706.84
1823.00	819.19
1824.00	695.14
1825.00	823.87
1826.00	842.59
1827.00	844.93
1828.00	844.93
1829.00	866.00
1830.00	786.42
1831.00	751.31
1832.00	793.44
1833.00	748.97
1834.00	767.70
1835.00	760.67
1836.00	737.27
1837.00	713.86
1838.00	683.44
1839.00	805.14
1840.00	751.31
1841.00	737.27
1842.00	732.59
1843.00	800.46
1844.00	777.06
1845.00	732.59
1846.00	727.91
1847.00	737.27
1848.00	711.52
1849.00	763.01
1850.00	763.01
1851.00	676.41
1852.00	648.33
1853.00	709.18
1854.00	788.76
1855.00	702.16
1856.00	704.50
1857.00	807.48
1858.00	751.31
1859.00	702.16
1860.00	746.63
1861.00	723.23
1862.00	753.65
1863.00	821.53
1864.00	770.04
1865.00	741.95
1866.00	709.18
1867.00	746.63
1868.00	741.95
1869.00	816.85
1870.00	788.76
1871.00	760.67
1872.00	763.01
1873.00	781.74
1874.00	706.84
1875.00	706.84
1876.00	791.10
1877.00	718.54
1878.00	802.80
1879.00	746.63
1880.00	699.82
1881.00	720.88
1882.00	676.41
1883.00	784.08
1884.00	720.88
1885.00	727.91
1886.00	744.29
1887.00	760.67
1888.00	741.95
1889.00	788.76
1890.00	711.52
1891.00	765.36
1892.00	755.99
1893.00	755.99
1894.00	725.57
1895.00	763.01
1896.00	716.20
1897.00	718.54
1898.00	770.04
1899.00	781.74
1900.00	716.20
1901.00	809.83
1902.00	695.14
1903.00	741.95
1904.00	753.65
1905.00	753.65
1906.00	727.91
1907.00	758.33
1908.00	744.29
1909.00	753.65
1910.00	739.61
1911.00	798.12
1912.00	889.40
1913.00	781.74
1914.00	793.44
1915.00	809.83
1916.00	779.40
1917.00	835.57
1918.00	777.06
1919.00	765.36
1920.00	777.06
1921.00	784.08
1922.00	763.01
1923.00	833.23
1924.00	798.12
1925.00	699.82
1926.00	765.36
1927.00	732.59
1928.00	765.36
1929.00	770.04
1930.00	709.18
1931.00	725.57
1932.00	688.12
1933.00	737.27
1934.00	716.20
1935.00	746.63
1936.00	774.72
1937.00	830.89
1938.00	765.36
1939.00	760.67
1940.00	781.74
1941.00	758.33
1942.00	763.01
1943.00	755.99
1944.00	779.40
1945.00	777.06
1946.00	709.18
1947.00	681.10
1948.00	767.70
1949.00	772.38
1950.00	800.46
1951.00	798.12
1952.00	1050.90
1953.00	2057.33
1954.00	4329.99
1955.00	6588.61
1956.00	7066.08
1957.00	5291.95
1958.00	3435.91
1959.00	2265.64
1960.00	1579.86
1961.00	1249.85
1962.00	1015.79
1963.00	980.68
1964.00	802.80
1965.00	844.93
1966.00	800.46
1967.00	772.38
1968.00	800.46
1969.00	819.19
1970.00	795.78
1971.00	737.27
1972.00	702.16
1973.00	777.06
1974.00	807.48
1975.00	866.00
1976.00	835.57
1977.00	802.80
1978.00	748.97
1979.00	732.59
1980.00	819.19
1981.00	1022.81
1982.00	1188.99
1983.00	1207.72
1984.00	1055.58
1985.00	1025.15
1986.00	908.13
1987.00	755.99
1988.00	795.78
1989.00	809.83
1990.00	826.21
1991.00	816.85
1992.00	774.72
1993.00	774.72
1994.00	777.06
1995.00	767.70
1996.00	706.84
1997.00	746.63
1998.00	819.19
1999.00	807.48
2000.00	795.78
2001.00	755.99
2002.00	760.67
2003.00	795.78
2004.00	802.80
2005.00	746.63
2006.00	777.06
2007.00	704.50
2008.00	748.97
2009.00	753.65
2010.00	734.93
2011.00	690.46
2012.00	816.85
2013.00	777.06
2014.00	760.67
2015.00	746.63
2016.00	758.33
2017.00	819.19
2018.00	777.06
2019.00	784.08
2020.00	812.17
2021.00	732.59
2022.00	767.70
2023.00	812.17
2024.00	812.17
2025.00	997.07
2026.00	1069.62
2027.00	1172.61
2028.00	1104.73
2029.00	1125.80
2030.00	2202.44
2031.00	5977.73
2032.00	10974.77
2033.00	14574.52
2034.00	12901.03
2035.00	8730.20
2036.00	5795.17
2037.00	3791.67
2038.00	2403.73
2039.00	1673.48
2040.00	1268.57
2041.00	990.05
2042.00	870.68
2043.00	891.74
2044.00	835.57
2045.00	800.46
2046.00	821.53
2047.00	847.27
