0.00	720.88
1.00	720.88
2.00	720.88
3.00	608.54
4.00	634.29
5.00	552.37
6.00	557.05
7.00	582.79
8.00	550.03
9.00	533.64
10.00	510.24
11.00	564.07
12.00	528.96
13.00	613.22
14.00	543.00
15.00	587.47
16.00	615.56
17.00	596.84
18.00	636.63
19.00	624.92
20.00	582.79
21.00	627.26
22.00	678.76
23.00	653.01
24.00	692.80
25.00	622.58
26.00	660.03
27.00	732.59
28.00	617.90
29.00	643.65
30.00	674.07
31.00	704.50
32.00	697.48
33.00	716.20
34.00	741.95
35.00	760.67
36.00	716.20
37.00	695.14
38.00	755.99
39.00	709.18
40.00	678.76
41.00	706.84
42.00	798.12
43.00	697.48
44.00	781.74
45.00	753.65
46.00	802.80
47.00	730.25
48.00	688.12
49.00	720.88
50.00	753.65
51.00	774.72
52.00	784.08
53.00	739.61
54.00	765.36
55.00	751.31
56.00	725.57
57.00	739.61
58.00	765.36
59.00	702.16
60.00	671.73
61.00	779.40
62.00	734.93
63.00	723.23
64.00	695.14
65.00	741.95
66.00	788.76
67.00	746.63
68.00	788.76
69.00	713.86
70.00	730.25
71.00	734.93
72.00	739.61
73.00	760.67
74.00	690.46
75.00	734.93
76.00	709.18
77.00	725.57
78.00	676.41
79.00	730.25
80.00	725.57
81.00	741.95
82.00	699.82
83.00	676.41
84.00	739.61
85.00	718.54
86.00	709.18
87.00	695.14
88.00	734.93
89.00	770.04
90.00	674.07
91.00	730.25
92.00	720.88
93.00	674.07
94.00	753.65
95.00	739.61
96.00	748.97
97.00	753.65
98.00	676.41
99.00	744.29
100.00	744.29
101.00	667.05
102.00	753.65
103.00	704.50
104.00	788.76
105.00	774.72
106.00	713.86
107.00	727.91
108.00	739.61
109.00	730.25
110.00	830.89
111.00	718.54
112.00	676.41
113.00	758.33
114.00	716.20
115.00	660.03
116.00	706.84
117.00	727.91
118.00	704.50
119.00	699.82
120.00	802.80
121.00	678.76
122.00	725.57
123.00	763.01
124.00	732.59
125.00	732.59
126.00	718.54
127.00	648.33
128.00	697.48
129.00	716.20
130.00	727.91
131.00	772.38
132.00	788.76
133.00	690.46
134.00	676.41
135.00	657.69
136.00	781.74
137.00	685.78
138.00	730.25
139.00	720.88
140.00	746.63
141.00	758.33
142.00	678.76
143.00	777.06
144.00	741.95
145.00	746.63
146.00	685.78
147.00	667.05
148.00	671.73
149.00	821.53
150.00	718.54
151.00	702.16
152.00	744.29
153.00	772.38
154.00	676.41
155.00	702.16
156.00	755.99
157.00	730.25
158.00	770.04
159.00	713.86
160.00	727.91
161.00	807.48
162.00	751.31
163.00	706.84
164.00	638.97
165.00	711.52
166.00	744.29
167.00	741.95
168.00	657.69
169.00	758.33
170.00	765.36
171.00	734.93
172.00	779.40
173.00	755.99
174.00	746.63
175.00	765.36
176.00	755.99
177.00	779.40
178.00	699.82
179.00	741.95
180.00	765.36
181.00	725.57
182.00	737.27
183.00	674.07
184.00	774.72
185.00	711.52
186.00	767.70
187.00	741.95
188.00	746.63
189.00	732.59
190.00	650.67
191.00	777.06
192.00	744.29
193.00	732.59
194.00	744.29
195.00	763.01
196.00	704.50
197.00	805.14
198.00	814.51
199.00	779.40
200.00	781.74
201.00	765.36
202.00	763.01
203.00	748.97
204.00	671.73
205.00	730.25
206.00	802.80
207.00	695.14
208.00	702.16
209.00	734.93
210.00	746.63
211.00	763.01
212.00	755.99
213.00	734.93
214.00	709.18
215.00	788.76
216.00	713.86
217.00	800.46
218.00	755.99
219.00	795.78
220.00	746.63
221.00	767.70
222.00	774.72
223.00	748.97
224.00	760.67
225.00	704.50
226.00	830.89
227.00	730.25
228.00	767.70
229.00	770.04
230.00	739.61
231.00	671.73
232.00	753.65
233.00	727.91
234.00	763.01
235.00	793.44
236.00	706.84
237.00	800.46
238.00	777.06
239.00	695.14
240.00	746.63
241.00	765.36
242.00	744.29
243.00	791.10
244.00	695.14
245.00	737.27
246.00	763.01
247.00	709.18
248.00	725.57
249.00	758.33
250.00	746.63
251.00	755.99
252.00	690.46
253.00	758.33
254.00	709.18
255.00	730.25
256.00	795.78
257.00	753.65
258.00	784.08
259.00	767.70
260.00	767.70
261.00	720.88
262.00	690.46
263.00	732.59
264.00	791.10
265.00	737.27
266.00	723.23
267.00	828.55
268.00	842.59
269.00	795.78
270.00	748.97
271.00	821.53
272.00	718.54
273.00	842.59
274.00	784.08
275.00	786.42
276.00	837.91
277.00	870.68
278.00	737.27
279.00	751.31
280.00	823.87
281.00	842.59
282.00	755.99
283.00	784.08
284.00	791.10
285.00	711.52
286.00	732.59
287.00	697.48
288.00	837.91
289.00	716.20
290.00	798.12
291.00	751.31
292.00	779.40
293.00	737.27
294.00	748.97
295.00	767.70
296.00	737.27
297.00	734.93
298.00	709.18
299.00	788.76
300.00	807.48
301.00	727.91
302.00	774.72
303.00	758.33
304.00	795.78
305.00	685.78
306.00	765.36
307.00	702.16
308.00	795.78
309.00	833.23
310.00	770.04
311.00	741.95
312.00	800.46
313.00	828.55
314.00	826.21
315.00	674.07
316.00	833.23
317.00	819.19
318.00	819.19
319.00	816.85
320.00	774.72
321.00	774.72
322.00	774.72
323.00	697.48
324.00	723.23
325.00	758.33
326.00	748.97
327.00	753.65
328.00	765.36
329.00	718.54
330.00	737.27
331.00	758.33
332.00	763.01
333.00	763.01
334.00	648.33
335.00	751.31
336.00	683.44
337.00	678.76
338.00	732.59
339.00	802.80
340.00	727.91
341.00	741.95
342.00	709.18
343.00	688.12
344.00	713.86
345.00	819.19
346.00	706.84
347.00	781.74
348.00	809.83
349.00	854.30
350.00	821.53
351.00	833.23
352.00	828.55
353.00	833.23
354.00	901.11
355.00	706.84
356.00	777.06
357.00	798.12
358.00	786.42
359.00	795.78
360.00	727.91
361.00	746.63
362.00	755.99
363.00	854.30
364.00	727.91
365.00	758.33
366.00	718.54
367.00	720.88
368.00	765.36
369.00	819.19
370.00	692.80
371.00	744.29
372.00	720.88
373.00	812.17
374.00	767.70
375.00	760.67
376.00	727.91
377.00	667.05
378.00	826.21
379.00	751.31
380.00	751.31
381.00	751.31
382.00	730.25
383.00	805.14
384.00	709.18
385.00	791.10
386.00	772.38
387.00	763.01
388.00	709.18
389.00	716.20
390.00	802.80
391.00	767.70
392.00	758.33
393.00	770.04
394.00	706.84
395.00	758.33
396.00	765.36
397.00	802.80
398.00	751.31
399.00	788.76
400.00	716.20
401.00	748.97
402.00	734.93
403.00	748.97
404.00	737.27
405.00	786.42
406.00	800.46
407.00	734.93
408.00	716.20
409.00	660.03
410.00	760.67
411.00	763.01
412.00	779.40
413.00	812.17
414.00	718.54
415.00	788.76
416.00	711.52
417.00	760.67
418.00	702.16
419.00	706.84
420.00	758.33
421.00	732.59
422.00	833.23
423.00	737.27
424.00	765.36
425.00	807.48
426.00	809.83
427.00	732.59
428.00	784.08
429.00	774.72
430.00	753.65
431.00	751.31
432.00	788.76
433.00	784.08
434.00	814.51
435.00	784.08
436.00	788.76
437.00	770.04
438.00	779.40
439.00	746.63
440.00	791.10
441.00	746.63
442.00	755.99
443.00	842.59
444.00	765.36
445.00	706.84
446.00	795.78
447.00	699.82
448.00	781.74
449.00	765.36
450.00	791.10
451.00	772.38
452.00	746.63
453.00	770.04
454.00	821.53
455.00	669.39
456.00	748.97
457.00	711.52
458.00	709.18
459.00	772.38
460.00	791.10
461.00	718.54
462.00	718.54
463.00	774.72
464.00	786.42
465.00	706.84
466.00	741.95
467.00	786.42
468.00	770.04
469.00	809.83
470.00	847.27
471.00	805.14
472.00	690.46
473.00	798.12
474.00	786.42
475.00	723.23
476.00	772.38
477.00	744.29
478.00	758.33
479.00	737.27
480.00	842.59
481.00	791.10
482.00	704.50
483.00	798.12
484.00	777.06
485.00	730.25
486.00	718.54
487.00	730.25
488.00	758.33
489.00	795.78
490.00	737.27
491.00	784.08
492.00	779.40
493.00	823.87
494.00	812.17
495.00	781.74
496.00	699.82
497.00	760.67
498.00	788.76
499.00	784.08
500.00	816.85
501.00	805.14
502.00	835.57
503.00	772.38
504.00	784.08
505.00	755.99
506.00	727.91
507.00	837.91
508.00	800.46
509.00	802.80
510.00	737.27
511.00	807.48
512.00	802.80
513.00	786.42
514.00	812.17
515.00	730.25
516.00	767.70
517.00	767.70
518.00	837.91
519.00	725.57
520.00	706.84
521.00	711.52
522.00	732.59
523.00	791.10
524.00	709.18
525.00	755.99
526.00	819.19
527.00	798.12
528.00	758.33
529.00	690.46
530.00	772.38
531.00	763.01
532.00	732.59
533.00	805.14
534.00	781.74
535.00	751.31
536.00	795.78
537.00	798.12
538.00	791.10
539.00	746.63
540.00	765.36
541.00	812.17
542.00	802.80
543.00	809.83
544.00	760.67
545.00	760.67
546.00	732.59
547.00	725.57
548.00	798.12
549.00	793.44
550.00	777.06
551.00	814.51
552.00	758.33
553.00	763.01
554.00	758.33
555.00	748.97
556.00	755.99
557.00	751.31
558.00	704.50
559.00	809.83
560.00	814.51
561.00	699.82
562.00	809.83
563.00	805.14
564.00	748.97
565.00	713.86
566.00	784.08
567.00	856.64
568.00	718.54
569.00	847.27
570.00	697.48
571.00	784.08
572.00	767.70
573.00	798.12
574.00	807.48
575.00	746.63
576.00	767.70
577.00	770.04
578.00	746.63
579.00	821.53
580.00	772.38
581.00	753.65
582.00	737.27
583.00	795.78
584.00	777.06
585.00	781.74
586.00	781.74
587.00	788.76
588.00	753.65
589.00	774.72
590.00	807.48
591.00	748.97
592.00	844.93
593.00	725.57
594.00	772.38
595.00	786.42
596.00	791.10
597.00	795.78
598.00	751.31
599.00	753.65
600.00	760.67
601.00	774.72
602.00	791.10
603.00	770.04
604.00	741.95
605.00	763.01
606.00	702.16
607.00	786.42
608.00	814.51
609.00	795.78
610.00	833.23
611.00	763.01
612.00	833.23
613.00	741.95
614.00	770.04
615.00	837.91
616.00	767.70
617.00	833.23
618.00	807.48
619.00	760.67
620.00	786.42
621.00	802.80
622.00	781.74
623.00	795.78
624.00	814.51
625.00	781.74
626.00	798.12
627.00	791.10
628.00	791.10
629.00	802.80
630.00	889.40
631.00	795.78
632.00	748.97
633.00	727.91
634.00	786.42
635.00	753.65
636.00	763.01
637.00	795.78
638.00	744.29
639.00	744.29
640.00	791.10
641.00	744.29
642.00	777.06
643.00	753.65
644.00	793.44
645.00	763.01
646.00	777.06
647.00	795.78
648.00	812.17
649.00	755.99
650.00	798.12
651.00	798.12
652.00	842.59
653.00	830.89
654.00	800.46
655.00	861.32
656.00	788.76
657.00	837.91
658.00	765.36
659.00	753.65
660.00	744.29
661.00	744.29
662.00	826.21
663.00	809.83
664.00	746.63
665.00	723.23
666.00	751.31
667.00	704.50
668.00	753.65
669.00	823.87
670.00	716.20
671.00	751.31
672.00	819.19
673.00	772.38
674.00	805.14
675.00	802.80
676.00	849.61
677.00	690.46
678.00	809.83
679.00	791.10
680.00	779.40
681.00	840.25
682.00	781.74
683.00	774.72
684.00	716.20
685.00	770.04
686.00	826.21
687.00	807.48
688.00	774.72
689.00	828.55
690.00	800.46
691.00	737.27
692.00	765.36
693.00	809.83
694.00	866.00
695.00	772.38
696.00	788.76
697.00	819.19
698.00	809.83
699.00	779.40
700.00	779.40
701.00	755.99
702.00	751.31
703.00	788.76
704.00	772.38
705.00	784.08
706.00	856.64
707.00	713.86
708.00	763.01
709.00	875.36
710.00	770.04
711.00	823.87
712.00	800.46
713.00	713.86
714.00	767.70
715.00	760.67
716.00	812.17
717.00	798.12
718.00	791.10
719.00	835.57
720.00	760.67
721.00	809.83
722.00	755.99
723.00	741.95
724.00	809.83
725.00	807.48
726.00	863.66
727.00	800.46
728.00	814.51
729.00	741.95
730.00	718.54
731.00	837.91
732.00	718.54
733.00	791.10
734.00	807.48
735.00	814.51
736.00	788.76
737.00	767.70
738.00	830.89
739.00	812.17
740.00	851.96
741.00	840.25
742.00	777.06
743.00	823.87
744.00	849.61
745.00	774.72
746.00	828.55
747.00	755.99
748.00	784.08
749.00	781.74
750.00	765.36
751.00	849.61
752.00	720.88
753.00	753.65
754.00	758.33
755.00	763.01
756.00	819.19
757.00	791.10
758.00	770.04
759.00	753.65
760.00	781.74
761.00	744.29
762.00	819.19
763.00	894.08
764.00	786.42
765.00	800.46
766.00	802.80
767.00	737.27
768.00	746.63
769.00	793.44
770.00	807.48
771.00	823.87
772.00	800.46
773.00	791.10
774.00	851.96
775.00	802.80
776.00	842.59
777.00	823.87
778.00	814.51
779.00	781.74
780.00	891.74
781.00	781.74
782.00	889.40
783.00	823.87
784.00	816.85
785.00	847.27
786.00	840.25
787.00	844.93
788.00	835.57
789.00	814.51
790.00	772.38
791.00	777.06
792.00	816.85
793.00	821.53
794.00	812.17
795.00	840.25
796.00	760.67
797.00	741.95
798.00	816.85
799.00	873.02
800.00	772.38
801.00	798.12
802.00	823.87
803.00	819.19
804.00	805.14
805.00	812.17
806.00	842.59
807.00	800.46
808.00	821.53
809.00	823.87
810.00	777.06
811.00	842.59
812.00	765.36
813.00	760.67
814.00	779.40
815.00	770.04
816.00	774.72
817.00	823.87
818.00	805.14
819.00	758.33
820.00	800.46
821.00	713.86
822.00	814.51
823.00	791.10
824.00	837.91
825.00	814.51
826.00	805.14
827.00	814.51
828.00	821.53
829.00	788.76
830.00	823.87
831.00	791.10
832.00	823.87
833.00	821.53
834.00	842.59
835.00	875.36
836.00	849.61
837.00	851.96
838.00	826.21
839.00	828.55
840.00	816.85
841.00	744.29
842.00	809.83
843.00	795.78
844.00	882.38
845.00	826.21
846.00	807.48
847.00	868.34
848.00	795.78
849.00	854.30
850.00	816.85
851.00	851.96
852.00	779.40
853.00	877.70
854.00	840.25
855.00	786.42
856.00	805.14
857.00	746.63
858.00	723.23
859.00	833.23
860.00	863.66
861.00	833.23
862.00	793.44
863.00	837.91
864.00	784.08
865.00	854.30
866.00	763.01
867.00	753.65
868.00	814.51
869.00	802.80
870.00	751.31
871.00	807.48
872.00	809.83
873.00	809.83
874.00	826.21
875.00	833.23
876.00	784.08
877.00	840.25
878.00	814.51
879.00	807.48
880.00	807.48
881.00	767.70
882.00	781.74
883.00	814.51
884.00	837.91
885.00	805.14
886.00	781.74
887.00	819.19
888.00	858.98
889.00	821.53
890.00	840.25
891.00	753.65
892.00	767.70
893.00	739.61
894.00	800.46
895.00	774.72
896.00	837.91
897.00	734.93
898.00	854.30
899.00	800.46
900.00	751.31
901.00	800.46
902.00	816.85
903.00	786.42
904.00	758.33
905.00	851.96
906.00	926.85
907.00	992.39
908.00	922.17
909.00	873.02
910.00	875.36
911.00	830.89
912.00	1006.43
913.00	983.02
914.00	910.47
915.00	912.81
916.00	868.34
917.00	882.38
918.00	903.45
919.00	795.78
920.00	884.72
921.00	830.89
922.00	880.04
923.00	828.55
924.00	873.02
925.00	784.08
926.00	774.72
927.00	828.55
928.00	835.57
929.00	779.40
930.00	795.78
931.00	739.61
932.00	816.85
933.00	882.38
934.00	723.23
935.00	777.06
936.00	816.85
937.00	819.19
938.00	877.70
939.00	798.12
940.00	755.99
941.00	784.08
942.00	842.59
943.00	805.14
944.00	788.76
945.00	861.32
946.00	1083.67
947.00	1549.43
948.00	1937.96
949.00	1797.53
950.00	1540.07
951.00	1259.21
952.00	1128.14
953.00	1121.12
954.00	954.94
955.00	858.98
956.00	835.57
957.00	802.80
958.00	851.96
959.00	788.76
960.00	791.10
961.00	746.63
962.00	828.55
963.00	819.19
964.00	788.76
965.00	842.59
966.00	854.30
967.00	828.55
968.00	873.02
969.00	861.32
970.00	774.72
971.00	779.40
972.00	873.02
973.00	861.32
974.00	777.06
975.00	800.46
976.00	788.76
977.00	786.42
978.00	795.78
979.00	805.14
980.00	861.32
981.00	844.93
982.00	793.44
983.00	840.25
984.00	812.17
985.00	774.72
986.00	884.72
987.00	833.23
988.00	826.21
989.00	798.12
990.00	770.04
991.00	777.06
992.00	786.42
993.00	819.19
994.00	800.46
995.00	772.38
996.00	779.40
997.00	772.38
998.00	786.42
999.00	802.80
1000.00	791.10
1001.00	786.42
1002.00	758.33
1003.00	851.96
1004.00	760.67
1005.00	842.59
1006.00	861.32
1007.00	795.78
1008.00	781.74
1009.00	755.99
1010.00	894.08
1011.00	833.23
1012.00	819.19
1013.00	891.74
1014.00	821.53
1015.00	833.23
1016.00	821.53
1017.00	760.67
1018.00	798.12
1019.00	905.79
1020.00	777.06
1021.00	856.64
1022.00	837.91
1023.00	788.76
1024.00	837.91
1025.00	826.21
1026.00	819.19
1027.00	763.01
1028.00	828.55
1029.00	882.38
1030.00	706.84
1031.00	823.87
1032.00	814.51
1033.00	866.00
1034.00	819.19
1035.00	805.14
1036.00	835.57
1037.00	777.06
1038.00	793.44
1039.00	791.10
1040.00	746.63
1041.00	830.89
1042.00	866.00
1043.00	779.40
1044.00	877.70
1045.00	889.40
1046.00	884.72
1047.00	866.00
1048.00	814.51
1049.00	905.79
1050.00	781.74
1051.00	767.70
1052.00	751.31
1053.00	748.97
1054.00	840.25
1055.00	793.44
1056.00	866.00
1057.00	774.72
1058.00	798.12
1059.00	833.23
1060.00	774.72
1061.00	861.32
1062.00	847.27
1063.00	849.61
1064.00	849.61
1065.00	758.33
1066.00	823.87
1067.00	786.42
1068.00	802.80
1069.00	786.42
1070.00	807.48
1071.00	821.53
1072.00	793.44
1073.00	730.25
1074.00	844.93
1075.00	763.01
1076.00	767.70
1077.00	793.44
1078.00	772.38
1079.00	798.12
1080.00	933.87
1081.00	805.14
1082.00	741.95
1083.00	767.70
1084.00	837.91
1085.00	863.66
1086.00	877.70
1087.00	844.93
1088.00	802.80
1089.00	767.70
1090.00	887.06
1091.00	866.00
1092.00	870.68
1093.00	786.42
1094.00	847.27
1095.00	795.78
1096.00	882.38
1097.00	875.36
1098.00	805.14
1099.00	795.78
1100.00	842.59
1101.00	819.19
1102.00	814.51
1103.00	877.70
1104.00	828.55
1105.00	837.91
1106.00	791.10
1107.00	814.51
1108.00	816.85
1109.00	837.91
1110.00	723.23
1111.00	819.19
1112.00	774.72
1113.00	770.04
1114.00	802.80
1115.00	800.46
1116.00	889.40
1117.00	816.85
1118.00	770.04
1119.00	774.72
1120.00	807.48
1121.00	837.91
1122.00	798.12
1123.00	814.51
1124.00	772.38
1125.00	777.06
1126.00	784.08
1127.00	847.27
1128.00	868.34
1129.00	772.38
1130.00	784.08
1131.00	854.30
1132.00	793.44
1133.00	854.30
1134.00	798.12
1135.00	849.61
1136.00	699.82
1137.00	798.12
1138.00	788.76
1139.00	823.87
1140.00	887.06
1141.00	842.59
1142.00	826.21
1143.00	851.96
1144.00	835.57
1145.00	774.72
1146.00	800.46
1147.00	837.91
1148.00	868.34
1149.00	795.78
1150.00	835.57
1151.00	784.08
1152.00	812.17
1153.00	840.25
1154.00	856.64
1155.00	868.34
1156.00	873.02
1157.00	849.61
1158.00	905.79
1159.00	908.13
1160.00	908.13
1161.00	858.98
1162.00	884.72
1163.00	826.21
1164.00	915.15
1165.00	830.89
1166.00	931.53
1167.00	1104.73
1168.00	1228.78
1169.00	1303.68
1170.00	1102.39
1171.00	990.05
1172.00	1036.86
1173.00	1020.47
1174.00	896.43
1175.00	875.36
1176.00	882.38
1177.00	868.34
1178.00	891.74
1179.00	800.46
1180.00	936.21
1181.00	828.55
1182.00	894.08
1183.00	898.77
1184.00	830.89
1185.00	912.81
1186.00	877.70
1187.00	873.02
1188.00	898.77
1189.00	861.32
1190.00	880.04
1191.00	966.64
1192.00	992.39
1193.00	924.51
1194.00	866.00
1195.00	875.36
1196.00	985.37
1197.00	868.34
1198.00	940.90
1199.00	851.96
1200.00	915.15
1201.00	1029.84
1202.00	1142.18
1203.00	1205.38
1204.00	1156.22
1205.00	1135.16
1206.00	1008.77
1207.00	1015.79
1208.00	1043.88
1209.00	1022.81
1210.00	978.34
1211.00	1004.09
1212.00	990.05
1213.00	1032.18
1214.00	1088.35
1215.00	1097.71
1216.00	1240.48
1217.00	1369.21
1218.00	1516.67
1219.00	1748.38
1220.00	3143.34
1221.00	16898.67
1222.00	47784.38
1223.00	62922.96
1224.00	62354.21
1225.00	53773.81
1226.00	39990.39
1227.00	29993.97
1228.00	24294.76
1229.00	17455.72
1230.00	8505.51
1231.00	3632.51
1232.00	2001.16
1233.00	1582.20
1234.00	1497.94
1235.00	1343.47
1236.00	1322.40
1237.00	1181.97
1238.00	1179.63
1239.00	1462.83
1240.00	3194.83
1241.00	5184.29
1242.00	6450.52
1243.00	5357.49
1244.00	4117.00
1245.00	3232.28
1246.00	2740.77
1247.00	2272.66
1248.00	1750.72
1249.00	1158.57
1250.00	1015.79
1251.00	1088.35
1252.00	945.58
1253.00	896.43
1254.00	983.02
1255.00	1032.18
1256.00	1046.22
1257.00	1018.13
1258.00	1008.77
1259.00	1025.15
1260.00	973.66
1261.00	976.00
1262.00	954.94
1263.00	978.34
1264.00	938.55
1265.00	922.17
1266.00	891.74
1267.00	919.83
1268.00	954.94
1269.00	940.90
1270.00	819.19
1271.00	887.06
1272.00	929.19
1273.00	952.60
1274.00	894.08
1275.00	957.28
1276.00	922.17
1277.00	980.68
1278.00	1008.77
1279.00	2214.15
1280.00	5694.52
1281.00	9635.99
1282.00	11061.37
1283.00	8451.67
1284.00	6258.59
1285.00	4770.01
1286.00	3932.10
1287.00	3241.64
1288.00	2165.00
1289.00	1240.48
1290.00	978.34
1291.00	1027.50
1292.00	994.73
1293.00	945.58
1294.00	992.39
1295.00	973.66
1296.00	903.45
1297.00	903.45
1298.00	1022.81
1299.00	1502.62
1300.00	2356.92
1301.00	2972.48
1302.00	2813.32
1303.00	2225.85
1304.00	1860.73
1305.00	1610.29
1306.00	1420.71
1307.00	1252.19
1308.00	1109.41
1309.00	980.68
1310.00	938.55
1311.00	968.98
1312.00	894.08
1313.00	933.87
1314.00	917.49
1315.00	847.27
1316.00	896.43
1317.00	816.85
1318.00	880.04
1319.00	873.02
1320.00	875.36
1321.00	788.76
1322.00	786.42
1323.00	816.85
1324.00	828.55
1325.00	847.27
1326.00	826.21
1327.00	788.76
1328.00	835.57
1329.00	821.53
1330.00	891.74
1331.00	891.74
1332.00	973.66
1333.00	1015.79
1334.00	1652.42
1335.00	2803.96
1336.00	3318.88
1337.00	3054.40
1338.00	2434.16
1339.00	1860.73
1340.00	1631.35
1341.00	1565.82
1342.00	1170.27
1343.00	1015.79
1344.00	896.43
1345.00	854.30
1346.00	910.47
1347.00	821.53
1348.00	854.30
1349.00	814.51
1350.00	863.66
1351.00	919.83
1352.00	833.23
1353.00	870.68
1354.00	882.38
1355.00	823.87
1356.00	910.47
1357.00	933.87
1358.00	863.66
1359.00	868.34
1360.00	983.02
1361.00	1086.01
1362.00	2134.57
1363.00	5130.45
1364.00	8643.60
1365.00	9479.17
1366.00	7297.79
1367.00	5254.50
1368.00	4011.68
1369.00	3379.73
1370.00	2693.96
1371.00	1781.15
1372.00	1228.78
1373.00	1039.20
1374.00	1025.15
1375.00	1240.48
1376.00	2925.67
1377.00	8168.47
1378.00	14530.05
1379.00	16418.86
1380.00	12753.58
1381.00	9186.60
1382.00	6602.65
1383.00	5504.94
1384.00	4266.80
1385.00	2665.87
1386.00	1629.01
1387.00	1132.82
1388.00	999.41
1389.00	891.74
1390.00	1029.84
1391.00	898.77
1392.00	954.94
1393.00	964.30
1394.00	936.21
1395.00	915.15
1396.00	912.81
1397.00	943.24
1398.00	1104.73
1399.00	1266.23
1400.00	1341.13
1401.00	1338.79
1402.00	1167.93
1403.00	1128.14
1404.00	1210.06
1405.00	1261.55
1406.00	1980.09
1407.00	7660.57
1408.00	18675.13
1409.00	26665.72
1410.00	24280.72
1411.00	17451.03
1412.00	11962.48
1413.00	9224.05
1414.00	7590.36
1415.00	4940.87
1416.00	2733.75
1417.00	1547.09
1418.00	1193.67
1419.00	1149.20
1420.00	1839.66
1421.00	4105.30
1422.00	6567.54
1423.00	7056.72
1424.00	5547.07
1425.00	4098.28
1426.00	3187.81
1427.00	2670.55
1428.00	2134.57
1429.00	1544.75
1430.00	1144.52
1431.00	943.24
1432.00	891.74
1433.00	844.93
1434.00	882.38
1435.00	894.08
1436.00	877.70
1437.00	875.36
1438.00	812.17
1439.00	821.53
1440.00	826.21
1441.00	980.68
1442.00	884.72
1443.00	861.32
1444.00	912.81
1445.00	819.19
1446.00	870.68
1447.00	819.19
1448.00	882.38
1449.00	851.96
1450.00	849.61
1451.00	936.21
1452.00	849.61
1453.00	861.32
1454.00	896.43
1455.00	1233.46
1456.00	2286.70
1457.00	3873.59
1458.00	4599.15
1459.00	3899.33
1460.00	2942.05
1461.00	2307.77
1462.00	1919.24
1463.00	1767.10
1464.00	1275.59
1465.00	1004.09
1466.00	891.74
1467.00	887.06
1468.00	954.94
1469.00	807.48
1470.00	854.30
1471.00	826.21
1472.00	826.21
1473.00	828.55
1474.00	816.85
1475.00	933.87
1476.00	784.08
1477.00	877.70
1478.00	924.51
1479.00	917.49
1480.00	816.85
1481.00	840.25
1482.00	833.23
1483.00	837.91
1484.00	912.81
1485.00	922.17
1486.00	959.62
1487.00	1172.61
1488.00	3489.74
1489.00	8571.04
1490.00	13813.84
1491.00	13748.31
1492.00	9912.17
1493.00	7131.61
1494.00	5313.02
1495.00	4437.66
1496.00	3236.96
1497.00	1954.35
1498.00	1324.74
1499.00	1032.18
1500.00	980.68
1501.00	870.68
1502.00	795.78
1503.00	833.23
1504.00	898.77
1505.00	870.68
1506.00	819.19
1507.00	793.44
1508.00	866.00
1509.00	840.25
1510.00	873.02
1511.00	791.10
1512.00	868.34
1513.00	1139.84
1514.00	2120.53
1515.00	3440.59
1516.00	4257.43
1517.00	3386.76
1518.00	2595.65
1519.00	2237.55
1520.00	1872.43
1521.00	1568.16
1522.00	1315.38
1523.00	1043.88
1524.00	915.15
1525.00	903.45
1526.00	943.24
1527.00	943.24
1528.00	901.11
1529.00	844.93
1530.00	933.87
1531.00	987.71
1532.00	1074.31
1533.00	1989.46
1534.00	4983.00
1535.00	8439.97
1536.00	10359.21
1537.00	8006.97
1538.00	5792.83
1539.00	4315.95
1540.00	3550.59
1541.00	2761.83
1542.00	1856.04
1543.00	1203.04
1544.00	1027.50
1545.00	863.66
1546.00	894.08
1547.00	793.44
1548.00	854.30
1549.00	863.66
1550.00	868.34
1551.00	875.36
1552.00	891.74
1553.00	851.96
1554.00	880.04
1555.00	882.38
1556.00	819.19
1557.00	870.68
1558.00	887.06
1559.00	873.02
1560.00	866.00
1561.00	933.87
1562.00	877.70
1563.00	943.24
1564.00	1013.45
1565.00	1376.24
1566.00	4053.81
1567.00	10750.08
1568.00	17408.90
1569.00	17937.87
1570.00	12917.42
1571.00	9046.17
1572.00	6672.87
1573.00	5554.09
1574.00	3969.55
1575.00	2363.94
1576.00	1570.50
1577.00	1336.45
1578.00	1650.08
1579.00	6101.78
1580.00	16472.69
1581.00	27700.24
1582.00	29151.37
1583.00	20315.85
1584.00	14347.48
1585.00	10429.43
1586.00	8559.34
1587.00	5930.92
1588.00	3084.83
1589.00	1795.19
1590.00	1263.89
1591.00	1090.69
1592.00	1116.44
1593.00	1083.67
1594.00	924.51
1595.00	908.13
1596.00	866.00
1597.00	884.72
1598.00	844.93
1599.00	912.81
1600.00	849.61
1601.00	784.08
1602.00	798.12
1603.00	856.64
1604.00	821.53
1605.00	877.70
1606.00	854.30
1607.00	868.34
1608.00	814.51
1609.00	798.12
1610.00	844.93
1611.00	851.96
1612.00	870.68
1613.00	856.64
1614.00	802.80
1615.00	833.23
1616.00	847.27
1617.00	772.38
1618.00	777.06
1619.00	851.96
1620.00	891.74
1621.00	858.98
1622.00	882.38
1623.00	870.68
1624.00	779.40
1625.00	800.46
1626.00	795.78
1627.00	805.14
1628.00	858.98
1629.00	819.19
1630.00	842.59
1631.00	814.51
1632.00	760.67
1633.00	774.72
1634.00	779.40
1635.00	739.61
1636.00	870.68
1637.00	800.46
1638.00	791.10
1639.00	823.87
1640.00	800.46
1641.00	802.80
1642.00	809.83
1643.00	833.23
1644.00	851.96
1645.00	847.27
1646.00	891.74
1647.00	847.27
1648.00	887.06
1649.00	1076.65
1650.00	2476.29
1651.00	6904.58
1652.00	12580.38
1653.00	15421.79
1654.00	12067.80
1655.00	8561.68
1656.00	6349.87
1657.00	4973.64
1658.00	3660.60
1659.00	2267.98
1660.00	1441.77
1661.00	1090.69
1662.00	943.24
1663.00	898.77
1664.00	891.74
1665.00	952.60
1666.00	910.47
1667.00	856.64
1668.00	1249.85
1669.00	2459.90
1670.00	4545.32
1671.00	5734.31
1672.00	4896.40
1673.00	3770.60
1674.00	2930.35
1675.00	2300.75
1676.00	1881.79
1677.00	1432.41
1678.00	1086.01
1679.00	873.02
1680.00	816.85
1681.00	887.06
1682.00	844.93
1683.00	772.38
1684.00	791.10
1685.00	739.61
1686.00	821.53
1687.00	791.10
1688.00	772.38
1689.00	793.44
1690.00	730.25
1691.00	795.78
1692.00	816.85
1693.00	744.29
1694.00	807.48
1695.00	723.23
1696.00	823.87
1697.00	802.80
1698.00	809.83
1699.00	858.98
1700.00	842.59
1701.00	791.10
1702.00	833.23
1703.00	786.42
1704.00	816.85
1705.00	830.89
1706.00	779.40
1707.00	800.46
1708.00	774.72
1709.00	795.78
1710.00	753.65
1711.00	833.23
1712.00	835.57
1713.00	847.27
1714.00	1434.75
1715.00	3258.03
1716.00	5968.37
1717.00	7749.51
1718.00	6745.42
1719.00	5238.12
1720.00	3899.33
1721.00	3030.99
1722.00	2263.30
1723.00	1638.38
1724.00	1191.33
1725.00	905.79
1726.00	870.68
1727.00	849.61
1728.00	851.96
1729.00	760.67
1730.00	830.89
1731.00	744.29
1732.00	798.12
1733.00	779.40
1734.00	772.38
1735.00	755.99
1736.00	798.12
1737.00	800.46
1738.00	809.83
1739.00	732.59
1740.00	763.01
1741.00	786.42
1742.00	802.80
1743.00	748.97
1744.00	753.65
1745.00	781.74
1746.00	812.17
1747.00	826.21
1748.00	805.14
1749.00	798.12
1750.00	826.21
1751.00	774.72
1752.00	788.76
1753.00	788.76
1754.00	840.25
1755.00	821.53
1756.00	763.01
1757.00	849.61
1758.00	880.04
1759.00	718.54
1760.00	777.06
1761.00	842.59
1762.00	798.12
1763.00	805.14
1764.00	844.93
1765.00	891.74
1766.00	807.48
1767.00	866.00
1768.00	947.92
1769.00	990.05
1770.00	2017.54
1771.00	5444.09
1772.00	10242.18
1773.00	13315.31
1774.00	11463.94
1775.00	8589.77
1776.00	6335.83
1777.00	4514.89
1778.00	2970.14
1779.00	1886.47
1780.00	1397.30
1781.00	1114.10
1782.00	961.96
1783.00	889.40
1784.00	830.89
1785.00	802.80
1786.00	873.02
1787.00	837.91
1788.00	781.74
1789.00	734.93
1790.00	842.59
1791.00	807.48
1792.00	821.53
1793.00	791.10
1794.00	765.36
1795.00	844.93
1796.00	842.59
1797.00	1039.20
1798.00	2186.06
1799.00	4737.24
1800.00	7651.21
1801.00	8489.12
1802.00	6825.00
1803.00	5240.46
1804.00	3786.99
1805.00	2509.05
1806.00	1736.68
1807.00	1247.51
1808.00	1022.81
1809.00	870.68
1810.00	798.12
1811.00	807.48
1812.00	753.65
1813.00	835.57
1814.00	755.99
1815.00	837.91
1816.00	786.42
1817.00	858.98
1818.00	779.40
1819.00	784.08
1820.00	765.36
1821.00	777.06
1822.00	741.95
1823.00	770.04
1824.00	765.36
1825.00	807.48
1826.00	919.83
1827.00	889.40
1828.00	901.11
1829.00	802.80
1830.00	851.96
1831.00	812.17
1832.00	723.23
1833.00	807.48
1834.00	856.64
1835.00	800.46
1836.00	816.85
1837.00	856.64
1838.00	788.76
1839.00	751.31
1840.00	821.53
1841.00	856.64
1842.00	777.06
1843.00	882.38
1844.00	755.99
1845.00	772.38
1846.00	681.10
1847.00	753.65
1848.00	779.40
1849.00	793.44
1850.00	814.51
1851.00	755.99
1852.00	772.38
1853.00	765.36
1854.00	732.59
1855.00	746.63
1856.00	816.85
1857.00	727.91
1858.00	798.12
1859.00	727.91
1860.00	685.78
1861.00	760.67
1862.00	751.31
1863.00	723.23
1864.00	755.99
1865.00	793.44
1866.00	688.12
1867.00	758.33
1868.00	688.12
1869.00	774.72
1870.00	662.37
1871.00	777.06
1872.00	713.86
1873.00	812.17
1874.00	720.88
1875.00	744.29
1876.00	765.36
1877.00	779.40
1878.00	727.91
1879.00	809.83
1880.00	816.85
1881.00	793.44
1882.00	826.21
1883.00	821.53
1884.00	812.17
1885.00	833.23
1886.00	706.84
1887.00	713.86
1888.00	863.66
1889.00	753.65
1890.00	812.17
1891.00	821.53
1892.00	823.87
1893.00	765.36
1894.00	791.10
1895.00	784.08
1896.00	821.53
1897.00	777.06
1898.00	758.33
1899.00	727.91
1900.00	753.65
1901.00	758.33
1902.00	835.57
1903.00	809.83
1904.00	688.12
1905.00	763.01
1906.00	765.36
1907.00	805.14
1908.00	767.70
1909.00	758.33
1910.00	819.19
1911.00	952.60
1912.00	882.38
1913.00	833.23
1914.00	851.96
1915.00	744.29
1916.00	765.36
1917.00	704.50
1918.00	777.06
1919.00	784.08
1920.00	788.76
1921.00	767.70
1922.00	711.52
1923.00	786.42
1924.00	781.74
1925.00	791.10
1926.00	716.20
1927.00	676.41
1928.00	828.55
1929.00	784.08
1930.00	725.57
1931.00	748.97
1932.00	732.59
1933.00	765.36
1934.00	753.65
1935.00	774.72
1936.00	781.74
1937.00	690.46
1938.00	685.78
1939.00	760.67
1940.00	781.74
1941.00	807.48
1942.00	725.57
1943.00	781.74
1944.00	716.20
1945.00	816.85
1946.00	763.01
1947.00	791.10
1948.00	744.29
1949.00	781.74
1950.00	809.83
1951.00	870.68
1952.00	1036.86
1953.00	2090.10
1954.00	4372.12
1955.00	6911.60
1956.00	7328.22
1957.00	5479.19
1958.00	3632.51
1959.00	2239.89
1960.00	1575.18
1961.00	1193.67
1962.00	1057.92
1963.00	917.49
1964.00	851.96
1965.00	807.48
1966.00	786.42
1967.00	767.70
1968.00	791.10
1969.00	856.64
1970.00	791.10
1971.00	821.53
1972.00	758.33
1973.00	755.99
1974.00	821.53
1975.00	821.53
1976.00	767.70
1977.00	814.51
1978.00	784.08
1979.00	821.53
1980.00	866.00
1981.00	1081.33
1982.00	1144.52
1983.00	1238.14
1984.00	1053.24
1985.00	1029.84
1986.00	873.02
1987.00	781.74
1988.00	830.89
1989.00	763.01
1990.00	788.76
1991.00	844.93
1992.00	770.04
1993.00	758.33
1994.00	765.36
1995.00	755.99
1996.00	723.23
1997.00	763.01
1998.00	716.20
1999.00	751.31
2000.00	753.65
2001.00	737.27
2002.00	791.10
2003.00	873.02
2004.00	767.70
2005.00	786.42
2006.00	744.29
2007.00	688.12
2008.00	795.78
2009.00	814.51
2010.00	847.27
2011.00	739.61
2012.00	753.65
2013.00	781.74
2014.00	837.91
2015.00	807.48
2016.00	795.78
2017.00	798.12
2018.00	781.74
2019.00	798.12
2020.00	791.10
2021.00	807.48
2022.00	788.76
2023.00	823.87
2024.00	812.17
2025.00	940.90
2026.00	1144.52
2027.00	1174.95
2028.00	1139.84
2029.00	1114.10
2030.00	2211.81
2031.00	5746.02
2032.00	11059.03
2033.00	14558.13
2034.00	13266.16
2035.00	8915.10
2036.00	5916.87
2037.00	3936.78
2038.00	2476.29
2039.00	1596.25
2040.00	1247.51
2041.00	1086.01
2042.00	936.21
2043.00	957.28
2044.00	863.66
2045.00	755.99
2046.00	807.48
2047.00	842.59
