0.00	730.25
1.00	730.25
2.00	730.25
3.00	606.20
4.00	566.41
5.00	554.71
6.00	568.75
7.00	559.39
8.00	486.83
9.00	561.73
10.00	578.11
11.00	606.20
12.00	528.96
13.00	636.63
14.00	503.22
15.00	589.82
16.00	561.73
17.00	582.79
18.00	645.99
19.00	559.39
20.00	620.24
21.00	608.54
22.00	622.58
23.00	624.92
24.00	615.56
25.00	641.31
26.00	580.45
27.00	709.18
28.00	678.76
29.00	718.54
30.00	681.10
31.00	777.06
32.00	723.23
33.00	779.40
34.00	751.31
35.00	711.52
36.00	688.12
37.00	786.42
38.00	674.07
39.00	706.84
40.00	727.91
41.00	727.91
42.00	774.72
43.00	683.44
44.00	702.16
45.00	751.31
46.00	638.97
47.00	711.52
48.00	699.82
49.00	772.38
50.00	725.57
51.00	779.40
52.00	737.27
53.00	732.59
54.00	772.38
55.00	690.46
56.00	720.88
57.00	730.25
58.00	718.54
59.00	737.27
60.00	765.36
61.00	753.65
62.00	791.10
63.00	772.38
64.00	716.20
65.00	732.59
66.00	758.33
67.00	706.84
68.00	660.03
69.00	660.03
70.00	763.01
71.00	765.36
72.00	763.01
73.00	697.48
74.00	725.57
75.00	746.63
76.00	774.72
77.00	653.01
78.00	741.95
79.00	760.67
80.00	727.91
81.00	758.33
82.00	671.73
83.00	732.59
84.00	748.97
85.00	753.65
86.00	732.59
87.00	734.93
88.00	730.25
89.00	800.46
90.00	800.46
91.00	758.33
92.00	763.01
93.00	739.61
94.00	734.93
95.00	716.20
96.00	812.17
97.00	688.12
98.00	765.36
99.00	805.14
100.00	716.20
101.00	770.04
102.00	695.14
103.00	730.25
104.00	732.59
105.00	702.16
106.00	671.73
107.00	599.18
108.00	795.78
109.00	718.54
110.00	767.70
111.00	711.52
112.00	725.57
113.00	755.99
114.00	741.95
115.00	725.57
116.00	727.91
117.00	746.63
118.00	760.67
119.00	793.44
120.00	746.63
121.00	777.06
122.00	676.41
123.00	711.52
124.00	751.31
125.00	753.65
126.00	751.31
127.00	685.78
128.00	697.48
129.00	709.18
130.00	746.63
131.00	758.33
132.00	725.57
133.00	763.01
134.00	791.10
135.00	683.44
136.00	716.20
137.00	727.91
138.00	755.99
139.00	748.97
140.00	781.74
141.00	711.52
142.00	720.88
143.00	720.88
144.00	786.42
145.00	702.16
146.00	755.99
147.00	779.40
148.00	802.80
149.00	725.57
150.00	713.86
151.00	814.51
152.00	746.63
153.00	692.80
154.00	767.70
155.00	767.70
156.00	730.25
157.00	704.50
158.00	770.04
159.00	777.06
160.00	807.48
161.00	765.36
162.00	725.57
163.00	713.86
164.00	746.63
165.00	720.88
166.00	720.88
167.00	802.80
168.00	753.65
169.00	685.78
170.00	727.91
171.00	678.76
172.00	704.50
173.00	704.50
174.00	697.48
175.00	746.63
176.00	821.53
177.00	755.99
178.00	772.38
179.00	674.07
180.00	748.97
181.00	699.82
182.00	683.44
183.00	779.40
184.00	758.33
185.00	671.73
186.00	688.12
187.00	718.54
188.00	744.29
189.00	716.20
190.00	716.20
191.00	755.99
192.00	744.29
193.00	697.48
194.00	716.20
195.00	727.91
196.00	758.33
197.00	779.40
198.00	744.29
199.00	772.38
200.00	774.72
201.00	779.40
202.00	744.29
203.00	699.82
204.00	753.65
205.00	702.16
206.00	770.04
207.00	751.31
208.00	695.14
209.00	739.61
210.00	781.74
211.00	777.06
212.00	657.69
213.00	697.48
214.00	781.74
215.00	734.93
216.00	676.41
217.00	751.31
218.00	763.01
219.00	858.98
220.00	690.46
221.00	704.50
222.00	737.27
223.00	767.70
224.00	751.31
225.00	753.65
226.00	741.95
227.00	734.93
228.00	748.97
229.00	739.61
230.00	870.68
231.00	772.38
232.00	723.23
233.00	692.80
234.00	748.97
235.00	760.67
236.00	692.80
237.00	758.33
238.00	709.18
239.00	746.63
240.00	699.82
241.00	723.23
242.00	765.36
243.00	777.06
244.00	685.78
245.00	739.61
246.00	737.27
247.00	723.23
248.00	779.40
249.00	725.57
250.00	774.72
251.00	772.38
252.00	763.01
253.00	760.67
254.00	793.44
255.00	777.06
256.00	763.01
257.00	683.44
258.00	772.38
259.00	791.10
260.00	713.86
261.00	753.65
262.00	704.50
263.00	791.10
264.00	716.20
265.00	786.42
266.00	765.36
267.00	760.67
268.00	784.08
269.00	863.66
270.00	711.52
271.00	795.78
272.00	847.27
273.00	798.12
274.00	809.83
275.00	840.25
276.00	863.66
277.00	788.76
278.00	713.86
279.00	791.10
280.00	826.21
281.00	753.65
282.00	779.40
283.00	727.91
284.00	781.74
285.00	695.14
286.00	697.48
287.00	767.70
288.00	734.93
289.00	791.10
290.00	758.33
291.00	713.86
292.00	746.63
293.00	784.08
294.00	690.46
295.00	713.86
296.00	748.97
297.00	765.36
298.00	833.23
299.00	662.37
300.00	704.50
301.00	725.57
302.00	739.61
303.00	723.23
304.00	763.01
305.00	734.93
306.00	795.78
307.00	805.14
308.00	767.70
309.00	798.12
310.00	863.66
311.00	791.10
312.00	791.10
313.00	777.06
314.00	777.06
315.00	723.23
316.00	828.55
317.00	692.80
318.00	786.42
319.00	812.17
320.00	753.65
321.00	758.33
322.00	786.42
323.00	702.16
324.00	760.67
325.00	809.83
326.00	744.29
327.00	741.95
328.00	800.46
329.00	730.25
330.00	688.12
331.00	809.83
332.00	763.01
333.00	697.48
334.00	763.01
335.00	685.78
336.00	713.86
337.00	727.91
338.00	741.95
339.00	765.36
340.00	758.33
341.00	772.38
342.00	779.40
343.00	763.01
344.00	704.50
345.00	835.57
346.00	737.27
347.00	819.19
348.00	779.40
349.00	844.93
350.00	896.43
351.00	828.55
352.00	814.51
353.00	786.42
354.00	812.17
355.00	816.85
356.00	791.10
357.00	823.87
358.00	774.72
359.00	755.99
360.00	727.91
361.00	765.36
362.00	821.53
363.00	720.88
364.00	753.65
365.00	753.65
366.00	816.85
367.00	835.57
368.00	755.99
369.00	744.29
370.00	770.04
371.00	763.01
372.00	732.59
373.00	713.86
374.00	788.76
375.00	723.23
376.00	844.93
377.00	730.25
378.00	777.06
379.00	711.52
380.00	753.65
381.00	763.01
382.00	655.35
383.00	809.83
384.00	777.06
385.00	727.91
386.00	706.84
387.00	770.04
388.00	779.40
389.00	737.27
390.00	812.17
391.00	755.99
392.00	765.36
393.00	697.48
394.00	718.54
395.00	718.54
396.00	767.70
397.00	814.51
398.00	744.29
399.00	734.93
400.00	774.72
401.00	690.46
402.00	662.37
403.00	723.23
404.00	748.97
405.00	828.55
406.00	732.59
407.00	805.14
408.00	767.70
409.00	781.74
410.00	699.82
411.00	723.23
412.00	718.54
413.00	784.08
414.00	751.31
415.00	702.16
416.00	786.42
417.00	755.99
418.00	739.61
419.00	751.31
420.00	755.99
421.00	730.25
422.00	739.61
423.00	767.70
424.00	741.95
425.00	737.27
426.00	770.04
427.00	716.20
428.00	777.06
429.00	739.61
430.00	730.25
431.00	716.20
432.00	800.46
433.00	734.93
434.00	770.04
435.00	777.06
436.00	662.37
437.00	786.42
438.00	674.07
439.00	772.38
440.00	793.44
441.00	723.23
442.00	851.96
443.00	807.48
444.00	713.86
445.00	713.86
446.00	748.97
447.00	765.36
448.00	795.78
449.00	716.20
450.00	751.31
451.00	809.83
452.00	713.86
453.00	753.65
454.00	774.72
455.00	744.29
456.00	669.39
457.00	786.42
458.00	837.91
459.00	683.44
460.00	678.76
461.00	732.59
462.00	758.33
463.00	697.48
464.00	748.97
465.00	739.61
466.00	755.99
467.00	741.95
468.00	739.61
469.00	767.70
470.00	770.04
471.00	772.38
472.00	800.46
473.00	755.99
474.00	807.48
475.00	798.12
476.00	725.57
477.00	814.51
478.00	800.46
479.00	812.17
480.00	777.06
481.00	755.99
482.00	674.07
483.00	795.78
484.00	755.99
485.00	674.07
486.00	781.74
487.00	793.44
488.00	823.87
489.00	819.19
490.00	781.74
491.00	716.20
492.00	704.50
493.00	758.33
494.00	737.27
495.00	823.87
496.00	777.06
497.00	702.16
498.00	856.64
499.00	800.46
500.00	725.57
501.00	772.38
502.00	828.55
503.00	751.31
504.00	746.63
505.00	753.65
506.00	744.29
507.00	858.98
508.00	772.38
509.00	772.38
510.00	765.36
511.00	730.25
512.00	748.97
513.00	753.65
514.00	795.78
515.00	772.38
516.00	748.97
517.00	774.72
518.00	774.72
519.00	786.42
520.00	791.10
521.00	737.27
522.00	779.40
523.00	777.06
524.00	760.67
525.00	753.65
526.00	786.42
527.00	770.04
528.00	786.42
529.00	732.59
530.00	699.82
531.00	791.10
532.00	800.46
533.00	760.67
534.00	732.59
535.00	830.89
536.00	720.88
537.00	781.74
538.00	718.54
539.00	765.36
540.00	807.48
541.00	718.54
542.00	741.95
543.00	795.78
544.00	727.91
545.00	760.67
546.00	718.54
547.00	802.80
548.00	784.08
549.00	805.14
550.00	795.78
551.00	781.74
552.00	779.40
553.00	807.48
554.00	774.72
555.00	746.63
556.00	826.21
557.00	706.84
558.00	763.01
559.00	725.57
560.00	760.67
561.00	730.25
562.00	706.84
563.00	713.86
564.00	678.76
565.00	706.84
566.00	741.95
567.00	720.88
568.00	774.72
569.00	763.01
570.00	706.84
571.00	770.04
572.00	748.97
573.00	784.08
574.00	746.63
575.00	793.44
576.00	802.80
577.00	720.88
578.00	718.54
579.00	767.70
580.00	795.78
581.00	807.48
582.00	748.97
583.00	688.12
584.00	823.87
585.00	751.31
586.00	788.76
587.00	816.85
588.00	695.14
589.00	814.51
590.00	800.46
591.00	718.54
592.00	751.31
593.00	695.14
594.00	744.29
595.00	734.93
596.00	788.76
597.00	737.27
598.00	786.42
599.00	755.99
600.00	816.85
601.00	828.55
602.00	732.59
603.00	734.93
604.00	718.54
605.00	800.46
606.00	826.21
607.00	767.70
608.00	727.91
609.00	741.95
610.00	772.38
611.00	835.57
612.00	692.80
613.00	725.57
614.00	751.31
615.00	737.27
616.00	748.97
617.00	744.29
618.00	840.25
619.00	744.29
620.00	774.72
621.00	793.44
622.00	751.31
623.00	730.25
624.00	755.99
625.00	781.74
626.00	788.76
627.00	805.14
628.00	706.84
629.00	795.78
630.00	767.70
631.00	704.50
632.00	781.74
633.00	774.72
634.00	770.04
635.00	842.59
636.00	702.16
637.00	786.42
638.00	802.80
639.00	727.91
640.00	763.01
641.00	800.46
642.00	847.27
643.00	779.40
644.00	800.46
645.00	739.61
646.00	748.97
647.00	781.74
648.00	791.10
649.00	748.97
650.00	800.46
651.00	760.67
652.00	793.44
653.00	805.14
654.00	772.38
655.00	854.30
656.00	866.00
657.00	793.44
658.00	828.55
659.00	741.95
660.00	727.91
661.00	814.51
662.00	751.31
663.00	868.34
664.00	807.48
665.00	777.06
666.00	774.72
667.00	746.63
668.00	793.44
669.00	819.19
670.00	802.80
671.00	858.98
672.00	821.53
673.00	802.80
674.00	819.19
675.00	774.72
676.00	734.93
677.00	744.29
678.00	777.06
679.00	713.86
680.00	772.38
681.00	793.44
682.00	814.51
683.00	760.67
684.00	791.10
685.00	842.59
686.00	788.76
687.00	763.01
688.00	739.61
689.00	770.04
690.00	793.44
691.00	807.48
692.00	793.44
693.00	751.31
694.00	779.40
695.00	746.63
696.00	837.91
697.00	821.53
698.00	823.87
699.00	835.57
700.00	844.93
701.00	770.04
702.00	774.72
703.00	755.99
704.00	809.83
705.00	788.76
706.00	751.31
707.00	798.12
708.00	725.57
709.00	741.95
710.00	755.99
711.00	744.29
712.00	746.63
713.00	786.42
714.00	828.55
715.00	779.40
716.00	851.96
717.00	758.33
718.00	730.25
719.00	840.25
720.00	821.53
721.00	718.54
722.00	812.17
723.00	837.91
724.00	819.19
725.00	786.42
726.00	793.44
727.00	798.12
728.00	781.74
729.00	784.08
730.00	791.10
731.00	727.91
732.00	748.97
733.00	784.08
734.00	826.21
735.00	765.36
736.00	795.78
737.00	840.25
738.00	814.51
739.00	772.38
740.00	805.14
741.00	774.72
742.00	830.89
743.00	812.17
744.00	774.72
745.00	800.46
746.00	746.63
747.00	816.85
748.00	758.33
749.00	816.85
750.00	816.85
751.00	826.21
752.00	763.01
753.00	760.67
754.00	734.93
755.00	819.19
756.00	828.55
757.00	798.12
758.00	826.21
759.00	767.70
760.00	868.34
761.00	770.04
762.00	763.01
763.00	795.78
764.00	819.19
765.00	744.29
766.00	821.53
767.00	809.83
768.00	748.97
769.00	847.27
770.00	786.42
771.00	835.57
772.00	863.66
773.00	753.65
774.00	807.48
775.00	873.02
776.00	793.44
777.00	800.46
778.00	786.42
779.00	898.77
780.00	851.96
781.00	830.89
782.00	844.93
783.00	800.46
784.00	833.23
785.00	847.27
786.00	854.30
787.00	842.59
788.00	842.59
789.00	784.08
790.00	791.10
791.00	807.48
792.00	880.04
793.00	802.80
794.00	809.83
795.00	807.48
796.00	821.53
797.00	770.04
798.00	849.61
799.00	840.25
800.00	781.74
801.00	819.19
802.00	753.65
803.00	842.59
804.00	858.98
805.00	849.61
806.00	823.87
807.00	819.19
808.00	873.02
809.00	802.80
810.00	758.33
811.00	678.76
812.00	816.85
813.00	788.76
814.00	809.83
815.00	800.46
816.00	802.80
817.00	795.78
818.00	795.78
819.00	774.72
820.00	835.57
821.00	781.74
822.00	833.23
823.00	753.65
824.00	821.53
825.00	781.74
826.00	791.10
827.00	760.67
828.00	802.80
829.00	809.83
830.00	779.40
831.00	833.23
832.00	774.72
833.00	795.78
834.00	821.53
835.00	821.53
836.00	877.70
837.00	814.51
838.00	856.64
839.00	772.38
840.00	798.12
841.00	779.40
842.00	772.38
843.00	828.55
844.00	830.89
845.00	767.70
846.00	795.78
847.00	826.21
848.00	849.61
849.00	812.17
850.00	805.14
851.00	744.29
852.00	727.91
853.00	741.95
854.00	734.93
855.00	786.42
856.00	807.48
857.00	854.30
858.00	858.98
859.00	823.87
860.00	748.97
861.00	805.14
862.00	798.12
863.00	753.65
864.00	777.06
865.00	889.40
866.00	784.08
867.00	770.04
868.00	781.74
869.00	772.38
870.00	816.85
871.00	767.70
872.00	807.48
873.00	760.67
874.00	842.59
875.00	847.27
876.00	823.87
877.00	807.48
878.00	858.98
879.00	772.38
880.00	774.72
881.00	798.12
882.00	809.83
883.00	842.59
884.00	842.59
885.00	830.89
886.00	786.42
887.00	868.34
888.00	826.21
889.00	784.08
890.00	777.06
891.00	791.10
892.00	819.19
893.00	826.21
894.00	842.59
895.00	819.19
896.00	821.53
897.00	866.00
898.00	791.10
899.00	823.87
900.00	805.14
901.00	826.21
902.00	837.91
903.00	866.00
904.00	800.46
905.00	870.68
906.00	894.08
907.00	929.19
908.00	891.74
909.00	884.72
910.00	823.87
911.00	945.58
912.00	936.21
913.00	1004.09
914.00	1013.45
915.00	875.36
916.00	1013.45
917.00	880.04
918.00	894.08
919.00	819.19
920.00	828.55
921.00	805.14
922.00	856.64
923.00	863.66
924.00	833.23
925.00	786.42
926.00	858.98
927.00	835.57
928.00	840.25
929.00	830.89
930.00	805.14
931.00	816.85
932.00	898.77
933.00	833.23
934.00	805.14
935.00	812.17
936.00	788.76
937.00	856.64
938.00	758.33
939.00	842.59
940.00	812.17
941.00	819.19
942.00	791.10
943.00	798.12
944.00	861.32
945.00	882.38
946.00	1088.35
947.00	1685.19
948.00	2157.97
949.00	1914.56
950.00	1600.93
951.00	1394.96
952.00	1338.79
953.00	1090.69
954.00	1022.81
955.00	898.77
956.00	868.34
957.00	844.93
958.00	837.91
959.00	795.78
960.00	868.34
961.00	795.78
962.00	854.30
963.00	816.85
964.00	835.57
965.00	823.87
966.00	772.38
967.00	800.46
968.00	772.38
969.00	744.29
970.00	786.42
971.00	812.17
972.00	779.40
973.00	821.53
974.00	772.38
975.00	767.70
976.00	777.06
977.00	793.44
978.00	737.27
979.00	858.98
980.00	805.14
981.00	830.89
982.00	802.80
983.00	807.48
984.00	788.76
985.00	711.52
986.00	844.93
987.00	837.91
988.00	784.08
989.00	840.25
990.00	805.14
991.00	798.12
992.00	751.31
993.00	765.36
994.00	821.53
995.00	844.93
996.00	784.08
997.00	784.08
998.00	814.51
999.00	800.46
1000.00	870.68
1001.00	821.53
1002.00	807.48
1003.00	791.10
1004.00	830.89
1005.00	915.15
1006.00	833.23
1007.00	758.33
1008.00	798.12
1009.00	858.98
1010.00	739.61
1011.00	805.14
1012.00	758.33
1013.00	791.10
1014.00	816.85
1015.00	791.10
1016.00	856.64
1017.00	802.80
1018.00	779.40
1019.00	842.59
1020.00	814.51
1021.00	800.46
1022.00	779.40
1023.00	709.18
1024.00	847.27
1025.00	788.76
1026.00	781.74
1027.00	884.72
1028.00	819.19
1029.00	760.67
1030.00	765.36
1031.00	816.85
1032.00	866.00
1033.00	812.17
1034.00	854.30
1035.00	844.93
1036.00	746.63
1037.00	866.00
1038.00	800.46
1039.00	784.08
1040.00	837.91
1041.00	800.46
1042.00	840.25
1043.00	770.04
1044.00	826.21
1045.00	800.46
1046.00	875.36
1047.00	901.11
1048.00	809.83
1049.00	777.06
1050.00	884.72
1051.00	807.48
1052.00	828.55
1053.00	816.85
1054.00	819.19
1055.00	798.12
1056.00	828.55
1057.00	812.17
1058.00	842.59
1059.00	774.72
1060.00	781.74
1061.00	877.70
1062.00	861.32
1063.00	833.23
1064.00	821.53
1065.00	826.21
1066.00	814.51
1067.00	786.42
1068.00	840.25
1069.00	774.72
1070.00	741.95
1071.00	788.76
1072.00	798.12
1073.00	781.74
1074.00	809.83
1075.00	821.53
1076.00	781.74
1077.00	746.63
1078.00	795.78
1079.00	770.04
1080.00	898.77
1081.00	875.36
1082.00	816.85
1083.00	823.87
1084.00	901.11
1085.00	854.30
1086.00	786.42
1087.00	837.91
1088.00	777.06
1089.00	835.57
1090.00	814.51
1091.00	770.04
1092.00	798.12
1093.00	901.11
1094.00	821.53
1095.00	772.38
1096.00	854.30
1097.00	809.83
1098.00	788.76
1099.00	809.83
1100.00	816.85
1101.00	882.38
1102.00	891.74
1103.00	784.08
1104.00	835.57
1105.00	875.36
1106.00	800.46
1107.00	854.30
1108.00	744.29
1109.00	809.83
1110.00	809.83
1111.00	777.06
1112.00	814.51
1113.00	781.74
1114.00	807.48
1115.00	828.55
1116.00	887.06
1117.00	805.14
1118.00	868.34
1119.00	819.19
1120.00	800.46
1121.00	814.51
1122.00	819.19
1123.00	889.40
1124.00	819.19
1125.00	807.48
1126.00	798.12
1127.00	844.93
1128.00	821.53
1129.00	793.44
1130.00	821.53
1131.00	828.55
1132.00	732.59
1133.00	793.44
1134.00	851.96
1135.00	833.23
1136.00	770.04
1137.00	856.64
1138.00	772.38
1139.00	835.57
1140.00	734.93
1141.00	903.45
1142.00	798.12
1143.00	814.51
1144.00	858.98
1145.00	835.57
1146.00	711.52
1147.00	842.59
1148.00	805.14
1149.00	793.44
1150.00	844.93
1151.00	833.23
1152.00	760.67
1153.00	823.87
1154.00	861.32
1155.00	821.53
1156.00	896.43
1157.00	868.34
1158.00	870.68
1159.00	903.45
1160.00	868.34
1161.00	905.79
1162.00	882.38
1163.00	798.12
1164.00	828.55
1165.00	828.55
1166.00	1015.79
1167.00	1116.44
1168.00	1198.35
1169.00	1188.99
1170.00	1165.59
1171.00	1050.90
1172.00	922.17
1173.00	957.28
1174.00	983.02
1175.00	866.00
1176.00	936.21
1177.00	908.13
1178.00	875.36
1179.00	880.04
1180.00	943.24
1181.00	851.96
1182.00	891.74
1183.00	924.51
1184.00	856.64
1185.00	971.32
1186.00	905.79
1187.00	929.19
1188.00	891.74
1189.00	898.77
1190.00	896.43
1191.00	847.27
1192.00	961.96
1193.00	929.19
1194.00	903.45
1195.00	922.17
1196.00	957.28
1197.00	938.55
1198.00	973.66
1199.00	863.66
1200.00	910.47
1201.00	943.24
1202.00	1203.04
1203.00	1198.35
1204.00	1275.59
1205.00	1128.14
1206.00	1163.25
1207.00	1025.15
1208.00	992.39
1209.00	1102.39
1210.00	1067.28
1211.00	978.34
1212.00	1121.12
1213.00	1097.71
1214.00	1144.52
1215.00	1149.20
1216.00	1284.95
1217.00	1394.96
1218.00	1507.30
1219.00	1837.32
1220.00	3283.77
1221.00	18207.03
1222.00	51360.72
1223.00	65462.44
1224.00	65027.10
1225.00	57013.11
1226.00	43950.58
1227.00	32875.16
1228.00	27021.48
1229.00	19889.87
1230.00	9383.21
1231.00	3913.38
1232.00	2169.68
1233.00	1722.63
1234.00	1542.41
1235.00	1390.28
1236.00	1334.11
1237.00	1240.48
1238.00	1252.19
1239.00	1509.65
1240.00	3248.66
1241.00	5710.91
1242.00	7215.87
1243.00	5933.26
1244.00	4510.21
1245.00	3356.33
1246.00	2885.88
1247.00	2527.78
1248.00	1900.52
1249.00	1322.40
1250.00	1001.75
1251.00	1020.47
1252.00	1027.50
1253.00	1029.84
1254.00	1011.11
1255.00	1057.92
1256.00	1100.05
1257.00	1036.86
1258.00	1093.03
1259.00	968.98
1260.00	950.26
1261.00	990.05
1262.00	912.81
1263.00	908.13
1264.00	1025.15
1265.00	966.64
1266.00	887.06
1267.00	1011.11
1268.00	830.89
1269.00	868.34
1270.00	959.62
1271.00	875.36
1272.00	854.30
1273.00	898.77
1274.00	882.38
1275.00	964.30
1276.00	940.90
1277.00	1008.77
1278.00	1078.99
1279.00	2300.75
1280.00	6256.25
1281.00	10806.25
1282.00	12173.13
1283.00	9228.73
1284.00	6977.14
1285.00	5245.14
1286.00	4322.97
1287.00	3536.55
1288.00	2209.47
1289.00	1376.24
1290.00	1069.62
1291.00	940.90
1292.00	1008.77
1293.00	922.17
1294.00	1011.11
1295.00	919.83
1296.00	884.72
1297.00	919.83
1298.00	1076.65
1299.00	1476.88
1300.00	2677.57
1301.00	3485.06
1302.00	3211.22
1303.00	2485.65
1304.00	1809.23
1305.00	1732.00
1306.00	1582.20
1307.00	1226.44
1308.00	1088.35
1309.00	1013.45
1310.00	894.08
1311.00	985.37
1312.00	940.90
1313.00	877.70
1314.00	901.11
1315.00	795.78
1316.00	793.44
1317.00	821.53
1318.00	866.00
1319.00	807.48
1320.00	912.81
1321.00	830.89
1322.00	826.21
1323.00	823.87
1324.00	798.12
1325.00	821.53
1326.00	851.96
1327.00	866.00
1328.00	844.93
1329.00	828.55
1330.00	802.80
1331.00	837.91
1332.00	919.83
1333.00	992.39
1334.00	1668.80
1335.00	2935.03
1336.00	3686.34
1337.00	3164.40
1338.00	2593.31
1339.00	2066.69
1340.00	1706.25
1341.00	1603.27
1342.00	1303.68
1343.00	1083.67
1344.00	887.06
1345.00	847.27
1346.00	901.11
1347.00	847.27
1348.00	901.11
1349.00	924.51
1350.00	917.49
1351.00	924.51
1352.00	849.61
1353.00	868.34
1354.00	887.06
1355.00	905.79
1356.00	903.45
1357.00	950.26
1358.00	985.37
1359.00	987.71
1360.00	968.98
1361.00	1015.79
1362.00	2272.66
1363.00	5720.27
1364.00	9575.13
1365.00	10256.23
1366.00	7943.78
1367.00	5795.17
1368.00	4388.50
1369.00	3712.09
1370.00	2904.60
1371.00	2022.22
1372.00	1282.61
1373.00	1062.60
1374.00	1179.63
1375.00	1261.55
1376.00	3023.97
1377.00	8753.60
1378.00	15957.77
1379.00	18445.76
1380.00	14295.99
1381.00	9984.73
1382.00	7234.60
1383.00	5963.68
1384.00	4720.86
1385.00	2918.65
1386.00	1741.36
1387.00	1137.50
1388.00	1064.94
1389.00	1041.54
1390.00	1025.15
1391.00	1018.13
1392.00	938.55
1393.00	875.36
1394.00	905.79
1395.00	866.00
1396.00	861.32
1397.00	971.32
1398.00	1167.93
1399.00	1301.34
1400.00	1373.89
1401.00	1369.21
1402.00	1184.31
1403.00	1160.91
1404.00	1221.76
1405.00	1362.19
1406.00	2073.71
1407.00	8255.07
1408.00	20210.53
1409.00	30401.22
1410.00	27124.47
1411.00	19243.88
1412.00	13369.14
1413.00	10059.62
1414.00	8248.05
1415.00	5549.41
1416.00	2757.15
1417.00	1654.76
1418.00	1291.98
1419.00	1224.10
1420.00	2003.50
1421.00	4332.33
1422.00	7225.23
1423.00	7859.52
1424.00	6054.97
1425.00	4540.64
1426.00	3499.10
1427.00	2841.41
1428.00	2324.15
1429.00	1551.78
1430.00	1146.86
1431.00	1032.18
1432.00	882.38
1433.00	950.26
1434.00	985.37
1435.00	992.39
1436.00	910.47
1437.00	882.38
1438.00	858.98
1439.00	828.55
1440.00	844.93
1441.00	868.34
1442.00	877.70
1443.00	856.64
1444.00	833.23
1445.00	763.01
1446.00	917.49
1447.00	854.30
1448.00	807.48
1449.00	851.96
1450.00	870.68
1451.00	847.27
1452.00	870.68
1453.00	868.34
1454.00	971.32
1455.00	1256.87
1456.00	2525.44
1457.00	4163.81
1458.00	5193.65
1459.00	4126.36
1460.00	3173.77
1461.00	2487.99
1462.00	2059.67
1463.00	1858.39
1464.00	1385.60
1465.00	976.00
1466.00	999.41
1467.00	896.43
1468.00	901.11
1469.00	828.55
1470.00	844.93
1471.00	851.96
1472.00	800.46
1473.00	947.92
1474.00	840.25
1475.00	840.25
1476.00	940.90
1477.00	877.70
1478.00	894.08
1479.00	901.11
1480.00	933.87
1481.00	947.92
1482.00	823.87
1483.00	894.08
1484.00	842.59
1485.00	957.28
1486.00	910.47
1487.00	1203.04
1488.00	3613.79
1489.00	9315.33
1490.00	15164.33
1491.00	15257.95
1492.00	11164.36
1493.00	7887.61
1494.00	6076.03
1495.00	4926.83
1496.00	3461.65
1497.00	2066.69
1498.00	1303.68
1499.00	983.02
1500.00	940.90
1501.00	961.96
1502.00	870.68
1503.00	966.64
1504.00	891.74
1505.00	814.51
1506.00	844.93
1507.00	795.78
1508.00	847.27
1509.00	880.04
1510.00	837.91
1511.00	898.77
1512.00	823.87
1513.00	1151.54
1514.00	2176.70
1515.00	3653.58
1516.00	4545.32
1517.00	3892.31
1518.00	3035.67
1519.00	2249.25
1520.00	1893.49
1521.00	1680.50
1522.00	1315.38
1523.00	1004.09
1524.00	901.11
1525.00	889.40
1526.00	901.11
1527.00	844.93
1528.00	880.04
1529.00	887.06
1530.00	1018.13
1531.00	964.30
1532.00	1100.05
1533.00	2073.71
1534.00	5275.57
1535.00	9327.03
1536.00	11358.62
1537.00	8697.43
1538.00	6188.38
1539.00	4704.48
1540.00	3698.05
1541.00	3009.93
1542.00	1977.75
1543.00	1310.70
1544.00	954.94
1545.00	980.68
1546.00	880.04
1547.00	875.36
1548.00	866.00
1549.00	861.32
1550.00	910.47
1551.00	807.48
1552.00	835.57
1553.00	868.34
1554.00	894.08
1555.00	889.40
1556.00	884.72
1557.00	889.40
1558.00	835.57
1559.00	910.47
1560.00	954.94
1561.00	959.62
1562.00	1006.43
1563.00	898.77
1564.00	1043.88
1565.00	1401.98
1566.00	4381.48
1567.00	11793.96
1568.00	19545.81
1569.00	20121.59
1570.00	14291.31
1571.00	10209.42
1572.00	7480.35
1573.00	6111.14
1574.00	4386.16
1575.00	2441.18
1576.00	1612.63
1577.00	1313.04
1578.00	1858.39
1579.00	6312.42
1580.00	17909.78
1581.00	30284.19
1582.00	32488.98
1583.00	23065.98
1584.00	16187.14
1585.00	11566.93
1586.00	9259.16
1587.00	6506.69
1588.00	3475.70
1589.00	1893.49
1590.00	1273.25
1591.00	1097.71
1592.00	1069.62
1593.00	1048.56
1594.00	912.81
1595.00	910.47
1596.00	898.77
1597.00	875.36
1598.00	877.70
1599.00	856.64
1600.00	847.27
1601.00	779.40
1602.00	894.08
1603.00	837.91
1604.00	809.83
1605.00	840.25
1606.00	793.44
1607.00	833.23
1608.00	793.44
1609.00	863.66
1610.00	887.06
1611.00	847.27
1612.00	882.38
1613.00	816.85
1614.00	809.83
1615.00	795.78
1616.00	814.51
1617.00	868.34
1618.00	800.46
1619.00	800.46
1620.00	863.66
1621.00	866.00
1622.00	807.48
1623.00	826.21
1624.00	830.89
1625.00	779.40
1626.00	786.42
1627.00	823.87
1628.00	851.96
1629.00	947.92
1630.00	884.72
1631.00	875.36
1632.00	786.42
1633.00	875.36
1634.00	863.66
1635.00	880.04
1636.00	826.21
1637.00	837.91
1638.00	891.74
1639.00	805.14
1640.00	873.02
1641.00	863.66
1642.00	823.87
1643.00	847.27
1644.00	770.04
1645.00	882.38
1646.00	800.46
1647.00	844.93
1648.00	915.15
1649.00	1132.82
1650.00	2677.57
1651.00	7595.04
1652.00	14087.68
1653.00	17238.05
1654.00	13654.69
1655.00	9909.83
1656.00	7070.76
1657.00	5556.43
1658.00	4119.34
1659.00	2525.44
1660.00	1516.67
1661.00	1100.05
1662.00	1060.26
1663.00	947.92
1664.00	896.43
1665.00	858.98
1666.00	898.77
1667.00	847.27
1668.00	1233.46
1669.00	2778.22
1670.00	4858.95
1671.00	6202.42
1672.00	5401.96
1673.00	4086.58
1674.00	3068.44
1675.00	2583.95
1676.00	2040.95
1677.00	1514.33
1678.00	1067.28
1679.00	933.87
1680.00	863.66
1681.00	849.61
1682.00	882.38
1683.00	791.10
1684.00	837.91
1685.00	807.48
1686.00	849.61
1687.00	828.55
1688.00	753.65
1689.00	847.27
1690.00	868.34
1691.00	795.78
1692.00	763.01
1693.00	844.93
1694.00	805.14
1695.00	802.80
1696.00	788.76
1697.00	821.53
1698.00	863.66
1699.00	875.36
1700.00	866.00
1701.00	868.34
1702.00	849.61
1703.00	835.57
1704.00	823.87
1705.00	851.96
1706.00	898.77
1707.00	851.96
1708.00	751.31
1709.00	798.12
1710.00	849.61
1711.00	844.93
1712.00	814.51
1713.00	929.19
1714.00	1469.86
1715.00	3574.00
1716.00	6457.54
1717.00	8533.59
1718.00	7473.33
1719.00	5738.99
1720.00	4161.47
1721.00	3258.03
1722.00	2485.65
1723.00	1659.44
1724.00	1219.42
1725.00	943.24
1726.00	870.68
1727.00	931.53
1728.00	779.40
1729.00	781.74
1730.00	784.08
1731.00	784.08
1732.00	791.10
1733.00	805.14
1734.00	774.72
1735.00	788.76
1736.00	798.12
1737.00	781.74
1738.00	884.72
1739.00	870.68
1740.00	753.65
1741.00	774.72
1742.00	772.38
1743.00	816.85
1744.00	755.99
1745.00	760.67
1746.00	816.85
1747.00	704.50
1748.00	753.65
1749.00	840.25
1750.00	840.25
1751.00	784.08
1752.00	858.98
1753.00	758.33
1754.00	826.21
1755.00	891.74
1756.00	866.00
1757.00	851.96
1758.00	795.78
1759.00	826.21
1760.00	784.08
1761.00	821.53
1762.00	777.06
1763.00	880.04
1764.00	844.93
1765.00	814.51
1766.00	800.46
1767.00	858.98
1768.00	903.45
1769.00	1062.60
1770.00	2012.86
1771.00	5970.71
1772.00	11250.96
1773.00	14661.12
1774.00	12821.45
1775.00	9390.23
1776.00	6869.47
1777.00	4919.81
1778.00	3164.40
1779.00	2015.20
1780.00	1467.52
1781.00	1142.18
1782.00	908.13
1783.00	931.53
1784.00	891.74
1785.00	835.57
1786.00	875.36
1787.00	861.32
1788.00	819.19
1789.00	791.10
1790.00	877.70
1791.00	795.78
1792.00	828.55
1793.00	802.80
1794.00	788.76
1795.00	823.87
1796.00	884.72
1797.00	1013.45
1798.00	2321.81
1799.00	5121.09
1800.00	8379.12
1801.00	9462.79
1802.00	7487.37
1803.00	5781.12
1804.00	4060.83
1805.00	2813.32
1806.00	1940.30
1807.00	1306.02
1808.00	1062.60
1809.00	968.98
1810.00	854.30
1811.00	880.04
1812.00	835.57
1813.00	896.43
1814.00	786.42
1815.00	692.80
1816.00	844.93
1817.00	751.31
1818.00	795.78
1819.00	889.40
1820.00	723.23
1821.00	739.61
1822.00	755.99
1823.00	798.12
1824.00	781.74
1825.00	844.93
1826.00	856.64
1827.00	915.15
1828.00	898.77
1829.00	863.66
1830.00	828.55
1831.00	805.14
1832.00	793.44
1833.00	828.55
1834.00	753.65
1835.00	851.96
1836.00	809.83
1837.00	763.01
1838.00	760.67
1839.00	741.95
1840.00	807.48
1841.00	734.93
1842.00	779.40
1843.00	751.31
1844.00	772.38
1845.00	732.59
1846.00	755.99
1847.00	702.16
1848.00	758.33
1849.00	744.29
1850.00	807.48
1851.00	667.05
1852.00	774.72
1853.00	828.55
1854.00	755.99
1855.00	730.25
1856.00	828.55
1857.00	779.40
1858.00	805.14
1859.00	805.14
1860.00	739.61
1861.00	802.80
1862.00	830.89
1863.00	772.38
1864.00	765.36
1865.00	746.63
1866.00	748.97
1867.00	784.08
1868.00	793.44
1869.00	788.76
1870.00	739.61
1871.00	755.99
1872.00	746.63
1873.00	812.17
1874.00	765.36
1875.00	730.25
1876.00	765.36
1877.00	751.31
1878.00	816.85
1879.00	788.76
1880.00	805.14
1881.00	737.27
1882.00	786.42
1883.00	800.46
1884.00	767.70
1885.00	854.30
1886.00	795.78
1887.00	821.53
1888.00	781.74
1889.00	805.14
1890.00	779.40
1891.00	779.40
1892.00	734.93
1893.00	699.82
1894.00	744.29
1895.00	748.97
1896.00	699.82
1897.00	739.61
1898.00	760.67
1899.00	765.36
1900.00	812.17
1901.00	802.80
1902.00	755.99
1903.00	781.74
1904.00	837.91
1905.00	765.36
1906.00	781.74
1907.00	793.44
1908.00	720.88
1909.00	805.14
1910.00	791.10
1911.00	809.83
1912.00	835.57
1913.00	809.83
1914.00	882.38
1915.00	772.38
1916.00	802.80
1917.00	779.40
1918.00	711.52
1919.00	828.55
1920.00	763.01
1921.00	781.74
1922.00	784.08
1923.00	828.55
1924.00	755.99
1925.00	758.33
1926.00	709.18
1927.00	781.74
1928.00	772.38
1929.00	760.67
1930.00	767.70
1931.00	786.42
1932.00	753.65
1933.00	812.17
1934.00	730.25
1935.00	699.82
1936.00	718.54
1937.00	774.72
1938.00	737.27
1939.00	753.65
1940.00	751.31
1941.00	711.52
1942.00	688.12
1943.00	716.20
1944.00	814.51
1945.00	781.74
1946.00	840.25
1947.00	744.29
1948.00	744.29
1949.00	800.46
1950.00	844.93
1951.00	812.17
1952.00	990.05
1953.00	2108.82
1954.00	4421.27
1955.00	7672.28
1956.00	8372.10
1957.00	6080.71
1958.00	3981.25
1959.00	2513.74
1960.00	1671.14
1961.00	1266.23
1962.00	1090.69
1963.00	966.64
1964.00	856.64
1965.00	812.17
1966.00	791.10
1967.00	819.19
1968.00	765.36
1969.00	812.17
1970.00	774.72
1971.00	763.01
1972.00	786.42
1973.00	713.86
1974.00	851.96
1975.00	802.80
1976.00	748.97
1977.00	781.74
1978.00	744.29
1979.00	753.65
1980.00	875.36
1981.00	1086.01
1982.00	1156.22
1983.00	1200.69
1984.00	1011.11
1985.00	1029.84
1986.00	877.70
1987.00	816.85
1988.00	882.38
1989.00	713.86
1990.00	732.59
1991.00	763.01
1992.00	690.46
1993.00	758.33
1994.00	795.78
1995.00	795.78
1996.00	716.20
1997.00	840.25
1998.00	791.10
1999.00	779.40
2000.00	765.36
2001.00	706.84
2002.00	858.98
2003.00	837.91
2004.00	737.27
2005.00	781.74
2006.00	819.19
2007.00	720.88
2008.00	784.08
2009.00	767.70
2010.00	781.74
2011.00	676.41
2012.00	798.12
2013.00	779.40
2014.00	791.10
2015.00	746.63
2016.00	753.65
2017.00	730.25
2018.00	774.72
2019.00	767.70
2020.00	767.70
2021.00	826.21
2022.00	802.80
2023.00	870.68
2024.00	823.87
2025.00	1048.56
2026.00	1210.06
2027.00	1179.63
2028.00	1172.61
2029.00	1224.10
2030.00	2293.72
2031.00	6223.48
2032.00	12208.23
2033.00	16276.09
2034.00	14965.39
2035.00	10054.94
2036.00	6780.53
2037.00	4280.84
2038.00	2651.83
2039.00	1783.49
2040.00	1315.38
2041.00	1083.67
2042.00	1022.81
2043.00	978.34
2044.00	809.83
2045.00	784.08
2046.00	828.55
2047.00	798.12
