0.00	711.52
1.00	711.52
2.00	711.52
3.00	538.32
4.00	601.52
5.00	573.43
6.00	538.32
7.00	510.24
8.00	493.85
9.00	507.90
10.00	613.22
11.00	613.22
12.00	505.56
13.00	503.22
14.00	559.39
15.00	599.18
16.00	589.82
17.00	545.34
18.00	543.00
19.00	559.39
20.00	653.01
21.00	578.11
22.00	631.94
23.00	638.97
24.00	641.31
25.00	685.78
26.00	709.18
27.00	676.41
28.00	706.84
29.00	702.16
30.00	688.12
31.00	667.05
32.00	713.86
33.00	725.57
34.00	730.25
35.00	685.78
36.00	763.01
37.00	688.12
38.00	669.39
39.00	716.20
40.00	713.86
41.00	732.59
42.00	723.23
43.00	737.27
44.00	760.67
45.00	716.20
46.00	779.40
47.00	781.74
48.00	709.18
49.00	777.06
50.00	793.44
51.00	664.71
52.00	833.23
53.00	816.85
54.00	800.46
55.00	727.91
56.00	732.59
57.00	812.17
58.00	739.61
59.00	802.80
60.00	767.70
61.00	760.67
62.00	716.20
63.00	767.70
64.00	711.52
65.00	678.76
66.00	746.63
67.00	753.65
68.00	805.14
69.00	770.04
70.00	624.92
71.00	730.25
72.00	770.04
73.00	683.44
74.00	767.70
75.00	795.78
76.00	692.80
77.00	692.80
78.00	795.78
79.00	727.91
80.00	716.20
81.00	718.54
82.00	755.99
83.00	695.14
84.00	678.76
85.00	669.39
86.00	718.54
87.00	767.70
88.00	758.33
89.00	695.14
90.00	730.25
91.00	748.97
92.00	718.54
93.00	662.37
94.00	748.97
95.00	704.50
96.00	720.88
97.00	711.52
98.00	774.72
99.00	763.01
100.00	732.59
101.00	746.63
102.00	723.23
103.00	784.08
104.00	746.63
105.00	636.63
106.00	711.52
107.00	786.42
108.00	746.63
109.00	746.63
110.00	739.61
111.00	781.74
112.00	662.37
113.00	758.33
114.00	784.08
115.00	709.18
116.00	713.86
117.00	725.57
118.00	744.29
119.00	763.01
120.00	739.61
121.00	681.10
122.00	706.84
123.00	770.04
124.00	744.29
125.00	704.50
126.00	681.10
127.00	713.86
128.00	695.14
129.00	641.31
130.00	753.65
131.00	669.39
132.00	770.04
133.00	770.04
134.00	784.08
135.00	723.23
136.00	741.95
137.00	741.95
138.00	711.52
139.00	725.57
140.00	734.93
141.00	788.76
142.00	718.54
143.00	751.31
144.00	744.29
145.00	723.23
146.00	753.65
147.00	774.72
148.00	755.99
149.00	774.72
150.00	699.82
151.00	704.50
152.00	655.35
153.00	725.57
154.00	744.29
155.00	760.67
156.00	755.99
157.00	727.91
158.00	774.72
159.00	664.71
160.00	746.63
161.00	683.44
162.00	744.29
163.00	718.54
164.00	718.54
165.00	732.59
166.00	720.88
167.00	800.46
168.00	725.57
169.00	713.86
170.00	779.40
171.00	690.46
172.00	748.97
173.00	737.27
174.00	688.12
175.00	716.20
176.00	746.63
177.00	779.40
178.00	667.05
179.00	758.33
180.00	763.01
181.00	730.25
182.00	793.44
183.00	695.14
184.00	760.67
185.00	751.31
186.00	704.50
187.00	725.57
188.00	737.27
189.00	772.38
190.00	753.65
191.00	763.01
192.00	777.06
193.00	671.73
194.00	744.29
195.00	774.72
196.00	814.51
197.00	786.42
198.00	788.76
199.00	760.67
200.00	770.04
201.00	697.48
202.00	746.63
203.00	685.78
204.00	725.57
205.00	685.78
206.00	770.04
207.00	765.36
208.00	739.61
209.00	753.65
210.00	741.95
211.00	765.36
212.00	737.27
213.00	702.16
214.00	744.29
215.00	699.82
216.00	664.71
217.00	800.46
218.00	739.61
219.00	821.53
220.00	760.67
221.00	704.50
222.00	671.73
223.00	716.20
224.00	702.16
225.00	732.59
226.00	685.78
227.00	748.97
228.00	781.74
229.00	732.59
230.00	741.95
231.00	774.72
232.00	725.57
233.00	716.20
234.00	763.01
235.00	805.14
236.00	690.46
237.00	727.91
238.00	643.65
239.00	730.25
240.00	695.14
241.00	725.57
242.00	688.12
243.00	730.25
244.00	709.18
245.00	805.14
246.00	751.31
247.00	763.01
248.00	692.80
249.00	671.73
250.00	741.95
251.00	744.29
252.00	753.65
253.00	683.44
254.00	758.33
255.00	807.48
256.00	770.04
257.00	758.33
258.00	741.95
259.00	739.61
260.00	744.29
261.00	737.27
262.00	737.27
263.00	713.86
264.00	741.95
265.00	690.46
266.00	739.61
267.00	781.74
268.00	828.55
269.00	734.93
270.00	798.12
271.00	784.08
272.00	835.57
273.00	816.85
274.00	816.85
275.00	770.04
276.00	791.10
277.00	741.95
278.00	770.04
279.00	842.59
280.00	725.57
281.00	739.61
282.00	674.07
283.00	770.04
284.00	751.31
285.00	706.84
286.00	739.61
287.00	669.39
288.00	669.39
289.00	730.25
290.00	716.20
291.00	718.54
292.00	772.38
293.00	713.86
294.00	763.01
295.00	718.54
296.00	734.93
297.00	662.37
298.00	704.50
299.00	709.18
300.00	697.48
301.00	791.10
302.00	695.14
303.00	711.52
304.00	741.95
305.00	767.70
306.00	713.86
307.00	720.88
308.00	774.72
309.00	760.67
310.00	809.83
311.00	805.14
312.00	805.14
313.00	805.14
314.00	763.01
315.00	744.29
316.00	737.27
317.00	793.44
318.00	751.31
319.00	753.65
320.00	781.74
321.00	798.12
322.00	751.31
323.00	713.86
324.00	751.31
325.00	723.23
326.00	781.74
327.00	711.52
328.00	751.31
329.00	770.04
330.00	690.46
331.00	800.46
332.00	730.25
333.00	709.18
334.00	748.97
335.00	758.33
336.00	713.86
337.00	706.84
338.00	772.38
339.00	739.61
340.00	697.48
341.00	751.31
342.00	732.59
343.00	739.61
344.00	779.40
345.00	770.04
346.00	704.50
347.00	819.19
348.00	863.66
349.00	835.57
350.00	873.02
351.00	837.91
352.00	786.42
353.00	793.44
354.00	819.19
355.00	720.88
356.00	744.29
357.00	788.76
358.00	744.29
359.00	727.91
360.00	702.16
361.00	713.86
362.00	795.78
363.00	706.84
364.00	678.76
365.00	711.52
366.00	763.01
367.00	758.33
368.00	732.59
369.00	739.61
370.00	784.08
371.00	718.54
372.00	699.82
373.00	730.25
374.00	711.52
375.00	791.10
376.00	744.29
377.00	744.29
378.00	777.06
379.00	727.91
380.00	772.38
381.00	727.91
382.00	737.27
383.00	772.38
384.00	816.85
385.00	763.01
386.00	760.67
387.00	702.16
388.00	751.31
389.00	704.50
390.00	767.70
391.00	748.97
392.00	741.95
393.00	760.67
394.00	788.76
395.00	758.33
396.00	784.08
397.00	741.95
398.00	716.20
399.00	723.23
400.00	737.27
401.00	739.61
402.00	716.20
403.00	615.56
404.00	718.54
405.00	683.44
406.00	779.40
407.00	732.59
408.00	723.23
409.00	739.61
410.00	758.33
411.00	788.76
412.00	734.93
413.00	763.01
414.00	699.82
415.00	713.86
416.00	781.74
417.00	770.04
418.00	753.65
419.00	734.93
420.00	753.65
421.00	772.38
422.00	751.31
423.00	737.27
424.00	793.44
425.00	781.74
426.00	744.29
427.00	699.82
428.00	748.97
429.00	739.61
430.00	751.31
431.00	678.76
432.00	704.50
433.00	758.33
434.00	636.63
435.00	786.42
436.00	688.12
437.00	657.69
438.00	741.95
439.00	676.41
440.00	669.39
441.00	734.93
442.00	767.70
443.00	739.61
444.00	765.36
445.00	819.19
446.00	802.80
447.00	702.16
448.00	716.20
449.00	706.84
450.00	697.48
451.00	753.65
452.00	748.97
453.00	737.27
454.00	779.40
455.00	711.52
456.00	723.23
457.00	690.46
458.00	755.99
459.00	758.33
460.00	674.07
461.00	741.95
462.00	737.27
463.00	774.72
464.00	664.71
465.00	723.23
466.00	725.57
467.00	821.53
468.00	791.10
469.00	784.08
470.00	711.52
471.00	695.14
472.00	697.48
473.00	720.88
474.00	774.72
475.00	753.65
476.00	737.27
477.00	741.95
478.00	741.95
479.00	751.31
480.00	779.40
481.00	720.88
482.00	842.59
483.00	734.93
484.00	734.93
485.00	755.99
486.00	685.78
487.00	746.63
488.00	751.31
489.00	751.31
490.00	751.31
491.00	758.33
492.00	706.84
493.00	713.86
494.00	770.04
495.00	725.57
496.00	798.12
497.00	744.29
498.00	763.01
499.00	702.16
500.00	727.91
501.00	755.99
502.00	840.25
503.00	702.16
504.00	779.40
505.00	772.38
506.00	662.37
507.00	741.95
508.00	779.40
509.00	765.36
510.00	730.25
511.00	788.76
512.00	706.84
513.00	770.04
514.00	777.06
515.00	681.10
516.00	774.72
517.00	772.38
518.00	795.78
519.00	737.27
520.00	753.65
521.00	748.97
522.00	660.03
523.00	671.73
524.00	636.63
525.00	725.57
526.00	753.65
527.00	805.14
528.00	727.91
529.00	711.52
530.00	814.51
531.00	781.74
532.00	800.46
533.00	732.59
534.00	760.67
535.00	784.08
536.00	741.95
537.00	723.23
538.00	784.08
539.00	795.78
540.00	781.74
541.00	765.36
542.00	720.88
543.00	734.93
544.00	718.54
545.00	704.50
546.00	744.29
547.00	758.33
548.00	753.65
549.00	753.65
550.00	774.72
551.00	704.50
552.00	678.76
553.00	760.67
554.00	760.67
555.00	774.72
556.00	795.78
557.00	688.12
558.00	786.42
559.00	713.86
560.00	772.38
561.00	718.54
562.00	734.93
563.00	730.25
564.00	816.85
565.00	706.84
566.00	765.36
567.00	763.01
568.00	709.18
569.00	692.80
570.00	681.10
571.00	730.25
572.00	816.85
573.00	706.84
574.00	727.91
575.00	767.70
576.00	746.63
577.00	737.27
578.00	683.44
579.00	807.48
580.00	763.01
581.00	746.63
582.00	720.88
583.00	784.08
584.00	767.70
585.00	737.27
586.00	868.34
587.00	718.54
588.00	725.57
589.00	713.86
590.00	741.95
591.00	732.59
592.00	758.33
593.00	739.61
594.00	702.16
595.00	723.23
596.00	758.33
597.00	767.70
598.00	830.89
599.00	730.25
600.00	755.99
601.00	791.10
602.00	716.20
603.00	730.25
604.00	809.83
605.00	741.95
606.00	765.36
607.00	765.36
608.00	755.99
609.00	765.36
610.00	758.33
611.00	795.78
612.00	671.73
613.00	793.44
614.00	779.40
615.00	704.50
616.00	746.63
617.00	746.63
618.00	730.25
619.00	713.86
620.00	716.20
621.00	830.89
622.00	751.31
623.00	718.54
624.00	741.95
625.00	784.08
626.00	732.59
627.00	725.57
628.00	725.57
629.00	732.59
630.00	847.27
631.00	734.93
632.00	779.40
633.00	788.76
634.00	800.46
635.00	755.99
636.00	753.65
637.00	727.91
638.00	748.97
639.00	788.76
640.00	795.78
641.00	744.29
642.00	723.23
643.00	718.54
644.00	697.48
645.00	774.72
646.00	774.72
647.00	816.85
648.00	697.48
649.00	709.18
650.00	737.27
651.00	716.20
652.00	744.29
653.00	730.25
654.00	711.52
655.00	819.19
656.00	734.93
657.00	793.44
658.00	683.44
659.00	692.80
660.00	758.33
661.00	718.54
662.00	741.95
663.00	826.21
664.00	713.86
665.00	784.08
666.00	805.14
667.00	702.16
668.00	755.99
669.00	760.67
670.00	755.99
671.00	753.65
672.00	695.14
673.00	706.84
674.00	706.84
675.00	781.74
676.00	774.72
677.00	746.63
678.00	732.59
679.00	702.16
680.00	716.20
681.00	800.46
682.00	723.23
683.00	737.27
684.00	767.70
685.00	767.70
686.00	617.90
687.00	732.59
688.00	737.27
689.00	704.50
690.00	760.67
691.00	727.91
692.00	739.61
693.00	692.80
694.00	737.27
695.00	746.63
696.00	765.36
697.00	758.33
698.00	772.38
699.00	702.16
700.00	744.29
701.00	739.61
702.00	699.82
703.00	755.99
704.00	727.91
705.00	716.20
706.00	725.57
707.00	805.14
708.00	786.42
709.00	748.97
710.00	676.41
711.00	765.36
712.00	734.93
713.00	720.88
714.00	734.93
715.00	706.84
716.00	711.52
717.00	793.44
718.00	816.85
719.00	699.82
720.00	697.48
721.00	744.29
722.00	770.04
723.00	737.27
724.00	713.86
725.00	755.99
726.00	741.95
727.00	706.84
728.00	732.59
729.00	772.38
730.00	706.84
731.00	755.99
732.00	758.33
733.00	671.73
734.00	725.57
735.00	723.23
736.00	866.00
737.00	826.21
738.00	767.70
739.00	718.54
740.00	763.01
741.00	786.42
742.00	809.83
743.00	863.66
744.00	732.59
745.00	781.74
746.00	727.91
747.00	781.74
748.00	746.63
749.00	657.69
750.00	702.16
751.00	725.57
752.00	812.17
753.00	723.23
754.00	753.65
755.00	699.82
756.00	683.44
757.00	774.72
758.00	809.83
759.00	751.31
760.00	784.08
761.00	833.23
762.00	723.23
763.00	737.27
764.00	753.65
765.00	683.44
766.00	826.21
767.00	786.42
768.00	718.54
769.00	711.52
770.00	706.84
771.00	730.25
772.00	741.95
773.00	779.40
774.00	704.50
775.00	758.33
776.00	823.87
777.00	793.44
778.00	795.78
779.00	734.93
780.00	751.31
781.00	828.55
782.00	816.85
783.00	840.25
784.00	791.10
785.00	739.61
786.00	725.57
787.00	805.14
788.00	744.29
789.00	795.78
790.00	784.08
791.00	741.95
792.00	744.29
793.00	772.38
794.00	737.27
795.00	812.17
796.00	711.52
797.00	704.50
798.00	793.44
799.00	781.74
800.00	777.06
801.00	786.42
802.00	723.23
803.00	739.61
804.00	727.91
805.00	732.59
806.00	765.36
807.00	772.38
808.00	718.54
809.00	823.87
810.00	800.46
811.00	746.63
812.00	765.36
813.00	723.23
814.00	730.25
815.00	755.99
816.00	713.86
817.00	777.06
818.00	805.14
819.00	753.65
820.00	734.93
821.00	755.99
822.00	873.02
823.00	814.51
824.00	779.40
825.00	814.51
826.00	720.88
827.00	800.46
828.00	748.97
829.00	732.59
830.00	791.10
831.00	767.70
832.00	748.97
833.00	746.63
834.00	720.88
835.00	753.65
836.00	786.42
837.00	774.72
838.00	744.29
839.00	697.48
840.00	667.05
841.00	739.61
842.00	725.57
843.00	791.10
844.00	748.97
845.00	786.42
846.00	800.46
847.00	765.36
848.00	753.65
849.00	833.23
850.00	779.40
851.00	793.44
852.00	791.10
853.00	802.80
854.00	788.76
855.00	765.36
856.00	723.23
857.00	727.91
858.00	704.50
859.00	723.23
860.00	753.65
861.00	770.04
862.00	772.38
863.00	770.04
864.00	723.23
865.00	730.25
866.00	763.01
867.00	711.52
868.00	746.63
869.00	709.18
870.00	744.29
871.00	737.27
872.00	751.31
873.00	709.18
874.00	730.25
875.00	734.93
876.00	725.57
877.00	767.70
878.00	760.67
879.00	739.61
880.00	688.12
881.00	791.10
882.00	791.10
883.00	791.10
884.00	812.17
885.00	774.72
886.00	793.44
887.00	805.14
888.00	758.33
889.00	779.40
890.00	711.52
891.00	777.06
892.00	774.72
893.00	720.88
894.00	732.59
895.00	781.74
896.00	851.96
897.00	767.70
898.00	753.65
899.00	748.97
900.00	751.31
901.00	730.25
902.00	744.29
903.00	751.31
904.00	849.61
905.00	828.55
906.00	922.17
907.00	856.64
908.00	903.45
909.00	849.61
910.00	830.89
911.00	793.44
912.00	891.74
913.00	945.58
914.00	910.47
915.00	887.06
916.00	887.06
917.00	877.70
918.00	873.02
919.00	734.93
920.00	737.27
921.00	753.65
922.00	755.99
923.00	835.57
924.00	739.61
925.00	739.61
926.00	809.83
927.00	784.08
928.00	711.52
929.00	695.14
930.00	800.46
931.00	770.04
932.00	753.65
933.00	734.93
934.00	786.42
935.00	748.97
936.00	755.99
937.00	720.88
938.00	732.59
939.00	774.72
940.00	727.91
941.00	723.23
942.00	716.20
943.00	758.33
944.00	746.63
945.00	833.23
946.00	1128.14
947.00	1680.50
948.00	2132.23
949.00	1949.67
950.00	1621.99
951.00	1364.53
952.00	1254.53
953.00	1163.25
954.00	933.87
955.00	746.63
956.00	840.25
957.00	737.27
958.00	847.27
959.00	840.25
960.00	720.88
961.00	737.27
962.00	760.67
963.00	763.01
964.00	751.31
965.00	690.46
966.00	695.14
967.00	819.19
968.00	786.42
969.00	674.07
970.00	730.25
971.00	772.38
972.00	699.82
973.00	744.29
974.00	767.70
975.00	695.14
976.00	748.97
977.00	770.04
978.00	837.91
979.00	819.19
980.00	692.80
981.00	720.88
982.00	814.51
983.00	755.99
984.00	678.76
985.00	690.46
986.00	812.17
987.00	734.93
988.00	753.65
989.00	784.08
990.00	755.99
991.00	772.38
992.00	837.91
993.00	741.95
994.00	786.42
995.00	744.29
996.00	711.52
997.00	795.78
998.00	791.10
999.00	758.33
1000.00	774.72
1001.00	770.04
1002.00	758.33
1003.00	732.59
1004.00	770.04
1005.00	763.01
1006.00	711.52
1007.00	732.59
1008.00	716.20
1009.00	755.99
1010.00	830.89
1011.00	763.01
1012.00	781.74
1013.00	774.72
1014.00	709.18
1015.00	716.20
1016.00	723.23
1017.00	720.88
1018.00	685.78
1019.00	725.57
1020.00	737.27
1021.00	725.57
1022.00	798.12
1023.00	739.61
1024.00	725.57
1025.00	732.59
1026.00	812.17
1027.00	688.12
1028.00	777.06
1029.00	723.23
1030.00	751.31
1031.00	880.04
1032.00	807.48
1033.00	751.31
1034.00	793.44
1035.00	748.97
1036.00	784.08
1037.00	791.10
1038.00	763.01
1039.00	702.16
1040.00	809.83
1041.00	753.65
1042.00	737.27
1043.00	744.29
1044.00	751.31
1045.00	755.99
1046.00	915.15
1047.00	753.65
1048.00	734.93
1049.00	800.46
1050.00	777.06
1051.00	716.20
1052.00	791.10
1053.00	753.65
1054.00	795.78
1055.00	805.14
1056.00	763.01
1057.00	720.88
1058.00	758.33
1059.00	725.57
1060.00	791.10
1061.00	777.06
1062.00	751.31
1063.00	732.59
1064.00	800.46
1065.00	760.67
1066.00	779.40
1067.00	711.52
1068.00	730.25
1069.00	702.16
1070.00	758.33
1071.00	702.16
1072.00	751.31
1073.00	770.04
1074.00	784.08
1075.00	812.17
1076.00	777.06
1077.00	765.36
1078.00	725.57
1079.00	763.01
1080.00	889.40
1081.00	760.67
1082.00	690.46
1083.00	760.67
1084.00	821.53
1085.00	739.61
1086.00	725.57
1087.00	823.87
1088.00	690.46
1089.00	767.70
1090.00	744.29
1091.00	737.27
1092.00	753.65
1093.00	690.46
1094.00	765.36
1095.00	835.57
1096.00	732.59
1097.00	732.59
1098.00	777.06
1099.00	767.70
1100.00	760.67
1101.00	807.48
1102.00	772.38
1103.00	840.25
1104.00	734.93
1105.00	819.19
1106.00	730.25
1107.00	760.67
1108.00	781.74
1109.00	795.78
1110.00	770.04
1111.00	758.33
1112.00	718.54
1113.00	781.74
1114.00	741.95
1115.00	746.63
1116.00	770.04
1117.00	744.29
1118.00	695.14
1119.00	734.93
1120.00	779.40
1121.00	763.01
1122.00	793.44
1123.00	851.96
1124.00	821.53
1125.00	802.80
1126.00	732.59
1127.00	760.67
1128.00	713.86
1129.00	746.63
1130.00	793.44
1131.00	786.42
1132.00	699.82
1133.00	739.61
1134.00	744.29
1135.00	739.61
1136.00	718.54
1137.00	748.97
1138.00	746.63
1139.00	795.78
1140.00	819.19
1141.00	795.78
1142.00	856.64
1143.00	791.10
1144.00	751.31
1145.00	765.36
1146.00	718.54
1147.00	795.78
1148.00	741.95
1149.00	802.80
1150.00	760.67
1151.00	767.70
1152.00	800.46
1153.00	777.06
1154.00	770.04
1155.00	760.67
1156.00	802.80
1157.00	894.08
1158.00	861.32
1159.00	816.85
1160.00	847.27
1161.00	809.83
1162.00	877.70
1163.00	833.23
1164.00	891.74
1165.00	858.98
1166.00	1011.11
1167.00	1121.12
1168.00	1238.14
1169.00	1287.29
1170.00	1095.37
1171.00	1055.58
1172.00	1004.09
1173.00	973.66
1174.00	929.19
1175.00	851.96
1176.00	884.72
1177.00	788.76
1178.00	830.89
1179.00	868.34
1180.00	821.53
1181.00	819.19
1182.00	823.87
1183.00	884.72
1184.00	837.91
1185.00	901.11
1186.00	863.66
1187.00	863.66
1188.00	791.10
1189.00	748.97
1190.00	915.15
1191.00	849.61
1192.00	926.85
1193.00	952.60
1194.00	929.19
1195.00	959.62
1196.00	863.66
1197.00	877.70
1198.00	919.83
1199.00	891.74
1200.00	912.81
1201.00	917.49
1202.00	1137.50
1203.00	1261.55
1204.00	1200.69
1205.00	1170.27
1206.00	1095.37
1207.00	1074.31
1208.00	1046.22
1209.00	980.68
1210.00	1048.56
1211.00	1036.86
1212.00	999.41
1213.00	1043.88
1214.00	1043.88
1215.00	1153.88
1216.00	1254.53
1217.00	1479.22
1218.00	1643.06
1219.00	1860.73
1220.00	3634.85
1221.00	20709.06
1222.00	55695.39
1223.00	65535.00
1224.00	65535.00
1225.00	60275.82
1226.00	48781.45
1227.00	36844.71
1228.00	30232.70
1229.00	21708.47
1230.00	10450.49
1231.00	4086.58
1232.00	2382.67
1233.00	1790.51
1234.00	1563.48
1235.00	1373.89
1236.00	1423.05
1237.00	1301.34
1238.00	1294.32
1239.00	1596.25
1240.00	3536.55
1241.00	6403.71
1242.00	7630.15
1243.00	6328.81
1244.00	4877.68
1245.00	3681.66
1246.00	3204.19
1247.00	2708.00
1248.00	1898.17
1249.00	1294.32
1250.00	1029.84
1251.00	973.66
1252.00	926.85
1253.00	940.90
1254.00	997.07
1255.00	1013.45
1256.00	1011.11
1257.00	1022.81
1258.00	961.96
1259.00	940.90
1260.00	985.37
1261.00	964.30
1262.00	870.68
1263.00	943.24
1264.00	901.11
1265.00	866.00
1266.00	933.87
1267.00	905.79
1268.00	884.72
1269.00	849.61
1270.00	891.74
1271.00	844.93
1272.00	809.83
1273.00	873.02
1274.00	837.91
1275.00	849.61
1276.00	938.55
1277.00	945.58
1278.00	1043.88
1279.00	2480.97
1280.00	6766.49
1281.00	12262.07
1282.00	13406.59
1283.00	10263.25
1284.00	7616.10
1285.00	5687.50
1286.00	4863.63
1287.00	3840.82
1288.00	2396.71
1289.00	1394.96
1290.00	1041.54
1291.00	945.58
1292.00	954.94
1293.00	889.40
1294.00	987.71
1295.00	931.53
1296.00	889.40
1297.00	861.32
1298.00	961.96
1299.00	1682.85
1300.00	2743.11
1301.00	3517.83
1302.00	3199.51
1303.00	2668.21
1304.00	2064.35
1305.00	1764.76
1306.00	1577.52
1307.00	1390.28
1308.00	1069.62
1309.00	933.87
1310.00	905.79
1311.00	877.70
1312.00	990.05
1313.00	922.17
1314.00	826.21
1315.00	866.00
1316.00	802.80
1317.00	800.46
1318.00	816.85
1319.00	791.10
1320.00	821.53
1321.00	819.19
1322.00	793.44
1323.00	844.93
1324.00	767.70
1325.00	809.83
1326.00	765.36
1327.00	770.04
1328.00	837.91
1329.00	793.44
1330.00	849.61
1331.00	901.11
1332.00	816.85
1333.00	950.26
1334.00	1900.52
1335.00	3124.62
1336.00	4007.00
1337.00	3496.76
1338.00	2810.98
1339.00	2113.50
1340.00	1790.51
1341.00	1596.25
1342.00	1280.27
1343.00	933.87
1344.00	894.08
1345.00	828.55
1346.00	833.23
1347.00	868.34
1348.00	847.27
1349.00	758.33
1350.00	821.53
1351.00	765.36
1352.00	821.53
1353.00	765.36
1354.00	840.25
1355.00	891.74
1356.00	847.27
1357.00	873.02
1358.00	833.23
1359.00	910.47
1360.00	877.70
1361.00	1029.84
1362.00	2464.58
1363.00	6434.13
1364.00	10487.94
1365.00	11283.72
1366.00	8800.41
1367.00	6326.47
1368.00	4699.80
1369.00	3992.95
1370.00	3169.09
1371.00	1998.82
1372.00	1355.17
1373.00	1135.16
1374.00	1086.01
1375.00	1151.54
1376.00	3180.79
1377.00	9951.96
1378.00	17675.73
1379.00	20627.14
1380.00	15796.28
1381.00	11356.28
1382.00	8386.14
1383.00	6600.31
1384.00	5273.23
1385.00	3110.57
1386.00	1764.76
1387.00	1235.80
1388.00	992.39
1389.00	950.26
1390.00	1008.77
1391.00	924.51
1392.00	866.00
1393.00	896.43
1394.00	915.15
1395.00	952.60
1396.00	851.96
1397.00	926.85
1398.00	1093.03
1399.00	1334.11
1400.00	1467.52
1401.00	1247.51
1402.00	1207.72
1403.00	1221.76
1404.00	1177.29
1405.00	1198.35
1406.00	2111.16
1407.00	9092.98
1408.00	23145.56
1409.00	33787.97
1410.00	29830.13
1411.00	21275.47
1412.00	14949.00
1413.00	11234.57
1414.00	9296.61
1415.00	6232.85
1416.00	3112.91
1417.00	1708.59
1418.00	1210.06
1419.00	1170.27
1420.00	2073.71
1421.00	4849.59
1422.00	7887.61
1423.00	8786.37
1424.00	6640.10
1425.00	4929.17
1426.00	3784.65
1427.00	3155.04
1428.00	2483.31
1429.00	1652.42
1430.00	1184.31
1431.00	971.32
1432.00	961.96
1433.00	915.15
1434.00	870.68
1435.00	959.62
1436.00	894.08
1437.00	755.99
1438.00	798.12
1439.00	851.96
1440.00	840.25
1441.00	800.46
1442.00	880.04
1443.00	830.89
1444.00	812.17
1445.00	851.96
1446.00	863.66
1447.00	844.93
1448.00	891.74
1449.00	828.55
1450.00	809.83
1451.00	777.06
1452.00	854.30
1453.00	795.78
1454.00	961.96
1455.00	1327.08
1456.00	2672.89
1457.00	4587.45
1458.00	5633.67
1459.00	4636.60
1460.00	3569.32
1461.00	2799.28
1462.00	2186.06
1463.00	1842.00
1464.00	1430.07
1465.00	985.37
1466.00	861.32
1467.00	887.06
1468.00	826.21
1469.00	858.98
1470.00	854.30
1471.00	826.21
1472.00	770.04
1473.00	821.53
1474.00	800.46
1475.00	795.78
1476.00	725.57
1477.00	793.44
1478.00	858.98
1479.00	826.21
1480.00	772.38
1481.00	875.36
1482.00	889.40
1483.00	856.64
1484.00	896.43
1485.00	936.21
1486.00	924.51
1487.00	1196.01
1488.00	3974.23
1489.00	10525.39
1490.00	16985.27
1491.00	16833.13
1492.00	12217.60
1493.00	8692.75
1494.00	6511.37
1495.00	5591.54
1496.00	3779.97
1497.00	2174.36
1498.00	1352.83
1499.00	1078.99
1500.00	943.24
1501.00	919.83
1502.00	875.36
1503.00	744.29
1504.00	842.59
1505.00	842.59
1506.00	809.83
1507.00	840.25
1508.00	833.23
1509.00	821.53
1510.00	800.46
1511.00	866.00
1512.00	842.59
1513.00	1107.07
1514.00	2251.60
1515.00	4035.08
1516.00	5081.30
1517.00	4112.32
1518.00	3178.45
1519.00	2385.01
1520.00	2090.10
1521.00	1816.26
1522.00	1385.60
1523.00	1104.73
1524.00	896.43
1525.00	933.87
1526.00	901.11
1527.00	861.32
1528.00	847.27
1529.00	844.93
1530.00	922.17
1531.00	1018.13
1532.00	1095.37
1533.00	2076.06
1534.00	5870.06
1535.00	10499.64
1536.00	12631.87
1537.00	9666.41
1538.00	6902.24
1539.00	5102.37
1540.00	4091.26
1541.00	3183.13
1542.00	2022.22
1543.00	1371.55
1544.00	1039.20
1545.00	894.08
1546.00	945.58
1547.00	959.62
1548.00	866.00
1549.00	868.34
1550.00	866.00
1551.00	828.55
1552.00	802.80
1553.00	828.55
1554.00	816.85
1555.00	819.19
1556.00	772.38
1557.00	922.17
1558.00	861.32
1559.00	905.79
1560.00	891.74
1561.00	891.74
1562.00	950.26
1563.00	1050.90
1564.00	1055.58
1565.00	1385.60
1566.00	4762.99
1567.00	13202.96
1568.00	21666.34
1569.00	22211.68
1570.00	15796.28
1571.00	11389.05
1572.00	8194.22
1573.00	6841.39
1574.00	4842.57
1575.00	2719.70
1576.00	1781.15
1577.00	1327.08
1578.00	1865.41
1579.00	7126.93
1580.00	20795.66
1581.00	34480.77
1582.00	35697.85
1583.00	25357.36
1584.00	17912.12
1585.00	13034.44
1586.00	10487.94
1587.00	6958.41
1588.00	3772.94
1589.00	2017.54
1590.00	1308.36
1591.00	1048.56
1592.00	1090.69
1593.00	966.64
1594.00	908.13
1595.00	959.62
1596.00	814.51
1597.00	821.53
1598.00	821.53
1599.00	828.55
1600.00	858.98
1601.00	788.76
1602.00	837.91
1603.00	805.14
1604.00	793.44
1605.00	763.01
1606.00	739.61
1607.00	788.76
1608.00	854.30
1609.00	781.74
1610.00	821.53
1611.00	814.51
1612.00	788.76
1613.00	793.44
1614.00	816.85
1615.00	720.88
1616.00	791.10
1617.00	763.01
1618.00	837.91
1619.00	784.08
1620.00	758.33
1621.00	791.10
1622.00	805.14
1623.00	863.66
1624.00	826.21
1625.00	814.51
1626.00	737.27
1627.00	837.91
1628.00	777.06
1629.00	781.74
1630.00	805.14
1631.00	779.40
1632.00	805.14
1633.00	788.76
1634.00	887.06
1635.00	779.40
1636.00	791.10
1637.00	814.51
1638.00	760.67
1639.00	835.57
1640.00	882.38
1641.00	809.83
1642.00	777.06
1643.00	819.19
1644.00	821.53
1645.00	842.59
1646.00	821.53
1647.00	814.51
1648.00	957.28
1649.00	1057.92
1650.00	2799.28
1651.00	8561.68
1652.00	15838.41
1653.00	18773.44
1654.00	14974.75
1655.00	10677.52
1656.00	7707.38
1657.00	5933.26
1658.00	4397.87
1659.00	2572.25
1660.00	1596.25
1661.00	1128.14
1662.00	947.92
1663.00	983.02
1664.00	912.81
1665.00	880.04
1666.00	870.68
1667.00	926.85
1668.00	1217.08
1669.00	2930.35
1670.00	5336.42
1671.00	6939.69
1672.00	5975.39
1673.00	4442.34
1674.00	3435.91
1675.00	2775.88
1676.00	2174.36
1677.00	1610.29
1678.00	1083.67
1679.00	964.30
1680.00	847.27
1681.00	847.27
1682.00	779.40
1683.00	746.63
1684.00	718.54
1685.00	763.01
1686.00	812.17
1687.00	833.23
1688.00	819.19
1689.00	802.80
1690.00	788.76
1691.00	770.04
1692.00	763.01
1693.00	725.57
1694.00	786.42
1695.00	713.86
1696.00	798.12
1697.00	734.93
1698.00	751.31
1699.00	807.48
1700.00	823.87
1701.00	777.06
1702.00	727.91
1703.00	763.01
1704.00	793.44
1705.00	737.27
1706.00	835.57
1707.00	812.17
1708.00	812.17
1709.00	814.51
1710.00	847.27
1711.00	805.14
1712.00	847.27
1713.00	866.00
1714.00	1458.15
1715.00	3932.10
1716.00	7295.45
1717.00	9528.32
1718.00	8358.05
1719.00	6338.17
1720.00	4606.17
1721.00	3571.66
1722.00	2761.83
1723.00	1832.64
1724.00	1214.74
1725.00	1041.54
1726.00	887.06
1727.00	819.19
1728.00	835.57
1729.00	814.51
1730.00	755.99
1731.00	774.72
1732.00	741.95
1733.00	723.23
1734.00	786.42
1735.00	770.04
1736.00	788.76
1737.00	744.29
1738.00	805.14
1739.00	842.59
1740.00	788.76
1741.00	767.70
1742.00	800.46
1743.00	802.80
1744.00	678.76
1745.00	765.36
1746.00	802.80
1747.00	788.76
1748.00	688.12
1749.00	713.86
1750.00	748.97
1751.00	746.63
1752.00	791.10
1753.00	875.36
1754.00	809.83
1755.00	826.21
1756.00	777.06
1757.00	765.36
1758.00	777.06
1759.00	795.78
1760.00	812.17
1761.00	812.17
1762.00	830.89
1763.00	823.87
1764.00	840.25
1765.00	800.46
1766.00	798.12
1767.00	877.70
1768.00	877.70
1769.00	1025.15
1770.00	2239.89
1771.00	6562.86
1772.00	12847.20
1773.00	16788.66
1774.00	14005.77
1775.00	10520.71
1776.00	7623.12
1777.00	5343.44
1778.00	3513.14
1779.00	2097.12
1780.00	1575.18
1781.00	1128.14
1782.00	980.68
1783.00	910.47
1784.00	915.15
1785.00	873.02
1786.00	802.80
1787.00	814.51
1788.00	826.21
1789.00	760.67
1790.00	809.83
1791.00	837.91
1792.00	781.74
1793.00	842.59
1794.00	802.80
1795.00	819.19
1796.00	882.38
1797.00	1011.11
1798.00	2457.56
1799.00	5685.16
1800.00	9249.80
1801.00	10595.61
1802.00	8273.79
1803.00	6221.14
1804.00	4390.84
1805.00	2988.86
1806.00	1973.07
1807.00	1406.66
1808.00	1088.35
1809.00	931.53
1810.00	863.66
1811.00	758.33
1812.00	819.19
1813.00	835.57
1814.00	763.01
1815.00	774.72
1816.00	746.63
1817.00	760.67
1818.00	793.44
1819.00	704.50
1820.00	781.74
1821.00	732.59
1822.00	795.78
1823.00	732.59
1824.00	791.10
1825.00	835.57
1826.00	901.11
1827.00	898.77
1828.00	830.89
1829.00	854.30
1830.00	800.46
1831.00	763.01
1832.00	772.38
1833.00	669.39
1834.00	753.65
1835.00	683.44
1836.00	683.44
1837.00	791.10
1838.00	777.06
1839.00	807.48
1840.00	823.87
1841.00	823.87
1842.00	718.54
1843.00	779.40
1844.00	720.88
1845.00	725.57
1846.00	697.48
1847.00	837.91
1848.00	681.10
1849.00	660.03
1850.00	805.14
1851.00	737.27
1852.00	723.23
1853.00	770.04
1854.00	704.50
1855.00	781.74
1856.00	732.59
1857.00	739.61
1858.00	760.67
1859.00	702.16
1860.00	720.88
1861.00	784.08
1862.00	734.93
1863.00	739.61
1864.00	730.25
1865.00	720.88
1866.00	784.08
1867.00	734.93
1868.00	697.48
1869.00	748.97
1870.00	791.10
1871.00	849.61
1872.00	795.78
1873.00	739.61
1874.00	788.76
1875.00	758.33
1876.00	697.48
1877.00	748.97
1878.00	716.20
1879.00	812.17
1880.00	753.65
1881.00	751.31
1882.00	758.33
1883.00	770.04
1884.00	704.50
1885.00	767.70
1886.00	720.88
1887.00	744.29
1888.00	788.76
1889.00	704.50
1890.00	746.63
1891.00	767.70
1892.00	767.70
1893.00	760.67
1894.00	706.84
1895.00	723.23
1896.00	758.33
1897.00	826.21
1898.00	781.74
1899.00	730.25
1900.00	770.04
1901.00	772.38
1902.00	786.42
1903.00	770.04
1904.00	732.59
1905.00	702.16
1906.00	720.88
1907.00	732.59
1908.00	763.01
1909.00	765.36
1910.00	760.67
1911.00	720.88
1912.00	819.19
1913.00	851.96
1914.00	851.96
1915.00	880.04
1916.00	807.48
1917.00	779.40
1918.00	746.63
1919.00	699.82
1920.00	723.23
1921.00	777.06
1922.00	746.63
1923.00	737.27
1924.00	786.42
1925.00	704.50
1926.00	734.93
1927.00	830.89
1928.00	767.70
1929.00	713.86
1930.00	844.93
1931.00	737.27
1932.00	697.48
1933.00	741.95
1934.00	690.46
1935.00	730.25
1936.00	748.97
1937.00	772.38
1938.00	692.80
1939.00	788.76
1940.00	720.88
1941.00	819.19
1942.00	784.08
1943.00	798.12
1944.00	704.50
1945.00	779.40
1946.00	741.95
1947.00	807.48
1948.00	807.48
1949.00	758.33
1950.00	896.43
1951.00	798.12
1952.00	1027.50
1953.00	2352.24
1954.00	5249.82
1955.00	8339.33
1956.00	9202.99
1957.00	6544.14
1958.00	4327.65
1959.00	2743.11
1960.00	1832.64
1961.00	1233.46
1962.00	1093.03
1963.00	933.87
1964.00	877.70
1965.00	758.33
1966.00	849.61
1967.00	772.38
1968.00	821.53
1969.00	748.97
1970.00	777.06
1971.00	744.29
1972.00	781.74
1973.00	706.84
1974.00	763.01
1975.00	770.04
1976.00	791.10
1977.00	744.29
1978.00	826.21
1979.00	763.01
1980.00	837.91
1981.00	1036.86
1982.00	1277.93
1983.00	1301.34
1984.00	1090.69
1985.00	1097.71
1986.00	896.43
1987.00	835.57
1988.00	858.98
1989.00	786.42
1990.00	842.59
1991.00	770.04
1992.00	713.86
1993.00	755.99
1994.00	784.08
1995.00	683.44
1996.00	699.82
1997.00	812.17
1998.00	734.93
1999.00	746.63
2000.00	730.25
2001.00	781.74
2002.00	798.12
2003.00	805.14
2004.00	760.67
2005.00	704.50
2006.00	763.01
2007.00	798.12
2008.00	760.67
2009.00	763.01
2010.00	786.42
2011.00	835.57
2012.00	720.88
2013.00	842.59
2014.00	760.67
2015.00	667.05
2016.00	751.31
2017.00	814.51
2018.00	772.38
2019.00	765.36
2020.00	802.80
2021.00	809.83
2022.00	777.06
2023.00	823.87
2024.00	915.15
2025.00	1032.18
2026.00	1172.61
2027.00	1249.85
2028.00	1196.01
2029.00	1247.51
2030.00	2492.67
2031.00	7332.90
2032.00	13888.74
2033.00	18174.26
2034.00	16376.73
2035.00	10916.26
2036.00	7269.70
2037.00	4524.26
2038.00	2841.41
2039.00	1839.66
2040.00	1294.32
2041.00	1088.35
2042.00	983.02
2043.00	894.08
2044.00	823.87
2045.00	830.89
2046.00	812.17
2047.00	837.91
