0.00	695.14
1.00	695.14
2.00	695.14
3.00	620.24
4.00	638.97
5.00	566.41
6.00	496.19
7.00	638.97
8.00	554.71
9.00	493.85
10.00	589.82
11.00	599.18
12.00	521.94
13.00	559.39
14.00	535.98
15.00	613.22
16.00	594.50
17.00	631.94
18.00	596.84
19.00	624.92
20.00	653.01
21.00	599.18
22.00	648.33
23.00	606.20
24.00	662.37
25.00	667.05
26.00	660.03
27.00	608.54
28.00	765.36
29.00	655.35
30.00	667.05
31.00	720.88
32.00	695.14
33.00	699.82
34.00	690.46
35.00	653.01
36.00	725.57
37.00	791.10
38.00	758.33
39.00	793.44
40.00	734.93
41.00	716.20
42.00	739.61
43.00	695.14
44.00	723.23
45.00	791.10
46.00	734.93
47.00	737.27
48.00	716.20
49.00	774.72
50.00	711.52
51.00	746.63
52.00	802.80
53.00	720.88
54.00	716.20
55.00	751.31
56.00	725.57
57.00	718.54
58.00	748.97
59.00	737.27
60.00	734.93
61.00	786.42
62.00	746.63
63.00	706.84
64.00	732.59
65.00	688.12
66.00	777.06
67.00	784.08
68.00	770.04
69.00	786.42
70.00	709.18
71.00	770.04
72.00	774.72
73.00	737.27
74.00	664.71
75.00	711.52
76.00	620.24
77.00	723.23
78.00	688.12
79.00	767.70
80.00	713.86
81.00	704.50
82.00	688.12
83.00	702.16
84.00	746.63
85.00	678.76
86.00	741.95
87.00	704.50
88.00	711.52
89.00	739.61
90.00	772.38
91.00	711.52
92.00	791.10
93.00	812.17
94.00	706.84
95.00	690.46
96.00	725.57
97.00	763.01
98.00	821.53
99.00	711.52
100.00	697.48
101.00	821.53
102.00	734.93
103.00	755.99
104.00	734.93
105.00	763.01
106.00	730.25
107.00	692.80
108.00	674.07
109.00	777.06
110.00	725.57
111.00	723.23
112.00	695.14
113.00	727.91
114.00	727.91
115.00	758.33
116.00	760.67
117.00	734.93
118.00	744.29
119.00	737.27
120.00	767.70
121.00	697.48
122.00	699.82
123.00	755.99
124.00	692.80
125.00	755.99
126.00	748.97
127.00	781.74
128.00	755.99
129.00	716.20
130.00	753.65
131.00	706.84
132.00	784.08
133.00	805.14
134.00	760.67
135.00	770.04
136.00	770.04
137.00	840.25
138.00	716.20
139.00	699.82
140.00	765.36
141.00	695.14
142.00	711.52
143.00	786.42
144.00	709.18
145.00	758.33
146.00	770.04
147.00	723.23
148.00	802.80
149.00	751.31
150.00	784.08
151.00	716.20
152.00	720.88
153.00	702.16
154.00	795.78
155.00	784.08
156.00	704.50
157.00	723.23
158.00	688.12
159.00	770.04
160.00	709.18
161.00	685.78
162.00	765.36
163.00	767.70
164.00	725.57
165.00	744.29
166.00	706.84
167.00	746.63
168.00	709.18
169.00	793.44
170.00	774.72
171.00	692.80
172.00	800.46
173.00	727.91
174.00	664.71
175.00	828.55
176.00	716.20
177.00	655.35
178.00	678.76
179.00	737.27
180.00	748.97
181.00	674.07
182.00	763.01
183.00	709.18
184.00	748.97
185.00	779.40
186.00	781.74
187.00	645.99
188.00	744.29
189.00	706.84
190.00	772.38
191.00	720.88
192.00	706.84
193.00	781.74
194.00	737.27
195.00	758.33
196.00	912.81
197.00	765.36
198.00	753.65
199.00	720.88
200.00	744.29
201.00	786.42
202.00	791.10
203.00	692.80
204.00	664.71
205.00	793.44
206.00	777.06
207.00	805.14
208.00	723.23
209.00	702.16
210.00	781.74
211.00	786.42
212.00	695.14
213.00	781.74
214.00	772.38
215.00	697.48
216.00	727.91
217.00	753.65
218.00	772.38
219.00	758.33
220.00	753.65
221.00	751.31
222.00	739.61
223.00	760.67
224.00	774.72
225.00	788.76
226.00	760.67
227.00	760.67
228.00	753.65
229.00	681.10
230.00	732.59
231.00	690.46
232.00	730.25
233.00	711.52
234.00	676.41
235.00	723.23
236.00	760.67
237.00	751.31
238.00	753.65
239.00	739.61
240.00	765.36
241.00	777.06
242.00	692.80
243.00	716.20
244.00	739.61
245.00	755.99
246.00	713.86
247.00	774.72
248.00	732.59
249.00	727.91
250.00	777.06
251.00	748.97
252.00	777.06
253.00	753.65
254.00	713.86
255.00	791.10
256.00	779.40
257.00	765.36
258.00	758.33
259.00	737.27
260.00	751.31
261.00	774.72
262.00	821.53
263.00	753.65
264.00	821.53
265.00	716.20
266.00	732.59
267.00	770.04
268.00	805.14
269.00	711.52
270.00	784.08
271.00	786.42
272.00	840.25
273.00	917.49
274.00	823.87
275.00	828.55
276.00	798.12
277.00	819.19
278.00	730.25
279.00	730.25
280.00	816.85
281.00	777.06
282.00	727.91
283.00	709.18
284.00	763.01
285.00	765.36
286.00	730.25
287.00	704.50
288.00	669.39
289.00	713.86
290.00	713.86
291.00	713.86
292.00	730.25
293.00	702.16
294.00	695.14
295.00	770.04
296.00	697.48
297.00	758.33
298.00	777.06
299.00	774.72
300.00	720.88
301.00	702.16
302.00	770.04
303.00	763.01
304.00	784.08
305.00	716.20
306.00	744.29
307.00	763.01
308.00	802.80
309.00	833.23
310.00	770.04
311.00	779.40
312.00	774.72
313.00	819.19
314.00	774.72
315.00	720.88
316.00	734.93
317.00	812.17
318.00	758.33
319.00	791.10
320.00	784.08
321.00	760.67
322.00	784.08
323.00	732.59
324.00	748.97
325.00	784.08
326.00	699.82
327.00	835.57
328.00	779.40
329.00	755.99
330.00	702.16
331.00	685.78
332.00	779.40
333.00	763.01
334.00	786.42
335.00	739.61
336.00	779.40
337.00	737.27
338.00	777.06
339.00	720.88
340.00	704.50
341.00	723.23
342.00	760.67
343.00	753.65
344.00	713.86
345.00	758.33
346.00	688.12
347.00	765.36
348.00	795.78
349.00	781.74
350.00	763.01
351.00	795.78
352.00	765.36
353.00	777.06
354.00	795.78
355.00	779.40
356.00	744.29
357.00	723.23
358.00	723.23
359.00	725.57
360.00	678.76
361.00	751.31
362.00	770.04
363.00	723.23
364.00	753.65
365.00	685.78
366.00	791.10
367.00	685.78
368.00	753.65
369.00	683.44
370.00	767.70
371.00	765.36
372.00	741.95
373.00	744.29
374.00	788.76
375.00	807.48
376.00	734.93
377.00	730.25
378.00	746.63
379.00	718.54
380.00	746.63
381.00	734.93
382.00	727.91
383.00	711.52
384.00	765.36
385.00	765.36
386.00	751.31
387.00	744.29
388.00	758.33
389.00	788.76
390.00	690.46
391.00	725.57
392.00	770.04
393.00	819.19
394.00	774.72
395.00	814.51
396.00	770.04
397.00	760.67
398.00	777.06
399.00	716.20
400.00	763.01
401.00	730.25
402.00	697.48
403.00	793.44
404.00	795.78
405.00	763.01
406.00	720.88
407.00	763.01
408.00	765.36
409.00	725.57
410.00	732.59
411.00	739.61
412.00	758.33
413.00	702.16
414.00	821.53
415.00	767.70
416.00	770.04
417.00	772.38
418.00	753.65
419.00	751.31
420.00	795.78
421.00	711.52
422.00	755.99
423.00	755.99
424.00	713.86
425.00	814.51
426.00	739.61
427.00	732.59
428.00	798.12
429.00	774.72
430.00	723.23
431.00	753.65
432.00	650.67
433.00	685.78
434.00	695.14
435.00	685.78
436.00	748.97
437.00	699.82
438.00	805.14
439.00	791.10
440.00	755.99
441.00	709.18
442.00	751.31
443.00	847.27
444.00	727.91
445.00	730.25
446.00	765.36
447.00	720.88
448.00	755.99
449.00	713.86
450.00	690.46
451.00	678.76
452.00	739.61
453.00	737.27
454.00	690.46
455.00	746.63
456.00	814.51
457.00	765.36
458.00	763.01
459.00	699.82
460.00	765.36
461.00	657.69
462.00	772.38
463.00	716.20
464.00	777.06
465.00	774.72
466.00	727.91
467.00	732.59
468.00	730.25
469.00	741.95
470.00	770.04
471.00	683.44
472.00	716.20
473.00	706.84
474.00	706.84
475.00	837.91
476.00	755.99
477.00	692.80
478.00	720.88
479.00	755.99
480.00	753.65
481.00	763.01
482.00	671.73
483.00	713.86
484.00	772.38
485.00	772.38
486.00	730.25
487.00	709.18
488.00	709.18
489.00	770.04
490.00	763.01
491.00	748.97
492.00	751.31
493.00	779.40
494.00	695.14
495.00	758.33
496.00	772.38
497.00	716.20
498.00	741.95
499.00	748.97
500.00	767.70
501.00	753.65
502.00	786.42
503.00	699.82
504.00	765.36
505.00	692.80
506.00	772.38
507.00	812.17
508.00	753.65
509.00	793.44
510.00	758.33
511.00	711.52
512.00	713.86
513.00	763.01
514.00	765.36
515.00	760.67
516.00	699.82
517.00	711.52
518.00	765.36
519.00	788.76
520.00	751.31
521.00	716.20
522.00	758.33
523.00	720.88
524.00	798.12
525.00	779.40
526.00	741.95
527.00	753.65
528.00	828.55
529.00	741.95
530.00	723.23
531.00	760.67
532.00	695.14
533.00	795.78
534.00	716.20
535.00	638.97
536.00	774.72
537.00	699.82
538.00	711.52
539.00	720.88
540.00	798.12
541.00	730.25
542.00	653.01
543.00	711.52
544.00	826.21
545.00	760.67
546.00	741.95
547.00	720.88
548.00	716.20
549.00	753.65
550.00	746.63
551.00	786.42
552.00	795.78
553.00	727.91
554.00	718.54
555.00	770.04
556.00	809.83
557.00	779.40
558.00	819.19
559.00	702.16
560.00	772.38
561.00	758.33
562.00	732.59
563.00	704.50
564.00	781.74
565.00	772.38
566.00	755.99
567.00	828.55
568.00	800.46
569.00	727.91
570.00	725.57
571.00	784.08
572.00	770.04
573.00	720.88
574.00	781.74
575.00	737.27
576.00	734.93
577.00	777.06
578.00	727.91
579.00	730.25
580.00	793.44
581.00	695.14
582.00	779.40
583.00	744.29
584.00	755.99
585.00	697.48
586.00	781.74
587.00	753.65
588.00	744.29
589.00	718.54
590.00	755.99
591.00	767.70
592.00	770.04
593.00	753.65
594.00	718.54
595.00	788.76
596.00	784.08
597.00	755.99
598.00	788.76
599.00	791.10
600.00	709.18
601.00	784.08
602.00	774.72
603.00	770.04
604.00	777.06
605.00	734.93
606.00	697.48
607.00	816.85
608.00	727.91
609.00	744.29
610.00	723.23
611.00	737.27
612.00	798.12
613.00	786.42
614.00	753.65
615.00	779.40
616.00	807.48
617.00	798.12
618.00	795.78
619.00	760.67
620.00	725.57
621.00	711.52
622.00	748.97
623.00	774.72
624.00	816.85
625.00	730.25
626.00	781.74
627.00	755.99
628.00	772.38
629.00	819.19
630.00	805.14
631.00	748.97
632.00	730.25
633.00	746.63
634.00	734.93
635.00	758.33
636.00	784.08
637.00	814.51
638.00	770.04
639.00	793.44
640.00	821.53
641.00	805.14
642.00	767.70
643.00	730.25
644.00	699.82
645.00	791.10
646.00	746.63
647.00	720.88
648.00	709.18
649.00	814.51
650.00	737.27
651.00	727.91
652.00	802.80
653.00	720.88
654.00	692.80
655.00	807.48
656.00	737.27
657.00	786.42
658.00	734.93
659.00	763.01
660.00	823.87
661.00	842.59
662.00	716.20
663.00	812.17
664.00	727.91
665.00	699.82
666.00	819.19
667.00	758.33
668.00	791.10
669.00	755.99
670.00	720.88
671.00	746.63
672.00	746.63
673.00	720.88
674.00	793.44
675.00	774.72
676.00	763.01
677.00	746.63
678.00	690.46
679.00	727.91
680.00	847.27
681.00	758.33
682.00	739.61
683.00	746.63
684.00	755.99
685.00	755.99
686.00	795.78
687.00	739.61
688.00	739.61
689.00	770.04
690.00	774.72
691.00	779.40
692.00	826.21
693.00	786.42
694.00	786.42
695.00	739.61
696.00	837.91
697.00	751.31
698.00	751.31
699.00	809.83
700.00	772.38
701.00	798.12
702.00	688.12
703.00	748.97
704.00	763.01
705.00	751.31
706.00	814.51
707.00	767.70
708.00	688.12
709.00	791.10
710.00	795.78
711.00	784.08
712.00	814.51
713.00	744.29
714.00	837.91
715.00	823.87
716.00	798.12
717.00	760.67
718.00	758.33
719.00	692.80
720.00	758.33
721.00	709.18
722.00	802.80
723.00	751.31
724.00	774.72
725.00	793.44
726.00	758.33
727.00	709.18
728.00	784.08
729.00	725.57
730.00	795.78
731.00	781.74
732.00	781.74
733.00	814.51
734.00	770.04
735.00	734.93
736.00	802.80
737.00	784.08
738.00	793.44
739.00	732.59
740.00	772.38
741.00	793.44
742.00	718.54
743.00	699.82
744.00	739.61
745.00	847.27
746.00	788.76
747.00	723.23
748.00	753.65
749.00	720.88
750.00	730.25
751.00	847.27
752.00	781.74
753.00	734.93
754.00	765.36
755.00	718.54
756.00	760.67
757.00	746.63
758.00	800.46
759.00	697.48
760.00	788.76
761.00	727.91
762.00	835.57
763.00	777.06
764.00	816.85
765.00	758.33
766.00	753.65
767.00	791.10
768.00	784.08
769.00	809.83
770.00	791.10
771.00	767.70
772.00	751.31
773.00	807.48
774.00	774.72
775.00	779.40
776.00	760.67
777.00	695.14
778.00	727.91
779.00	779.40
780.00	795.78
781.00	748.97
782.00	823.87
783.00	763.01
784.00	809.83
785.00	807.48
786.00	798.12
787.00	798.12
788.00	758.33
789.00	748.97
790.00	826.21
791.00	842.59
792.00	746.63
793.00	805.14
794.00	770.04
795.00	772.38
796.00	716.20
797.00	770.04
798.00	737.27
799.00	772.38
800.00	758.33
801.00	674.07
802.00	727.91
803.00	744.29
804.00	802.80
805.00	777.06
806.00	812.17
807.00	763.01
808.00	758.33
809.00	763.01
810.00	753.65
811.00	732.59
812.00	798.12
813.00	786.42
814.00	767.70
815.00	739.61
816.00	725.57
817.00	791.10
818.00	744.29
819.00	763.01
820.00	730.25
821.00	746.63
822.00	737.27
823.00	837.91
824.00	685.78
825.00	763.01
826.00	798.12
827.00	828.55
828.00	772.38
829.00	763.01
830.00	723.23
831.00	767.70
832.00	840.25
833.00	758.33
834.00	784.08
835.00	744.29
836.00	828.55
837.00	798.12
838.00	835.57
839.00	805.14
840.00	758.33
841.00	837.91
842.00	802.80
843.00	723.23
844.00	774.72
845.00	753.65
846.00	734.93
847.00	798.12
848.00	772.38
849.00	758.33
850.00	830.89
851.00	725.57
852.00	751.31
853.00	751.31
854.00	760.67
855.00	751.31
856.00	770.04
857.00	751.31
858.00	772.38
859.00	791.10
860.00	809.83
861.00	734.93
862.00	791.10
863.00	779.40
864.00	830.89
865.00	791.10
866.00	748.97
867.00	746.63
868.00	770.04
869.00	840.25
870.00	781.74
871.00	767.70
872.00	692.80
873.00	753.65
874.00	781.74
875.00	725.57
876.00	706.84
877.00	741.95
878.00	688.12
879.00	786.42
880.00	814.51
881.00	816.85
882.00	751.31
883.00	826.21
884.00	779.40
885.00	821.53
886.00	805.14
887.00	812.17
888.00	751.31
889.00	748.97
890.00	830.89
891.00	774.72
892.00	774.72
893.00	755.99
894.00	765.36
895.00	814.51
896.00	788.76
897.00	770.04
898.00	837.91
899.00	781.74
900.00	713.86
901.00	744.29
902.00	763.01
903.00	695.14
904.00	777.06
905.00	805.14
906.00	978.34
907.00	952.60
908.00	875.36
909.00	833.23
910.00	877.70
911.00	894.08
912.00	868.34
913.00	919.83
914.00	961.96
915.00	866.00
916.00	835.57
917.00	816.85
918.00	816.85
919.00	816.85
920.00	767.70
921.00	807.48
922.00	779.40
923.00	795.78
924.00	720.88
925.00	788.76
926.00	739.61
927.00	760.67
928.00	777.06
929.00	791.10
930.00	800.46
931.00	713.86
932.00	807.48
933.00	763.01
934.00	821.53
935.00	716.20
936.00	823.87
937.00	751.31
938.00	763.01
939.00	755.99
940.00	763.01
941.00	835.57
942.00	784.08
943.00	784.08
944.00	760.67
945.00	760.67
946.00	1149.20
947.00	1521.35
948.00	2012.86
949.00	1774.13
950.00	1465.18
951.00	1336.45
952.00	1174.95
953.00	1111.75
954.00	929.19
955.00	851.96
956.00	849.61
957.00	765.36
958.00	779.40
959.00	830.89
960.00	765.36
961.00	767.70
962.00	861.32
963.00	732.59
964.00	814.51
965.00	788.76
966.00	800.46
967.00	816.85
968.00	774.72
969.00	763.01
970.00	758.33
971.00	763.01
972.00	833.23
973.00	755.99
974.00	748.97
975.00	802.80
976.00	748.97
977.00	774.72
978.00	725.57
979.00	744.29
980.00	826.21
981.00	706.84
982.00	781.74
983.00	739.61
984.00	746.63
985.00	758.33
986.00	774.72
987.00	774.72
988.00	739.61
989.00	791.10
990.00	758.33
991.00	786.42
992.00	730.25
993.00	744.29
994.00	786.42
995.00	795.78
996.00	737.27
997.00	849.61
998.00	779.40
999.00	823.87
1000.00	812.17
1001.00	779.40
1002.00	744.29
1003.00	720.88
1004.00	823.87
1005.00	830.89
1006.00	772.38
1007.00	763.01
1008.00	823.87
1009.00	788.76
1010.00	807.48
1011.00	851.96
1012.00	800.46
1013.00	795.78
1014.00	772.38
1015.00	821.53
1016.00	791.10
1017.00	751.31
1018.00	711.52
1019.00	767.70
1020.00	828.55
1021.00	746.63
1022.00	830.89
1023.00	765.36
1024.00	765.36
1025.00	767.70
1026.00	800.46
1027.00	779.40
1028.00	732.59
1029.00	777.06
1030.00	732.59
1031.00	772.38
1032.00	837.91
1033.00	753.65
1034.00	826.21
1035.00	702.16
1036.00	732.59
1037.00	793.44
1038.00	798.12
1039.00	786.42
1040.00	737.27
1041.00	807.48
1042.00	819.19
1043.00	704.50
1044.00	753.65
1045.00	844.93
1046.00	929.19
1047.00	763.01
1048.00	788.76
1049.00	795.78
1050.00	737.27
1051.00	709.18
1052.00	755.99
1053.00	753.65
1054.00	779.40
1055.00	758.33
1056.00	777.06
1057.00	772.38
1058.00	741.95
1059.00	770.04
1060.00	753.65
1061.00	833.23
1062.00	793.44
1063.00	669.39
1064.00	828.55
1065.00	748.97
1066.00	795.78
1067.00	744.29
1068.00	800.46
1069.00	917.49
1070.00	713.86
1071.00	748.97
1072.00	746.63
1073.00	809.83
1074.00	692.80
1075.00	734.93
1076.00	739.61
1077.00	730.25
1078.00	767.70
1079.00	816.85
1080.00	858.98
1081.00	725.57
1082.00	800.46
1083.00	744.29
1084.00	826.21
1085.00	875.36
1086.00	713.86
1087.00	854.30
1088.00	744.29
1089.00	741.95
1090.00	770.04
1091.00	748.97
1092.00	723.23
1093.00	819.19
1094.00	779.40
1095.00	713.86
1096.00	716.20
1097.00	816.85
1098.00	758.33
1099.00	767.70
1100.00	807.48
1101.00	868.34
1102.00	819.19
1103.00	819.19
1104.00	819.19
1105.00	847.27
1106.00	772.38
1107.00	798.12
1108.00	840.25
1109.00	837.91
1110.00	784.08
1111.00	777.06
1112.00	727.91
1113.00	809.83
1114.00	798.12
1115.00	786.42
1116.00	753.65
1117.00	786.42
1118.00	858.98
1119.00	877.70
1120.00	788.76
1121.00	770.04
1122.00	784.08
1123.00	807.48
1124.00	805.14
1125.00	772.38
1126.00	770.04
1127.00	777.06
1128.00	765.36
1129.00	868.34
1130.00	791.10
1131.00	830.89
1132.00	732.59
1133.00	758.33
1134.00	786.42
1135.00	753.65
1136.00	788.76
1137.00	835.57
1138.00	802.80
1139.00	833.23
1140.00	819.19
1141.00	786.42
1142.00	847.27
1143.00	821.53
1144.00	767.70
1145.00	753.65
1146.00	723.23
1147.00	814.51
1148.00	828.55
1149.00	723.23
1150.00	826.21
1151.00	823.87
1152.00	774.72
1153.00	816.85
1154.00	777.06
1155.00	823.87
1156.00	767.70
1157.00	894.08
1158.00	875.36
1159.00	912.81
1160.00	875.36
1161.00	725.57
1162.00	800.46
1163.00	819.19
1164.00	917.49
1165.00	868.34
1166.00	873.02
1167.00	1032.18
1168.00	1174.95
1169.00	1231.12
1170.00	1139.84
1171.00	1029.84
1172.00	990.05
1173.00	992.39
1174.00	912.81
1175.00	882.38
1176.00	870.68
1177.00	863.66
1178.00	816.85
1179.00	842.59
1180.00	887.06
1181.00	828.55
1182.00	837.91
1183.00	840.25
1184.00	882.38
1185.00	856.64
1186.00	819.19
1187.00	873.02
1188.00	847.27
1189.00	814.51
1190.00	856.64
1191.00	866.00
1192.00	912.81
1193.00	903.45
1194.00	919.83
1195.00	926.85
1196.00	919.83
1197.00	959.62
1198.00	844.93
1199.00	926.85
1200.00	910.47
1201.00	915.15
1202.00	1043.88
1203.00	1090.69
1204.00	1132.82
1205.00	978.34
1206.00	1041.54
1207.00	983.02
1208.00	992.39
1209.00	987.71
1210.00	1032.18
1211.00	1107.07
1212.00	1057.92
1213.00	999.41
1214.00	1057.92
1215.00	1128.14
1216.00	1210.06
1217.00	1366.87
1218.00	1514.33
1219.00	1790.51
1220.00	3103.55
1221.00	17401.88
1222.00	48973.37
1223.00	63664.91
1224.00	63014.24
1225.00	54768.54
1226.00	40753.41
1227.00	30272.49
1228.00	24978.20
1229.00	17750.62
1230.00	8676.37
1231.00	3581.02
1232.00	2064.35
1233.00	1519.01
1234.00	1387.94
1235.00	1217.08
1236.00	1235.80
1237.00	1186.65
1238.00	1203.04
1239.00	1366.87
1240.00	3042.70
1241.00	5455.79
1242.00	6670.53
1243.00	5493.24
1244.00	4245.73
1245.00	3131.64
1246.00	2649.49
1247.00	2256.28
1248.00	1633.69
1249.00	1210.06
1250.00	976.00
1251.00	861.32
1252.00	915.15
1253.00	947.92
1254.00	992.39
1255.00	992.39
1256.00	1032.18
1257.00	1050.90
1258.00	968.98
1259.00	936.21
1260.00	950.26
1261.00	943.24
1262.00	905.79
1263.00	936.21
1264.00	940.90
1265.00	837.91
1266.00	950.26
1267.00	896.43
1268.00	844.93
1269.00	842.59
1270.00	816.85
1271.00	854.30
1272.00	898.77
1273.00	866.00
1274.00	884.72
1275.00	840.25
1276.00	882.38
1277.00	912.81
1278.00	1015.79
1279.00	2284.36
1280.00	5767.08
1281.00	10108.77
1282.00	11396.07
1283.00	8774.67
1284.00	6359.24
1285.00	4795.76
1286.00	4030.40
1287.00	3208.87
1288.00	2097.12
1289.00	1261.55
1290.00	994.73
1291.00	924.51
1292.00	940.90
1293.00	976.00
1294.00	952.60
1295.00	896.43
1296.00	905.79
1297.00	894.08
1298.00	957.28
1299.00	1474.54
1300.00	2434.16
1301.00	3136.32
1302.00	2935.03
1303.00	2361.60
1304.00	1886.47
1305.00	1591.56
1306.00	1441.77
1307.00	1308.36
1308.00	940.90
1309.00	922.17
1310.00	912.81
1311.00	866.00
1312.00	919.83
1313.00	931.53
1314.00	844.93
1315.00	800.46
1316.00	844.93
1317.00	833.23
1318.00	791.10
1319.00	833.23
1320.00	807.48
1321.00	830.89
1322.00	779.40
1323.00	779.40
1324.00	758.33
1325.00	856.64
1326.00	793.44
1327.00	826.21
1328.00	812.17
1329.00	795.78
1330.00	891.74
1331.00	798.12
1332.00	821.53
1333.00	992.39
1334.00	1746.04
1335.00	2703.32
1336.00	3414.84
1337.00	3005.25
1338.00	2424.80
1339.00	1865.41
1340.00	1678.16
1341.00	1404.32
1342.00	1186.65
1343.00	978.34
1344.00	908.13
1345.00	805.14
1346.00	844.93
1347.00	851.96
1348.00	851.96
1349.00	819.19
1350.00	877.70
1351.00	908.13
1352.00	847.27
1353.00	805.14
1354.00	877.70
1355.00	936.21
1356.00	784.08
1357.00	908.13
1358.00	936.21
1359.00	917.49
1360.00	1013.45
1361.00	959.62
1362.00	2202.44
1363.00	5322.38
1364.00	8706.79
1365.00	9479.17
1366.00	7279.07
1367.00	5249.82
1368.00	4112.32
1369.00	3454.63
1370.00	2759.49
1371.00	1750.72
1372.00	1329.42
1373.00	1069.62
1374.00	1004.09
1375.00	1158.57
1376.00	2869.50
1377.00	8245.71
1378.00	14670.48
1379.00	16812.07
1380.00	13011.04
1381.00	9174.90
1382.00	6738.40
1383.00	5596.22
1384.00	4409.57
1385.00	2600.34
1386.00	1591.56
1387.00	1130.48
1388.00	1015.79
1389.00	873.02
1390.00	844.93
1391.00	898.77
1392.00	837.91
1393.00	905.79
1394.00	868.34
1395.00	868.34
1396.00	889.40
1397.00	950.26
1398.00	1001.75
1399.00	1247.51
1400.00	1364.53
1401.00	1217.08
1402.00	1186.65
1403.00	1205.38
1404.00	1123.46
1405.00	1181.97
1406.00	2029.24
1407.00	7779.94
1408.00	18745.35
1409.00	27704.92
1410.00	24938.41
1411.00	17561.04
1412.00	12168.45
1413.00	9458.10
1414.00	7545.89
1415.00	5067.26
1416.00	2647.15
1417.00	1563.48
1418.00	1109.41
1419.00	1111.75
1420.00	1830.30
1421.00	4173.18
1422.00	6492.65
1423.00	7157.36
1424.00	5654.73
1425.00	4173.18
1426.00	3171.43
1427.00	2771.19
1428.00	2246.91
1429.00	1486.24
1430.00	1139.84
1431.00	973.66
1432.00	870.68
1433.00	933.87
1434.00	884.72
1435.00	919.83
1436.00	933.87
1437.00	851.96
1438.00	763.01
1439.00	828.55
1440.00	854.30
1441.00	800.46
1442.00	819.19
1443.00	800.46
1444.00	786.42
1445.00	802.80
1446.00	697.48
1447.00	816.85
1448.00	830.89
1449.00	858.98
1450.00	828.55
1451.00	863.66
1452.00	863.66
1453.00	873.02
1454.00	880.04
1455.00	1231.12
1456.00	2366.28
1457.00	3995.29
1458.00	4800.44
1459.00	3868.91
1460.00	2911.63
1461.00	2368.62
1462.00	1923.92
1463.00	1708.59
1464.00	1296.66
1465.00	952.60
1466.00	844.93
1467.00	868.34
1468.00	816.85
1469.00	816.85
1470.00	882.38
1471.00	851.96
1472.00	751.31
1473.00	798.12
1474.00	833.23
1475.00	891.74
1476.00	770.04
1477.00	781.74
1478.00	851.96
1479.00	823.87
1480.00	819.19
1481.00	755.99
1482.00	826.21
1483.00	863.66
1484.00	805.14
1485.00	805.14
1486.00	870.68
1487.00	1137.50
1488.00	3527.19
1489.00	8762.97
1490.00	13598.51
1491.00	14127.47
1492.00	10157.92
1493.00	7208.85
1494.00	5345.78
1495.00	4643.62
1496.00	3438.25
1497.00	1944.99
1498.00	1233.46
1499.00	959.62
1500.00	924.51
1501.00	870.68
1502.00	901.11
1503.00	828.55
1504.00	823.87
1505.00	821.53
1506.00	816.85
1507.00	858.98
1508.00	788.76
1509.00	821.53
1510.00	812.17
1511.00	856.64
1512.00	814.51
1513.00	1088.35
1514.00	2024.56
1515.00	3407.82
1516.00	4334.67
1517.00	3592.72
1518.00	2836.73
1519.00	2174.36
1520.00	1881.79
1521.00	1619.65
1522.00	1313.04
1523.00	1069.62
1524.00	985.37
1525.00	873.02
1526.00	880.04
1527.00	849.61
1528.00	812.17
1529.00	880.04
1530.00	931.53
1531.00	891.74
1532.00	1067.28
1533.00	2038.61
1534.00	4915.12
1535.00	8610.83
1536.00	10389.64
1537.00	8025.70
1538.00	5834.96
1539.00	4269.14
1540.00	3463.99
1541.00	2764.17
1542.00	1748.38
1543.00	1224.10
1544.00	985.37
1545.00	922.17
1546.00	887.06
1547.00	901.11
1548.00	823.87
1549.00	912.81
1550.00	875.36
1551.00	781.74
1552.00	784.08
1553.00	866.00
1554.00	830.89
1555.00	880.04
1556.00	861.32
1557.00	833.23
1558.00	868.34
1559.00	854.30
1560.00	889.40
1561.00	905.79
1562.00	898.77
1563.00	1048.56
1564.00	992.39
1565.00	1329.42
1566.00	4196.58
1567.00	10981.79
1568.00	17802.11
1569.00	18382.57
1570.00	13083.59
1571.00	9425.34
1572.00	6911.60
1573.00	5708.57
1574.00	3847.84
1575.00	2394.37
1576.00	1568.16
1577.00	1231.12
1578.00	1699.23
1579.00	6157.95
1580.00	16877.60
1581.00	28322.82
1582.00	29593.73
1583.00	20961.84
1584.00	14508.98
1585.00	10682.20
1586.00	8613.17
1587.00	5841.98
1588.00	3155.04
1589.00	1654.76
1590.00	1261.55
1591.00	1123.46
1592.00	994.73
1593.00	997.07
1594.00	938.55
1595.00	891.74
1596.00	894.08
1597.00	833.23
1598.00	842.59
1599.00	791.10
1600.00	858.98
1601.00	828.55
1602.00	812.17
1603.00	744.29
1604.00	875.36
1605.00	770.04
1606.00	854.30
1607.00	868.34
1608.00	837.91
1609.00	793.44
1610.00	770.04
1611.00	816.85
1612.00	809.83
1613.00	814.51
1614.00	763.01
1615.00	833.23
1616.00	809.83
1617.00	798.12
1618.00	800.46
1619.00	798.12
1620.00	770.04
1621.00	816.85
1622.00	744.29
1623.00	835.57
1624.00	812.17
1625.00	716.20
1626.00	863.66
1627.00	837.91
1628.00	772.38
1629.00	798.12
1630.00	833.23
1631.00	755.99
1632.00	777.06
1633.00	814.51
1634.00	777.06
1635.00	788.76
1636.00	788.76
1637.00	849.61
1638.00	856.64
1639.00	777.06
1640.00	812.17
1641.00	795.78
1642.00	842.59
1643.00	807.48
1644.00	779.40
1645.00	744.29
1646.00	835.57
1647.00	821.53
1648.00	917.49
1649.00	1071.97
1650.00	2546.50
1651.00	7227.57
1652.00	12840.18
1653.00	15978.84
1654.00	12322.92
1655.00	9074.26
1656.00	6502.01
1657.00	4987.68
1658.00	3590.38
1659.00	2377.98
1660.00	1416.02
1661.00	1081.33
1662.00	990.05
1663.00	954.94
1664.00	861.32
1665.00	873.02
1666.00	819.19
1667.00	894.08
1668.00	1240.48
1669.00	2555.86
1670.00	4510.21
1671.00	5830.27
1672.00	5116.41
1673.00	3843.16
1674.00	2965.46
1675.00	2338.20
1676.00	1923.92
1677.00	1371.55
1678.00	1116.44
1679.00	863.66
1680.00	844.93
1681.00	779.40
1682.00	739.61
1683.00	851.96
1684.00	772.38
1685.00	760.67
1686.00	784.08
1687.00	746.63
1688.00	833.23
1689.00	795.78
1690.00	795.78
1691.00	854.30
1692.00	828.55
1693.00	807.48
1694.00	809.83
1695.00	819.19
1696.00	725.57
1697.00	737.27
1698.00	800.46
1699.00	770.04
1700.00	786.42
1701.00	746.63
1702.00	819.19
1703.00	711.52
1704.00	809.83
1705.00	788.76
1706.00	793.44
1707.00	798.12
1708.00	821.53
1709.00	767.70
1710.00	795.78
1711.00	725.57
1712.00	828.55
1713.00	877.70
1714.00	1383.26
1715.00	3407.82
1716.00	5877.09
1717.00	7929.74
1718.00	6979.48
1719.00	5364.51
1720.00	4004.66
1721.00	3052.06
1722.00	2176.70
1723.00	1549.43
1724.00	1158.57
1725.00	912.81
1726.00	833.23
1727.00	842.59
1728.00	821.53
1729.00	746.63
1730.00	791.10
1731.00	800.46
1732.00	770.04
1733.00	798.12
1734.00	800.46
1735.00	786.42
1736.00	812.17
1737.00	814.51
1738.00	777.06
1739.00	788.76
1740.00	786.42
1741.00	802.80
1742.00	791.10
1743.00	746.63
1744.00	741.95
1745.00	730.25
1746.00	706.84
1747.00	737.27
1748.00	798.12
1749.00	763.01
1750.00	800.46
1751.00	765.36
1752.00	725.57
1753.00	816.85
1754.00	774.72
1755.00	849.61
1756.00	730.25
1757.00	795.78
1758.00	781.74
1759.00	777.06
1760.00	770.04
1761.00	784.08
1762.00	807.48
1763.00	781.74
1764.00	837.91
1765.00	784.08
1766.00	884.72
1767.00	854.30
1768.00	840.25
1769.00	987.71
1770.00	2050.31
1771.00	5666.44
1772.00	10410.70
1773.00	13626.60
1774.00	11564.59
1775.00	8762.97
1776.00	6352.21
1777.00	4564.04
1778.00	2963.12
1779.00	1888.81
1780.00	1277.93
1781.00	1128.14
1782.00	945.58
1783.00	863.66
1784.00	938.55
1785.00	826.21
1786.00	870.68
1787.00	833.23
1788.00	844.93
1789.00	779.40
1790.00	751.31
1791.00	842.59
1792.00	774.72
1793.00	784.08
1794.00	779.40
1795.00	737.27
1796.00	809.83
1797.00	1109.41
1798.00	2228.19
1799.00	4873.00
1800.00	7777.60
1801.00	8816.80
1802.00	7133.95
1803.00	5132.79
1804.00	3812.73
1805.00	2605.02
1806.00	1689.87
1807.00	1301.34
1808.00	1018.13
1809.00	891.74
1810.00	884.72
1811.00	758.33
1812.00	772.38
1813.00	809.83
1814.00	706.84
1815.00	805.14
1816.00	737.27
1817.00	767.70
1818.00	795.78
1819.00	748.97
1820.00	758.33
1821.00	795.78
1822.00	765.36
1823.00	842.59
1824.00	835.57
1825.00	819.19
1826.00	835.57
1827.00	929.19
1828.00	866.00
1829.00	826.21
1830.00	727.91
1831.00	770.04
1832.00	800.46
1833.00	770.04
1834.00	744.29
1835.00	802.80
1836.00	767.70
1837.00	791.10
1838.00	723.23
1839.00	795.78
1840.00	741.95
1841.00	781.74
1842.00	795.78
1843.00	812.17
1844.00	746.63
1845.00	716.20
1846.00	821.53
1847.00	786.42
1848.00	753.65
1849.00	786.42
1850.00	760.67
1851.00	718.54
1852.00	751.31
1853.00	671.73
1854.00	800.46
1855.00	692.80
1856.00	741.95
1857.00	816.85
1858.00	718.54
1859.00	718.54
1860.00	753.65
1861.00	727.91
1862.00	727.91
1863.00	685.78
1864.00	758.33
1865.00	734.93
1866.00	744.29
1867.00	711.52
1868.00	795.78
1869.00	889.40
1870.00	748.97
1871.00	727.91
1872.00	758.33
1873.00	763.01
1874.00	767.70
1875.00	765.36
1876.00	746.63
1877.00	755.99
1878.00	713.86
1879.00	812.17
1880.00	723.23
1881.00	709.18
1882.00	704.50
1883.00	755.99
1884.00	638.97
1885.00	739.61
1886.00	788.76
1887.00	807.48
1888.00	741.95
1889.00	819.19
1890.00	779.40
1891.00	688.12
1892.00	770.04
1893.00	692.80
1894.00	744.29
1895.00	760.67
1896.00	765.36
1897.00	816.85
1898.00	690.46
1899.00	746.63
1900.00	795.78
1901.00	854.30
1902.00	746.63
1903.00	744.29
1904.00	791.10
1905.00	821.53
1906.00	732.59
1907.00	697.48
1908.00	734.93
1909.00	772.38
1910.00	805.14
1911.00	814.51
1912.00	788.76
1913.00	837.91
1914.00	816.85
1915.00	807.48
1916.00	802.80
1917.00	802.80
1918.00	777.06
1919.00	851.96
1920.00	809.83
1921.00	835.57
1922.00	690.46
1923.00	779.40
1924.00	734.93
1925.00	741.95
1926.00	713.86
1927.00	760.67
1928.00	781.74
1929.00	753.65
1930.00	805.14
1931.00	788.76
1932.00	751.31
1933.00	748.97
1934.00	734.93
1935.00	704.50
1936.00	763.01
1937.00	802.80
1938.00	671.73
1939.00	765.36
1940.00	697.48
1941.00	763.01
1942.00	741.95
1943.00	706.84
1944.00	688.12
1945.00	795.78
1946.00	812.17
1947.00	765.36
1948.00	741.95
1949.00	779.40
1950.00	765.36
1951.00	807.48
1952.00	992.39
1953.00	2090.10
1954.00	4432.97
1955.00	6839.05
1956.00	7686.32
1957.00	5570.48
1958.00	3695.71
1959.00	2298.41
1960.00	1582.20
1961.00	1268.57
1962.00	1107.07
1963.00	940.90
1964.00	884.72
1965.00	837.91
1966.00	840.25
1967.00	748.97
1968.00	791.10
1969.00	697.48
1970.00	753.65
1971.00	798.12
1972.00	819.19
1973.00	763.01
1974.00	763.01
1975.00	695.14
1976.00	741.95
1977.00	711.52
1978.00	739.61
1979.00	723.23
1980.00	849.61
1981.00	1034.52
1982.00	1196.01
1983.00	1151.54
1984.00	1034.52
1985.00	966.64
1986.00	840.25
1987.00	851.96
1988.00	863.66
1989.00	737.27
1990.00	830.89
1991.00	767.70
1992.00	751.31
1993.00	772.38
1994.00	809.83
1995.00	748.97
1996.00	765.36
1997.00	716.20
1998.00	709.18
1999.00	741.95
2000.00	709.18
2001.00	770.04
2002.00	732.59
2003.00	809.83
2004.00	772.38
2005.00	786.42
2006.00	805.14
2007.00	781.74
2008.00	748.97
2009.00	681.10
2010.00	795.78
2011.00	706.84
2012.00	777.06
2013.00	784.08
2014.00	840.25
2015.00	786.42
2016.00	734.93
2017.00	725.57
2018.00	751.31
2019.00	734.93
2020.00	802.80
2021.00	732.59
2022.00	774.72
2023.00	786.42
2024.00	896.43
2025.00	976.00
2026.00	1151.54
2027.00	1170.27
2028.00	1188.99
2029.00	1200.69
2030.00	2237.55
2031.00	6033.90
2032.00	10977.11
2033.00	14698.56
2034.00	13516.59
2035.00	9109.36
2036.00	6186.04
2037.00	3915.72
2038.00	2457.56
2039.00	1729.66
2040.00	1294.32
2041.00	1062.60
2042.00	933.87
2043.00	835.57
2044.00	844.93
2045.00	826.21
2046.00	800.46
2047.00	763.01
