0.00	641.31
1.00	641.31
2.00	641.31
3.00	627.26
4.00	592.16
5.00	533.64
6.00	667.05
7.00	540.66
8.00	535.98
9.00	535.98
10.00	608.54
11.00	601.52
12.00	578.11
13.00	631.94
14.00	528.96
15.00	697.48
16.00	592.16
17.00	594.50
18.00	587.47
19.00	580.45
20.00	610.88
21.00	606.20
22.00	650.67
23.00	638.97
24.00	634.29
25.00	704.50
26.00	676.41
27.00	653.01
28.00	706.84
29.00	730.25
30.00	664.71
31.00	727.91
32.00	746.63
33.00	730.25
34.00	755.99
35.00	716.20
36.00	777.06
37.00	767.70
38.00	692.80
39.00	746.63
40.00	765.36
41.00	718.54
42.00	777.06
43.00	751.31
44.00	716.20
45.00	753.65
46.00	758.33
47.00	739.61
48.00	730.25
49.00	744.29
50.00	793.44
51.00	711.52
52.00	695.14
53.00	751.31
54.00	671.73
55.00	711.52
56.00	718.54
57.00	734.93
58.00	709.18
59.00	690.46
60.00	716.20
61.00	627.26
62.00	699.82
63.00	645.99
64.00	734.93
65.00	753.65
66.00	681.10
67.00	713.86
68.00	716.20
69.00	723.23
70.00	695.14
71.00	720.88
72.00	765.36
73.00	802.80
74.00	791.10
75.00	767.70
76.00	751.31
77.00	723.23
78.00	739.61
79.00	760.67
80.00	741.95
81.00	730.25
82.00	688.12
83.00	692.80
84.00	751.31
85.00	760.67
86.00	704.50
87.00	674.07
88.00	781.74
89.00	791.10
90.00	732.59
91.00	763.01
92.00	730.25
93.00	720.88
94.00	676.41
95.00	716.20
96.00	690.46
97.00	779.40
98.00	753.65
99.00	809.83
100.00	774.72
101.00	746.63
102.00	763.01
103.00	725.57
104.00	730.25
105.00	741.95
106.00	643.65
107.00	763.01
108.00	718.54
109.00	760.67
110.00	734.93
111.00	767.70
112.00	706.84
113.00	730.25
114.00	716.20
115.00	674.07
116.00	751.31
117.00	746.63
118.00	755.99
119.00	704.50
120.00	748.97
121.00	702.16
122.00	706.84
123.00	727.91
124.00	793.44
125.00	734.93
126.00	664.71
127.00	685.78
128.00	744.29
129.00	725.57
130.00	739.61
131.00	723.23
132.00	755.99
133.00	730.25
134.00	805.14
135.00	730.25
136.00	709.18
137.00	805.14
138.00	739.61
139.00	795.78
140.00	681.10
141.00	631.94
142.00	690.46
143.00	772.38
144.00	781.74
145.00	772.38
146.00	737.27
147.00	788.76
148.00	716.20
149.00	655.35
150.00	706.84
151.00	777.06
152.00	744.29
153.00	791.10
154.00	718.54
155.00	777.06
156.00	744.29
157.00	704.50
158.00	730.25
159.00	699.82
160.00	692.80
161.00	718.54
162.00	814.51
163.00	837.91
164.00	751.31
165.00	772.38
166.00	720.88
167.00	720.88
168.00	760.67
169.00	676.41
170.00	674.07
171.00	664.71
172.00	653.01
173.00	697.48
174.00	727.91
175.00	744.29
176.00	746.63
177.00	737.27
178.00	716.20
179.00	777.06
180.00	709.18
181.00	795.78
182.00	753.65
183.00	723.23
184.00	706.84
185.00	718.54
186.00	748.97
187.00	725.57
188.00	683.44
189.00	685.78
190.00	758.33
191.00	674.07
192.00	718.54
193.00	774.72
194.00	758.33
195.00	802.80
196.00	744.29
197.00	851.96
198.00	734.93
199.00	718.54
200.00	758.33
201.00	688.12
202.00	765.36
203.00	753.65
204.00	744.29
205.00	695.14
206.00	690.46
207.00	704.50
208.00	739.61
209.00	723.23
210.00	734.93
211.00	741.95
212.00	800.46
213.00	697.48
214.00	704.50
215.00	788.76
216.00	734.93
217.00	695.14
218.00	777.06
219.00	779.40
220.00	695.14
221.00	723.23
222.00	765.36
223.00	674.07
224.00	758.33
225.00	767.70
226.00	767.70
227.00	690.46
228.00	767.70
229.00	763.01
230.00	711.52
231.00	650.67
232.00	755.99
233.00	744.29
234.00	821.53
235.00	809.83
236.00	725.57
237.00	753.65
238.00	734.93
239.00	732.59
240.00	669.39
241.00	653.01
242.00	723.23
243.00	837.91
244.00	748.97
245.00	760.67
246.00	777.06
247.00	737.27
248.00	760.67
249.00	746.63
250.00	781.74
251.00	695.14
252.00	739.61
253.00	751.31
254.00	716.20
255.00	744.29
256.00	746.63
257.00	725.57
258.00	697.48
259.00	786.42
260.00	727.91
261.00	770.04
262.00	709.18
263.00	718.54
264.00	781.74
265.00	702.16
266.00	739.61
267.00	755.99
268.00	821.53
269.00	809.83
270.00	774.72
271.00	706.84
272.00	758.33
273.00	774.72
274.00	767.70
275.00	774.72
276.00	772.38
277.00	730.25
278.00	784.08
279.00	739.61
280.00	741.95
281.00	699.82
282.00	744.29
283.00	690.46
284.00	753.65
285.00	826.21
286.00	645.99
287.00	765.36
288.00	784.08
289.00	772.38
290.00	814.51
291.00	688.12
292.00	697.48
293.00	716.20
294.00	704.50
295.00	718.54
296.00	784.08
297.00	692.80
298.00	727.91
299.00	784.08
300.00	765.36
301.00	767.70
302.00	720.88
303.00	683.44
304.00	720.88
305.00	685.78
306.00	816.85
307.00	772.38
308.00	844.93
309.00	807.48
310.00	844.93
311.00	809.83
312.00	835.57
313.00	851.96
314.00	758.33
315.00	800.46
316.00	662.37
317.00	772.38
318.00	788.76
319.00	711.52
320.00	713.86
321.00	695.14
322.00	734.93
323.00	688.12
324.00	725.57
325.00	741.95
326.00	826.21
327.00	760.67
328.00	734.93
329.00	730.25
330.00	763.01
331.00	653.01
332.00	777.06
333.00	727.91
334.00	678.76
335.00	688.12
336.00	741.95
337.00	734.93
338.00	765.36
339.00	737.27
340.00	730.25
341.00	737.27
342.00	814.51
343.00	741.95
344.00	713.86
345.00	760.67
346.00	784.08
347.00	765.36
348.00	809.83
349.00	805.14
350.00	833.23
351.00	835.57
352.00	774.72
353.00	875.36
354.00	870.68
355.00	772.38
356.00	802.80
357.00	739.61
358.00	819.19
359.00	739.61
360.00	688.12
361.00	739.61
362.00	720.88
363.00	751.31
364.00	685.78
365.00	692.80
366.00	681.10
367.00	725.57
368.00	755.99
369.00	737.27
370.00	770.04
371.00	746.63
372.00	741.95
373.00	748.97
374.00	777.06
375.00	777.06
376.00	763.01
377.00	681.10
378.00	711.52
379.00	711.52
380.00	748.97
381.00	739.61
382.00	704.50
383.00	765.36
384.00	751.31
385.00	713.86
386.00	755.99
387.00	753.65
388.00	734.93
389.00	828.55
390.00	753.65
391.00	763.01
392.00	763.01
393.00	751.31
394.00	683.44
395.00	781.74
396.00	730.25
397.00	732.59
398.00	725.57
399.00	727.91
400.00	777.06
401.00	683.44
402.00	816.85
403.00	823.87
404.00	767.70
405.00	690.46
406.00	716.20
407.00	702.16
408.00	746.63
409.00	734.93
410.00	688.12
411.00	765.36
412.00	826.21
413.00	753.65
414.00	767.70
415.00	730.25
416.00	770.04
417.00	763.01
418.00	692.80
419.00	781.74
420.00	741.95
421.00	720.88
422.00	631.94
423.00	727.91
424.00	730.25
425.00	777.06
426.00	772.38
427.00	816.85
428.00	791.10
429.00	758.33
430.00	732.59
431.00	758.33
432.00	765.36
433.00	716.20
434.00	695.14
435.00	711.52
436.00	800.46
437.00	734.93
438.00	777.06
439.00	748.97
440.00	784.08
441.00	730.25
442.00	837.91
443.00	791.10
444.00	748.97
445.00	704.50
446.00	690.46
447.00	737.27
448.00	697.48
449.00	755.99
450.00	730.25
451.00	725.57
452.00	770.04
453.00	723.23
454.00	793.44
455.00	758.33
456.00	770.04
457.00	760.67
458.00	784.08
459.00	727.91
460.00	676.41
461.00	727.91
462.00	779.40
463.00	720.88
464.00	732.59
465.00	699.82
466.00	758.33
467.00	732.59
468.00	667.05
469.00	713.86
470.00	739.61
471.00	683.44
472.00	767.70
473.00	716.20
474.00	784.08
475.00	692.80
476.00	690.46
477.00	777.06
478.00	793.44
479.00	720.88
480.00	744.29
481.00	741.95
482.00	725.57
483.00	753.65
484.00	692.80
485.00	732.59
486.00	765.36
487.00	812.17
488.00	748.97
489.00	737.27
490.00	755.99
491.00	788.76
492.00	699.82
493.00	730.25
494.00	772.38
495.00	786.42
496.00	716.20
497.00	734.93
498.00	748.97
499.00	713.86
500.00	697.48
501.00	730.25
502.00	720.88
503.00	690.46
504.00	699.82
505.00	753.65
506.00	814.51
507.00	791.10
508.00	730.25
509.00	770.04
510.00	725.57
511.00	746.63
512.00	718.54
513.00	739.61
514.00	737.27
515.00	748.97
516.00	741.95
517.00	697.48
518.00	763.01
519.00	709.18
520.00	784.08
521.00	688.12
522.00	753.65
523.00	739.61
524.00	660.03
525.00	744.29
526.00	765.36
527.00	734.93
528.00	734.93
529.00	793.44
530.00	730.25
531.00	746.63
532.00	732.59
533.00	741.95
534.00	739.61
535.00	760.67
536.00	739.61
537.00	739.61
538.00	716.20
539.00	763.01
540.00	774.72
541.00	732.59
542.00	777.06
543.00	781.74
544.00	753.65
545.00	767.70
546.00	753.65
547.00	716.20
548.00	763.01
549.00	748.97
550.00	833.23
551.00	791.10
552.00	746.63
553.00	704.50
554.00	809.83
555.00	734.93
556.00	755.99
557.00	763.01
558.00	814.51
559.00	709.18
560.00	791.10
561.00	753.65
562.00	678.76
563.00	723.23
564.00	795.78
565.00	704.50
566.00	760.67
567.00	772.38
568.00	772.38
569.00	669.39
570.00	732.59
571.00	723.23
572.00	765.36
573.00	723.23
574.00	807.48
575.00	812.17
576.00	788.76
577.00	753.65
578.00	709.18
579.00	737.27
580.00	718.54
581.00	758.33
582.00	723.23
583.00	688.12
584.00	737.27
585.00	779.40
586.00	744.29
587.00	671.73
588.00	816.85
589.00	795.78
590.00	748.97
591.00	744.29
592.00	767.70
593.00	758.33
594.00	732.59
595.00	777.06
596.00	798.12
597.00	688.12
598.00	807.48
599.00	699.82
600.00	765.36
601.00	770.04
602.00	784.08
603.00	732.59
604.00	697.48
605.00	730.25
606.00	772.38
607.00	802.80
608.00	760.67
609.00	777.06
610.00	767.70
611.00	732.59
612.00	760.67
613.00	702.16
614.00	681.10
615.00	793.44
616.00	723.23
617.00	739.61
618.00	800.46
619.00	746.63
620.00	753.65
621.00	781.74
622.00	770.04
623.00	732.59
624.00	732.59
625.00	723.23
626.00	800.46
627.00	711.52
628.00	767.70
629.00	763.01
630.00	772.38
631.00	678.76
632.00	746.63
633.00	805.14
634.00	744.29
635.00	702.16
636.00	688.12
637.00	786.42
638.00	744.29
639.00	727.91
640.00	770.04
641.00	819.19
642.00	777.06
643.00	779.40
644.00	723.23
645.00	716.20
646.00	753.65
647.00	744.29
648.00	727.91
649.00	727.91
650.00	748.97
651.00	774.72
652.00	704.50
653.00	727.91
654.00	709.18
655.00	807.48
656.00	781.74
657.00	781.74
658.00	763.01
659.00	720.88
660.00	744.29
661.00	704.50
662.00	746.63
663.00	748.97
664.00	781.74
665.00	734.93
666.00	760.67
667.00	741.95
668.00	748.97
669.00	741.95
670.00	767.70
671.00	770.04
672.00	772.38
673.00	737.27
674.00	777.06
675.00	727.91
676.00	753.65
677.00	685.78
678.00	746.63
679.00	791.10
680.00	755.99
681.00	711.52
682.00	854.30
683.00	718.54
684.00	751.31
685.00	746.63
686.00	774.72
687.00	629.60
688.00	681.10
689.00	753.65
690.00	760.67
691.00	744.29
692.00	755.99
693.00	791.10
694.00	767.70
695.00	739.61
696.00	765.36
697.00	739.61
698.00	784.08
699.00	774.72
700.00	699.82
701.00	755.99
702.00	777.06
703.00	706.84
704.00	753.65
705.00	746.63
706.00	727.91
707.00	760.67
708.00	730.25
709.00	723.23
710.00	748.97
711.00	704.50
712.00	758.33
713.00	734.93
714.00	814.51
715.00	791.10
716.00	711.52
717.00	720.88
718.00	779.40
719.00	753.65
720.00	753.65
721.00	657.69
722.00	760.67
723.00	737.27
724.00	800.46
725.00	732.59
726.00	788.76
727.00	800.46
728.00	732.59
729.00	711.52
730.00	763.01
731.00	767.70
732.00	748.97
733.00	786.42
734.00	718.54
735.00	748.97
736.00	793.44
737.00	788.76
738.00	830.89
739.00	746.63
740.00	812.17
741.00	758.33
742.00	784.08
743.00	777.06
744.00	837.91
745.00	746.63
746.00	798.12
747.00	765.36
748.00	711.52
749.00	744.29
750.00	793.44
751.00	791.10
752.00	751.31
753.00	758.33
754.00	795.78
755.00	802.80
756.00	746.63
757.00	732.59
758.00	774.72
759.00	734.93
760.00	760.67
761.00	779.40
762.00	734.93
763.00	746.63
764.00	802.80
765.00	788.76
766.00	730.25
767.00	767.70
768.00	690.46
769.00	653.01
770.00	720.88
771.00	716.20
772.00	802.80
773.00	697.48
774.00	772.38
775.00	753.65
776.00	706.84
777.00	664.71
778.00	746.63
779.00	793.44
780.00	791.10
781.00	793.44
782.00	770.04
783.00	840.25
784.00	786.42
785.00	760.67
786.00	781.74
787.00	779.40
788.00	781.74
789.00	718.54
790.00	781.74
791.00	798.12
792.00	709.18
793.00	802.80
794.00	760.67
795.00	800.46
796.00	730.25
797.00	760.67
798.00	709.18
799.00	748.97
800.00	751.31
801.00	758.33
802.00	767.70
803.00	758.33
804.00	755.99
805.00	777.06
806.00	854.30
807.00	744.29
808.00	730.25
809.00	692.80
810.00	800.46
811.00	798.12
812.00	770.04
813.00	685.78
814.00	763.01
815.00	770.04
816.00	777.06
817.00	795.78
818.00	732.59
819.00	713.86
820.00	812.17
821.00	718.54
822.00	823.87
823.00	748.97
824.00	730.25
825.00	786.42
826.00	777.06
827.00	800.46
828.00	793.44
829.00	844.93
830.00	760.67
831.00	746.63
832.00	781.74
833.00	725.57
834.00	713.86
835.00	751.31
836.00	814.51
837.00	758.33
838.00	777.06
839.00	812.17
840.00	844.93
841.00	798.12
842.00	758.33
843.00	840.25
844.00	744.29
845.00	751.31
846.00	697.48
847.00	723.23
848.00	704.50
849.00	748.97
850.00	706.84
851.00	723.23
852.00	779.40
853.00	784.08
854.00	798.12
855.00	725.57
856.00	812.17
857.00	772.38
858.00	732.59
859.00	770.04
860.00	758.33
861.00	760.67
862.00	786.42
863.00	760.67
864.00	767.70
865.00	746.63
866.00	716.20
867.00	744.29
868.00	777.06
869.00	770.04
870.00	770.04
871.00	755.99
872.00	772.38
873.00	770.04
874.00	758.33
875.00	758.33
876.00	777.06
877.00	695.14
878.00	800.46
879.00	830.89
880.00	746.63
881.00	760.67
882.00	688.12
883.00	770.04
884.00	786.42
885.00	725.57
886.00	793.44
887.00	779.40
888.00	746.63
889.00	793.44
890.00	723.23
891.00	739.61
892.00	774.72
893.00	793.44
894.00	751.31
895.00	748.97
896.00	816.85
897.00	779.40
898.00	732.59
899.00	777.06
900.00	741.95
901.00	758.33
902.00	837.91
903.00	720.88
904.00	748.97
905.00	835.57
906.00	861.32
907.00	901.11
908.00	943.24
909.00	781.74
910.00	840.25
911.00	821.53
912.00	868.34
913.00	924.51
914.00	861.32
915.00	936.21
916.00	877.70
917.00	788.76
918.00	854.30
919.00	800.46
920.00	809.83
921.00	760.67
922.00	800.46
923.00	816.85
924.00	741.95
925.00	779.40
926.00	758.33
927.00	741.95
928.00	770.04
929.00	695.14
930.00	774.72
931.00	791.10
932.00	732.59
933.00	772.38
934.00	774.72
935.00	812.17
936.00	805.14
937.00	727.91
938.00	755.99
939.00	777.06
940.00	746.63
941.00	741.95
942.00	774.72
943.00	720.88
944.00	814.51
945.00	774.72
946.00	1027.50
947.00	1680.50
948.00	2204.78
949.00	1863.07
950.00	1572.84
951.00	1416.02
952.00	1249.85
953.00	1149.20
954.00	858.98
955.00	826.21
956.00	807.48
957.00	863.66
958.00	805.14
959.00	784.08
960.00	751.31
961.00	706.84
962.00	751.31
963.00	772.38
964.00	734.93
965.00	788.76
966.00	798.12
967.00	781.74
968.00	755.99
969.00	767.70
970.00	772.38
971.00	760.67
972.00	758.33
973.00	748.97
974.00	725.57
975.00	720.88
976.00	755.99
977.00	695.14
978.00	727.91
979.00	760.67
980.00	802.80
981.00	720.88
982.00	739.61
983.00	730.25
984.00	802.80
985.00	737.27
986.00	706.84
987.00	795.78
988.00	734.93
989.00	779.40
990.00	812.17
991.00	770.04
992.00	746.63
993.00	744.29
994.00	755.99
995.00	739.61
996.00	732.59
997.00	713.86
998.00	786.42
999.00	723.23
1000.00	741.95
1001.00	755.99
1002.00	730.25
1003.00	763.01
1004.00	786.42
1005.00	840.25
1006.00	695.14
1007.00	765.36
1008.00	828.55
1009.00	711.52
1010.00	805.14
1011.00	809.83
1012.00	830.89
1013.00	723.23
1014.00	723.23
1015.00	748.97
1016.00	765.36
1017.00	758.33
1018.00	704.50
1019.00	779.40
1020.00	772.38
1021.00	713.86
1022.00	760.67
1023.00	725.57
1024.00	788.76
1025.00	798.12
1026.00	777.06
1027.00	739.61
1028.00	720.88
1029.00	741.95
1030.00	823.87
1031.00	737.27
1032.00	772.38
1033.00	802.80
1034.00	786.42
1035.00	744.29
1036.00	779.40
1037.00	809.83
1038.00	713.86
1039.00	737.27
1040.00	737.27
1041.00	807.48
1042.00	725.57
1043.00	819.19
1044.00	795.78
1045.00	830.89
1046.00	875.36
1047.00	748.97
1048.00	814.51
1049.00	753.65
1050.00	753.65
1051.00	716.20
1052.00	758.33
1053.00	732.59
1054.00	758.33
1055.00	741.95
1056.00	734.93
1057.00	755.99
1058.00	786.42
1059.00	814.51
1060.00	702.16
1061.00	793.44
1062.00	784.08
1063.00	840.25
1064.00	791.10
1065.00	748.97
1066.00	751.31
1067.00	784.08
1068.00	849.61
1069.00	812.17
1070.00	739.61
1071.00	706.84
1072.00	800.46
1073.00	798.12
1074.00	734.93
1075.00	765.36
1076.00	821.53
1077.00	809.83
1078.00	770.04
1079.00	798.12
1080.00	861.32
1081.00	770.04
1082.00	774.72
1083.00	744.29
1084.00	730.25
1085.00	779.40
1086.00	725.57
1087.00	784.08
1088.00	784.08
1089.00	798.12
1090.00	774.72
1091.00	741.95
1092.00	760.67
1093.00	786.42
1094.00	678.76
1095.00	739.61
1096.00	809.83
1097.00	741.95
1098.00	807.48
1099.00	800.46
1100.00	828.55
1101.00	793.44
1102.00	807.48
1103.00	842.59
1104.00	788.76
1105.00	835.57
1106.00	798.12
1107.00	844.93
1108.00	802.80
1109.00	753.65
1110.00	798.12
1111.00	697.48
1112.00	791.10
1113.00	774.72
1114.00	765.36
1115.00	711.52
1116.00	713.86
1117.00	767.70
1118.00	709.18
1119.00	727.91
1120.00	765.36
1121.00	727.91
1122.00	758.33
1123.00	821.53
1124.00	849.61
1125.00	798.12
1126.00	772.38
1127.00	683.44
1128.00	716.20
1129.00	774.72
1130.00	774.72
1131.00	734.93
1132.00	748.97
1133.00	765.36
1134.00	727.91
1135.00	765.36
1136.00	779.40
1137.00	772.38
1138.00	767.70
1139.00	781.74
1140.00	758.33
1141.00	812.17
1142.00	823.87
1143.00	763.01
1144.00	795.78
1145.00	781.74
1146.00	798.12
1147.00	793.44
1148.00	716.20
1149.00	781.74
1150.00	730.25
1151.00	784.08
1152.00	805.14
1153.00	800.46
1154.00	828.55
1155.00	744.29
1156.00	767.70
1157.00	802.80
1158.00	908.13
1159.00	863.66
1160.00	833.23
1161.00	837.91
1162.00	833.23
1163.00	812.17
1164.00	868.34
1165.00	786.42
1166.00	868.34
1167.00	1018.13
1168.00	1291.98
1169.00	1263.89
1170.00	1214.74
1171.00	1086.01
1172.00	1022.81
1173.00	973.66
1174.00	943.24
1175.00	924.51
1176.00	826.21
1177.00	875.36
1178.00	847.27
1179.00	821.53
1180.00	758.33
1181.00	805.14
1182.00	823.87
1183.00	870.68
1184.00	833.23
1185.00	863.66
1186.00	908.13
1187.00	821.53
1188.00	830.89
1189.00	826.21
1190.00	894.08
1191.00	844.93
1192.00	938.55
1193.00	938.55
1194.00	924.51
1195.00	985.37
1196.00	992.39
1197.00	973.66
1198.00	877.70
1199.00	922.17
1200.00	964.30
1201.00	978.34
1202.00	1097.71
1203.00	1177.29
1204.00	1240.48
1205.00	1186.65
1206.00	1165.59
1207.00	1048.56
1208.00	1074.31
1209.00	1053.24
1210.00	1118.78
1211.00	987.71
1212.00	1046.22
1213.00	1053.24
1214.00	1088.35
1215.00	1132.82
1216.00	1249.85
1217.00	1378.58
1218.00	1638.38
1219.00	1769.44
1220.00	3625.49
1221.00	19639.44
1222.00	54789.60
1223.00	65535.00
1224.00	65535.00
1225.00	59079.80
1226.00	47063.49
1227.00	35477.84
1228.00	29352.66
1229.00	20996.95
1230.00	10008.13
1231.00	4088.92
1232.00	2246.91
1233.00	1619.65
1234.00	1392.62
1235.00	1394.96
1236.00	1329.42
1237.00	1233.46
1238.00	1156.22
1239.00	1575.18
1240.00	3478.04
1241.00	6127.52
1242.00	7824.41
1243.00	6190.72
1244.00	4734.90
1245.00	3562.30
1246.00	3103.55
1247.00	2509.05
1248.00	1867.75
1249.00	1254.53
1250.00	997.07
1251.00	933.87
1252.00	924.51
1253.00	908.13
1254.00	1036.86
1255.00	1055.58
1256.00	1093.03
1257.00	1036.86
1258.00	964.30
1259.00	976.00
1260.00	938.55
1261.00	959.62
1262.00	877.70
1263.00	922.17
1264.00	950.26
1265.00	887.06
1266.00	875.36
1267.00	828.55
1268.00	971.32
1269.00	877.70
1270.00	873.02
1271.00	866.00
1272.00	915.15
1273.00	856.64
1274.00	880.04
1275.00	908.13
1276.00	910.47
1277.00	1034.52
1278.00	1074.31
1279.00	2431.82
1280.00	6693.93
1281.00	11524.80
1282.00	12992.31
1283.00	9877.06
1284.00	7398.43
1285.00	5486.22
1286.00	4624.90
1287.00	3669.96
1288.00	2326.49
1289.00	1336.45
1290.00	1032.18
1291.00	990.05
1292.00	950.26
1293.00	943.24
1294.00	985.37
1295.00	933.87
1296.00	952.60
1297.00	891.74
1298.00	983.02
1299.00	1636.03
1300.00	2684.59
1301.00	3552.93
1302.00	3288.45
1303.00	2605.02
1304.00	2106.48
1305.00	1685.19
1306.00	1582.20
1307.00	1324.74
1308.00	1048.56
1309.00	978.34
1310.00	866.00
1311.00	863.66
1312.00	830.89
1313.00	901.11
1314.00	755.99
1315.00	898.77
1316.00	828.55
1317.00	807.48
1318.00	730.25
1319.00	819.19
1320.00	795.78
1321.00	800.46
1322.00	779.40
1323.00	802.80
1324.00	777.06
1325.00	826.21
1326.00	880.04
1327.00	737.27
1328.00	763.01
1329.00	830.89
1330.00	837.91
1331.00	828.55
1332.00	896.43
1333.00	1029.84
1334.00	1783.49
1335.00	3075.46
1336.00	3815.07
1337.00	3471.01
1338.00	2729.06
1339.00	1980.09
1340.00	1818.60
1341.00	1540.07
1342.00	1313.04
1343.00	985.37
1344.00	847.27
1345.00	835.57
1346.00	835.57
1347.00	856.64
1348.00	821.53
1349.00	880.04
1350.00	774.72
1351.00	866.00
1352.00	823.87
1353.00	819.19
1354.00	835.57
1355.00	814.51
1356.00	823.87
1357.00	821.53
1358.00	861.32
1359.00	873.02
1360.00	999.41
1361.00	1046.22
1362.00	2509.05
1363.00	5987.09
1364.00	10204.74
1365.00	10808.59
1366.00	8580.40
1367.00	6085.39
1368.00	4688.09
1369.00	3866.56
1370.00	3112.91
1371.00	1970.73
1372.00	1324.74
1373.00	1048.56
1374.00	1081.33
1375.00	1170.27
1376.00	3222.92
1377.00	9462.79
1378.00	16971.22
1379.00	19618.37
1380.00	15040.28
1381.00	10733.70
1382.00	7906.33
1383.00	6392.00
1384.00	5039.17
1385.00	3047.38
1386.00	1657.10
1387.00	1160.91
1388.00	1043.88
1389.00	987.71
1390.00	978.34
1391.00	924.51
1392.00	964.30
1393.00	968.98
1394.00	870.68
1395.00	863.66
1396.00	901.11
1397.00	961.96
1398.00	1100.05
1399.00	1357.51
1400.00	1256.87
1401.00	1259.21
1402.00	1331.76
1403.00	1160.91
1404.00	1144.52
1405.00	1284.95
1406.00	2120.53
1407.00	8924.46
1408.00	22181.26
1409.00	32671.54
1410.00	28858.81
1411.00	20833.11
1412.00	14314.72
1413.00	10895.19
1414.00	9043.83
1415.00	5895.81
1416.00	2930.35
1417.00	1614.97
1418.00	1170.27
1419.00	1125.80
1420.00	1963.71
1421.00	4695.11
1422.00	7555.25
1423.00	8353.37
1424.00	6471.58
1425.00	4737.24
1426.00	3581.02
1427.00	2979.50
1428.00	2368.62
1429.00	1600.93
1430.00	1137.50
1431.00	1071.97
1432.00	875.36
1433.00	875.36
1434.00	896.43
1435.00	983.02
1436.00	877.70
1437.00	837.91
1438.00	877.70
1439.00	837.91
1440.00	861.32
1441.00	854.30
1442.00	880.04
1443.00	854.30
1444.00	779.40
1445.00	732.59
1446.00	835.57
1447.00	837.91
1448.00	781.74
1449.00	821.53
1450.00	798.12
1451.00	849.61
1452.00	854.30
1453.00	917.49
1454.00	866.00
1455.00	1210.06
1456.00	2686.94
1457.00	4395.53
1458.00	5364.51
1459.00	4500.85
1460.00	3272.07
1461.00	2518.42
1462.00	2249.25
1463.00	1764.76
1464.00	1369.21
1465.00	1104.73
1466.00	950.26
1467.00	903.45
1468.00	814.51
1469.00	786.42
1470.00	793.44
1471.00	908.13
1472.00	833.23
1473.00	786.42
1474.00	844.93
1475.00	812.17
1476.00	758.33
1477.00	730.25
1478.00	828.55
1479.00	837.91
1480.00	788.76
1481.00	823.87
1482.00	837.91
1483.00	903.45
1484.00	945.58
1485.00	924.51
1486.00	938.55
1487.00	1212.40
1488.00	3716.77
1489.00	10071.33
1490.00	16175.44
1491.00	16350.98
1492.00	11716.72
1493.00	8451.67
1494.00	6277.32
1495.00	5289.61
1496.00	3716.77
1497.00	2047.97
1498.00	1313.04
1499.00	1034.52
1500.00	807.48
1501.00	884.72
1502.00	828.55
1503.00	816.85
1504.00	821.53
1505.00	844.93
1506.00	823.87
1507.00	844.93
1508.00	830.89
1509.00	814.51
1510.00	922.17
1511.00	891.74
1512.00	882.38
1513.00	1083.67
1514.00	2218.83
1515.00	3868.91
1516.00	4779.37
1517.00	4117.00
1518.00	3208.87
1519.00	2356.92
1520.00	1973.07
1521.00	1832.64
1522.00	1380.92
1523.00	1067.28
1524.00	922.17
1525.00	851.96
1526.00	851.96
1527.00	884.72
1528.00	854.30
1529.00	905.79
1530.00	990.05
1531.00	1015.79
1532.00	1011.11
1533.00	2085.42
1534.00	5755.38
1535.00	10108.77
1536.00	12241.00
1537.00	9411.29
1538.00	6607.33
1539.00	4954.91
1540.00	4133.39
1541.00	3082.49
1542.00	2062.01
1543.00	1296.66
1544.00	999.41
1545.00	980.68
1546.00	976.00
1547.00	819.19
1548.00	901.11
1549.00	917.49
1550.00	898.77
1551.00	870.68
1552.00	901.11
1553.00	891.74
1554.00	847.27
1555.00	823.87
1556.00	929.19
1557.00	915.15
1558.00	936.21
1559.00	826.21
1560.00	936.21
1561.00	882.38
1562.00	924.51
1563.00	990.05
1564.00	1043.88
1565.00	1308.36
1566.00	4760.65
1567.00	12784.01
1568.00	20629.48
1569.00	21586.76
1570.00	15246.25
1571.00	11021.58
1572.00	7997.61
1573.00	6537.12
1574.00	4571.07
1575.00	2712.68
1576.00	1710.93
1577.00	1376.24
1578.00	1804.55
1579.00	6909.26
1580.00	19793.91
1581.00	33518.81
1582.00	34387.15
1583.00	24496.05
1584.00	17326.99
1585.00	12252.70
1586.00	10015.15
1587.00	6813.30
1588.00	3665.28
1589.00	1909.88
1590.00	1294.32
1591.00	1074.31
1592.00	971.32
1593.00	1001.75
1594.00	933.87
1595.00	903.45
1596.00	973.66
1597.00	931.53
1598.00	917.49
1599.00	793.44
1600.00	837.91
1601.00	833.23
1602.00	901.11
1603.00	866.00
1604.00	777.06
1605.00	807.48
1606.00	873.02
1607.00	765.36
1608.00	851.96
1609.00	856.64
1610.00	772.38
1611.00	863.66
1612.00	819.19
1613.00	798.12
1614.00	795.78
1615.00	805.14
1616.00	770.04
1617.00	807.48
1618.00	842.59
1619.00	816.85
1620.00	837.91
1621.00	877.70
1622.00	805.14
1623.00	788.76
1624.00	723.23
1625.00	760.67
1626.00	791.10
1627.00	753.65
1628.00	833.23
1629.00	784.08
1630.00	800.46
1631.00	842.59
1632.00	772.38
1633.00	840.25
1634.00	823.87
1635.00	755.99
1636.00	781.74
1637.00	784.08
1638.00	840.25
1639.00	819.19
1640.00	828.55
1641.00	814.51
1642.00	802.80
1643.00	828.55
1644.00	809.83
1645.00	842.59
1646.00	866.00
1647.00	884.72
1648.00	922.17
1649.00	1053.24
1650.00	2731.41
1651.00	8428.27
1652.00	15183.06
1653.00	18483.21
1654.00	14256.20
1655.00	10303.04
1656.00	7445.24
1657.00	5867.72
1658.00	4243.39
1659.00	2644.81
1660.00	1533.05
1661.00	1135.16
1662.00	990.05
1663.00	847.27
1664.00	950.26
1665.00	887.06
1666.00	929.19
1667.00	924.51
1668.00	1261.55
1669.00	2818.00
1670.00	5142.16
1671.00	6658.82
1672.00	5713.25
1673.00	4479.79
1674.00	3356.33
1675.00	2628.42
1676.00	2064.35
1677.00	1425.39
1678.00	1043.88
1679.00	891.74
1680.00	866.00
1681.00	858.98
1682.00	840.25
1683.00	770.04
1684.00	784.08
1685.00	812.17
1686.00	777.06
1687.00	772.38
1688.00	758.33
1689.00	793.44
1690.00	786.42
1691.00	784.08
1692.00	786.42
1693.00	770.04
1694.00	751.31
1695.00	791.10
1696.00	767.70
1697.00	788.76
1698.00	763.01
1699.00	830.89
1700.00	774.72
1701.00	835.57
1702.00	755.99
1703.00	753.65
1704.00	828.55
1705.00	784.08
1706.00	770.04
1707.00	767.70
1708.00	840.25
1709.00	774.72
1710.00	863.66
1711.00	851.96
1712.00	863.66
1713.00	887.06
1714.00	1465.18
1715.00	3765.92
1716.00	6906.92
1717.00	8938.51
1718.00	7906.33
1719.00	6038.58
1720.00	4564.04
1721.00	3431.23
1722.00	2553.52
1723.00	1764.76
1724.00	1221.76
1725.00	957.28
1726.00	875.36
1727.00	866.00
1728.00	861.32
1729.00	816.85
1730.00	807.48
1731.00	833.23
1732.00	781.74
1733.00	777.06
1734.00	833.23
1735.00	802.80
1736.00	730.25
1737.00	802.80
1738.00	763.01
1739.00	760.67
1740.00	849.61
1741.00	767.70
1742.00	751.31
1743.00	772.38
1744.00	800.46
1745.00	746.63
1746.00	774.72
1747.00	812.17
1748.00	758.33
1749.00	819.19
1750.00	746.63
1751.00	777.06
1752.00	795.78
1753.00	802.80
1754.00	774.72
1755.00	807.48
1756.00	830.89
1757.00	823.87
1758.00	844.93
1759.00	823.87
1760.00	812.17
1761.00	858.98
1762.00	842.59
1763.00	856.64
1764.00	835.57
1765.00	819.19
1766.00	770.04
1767.00	919.83
1768.00	915.15
1769.00	1053.24
1770.00	2113.50
1771.00	6291.36
1772.00	12339.30
1773.00	15529.45
1774.00	13708.52
1775.00	10087.71
1776.00	7318.86
1777.00	5291.95
1778.00	3473.36
1779.00	2244.57
1780.00	1380.92
1781.00	1160.91
1782.00	933.87
1783.00	929.19
1784.00	954.94
1785.00	847.27
1786.00	891.74
1787.00	741.95
1788.00	807.48
1789.00	844.93
1790.00	814.51
1791.00	816.85
1792.00	814.51
1793.00	875.36
1794.00	812.17
1795.00	844.93
1796.00	936.21
1797.00	1093.03
1798.00	2473.95
1799.00	5455.79
1800.00	9069.58
1801.00	9998.77
1802.00	7969.52
1803.00	6031.56
1804.00	4285.52
1805.00	2855.45
1806.00	2001.16
1807.00	1334.11
1808.00	1097.71
1809.00	990.05
1810.00	844.93
1811.00	905.79
1812.00	802.80
1813.00	840.25
1814.00	777.06
1815.00	816.85
1816.00	746.63
1817.00	821.53
1818.00	791.10
1819.00	772.38
1820.00	753.65
1821.00	727.91
1822.00	746.63
1823.00	758.33
1824.00	851.96
1825.00	812.17
1826.00	877.70
1827.00	896.43
1828.00	856.64
1829.00	891.74
1830.00	781.74
1831.00	793.44
1832.00	704.50
1833.00	781.74
1834.00	711.52
1835.00	765.36
1836.00	826.21
1837.00	758.33
1838.00	781.74
1839.00	767.70
1840.00	777.06
1841.00	737.27
1842.00	767.70
1843.00	779.40
1844.00	781.74
1845.00	704.50
1846.00	844.93
1847.00	709.18
1848.00	692.80
1849.00	732.59
1850.00	784.08
1851.00	770.04
1852.00	763.01
1853.00	737.27
1854.00	737.27
1855.00	793.44
1856.00	734.93
1857.00	784.08
1858.00	774.72
1859.00	730.25
1860.00	777.06
1861.00	685.78
1862.00	760.67
1863.00	760.67
1864.00	767.70
1865.00	727.91
1866.00	748.97
1867.00	758.33
1868.00	748.97
1869.00	807.48
1870.00	734.93
1871.00	779.40
1872.00	709.18
1873.00	746.63
1874.00	765.36
1875.00	690.46
1876.00	734.93
1877.00	753.65
1878.00	753.65
1879.00	723.23
1880.00	748.97
1881.00	781.74
1882.00	739.61
1883.00	699.82
1884.00	795.78
1885.00	748.97
1886.00	753.65
1887.00	774.72
1888.00	638.97
1889.00	774.72
1890.00	704.50
1891.00	781.74
1892.00	802.80
1893.00	758.33
1894.00	709.18
1895.00	723.23
1896.00	772.38
1897.00	854.30
1898.00	772.38
1899.00	805.14
1900.00	791.10
1901.00	821.53
1902.00	704.50
1903.00	781.74
1904.00	753.65
1905.00	765.36
1906.00	657.69
1907.00	772.38
1908.00	805.14
1909.00	812.17
1910.00	800.46
1911.00	861.32
1912.00	816.85
1913.00	844.93
1914.00	837.91
1915.00	826.21
1916.00	798.12
1917.00	821.53
1918.00	765.36
1919.00	823.87
1920.00	784.08
1921.00	730.25
1922.00	748.97
1923.00	812.17
1924.00	753.65
1925.00	725.57
1926.00	720.88
1927.00	784.08
1928.00	772.38
1929.00	695.14
1930.00	781.74
1931.00	814.51
1932.00	718.54
1933.00	734.93
1934.00	755.99
1935.00	802.80
1936.00	755.99
1937.00	758.33
1938.00	770.04
1939.00	770.04
1940.00	690.46
1941.00	798.12
1942.00	702.16
1943.00	807.48
1944.00	760.67
1945.00	741.95
1946.00	770.04
1947.00	765.36
1948.00	823.87
1949.00	746.63
1950.00	880.04
1951.00	922.17
1952.00	1050.90
1953.00	2286.70
1954.00	5064.92
1955.00	8173.15
1956.00	8667.00
1957.00	6417.75
1958.00	4166.15
1959.00	2621.40
1960.00	1708.59
1961.00	1409.00
1962.00	1102.39
1963.00	1029.84
1964.00	931.53
1965.00	861.32
1966.00	819.19
1967.00	779.40
1968.00	734.93
1969.00	802.80
1970.00	793.44
1971.00	767.70
1972.00	840.25
1973.00	763.01
1974.00	807.48
1975.00	814.51
1976.00	812.17
1977.00	772.38
1978.00	758.33
1979.00	819.19
1980.00	894.08
1981.00	1022.81
1982.00	1158.57
1983.00	1280.27
1984.00	1055.58
1985.00	1006.43
1986.00	877.70
1987.00	889.40
1988.00	786.42
1989.00	770.04
1990.00	819.19
1991.00	650.67
1992.00	772.38
1993.00	786.42
1994.00	770.04
1995.00	779.40
1996.00	809.83
1997.00	798.12
1998.00	751.31
1999.00	835.57
2000.00	767.70
2001.00	770.04
2002.00	744.29
2003.00	826.21
2004.00	791.10
2005.00	716.20
2006.00	863.66
2007.00	779.40
2008.00	746.63
2009.00	819.19
2010.00	702.16
2011.00	720.88
2012.00	706.84
2013.00	744.29
2014.00	802.80
2015.00	826.21
2016.00	791.10
2017.00	793.44
2018.00	760.67
2019.00	763.01
2020.00	767.70
2021.00	772.38
2022.00	788.76
2023.00	802.80
2024.00	854.30
2025.00	1032.18
2026.00	1212.40
2027.00	1336.45
2028.00	1245.16
2029.00	1212.40
2030.00	2438.84
2031.00	6991.18
2032.00	13275.52
2033.00	17245.07
2034.00	15597.33
2035.00	10424.75
2036.00	6897.56
2037.00	4449.36
2038.00	2710.34
2039.00	1844.34
2040.00	1291.98
2041.00	1128.14
2042.00	992.39
2043.00	896.43
2044.00	880.04
2045.00	812.17
2046.00	763.01
2047.00	809.83
