0.00	650.67
1.00	650.67
2.00	650.67
3.00	599.18
4.00	557.05
5.00	592.16
6.00	550.03
7.00	559.39
8.00	622.58
9.00	550.03
10.00	507.90
11.00	587.47
12.00	594.50
13.00	613.22
14.00	557.05
15.00	566.41
16.00	535.98
17.00	603.86
18.00	631.94
19.00	545.34
20.00	575.77
21.00	592.16
22.00	585.13
23.00	657.69
24.00	620.24
25.00	669.39
26.00	653.01
27.00	685.78
28.00	706.84
29.00	657.69
30.00	744.29
31.00	657.69
32.00	697.48
33.00	727.91
34.00	765.36
35.00	730.25
36.00	746.63
37.00	692.80
38.00	798.12
39.00	798.12
40.00	748.97
41.00	746.63
42.00	737.27
43.00	781.74
44.00	805.14
45.00	791.10
46.00	709.18
47.00	744.29
48.00	753.65
49.00	685.78
50.00	746.63
51.00	748.97
52.00	704.50
53.00	772.38
54.00	734.93
55.00	737.27
56.00	755.99
57.00	664.71
58.00	805.14
59.00	737.27
60.00	678.76
61.00	730.25
62.00	772.38
63.00	711.52
64.00	711.52
65.00	802.80
66.00	821.53
67.00	744.29
68.00	699.82
69.00	739.61
70.00	744.29
71.00	739.61
72.00	755.99
73.00	669.39
74.00	685.78
75.00	734.93
76.00	695.14
77.00	737.27
78.00	667.05
79.00	720.88
80.00	753.65
81.00	781.74
82.00	758.33
83.00	713.86
84.00	732.59
85.00	683.44
86.00	725.57
87.00	760.67
88.00	704.50
89.00	739.61
90.00	709.18
91.00	744.29
92.00	711.52
93.00	685.78
94.00	627.26
95.00	702.16
96.00	788.76
97.00	713.86
98.00	716.20
99.00	734.93
100.00	723.23
101.00	784.08
102.00	716.20
103.00	699.82
104.00	774.72
105.00	788.76
106.00	688.12
107.00	741.95
108.00	709.18
109.00	784.08
110.00	713.86
111.00	676.41
112.00	739.61
113.00	718.54
114.00	664.71
115.00	653.01
116.00	720.88
117.00	779.40
118.00	746.63
119.00	716.20
120.00	704.50
121.00	770.04
122.00	755.99
123.00	730.25
124.00	723.23
125.00	746.63
126.00	739.61
127.00	741.95
128.00	711.52
129.00	800.46
130.00	770.04
131.00	763.01
132.00	732.59
133.00	723.23
134.00	767.70
135.00	657.69
136.00	751.31
137.00	730.25
138.00	727.91
139.00	702.16
140.00	758.33
141.00	732.59
142.00	772.38
143.00	723.23
144.00	737.27
145.00	784.08
146.00	767.70
147.00	755.99
148.00	713.86
149.00	786.42
150.00	772.38
151.00	713.86
152.00	720.88
153.00	772.38
154.00	730.25
155.00	826.21
156.00	692.80
157.00	739.61
158.00	732.59
159.00	767.70
160.00	765.36
161.00	727.91
162.00	732.59
163.00	737.27
164.00	674.07
165.00	751.31
166.00	727.91
167.00	748.97
168.00	746.63
169.00	744.29
170.00	704.50
171.00	734.93
172.00	758.33
173.00	723.23
174.00	725.57
175.00	725.57
176.00	732.59
177.00	779.40
178.00	765.36
179.00	723.23
180.00	718.54
181.00	760.67
182.00	739.61
183.00	739.61
184.00	760.67
185.00	718.54
186.00	648.33
187.00	737.27
188.00	734.93
189.00	685.78
190.00	716.20
191.00	723.23
192.00	781.74
193.00	688.12
194.00	786.42
195.00	739.61
196.00	784.08
197.00	758.33
198.00	746.63
199.00	720.88
200.00	784.08
201.00	788.76
202.00	777.06
203.00	730.25
204.00	739.61
205.00	741.95
206.00	737.27
207.00	716.20
208.00	748.97
209.00	770.04
210.00	767.70
211.00	835.57
212.00	730.25
213.00	723.23
214.00	807.48
215.00	748.97
216.00	678.76
217.00	732.59
218.00	734.93
219.00	720.88
220.00	763.01
221.00	713.86
222.00	706.84
223.00	765.36
224.00	791.10
225.00	732.59
226.00	709.18
227.00	737.27
228.00	844.93
229.00	732.59
230.00	737.27
231.00	784.08
232.00	744.29
233.00	802.80
234.00	725.57
235.00	809.83
236.00	758.33
237.00	741.95
238.00	767.70
239.00	678.76
240.00	713.86
241.00	699.82
242.00	770.04
243.00	763.01
244.00	739.61
245.00	751.31
246.00	779.40
247.00	751.31
248.00	851.96
249.00	748.97
250.00	702.16
251.00	720.88
252.00	692.80
253.00	678.76
254.00	706.84
255.00	755.99
256.00	734.93
257.00	788.76
258.00	770.04
259.00	741.95
260.00	716.20
261.00	720.88
262.00	739.61
263.00	760.67
264.00	732.59
265.00	692.80
266.00	791.10
267.00	770.04
268.00	798.12
269.00	835.57
270.00	777.06
271.00	840.25
272.00	781.74
273.00	823.87
274.00	833.23
275.00	772.38
276.00	802.80
277.00	777.06
278.00	788.76
279.00	786.42
280.00	709.18
281.00	730.25
282.00	716.20
283.00	732.59
284.00	765.36
285.00	788.76
286.00	720.88
287.00	734.93
288.00	734.93
289.00	791.10
290.00	681.10
291.00	697.48
292.00	744.29
293.00	788.76
294.00	650.67
295.00	704.50
296.00	650.67
297.00	781.74
298.00	704.50
299.00	713.86
300.00	699.82
301.00	699.82
302.00	695.14
303.00	770.04
304.00	779.40
305.00	706.84
306.00	748.97
307.00	706.84
308.00	828.55
309.00	842.59
310.00	781.74
311.00	837.91
312.00	821.53
313.00	767.70
314.00	732.59
315.00	657.69
316.00	737.27
317.00	763.01
318.00	755.99
319.00	720.88
320.00	699.82
321.00	765.36
322.00	744.29
323.00	800.46
324.00	772.38
325.00	727.91
326.00	727.91
327.00	709.18
328.00	777.06
329.00	671.73
330.00	748.97
331.00	751.31
332.00	725.57
333.00	777.06
334.00	763.01
335.00	706.84
336.00	697.48
337.00	765.36
338.00	767.70
339.00	760.67
340.00	713.86
341.00	758.33
342.00	732.59
343.00	723.23
344.00	734.93
345.00	751.31
346.00	720.88
347.00	847.27
348.00	793.44
349.00	837.91
350.00	828.55
351.00	837.91
352.00	814.51
353.00	763.01
354.00	763.01
355.00	835.57
356.00	795.78
357.00	763.01
358.00	741.95
359.00	755.99
360.00	725.57
361.00	800.46
362.00	765.36
363.00	774.72
364.00	772.38
365.00	664.71
366.00	744.29
367.00	732.59
368.00	713.86
369.00	816.85
370.00	711.52
371.00	812.17
372.00	739.61
373.00	770.04
374.00	692.80
375.00	734.93
376.00	772.38
377.00	763.01
378.00	699.82
379.00	763.01
380.00	767.70
381.00	786.42
382.00	751.31
383.00	763.01
384.00	709.18
385.00	713.86
386.00	800.46
387.00	837.91
388.00	734.93
389.00	746.63
390.00	741.95
391.00	765.36
392.00	807.48
393.00	795.78
394.00	767.70
395.00	791.10
396.00	751.31
397.00	791.10
398.00	732.59
399.00	702.16
400.00	739.61
401.00	706.84
402.00	751.31
403.00	748.97
404.00	753.65
405.00	809.83
406.00	744.29
407.00	732.59
408.00	746.63
409.00	753.65
410.00	753.65
411.00	753.65
412.00	713.86
413.00	812.17
414.00	690.46
415.00	720.88
416.00	777.06
417.00	753.65
418.00	674.07
419.00	713.86
420.00	784.08
421.00	753.65
422.00	760.67
423.00	758.33
424.00	716.20
425.00	713.86
426.00	758.33
427.00	716.20
428.00	763.01
429.00	744.29
430.00	760.67
431.00	683.44
432.00	713.86
433.00	791.10
434.00	807.48
435.00	751.31
436.00	739.61
437.00	746.63
438.00	720.88
439.00	748.97
440.00	720.88
441.00	732.59
442.00	772.38
443.00	821.53
444.00	765.36
445.00	795.78
446.00	730.25
447.00	807.48
448.00	772.38
449.00	706.84
450.00	706.84
451.00	753.65
452.00	800.46
453.00	716.20
454.00	753.65
455.00	697.48
456.00	744.29
457.00	800.46
458.00	695.14
459.00	709.18
460.00	847.27
461.00	798.12
462.00	760.67
463.00	718.54
464.00	767.70
465.00	779.40
466.00	779.40
467.00	751.31
468.00	730.25
469.00	777.06
470.00	758.33
471.00	683.44
472.00	669.39
473.00	748.97
474.00	830.89
475.00	732.59
476.00	718.54
477.00	779.40
478.00	786.42
479.00	763.01
480.00	702.16
481.00	751.31
482.00	702.16
483.00	716.20
484.00	814.51
485.00	849.61
486.00	709.18
487.00	786.42
488.00	772.38
489.00	805.14
490.00	760.67
491.00	697.48
492.00	816.85
493.00	802.80
494.00	758.33
495.00	793.44
496.00	711.52
497.00	758.33
498.00	784.08
499.00	784.08
500.00	746.63
501.00	716.20
502.00	737.27
503.00	753.65
504.00	767.70
505.00	781.74
506.00	793.44
507.00	891.74
508.00	720.88
509.00	746.63
510.00	786.42
511.00	758.33
512.00	784.08
513.00	697.48
514.00	709.18
515.00	753.65
516.00	777.06
517.00	741.95
518.00	842.59
519.00	713.86
520.00	723.23
521.00	777.06
522.00	725.57
523.00	760.67
524.00	793.44
525.00	788.76
526.00	767.70
527.00	777.06
528.00	723.23
529.00	760.67
530.00	795.78
531.00	739.61
532.00	720.88
533.00	779.40
534.00	784.08
535.00	681.10
536.00	791.10
537.00	702.16
538.00	781.74
539.00	690.46
540.00	777.06
541.00	791.10
542.00	767.70
543.00	699.82
544.00	690.46
545.00	760.67
546.00	711.52
547.00	779.40
548.00	732.59
549.00	746.63
550.00	802.80
551.00	791.10
552.00	758.33
553.00	791.10
554.00	791.10
555.00	767.70
556.00	788.76
557.00	793.44
558.00	748.97
559.00	697.48
560.00	737.27
561.00	744.29
562.00	758.33
563.00	723.23
564.00	753.65
565.00	772.38
566.00	751.31
567.00	777.06
568.00	767.70
569.00	784.08
570.00	702.16
571.00	709.18
572.00	786.42
573.00	753.65
574.00	802.80
575.00	767.70
576.00	823.87
577.00	739.61
578.00	727.91
579.00	772.38
580.00	770.04
581.00	751.31
582.00	751.31
583.00	704.50
584.00	763.01
585.00	657.69
586.00	718.54
587.00	667.05
588.00	791.10
589.00	695.14
590.00	741.95
591.00	730.25
592.00	791.10
593.00	746.63
594.00	744.29
595.00	755.99
596.00	723.23
597.00	688.12
598.00	791.10
599.00	746.63
600.00	772.38
601.00	706.84
602.00	786.42
603.00	732.59
604.00	725.57
605.00	737.27
606.00	760.67
607.00	723.23
608.00	746.63
609.00	713.86
610.00	716.20
611.00	681.10
612.00	713.86
613.00	725.57
614.00	725.57
615.00	739.61
616.00	828.55
617.00	779.40
618.00	720.88
619.00	739.61
620.00	830.89
621.00	800.46
622.00	767.70
623.00	781.74
624.00	753.65
625.00	713.86
626.00	730.25
627.00	763.01
628.00	781.74
629.00	704.50
630.00	711.52
631.00	760.67
632.00	734.93
633.00	793.44
634.00	793.44
635.00	748.97
636.00	716.20
637.00	788.76
638.00	802.80
639.00	704.50
640.00	868.34
641.00	763.01
642.00	774.72
643.00	760.67
644.00	786.42
645.00	711.52
646.00	758.33
647.00	748.97
648.00	830.89
649.00	772.38
650.00	739.61
651.00	779.40
652.00	758.33
653.00	718.54
654.00	763.01
655.00	793.44
656.00	718.54
657.00	702.16
658.00	765.36
659.00	779.40
660.00	753.65
661.00	758.33
662.00	748.97
663.00	751.31
664.00	739.61
665.00	755.99
666.00	699.82
667.00	657.69
668.00	814.51
669.00	819.19
670.00	788.76
671.00	807.48
672.00	739.61
673.00	765.36
674.00	725.57
675.00	758.33
676.00	716.20
677.00	744.29
678.00	755.99
679.00	716.20
680.00	821.53
681.00	793.44
682.00	737.27
683.00	854.30
684.00	751.31
685.00	791.10
686.00	772.38
687.00	786.42
688.00	819.19
689.00	753.65
690.00	770.04
691.00	777.06
692.00	805.14
693.00	763.01
694.00	842.59
695.00	786.42
696.00	805.14
697.00	765.36
698.00	816.85
699.00	746.63
700.00	730.25
701.00	779.40
702.00	807.48
703.00	723.23
704.00	716.20
705.00	784.08
706.00	723.23
707.00	727.91
708.00	793.44
709.00	770.04
710.00	755.99
711.00	746.63
712.00	746.63
713.00	784.08
714.00	730.25
715.00	751.31
716.00	821.53
717.00	741.95
718.00	760.67
719.00	823.87
720.00	786.42
721.00	772.38
722.00	802.80
723.00	823.87
724.00	739.61
725.00	739.61
726.00	739.61
727.00	816.85
728.00	791.10
729.00	777.06
730.00	840.25
731.00	793.44
732.00	767.70
733.00	741.95
734.00	800.46
735.00	781.74
736.00	763.01
737.00	851.96
738.00	800.46
739.00	842.59
740.00	802.80
741.00	781.74
742.00	781.74
743.00	770.04
744.00	751.31
745.00	786.42
746.00	786.42
747.00	779.40
748.00	765.36
749.00	748.97
750.00	767.70
751.00	842.59
752.00	744.29
753.00	772.38
754.00	781.74
755.00	737.27
756.00	779.40
757.00	718.54
758.00	767.70
759.00	755.99
760.00	765.36
761.00	737.27
762.00	805.14
763.00	746.63
764.00	784.08
765.00	805.14
766.00	802.80
767.00	784.08
768.00	772.38
769.00	786.42
770.00	681.10
771.00	805.14
772.00	830.89
773.00	816.85
774.00	739.61
775.00	781.74
776.00	786.42
777.00	748.97
778.00	833.23
779.00	826.21
780.00	868.34
781.00	744.29
782.00	840.25
783.00	884.72
784.00	866.00
785.00	840.25
786.00	746.63
787.00	784.08
788.00	732.59
789.00	755.99
790.00	746.63
791.00	777.06
792.00	734.93
793.00	751.31
794.00	716.20
795.00	739.61
796.00	786.42
797.00	793.44
798.00	847.27
799.00	720.88
800.00	767.70
801.00	748.97
802.00	732.59
803.00	763.01
804.00	706.84
805.00	748.97
806.00	802.80
807.00	788.76
808.00	760.67
809.00	763.01
810.00	793.44
811.00	781.74
812.00	767.70
813.00	784.08
814.00	732.59
815.00	732.59
816.00	800.46
817.00	795.78
818.00	725.57
819.00	727.91
820.00	748.97
821.00	807.48
822.00	791.10
823.00	833.23
824.00	835.57
825.00	779.40
826.00	812.17
827.00	763.01
828.00	777.06
829.00	784.08
830.00	805.14
831.00	788.76
832.00	784.08
833.00	791.10
834.00	791.10
835.00	791.10
836.00	758.33
837.00	772.38
838.00	784.08
839.00	830.89
840.00	812.17
841.00	716.20
842.00	772.38
843.00	781.74
844.00	807.48
845.00	851.96
846.00	786.42
847.00	812.17
848.00	791.10
849.00	812.17
850.00	812.17
851.00	753.65
852.00	760.67
853.00	734.93
854.00	746.63
855.00	777.06
856.00	777.06
857.00	690.46
858.00	753.65
859.00	767.70
860.00	809.83
861.00	830.89
862.00	856.64
863.00	784.08
864.00	779.40
865.00	774.72
866.00	751.31
867.00	788.76
868.00	772.38
869.00	786.42
870.00	821.53
871.00	777.06
872.00	795.78
873.00	777.06
874.00	805.14
875.00	774.72
876.00	739.61
877.00	744.29
878.00	718.54
879.00	830.89
880.00	741.95
881.00	779.40
882.00	847.27
883.00	812.17
884.00	826.21
885.00	730.25
886.00	793.44
887.00	835.57
888.00	758.33
889.00	798.12
890.00	793.44
891.00	763.01
892.00	788.76
893.00	816.85
894.00	777.06
895.00	774.72
896.00	753.65
897.00	699.82
898.00	788.76
899.00	716.20
900.00	788.76
901.00	732.59
902.00	725.57
903.00	777.06
904.00	781.74
905.00	875.36
906.00	903.45
907.00	968.98
908.00	891.74
909.00	894.08
910.00	847.27
911.00	812.17
912.00	929.19
913.00	940.90
914.00	943.24
915.00	849.61
916.00	887.06
917.00	840.25
918.00	823.87
919.00	741.95
920.00	763.01
921.00	741.95
922.00	800.46
923.00	821.53
924.00	765.36
925.00	788.76
926.00	847.27
927.00	861.32
928.00	786.42
929.00	830.89
930.00	793.44
931.00	732.59
932.00	748.97
933.00	809.83
934.00	802.80
935.00	807.48
936.00	837.91
937.00	849.61
938.00	793.44
939.00	751.31
940.00	830.89
941.00	816.85
942.00	702.16
943.00	814.51
944.00	840.25
945.00	896.43
946.00	1139.84
947.00	1689.87
948.00	2038.61
949.00	1849.02
950.00	1621.99
951.00	1341.13
952.00	1221.76
953.00	1130.48
954.00	898.77
955.00	863.66
956.00	795.78
957.00	746.63
958.00	781.74
959.00	767.70
960.00	847.27
961.00	812.17
962.00	814.51
963.00	699.82
964.00	779.40
965.00	772.38
966.00	800.46
967.00	814.51
968.00	788.76
969.00	882.38
970.00	751.31
971.00	793.44
972.00	739.61
973.00	767.70
974.00	814.51
975.00	774.72
976.00	753.65
977.00	821.53
978.00	802.80
979.00	751.31
980.00	837.91
981.00	739.61
982.00	791.10
983.00	779.40
984.00	732.59
985.00	730.25
986.00	835.57
987.00	830.89
988.00	795.78
989.00	786.42
990.00	842.59
991.00	760.67
992.00	720.88
993.00	711.52
994.00	826.21
995.00	795.78
996.00	723.23
997.00	744.29
998.00	823.87
999.00	866.00
1000.00	713.86
1001.00	800.46
1002.00	725.57
1003.00	833.23
1004.00	812.17
1005.00	748.97
1006.00	777.06
1007.00	802.80
1008.00	748.97
1009.00	812.17
1010.00	777.06
1011.00	814.51
1012.00	798.12
1013.00	753.65
1014.00	795.78
1015.00	716.20
1016.00	788.76
1017.00	772.38
1018.00	882.38
1019.00	723.23
1020.00	809.83
1021.00	823.87
1022.00	901.11
1023.00	807.48
1024.00	812.17
1025.00	802.80
1026.00	847.27
1027.00	795.78
1028.00	770.04
1029.00	800.46
1030.00	732.59
1031.00	734.93
1032.00	821.53
1033.00	795.78
1034.00	763.01
1035.00	802.80
1036.00	784.08
1037.00	793.44
1038.00	697.48
1039.00	737.27
1040.00	737.27
1041.00	798.12
1042.00	718.54
1043.00	800.46
1044.00	784.08
1045.00	844.93
1046.00	917.49
1047.00	823.87
1048.00	753.65
1049.00	791.10
1050.00	760.67
1051.00	840.25
1052.00	781.74
1053.00	823.87
1054.00	702.16
1055.00	706.84
1056.00	702.16
1057.00	760.67
1058.00	758.33
1059.00	798.12
1060.00	812.17
1061.00	847.27
1062.00	748.97
1063.00	727.91
1064.00	765.36
1065.00	791.10
1066.00	805.14
1067.00	765.36
1068.00	858.98
1069.00	868.34
1070.00	795.78
1071.00	788.76
1072.00	798.12
1073.00	786.42
1074.00	720.88
1075.00	805.14
1076.00	737.27
1077.00	746.63
1078.00	713.86
1079.00	807.48
1080.00	870.68
1081.00	882.38
1082.00	779.40
1083.00	758.33
1084.00	737.27
1085.00	751.31
1086.00	833.23
1087.00	744.29
1088.00	709.18
1089.00	760.67
1090.00	767.70
1091.00	760.67
1092.00	730.25
1093.00	851.96
1094.00	774.72
1095.00	784.08
1096.00	877.70
1097.00	847.27
1098.00	807.48
1099.00	681.10
1100.00	777.06
1101.00	844.93
1102.00	814.51
1103.00	739.61
1104.00	807.48
1105.00	777.06
1106.00	821.53
1107.00	741.95
1108.00	802.80
1109.00	777.06
1110.00	683.44
1111.00	798.12
1112.00	748.97
1113.00	802.80
1114.00	828.55
1115.00	779.40
1116.00	807.48
1117.00	781.74
1118.00	741.95
1119.00	784.08
1120.00	741.95
1121.00	791.10
1122.00	777.06
1123.00	889.40
1124.00	837.91
1125.00	800.46
1126.00	823.87
1127.00	741.95
1128.00	779.40
1129.00	753.65
1130.00	793.44
1131.00	758.33
1132.00	760.67
1133.00	809.83
1134.00	753.65
1135.00	767.70
1136.00	777.06
1137.00	812.17
1138.00	758.33
1139.00	755.99
1140.00	809.83
1141.00	833.23
1142.00	779.40
1143.00	779.40
1144.00	734.93
1145.00	835.57
1146.00	709.18
1147.00	774.72
1148.00	758.33
1149.00	826.21
1150.00	866.00
1151.00	807.48
1152.00	802.80
1153.00	786.42
1154.00	774.72
1155.00	812.17
1156.00	786.42
1157.00	849.61
1158.00	849.61
1159.00	816.85
1160.00	910.47
1161.00	877.70
1162.00	924.51
1163.00	837.91
1164.00	880.04
1165.00	833.23
1166.00	894.08
1167.00	1034.52
1168.00	1210.06
1169.00	1270.91
1170.00	1114.10
1171.00	1097.71
1172.00	947.92
1173.00	976.00
1174.00	875.36
1175.00	866.00
1176.00	844.93
1177.00	868.34
1178.00	844.93
1179.00	777.06
1180.00	915.15
1181.00	814.51
1182.00	870.68
1183.00	821.53
1184.00	887.06
1185.00	760.67
1186.00	889.40
1187.00	863.66
1188.00	847.27
1189.00	891.74
1190.00	922.17
1191.00	793.44
1192.00	854.30
1193.00	959.62
1194.00	957.28
1195.00	1015.79
1196.00	901.11
1197.00	884.72
1198.00	908.13
1199.00	926.85
1200.00	990.05
1201.00	936.21
1202.00	1163.25
1203.00	1116.44
1204.00	1203.04
1205.00	1020.47
1206.00	1015.79
1207.00	1074.31
1208.00	1043.88
1209.00	1090.69
1210.00	1008.77
1211.00	1057.92
1212.00	1055.58
1213.00	1025.15
1214.00	1060.26
1215.00	1137.50
1216.00	1245.16
1217.00	1420.71
1218.00	1430.07
1219.00	1813.92
1220.00	3386.76
1221.00	18977.06
1222.00	51782.01
1223.00	64980.29
1224.00	64355.37
1225.00	56598.83
1226.00	43592.48
1227.00	32933.68
1228.00	26813.18
1229.00	18979.40
1230.00	9188.94
1231.00	3899.33
1232.00	2223.51
1233.00	1598.59
1234.00	1474.54
1235.00	1357.51
1236.00	1310.70
1237.00	1184.31
1238.00	1158.57
1239.00	1516.67
1240.00	3309.52
1241.00	5783.46
1242.00	6862.45
1243.00	5753.04
1244.00	4451.70
1245.00	3386.76
1246.00	2855.45
1247.00	2473.95
1248.00	1877.11
1249.00	1263.89
1250.00	1013.45
1251.00	889.40
1252.00	910.47
1253.00	978.34
1254.00	997.07
1255.00	1050.90
1256.00	1001.75
1257.00	1083.67
1258.00	1055.58
1259.00	992.39
1260.00	952.60
1261.00	952.60
1262.00	933.87
1263.00	903.45
1264.00	933.87
1265.00	903.45
1266.00	915.15
1267.00	866.00
1268.00	889.40
1269.00	905.79
1270.00	858.98
1271.00	870.68
1272.00	781.74
1273.00	851.96
1274.00	814.51
1275.00	849.61
1276.00	1006.43
1277.00	950.26
1278.00	1050.90
1279.00	2478.63
1280.00	6349.87
1281.00	10658.80
1282.00	12028.01
1283.00	9156.18
1284.00	6803.94
1285.00	4990.02
1286.00	4348.72
1287.00	3410.16
1288.00	2202.44
1289.00	1373.89
1290.00	945.58
1291.00	873.02
1292.00	919.83
1293.00	992.39
1294.00	912.81
1295.00	957.28
1296.00	903.45
1297.00	819.19
1298.00	1029.84
1299.00	1561.14
1300.00	2558.21
1301.00	3337.60
1302.00	3028.65
1303.00	2338.20
1304.00	2017.54
1305.00	1652.42
1306.00	1451.13
1307.00	1270.91
1308.00	1006.43
1309.00	985.37
1310.00	950.26
1311.00	987.71
1312.00	884.72
1313.00	884.72
1314.00	835.57
1315.00	894.08
1316.00	823.87
1317.00	819.19
1318.00	814.51
1319.00	828.55
1320.00	819.19
1321.00	779.40
1322.00	793.44
1323.00	816.85
1324.00	772.38
1325.00	786.42
1326.00	821.53
1327.00	851.96
1328.00	821.53
1329.00	807.48
1330.00	772.38
1331.00	826.21
1332.00	929.19
1333.00	1057.92
1334.00	1757.74
1335.00	2801.62
1336.00	3576.34
1337.00	3194.83
1338.00	2551.18
1339.00	2015.20
1340.00	1743.70
1341.00	1497.94
1342.00	1277.93
1343.00	1078.99
1344.00	823.87
1345.00	912.81
1346.00	875.36
1347.00	826.21
1348.00	945.58
1349.00	835.57
1350.00	870.68
1351.00	866.00
1352.00	814.51
1353.00	894.08
1354.00	898.77
1355.00	891.74
1356.00	882.38
1357.00	863.66
1358.00	868.34
1359.00	896.43
1360.00	929.19
1361.00	1041.54
1362.00	2340.54
1363.00	5738.99
1364.00	9240.44
1365.00	9970.68
1366.00	7648.87
1367.00	5844.32
1368.00	4355.74
1369.00	3578.68
1370.00	2794.60
1371.00	1860.73
1372.00	1317.72
1373.00	1100.05
1374.00	1104.73
1375.00	1186.65
1376.00	2967.80
1377.00	9130.43
1378.00	15700.31
1379.00	18162.56
1380.00	13610.22
1381.00	9987.07
1382.00	7353.96
1383.00	5729.63
1384.00	4596.81
1385.00	2771.19
1386.00	1554.12
1387.00	1165.59
1388.00	1011.11
1389.00	976.00
1390.00	961.96
1391.00	976.00
1392.00	849.61
1393.00	884.72
1394.00	889.40
1395.00	903.45
1396.00	847.27
1397.00	908.13
1398.00	1093.03
1399.00	1266.23
1400.00	1399.64
1401.00	1301.34
1402.00	1226.44
1403.00	1125.80
1404.00	1217.08
1405.00	1254.53
1406.00	2017.54
1407.00	8437.63
1408.00	20121.59
1409.00	29486.07
1410.00	26024.42
1411.00	18869.40
1412.00	13107.00
1413.00	9966.00
1414.00	8156.77
1415.00	5413.66
1416.00	2803.96
1417.00	1603.27
1418.00	1221.76
1419.00	1186.65
1420.00	2036.27
1421.00	4344.03
1422.00	7045.01
1423.00	7658.23
1424.00	6038.58
1425.00	4435.32
1426.00	3382.07
1427.00	2890.56
1428.00	2242.23
1429.00	1526.03
1430.00	1165.59
1431.00	971.32
1432.00	976.00
1433.00	915.15
1434.00	978.34
1435.00	905.79
1436.00	919.83
1437.00	877.70
1438.00	800.46
1439.00	861.32
1440.00	779.40
1441.00	788.76
1442.00	840.25
1443.00	791.10
1444.00	802.80
1445.00	835.57
1446.00	842.59
1447.00	812.17
1448.00	887.06
1449.00	863.66
1450.00	791.10
1451.00	798.12
1452.00	858.98
1453.00	823.87
1454.00	905.79
1455.00	1287.29
1456.00	2492.67
1457.00	4212.96
1458.00	4968.96
1459.00	4102.96
1460.00	3187.81
1461.00	2450.54
1462.00	1987.11
1463.00	1764.76
1464.00	1364.53
1465.00	954.94
1466.00	896.43
1467.00	854.30
1468.00	870.68
1469.00	833.23
1470.00	807.48
1471.00	896.43
1472.00	837.91
1473.00	858.98
1474.00	819.19
1475.00	842.59
1476.00	812.17
1477.00	842.59
1478.00	816.85
1479.00	858.98
1480.00	837.91
1481.00	858.98
1482.00	868.34
1483.00	873.02
1484.00	842.59
1485.00	945.58
1486.00	1011.11
1487.00	1224.10
1488.00	3894.65
1489.00	9575.13
1490.00	14930.28
1491.00	14909.21
1492.00	10890.51
1493.00	7702.70
1494.00	5827.93
1495.00	4636.60
1496.00	3520.17
1497.00	1996.48
1498.00	1268.57
1499.00	1020.47
1500.00	957.28
1501.00	866.00
1502.00	840.25
1503.00	814.51
1504.00	807.48
1505.00	854.30
1506.00	781.74
1507.00	823.87
1508.00	868.34
1509.00	837.91
1510.00	795.78
1511.00	840.25
1512.00	875.36
1513.00	1069.62
1514.00	2148.61
1515.00	3726.13
1516.00	4297.22
1517.00	3658.26
1518.00	2958.44
1519.00	2237.55
1520.00	1909.88
1521.00	1598.59
1522.00	1273.25
1523.00	1029.84
1524.00	922.17
1525.00	819.19
1526.00	903.45
1527.00	903.45
1528.00	891.74
1529.00	840.25
1530.00	903.45
1531.00	985.37
1532.00	1032.18
1533.00	1970.73
1534.00	5355.15
1535.00	9287.25
1536.00	10960.73
1537.00	8386.14
1538.00	6265.61
1539.00	4582.77
1540.00	3733.15
1541.00	2984.18
1542.00	1959.03
1543.00	1291.98
1544.00	959.62
1545.00	823.87
1546.00	917.49
1547.00	880.04
1548.00	849.61
1549.00	851.96
1550.00	809.83
1551.00	866.00
1552.00	858.98
1553.00	863.66
1554.00	896.43
1555.00	875.36
1556.00	875.36
1557.00	840.25
1558.00	882.38
1559.00	915.15
1560.00	870.68
1561.00	807.48
1562.00	924.51
1563.00	983.02
1564.00	1055.58
1565.00	1364.53
1566.00	4526.60
1567.00	12028.01
1568.00	19335.17
1569.00	19711.99
1570.00	13973.00
1571.00	9956.64
1572.00	7382.05
1573.00	6132.20
1574.00	4285.52
1575.00	2532.46
1576.00	1629.01
1577.00	1308.36
1578.00	1797.53
1579.00	6553.50
1580.00	18616.62
1581.00	30281.85
1582.00	31468.50
1583.00	22192.96
1584.00	15342.21
1585.00	11314.15
1586.00	9163.20
1587.00	6179.01
1588.00	3398.46
1589.00	1877.11
1590.00	1221.76
1591.00	1064.94
1592.00	980.68
1593.00	990.05
1594.00	973.66
1595.00	903.45
1596.00	809.83
1597.00	870.68
1598.00	891.74
1599.00	821.53
1600.00	884.72
1601.00	823.87
1602.00	758.33
1603.00	758.33
1604.00	819.19
1605.00	870.68
1606.00	814.51
1607.00	809.83
1608.00	821.53
1609.00	870.68
1610.00	842.59
1611.00	840.25
1612.00	772.38
1613.00	819.19
1614.00	826.21
1615.00	791.10
1616.00	807.48
1617.00	840.25
1618.00	777.06
1619.00	821.53
1620.00	779.40
1621.00	868.34
1622.00	753.65
1623.00	844.93
1624.00	812.17
1625.00	784.08
1626.00	828.55
1627.00	821.53
1628.00	798.12
1629.00	823.87
1630.00	819.19
1631.00	821.53
1632.00	880.04
1633.00	772.38
1634.00	823.87
1635.00	774.72
1636.00	844.93
1637.00	765.36
1638.00	894.08
1639.00	802.80
1640.00	795.78
1641.00	821.53
1642.00	823.87
1643.00	805.14
1644.00	814.51
1645.00	898.77
1646.00	887.06
1647.00	826.21
1648.00	940.90
1649.00	1043.88
1650.00	2670.55
1651.00	7894.63
1652.00	14057.26
1653.00	16901.01
1654.00	12971.25
1655.00	9521.30
1656.00	6803.94
1657.00	5458.13
1658.00	3929.76
1659.00	2427.14
1660.00	1570.50
1661.00	1104.73
1662.00	976.00
1663.00	826.21
1664.00	844.93
1665.00	798.12
1666.00	788.76
1667.00	919.83
1668.00	1245.16
1669.00	2679.91
1670.00	4884.70
1671.00	6017.52
1672.00	5270.89
1673.00	4016.36
1674.00	2953.76
1675.00	2539.48
1676.00	2001.16
1677.00	1481.56
1678.00	1055.58
1679.00	931.53
1680.00	835.57
1681.00	826.21
1682.00	779.40
1683.00	786.42
1684.00	755.99
1685.00	758.33
1686.00	772.38
1687.00	760.67
1688.00	802.80
1689.00	826.21
1690.00	842.59
1691.00	830.89
1692.00	835.57
1693.00	755.99
1694.00	758.33
1695.00	725.57
1696.00	748.97
1697.00	763.01
1698.00	716.20
1699.00	856.64
1700.00	800.46
1701.00	861.32
1702.00	826.21
1703.00	671.73
1704.00	856.64
1705.00	800.46
1706.00	774.72
1707.00	758.33
1708.00	805.14
1709.00	725.57
1710.00	802.80
1711.00	837.91
1712.00	922.17
1713.00	943.24
1714.00	1418.36
1715.00	3520.17
1716.00	6408.39
1717.00	8224.64
1718.00	7358.64
1719.00	5537.71
1720.00	4079.55
1721.00	3218.24
1722.00	2396.71
1723.00	1603.27
1724.00	1238.14
1725.00	933.87
1726.00	823.87
1727.00	844.93
1728.00	861.32
1729.00	774.72
1730.00	767.70
1731.00	746.63
1732.00	781.74
1733.00	786.42
1734.00	795.78
1735.00	767.70
1736.00	763.01
1737.00	823.87
1738.00	842.59
1739.00	727.91
1740.00	767.70
1741.00	812.17
1742.00	741.95
1743.00	770.04
1744.00	746.63
1745.00	798.12
1746.00	784.08
1747.00	800.46
1748.00	809.83
1749.00	835.57
1750.00	730.25
1751.00	746.63
1752.00	809.83
1753.00	734.93
1754.00	737.27
1755.00	823.87
1756.00	777.06
1757.00	814.51
1758.00	748.97
1759.00	791.10
1760.00	765.36
1761.00	828.55
1762.00	793.44
1763.00	807.48
1764.00	875.36
1765.00	851.96
1766.00	873.02
1767.00	901.11
1768.00	950.26
1769.00	1004.09
1770.00	2001.16
1771.00	6094.76
1772.00	11283.72
1773.00	14649.41
1774.00	12442.29
1775.00	9348.10
1776.00	6925.65
1777.00	4922.15
1778.00	3122.27
1779.00	2064.35
1780.00	1469.86
1781.00	1086.01
1782.00	980.68
1783.00	943.24
1784.00	863.66
1785.00	854.30
1786.00	737.27
1787.00	849.61
1788.00	779.40
1789.00	887.06
1790.00	741.95
1791.00	802.80
1792.00	800.46
1793.00	840.25
1794.00	854.30
1795.00	877.70
1796.00	833.23
1797.00	1135.16
1798.00	2387.35
1799.00	5362.17
1800.00	8362.73
1801.00	9280.22
1802.00	7227.57
1803.00	5628.99
1804.00	4011.68
1805.00	2635.44
1806.00	1872.43
1807.00	1291.98
1808.00	1078.99
1809.00	976.00
1810.00	823.87
1811.00	793.44
1812.00	777.06
1813.00	863.66
1814.00	753.65
1815.00	793.44
1816.00	755.99
1817.00	760.67
1818.00	777.06
1819.00	755.99
1820.00	772.38
1821.00	793.44
1822.00	826.21
1823.00	746.63
1824.00	741.95
1825.00	887.06
1826.00	816.85
1827.00	915.15
1828.00	851.96
1829.00	837.91
1830.00	821.53
1831.00	828.55
1832.00	772.38
1833.00	767.70
1834.00	720.88
1835.00	774.72
1836.00	732.59
1837.00	816.85
1838.00	812.17
1839.00	779.40
1840.00	753.65
1841.00	763.01
1842.00	765.36
1843.00	786.42
1844.00	786.42
1845.00	748.97
1846.00	805.14
1847.00	641.31
1848.00	788.76
1849.00	760.67
1850.00	791.10
1851.00	847.27
1852.00	819.19
1853.00	814.51
1854.00	734.93
1855.00	758.33
1856.00	697.48
1857.00	760.67
1858.00	793.44
1859.00	706.84
1860.00	751.31
1861.00	800.46
1862.00	793.44
1863.00	720.88
1864.00	791.10
1865.00	695.14
1866.00	737.27
1867.00	720.88
1868.00	730.25
1869.00	791.10
1870.00	676.41
1871.00	770.04
1872.00	704.50
1873.00	788.76
1874.00	758.33
1875.00	709.18
1876.00	746.63
1877.00	765.36
1878.00	791.10
1879.00	746.63
1880.00	737.27
1881.00	744.29
1882.00	781.74
1883.00	751.31
1884.00	758.33
1885.00	753.65
1886.00	732.59
1887.00	744.29
1888.00	770.04
1889.00	739.61
1890.00	767.70
1891.00	812.17
1892.00	781.74
1893.00	828.55
1894.00	800.46
1895.00	711.52
1896.00	723.23
1897.00	791.10
1898.00	690.46
1899.00	753.65
1900.00	720.88
1901.00	779.40
1902.00	734.93
1903.00	758.33
1904.00	725.57
1905.00	755.99
1906.00	786.42
1907.00	730.25
1908.00	730.25
1909.00	770.04
1910.00	765.36
1911.00	802.80
1912.00	835.57
1913.00	798.12
1914.00	875.36
1915.00	830.89
1916.00	814.51
1917.00	781.74
1918.00	702.16
1919.00	823.87
1920.00	730.25
1921.00	800.46
1922.00	767.70
1923.00	828.55
1924.00	779.40
1925.00	772.38
1926.00	727.91
1927.00	695.14
1928.00	795.78
1929.00	772.38
1930.00	755.99
1931.00	779.40
1932.00	732.59
1933.00	727.91
1934.00	706.84
1935.00	695.14
1936.00	767.70
1937.00	784.08
1938.00	709.18
1939.00	819.19
1940.00	748.97
1941.00	770.04
1942.00	774.72
1943.00	767.70
1944.00	758.33
1945.00	727.91
1946.00	819.19
1947.00	821.53
1948.00	807.48
1949.00	774.72
1950.00	760.67
1951.00	791.10
1952.00	1043.88
1953.00	2225.85
1954.00	4652.98
1955.00	7311.83
1956.00	7957.82
1957.00	5631.33
1958.00	3772.94
1959.00	2424.80
1960.00	1720.29
1961.00	1184.31
1962.00	1036.86
1963.00	908.13
1964.00	926.85
1965.00	833.23
1966.00	779.40
1967.00	784.08
1968.00	807.48
1969.00	802.80
1970.00	770.04
1971.00	786.42
1972.00	765.36
1973.00	805.14
1974.00	805.14
1975.00	751.31
1976.00	833.23
1977.00	784.08
1978.00	828.55
1979.00	758.33
1980.00	866.00
1981.00	957.28
1982.00	1217.08
1983.00	1217.08
1984.00	1025.15
1985.00	945.58
1986.00	777.06
1987.00	866.00
1988.00	821.53
1989.00	746.63
1990.00	753.65
1991.00	727.91
1992.00	770.04
1993.00	704.50
1994.00	772.38
1995.00	674.07
1996.00	746.63
1997.00	765.36
1998.00	772.38
1999.00	821.53
2000.00	772.38
2001.00	849.61
2002.00	748.97
2003.00	821.53
2004.00	737.27
2005.00	699.82
2006.00	702.16
2007.00	690.46
2008.00	753.65
2009.00	734.93
2010.00	706.84
2011.00	774.72
2012.00	791.10
2013.00	753.65
2014.00	802.80
2015.00	739.61
2016.00	753.65
2017.00	816.85
2018.00	755.99
2019.00	814.51
2020.00	791.10
2021.00	774.72
2022.00	784.08
2023.00	781.74
2024.00	851.96
2025.00	1027.50
2026.00	1142.18
2027.00	1198.35
2028.00	1186.65
2029.00	1184.31
2030.00	2436.50
2031.00	6452.86
2032.00	12161.42
2033.00	15985.86
2034.00	14410.68
2035.00	9483.85
2036.00	6300.72
2037.00	4042.11
2038.00	2495.01
2039.00	1687.53
2040.00	1324.74
2041.00	1018.13
2042.00	931.53
2043.00	912.81
2044.00	863.66
2045.00	805.14
2046.00	833.23
2047.00	763.01
