0.00	699.82
1.00	699.82
2.00	699.82
3.00	533.64
4.00	559.39
5.00	599.18
6.00	566.41
7.00	624.92
8.00	575.77
9.00	566.41
10.00	514.92
11.00	627.26
12.00	573.43
13.00	528.96
14.00	557.05
15.00	561.73
16.00	582.79
17.00	550.03
18.00	610.88
19.00	557.05
20.00	634.29
21.00	620.24
22.00	620.24
23.00	638.97
24.00	592.16
25.00	631.94
26.00	688.12
27.00	711.52
28.00	695.14
29.00	725.57
30.00	723.23
31.00	741.95
32.00	716.20
33.00	732.59
34.00	688.12
35.00	795.78
36.00	695.14
37.00	781.74
38.00	791.10
39.00	648.33
40.00	770.04
41.00	763.01
42.00	727.91
43.00	791.10
44.00	781.74
45.00	755.99
46.00	755.99
47.00	760.67
48.00	725.57
49.00	706.84
50.00	723.23
51.00	725.57
52.00	746.63
53.00	716.20
54.00	767.70
55.00	704.50
56.00	674.07
57.00	690.46
58.00	774.72
59.00	730.25
60.00	765.36
61.00	753.65
62.00	746.63
63.00	786.42
64.00	774.72
65.00	704.50
66.00	704.50
67.00	763.01
68.00	706.84
69.00	695.14
70.00	692.80
71.00	760.67
72.00	802.80
73.00	727.91
74.00	713.86
75.00	718.54
76.00	690.46
77.00	674.07
78.00	706.84
79.00	800.46
80.00	739.61
81.00	706.84
82.00	702.16
83.00	739.61
84.00	699.82
85.00	777.06
86.00	669.39
87.00	704.50
88.00	720.88
89.00	671.73
90.00	683.44
91.00	784.08
92.00	744.29
93.00	681.10
94.00	737.27
95.00	751.31
96.00	695.14
97.00	788.76
98.00	725.57
99.00	730.25
100.00	688.12
101.00	699.82
102.00	709.18
103.00	706.84
104.00	648.33
105.00	751.31
106.00	667.05
107.00	692.80
108.00	777.06
109.00	770.04
110.00	744.29
111.00	781.74
112.00	706.84
113.00	699.82
114.00	720.88
115.00	657.69
116.00	765.36
117.00	732.59
118.00	643.65
119.00	723.23
120.00	720.88
121.00	725.57
122.00	739.61
123.00	739.61
124.00	763.01
125.00	805.14
126.00	737.27
127.00	699.82
128.00	727.91
129.00	641.31
130.00	751.31
131.00	765.36
132.00	730.25
133.00	770.04
134.00	723.23
135.00	765.36
136.00	730.25
137.00	716.20
138.00	774.72
139.00	664.71
140.00	648.33
141.00	692.80
142.00	709.18
143.00	793.44
144.00	718.54
145.00	770.04
146.00	779.40
147.00	720.88
148.00	716.20
149.00	770.04
150.00	770.04
151.00	720.88
152.00	770.04
153.00	786.42
154.00	767.70
155.00	784.08
156.00	697.48
157.00	770.04
158.00	692.80
159.00	739.61
160.00	774.72
161.00	788.76
162.00	772.38
163.00	741.95
164.00	657.69
165.00	730.25
166.00	655.35
167.00	746.63
168.00	741.95
169.00	720.88
170.00	690.46
171.00	741.95
172.00	676.41
173.00	681.10
174.00	791.10
175.00	734.93
176.00	755.99
177.00	671.73
178.00	760.67
179.00	786.42
180.00	739.61
181.00	767.70
182.00	812.17
183.00	681.10
184.00	725.57
185.00	683.44
186.00	711.52
187.00	744.29
188.00	791.10
189.00	709.18
190.00	655.35
191.00	667.05
192.00	718.54
193.00	631.94
194.00	692.80
195.00	760.67
196.00	727.91
197.00	753.65
198.00	739.61
199.00	746.63
200.00	702.16
201.00	793.44
202.00	753.65
203.00	746.63
204.00	760.67
205.00	751.31
206.00	746.63
207.00	734.93
208.00	641.31
209.00	784.08
210.00	791.10
211.00	734.93
212.00	779.40
213.00	702.16
214.00	758.33
215.00	709.18
216.00	746.63
217.00	727.91
218.00	725.57
219.00	709.18
220.00	727.91
221.00	758.33
222.00	711.52
223.00	723.23
224.00	758.33
225.00	763.01
226.00	709.18
227.00	671.73
228.00	683.44
229.00	713.86
230.00	695.14
231.00	767.70
232.00	643.65
233.00	704.50
234.00	709.18
235.00	833.23
236.00	772.38
237.00	730.25
238.00	760.67
239.00	805.14
240.00	716.20
241.00	732.59
242.00	725.57
243.00	854.30
244.00	725.57
245.00	758.33
246.00	695.14
247.00	716.20
248.00	774.72
249.00	695.14
250.00	716.20
251.00	788.76
252.00	709.18
253.00	727.91
254.00	741.95
255.00	739.61
256.00	772.38
257.00	746.63
258.00	807.48
259.00	809.83
260.00	730.25
261.00	751.31
262.00	685.78
263.00	753.65
264.00	760.67
265.00	678.76
266.00	772.38
267.00	791.10
268.00	786.42
269.00	772.38
270.00	760.67
271.00	805.14
272.00	777.06
273.00	819.19
274.00	725.57
275.00	763.01
276.00	786.42
277.00	802.80
278.00	690.46
279.00	781.74
280.00	753.65
281.00	784.08
282.00	718.54
283.00	763.01
284.00	746.63
285.00	709.18
286.00	706.84
287.00	704.50
288.00	746.63
289.00	716.20
290.00	753.65
291.00	671.73
292.00	690.46
293.00	828.55
294.00	692.80
295.00	702.16
296.00	755.99
297.00	725.57
298.00	805.14
299.00	685.78
300.00	781.74
301.00	699.82
302.00	676.41
303.00	737.27
304.00	746.63
305.00	751.31
306.00	727.91
307.00	720.88
308.00	774.72
309.00	777.06
310.00	807.48
311.00	847.27
312.00	887.06
313.00	828.55
314.00	725.57
315.00	751.31
316.00	802.80
317.00	748.97
318.00	716.20
319.00	713.86
320.00	699.82
321.00	692.80
322.00	678.76
323.00	753.65
324.00	746.63
325.00	737.27
326.00	760.67
327.00	763.01
328.00	760.67
329.00	795.78
330.00	727.91
331.00	763.01
332.00	774.72
333.00	809.83
334.00	779.40
335.00	772.38
336.00	767.70
337.00	739.61
338.00	716.20
339.00	718.54
340.00	784.08
341.00	697.48
342.00	697.48
343.00	681.10
344.00	716.20
345.00	774.72
346.00	774.72
347.00	755.99
348.00	840.25
349.00	877.70
350.00	837.91
351.00	772.38
352.00	875.36
353.00	784.08
354.00	830.89
355.00	805.14
356.00	793.44
357.00	828.55
358.00	760.67
359.00	753.65
360.00	770.04
361.00	788.76
362.00	760.67
363.00	706.84
364.00	713.86
365.00	744.29
366.00	774.72
367.00	685.78
368.00	748.97
369.00	734.93
370.00	777.06
371.00	767.70
372.00	746.63
373.00	795.78
374.00	805.14
375.00	709.18
376.00	727.91
377.00	737.27
378.00	695.14
379.00	760.67
380.00	748.97
381.00	732.59
382.00	711.52
383.00	763.01
384.00	760.67
385.00	734.93
386.00	760.67
387.00	713.86
388.00	774.72
389.00	746.63
390.00	800.46
391.00	779.40
392.00	716.20
393.00	718.54
394.00	725.57
395.00	739.61
396.00	835.57
397.00	774.72
398.00	739.61
399.00	713.86
400.00	758.33
401.00	755.99
402.00	713.86
403.00	755.99
404.00	755.99
405.00	755.99
406.00	713.86
407.00	781.74
408.00	755.99
409.00	763.01
410.00	751.31
411.00	765.36
412.00	744.29
413.00	795.78
414.00	678.76
415.00	772.38
416.00	709.18
417.00	732.59
418.00	704.50
419.00	730.25
420.00	767.70
421.00	774.72
422.00	699.82
423.00	690.46
424.00	746.63
425.00	730.25
426.00	786.42
427.00	720.88
428.00	770.04
429.00	730.25
430.00	678.76
431.00	739.61
432.00	755.99
433.00	727.91
434.00	755.99
435.00	774.72
436.00	765.36
437.00	795.78
438.00	809.83
439.00	713.86
440.00	692.80
441.00	758.33
442.00	802.80
443.00	828.55
444.00	690.46
445.00	725.57
446.00	748.97
447.00	713.86
448.00	685.78
449.00	723.23
450.00	676.41
451.00	727.91
452.00	727.91
453.00	725.57
454.00	777.06
455.00	706.84
456.00	795.78
457.00	779.40
458.00	741.95
459.00	685.78
460.00	702.16
461.00	718.54
462.00	692.80
463.00	772.38
464.00	713.86
465.00	732.59
466.00	798.12
467.00	739.61
468.00	688.12
469.00	765.36
470.00	727.91
471.00	765.36
472.00	739.61
473.00	734.93
474.00	734.93
475.00	734.93
476.00	737.27
477.00	777.06
478.00	713.86
479.00	753.65
480.00	704.50
481.00	748.97
482.00	709.18
483.00	667.05
484.00	695.14
485.00	755.99
486.00	739.61
487.00	753.65
488.00	746.63
489.00	784.08
490.00	727.91
491.00	697.48
492.00	725.57
493.00	781.74
494.00	690.46
495.00	758.33
496.00	678.76
497.00	718.54
498.00	664.71
499.00	763.01
500.00	753.65
501.00	781.74
502.00	695.14
503.00	734.93
504.00	741.95
505.00	741.95
506.00	725.57
507.00	870.68
508.00	709.18
509.00	704.50
510.00	739.61
511.00	746.63
512.00	720.88
513.00	791.10
514.00	737.27
515.00	795.78
516.00	786.42
517.00	744.29
518.00	765.36
519.00	699.82
520.00	697.48
521.00	770.04
522.00	786.42
523.00	734.93
524.00	716.20
525.00	702.16
526.00	758.33
527.00	641.31
528.00	690.46
529.00	688.12
530.00	716.20
531.00	711.52
532.00	779.40
533.00	748.97
534.00	770.04
535.00	805.14
536.00	767.70
537.00	781.74
538.00	800.46
539.00	777.06
540.00	784.08
541.00	748.97
542.00	746.63
543.00	699.82
544.00	753.65
545.00	720.88
546.00	723.23
547.00	704.50
548.00	784.08
549.00	763.01
550.00	748.97
551.00	793.44
552.00	786.42
553.00	732.59
554.00	737.27
555.00	723.23
556.00	798.12
557.00	763.01
558.00	709.18
559.00	671.73
560.00	697.48
561.00	791.10
562.00	753.65
563.00	741.95
564.00	763.01
565.00	765.36
566.00	748.97
567.00	807.48
568.00	760.67
569.00	777.06
570.00	690.46
571.00	800.46
572.00	744.29
573.00	763.01
574.00	770.04
575.00	816.85
576.00	772.38
577.00	805.14
578.00	676.41
579.00	725.57
580.00	753.65
581.00	763.01
582.00	730.25
583.00	638.97
584.00	709.18
585.00	744.29
586.00	880.04
587.00	744.29
588.00	711.52
589.00	770.04
590.00	741.95
591.00	685.78
592.00	723.23
593.00	819.19
594.00	716.20
595.00	760.67
596.00	734.93
597.00	744.29
598.00	767.70
599.00	734.93
600.00	748.97
601.00	741.95
602.00	720.88
603.00	620.24
604.00	713.86
605.00	692.80
606.00	744.29
607.00	809.83
608.00	751.31
609.00	812.17
610.00	765.36
611.00	709.18
612.00	727.91
613.00	765.36
614.00	791.10
615.00	760.67
616.00	737.27
617.00	725.57
618.00	753.65
619.00	765.36
620.00	774.72
621.00	706.84
622.00	807.48
623.00	770.04
624.00	718.54
625.00	713.86
626.00	758.33
627.00	732.59
628.00	784.08
629.00	772.38
630.00	741.95
631.00	697.48
632.00	709.18
633.00	751.31
634.00	709.18
635.00	758.33
636.00	678.76
637.00	751.31
638.00	709.18
639.00	695.14
640.00	734.93
641.00	772.38
642.00	805.14
643.00	695.14
644.00	725.57
645.00	718.54
646.00	697.48
647.00	772.38
648.00	709.18
649.00	753.65
650.00	772.38
651.00	800.46
652.00	704.50
653.00	760.67
654.00	770.04
655.00	739.61
656.00	671.73
657.00	751.31
658.00	748.97
659.00	746.63
660.00	767.70
661.00	786.42
662.00	763.01
663.00	821.53
664.00	734.93
665.00	753.65
666.00	758.33
667.00	772.38
668.00	779.40
669.00	770.04
670.00	718.54
671.00	788.76
672.00	718.54
673.00	755.99
674.00	683.44
675.00	713.86
676.00	760.67
677.00	753.65
678.00	758.33
679.00	788.76
680.00	744.29
681.00	777.06
682.00	791.10
683.00	758.33
684.00	758.33
685.00	755.99
686.00	765.36
687.00	737.27
688.00	713.86
689.00	760.67
690.00	688.12
691.00	795.78
692.00	851.96
693.00	791.10
694.00	688.12
695.00	772.38
696.00	800.46
697.00	835.57
698.00	788.76
699.00	791.10
700.00	765.36
701.00	793.44
702.00	816.85
703.00	777.06
704.00	791.10
705.00	779.40
706.00	760.67
707.00	819.19
708.00	765.36
709.00	763.01
710.00	755.99
711.00	758.33
712.00	774.72
713.00	753.65
714.00	683.44
715.00	730.25
716.00	755.99
717.00	734.93
718.00	732.59
719.00	753.65
720.00	720.88
721.00	730.25
722.00	744.29
723.00	767.70
724.00	774.72
725.00	697.48
726.00	795.78
727.00	763.01
728.00	748.97
729.00	739.61
730.00	791.10
731.00	814.51
732.00	774.72
733.00	695.14
734.00	741.95
735.00	748.97
736.00	774.72
737.00	753.65
738.00	877.70
739.00	774.72
740.00	770.04
741.00	667.05
742.00	718.54
743.00	690.46
744.00	784.08
745.00	753.65
746.00	828.55
747.00	798.12
748.00	840.25
749.00	828.55
750.00	746.63
751.00	739.61
752.00	755.99
753.00	758.33
754.00	760.67
755.00	763.01
756.00	772.38
757.00	697.48
758.00	753.65
759.00	741.95
760.00	791.10
761.00	770.04
762.00	767.70
763.00	739.61
764.00	758.33
765.00	826.21
766.00	727.91
767.00	741.95
768.00	807.48
769.00	755.99
770.00	746.63
771.00	798.12
772.00	840.25
773.00	807.48
774.00	830.89
775.00	737.27
776.00	788.76
777.00	727.91
778.00	786.42
779.00	816.85
780.00	727.91
781.00	720.88
782.00	786.42
783.00	863.66
784.00	835.57
785.00	772.38
786.00	791.10
787.00	748.97
788.00	739.61
789.00	744.29
790.00	760.67
791.00	723.23
792.00	711.52
793.00	760.67
794.00	777.06
795.00	758.33
796.00	706.84
797.00	732.59
798.00	725.57
799.00	795.78
800.00	713.86
801.00	758.33
802.00	760.67
803.00	791.10
804.00	770.04
805.00	807.48
806.00	727.91
807.00	795.78
808.00	791.10
809.00	835.57
810.00	772.38
811.00	858.98
812.00	772.38
813.00	739.61
814.00	781.74
815.00	748.97
816.00	760.67
817.00	685.78
818.00	763.01
819.00	791.10
820.00	786.42
821.00	763.01
822.00	746.63
823.00	730.25
824.00	786.42
825.00	772.38
826.00	784.08
827.00	809.83
828.00	758.33
829.00	746.63
830.00	781.74
831.00	812.17
832.00	753.65
833.00	706.84
834.00	744.29
835.00	746.63
836.00	791.10
837.00	800.46
838.00	774.72
839.00	744.29
840.00	774.72
841.00	758.33
842.00	772.38
843.00	739.61
844.00	751.31
845.00	788.76
846.00	760.67
847.00	697.48
848.00	746.63
849.00	695.14
850.00	786.42
851.00	798.12
852.00	746.63
853.00	751.31
854.00	744.29
855.00	755.99
856.00	774.72
857.00	753.65
858.00	739.61
859.00	723.23
860.00	746.63
861.00	767.70
862.00	746.63
863.00	788.76
864.00	772.38
865.00	875.36
866.00	805.14
867.00	791.10
868.00	730.25
869.00	713.86
870.00	760.67
871.00	711.52
872.00	713.86
873.00	774.72
874.00	819.19
875.00	739.61
876.00	685.78
877.00	744.29
878.00	716.20
879.00	737.27
880.00	718.54
881.00	788.76
882.00	805.14
883.00	725.57
884.00	725.57
885.00	718.54
886.00	727.91
887.00	802.80
888.00	812.17
889.00	727.91
890.00	741.95
891.00	770.04
892.00	753.65
893.00	727.91
894.00	774.72
895.00	812.17
896.00	793.44
897.00	732.59
898.00	816.85
899.00	692.80
900.00	732.59
901.00	755.99
902.00	751.31
903.00	779.40
904.00	819.19
905.00	809.83
906.00	814.51
907.00	919.83
908.00	856.64
909.00	828.55
910.00	943.24
911.00	842.59
912.00	931.53
913.00	971.32
914.00	898.77
915.00	765.36
916.00	866.00
917.00	861.32
918.00	828.55
919.00	851.96
920.00	800.46
921.00	753.65
922.00	746.63
923.00	723.23
924.00	763.01
925.00	753.65
926.00	720.88
927.00	779.40
928.00	788.76
929.00	739.61
930.00	793.44
931.00	683.44
932.00	727.91
933.00	718.54
934.00	763.01
935.00	718.54
936.00	767.70
937.00	709.18
938.00	753.65
939.00	791.10
940.00	767.70
941.00	793.44
942.00	781.74
943.00	741.95
944.00	779.40
945.00	849.61
946.00	1174.95
947.00	1694.55
948.00	2223.51
949.00	1921.58
950.00	1589.22
951.00	1369.21
952.00	1226.44
953.00	1128.14
954.00	926.85
955.00	781.74
956.00	807.48
957.00	795.78
958.00	823.87
959.00	791.10
960.00	741.95
961.00	692.80
962.00	746.63
963.00	788.76
964.00	812.17
965.00	835.57
966.00	826.21
967.00	784.08
968.00	758.33
969.00	718.54
970.00	760.67
971.00	763.01
972.00	741.95
973.00	732.59
974.00	791.10
975.00	737.27
976.00	777.06
977.00	702.16
978.00	763.01
979.00	751.31
980.00	821.53
981.00	751.31
982.00	774.72
983.00	784.08
984.00	739.61
985.00	748.97
986.00	730.25
987.00	784.08
988.00	770.04
989.00	748.97
990.00	737.27
991.00	763.01
992.00	713.86
993.00	760.67
994.00	784.08
995.00	805.14
996.00	741.95
997.00	723.23
998.00	725.57
999.00	709.18
1000.00	725.57
1001.00	697.48
1002.00	734.93
1003.00	704.50
1004.00	767.70
1005.00	807.48
1006.00	748.97
1007.00	814.51
1008.00	702.16
1009.00	709.18
1010.00	823.87
1011.00	739.61
1012.00	767.70
1013.00	786.42
1014.00	725.57
1015.00	727.91
1016.00	777.06
1017.00	709.18
1018.00	713.86
1019.00	767.70
1020.00	767.70
1021.00	676.41
1022.00	788.76
1023.00	763.01
1024.00	781.74
1025.00	744.29
1026.00	702.16
1027.00	671.73
1028.00	758.33
1029.00	748.97
1030.00	779.40
1031.00	737.27
1032.00	793.44
1033.00	812.17
1034.00	819.19
1035.00	781.74
1036.00	814.51
1037.00	753.65
1038.00	763.01
1039.00	739.61
1040.00	723.23
1041.00	802.80
1042.00	706.84
1043.00	760.67
1044.00	802.80
1045.00	858.98
1046.00	952.60
1047.00	816.85
1048.00	748.97
1049.00	755.99
1050.00	758.33
1051.00	734.93
1052.00	758.33
1053.00	669.39
1054.00	746.63
1055.00	727.91
1056.00	748.97
1057.00	758.33
1058.00	746.63
1059.00	730.25
1060.00	793.44
1061.00	767.70
1062.00	725.57
1063.00	720.88
1064.00	732.59
1065.00	854.30
1066.00	851.96
1067.00	753.65
1068.00	779.40
1069.00	760.67
1070.00	711.52
1071.00	727.91
1072.00	784.08
1073.00	819.19
1074.00	746.63
1075.00	713.86
1076.00	741.95
1077.00	805.14
1078.00	725.57
1079.00	732.59
1080.00	720.88
1081.00	781.74
1082.00	751.31
1083.00	720.88
1084.00	758.33
1085.00	737.27
1086.00	798.12
1087.00	744.29
1088.00	744.29
1089.00	725.57
1090.00	753.65
1091.00	739.61
1092.00	748.97
1093.00	751.31
1094.00	753.65
1095.00	784.08
1096.00	777.06
1097.00	737.27
1098.00	800.46
1099.00	781.74
1100.00	835.57
1101.00	791.10
1102.00	889.40
1103.00	793.44
1104.00	802.80
1105.00	779.40
1106.00	814.51
1107.00	805.14
1108.00	835.57
1109.00	807.48
1110.00	739.61
1111.00	716.20
1112.00	774.72
1113.00	781.74
1114.00	812.17
1115.00	837.91
1116.00	781.74
1117.00	791.10
1118.00	772.38
1119.00	746.63
1120.00	716.20
1121.00	791.10
1122.00	779.40
1123.00	751.31
1124.00	746.63
1125.00	777.06
1126.00	784.08
1127.00	791.10
1128.00	800.46
1129.00	755.99
1130.00	760.67
1131.00	816.85
1132.00	788.76
1133.00	767.70
1134.00	763.01
1135.00	713.86
1136.00	758.33
1137.00	753.65
1138.00	840.25
1139.00	725.57
1140.00	835.57
1141.00	777.06
1142.00	774.72
1143.00	830.89
1144.00	814.51
1145.00	753.65
1146.00	709.18
1147.00	739.61
1148.00	835.57
1149.00	765.36
1150.00	807.48
1151.00	777.06
1152.00	772.38
1153.00	765.36
1154.00	847.27
1155.00	765.36
1156.00	772.38
1157.00	816.85
1158.00	908.13
1159.00	905.79
1160.00	858.98
1161.00	791.10
1162.00	887.06
1163.00	884.72
1164.00	835.57
1165.00	819.19
1166.00	875.36
1167.00	1071.97
1168.00	1207.72
1169.00	1263.89
1170.00	1137.50
1171.00	1067.28
1172.00	992.39
1173.00	1057.92
1174.00	964.30
1175.00	924.51
1176.00	858.98
1177.00	784.08
1178.00	842.59
1179.00	821.53
1180.00	774.72
1181.00	819.19
1182.00	805.14
1183.00	826.21
1184.00	901.11
1185.00	891.74
1186.00	870.68
1187.00	833.23
1188.00	870.68
1189.00	889.40
1190.00	844.93
1191.00	961.96
1192.00	884.72
1193.00	983.02
1194.00	896.43
1195.00	873.02
1196.00	868.34
1197.00	891.74
1198.00	882.38
1199.00	882.38
1200.00	959.62
1201.00	1055.58
1202.00	1125.80
1203.00	1280.27
1204.00	1205.38
1205.00	1074.31
1206.00	1081.33
1207.00	1020.47
1208.00	1107.07
1209.00	1039.20
1210.00	990.05
1211.00	1032.18
1212.00	1074.31
1213.00	1128.14
1214.00	1064.94
1215.00	1240.48
1216.00	1320.06
1217.00	1385.60
1218.00	1631.35
1219.00	1977.75
1220.00	3665.28
1221.00	20594.37
1222.00	56172.86
1223.00	65535.00
1224.00	65535.00
1225.00	60516.89
1226.00	49078.69
1227.00	37647.52
1228.00	30548.67
1229.00	21949.54
1230.00	10265.59
1231.00	4322.97
1232.00	2321.81
1233.00	1624.33
1234.00	1495.60
1235.00	1474.54
1236.00	1277.93
1237.00	1263.89
1238.00	1214.74
1239.00	1584.54
1240.00	3562.30
1241.00	6544.14
1242.00	7903.99
1243.00	6438.81
1244.00	4978.32
1245.00	3684.00
1246.00	3077.80
1247.00	2623.74
1248.00	1832.64
1249.00	1282.61
1250.00	1029.84
1251.00	898.77
1252.00	954.94
1253.00	1020.47
1254.00	1011.11
1255.00	1097.71
1256.00	1095.37
1257.00	987.71
1258.00	1029.84
1259.00	919.83
1260.00	936.21
1261.00	910.47
1262.00	985.37
1263.00	1001.75
1264.00	938.55
1265.00	880.04
1266.00	922.17
1267.00	919.83
1268.00	840.25
1269.00	802.80
1270.00	870.68
1271.00	877.70
1272.00	950.26
1273.00	823.87
1274.00	816.85
1275.00	847.27
1276.00	943.24
1277.00	978.34
1278.00	992.39
1279.00	2499.69
1280.00	6808.62
1281.00	12287.81
1282.00	13757.67
1283.00	10438.79
1284.00	7801.01
1285.00	5715.59
1286.00	4774.69
1287.00	3819.75
1288.00	2487.99
1289.00	1345.81
1290.00	1032.18
1291.00	936.21
1292.00	933.87
1293.00	940.90
1294.00	952.60
1295.00	912.81
1296.00	868.34
1297.00	929.19
1298.00	966.64
1299.00	1586.88
1300.00	2818.00
1301.00	3630.17
1302.00	3335.26
1303.00	2670.55
1304.00	2083.08
1305.00	1753.06
1306.00	1575.18
1307.00	1341.13
1308.00	1053.24
1309.00	1004.09
1310.00	980.68
1311.00	858.98
1312.00	866.00
1313.00	863.66
1314.00	861.32
1315.00	880.04
1316.00	828.55
1317.00	800.46
1318.00	830.89
1319.00	777.06
1320.00	758.33
1321.00	791.10
1322.00	800.46
1323.00	763.01
1324.00	781.74
1325.00	809.83
1326.00	814.51
1327.00	847.27
1328.00	781.74
1329.00	816.85
1330.00	772.38
1331.00	870.68
1332.00	861.32
1333.00	1004.09
1334.00	1818.60
1335.00	3152.70
1336.00	3920.40
1337.00	3494.42
1338.00	2759.49
1339.00	2157.97
1340.00	1830.30
1341.00	1654.76
1342.00	1320.06
1343.00	1090.69
1344.00	870.68
1345.00	833.23
1346.00	795.78
1347.00	866.00
1348.00	828.55
1349.00	903.45
1350.00	903.45
1351.00	805.14
1352.00	812.17
1353.00	802.80
1354.00	889.40
1355.00	870.68
1356.00	929.19
1357.00	837.91
1358.00	931.53
1359.00	910.47
1360.00	1029.84
1361.00	1069.62
1362.00	2546.50
1363.00	6546.48
1364.00	10590.92
1365.00	11438.20
1366.00	8917.44
1367.00	6422.43
1368.00	4802.78
1369.00	4135.73
1370.00	3183.13
1371.00	1940.30
1372.00	1359.85
1373.00	1116.44
1374.00	1125.80
1375.00	1184.31
1376.00	3295.47
1377.00	9816.21
1378.00	18029.15
1379.00	20608.42
1380.00	15674.57
1381.00	11377.34
1382.00	8219.96
1383.00	6773.51
1384.00	5149.18
1385.00	3159.72
1386.00	1673.48
1387.00	1196.01
1388.00	966.64
1389.00	943.24
1390.00	1015.79
1391.00	887.06
1392.00	880.04
1393.00	912.81
1394.00	849.61
1395.00	915.15
1396.00	919.83
1397.00	947.92
1398.00	1095.37
1399.00	1331.76
1400.00	1334.11
1401.00	1231.12
1402.00	1231.12
1403.00	1151.54
1404.00	1184.31
1405.00	1313.04
1406.00	2099.46
1407.00	9303.63
1408.00	23349.18
1409.00	33811.38
1410.00	29968.22
1411.00	21539.95
1412.00	15070.71
1413.00	11309.47
1414.00	9156.18
1415.00	6045.60
1416.00	3164.40
1417.00	1680.50
1418.00	1256.87
1419.00	1198.35
1420.00	2132.23
1421.00	4966.62
1422.00	7988.25
1423.00	8711.47
1424.00	6860.11
1425.00	4873.00
1426.00	3721.45
1427.00	3176.11
1428.00	2558.21
1429.00	1694.55
1430.00	1174.95
1431.00	980.68
1432.00	964.30
1433.00	926.85
1434.00	866.00
1435.00	896.43
1436.00	901.11
1437.00	856.64
1438.00	842.59
1439.00	866.00
1440.00	821.53
1441.00	788.76
1442.00	868.34
1443.00	875.36
1444.00	784.08
1445.00	816.85
1446.00	800.46
1447.00	781.74
1448.00	868.34
1449.00	873.02
1450.00	781.74
1451.00	819.19
1452.00	814.51
1453.00	894.08
1454.00	940.90
1455.00	1306.02
1456.00	2846.09
1457.00	4671.71
1458.00	5556.43
1459.00	4617.88
1460.00	3379.73
1461.00	2609.70
1462.00	2165.00
1463.00	1877.11
1464.00	1369.21
1465.00	1104.73
1466.00	861.32
1467.00	830.89
1468.00	887.06
1469.00	770.04
1470.00	877.70
1471.00	835.57
1472.00	784.08
1473.00	781.74
1474.00	781.74
1475.00	821.53
1476.00	748.97
1477.00	823.87
1478.00	882.38
1479.00	798.12
1480.00	910.47
1481.00	816.85
1482.00	849.61
1483.00	830.89
1484.00	842.59
1485.00	901.11
1486.00	968.98
1487.00	1238.14
1488.00	3934.44
1489.00	10546.45
1490.00	17090.59
1491.00	16940.80
1492.00	12465.69
1493.00	8940.85
1494.00	6604.99
1495.00	5352.81
1496.00	3808.05
1497.00	2155.63
1498.00	1364.53
1499.00	1046.22
1500.00	882.38
1501.00	896.43
1502.00	908.13
1503.00	800.46
1504.00	786.42
1505.00	777.06
1506.00	866.00
1507.00	826.21
1508.00	851.96
1509.00	875.36
1510.00	835.57
1511.00	837.91
1512.00	779.40
1513.00	1102.39
1514.00	2284.36
1515.00	4102.96
1516.00	5102.37
1517.00	4175.52
1518.00	3199.51
1519.00	2490.33
1520.00	2015.20
1521.00	1764.76
1522.00	1371.55
1523.00	1088.35
1524.00	936.21
1525.00	840.25
1526.00	835.57
1527.00	945.58
1528.00	861.32
1529.00	908.13
1530.00	910.47
1531.00	976.00
1532.00	1088.35
1533.00	2232.87
1534.00	6010.50
1535.00	10712.63
1536.00	12325.26
1537.00	9795.14
1538.00	6724.36
1539.00	5163.22
1540.00	4248.07
1541.00	3309.52
1542.00	2155.63
1543.00	1320.06
1544.00	1043.88
1545.00	971.32
1546.00	889.40
1547.00	919.83
1548.00	891.74
1549.00	837.91
1550.00	875.36
1551.00	840.25
1552.00	908.13
1553.00	833.23
1554.00	837.91
1555.00	781.74
1556.00	873.02
1557.00	854.30
1558.00	842.59
1559.00	910.47
1560.00	887.06
1561.00	910.47
1562.00	931.53
1563.00	992.39
1564.00	1020.47
1565.00	1336.45
1566.00	4865.97
1567.00	13329.35
1568.00	21764.64
1569.00	22146.15
1570.00	15852.45
1571.00	11641.82
1572.00	8397.84
1573.00	7000.54
1574.00	4748.95
1575.00	2715.02
1576.00	1664.12
1577.00	1352.83
1578.00	1912.22
1579.00	7082.46
1580.00	21284.83
1581.00	35049.52
1582.00	35952.97
1583.00	25813.77
1584.00	18024.47
1585.00	12940.82
1586.00	10389.64
1587.00	6956.07
1588.00	3669.96
1589.00	2062.01
1590.00	1282.61
1591.00	1111.75
1592.00	1032.18
1593.00	971.32
1594.00	940.90
1595.00	952.60
1596.00	877.70
1597.00	908.13
1598.00	835.57
1599.00	830.89
1600.00	844.93
1601.00	774.72
1602.00	786.42
1603.00	758.33
1604.00	765.36
1605.00	772.38
1606.00	784.08
1607.00	795.78
1608.00	826.21
1609.00	798.12
1610.00	760.67
1611.00	802.80
1612.00	814.51
1613.00	791.10
1614.00	821.53
1615.00	791.10
1616.00	788.76
1617.00	877.70
1618.00	770.04
1619.00	851.96
1620.00	814.51
1621.00	931.53
1622.00	718.54
1623.00	772.38
1624.00	760.67
1625.00	826.21
1626.00	781.74
1627.00	767.70
1628.00	851.96
1629.00	873.02
1630.00	821.53
1631.00	847.27
1632.00	795.78
1633.00	814.51
1634.00	802.80
1635.00	725.57
1636.00	758.33
1637.00	802.80
1638.00	833.23
1639.00	795.78
1640.00	755.99
1641.00	826.21
1642.00	828.55
1643.00	854.30
1644.00	777.06
1645.00	802.80
1646.00	763.01
1647.00	840.25
1648.00	866.00
1649.00	1083.67
1650.00	2867.16
1651.00	8788.71
1652.00	16133.31
1653.00	19201.76
1654.00	15073.05
1655.00	10881.15
1656.00	7775.26
1657.00	6171.99
1658.00	4552.34
1659.00	2637.78
1660.00	1582.20
1661.00	1156.22
1662.00	968.98
1663.00	926.85
1664.00	828.55
1665.00	912.81
1666.00	898.77
1667.00	908.13
1668.00	1254.53
1669.00	2974.82
1670.00	5439.40
1671.00	7042.67
1672.00	6045.60
1673.00	4580.43
1674.00	3407.82
1675.00	2759.49
1676.00	2242.23
1677.00	1465.18
1678.00	1153.88
1679.00	976.00
1680.00	882.38
1681.00	819.19
1682.00	784.08
1683.00	851.96
1684.00	795.78
1685.00	816.85
1686.00	861.32
1687.00	763.01
1688.00	751.31
1689.00	777.06
1690.00	774.72
1691.00	805.14
1692.00	826.21
1693.00	786.42
1694.00	791.10
1695.00	734.93
1696.00	807.48
1697.00	800.46
1698.00	798.12
1699.00	751.31
1700.00	823.87
1701.00	819.19
1702.00	798.12
1703.00	833.23
1704.00	851.96
1705.00	816.85
1706.00	814.51
1707.00	781.74
1708.00	772.38
1709.00	791.10
1710.00	870.68
1711.00	802.80
1712.00	833.23
1713.00	968.98
1714.00	1523.69
1715.00	3894.65
1716.00	7382.05
1717.00	9401.93
1718.00	8306.56
1719.00	6237.53
1720.00	4631.92
1721.00	3564.64
1722.00	2651.83
1723.00	1907.54
1724.00	1245.16
1725.00	978.34
1726.00	882.38
1727.00	833.23
1728.00	777.06
1729.00	772.38
1730.00	798.12
1731.00	833.23
1732.00	786.42
1733.00	779.40
1734.00	767.70
1735.00	866.00
1736.00	795.78
1737.00	767.70
1738.00	814.51
1739.00	777.06
1740.00	798.12
1741.00	830.89
1742.00	828.55
1743.00	734.93
1744.00	772.38
1745.00	744.29
1746.00	788.76
1747.00	711.52
1748.00	763.01
1749.00	791.10
1750.00	835.57
1751.00	798.12
1752.00	718.54
1753.00	791.10
1754.00	828.55
1755.00	844.93
1756.00	763.01
1757.00	816.85
1758.00	858.98
1759.00	784.08
1760.00	746.63
1761.00	814.51
1762.00	758.33
1763.00	847.27
1764.00	849.61
1765.00	849.61
1766.00	847.27
1767.00	849.61
1768.00	952.60
1769.00	1100.05
1770.00	2204.78
1771.00	6700.95
1772.00	13069.55
1773.00	16744.19
1774.00	14317.06
1775.00	10499.64
1776.00	7695.68
1777.00	5544.73
1778.00	3623.15
1779.00	2195.42
1780.00	1511.99
1781.00	1165.59
1782.00	978.34
1783.00	938.55
1784.00	861.32
1785.00	791.10
1786.00	821.53
1787.00	807.48
1788.00	798.12
1789.00	816.85
1790.00	833.23
1791.00	793.44
1792.00	816.85
1793.00	800.46
1794.00	821.53
1795.00	877.70
1796.00	814.51
1797.00	1090.69
1798.00	2485.65
1799.00	5863.04
1800.00	9540.02
1801.00	10628.37
1802.00	8437.63
1803.00	6221.14
1804.00	4533.62
1805.00	3005.25
1806.00	1991.80
1807.00	1423.05
1808.00	1121.12
1809.00	971.32
1810.00	887.06
1811.00	788.76
1812.00	870.68
1813.00	777.06
1814.00	767.70
1815.00	800.46
1816.00	779.40
1817.00	819.19
1818.00	758.33
1819.00	737.27
1820.00	751.31
1821.00	753.65
1822.00	847.27
1823.00	788.76
1824.00	858.98
1825.00	798.12
1826.00	873.02
1827.00	901.11
1828.00	861.32
1829.00	884.72
1830.00	758.33
1831.00	746.63
1832.00	720.88
1833.00	793.44
1834.00	741.95
1835.00	725.57
1836.00	755.99
1837.00	826.21
1838.00	727.91
1839.00	833.23
1840.00	734.93
1841.00	788.76
1842.00	704.50
1843.00	816.85
1844.00	737.27
1845.00	755.99
1846.00	730.25
1847.00	777.06
1848.00	739.61
1849.00	725.57
1850.00	774.72
1851.00	760.67
1852.00	777.06
1853.00	699.82
1854.00	723.23
1855.00	814.51
1856.00	716.20
1857.00	690.46
1858.00	777.06
1859.00	730.25
1860.00	793.44
1861.00	814.51
1862.00	755.99
1863.00	739.61
1864.00	805.14
1865.00	683.44
1866.00	737.27
1867.00	763.01
1868.00	777.06
1869.00	737.27
1870.00	685.78
1871.00	788.76
1872.00	795.78
1873.00	772.38
1874.00	711.52
1875.00	770.04
1876.00	779.40
1877.00	765.36
1878.00	739.61
1879.00	664.71
1880.00	737.27
1881.00	737.27
1882.00	793.44
1883.00	720.88
1884.00	786.42
1885.00	760.67
1886.00	723.23
1887.00	744.29
1888.00	723.23
1889.00	753.65
1890.00	795.78
1891.00	781.74
1892.00	835.57
1893.00	718.54
1894.00	744.29
1895.00	746.63
1896.00	763.01
1897.00	704.50
1898.00	779.40
1899.00	690.46
1900.00	767.70
1901.00	664.71
1902.00	753.65
1903.00	739.61
1904.00	720.88
1905.00	744.29
1906.00	725.57
1907.00	730.25
1908.00	793.44
1909.00	823.87
1910.00	772.38
1911.00	854.30
1912.00	849.61
1913.00	905.79
1914.00	849.61
1915.00	793.44
1916.00	767.70
1917.00	758.33
1918.00	763.01
1919.00	758.33
1920.00	800.46
1921.00	753.65
1922.00	772.38
1923.00	772.38
1924.00	786.42
1925.00	725.57
1926.00	716.20
1927.00	713.86
1928.00	833.23
1929.00	781.74
1930.00	784.08
1931.00	732.59
1932.00	748.97
1933.00	765.36
1934.00	706.84
1935.00	777.06
1936.00	751.31
1937.00	763.01
1938.00	770.04
1939.00	755.99
1940.00	784.08
1941.00	741.95
1942.00	770.04
1943.00	779.40
1944.00	774.72
1945.00	734.93
1946.00	802.80
1947.00	734.93
1948.00	706.84
1949.00	753.65
1950.00	781.74
1951.00	847.27
1952.00	1011.11
1953.00	2272.66
1954.00	5373.87
1955.00	8454.02
1956.00	9228.73
1957.00	6712.66
1958.00	4348.72
1959.00	2745.45
1960.00	1858.39
1961.00	1289.64
1962.00	1142.18
1963.00	938.55
1964.00	875.36
1965.00	755.99
1966.00	854.30
1967.00	777.06
1968.00	781.74
1969.00	788.76
1970.00	772.38
1971.00	755.99
1972.00	802.80
1973.00	856.64
1974.00	786.42
1975.00	835.57
1976.00	786.42
1977.00	706.84
1978.00	809.83
1979.00	802.80
1980.00	950.26
1981.00	1118.78
1982.00	1282.61
1983.00	1259.21
1984.00	1074.31
1985.00	1039.20
1986.00	866.00
1987.00	901.11
1988.00	812.17
1989.00	770.04
1990.00	723.23
1991.00	723.23
1992.00	760.67
1993.00	748.97
1994.00	732.59
1995.00	713.86
1996.00	774.72
1997.00	727.91
1998.00	748.97
1999.00	727.91
2000.00	763.01
2001.00	784.08
2002.00	753.65
2003.00	734.93
2004.00	681.10
2005.00	784.08
2006.00	758.33
2007.00	753.65
2008.00	763.01
2009.00	746.63
2010.00	755.99
2011.00	772.38
2012.00	758.33
2013.00	711.52
2014.00	826.21
2015.00	779.40
2016.00	779.40
2017.00	741.95
2018.00	821.53
2019.00	784.08
2020.00	800.46
2021.00	793.44
2022.00	730.25
2023.00	777.06
2024.00	856.64
2025.00	1062.60
2026.00	1207.72
2027.00	1338.79
2028.00	1198.35
2029.00	1263.89
2030.00	2544.16
2031.00	7119.91
2032.00	13893.42
2033.00	18139.15
2034.00	16414.18
2035.00	11087.12
2036.00	7124.59
2037.00	4526.60
2038.00	2972.48
2039.00	1926.26
2040.00	1378.58
2041.00	1149.20
2042.00	1043.88
2043.00	938.55
2044.00	873.02
2045.00	779.40
2046.00	774.72
2047.00	795.78
