0.00	655.35
1.00	655.35
2.00	655.35
3.00	655.35
4.00	580.45
5.00	573.43
6.00	538.32
7.00	554.71
8.00	594.50
9.00	510.24
10.00	554.71
11.00	519.60
12.00	521.94
13.00	517.26
14.00	622.58
15.00	559.39
16.00	566.41
17.00	603.86
18.00	653.01
19.00	641.31
20.00	561.73
21.00	606.20
22.00	613.22
23.00	641.31
24.00	608.54
25.00	650.67
26.00	706.84
27.00	711.52
28.00	636.63
29.00	631.94
30.00	781.74
31.00	655.35
32.00	711.52
33.00	676.41
34.00	704.50
35.00	734.93
36.00	685.78
37.00	709.18
38.00	718.54
39.00	758.33
40.00	667.05
41.00	784.08
42.00	734.93
43.00	725.57
44.00	753.65
45.00	779.40
46.00	734.93
47.00	716.20
48.00	748.97
49.00	784.08
50.00	805.14
51.00	699.82
52.00	763.01
53.00	690.46
54.00	802.80
55.00	779.40
56.00	763.01
57.00	767.70
58.00	777.06
59.00	760.67
60.00	819.19
61.00	704.50
62.00	718.54
63.00	730.25
64.00	758.33
65.00	725.57
66.00	716.20
67.00	744.29
68.00	723.23
69.00	716.20
70.00	690.46
71.00	807.48
72.00	711.52
73.00	667.05
74.00	849.61
75.00	664.71
76.00	720.88
77.00	748.97
78.00	695.14
79.00	812.17
80.00	688.12
81.00	753.65
82.00	718.54
83.00	770.04
84.00	746.63
85.00	741.95
86.00	739.61
87.00	655.35
88.00	711.52
89.00	753.65
90.00	774.72
91.00	788.76
92.00	802.80
93.00	763.01
94.00	695.14
95.00	713.86
96.00	683.44
97.00	725.57
98.00	667.05
99.00	746.63
100.00	746.63
101.00	657.69
102.00	702.16
103.00	711.52
104.00	760.67
105.00	730.25
106.00	758.33
107.00	655.35
108.00	718.54
109.00	755.99
110.00	744.29
111.00	746.63
112.00	718.54
113.00	772.38
114.00	744.29
115.00	751.31
116.00	720.88
117.00	716.20
118.00	716.20
119.00	753.65
120.00	746.63
121.00	697.48
122.00	685.78
123.00	835.57
124.00	737.27
125.00	727.91
126.00	819.19
127.00	734.93
128.00	772.38
129.00	716.20
130.00	753.65
131.00	748.97
132.00	767.70
133.00	763.01
134.00	725.57
135.00	746.63
136.00	795.78
137.00	777.06
138.00	697.48
139.00	753.65
140.00	781.74
141.00	770.04
142.00	744.29
143.00	737.27
144.00	760.67
145.00	695.14
146.00	828.55
147.00	765.36
148.00	753.65
149.00	800.46
150.00	755.99
151.00	770.04
152.00	664.71
153.00	723.23
154.00	718.54
155.00	814.51
156.00	706.84
157.00	704.50
158.00	760.67
159.00	746.63
160.00	746.63
161.00	732.59
162.00	737.27
163.00	837.91
164.00	774.72
165.00	727.91
166.00	681.10
167.00	816.85
168.00	723.23
169.00	704.50
170.00	725.57
171.00	730.25
172.00	777.06
173.00	716.20
174.00	711.52
175.00	697.48
176.00	732.59
177.00	706.84
178.00	699.82
179.00	732.59
180.00	660.03
181.00	784.08
182.00	734.93
183.00	770.04
184.00	748.97
185.00	730.25
186.00	678.76
187.00	683.44
188.00	737.27
189.00	706.84
190.00	725.57
191.00	730.25
192.00	706.84
193.00	767.70
194.00	770.04
195.00	758.33
196.00	777.06
197.00	781.74
198.00	751.31
199.00	763.01
200.00	753.65
201.00	690.46
202.00	791.10
203.00	704.50
204.00	746.63
205.00	849.61
206.00	725.57
207.00	748.97
208.00	688.12
209.00	695.14
210.00	772.38
211.00	758.33
212.00	692.80
213.00	699.82
214.00	734.93
215.00	758.33
216.00	730.25
217.00	751.31
218.00	781.74
219.00	716.20
220.00	763.01
221.00	763.01
222.00	688.12
223.00	753.65
224.00	746.63
225.00	697.48
226.00	716.20
227.00	706.84
228.00	739.61
229.00	692.80
230.00	725.57
231.00	758.33
232.00	746.63
233.00	748.97
234.00	734.93
235.00	758.33
236.00	685.78
237.00	723.23
238.00	739.61
239.00	690.46
240.00	779.40
241.00	746.63
242.00	739.61
243.00	760.67
244.00	744.29
245.00	772.38
246.00	786.42
247.00	763.01
248.00	683.44
249.00	725.57
250.00	688.12
251.00	716.20
252.00	798.12
253.00	702.16
254.00	690.46
255.00	763.01
256.00	697.48
257.00	734.93
258.00	709.18
259.00	697.48
260.00	753.65
261.00	774.72
262.00	760.67
263.00	765.36
264.00	791.10
265.00	702.16
266.00	767.70
267.00	793.44
268.00	837.91
269.00	702.16
270.00	718.54
271.00	770.04
272.00	826.21
273.00	835.57
274.00	758.33
275.00	718.54
276.00	779.40
277.00	793.44
278.00	837.91
279.00	737.27
280.00	765.36
281.00	739.61
282.00	741.95
283.00	809.83
284.00	730.25
285.00	697.48
286.00	814.51
287.00	716.20
288.00	777.06
289.00	751.31
290.00	648.33
291.00	676.41
292.00	737.27
293.00	781.74
294.00	720.88
295.00	709.18
296.00	737.27
297.00	746.63
298.00	765.36
299.00	713.86
300.00	723.23
301.00	748.97
302.00	760.67
303.00	753.65
304.00	723.23
305.00	723.23
306.00	791.10
307.00	763.01
308.00	805.14
309.00	858.98
310.00	823.87
311.00	814.51
312.00	842.59
313.00	753.65
314.00	772.38
315.00	741.95
316.00	739.61
317.00	734.93
318.00	791.10
319.00	760.67
320.00	711.52
321.00	744.29
322.00	727.91
323.00	760.67
324.00	718.54
325.00	734.93
326.00	763.01
327.00	641.31
328.00	723.23
329.00	727.91
330.00	730.25
331.00	730.25
332.00	788.76
333.00	758.33
334.00	755.99
335.00	800.46
336.00	667.05
337.00	709.18
338.00	786.42
339.00	725.57
340.00	723.23
341.00	772.38
342.00	814.51
343.00	709.18
344.00	713.86
345.00	739.61
346.00	748.97
347.00	844.93
348.00	816.85
349.00	868.34
350.00	784.08
351.00	833.23
352.00	837.91
353.00	765.36
354.00	746.63
355.00	763.01
356.00	809.83
357.00	833.23
358.00	795.78
359.00	753.65
360.00	746.63
361.00	807.48
362.00	798.12
363.00	819.19
364.00	770.04
365.00	753.65
366.00	746.63
367.00	709.18
368.00	650.67
369.00	751.31
370.00	716.20
371.00	746.63
372.00	706.84
373.00	720.88
374.00	718.54
375.00	784.08
376.00	751.31
377.00	716.20
378.00	727.91
379.00	685.78
380.00	760.67
381.00	732.59
382.00	685.78
383.00	734.93
384.00	763.01
385.00	753.65
386.00	851.96
387.00	809.83
388.00	716.20
389.00	781.74
390.00	737.27
391.00	800.46
392.00	734.93
393.00	678.76
394.00	716.20
395.00	725.57
396.00	812.17
397.00	798.12
398.00	734.93
399.00	732.59
400.00	805.14
401.00	727.91
402.00	734.93
403.00	716.20
404.00	760.67
405.00	837.91
406.00	842.59
407.00	730.25
408.00	835.57
409.00	681.10
410.00	685.78
411.00	732.59
412.00	760.67
413.00	791.10
414.00	802.80
415.00	777.06
416.00	746.63
417.00	716.20
418.00	767.70
419.00	671.73
420.00	793.44
421.00	774.72
422.00	828.55
423.00	748.97
424.00	814.51
425.00	737.27
426.00	734.93
427.00	739.61
428.00	711.52
429.00	765.36
430.00	748.97
431.00	711.52
432.00	706.84
433.00	772.38
434.00	739.61
435.00	695.14
436.00	746.63
437.00	751.31
438.00	751.31
439.00	723.23
440.00	706.84
441.00	774.72
442.00	779.40
443.00	741.95
444.00	760.67
445.00	676.41
446.00	734.93
447.00	692.80
448.00	788.76
449.00	692.80
450.00	798.12
451.00	737.27
452.00	795.78
453.00	765.36
454.00	802.80
455.00	779.40
456.00	744.29
457.00	772.38
458.00	802.80
459.00	734.93
460.00	744.29
461.00	770.04
462.00	751.31
463.00	814.51
464.00	711.52
465.00	709.18
466.00	791.10
467.00	730.25
468.00	786.42
469.00	732.59
470.00	725.57
471.00	688.12
472.00	779.40
473.00	739.61
474.00	695.14
475.00	828.55
476.00	774.72
477.00	734.93
478.00	688.12
479.00	744.29
480.00	748.97
481.00	716.20
482.00	730.25
483.00	706.84
484.00	704.50
485.00	770.04
486.00	770.04
487.00	664.71
488.00	779.40
489.00	737.27
490.00	711.52
491.00	706.84
492.00	765.36
493.00	774.72
494.00	730.25
495.00	814.51
496.00	718.54
497.00	737.27
498.00	713.86
499.00	779.40
500.00	760.67
501.00	767.70
502.00	741.95
503.00	779.40
504.00	727.91
505.00	809.83
506.00	751.31
507.00	840.25
508.00	723.23
509.00	819.19
510.00	725.57
511.00	734.93
512.00	690.46
513.00	664.71
514.00	716.20
515.00	716.20
516.00	702.16
517.00	814.51
518.00	807.48
519.00	744.29
520.00	739.61
521.00	767.70
522.00	765.36
523.00	723.23
524.00	678.76
525.00	723.23
526.00	723.23
527.00	784.08
528.00	788.76
529.00	800.46
530.00	791.10
531.00	784.08
532.00	755.99
533.00	774.72
534.00	739.61
535.00	758.33
536.00	755.99
537.00	704.50
538.00	795.78
539.00	725.57
540.00	760.67
541.00	737.27
542.00	723.23
543.00	718.54
544.00	798.12
545.00	727.91
546.00	800.46
547.00	739.61
548.00	774.72
549.00	774.72
550.00	683.44
551.00	748.97
552.00	720.88
553.00	730.25
554.00	737.27
555.00	746.63
556.00	777.06
557.00	755.99
558.00	678.76
559.00	732.59
560.00	748.97
561.00	748.97
562.00	692.80
563.00	758.33
564.00	770.04
565.00	779.40
566.00	727.91
567.00	741.95
568.00	819.19
569.00	725.57
570.00	753.65
571.00	730.25
572.00	711.52
573.00	741.95
574.00	793.44
575.00	802.80
576.00	767.70
577.00	760.67
578.00	730.25
579.00	758.33
580.00	716.20
581.00	741.95
582.00	723.23
583.00	781.74
584.00	798.12
585.00	706.84
586.00	763.01
587.00	697.48
588.00	702.16
589.00	739.61
590.00	641.31
591.00	734.93
592.00	755.99
593.00	713.86
594.00	653.01
595.00	781.74
596.00	737.27
597.00	774.72
598.00	734.93
599.00	755.99
600.00	669.39
601.00	709.18
602.00	734.93
603.00	697.48
604.00	709.18
605.00	676.41
606.00	730.25
607.00	671.73
608.00	741.95
609.00	788.76
610.00	739.61
611.00	716.20
612.00	763.01
613.00	734.93
614.00	765.36
615.00	814.51
616.00	748.97
617.00	791.10
618.00	741.95
619.00	777.06
620.00	730.25
621.00	781.74
622.00	772.38
623.00	737.27
624.00	784.08
625.00	699.82
626.00	763.01
627.00	718.54
628.00	751.31
629.00	741.95
630.00	833.23
631.00	748.97
632.00	751.31
633.00	739.61
634.00	781.74
635.00	849.61
636.00	739.61
637.00	807.48
638.00	725.57
639.00	760.67
640.00	772.38
641.00	725.57
642.00	816.85
643.00	725.57
644.00	781.74
645.00	770.04
646.00	788.76
647.00	725.57
648.00	727.91
649.00	690.46
650.00	753.65
651.00	760.67
652.00	784.08
653.00	781.74
654.00	725.57
655.00	774.72
656.00	798.12
657.00	772.38
658.00	730.25
659.00	755.99
660.00	788.76
661.00	716.20
662.00	828.55
663.00	807.48
664.00	695.14
665.00	819.19
666.00	744.29
667.00	734.93
668.00	763.01
669.00	795.78
670.00	795.78
671.00	671.73
672.00	704.50
673.00	744.29
674.00	777.06
675.00	699.82
676.00	695.14
677.00	723.23
678.00	765.36
679.00	772.38
680.00	683.44
681.00	763.01
682.00	725.57
683.00	772.38
684.00	709.18
685.00	809.83
686.00	734.93
687.00	751.31
688.00	781.74
689.00	716.20
690.00	739.61
691.00	741.95
692.00	758.33
693.00	755.99
694.00	711.52
695.00	777.06
696.00	744.29
697.00	802.80
698.00	718.54
699.00	727.91
700.00	713.86
701.00	758.33
702.00	725.57
703.00	805.14
704.00	704.50
705.00	697.48
706.00	746.63
707.00	678.76
708.00	739.61
709.00	772.38
710.00	755.99
711.00	770.04
712.00	739.61
713.00	798.12
714.00	791.10
715.00	788.76
716.00	837.91
717.00	805.14
718.00	767.70
719.00	800.46
720.00	739.61
721.00	737.27
722.00	767.70
723.00	753.65
724.00	784.08
725.00	774.72
726.00	772.38
727.00	744.29
728.00	788.76
729.00	772.38
730.00	772.38
731.00	737.27
732.00	809.83
733.00	748.97
734.00	807.48
735.00	788.76
736.00	779.40
737.00	798.12
738.00	828.55
739.00	720.88
740.00	751.31
741.00	744.29
742.00	744.29
743.00	777.06
744.00	800.46
745.00	821.53
746.00	720.88
747.00	748.97
748.00	697.48
749.00	758.33
750.00	671.73
751.00	763.01
752.00	767.70
753.00	734.93
754.00	765.36
755.00	702.16
756.00	748.97
757.00	746.63
758.00	765.36
759.00	695.14
760.00	788.76
761.00	739.61
762.00	758.33
763.00	770.04
764.00	706.84
765.00	741.95
766.00	823.87
767.00	690.46
768.00	779.40
769.00	716.20
770.00	772.38
771.00	746.63
772.00	727.91
773.00	758.33
774.00	777.06
775.00	730.25
776.00	662.37
777.00	746.63
778.00	765.36
779.00	770.04
780.00	748.97
781.00	767.70
782.00	823.87
783.00	763.01
784.00	833.23
785.00	805.14
786.00	770.04
787.00	767.70
788.00	802.80
789.00	753.65
790.00	734.93
791.00	751.31
792.00	755.99
793.00	741.95
794.00	732.59
795.00	755.99
796.00	744.29
797.00	732.59
798.00	809.83
799.00	765.36
800.00	770.04
801.00	779.40
802.00	744.29
803.00	795.78
804.00	760.67
805.00	741.95
806.00	744.29
807.00	814.51
808.00	816.85
809.00	781.74
810.00	730.25
811.00	786.42
812.00	716.20
813.00	833.23
814.00	755.99
815.00	657.69
816.00	678.76
817.00	755.99
818.00	760.67
819.00	746.63
820.00	786.42
821.00	786.42
822.00	858.98
823.00	812.17
824.00	725.57
825.00	718.54
826.00	737.27
827.00	744.29
828.00	777.06
829.00	716.20
830.00	706.84
831.00	758.33
832.00	758.33
833.00	720.88
834.00	816.85
835.00	734.93
836.00	755.99
837.00	777.06
838.00	826.21
839.00	772.38
840.00	697.48
841.00	786.42
842.00	781.74
843.00	704.50
844.00	716.20
845.00	697.48
846.00	777.06
847.00	772.38
848.00	751.31
849.00	755.99
850.00	823.87
851.00	760.67
852.00	763.01
853.00	786.42
854.00	744.29
855.00	765.36
856.00	760.67
857.00	753.65
858.00	828.55
859.00	800.46
860.00	711.52
861.00	763.01
862.00	706.84
863.00	777.06
864.00	788.76
865.00	774.72
866.00	751.31
867.00	819.19
868.00	770.04
869.00	713.86
870.00	732.59
871.00	744.29
872.00	690.46
873.00	744.29
874.00	744.29
875.00	812.17
876.00	713.86
877.00	816.85
878.00	779.40
879.00	760.67
880.00	713.86
881.00	784.08
882.00	741.95
883.00	734.93
884.00	873.02
885.00	681.10
886.00	774.72
887.00	809.83
888.00	760.67
889.00	681.10
890.00	760.67
891.00	702.16
892.00	720.88
893.00	702.16
894.00	709.18
895.00	695.14
896.00	650.67
897.00	695.14
898.00	737.27
899.00	718.54
900.00	709.18
901.00	800.46
902.00	751.31
903.00	772.38
904.00	821.53
905.00	816.85
906.00	898.77
907.00	894.08
908.00	842.59
909.00	873.02
910.00	805.14
911.00	870.68
912.00	896.43
913.00	931.53
914.00	887.06
915.00	912.81
916.00	830.89
917.00	800.46
918.00	812.17
919.00	814.51
920.00	732.59
921.00	763.01
922.00	760.67
923.00	737.27
924.00	772.38
925.00	812.17
926.00	798.12
927.00	737.27
928.00	805.14
929.00	812.17
930.00	788.76
931.00	770.04
932.00	828.55
933.00	744.29
934.00	748.97
935.00	837.91
936.00	739.61
937.00	809.83
938.00	657.69
939.00	748.97
940.00	720.88
941.00	800.46
942.00	748.97
943.00	767.70
944.00	798.12
945.00	802.80
946.00	1057.92
947.00	1664.12
948.00	1923.92
949.00	1846.68
950.00	1502.62
951.00	1338.79
952.00	1111.75
953.00	1034.52
954.00	863.66
955.00	723.23
956.00	709.18
957.00	849.61
958.00	763.01
959.00	800.46
960.00	732.59
961.00	739.61
962.00	734.93
963.00	730.25
964.00	706.84
965.00	791.10
966.00	741.95
967.00	755.99
968.00	774.72
969.00	772.38
970.00	772.38
971.00	734.93
972.00	755.99
973.00	748.97
974.00	674.07
975.00	770.04
976.00	802.80
977.00	772.38
978.00	751.31
979.00	758.33
980.00	737.27
981.00	688.12
982.00	748.97
983.00	774.72
984.00	702.16
985.00	709.18
986.00	739.61
987.00	840.25
988.00	798.12
989.00	746.63
990.00	727.91
991.00	751.31
992.00	779.40
993.00	744.29
994.00	737.27
995.00	734.93
996.00	702.16
997.00	692.80
998.00	699.82
999.00	758.33
1000.00	795.78
1001.00	753.65
1002.00	706.84
1003.00	765.36
1004.00	758.33
1005.00	777.06
1006.00	788.76
1007.00	755.99
1008.00	772.38
1009.00	807.48
1010.00	814.51
1011.00	807.48
1012.00	683.44
1013.00	772.38
1014.00	784.08
1015.00	784.08
1016.00	727.91
1017.00	746.63
1018.00	702.16
1019.00	734.93
1020.00	758.33
1021.00	739.61
1022.00	809.83
1023.00	802.80
1024.00	786.42
1025.00	786.42
1026.00	716.20
1027.00	767.70
1028.00	777.06
1029.00	779.40
1030.00	699.82
1031.00	739.61
1032.00	763.01
1033.00	734.93
1034.00	629.60
1035.00	723.23
1036.00	791.10
1037.00	826.21
1038.00	753.65
1039.00	795.78
1040.00	784.08
1041.00	716.20
1042.00	793.44
1043.00	812.17
1044.00	851.96
1045.00	765.36
1046.00	851.96
1047.00	809.83
1048.00	720.88
1049.00	779.40
1050.00	725.57
1051.00	826.21
1052.00	713.86
1053.00	718.54
1054.00	741.95
1055.00	667.05
1056.00	730.25
1057.00	727.91
1058.00	709.18
1059.00	739.61
1060.00	706.84
1061.00	695.14
1062.00	751.31
1063.00	781.74
1064.00	760.67
1065.00	765.36
1066.00	704.50
1067.00	739.61
1068.00	744.29
1069.00	772.38
1070.00	723.23
1071.00	774.72
1072.00	819.19
1073.00	720.88
1074.00	760.67
1075.00	755.99
1076.00	793.44
1077.00	732.59
1078.00	784.08
1079.00	748.97
1080.00	828.55
1081.00	760.67
1082.00	734.93
1083.00	774.72
1084.00	741.95
1085.00	723.23
1086.00	746.63
1087.00	791.10
1088.00	734.93
1089.00	681.10
1090.00	779.40
1091.00	734.93
1092.00	767.70
1093.00	770.04
1094.00	720.88
1095.00	767.70
1096.00	744.29
1097.00	755.99
1098.00	744.29
1099.00	786.42
1100.00	781.74
1101.00	779.40
1102.00	774.72
1103.00	777.06
1104.00	791.10
1105.00	793.44
1106.00	777.06
1107.00	791.10
1108.00	755.99
1109.00	732.59
1110.00	727.91
1111.00	725.57
1112.00	751.31
1113.00	725.57
1114.00	788.76
1115.00	910.47
1116.00	833.23
1117.00	732.59
1118.00	753.65
1119.00	718.54
1120.00	779.40
1121.00	784.08
1122.00	786.42
1123.00	748.97
1124.00	786.42
1125.00	727.91
1126.00	828.55
1127.00	854.30
1128.00	866.00
1129.00	725.57
1130.00	713.86
1131.00	833.23
1132.00	737.27
1133.00	777.06
1134.00	725.57
1135.00	800.46
1136.00	779.40
1137.00	798.12
1138.00	842.59
1139.00	720.88
1140.00	816.85
1141.00	781.74
1142.00	772.38
1143.00	763.01
1144.00	809.83
1145.00	781.74
1146.00	748.97
1147.00	758.33
1148.00	793.44
1149.00	737.27
1150.00	788.76
1151.00	746.63
1152.00	730.25
1153.00	772.38
1154.00	739.61
1155.00	758.33
1156.00	798.12
1157.00	814.51
1158.00	844.93
1159.00	880.04
1160.00	870.68
1161.00	777.06
1162.00	823.87
1163.00	767.70
1164.00	856.64
1165.00	781.74
1166.00	896.43
1167.00	1036.86
1168.00	1156.22
1169.00	1165.59
1170.00	1114.10
1171.00	957.28
1172.00	961.96
1173.00	1039.20
1174.00	922.17
1175.00	779.40
1176.00	915.15
1177.00	877.70
1178.00	854.30
1179.00	828.55
1180.00	763.01
1181.00	779.40
1182.00	833.23
1183.00	809.83
1184.00	875.36
1185.00	807.48
1186.00	779.40
1187.00	880.04
1188.00	856.64
1189.00	819.19
1190.00	896.43
1191.00	861.32
1192.00	887.06
1193.00	903.45
1194.00	840.25
1195.00	835.57
1196.00	863.66
1197.00	837.91
1198.00	842.59
1199.00	866.00
1200.00	964.30
1201.00	961.96
1202.00	1062.60
1203.00	1177.29
1204.00	1074.31
1205.00	1081.33
1206.00	1076.65
1207.00	1020.47
1208.00	1034.52
1209.00	983.02
1210.00	957.28
1211.00	945.58
1212.00	915.15
1213.00	1043.88
1214.00	1074.31
1215.00	1196.01
1216.00	1214.74
1217.00	1336.45
1218.00	1514.33
1219.00	1739.02
1220.00	3251.00
1221.00	17937.87
1222.00	50101.51
1223.00	64205.58
1224.00	63398.09
1225.00	55189.83
1226.00	41715.37
1227.00	31576.17
1228.00	25633.55
1229.00	18317.03
1230.00	8891.70
1231.00	3824.44
1232.00	2069.03
1233.00	1432.41
1234.00	1350.49
1235.00	1256.87
1236.00	1261.55
1237.00	1191.33
1238.00	1224.10
1239.00	1458.15
1240.00	3272.07
1241.00	5481.53
1242.00	6668.19
1243.00	5579.84
1244.00	4290.20
1245.00	3279.09
1246.00	2801.62
1247.00	2429.48
1248.00	1734.34
1249.00	1287.29
1250.00	1062.60
1251.00	936.21
1252.00	959.62
1253.00	924.51
1254.00	1022.81
1255.00	1018.13
1256.00	961.96
1257.00	1004.09
1258.00	992.39
1259.00	931.53
1260.00	936.21
1261.00	910.47
1262.00	880.04
1263.00	940.90
1264.00	917.49
1265.00	835.57
1266.00	894.08
1267.00	882.38
1268.00	922.17
1269.00	847.27
1270.00	863.66
1271.00	791.10
1272.00	826.21
1273.00	854.30
1274.00	809.83
1275.00	833.23
1276.00	896.43
1277.00	924.51
1278.00	1029.84
1279.00	2347.56
1280.00	6148.59
1281.00	10293.68
1282.00	11311.81
1283.00	8889.35
1284.00	6485.62
1285.00	4823.84
1286.00	4011.68
1287.00	3255.69
1288.00	2008.18
1289.00	1247.51
1290.00	950.26
1291.00	952.60
1292.00	847.27
1293.00	858.98
1294.00	1025.15
1295.00	929.19
1296.00	912.81
1297.00	842.59
1298.00	1022.81
1299.00	1523.69
1300.00	2410.75
1301.00	3087.17
1302.00	2923.33
1303.00	2289.04
1304.00	1851.36
1305.00	1680.50
1306.00	1495.60
1307.00	1151.54
1308.00	1032.18
1309.00	966.64
1310.00	919.83
1311.00	823.87
1312.00	877.70
1313.00	842.59
1314.00	896.43
1315.00	826.21
1316.00	795.78
1317.00	805.14
1318.00	814.51
1319.00	755.99
1320.00	800.46
1321.00	767.70
1322.00	784.08
1323.00	821.53
1324.00	784.08
1325.00	788.76
1326.00	828.55
1327.00	798.12
1328.00	767.70
1329.00	866.00
1330.00	823.87
1331.00	812.17
1332.00	833.23
1333.00	945.58
1334.00	1703.91
1335.00	2691.62
1336.00	3534.21
1337.00	3117.59
1338.00	2532.46
1339.00	1984.77
1340.00	1680.50
1341.00	1444.11
1342.00	1277.93
1343.00	1001.75
1344.00	844.93
1345.00	844.93
1346.00	800.46
1347.00	835.57
1348.00	744.29
1349.00	837.91
1350.00	856.64
1351.00	861.32
1352.00	851.96
1353.00	849.61
1354.00	814.51
1355.00	837.91
1356.00	816.85
1357.00	793.44
1358.00	854.30
1359.00	870.68
1360.00	929.19
1361.00	1046.22
1362.00	2223.51
1363.00	5502.60
1364.00	8872.97
1365.00	9708.54
1366.00	7396.09
1367.00	5495.58
1368.00	4201.26
1369.00	3449.95
1370.00	2803.96
1371.00	1771.79
1372.00	1263.89
1373.00	1060.26
1374.00	976.00
1375.00	1090.69
1376.00	2836.73
1377.00	8393.16
1378.00	15009.86
1379.00	17315.28
1380.00	13074.23
1381.00	9523.64
1382.00	6906.92
1383.00	5830.27
1384.00	4557.02
1385.00	2771.19
1386.00	1600.93
1387.00	1076.65
1388.00	1011.11
1389.00	896.43
1390.00	954.94
1391.00	926.85
1392.00	870.68
1393.00	837.91
1394.00	936.21
1395.00	901.11
1396.00	924.51
1397.00	887.06
1398.00	1081.33
1399.00	1214.74
1400.00	1256.87
1401.00	1181.97
1402.00	1151.54
1403.00	1111.75
1404.00	1172.61
1405.00	1233.46
1406.00	2022.22
1407.00	8095.91
1408.00	19344.53
1409.00	28271.33
1410.00	25472.05
1411.00	17916.80
1412.00	12610.81
1413.00	9717.90
1414.00	7847.82
1415.00	5224.08
1416.00	2675.23
1417.00	1521.35
1418.00	1219.42
1419.00	1163.25
1420.00	1884.13
1421.00	4147.43
1422.00	6696.27
1423.00	7585.68
1424.00	5621.97
1425.00	4215.30
1426.00	3302.50
1427.00	2818.00
1428.00	2188.40
1429.00	1476.88
1430.00	1109.41
1431.00	931.53
1432.00	926.85
1433.00	912.81
1434.00	997.07
1435.00	901.11
1436.00	964.30
1437.00	807.48
1438.00	884.72
1439.00	814.51
1440.00	833.23
1441.00	793.44
1442.00	858.98
1443.00	826.21
1444.00	777.06
1445.00	805.14
1446.00	741.95
1447.00	842.59
1448.00	805.14
1449.00	821.53
1450.00	861.32
1451.00	833.23
1452.00	863.66
1453.00	830.89
1454.00	837.91
1455.00	1193.67
1456.00	2452.88
1457.00	3927.42
1458.00	4847.25
1459.00	4091.26
1460.00	3068.44
1461.00	2354.58
1462.00	2045.63
1463.00	1640.72
1464.00	1289.64
1465.00	1022.81
1466.00	912.81
1467.00	800.46
1468.00	823.87
1469.00	713.86
1470.00	821.53
1471.00	737.27
1472.00	851.96
1473.00	786.42
1474.00	805.14
1475.00	812.17
1476.00	795.78
1477.00	802.80
1478.00	821.53
1479.00	903.45
1480.00	844.93
1481.00	809.83
1482.00	730.25
1483.00	821.53
1484.00	840.25
1485.00	933.87
1486.00	945.58
1487.00	1205.38
1488.00	3569.32
1489.00	9020.42
1490.00	14335.78
1491.00	14497.28
1492.00	10494.96
1493.00	7473.33
1494.00	5584.52
1495.00	4507.87
1496.00	3269.73
1497.00	1998.82
1498.00	1245.16
1499.00	994.73
1500.00	880.04
1501.00	844.93
1502.00	840.25
1503.00	861.32
1504.00	807.48
1505.00	891.74
1506.00	805.14
1507.00	842.59
1508.00	830.89
1509.00	844.93
1510.00	812.17
1511.00	908.13
1512.00	851.96
1513.00	1055.58
1514.00	2052.65
1515.00	3471.01
1516.00	4388.50
1517.00	3719.11
1518.00	2909.29
1519.00	2267.98
1520.00	1839.66
1521.00	1582.20
1522.00	1207.72
1523.00	1064.94
1524.00	929.19
1525.00	844.93
1526.00	863.66
1527.00	858.98
1528.00	833.23
1529.00	847.27
1530.00	922.17
1531.00	938.55
1532.00	1032.18
1533.00	1947.33
1534.00	5242.80
1535.00	8924.46
1536.00	10743.06
1537.00	8262.09
1538.00	5872.40
1539.00	4327.65
1540.00	3548.25
1541.00	2836.73
1542.00	1811.57
1543.00	1198.35
1544.00	922.17
1545.00	978.34
1546.00	919.83
1547.00	814.51
1548.00	821.53
1549.00	847.27
1550.00	849.61
1551.00	901.11
1552.00	903.45
1553.00	821.53
1554.00	844.93
1555.00	844.93
1556.00	847.27
1557.00	903.45
1558.00	837.91
1559.00	908.13
1560.00	926.85
1561.00	919.83
1562.00	889.40
1563.00	919.83
1564.00	973.66
1565.00	1275.59
1566.00	4332.33
1567.00	11265.00
1568.00	18190.64
1569.00	18558.11
1570.00	13327.01
1571.00	9535.34
1572.00	7213.53
1573.00	5792.83
1574.00	4021.04
1575.00	2377.98
1576.00	1640.72
1577.00	1329.42
1578.00	1743.70
1579.00	6335.83
1580.00	17568.06
1581.00	28638.80
1582.00	30209.29
1583.00	21591.44
1584.00	15096.46
1585.00	11061.37
1586.00	8865.95
1587.00	5961.34
1588.00	3162.06
1589.00	1724.97
1590.00	1172.61
1591.00	1011.11
1592.00	950.26
1593.00	964.30
1594.00	990.05
1595.00	936.21
1596.00	889.40
1597.00	905.79
1598.00	770.04
1599.00	863.66
1600.00	793.44
1601.00	828.55
1602.00	851.96
1603.00	802.80
1604.00	767.70
1605.00	770.04
1606.00	884.72
1607.00	837.91
1608.00	798.12
1609.00	795.78
1610.00	816.85
1611.00	840.25
1612.00	793.44
1613.00	823.87
1614.00	786.42
1615.00	791.10
1616.00	781.74
1617.00	866.00
1618.00	842.59
1619.00	887.06
1620.00	812.17
1621.00	866.00
1622.00	791.10
1623.00	805.14
1624.00	800.46
1625.00	800.46
1626.00	844.93
1627.00	819.19
1628.00	779.40
1629.00	828.55
1630.00	730.25
1631.00	791.10
1632.00	809.83
1633.00	763.01
1634.00	791.10
1635.00	741.95
1636.00	823.87
1637.00	795.78
1638.00	866.00
1639.00	807.48
1640.00	758.33
1641.00	765.36
1642.00	805.14
1643.00	788.76
1644.00	791.10
1645.00	718.54
1646.00	819.19
1647.00	863.66
1648.00	835.57
1649.00	1006.43
1650.00	2579.27
1651.00	7576.31
1652.00	13411.27
1653.00	16098.20
1654.00	12610.81
1655.00	9210.01
1656.00	6726.70
1657.00	5224.08
1658.00	3941.46
1659.00	2438.84
1660.00	1497.94
1661.00	1163.25
1662.00	943.24
1663.00	863.66
1664.00	961.96
1665.00	826.21
1666.00	854.30
1667.00	821.53
1668.00	1224.10
1669.00	2633.10
1670.00	4550.00
1671.00	5989.43
1672.00	5032.15
1673.00	3889.97
1674.00	3005.25
1675.00	2277.34
1676.00	1970.73
1677.00	1413.68
1678.00	1114.10
1679.00	910.47
1680.00	837.91
1681.00	807.48
1682.00	751.31
1683.00	802.80
1684.00	802.80
1685.00	767.70
1686.00	748.97
1687.00	823.87
1688.00	770.04
1689.00	774.72
1690.00	793.44
1691.00	723.23
1692.00	798.12
1693.00	734.93
1694.00	716.20
1695.00	739.61
1696.00	751.31
1697.00	777.06
1698.00	851.96
1699.00	781.74
1700.00	781.74
1701.00	765.36
1702.00	795.78
1703.00	746.63
1704.00	830.89
1705.00	812.17
1706.00	777.06
1707.00	795.78
1708.00	772.38
1709.00	788.76
1710.00	877.70
1711.00	828.55
1712.00	826.21
1713.00	894.08
1714.00	1373.89
1715.00	3417.18
1716.00	6270.30
1717.00	8161.45
1718.00	7150.34
1719.00	5343.44
1720.00	4117.00
1721.00	3054.40
1722.00	2312.45
1723.00	1717.95
1724.00	1184.31
1725.00	929.19
1726.00	819.19
1727.00	837.91
1728.00	840.25
1729.00	819.19
1730.00	816.85
1731.00	739.61
1732.00	802.80
1733.00	807.48
1734.00	767.70
1735.00	772.38
1736.00	798.12
1737.00	688.12
1738.00	755.99
1739.00	753.65
1740.00	711.52
1741.00	763.01
1742.00	770.04
1743.00	727.91
1744.00	765.36
1745.00	772.38
1746.00	847.27
1747.00	795.78
1748.00	805.14
1749.00	784.08
1750.00	734.93
1751.00	784.08
1752.00	842.59
1753.00	739.61
1754.00	800.46
1755.00	779.40
1756.00	755.99
1757.00	802.80
1758.00	877.70
1759.00	777.06
1760.00	816.85
1761.00	821.53
1762.00	786.42
1763.00	807.48
1764.00	812.17
1765.00	767.70
1766.00	833.23
1767.00	961.96
1768.00	819.19
1769.00	968.98
1770.00	2076.06
1771.00	5729.63
1772.00	10569.86
1773.00	13867.67
1774.00	11779.92
1775.00	8964.25
1776.00	6518.39
1777.00	4603.83
1778.00	3148.02
1779.00	2017.54
1780.00	1362.19
1781.00	1055.58
1782.00	922.17
1783.00	894.08
1784.00	837.91
1785.00	854.30
1786.00	877.70
1787.00	734.93
1788.00	779.40
1789.00	765.36
1790.00	807.48
1791.00	816.85
1792.00	812.17
1793.00	779.40
1794.00	851.96
1795.00	866.00
1796.00	758.33
1797.00	1046.22
1798.00	2223.51
1799.00	5041.51
1800.00	7901.65
1801.00	8997.02
1802.00	7171.40
1803.00	5231.10
1804.00	3964.87
1805.00	2626.08
1806.00	1734.34
1807.00	1263.89
1808.00	1004.09
1809.00	968.98
1810.00	880.04
1811.00	830.89
1812.00	873.02
1813.00	887.06
1814.00	788.76
1815.00	772.38
1816.00	866.00
1817.00	812.17
1818.00	774.72
1819.00	788.76
1820.00	758.33
1821.00	727.91
1822.00	791.10
1823.00	798.12
1824.00	802.80
1825.00	814.51
1826.00	901.11
1827.00	807.48
1828.00	802.80
1829.00	755.99
1830.00	772.38
1831.00	861.32
1832.00	763.01
1833.00	819.19
1834.00	716.20
1835.00	767.70
1836.00	753.65
1837.00	744.29
1838.00	777.06
1839.00	716.20
1840.00	793.44
1841.00	720.88
1842.00	770.04
1843.00	777.06
1844.00	746.63
1845.00	781.74
1846.00	732.59
1847.00	758.33
1848.00	697.48
1849.00	706.84
1850.00	720.88
1851.00	683.44
1852.00	718.54
1853.00	800.46
1854.00	723.23
1855.00	723.23
1856.00	725.57
1857.00	784.08
1858.00	807.48
1859.00	842.59
1860.00	720.88
1861.00	739.61
1862.00	725.57
1863.00	676.41
1864.00	809.83
1865.00	741.95
1866.00	786.42
1867.00	704.50
1868.00	758.33
1869.00	725.57
1870.00	753.65
1871.00	704.50
1872.00	748.97
1873.00	795.78
1874.00	720.88
1875.00	734.93
1876.00	723.23
1877.00	716.20
1878.00	713.86
1879.00	788.76
1880.00	774.72
1881.00	751.31
1882.00	699.82
1883.00	695.14
1884.00	765.36
1885.00	763.01
1886.00	753.65
1887.00	770.04
1888.00	713.86
1889.00	751.31
1890.00	781.74
1891.00	748.97
1892.00	763.01
1893.00	779.40
1894.00	795.78
1895.00	748.97
1896.00	660.03
1897.00	737.27
1898.00	692.80
1899.00	755.99
1900.00	690.46
1901.00	774.72
1902.00	725.57
1903.00	744.29
1904.00	795.78
1905.00	746.63
1906.00	753.65
1907.00	760.67
1908.00	704.50
1909.00	779.40
1910.00	765.36
1911.00	791.10
1912.00	798.12
1913.00	788.76
1914.00	807.48
1915.00	772.38
1916.00	819.19
1917.00	793.44
1918.00	798.12
1919.00	706.84
1920.00	727.91
1921.00	732.59
1922.00	716.20
1923.00	741.95
1924.00	784.08
1925.00	765.36
1926.00	763.01
1927.00	774.72
1928.00	758.33
1929.00	760.67
1930.00	774.72
1931.00	854.30
1932.00	709.18
1933.00	739.61
1934.00	751.31
1935.00	739.61
1936.00	727.91
1937.00	744.29
1938.00	734.93
1939.00	795.78
1940.00	709.18
1941.00	692.80
1942.00	744.29
1943.00	763.01
1944.00	788.76
1945.00	795.78
1946.00	807.48
1947.00	770.04
1948.00	788.76
1949.00	795.78
1950.00	730.25
1951.00	826.21
1952.00	1039.20
1953.00	2099.46
1954.00	4528.94
1955.00	6953.73
1956.00	7861.86
1957.00	5640.69
1958.00	3700.39
1959.00	2349.90
1960.00	1591.56
1961.00	1324.74
1962.00	1053.24
1963.00	987.71
1964.00	840.25
1965.00	863.66
1966.00	788.76
1967.00	770.04
1968.00	730.25
1969.00	812.17
1970.00	781.74
1971.00	814.51
1972.00	788.76
1973.00	741.95
1974.00	800.46
1975.00	711.52
1976.00	723.23
1977.00	791.10
1978.00	748.97
1979.00	793.44
1980.00	868.34
1981.00	1039.20
1982.00	1097.71
1983.00	1249.85
1984.00	994.73
1985.00	884.72
1986.00	894.08
1987.00	786.42
1988.00	887.06
1989.00	793.44
1990.00	734.93
1991.00	833.23
1992.00	753.65
1993.00	751.31
1994.00	814.51
1995.00	795.78
1996.00	737.27
1997.00	727.91
1998.00	753.65
1999.00	786.42
2000.00	741.95
2001.00	716.20
2002.00	814.51
2003.00	758.33
2004.00	760.67
2005.00	777.06
2006.00	732.59
2007.00	753.65
2008.00	758.33
2009.00	723.23
2010.00	837.91
2011.00	826.21
2012.00	751.31
2013.00	755.99
2014.00	760.67
2015.00	751.31
2016.00	763.01
2017.00	746.63
2018.00	674.07
2019.00	711.52
2020.00	741.95
2021.00	805.14
2022.00	765.36
2023.00	833.23
2024.00	795.78
2025.00	997.07
2026.00	1095.37
2027.00	1277.93
2028.00	1149.20
2029.00	1191.33
2030.00	2291.38
2031.00	6258.59
2032.00	11318.83
2033.00	15154.97
2034.00	13760.01
2035.00	9298.95
2036.00	6122.84
2037.00	3999.98
2038.00	2574.59
2039.00	1671.14
2040.00	1277.93
2041.00	1034.52
2042.00	898.77
2043.00	875.36
2044.00	812.17
2045.00	835.57
2046.00	807.48
2047.00	851.96
