0.00	716.20
1.00	716.20
2.00	716.20
3.00	641.31
4.00	580.45
5.00	594.50
6.00	599.18
7.00	603.86
8.00	585.13
9.00	585.13
10.00	578.11
11.00	535.98
12.00	575.77
13.00	601.52
14.00	561.73
15.00	606.20
16.00	543.00
17.00	599.18
18.00	589.82
19.00	638.97
20.00	566.41
21.00	578.11
22.00	603.86
23.00	603.86
24.00	664.71
25.00	688.12
26.00	688.12
27.00	718.54
28.00	713.86
29.00	737.27
30.00	692.80
31.00	671.73
32.00	781.74
33.00	613.22
34.00	664.71
35.00	753.65
36.00	786.42
37.00	716.20
38.00	753.65
39.00	781.74
40.00	760.67
41.00	748.97
42.00	685.78
43.00	645.99
44.00	702.16
45.00	746.63
46.00	709.18
47.00	737.27
48.00	748.97
49.00	713.86
50.00	741.95
51.00	681.10
52.00	809.83
53.00	800.46
54.00	760.67
55.00	704.50
56.00	746.63
57.00	704.50
58.00	767.70
59.00	819.19
60.00	774.72
61.00	681.10
62.00	760.67
63.00	758.33
64.00	777.06
65.00	706.84
66.00	697.48
67.00	751.31
68.00	739.61
69.00	725.57
70.00	760.67
71.00	709.18
72.00	725.57
73.00	812.17
74.00	657.69
75.00	709.18
76.00	739.61
77.00	741.95
78.00	662.37
79.00	739.61
80.00	660.03
81.00	737.27
82.00	755.99
83.00	685.78
84.00	732.59
85.00	709.18
86.00	727.91
87.00	685.78
88.00	734.93
89.00	744.29
90.00	699.82
91.00	746.63
92.00	711.52
93.00	727.91
94.00	781.74
95.00	723.23
96.00	688.12
97.00	690.46
98.00	772.38
99.00	676.41
100.00	674.07
101.00	774.72
102.00	688.12
103.00	739.61
104.00	690.46
105.00	739.61
106.00	746.63
107.00	711.52
108.00	706.84
109.00	854.30
110.00	763.01
111.00	767.70
112.00	732.59
113.00	753.65
114.00	704.50
115.00	702.16
116.00	767.70
117.00	795.78
118.00	704.50
119.00	704.50
120.00	770.04
121.00	755.99
122.00	699.82
123.00	723.23
124.00	753.65
125.00	767.70
126.00	723.23
127.00	709.18
128.00	690.46
129.00	699.82
130.00	727.91
131.00	763.01
132.00	760.67
133.00	741.95
134.00	748.97
135.00	723.23
136.00	730.25
137.00	739.61
138.00	781.74
139.00	716.20
140.00	702.16
141.00	683.44
142.00	732.59
143.00	725.57
144.00	732.59
145.00	800.46
146.00	758.33
147.00	823.87
148.00	784.08
149.00	758.33
150.00	685.78
151.00	706.84
152.00	643.65
153.00	723.23
154.00	723.23
155.00	755.99
156.00	746.63
157.00	772.38
158.00	727.91
159.00	683.44
160.00	725.57
161.00	791.10
162.00	798.12
163.00	746.63
164.00	744.29
165.00	683.44
166.00	748.97
167.00	718.54
168.00	746.63
169.00	730.25
170.00	723.23
171.00	823.87
172.00	807.48
173.00	713.86
174.00	770.04
175.00	744.29
176.00	730.25
177.00	760.67
178.00	720.88
179.00	704.50
180.00	753.65
181.00	730.25
182.00	683.44
183.00	709.18
184.00	805.14
185.00	772.38
186.00	713.86
187.00	685.78
188.00	744.29
189.00	765.36
190.00	741.95
191.00	767.70
192.00	706.84
193.00	709.18
194.00	781.74
195.00	823.87
196.00	798.12
197.00	809.83
198.00	800.46
199.00	770.04
200.00	755.99
201.00	746.63
202.00	730.25
203.00	695.14
204.00	709.18
205.00	823.87
206.00	779.40
207.00	741.95
208.00	774.72
209.00	800.46
210.00	770.04
211.00	737.27
212.00	774.72
213.00	730.25
214.00	730.25
215.00	713.86
216.00	744.29
217.00	805.14
218.00	774.72
219.00	779.40
220.00	732.59
221.00	744.29
222.00	755.99
223.00	748.97
224.00	781.74
225.00	741.95
226.00	786.42
227.00	755.99
228.00	767.70
229.00	723.23
230.00	730.25
231.00	772.38
232.00	788.76
233.00	676.41
234.00	795.78
235.00	781.74
236.00	730.25
237.00	692.80
238.00	748.97
239.00	716.20
240.00	755.99
241.00	741.95
242.00	720.88
243.00	795.78
244.00	737.27
245.00	760.67
246.00	713.86
247.00	791.10
248.00	793.44
249.00	713.86
250.00	744.29
251.00	798.12
252.00	746.63
253.00	685.78
254.00	730.25
255.00	786.42
256.00	744.29
257.00	828.55
258.00	784.08
259.00	753.65
260.00	788.76
261.00	685.78
262.00	753.65
263.00	807.48
264.00	798.12
265.00	779.40
266.00	741.95
267.00	770.04
268.00	807.48
269.00	791.10
270.00	784.08
271.00	730.25
272.00	795.78
273.00	887.06
274.00	866.00
275.00	814.51
276.00	755.99
277.00	807.48
278.00	781.74
279.00	772.38
280.00	774.72
281.00	849.61
282.00	697.48
283.00	732.59
284.00	734.93
285.00	720.88
286.00	753.65
287.00	793.44
288.00	821.53
289.00	725.57
290.00	713.86
291.00	667.05
292.00	767.70
293.00	786.42
294.00	704.50
295.00	746.63
296.00	774.72
297.00	725.57
298.00	767.70
299.00	802.80
300.00	748.97
301.00	816.85
302.00	744.29
303.00	849.61
304.00	709.18
305.00	737.27
306.00	741.95
307.00	767.70
308.00	814.51
309.00	828.55
310.00	842.59
311.00	767.70
312.00	744.29
313.00	753.65
314.00	765.36
315.00	706.84
316.00	741.95
317.00	781.74
318.00	770.04
319.00	739.61
320.00	805.14
321.00	688.12
322.00	777.06
323.00	751.31
324.00	739.61
325.00	716.20
326.00	777.06
327.00	795.78
328.00	725.57
329.00	795.78
330.00	763.01
331.00	671.73
332.00	725.57
333.00	716.20
334.00	737.27
335.00	718.54
336.00	744.29
337.00	765.36
338.00	821.53
339.00	760.67
340.00	718.54
341.00	692.80
342.00	739.61
343.00	737.27
344.00	758.33
345.00	793.44
346.00	823.87
347.00	784.08
348.00	830.89
349.00	915.15
350.00	870.68
351.00	767.70
352.00	826.21
353.00	777.06
354.00	786.42
355.00	774.72
356.00	798.12
357.00	798.12
358.00	798.12
359.00	739.61
360.00	713.86
361.00	711.52
362.00	767.70
363.00	823.87
364.00	763.01
365.00	741.95
366.00	788.76
367.00	779.40
368.00	678.76
369.00	751.31
370.00	753.65
371.00	784.08
372.00	774.72
373.00	767.70
374.00	753.65
375.00	706.84
376.00	791.10
377.00	791.10
378.00	713.86
379.00	814.51
380.00	849.61
381.00	765.36
382.00	758.33
383.00	734.93
384.00	697.48
385.00	770.04
386.00	788.76
387.00	765.36
388.00	819.19
389.00	800.46
390.00	746.63
391.00	744.29
392.00	765.36
393.00	737.27
394.00	791.10
395.00	699.82
396.00	739.61
397.00	720.88
398.00	732.59
399.00	716.20
400.00	795.78
401.00	800.46
402.00	755.99
403.00	748.97
404.00	737.27
405.00	828.55
406.00	798.12
407.00	781.74
408.00	779.40
409.00	730.25
410.00	753.65
411.00	758.33
412.00	744.29
413.00	758.33
414.00	774.72
415.00	741.95
416.00	772.38
417.00	755.99
418.00	767.70
419.00	800.46
420.00	697.48
421.00	763.01
422.00	732.59
423.00	746.63
424.00	737.27
425.00	690.46
426.00	816.85
427.00	826.21
428.00	723.23
429.00	791.10
430.00	777.06
431.00	840.25
432.00	833.23
433.00	716.20
434.00	725.57
435.00	767.70
436.00	814.51
437.00	723.23
438.00	772.38
439.00	809.83
440.00	774.72
441.00	802.80
442.00	802.80
443.00	753.65
444.00	795.78
445.00	751.31
446.00	807.48
447.00	681.10
448.00	828.55
449.00	868.34
450.00	739.61
451.00	730.25
452.00	767.70
453.00	819.19
454.00	793.44
455.00	746.63
456.00	751.31
457.00	732.59
458.00	793.44
459.00	739.61
460.00	784.08
461.00	840.25
462.00	744.29
463.00	760.67
464.00	709.18
465.00	903.45
466.00	784.08
467.00	770.04
468.00	746.63
469.00	774.72
470.00	760.67
471.00	683.44
472.00	807.48
473.00	819.19
474.00	723.23
475.00	744.29
476.00	795.78
477.00	784.08
478.00	816.85
479.00	713.86
480.00	723.23
481.00	725.57
482.00	779.40
483.00	699.82
484.00	763.01
485.00	779.40
486.00	753.65
487.00	809.83
488.00	692.80
489.00	781.74
490.00	809.83
491.00	772.38
492.00	737.27
493.00	767.70
494.00	772.38
495.00	751.31
496.00	833.23
497.00	760.67
498.00	812.17
499.00	737.27
500.00	753.65
501.00	667.05
502.00	753.65
503.00	744.29
504.00	798.12
505.00	784.08
506.00	791.10
507.00	866.00
508.00	777.06
509.00	809.83
510.00	770.04
511.00	702.16
512.00	772.38
513.00	784.08
514.00	847.27
515.00	765.36
516.00	737.27
517.00	786.42
518.00	737.27
519.00	725.57
520.00	751.31
521.00	798.12
522.00	774.72
523.00	837.91
524.00	734.93
525.00	788.76
526.00	791.10
527.00	802.80
528.00	779.40
529.00	765.36
530.00	734.93
531.00	781.74
532.00	727.91
533.00	802.80
534.00	826.21
535.00	784.08
536.00	781.74
537.00	821.53
538.00	767.70
539.00	770.04
540.00	770.04
541.00	718.54
542.00	795.78
543.00	774.72
544.00	725.57
545.00	746.63
546.00	734.93
547.00	704.50
548.00	791.10
549.00	779.40
550.00	718.54
551.00	835.57
552.00	777.06
553.00	800.46
554.00	793.44
555.00	828.55
556.00	814.51
557.00	826.21
558.00	751.31
559.00	777.06
560.00	741.95
561.00	737.27
562.00	767.70
563.00	744.29
564.00	774.72
565.00	767.70
566.00	704.50
567.00	758.33
568.00	751.31
569.00	774.72
570.00	765.36
571.00	713.86
572.00	807.48
573.00	788.76
574.00	819.19
575.00	828.55
576.00	816.85
577.00	849.61
578.00	753.65
579.00	746.63
580.00	741.95
581.00	833.23
582.00	809.83
583.00	819.19
584.00	753.65
585.00	753.65
586.00	809.83
587.00	793.44
588.00	781.74
589.00	793.44
590.00	763.01
591.00	795.78
592.00	779.40
593.00	844.93
594.00	690.46
595.00	788.76
596.00	774.72
597.00	709.18
598.00	739.61
599.00	819.19
600.00	805.14
601.00	753.65
602.00	777.06
603.00	812.17
604.00	800.46
605.00	737.27
606.00	784.08
607.00	737.27
608.00	795.78
609.00	793.44
610.00	730.25
611.00	739.61
612.00	793.44
613.00	844.93
614.00	798.12
615.00	807.48
616.00	793.44
617.00	819.19
618.00	725.57
619.00	823.87
620.00	800.46
621.00	833.23
622.00	692.80
623.00	828.55
624.00	791.10
625.00	805.14
626.00	737.27
627.00	772.38
628.00	795.78
629.00	798.12
630.00	863.66
631.00	777.06
632.00	753.65
633.00	763.01
634.00	807.48
635.00	774.72
636.00	781.74
637.00	777.06
638.00	755.99
639.00	704.50
640.00	784.08
641.00	763.01
642.00	861.32
643.00	760.67
644.00	774.72
645.00	767.70
646.00	746.63
647.00	755.99
648.00	763.01
649.00	690.46
650.00	791.10
651.00	833.23
652.00	758.33
653.00	795.78
654.00	833.23
655.00	784.08
656.00	753.65
657.00	840.25
658.00	781.74
659.00	774.72
660.00	774.72
661.00	812.17
662.00	774.72
663.00	809.83
664.00	744.29
665.00	823.87
666.00	826.21
667.00	774.72
668.00	755.99
669.00	758.33
670.00	793.44
671.00	788.76
672.00	807.48
673.00	781.74
674.00	884.72
675.00	819.19
676.00	809.83
677.00	812.17
678.00	795.78
679.00	821.53
680.00	805.14
681.00	816.85
682.00	781.74
683.00	795.78
684.00	779.40
685.00	732.59
686.00	770.04
687.00	777.06
688.00	772.38
689.00	779.40
690.00	828.55
691.00	784.08
692.00	786.42
693.00	765.36
694.00	791.10
695.00	784.08
696.00	849.61
697.00	856.64
698.00	875.36
699.00	842.59
700.00	870.68
701.00	795.78
702.00	704.50
703.00	779.40
704.00	774.72
705.00	774.72
706.00	830.89
707.00	791.10
708.00	826.21
709.00	732.59
710.00	784.08
711.00	753.65
712.00	809.83
713.00	819.19
714.00	816.85
715.00	786.42
716.00	793.44
717.00	875.36
718.00	784.08
719.00	847.27
720.00	784.08
721.00	812.17
722.00	828.55
723.00	676.41
724.00	781.74
725.00	819.19
726.00	772.38
727.00	856.64
728.00	795.78
729.00	830.89
730.00	863.66
731.00	828.55
732.00	840.25
733.00	793.44
734.00	828.55
735.00	849.61
736.00	875.36
737.00	816.85
738.00	840.25
739.00	847.27
740.00	823.87
741.00	751.31
742.00	781.74
743.00	800.46
744.00	798.12
745.00	837.91
746.00	889.40
747.00	809.83
748.00	788.76
749.00	739.61
750.00	791.10
751.00	737.27
752.00	793.44
753.00	835.57
754.00	812.17
755.00	828.55
756.00	856.64
757.00	781.74
758.00	770.04
759.00	812.17
760.00	786.42
761.00	866.00
762.00	842.59
763.00	819.19
764.00	800.46
765.00	833.23
766.00	819.19
767.00	763.01
768.00	737.27
769.00	884.72
770.00	795.78
771.00	835.57
772.00	791.10
773.00	835.57
774.00	788.76
775.00	814.51
776.00	828.55
777.00	821.53
778.00	833.23
779.00	858.98
780.00	880.04
781.00	821.53
782.00	821.53
783.00	952.60
784.00	863.66
785.00	798.12
786.00	847.27
787.00	882.38
788.00	805.14
789.00	894.08
790.00	772.38
791.00	842.59
792.00	873.02
793.00	840.25
794.00	784.08
795.00	821.53
796.00	809.83
797.00	718.54
798.00	835.57
799.00	795.78
800.00	772.38
801.00	802.80
802.00	835.57
803.00	830.89
804.00	795.78
805.00	753.65
806.00	826.21
807.00	784.08
808.00	828.55
809.00	882.38
810.00	805.14
811.00	739.61
812.00	760.67
813.00	793.44
814.00	828.55
815.00	826.21
816.00	844.93
817.00	770.04
818.00	800.46
819.00	812.17
820.00	802.80
821.00	772.38
822.00	823.87
823.00	861.32
824.00	812.17
825.00	837.91
826.00	875.36
827.00	861.32
828.00	800.46
829.00	819.19
830.00	891.74
831.00	716.20
832.00	751.31
833.00	807.48
834.00	809.83
835.00	814.51
836.00	784.08
837.00	915.15
838.00	823.87
839.00	847.27
840.00	866.00
841.00	777.06
842.00	802.80
843.00	777.06
844.00	842.59
845.00	816.85
846.00	751.31
847.00	737.27
848.00	774.72
849.00	784.08
850.00	784.08
851.00	816.85
852.00	807.48
853.00	823.87
854.00	821.53
855.00	870.68
856.00	858.98
857.00	844.93
858.00	812.17
859.00	753.65
860.00	812.17
861.00	847.27
862.00	912.81
863.00	837.91
864.00	819.19
865.00	819.19
866.00	779.40
867.00	730.25
868.00	744.29
869.00	758.33
870.00	856.64
871.00	823.87
872.00	891.74
873.00	858.98
874.00	748.97
875.00	830.89
876.00	828.55
877.00	854.30
878.00	835.57
879.00	823.87
880.00	758.33
881.00	873.02
882.00	844.93
883.00	875.36
884.00	908.13
885.00	816.85
886.00	851.96
887.00	868.34
888.00	814.51
889.00	814.51
890.00	833.23
891.00	800.46
892.00	851.96
893.00	816.85
894.00	863.66
895.00	863.66
896.00	858.98
897.00	919.83
898.00	842.59
899.00	814.51
900.00	863.66
901.00	809.83
902.00	791.10
903.00	844.93
904.00	866.00
905.00	950.26
906.00	912.81
907.00	945.58
908.00	931.53
909.00	945.58
910.00	856.64
911.00	938.55
912.00	842.59
913.00	985.37
914.00	915.15
915.00	889.40
916.00	863.66
917.00	847.27
918.00	884.72
919.00	770.04
920.00	821.53
921.00	767.70
922.00	828.55
923.00	854.30
924.00	751.31
925.00	821.53
926.00	774.72
927.00	819.19
928.00	821.53
929.00	837.91
930.00	837.91
931.00	828.55
932.00	833.23
933.00	861.32
934.00	779.40
935.00	863.66
936.00	905.79
937.00	830.89
938.00	819.19
939.00	821.53
940.00	866.00
941.00	873.02
942.00	798.12
943.00	786.42
944.00	884.72
945.00	854.30
946.00	1151.54
947.00	1591.56
948.00	1975.41
949.00	1860.73
950.00	1430.07
951.00	1359.85
952.00	1198.35
953.00	1090.69
954.00	1011.11
955.00	835.57
956.00	858.98
957.00	901.11
958.00	826.21
959.00	877.70
960.00	868.34
961.00	755.99
962.00	812.17
963.00	798.12
964.00	870.68
965.00	887.06
966.00	823.87
967.00	877.70
968.00	800.46
969.00	809.83
970.00	889.40
971.00	823.87
972.00	826.21
973.00	772.38
974.00	821.53
975.00	772.38
976.00	819.19
977.00	800.46
978.00	903.45
979.00	821.53
980.00	840.25
981.00	800.46
982.00	849.61
983.00	746.63
984.00	894.08
985.00	793.44
986.00	851.96
987.00	821.53
988.00	807.48
989.00	840.25
990.00	819.19
991.00	880.04
992.00	830.89
993.00	866.00
994.00	812.17
995.00	753.65
996.00	866.00
997.00	748.97
998.00	849.61
999.00	798.12
1000.00	828.55
1001.00	830.89
1002.00	791.10
1003.00	858.98
1004.00	807.48
1005.00	795.78
1006.00	858.98
1007.00	828.55
1008.00	833.23
1009.00	842.59
1010.00	889.40
1011.00	983.02
1012.00	851.96
1013.00	812.17
1014.00	837.91
1015.00	866.00
1016.00	777.06
1017.00	828.55
1018.00	777.06
1019.00	877.70
1020.00	840.25
1021.00	898.77
1022.00	866.00
1023.00	863.66
1024.00	842.59
1025.00	828.55
1026.00	823.87
1027.00	751.31
1028.00	842.59
1029.00	814.51
1030.00	772.38
1031.00	851.96
1032.00	863.66
1033.00	840.25
1034.00	786.42
1035.00	840.25
1036.00	908.13
1037.00	830.89
1038.00	779.40
1039.00	807.48
1040.00	866.00
1041.00	793.44
1042.00	833.23
1043.00	849.61
1044.00	849.61
1045.00	805.14
1046.00	950.26
1047.00	842.59
1048.00	844.93
1049.00	868.34
1050.00	812.17
1051.00	837.91
1052.00	772.38
1053.00	786.42
1054.00	887.06
1055.00	863.66
1056.00	772.38
1057.00	798.12
1058.00	748.97
1059.00	814.51
1060.00	849.61
1061.00	821.53
1062.00	786.42
1063.00	842.59
1064.00	812.17
1065.00	791.10
1066.00	737.27
1067.00	861.32
1068.00	854.30
1069.00	793.44
1070.00	760.67
1071.00	737.27
1072.00	847.27
1073.00	748.97
1074.00	882.38
1075.00	777.06
1076.00	830.89
1077.00	786.42
1078.00	821.53
1079.00	802.80
1080.00	880.04
1081.00	809.83
1082.00	849.61
1083.00	842.59
1084.00	802.80
1085.00	786.42
1086.00	800.46
1087.00	791.10
1088.00	737.27
1089.00	849.61
1090.00	812.17
1091.00	847.27
1092.00	854.30
1093.00	840.25
1094.00	795.78
1095.00	896.43
1096.00	870.68
1097.00	798.12
1098.00	802.80
1099.00	877.70
1100.00	884.72
1101.00	851.96
1102.00	830.89
1103.00	863.66
1104.00	877.70
1105.00	861.32
1106.00	880.04
1107.00	849.61
1108.00	910.47
1109.00	858.98
1110.00	868.34
1111.00	781.74
1112.00	772.38
1113.00	844.93
1114.00	816.85
1115.00	779.40
1116.00	821.53
1117.00	851.96
1118.00	788.76
1119.00	779.40
1120.00	795.78
1121.00	788.76
1122.00	849.61
1123.00	884.72
1124.00	837.91
1125.00	910.47
1126.00	880.04
1127.00	802.80
1128.00	816.85
1129.00	828.55
1130.00	922.17
1131.00	842.59
1132.00	858.98
1133.00	877.70
1134.00	781.74
1135.00	807.48
1136.00	840.25
1137.00	847.27
1138.00	826.21
1139.00	858.98
1140.00	793.44
1141.00	868.34
1142.00	866.00
1143.00	837.91
1144.00	826.21
1145.00	851.96
1146.00	830.89
1147.00	840.25
1148.00	805.14
1149.00	842.59
1150.00	812.17
1151.00	812.17
1152.00	837.91
1153.00	828.55
1154.00	826.21
1155.00	828.55
1156.00	798.12
1157.00	861.32
1158.00	917.49
1159.00	908.13
1160.00	880.04
1161.00	849.61
1162.00	849.61
1163.00	828.55
1164.00	915.15
1165.00	870.68
1166.00	933.87
1167.00	1100.05
1168.00	1231.12
1169.00	1324.74
1170.00	1135.16
1171.00	1123.46
1172.00	1027.50
1173.00	980.68
1174.00	999.41
1175.00	945.58
1176.00	917.49
1177.00	898.77
1178.00	858.98
1179.00	814.51
1180.00	915.15
1181.00	828.55
1182.00	875.36
1183.00	868.34
1184.00	917.49
1185.00	835.57
1186.00	837.91
1187.00	919.83
1188.00	880.04
1189.00	868.34
1190.00	873.02
1191.00	894.08
1192.00	929.19
1193.00	950.26
1194.00	896.43
1195.00	926.85
1196.00	873.02
1197.00	922.17
1198.00	938.55
1199.00	915.15
1200.00	959.62
1201.00	1034.52
1202.00	1050.90
1203.00	1179.63
1204.00	1196.01
1205.00	1039.20
1206.00	1083.67
1207.00	1071.97
1208.00	1083.67
1209.00	1039.20
1210.00	1067.28
1211.00	1062.60
1212.00	1015.79
1213.00	1107.07
1214.00	1081.33
1215.00	1153.88
1216.00	1268.57
1217.00	1373.89
1218.00	1533.05
1219.00	1727.32
1220.00	3206.53
1221.00	17607.85
1222.00	49434.45
1223.00	63313.83
1224.00	62553.16
1225.00	54602.36
1226.00	40847.03
1227.00	30738.26
1228.00	25010.96
1229.00	17848.93
1230.00	8777.01
1231.00	3688.68
1232.00	2057.33
1233.00	1603.27
1234.00	1418.36
1235.00	1394.96
1236.00	1240.48
1237.00	1270.91
1238.00	1198.35
1239.00	1434.75
1240.00	3110.57
1241.00	5453.45
1242.00	6424.77
1243.00	5586.86
1244.00	4161.47
1245.00	3199.51
1246.00	2759.49
1247.00	2382.67
1248.00	1776.47
1249.00	1210.06
1250.00	1071.97
1251.00	954.94
1252.00	950.26
1253.00	1050.90
1254.00	1004.09
1255.00	1034.52
1256.00	1025.15
1257.00	1064.94
1258.00	1027.50
1259.00	990.05
1260.00	983.02
1261.00	1015.79
1262.00	971.32
1263.00	964.30
1264.00	940.90
1265.00	983.02
1266.00	926.85
1267.00	908.13
1268.00	891.74
1269.00	919.83
1270.00	877.70
1271.00	901.11
1272.00	891.74
1273.00	833.23
1274.00	847.27
1275.00	875.36
1276.00	896.43
1277.00	861.32
1278.00	1011.11
1279.00	2340.54
1280.00	6148.59
1281.00	10176.65
1282.00	11250.96
1283.00	8702.11
1284.00	6565.20
1285.00	4894.06
1286.00	4105.30
1287.00	3356.33
1288.00	2146.27
1289.00	1366.87
1290.00	968.98
1291.00	912.81
1292.00	887.06
1293.00	950.26
1294.00	940.90
1295.00	1046.22
1296.00	950.26
1297.00	894.08
1298.00	1053.24
1299.00	1584.54
1300.00	2413.09
1301.00	3192.49
1302.00	2827.37
1303.00	2352.24
1304.00	1846.68
1305.00	1664.12
1306.00	1462.83
1307.00	1252.19
1308.00	1062.60
1309.00	971.32
1310.00	1004.09
1311.00	987.71
1312.00	882.38
1313.00	884.72
1314.00	851.96
1315.00	858.98
1316.00	847.27
1317.00	858.98
1318.00	863.66
1319.00	835.57
1320.00	910.47
1321.00	826.21
1322.00	833.23
1323.00	823.87
1324.00	844.93
1325.00	840.25
1326.00	835.57
1327.00	821.53
1328.00	866.00
1329.00	826.21
1330.00	887.06
1331.00	896.43
1332.00	903.45
1333.00	1006.43
1334.00	1739.02
1335.00	2731.41
1336.00	3344.63
1337.00	3030.99
1338.00	2452.88
1339.00	2026.90
1340.00	1764.76
1341.00	1593.90
1342.00	1313.04
1343.00	901.11
1344.00	922.17
1345.00	858.98
1346.00	898.77
1347.00	840.25
1348.00	936.21
1349.00	858.98
1350.00	908.13
1351.00	917.49
1352.00	922.17
1353.00	887.06
1354.00	884.72
1355.00	931.53
1356.00	894.08
1357.00	898.77
1358.00	936.21
1359.00	952.60
1360.00	880.04
1361.00	1102.39
1362.00	2214.15
1363.00	5448.77
1364.00	8847.22
1365.00	9451.08
1366.00	7353.96
1367.00	5322.38
1368.00	4121.68
1369.00	3426.54
1370.00	2796.94
1371.00	1888.81
1372.00	1394.96
1373.00	1165.59
1374.00	1086.01
1375.00	1193.67
1376.00	2956.10
1377.00	8531.25
1378.00	14843.68
1379.00	16980.59
1380.00	12966.57
1381.00	9343.42
1382.00	6895.22
1383.00	5598.56
1384.00	4409.57
1385.00	2731.41
1386.00	1657.10
1387.00	1231.12
1388.00	1104.73
1389.00	919.83
1390.00	997.07
1391.00	875.36
1392.00	1015.79
1393.00	926.85
1394.00	912.81
1395.00	912.81
1396.00	938.55
1397.00	1001.75
1398.00	1137.50
1399.00	1217.08
1400.00	1327.08
1401.00	1203.04
1402.00	1242.82
1403.00	1177.29
1404.00	1226.44
1405.00	1191.33
1406.00	1987.11
1407.00	7964.84
1408.00	19232.18
1409.00	28013.87
1410.00	24547.54
1411.00	17582.10
1412.00	12395.48
1413.00	9383.21
1414.00	7660.57
1415.00	5205.35
1416.00	2752.47
1417.00	1621.99
1418.00	1233.46
1419.00	1174.95
1420.00	1870.09
1421.00	4208.28
1422.00	6843.73
1423.00	7391.41
1424.00	5776.44
1425.00	4217.65
1426.00	3176.11
1427.00	2803.96
1428.00	2125.21
1429.00	1490.92
1430.00	1181.97
1431.00	1086.01
1432.00	938.55
1433.00	861.32
1434.00	936.21
1435.00	1011.11
1436.00	917.49
1437.00	856.64
1438.00	856.64
1439.00	891.74
1440.00	863.66
1441.00	959.62
1442.00	875.36
1443.00	842.59
1444.00	854.30
1445.00	823.87
1446.00	854.30
1447.00	844.93
1448.00	833.23
1449.00	898.77
1450.00	924.51
1451.00	889.40
1452.00	849.61
1453.00	898.77
1454.00	964.30
1455.00	1261.55
1456.00	2513.74
1457.00	3992.95
1458.00	4926.83
1459.00	4035.08
1460.00	3019.29
1461.00	2258.62
1462.00	2125.21
1463.00	1743.70
1464.00	1303.68
1465.00	1100.05
1466.00	997.07
1467.00	861.32
1468.00	814.51
1469.00	844.93
1470.00	861.32
1471.00	912.81
1472.00	833.23
1473.00	814.51
1474.00	837.91
1475.00	837.91
1476.00	873.02
1477.00	849.61
1478.00	919.83
1479.00	952.60
1480.00	887.06
1481.00	889.40
1482.00	940.90
1483.00	849.61
1484.00	905.79
1485.00	952.60
1486.00	959.62
1487.00	1177.29
1488.00	3592.72
1489.00	8950.21
1490.00	14080.66
1491.00	14040.87
1492.00	10448.15
1493.00	7316.51
1494.00	5645.37
1495.00	4615.54
1496.00	3255.69
1497.00	1975.41
1498.00	1259.21
1499.00	1097.71
1500.00	968.98
1501.00	908.13
1502.00	828.55
1503.00	837.91
1504.00	877.70
1505.00	945.58
1506.00	793.44
1507.00	809.83
1508.00	926.85
1509.00	894.08
1510.00	910.47
1511.00	894.08
1512.00	863.66
1513.00	1139.84
1514.00	2083.08
1515.00	3618.47
1516.00	4250.41
1517.00	3588.04
1518.00	2864.82
1519.00	2155.63
1520.00	1928.60
1521.00	1645.40
1522.00	1369.21
1523.00	1086.01
1524.00	830.89
1525.00	926.85
1526.00	912.81
1527.00	840.25
1528.00	877.70
1529.00	875.36
1530.00	957.28
1531.00	1020.47
1532.00	1083.67
1533.00	1982.43
1534.00	5076.62
1535.00	8814.46
1536.00	10129.84
1537.00	8152.09
1538.00	5856.02
1539.00	4386.16
1540.00	3698.05
1541.00	2832.05
1542.00	1937.96
1543.00	1287.29
1544.00	943.24
1545.00	973.66
1546.00	896.43
1547.00	931.53
1548.00	898.77
1549.00	891.74
1550.00	915.15
1551.00	851.96
1552.00	837.91
1553.00	903.45
1554.00	931.53
1555.00	891.74
1556.00	919.83
1557.00	929.19
1558.00	851.96
1559.00	896.43
1560.00	950.26
1561.00	971.32
1562.00	898.77
1563.00	1078.99
1564.00	1086.01
1565.00	1385.60
1566.00	4327.65
1567.00	11342.24
1568.00	18157.88
1569.00	18562.79
1570.00	12975.93
1571.00	9511.94
1572.00	7063.74
1573.00	5673.46
1574.00	4107.64
1575.00	2366.28
1576.00	1521.35
1577.00	1322.40
1578.00	1797.53
1579.00	6293.70
1580.00	17348.05
1581.00	28776.89
1582.00	29490.75
1583.00	21137.38
1584.00	14714.95
1585.00	10827.32
1586.00	8667.00
1587.00	5844.32
1588.00	3183.13
1589.00	1879.45
1590.00	1282.61
1591.00	1064.94
1592.00	1043.88
1593.00	973.66
1594.00	961.96
1595.00	863.66
1596.00	926.85
1597.00	816.85
1598.00	966.64
1599.00	896.43
1600.00	866.00
1601.00	849.61
1602.00	887.06
1603.00	861.32
1604.00	793.44
1605.00	837.91
1606.00	856.64
1607.00	877.70
1608.00	854.30
1609.00	833.23
1610.00	741.95
1611.00	851.96
1612.00	746.63
1613.00	840.25
1614.00	767.70
1615.00	840.25
1616.00	814.51
1617.00	903.45
1618.00	819.19
1619.00	819.19
1620.00	849.61
1621.00	840.25
1622.00	849.61
1623.00	844.93
1624.00	877.70
1625.00	826.21
1626.00	866.00
1627.00	835.57
1628.00	795.78
1629.00	873.02
1630.00	781.74
1631.00	837.91
1632.00	826.21
1633.00	802.80
1634.00	812.17
1635.00	877.70
1636.00	807.48
1637.00	795.78
1638.00	812.17
1639.00	791.10
1640.00	889.40
1641.00	903.45
1642.00	837.91
1643.00	821.53
1644.00	875.36
1645.00	835.57
1646.00	866.00
1647.00	966.64
1648.00	931.53
1649.00	1095.37
1650.00	2619.06
1651.00	7611.42
1652.00	13032.10
1653.00	15807.98
1654.00	12393.14
1655.00	9006.38
1656.00	6516.05
1657.00	5125.77
1658.00	3866.56
1659.00	2471.61
1660.00	1432.41
1661.00	1034.52
1662.00	1006.43
1663.00	868.34
1664.00	896.43
1665.00	880.04
1666.00	873.02
1667.00	959.62
1668.00	1249.85
1669.00	2708.00
1670.00	4718.52
1671.00	5722.61
1672.00	4926.83
1673.00	3850.18
1674.00	2956.10
1675.00	2389.69
1676.00	1952.01
1677.00	1446.45
1678.00	1067.28
1679.00	964.30
1680.00	847.27
1681.00	830.89
1682.00	802.80
1683.00	823.87
1684.00	767.70
1685.00	821.53
1686.00	793.44
1687.00	781.74
1688.00	772.38
1689.00	779.40
1690.00	779.40
1691.00	805.14
1692.00	819.19
1693.00	786.42
1694.00	835.57
1695.00	784.08
1696.00	823.87
1697.00	854.30
1698.00	793.44
1699.00	870.68
1700.00	868.34
1701.00	854.30
1702.00	840.25
1703.00	819.19
1704.00	889.40
1705.00	767.70
1706.00	844.93
1707.00	814.51
1708.00	767.70
1709.00	791.10
1710.00	873.02
1711.00	842.59
1712.00	849.61
1713.00	870.68
1714.00	1355.17
1715.00	3431.23
1716.00	6188.38
1717.00	7777.60
1718.00	6869.47
1719.00	5320.04
1720.00	3915.72
1721.00	3136.32
1722.00	2253.94
1723.00	1640.72
1724.00	1231.12
1725.00	987.71
1726.00	828.55
1727.00	816.85
1728.00	854.30
1729.00	823.87
1730.00	875.36
1731.00	826.21
1732.00	763.01
1733.00	744.29
1734.00	767.70
1735.00	802.80
1736.00	800.46
1737.00	851.96
1738.00	851.96
1739.00	767.70
1740.00	779.40
1741.00	795.78
1742.00	830.89
1743.00	753.65
1744.00	683.44
1745.00	777.06
1746.00	774.72
1747.00	821.53
1748.00	774.72
1749.00	837.91
1750.00	786.42
1751.00	779.40
1752.00	730.25
1753.00	847.27
1754.00	786.42
1755.00	844.93
1756.00	880.04
1757.00	880.04
1758.00	849.61
1759.00	837.91
1760.00	880.04
1761.00	767.70
1762.00	802.80
1763.00	777.06
1764.00	828.55
1765.00	866.00
1766.00	807.48
1767.00	912.81
1768.00	910.47
1769.00	1034.52
1770.00	1949.67
1771.00	5692.18
1772.00	10504.32
1773.00	13591.49
1774.00	11681.61
1775.00	8961.91
1776.00	6263.27
1777.00	4667.03
1778.00	2970.14
1779.00	1895.83
1780.00	1315.38
1781.00	1116.44
1782.00	964.30
1783.00	880.04
1784.00	910.47
1785.00	877.70
1786.00	875.36
1787.00	781.74
1788.00	781.74
1789.00	821.53
1790.00	809.83
1791.00	875.36
1792.00	840.25
1793.00	767.70
1794.00	770.04
1795.00	896.43
1796.00	812.17
1797.00	1008.77
1798.00	2253.94
1799.00	4994.70
1800.00	7786.96
1801.00	8667.00
1802.00	7089.48
1803.00	5235.78
1804.00	3777.62
1805.00	2597.99
1806.00	1722.63
1807.00	1345.81
1808.00	1029.84
1809.00	915.15
1810.00	978.34
1811.00	894.08
1812.00	765.36
1813.00	823.87
1814.00	737.27
1815.00	833.23
1816.00	823.87
1817.00	814.51
1818.00	786.42
1819.00	779.40
1820.00	805.14
1821.00	777.06
1822.00	830.89
1823.00	819.19
1824.00	821.53
1825.00	910.47
1826.00	821.53
1827.00	898.77
1828.00	870.68
1829.00	856.64
1830.00	875.36
1831.00	819.19
1832.00	847.27
1833.00	894.08
1834.00	788.76
1835.00	774.72
1836.00	763.01
1837.00	819.19
1838.00	844.93
1839.00	781.74
1840.00	800.46
1841.00	734.93
1842.00	830.89
1843.00	802.80
1844.00	755.99
1845.00	781.74
1846.00	732.59
1847.00	704.50
1848.00	777.06
1849.00	760.67
1850.00	788.76
1851.00	800.46
1852.00	753.65
1853.00	774.72
1854.00	772.38
1855.00	779.40
1856.00	744.29
1857.00	727.91
1858.00	781.74
1859.00	732.59
1860.00	727.91
1861.00	774.72
1862.00	793.44
1863.00	807.48
1864.00	739.61
1865.00	805.14
1866.00	793.44
1867.00	784.08
1868.00	823.87
1869.00	727.91
1870.00	744.29
1871.00	767.70
1872.00	737.27
1873.00	793.44
1874.00	793.44
1875.00	788.76
1876.00	763.01
1877.00	763.01
1878.00	868.34
1879.00	833.23
1880.00	748.97
1881.00	711.52
1882.00	767.70
1883.00	774.72
1884.00	758.33
1885.00	758.33
1886.00	816.85
1887.00	739.61
1888.00	746.63
1889.00	842.59
1890.00	798.12
1891.00	840.25
1892.00	725.57
1893.00	753.65
1894.00	786.42
1895.00	765.36
1896.00	718.54
1897.00	744.29
1898.00	704.50
1899.00	791.10
1900.00	732.59
1901.00	746.63
1902.00	739.61
1903.00	730.25
1904.00	748.97
1905.00	795.78
1906.00	732.59
1907.00	786.42
1908.00	716.20
1909.00	847.27
1910.00	819.19
1911.00	800.46
1912.00	851.96
1913.00	828.55
1914.00	819.19
1915.00	828.55
1916.00	784.08
1917.00	793.44
1918.00	737.27
1919.00	741.95
1920.00	795.78
1921.00	798.12
1922.00	793.44
1923.00	798.12
1924.00	791.10
1925.00	739.61
1926.00	753.65
1927.00	725.57
1928.00	763.01
1929.00	772.38
1930.00	819.19
1931.00	777.06
1932.00	674.07
1933.00	748.97
1934.00	777.06
1935.00	816.85
1936.00	755.99
1937.00	802.80
1938.00	779.40
1939.00	821.53
1940.00	732.59
1941.00	748.97
1942.00	793.44
1943.00	758.33
1944.00	844.93
1945.00	786.42
1946.00	788.76
1947.00	739.61
1948.00	781.74
1949.00	777.06
1950.00	760.67
1951.00	844.93
1952.00	1083.67
1953.00	2139.25
1954.00	4636.60
1955.00	6970.12
1956.00	7599.72
1957.00	5406.64
1958.00	3583.36
1959.00	2307.77
1960.00	1633.69
1961.00	1240.48
1962.00	1025.15
1963.00	985.37
1964.00	891.74
1965.00	793.44
1966.00	755.99
1967.00	758.33
1968.00	748.97
1969.00	758.33
1970.00	798.12
1971.00	821.53
1972.00	767.70
1973.00	819.19
1974.00	814.51
1975.00	770.04
1976.00	786.42
1977.00	767.70
1978.00	739.61
1979.00	781.74
1980.00	877.70
1981.00	1076.65
1982.00	1123.46
1983.00	1249.85
1984.00	1015.79
1985.00	987.71
1986.00	957.28
1987.00	844.93
1988.00	858.98
1989.00	821.53
1990.00	840.25
1991.00	777.06
1992.00	837.91
1993.00	758.33
1994.00	807.48
1995.00	784.08
1996.00	765.36
1997.00	767.70
1998.00	741.95
1999.00	681.10
2000.00	772.38
2001.00	753.65
2002.00	765.36
2003.00	835.57
2004.00	788.76
2005.00	791.10
2006.00	786.42
2007.00	791.10
2008.00	746.63
2009.00	763.01
2010.00	788.76
2011.00	770.04
2012.00	807.48
2013.00	793.44
2014.00	779.40
2015.00	858.98
2016.00	774.72
2017.00	861.32
2018.00	819.19
2019.00	819.19
2020.00	772.38
2021.00	814.51
2022.00	795.78
2023.00	856.64
2024.00	847.27
2025.00	983.02
2026.00	1139.84
2027.00	1196.01
2028.00	1088.35
2029.00	1130.48
2030.00	2207.13
2031.00	6298.38
2032.00	11370.32
2033.00	14778.14
2034.00	13448.72
2035.00	9092.98
2036.00	5846.66
2037.00	3815.07
2038.00	2438.84
2039.00	1710.93
2040.00	1263.89
2041.00	1032.18
2042.00	877.70
2043.00	840.25
2044.00	908.13
2045.00	805.14
2046.00	781.74
2047.00	830.89
