0.00	699.82
1.00	699.82
2.00	699.82
3.00	587.47
4.00	587.47
5.00	557.05
6.00	505.56
7.00	564.07
8.00	587.47
9.00	669.39
10.00	531.30
11.00	631.94
12.00	552.37
13.00	638.97
14.00	493.85
15.00	575.77
16.00	557.05
17.00	589.82
18.00	580.45
19.00	624.92
20.00	648.33
21.00	688.12
22.00	552.37
23.00	634.29
24.00	638.97
25.00	624.92
26.00	702.16
27.00	732.59
28.00	681.10
29.00	755.99
30.00	688.12
31.00	678.76
32.00	716.20
33.00	692.80
34.00	716.20
35.00	709.18
36.00	737.27
37.00	734.93
38.00	741.95
39.00	727.91
40.00	786.42
41.00	739.61
42.00	814.51
43.00	716.20
44.00	697.48
45.00	746.63
46.00	727.91
47.00	716.20
48.00	730.25
49.00	713.86
50.00	725.57
51.00	683.44
52.00	741.95
53.00	720.88
54.00	706.84
55.00	760.67
56.00	760.67
57.00	697.48
58.00	727.91
59.00	690.46
60.00	744.29
61.00	760.67
62.00	725.57
63.00	779.40
64.00	744.29
65.00	774.72
66.00	751.31
67.00	758.33
68.00	732.59
69.00	798.12
70.00	720.88
71.00	713.86
72.00	739.61
73.00	711.52
74.00	755.99
75.00	751.31
76.00	772.38
77.00	657.69
78.00	758.33
79.00	791.10
80.00	732.59
81.00	763.01
82.00	746.63
83.00	779.40
84.00	716.20
85.00	716.20
86.00	699.82
87.00	725.57
88.00	723.23
89.00	753.65
90.00	763.01
91.00	800.46
92.00	760.67
93.00	763.01
94.00	690.46
95.00	802.80
96.00	713.86
97.00	718.54
98.00	695.14
99.00	760.67
100.00	739.61
101.00	748.97
102.00	718.54
103.00	702.16
104.00	697.48
105.00	699.82
106.00	688.12
107.00	713.86
108.00	795.78
109.00	730.25
110.00	723.23
111.00	690.46
112.00	716.20
113.00	770.04
114.00	732.59
115.00	723.23
116.00	688.12
117.00	791.10
118.00	758.33
119.00	767.70
120.00	779.40
121.00	716.20
122.00	741.95
123.00	774.72
124.00	777.06
125.00	753.65
126.00	727.91
127.00	723.23
128.00	692.80
129.00	688.12
130.00	716.20
131.00	732.59
132.00	734.93
133.00	716.20
134.00	760.67
135.00	741.95
136.00	716.20
137.00	692.80
138.00	671.73
139.00	737.27
140.00	678.76
141.00	777.06
142.00	706.84
143.00	777.06
144.00	702.16
145.00	791.10
146.00	702.16
147.00	755.99
148.00	671.73
149.00	755.99
150.00	758.33
151.00	702.16
152.00	739.61
153.00	727.91
154.00	772.38
155.00	727.91
156.00	746.63
157.00	739.61
158.00	774.72
159.00	746.63
160.00	713.86
161.00	723.23
162.00	711.52
163.00	770.04
164.00	718.54
165.00	753.65
166.00	770.04
167.00	812.17
168.00	774.72
169.00	711.52
170.00	746.63
171.00	678.76
172.00	697.48
173.00	667.05
174.00	784.08
175.00	725.57
176.00	760.67
177.00	739.61
178.00	727.91
179.00	807.48
180.00	678.76
181.00	741.95
182.00	683.44
183.00	732.59
184.00	814.51
185.00	746.63
186.00	720.88
187.00	713.86
188.00	704.50
189.00	734.93
190.00	697.48
191.00	718.54
192.00	739.61
193.00	683.44
194.00	720.88
195.00	760.67
196.00	809.83
197.00	814.51
198.00	835.57
199.00	795.78
200.00	840.25
201.00	739.61
202.00	695.14
203.00	760.67
204.00	662.37
205.00	718.54
206.00	758.33
207.00	674.07
208.00	739.61
209.00	720.88
210.00	716.20
211.00	706.84
212.00	767.70
213.00	760.67
214.00	713.86
215.00	720.88
216.00	753.65
217.00	732.59
218.00	739.61
219.00	791.10
220.00	763.01
221.00	662.37
222.00	718.54
223.00	720.88
224.00	823.87
225.00	671.73
226.00	739.61
227.00	725.57
228.00	732.59
229.00	716.20
230.00	727.91
231.00	734.93
232.00	774.72
233.00	709.18
234.00	751.31
235.00	720.88
236.00	674.07
237.00	727.91
238.00	751.31
239.00	690.46
240.00	732.59
241.00	709.18
242.00	713.86
243.00	763.01
244.00	737.27
245.00	739.61
246.00	748.97
247.00	791.10
248.00	788.76
249.00	828.55
250.00	702.16
251.00	784.08
252.00	788.76
253.00	732.59
254.00	772.38
255.00	730.25
256.00	793.44
257.00	713.86
258.00	744.29
259.00	772.38
260.00	716.20
261.00	732.59
262.00	741.95
263.00	697.48
264.00	816.85
265.00	763.01
266.00	746.63
267.00	690.46
268.00	795.78
269.00	842.59
270.00	716.20
271.00	793.44
272.00	744.29
273.00	800.46
274.00	774.72
275.00	805.14
276.00	798.12
277.00	835.57
278.00	802.80
279.00	786.42
280.00	842.59
281.00	784.08
282.00	779.40
283.00	744.29
284.00	795.78
285.00	744.29
286.00	720.88
287.00	795.78
288.00	753.65
289.00	772.38
290.00	732.59
291.00	744.29
292.00	716.20
293.00	720.88
294.00	739.61
295.00	784.08
296.00	786.42
297.00	748.97
298.00	751.31
299.00	741.95
300.00	739.61
301.00	737.27
302.00	744.29
303.00	741.95
304.00	786.42
305.00	725.57
306.00	744.29
307.00	774.72
308.00	802.80
309.00	760.67
310.00	814.51
311.00	821.53
312.00	781.74
313.00	767.70
314.00	786.42
315.00	706.84
316.00	786.42
317.00	725.57
318.00	781.74
319.00	800.46
320.00	734.93
321.00	730.25
322.00	755.99
323.00	727.91
324.00	767.70
325.00	695.14
326.00	737.27
327.00	737.27
328.00	805.14
329.00	751.31
330.00	760.67
331.00	781.74
332.00	723.23
333.00	732.59
334.00	795.78
335.00	755.99
336.00	791.10
337.00	690.46
338.00	765.36
339.00	746.63
340.00	685.78
341.00	711.52
342.00	737.27
343.00	702.16
344.00	734.93
345.00	716.20
346.00	765.36
347.00	798.12
348.00	835.57
349.00	847.27
350.00	922.17
351.00	798.12
352.00	758.33
353.00	788.76
354.00	798.12
355.00	814.51
356.00	798.12
357.00	730.25
358.00	741.95
359.00	699.82
360.00	746.63
361.00	788.76
362.00	791.10
363.00	744.29
364.00	657.69
365.00	718.54
366.00	716.20
367.00	781.74
368.00	767.70
369.00	779.40
370.00	826.21
371.00	781.74
372.00	732.59
373.00	732.59
374.00	725.57
375.00	734.93
376.00	751.31
377.00	793.44
378.00	770.04
379.00	737.27
380.00	819.19
381.00	737.27
382.00	737.27
383.00	737.27
384.00	781.74
385.00	706.84
386.00	791.10
387.00	695.14
388.00	793.44
389.00	751.31
390.00	772.38
391.00	713.86
392.00	737.27
393.00	812.17
394.00	739.61
395.00	767.70
396.00	760.67
397.00	755.99
398.00	737.27
399.00	777.06
400.00	763.01
401.00	779.40
402.00	795.78
403.00	779.40
404.00	784.08
405.00	786.42
406.00	814.51
407.00	830.89
408.00	753.65
409.00	744.29
410.00	807.48
411.00	713.86
412.00	725.57
413.00	760.67
414.00	706.84
415.00	746.63
416.00	657.69
417.00	734.93
418.00	786.42
419.00	746.63
420.00	807.48
421.00	746.63
422.00	723.23
423.00	730.25
424.00	755.99
425.00	837.91
426.00	755.99
427.00	692.80
428.00	777.06
429.00	695.14
430.00	830.89
431.00	713.86
432.00	751.31
433.00	725.57
434.00	730.25
435.00	737.27
436.00	812.17
437.00	760.67
438.00	805.14
439.00	770.04
440.00	720.88
441.00	774.72
442.00	755.99
443.00	758.33
444.00	718.54
445.00	802.80
446.00	744.29
447.00	744.29
448.00	805.14
449.00	744.29
450.00	713.86
451.00	795.78
452.00	830.89
453.00	793.44
454.00	723.23
455.00	739.61
456.00	744.29
457.00	755.99
458.00	763.01
459.00	763.01
460.00	648.33
461.00	767.70
462.00	755.99
463.00	741.95
464.00	730.25
465.00	770.04
466.00	753.65
467.00	765.36
468.00	713.86
469.00	737.27
470.00	763.01
471.00	683.44
472.00	711.52
473.00	779.40
474.00	791.10
475.00	746.63
476.00	751.31
477.00	798.12
478.00	795.78
479.00	828.55
480.00	718.54
481.00	763.01
482.00	784.08
483.00	830.89
484.00	777.06
485.00	739.61
486.00	784.08
487.00	706.84
488.00	732.59
489.00	777.06
490.00	737.27
491.00	734.93
492.00	760.67
493.00	798.12
494.00	739.61
495.00	833.23
496.00	784.08
497.00	800.46
498.00	854.30
499.00	779.40
500.00	777.06
501.00	784.08
502.00	791.10
503.00	795.78
504.00	741.95
505.00	753.65
506.00	751.31
507.00	856.64
508.00	781.74
509.00	753.65
510.00	716.20
511.00	734.93
512.00	709.18
513.00	725.57
514.00	779.40
515.00	727.91
516.00	777.06
517.00	753.65
518.00	751.31
519.00	709.18
520.00	763.01
521.00	737.27
522.00	765.36
523.00	760.67
524.00	763.01
525.00	791.10
526.00	802.80
527.00	760.67
528.00	741.95
529.00	741.95
530.00	809.83
531.00	777.06
532.00	713.86
533.00	753.65
534.00	713.86
535.00	758.33
536.00	777.06
537.00	800.46
538.00	835.57
539.00	779.40
540.00	730.25
541.00	763.01
542.00	744.29
543.00	699.82
544.00	730.25
545.00	795.78
546.00	734.93
547.00	716.20
548.00	744.29
549.00	770.04
550.00	779.40
551.00	755.99
552.00	760.67
553.00	751.31
554.00	791.10
555.00	734.93
556.00	788.76
557.00	758.33
558.00	812.17
559.00	791.10
560.00	746.63
561.00	741.95
562.00	746.63
563.00	755.99
564.00	690.46
565.00	795.78
566.00	718.54
567.00	793.44
568.00	781.74
569.00	748.97
570.00	763.01
571.00	802.80
572.00	730.25
573.00	699.82
574.00	763.01
575.00	774.72
576.00	786.42
577.00	809.83
578.00	706.84
579.00	744.29
580.00	741.95
581.00	730.25
582.00	781.74
583.00	758.33
584.00	699.82
585.00	713.86
586.00	889.40
587.00	753.65
588.00	791.10
589.00	791.10
590.00	798.12
591.00	784.08
592.00	812.17
593.00	777.06
594.00	699.82
595.00	716.20
596.00	779.40
597.00	723.23
598.00	739.61
599.00	821.53
600.00	716.20
601.00	760.67
602.00	802.80
603.00	772.38
604.00	774.72
605.00	723.23
606.00	770.04
607.00	791.10
608.00	730.25
609.00	741.95
610.00	777.06
611.00	777.06
612.00	711.52
613.00	795.78
614.00	788.76
615.00	793.44
616.00	718.54
617.00	805.14
618.00	765.36
619.00	847.27
620.00	788.76
621.00	765.36
622.00	741.95
623.00	784.08
624.00	765.36
625.00	734.93
626.00	788.76
627.00	760.67
628.00	744.29
629.00	788.76
630.00	802.80
631.00	725.57
632.00	781.74
633.00	828.55
634.00	739.61
635.00	760.67
636.00	751.31
637.00	746.63
638.00	713.86
639.00	816.85
640.00	770.04
641.00	826.21
642.00	744.29
643.00	800.46
644.00	770.04
645.00	868.34
646.00	849.61
647.00	720.88
648.00	833.23
649.00	784.08
650.00	760.67
651.00	784.08
652.00	767.70
653.00	819.19
654.00	781.74
655.00	777.06
656.00	748.97
657.00	823.87
658.00	765.36
659.00	760.67
660.00	802.80
661.00	758.33
662.00	770.04
663.00	798.12
664.00	753.65
665.00	779.40
666.00	770.04
667.00	802.80
668.00	835.57
669.00	875.36
670.00	842.59
671.00	821.53
672.00	734.93
673.00	887.06
674.00	765.36
675.00	713.86
676.00	791.10
677.00	763.01
678.00	739.61
679.00	760.67
680.00	760.67
681.00	809.83
682.00	802.80
683.00	835.57
684.00	809.83
685.00	847.27
686.00	814.51
687.00	763.01
688.00	823.87
689.00	779.40
690.00	809.83
691.00	751.31
692.00	819.19
693.00	880.04
694.00	732.59
695.00	772.38
696.00	870.68
697.00	802.80
698.00	739.61
699.00	781.74
700.00	791.10
701.00	828.55
702.00	805.14
703.00	751.31
704.00	786.42
705.00	802.80
706.00	779.40
707.00	844.93
708.00	793.44
709.00	786.42
710.00	805.14
711.00	835.57
712.00	770.04
713.00	842.59
714.00	760.67
715.00	821.53
716.00	791.10
717.00	800.46
718.00	800.46
719.00	828.55
720.00	812.17
721.00	744.29
722.00	795.78
723.00	774.72
724.00	711.52
725.00	816.85
726.00	819.19
727.00	732.59
728.00	784.08
729.00	725.57
730.00	784.08
731.00	821.53
732.00	833.23
733.00	767.70
734.00	807.48
735.00	844.93
736.00	779.40
737.00	767.70
738.00	828.55
739.00	763.01
740.00	763.01
741.00	830.89
742.00	786.42
743.00	802.80
744.00	861.32
745.00	903.45
746.00	793.44
747.00	781.74
748.00	877.70
749.00	767.70
750.00	802.80
751.00	784.08
752.00	795.78
753.00	847.27
754.00	765.36
755.00	821.53
756.00	809.83
757.00	779.40
758.00	833.23
759.00	791.10
760.00	767.70
761.00	828.55
762.00	814.51
763.00	765.36
764.00	835.57
765.00	847.27
766.00	823.87
767.00	786.42
768.00	835.57
769.00	779.40
770.00	819.19
771.00	840.25
772.00	819.19
773.00	781.74
774.00	802.80
775.00	758.33
776.00	863.66
777.00	849.61
778.00	758.33
779.00	837.91
780.00	809.83
781.00	866.00
782.00	877.70
783.00	807.48
784.00	816.85
785.00	849.61
786.00	805.14
787.00	732.59
788.00	788.76
789.00	809.83
790.00	772.38
791.00	800.46
792.00	791.10
793.00	793.44
794.00	777.06
795.00	755.99
796.00	795.78
797.00	849.61
798.00	748.97
799.00	767.70
800.00	807.48
801.00	786.42
802.00	819.19
803.00	830.89
804.00	854.30
805.00	828.55
806.00	793.44
807.00	856.64
808.00	858.98
809.00	800.46
810.00	812.17
811.00	835.57
812.00	744.29
813.00	779.40
814.00	798.12
815.00	779.40
816.00	866.00
817.00	807.48
818.00	861.32
819.00	765.36
820.00	753.65
821.00	816.85
822.00	917.49
823.00	835.57
824.00	819.19
825.00	842.59
826.00	784.08
827.00	826.21
828.00	828.55
829.00	765.36
830.00	767.70
831.00	774.72
832.00	833.23
833.00	863.66
834.00	807.48
835.00	856.64
836.00	807.48
837.00	854.30
838.00	887.06
839.00	823.87
840.00	821.53
841.00	849.61
842.00	807.48
843.00	713.86
844.00	763.01
845.00	793.44
846.00	830.89
847.00	809.83
848.00	793.44
849.00	877.70
850.00	851.96
851.00	828.55
852.00	807.48
853.00	758.33
854.00	791.10
855.00	830.89
856.00	753.65
857.00	833.23
858.00	819.19
859.00	791.10
860.00	725.57
861.00	807.48
862.00	812.17
863.00	870.68
864.00	793.44
865.00	784.08
866.00	814.51
867.00	770.04
868.00	755.99
869.00	777.06
870.00	840.25
871.00	830.89
872.00	798.12
873.00	765.36
874.00	814.51
875.00	809.83
876.00	828.55
877.00	809.83
878.00	828.55
879.00	840.25
880.00	798.12
881.00	800.46
882.00	840.25
883.00	805.14
884.00	851.96
885.00	809.83
886.00	840.25
887.00	866.00
888.00	809.83
889.00	791.10
890.00	819.19
891.00	821.53
892.00	917.49
893.00	847.27
894.00	814.51
895.00	891.74
896.00	875.36
897.00	779.40
898.00	739.61
899.00	802.80
900.00	774.72
901.00	849.61
902.00	765.36
903.00	833.23
904.00	905.79
905.00	802.80
906.00	945.58
907.00	973.66
908.00	889.40
909.00	875.36
910.00	901.11
911.00	910.47
912.00	978.34
913.00	973.66
914.00	1004.09
915.00	917.49
916.00	866.00
917.00	851.96
918.00	908.13
919.00	912.81
920.00	828.55
921.00	795.78
922.00	868.34
923.00	861.32
924.00	887.06
925.00	929.19
926.00	814.51
927.00	828.55
928.00	777.06
929.00	819.19
930.00	840.25
931.00	767.70
932.00	800.46
933.00	805.14
934.00	823.87
935.00	770.04
936.00	851.96
937.00	903.45
938.00	807.48
939.00	821.53
940.00	812.17
941.00	788.76
942.00	826.21
943.00	873.02
944.00	870.68
945.00	880.04
946.00	1170.27
947.00	1603.27
948.00	1989.46
949.00	1870.09
950.00	1526.03
951.00	1376.24
952.00	1144.52
953.00	1111.75
954.00	882.38
955.00	821.53
956.00	819.19
957.00	837.91
958.00	830.89
959.00	739.61
960.00	746.63
961.00	861.32
962.00	753.65
963.00	814.51
964.00	823.87
965.00	863.66
966.00	791.10
967.00	791.10
968.00	889.40
969.00	828.55
970.00	854.30
971.00	814.51
972.00	835.57
973.00	805.14
974.00	772.38
975.00	805.14
976.00	828.55
977.00	800.46
978.00	835.57
979.00	851.96
980.00	837.91
981.00	805.14
982.00	798.12
983.00	868.34
984.00	830.89
985.00	823.87
986.00	772.38
987.00	763.01
988.00	835.57
989.00	863.66
990.00	847.27
991.00	795.78
992.00	788.76
993.00	823.87
994.00	798.12
995.00	891.74
996.00	835.57
997.00	774.72
998.00	866.00
999.00	798.12
1000.00	847.27
1001.00	830.89
1002.00	777.06
1003.00	896.43
1004.00	833.23
1005.00	828.55
1006.00	873.02
1007.00	784.08
1008.00	791.10
1009.00	837.91
1010.00	868.34
1011.00	866.00
1012.00	863.66
1013.00	882.38
1014.00	868.34
1015.00	844.93
1016.00	830.89
1017.00	763.01
1018.00	828.55
1019.00	779.40
1020.00	779.40
1021.00	770.04
1022.00	863.66
1023.00	711.52
1024.00	830.89
1025.00	849.61
1026.00	765.36
1027.00	844.93
1028.00	802.80
1029.00	849.61
1030.00	835.57
1031.00	823.87
1032.00	816.85
1033.00	795.78
1034.00	896.43
1035.00	802.80
1036.00	781.74
1037.00	837.91
1038.00	826.21
1039.00	798.12
1040.00	887.06
1041.00	816.85
1042.00	812.17
1043.00	847.27
1044.00	828.55
1045.00	814.51
1046.00	901.11
1047.00	854.30
1048.00	786.42
1049.00	823.87
1050.00	861.32
1051.00	856.64
1052.00	866.00
1053.00	784.08
1054.00	826.21
1055.00	835.57
1056.00	854.30
1057.00	837.91
1058.00	802.80
1059.00	805.14
1060.00	748.97
1061.00	753.65
1062.00	812.17
1063.00	774.72
1064.00	821.53
1065.00	777.06
1066.00	858.98
1067.00	814.51
1068.00	779.40
1069.00	795.78
1070.00	884.72
1071.00	840.25
1072.00	851.96
1073.00	840.25
1074.00	814.51
1075.00	877.70
1076.00	870.68
1077.00	814.51
1078.00	830.89
1079.00	781.74
1080.00	837.91
1081.00	732.59
1082.00	741.95
1083.00	772.38
1084.00	774.72
1085.00	823.87
1086.00	791.10
1087.00	812.17
1088.00	800.46
1089.00	875.36
1090.00	835.57
1091.00	828.55
1092.00	863.66
1093.00	847.27
1094.00	772.38
1095.00	798.12
1096.00	835.57
1097.00	795.78
1098.00	823.87
1099.00	798.12
1100.00	809.83
1101.00	844.93
1102.00	814.51
1103.00	847.27
1104.00	758.33
1105.00	807.48
1106.00	753.65
1107.00	863.66
1108.00	807.48
1109.00	847.27
1110.00	795.78
1111.00	847.27
1112.00	758.33
1113.00	809.83
1114.00	821.53
1115.00	844.93
1116.00	830.89
1117.00	786.42
1118.00	765.36
1119.00	758.33
1120.00	807.48
1121.00	889.40
1122.00	753.65
1123.00	816.85
1124.00	779.40
1125.00	821.53
1126.00	828.55
1127.00	807.48
1128.00	793.44
1129.00	779.40
1130.00	807.48
1131.00	774.72
1132.00	851.96
1133.00	699.82
1134.00	816.85
1135.00	765.36
1136.00	805.14
1137.00	868.34
1138.00	826.21
1139.00	791.10
1140.00	910.47
1141.00	940.90
1142.00	826.21
1143.00	837.91
1144.00	816.85
1145.00	826.21
1146.00	830.89
1147.00	851.96
1148.00	833.23
1149.00	793.44
1150.00	788.76
1151.00	774.72
1152.00	807.48
1153.00	856.64
1154.00	807.48
1155.00	788.76
1156.00	856.64
1157.00	858.98
1158.00	905.79
1159.00	910.47
1160.00	1001.75
1161.00	889.40
1162.00	919.83
1163.00	840.25
1164.00	842.59
1165.00	842.59
1166.00	929.19
1167.00	1111.75
1168.00	1207.72
1169.00	1186.65
1170.00	1034.52
1171.00	1006.43
1172.00	1022.81
1173.00	1020.47
1174.00	1018.13
1175.00	940.90
1176.00	887.06
1177.00	877.70
1178.00	866.00
1179.00	882.38
1180.00	835.57
1181.00	823.87
1182.00	894.08
1183.00	870.68
1184.00	821.53
1185.00	828.55
1186.00	812.17
1187.00	821.53
1188.00	936.21
1189.00	805.14
1190.00	863.66
1191.00	912.81
1192.00	964.30
1193.00	929.19
1194.00	945.58
1195.00	999.41
1196.00	952.60
1197.00	917.49
1198.00	950.26
1199.00	990.05
1200.00	931.53
1201.00	1046.22
1202.00	1088.35
1203.00	1191.33
1204.00	1172.61
1205.00	1083.67
1206.00	1078.99
1207.00	1067.28
1208.00	1036.86
1209.00	1062.60
1210.00	1008.77
1211.00	992.39
1212.00	1027.50
1213.00	1013.45
1214.00	1102.39
1215.00	1163.25
1216.00	1235.80
1217.00	1310.70
1218.00	1579.86
1219.00	1717.95
1220.00	3307.18
1221.00	17427.63
1222.00	49057.63
1223.00	63491.71
1224.00	62967.43
1225.00	54501.71
1226.00	40772.13
1227.00	30658.68
1228.00	24943.09
1229.00	17954.25
1230.00	8791.05
1231.00	3674.64
1232.00	2057.33
1233.00	1626.67
1234.00	1486.24
1235.00	1313.04
1236.00	1320.06
1237.00	1174.95
1238.00	1146.86
1239.00	1462.83
1240.00	3185.47
1241.00	5535.37
1242.00	6600.31
1243.00	5584.52
1244.00	4210.62
1245.00	3239.30
1246.00	2682.25
1247.00	2317.13
1248.00	1776.47
1249.00	1184.31
1250.00	1064.94
1251.00	950.26
1252.00	971.32
1253.00	945.58
1254.00	999.41
1255.00	1071.97
1256.00	1067.28
1257.00	1018.13
1258.00	1121.12
1259.00	1013.45
1260.00	1015.79
1261.00	992.39
1262.00	966.64
1263.00	1004.09
1264.00	856.64
1265.00	922.17
1266.00	973.66
1267.00	891.74
1268.00	908.13
1269.00	919.83
1270.00	870.68
1271.00	873.02
1272.00	868.34
1273.00	873.02
1274.00	959.62
1275.00	889.40
1276.00	929.19
1277.00	959.62
1278.00	1123.46
1279.00	2335.85
1280.00	5865.38
1281.00	9877.06
1282.00	11353.94
1283.00	8575.72
1284.00	6457.54
1285.00	4898.74
1286.00	4170.83
1287.00	3342.28
1288.00	2195.42
1289.00	1350.49
1290.00	1032.18
1291.00	976.00
1292.00	983.02
1293.00	973.66
1294.00	940.90
1295.00	973.66
1296.00	917.49
1297.00	889.40
1298.00	1015.79
1299.00	1500.28
1300.00	2392.03
1301.00	3190.15
1302.00	3023.97
1303.00	2340.54
1304.00	1844.34
1305.00	1617.31
1306.00	1423.05
1307.00	1331.76
1308.00	1022.81
1309.00	950.26
1310.00	940.90
1311.00	882.38
1312.00	929.19
1313.00	868.34
1314.00	875.36
1315.00	896.43
1316.00	903.45
1317.00	844.93
1318.00	905.79
1319.00	882.38
1320.00	863.66
1321.00	819.19
1322.00	823.87
1323.00	863.66
1324.00	826.21
1325.00	802.80
1326.00	861.32
1327.00	851.96
1328.00	798.12
1329.00	798.12
1330.00	837.91
1331.00	779.40
1332.00	837.91
1333.00	1022.81
1334.00	1666.46
1335.00	2712.68
1336.00	3307.18
1337.00	2967.80
1338.00	2401.39
1339.00	1959.03
1340.00	1694.55
1341.00	1544.75
1342.00	1275.59
1343.00	1018.13
1344.00	915.15
1345.00	875.36
1346.00	835.57
1347.00	908.13
1348.00	849.61
1349.00	889.40
1350.00	985.37
1351.00	868.34
1352.00	870.68
1353.00	887.06
1354.00	866.00
1355.00	919.83
1356.00	964.30
1357.00	929.19
1358.00	873.02
1359.00	877.70
1360.00	968.98
1361.00	1001.75
1362.00	2183.72
1363.00	5416.00
1364.00	9011.06
1365.00	9528.32
1366.00	7353.96
1367.00	5441.75
1368.00	4201.26
1369.00	3302.50
1370.00	2738.43
1371.00	1820.94
1372.00	1284.95
1373.00	1118.78
1374.00	1102.39
1375.00	1186.65
1376.00	2857.79
1377.00	8379.12
1378.00	14855.38
1379.00	16863.56
1380.00	13153.81
1381.00	9298.95
1382.00	6946.71
1383.00	5554.09
1384.00	4428.29
1385.00	2771.19
1386.00	1682.85
1387.00	1179.63
1388.00	1020.47
1389.00	959.62
1390.00	1046.22
1391.00	999.41
1392.00	929.19
1393.00	896.43
1394.00	877.70
1395.00	919.83
1396.00	908.13
1397.00	976.00
1398.00	1064.94
1399.00	1193.67
1400.00	1306.02
1401.00	1219.42
1402.00	1144.52
1403.00	1188.99
1404.00	1151.54
1405.00	1203.04
1406.00	2005.84
1407.00	7808.03
1408.00	19051.96
1409.00	27461.51
1410.00	24783.93
1411.00	17975.31
1412.00	12475.06
1413.00	9263.84
1414.00	7747.17
1415.00	5107.05
1416.00	2719.70
1417.00	1577.52
1418.00	1196.01
1419.00	1151.54
1420.00	1884.13
1421.00	4166.15
1422.00	6494.99
1423.00	7349.28
1424.00	5593.88
1425.00	4280.84
1426.00	3258.03
1427.00	2799.28
1428.00	2267.98
1429.00	1516.67
1430.00	1097.71
1431.00	1022.81
1432.00	1011.11
1433.00	877.70
1434.00	950.26
1435.00	912.81
1436.00	856.64
1437.00	842.59
1438.00	877.70
1439.00	837.91
1440.00	863.66
1441.00	835.57
1442.00	807.48
1443.00	847.27
1444.00	826.21
1445.00	887.06
1446.00	840.25
1447.00	849.61
1448.00	814.51
1449.00	851.96
1450.00	851.96
1451.00	866.00
1452.00	856.64
1453.00	938.55
1454.00	880.04
1455.00	1256.87
1456.00	2499.69
1457.00	3957.85
1458.00	4695.11
1459.00	3941.46
1460.00	2946.73
1461.00	2438.84
1462.00	1989.46
1463.00	1771.79
1464.00	1329.42
1465.00	1043.88
1466.00	868.34
1467.00	849.61
1468.00	889.40
1469.00	858.98
1470.00	863.66
1471.00	861.32
1472.00	828.55
1473.00	816.85
1474.00	882.38
1475.00	816.85
1476.00	819.19
1477.00	814.51
1478.00	819.19
1479.00	877.70
1480.00	851.96
1481.00	856.64
1482.00	938.55
1483.00	870.68
1484.00	828.55
1485.00	929.19
1486.00	971.32
1487.00	1174.95
1488.00	3557.61
1489.00	8987.66
1490.00	14118.11
1491.00	14059.60
1492.00	10125.16
1493.00	7283.75
1494.00	5614.95
1495.00	4341.69
1496.00	3302.50
1497.00	1947.33
1498.00	1329.42
1499.00	1043.88
1500.00	938.55
1501.00	903.45
1502.00	856.64
1503.00	809.83
1504.00	847.27
1505.00	823.87
1506.00	877.70
1507.00	936.21
1508.00	840.25
1509.00	912.81
1510.00	828.55
1511.00	887.06
1512.00	910.47
1513.00	1149.20
1514.00	2087.76
1515.00	3471.01
1516.00	4203.60
1517.00	3536.55
1518.00	2757.15
1519.00	2237.55
1520.00	1872.43
1521.00	1643.06
1522.00	1254.53
1523.00	1006.43
1524.00	887.06
1525.00	947.92
1526.00	884.72
1527.00	952.60
1528.00	891.74
1529.00	851.96
1530.00	915.15
1531.00	889.40
1532.00	1036.86
1533.00	1975.41
1534.00	5085.98
1535.00	8868.29
1536.00	10387.30
1537.00	7941.44
1538.00	5923.90
1539.00	4264.46
1540.00	3641.87
1541.00	2860.13
1542.00	1849.02
1543.00	1198.35
1544.00	990.05
1545.00	999.41
1546.00	966.64
1547.00	905.79
1548.00	851.96
1549.00	924.51
1550.00	924.51
1551.00	891.74
1552.00	877.70
1553.00	868.34
1554.00	891.74
1555.00	922.17
1556.00	847.27
1557.00	968.98
1558.00	884.72
1559.00	823.87
1560.00	854.30
1561.00	922.17
1562.00	924.51
1563.00	971.32
1564.00	1034.52
1565.00	1254.53
1566.00	4353.40
1567.00	10932.64
1568.00	17874.67
1569.00	18483.21
1570.00	13008.70
1571.00	9619.60
1572.00	6918.62
1573.00	5636.01
1574.00	4081.89
1575.00	2354.58
1576.00	1614.97
1577.00	1355.17
1578.00	1844.34
1579.00	6193.06
1580.00	16961.86
1581.00	28528.79
1582.00	29408.83
1583.00	20872.90
1584.00	14860.06
1585.00	10689.23
1586.00	8882.33
1587.00	5914.53
1588.00	3281.43
1589.00	1809.23
1590.00	1301.34
1591.00	1088.35
1592.00	985.37
1593.00	957.28
1594.00	908.13
1595.00	919.83
1596.00	858.98
1597.00	891.74
1598.00	870.68
1599.00	875.36
1600.00	875.36
1601.00	943.24
1602.00	887.06
1603.00	901.11
1604.00	875.36
1605.00	854.30
1606.00	826.21
1607.00	856.64
1608.00	788.76
1609.00	835.57
1610.00	793.44
1611.00	863.66
1612.00	819.19
1613.00	912.81
1614.00	858.98
1615.00	812.17
1616.00	755.99
1617.00	821.53
1618.00	786.42
1619.00	905.79
1620.00	795.78
1621.00	863.66
1622.00	784.08
1623.00	835.57
1624.00	781.74
1625.00	807.48
1626.00	800.46
1627.00	805.14
1628.00	802.80
1629.00	807.48
1630.00	786.42
1631.00	894.08
1632.00	814.51
1633.00	802.80
1634.00	849.61
1635.00	828.55
1636.00	924.51
1637.00	877.70
1638.00	875.36
1639.00	821.53
1640.00	807.48
1641.00	770.04
1642.00	819.19
1643.00	823.87
1644.00	830.89
1645.00	830.89
1646.00	826.21
1647.00	910.47
1648.00	854.30
1649.00	1093.03
1650.00	2579.27
1651.00	7243.96
1652.00	12915.08
1653.00	15756.49
1654.00	12372.07
1655.00	9036.81
1656.00	6502.01
1657.00	5111.73
1658.00	3803.37
1659.00	2335.85
1660.00	1427.73
1661.00	1149.20
1662.00	987.71
1663.00	985.37
1664.00	891.74
1665.00	912.81
1666.00	856.64
1667.00	898.77
1668.00	1165.59
1669.00	2567.57
1670.00	4538.30
1671.00	5989.43
1672.00	5011.09
1673.00	3758.90
1674.00	2965.46
1675.00	2324.15
1676.00	1834.98
1677.00	1427.73
1678.00	1107.07
1679.00	940.90
1680.00	800.46
1681.00	802.80
1682.00	826.21
1683.00	809.83
1684.00	737.27
1685.00	784.08
1686.00	858.98
1687.00	875.36
1688.00	837.91
1689.00	842.59
1690.00	873.02
1691.00	812.17
1692.00	856.64
1693.00	758.33
1694.00	763.01
1695.00	788.76
1696.00	823.87
1697.00	744.29
1698.00	849.61
1699.00	788.76
1700.00	812.17
1701.00	877.70
1702.00	758.33
1703.00	784.08
1704.00	844.93
1705.00	814.51
1706.00	741.95
1707.00	821.53
1708.00	786.42
1709.00	842.59
1710.00	795.78
1711.00	833.23
1712.00	861.32
1713.00	947.92
1714.00	1275.59
1715.00	3431.23
1716.00	6134.54
1717.00	7878.24
1718.00	6752.45
1719.00	5301.31
1720.00	4049.13
1721.00	3126.96
1722.00	2370.96
1723.00	1547.09
1724.00	1121.12
1725.00	987.71
1726.00	851.96
1727.00	868.34
1728.00	788.76
1729.00	802.80
1730.00	814.51
1731.00	844.93
1732.00	805.14
1733.00	835.57
1734.00	788.76
1735.00	819.19
1736.00	826.21
1737.00	802.80
1738.00	868.34
1739.00	788.76
1740.00	795.78
1741.00	805.14
1742.00	795.78
1743.00	805.14
1744.00	786.42
1745.00	753.65
1746.00	812.17
1747.00	849.61
1748.00	840.25
1749.00	727.91
1750.00	828.55
1751.00	788.76
1752.00	854.30
1753.00	751.31
1754.00	826.21
1755.00	821.53
1756.00	800.46
1757.00	828.55
1758.00	809.83
1759.00	840.25
1760.00	833.23
1761.00	753.65
1762.00	842.59
1763.00	873.02
1764.00	837.91
1765.00	833.23
1766.00	870.68
1767.00	884.72
1768.00	938.55
1769.00	1015.79
1770.00	2071.37
1771.00	5624.31
1772.00	10630.71
1773.00	13642.98
1774.00	11489.69
1775.00	9004.04
1776.00	6420.09
1777.00	4667.03
1778.00	3049.72
1779.00	1944.99
1780.00	1352.83
1781.00	1139.84
1782.00	919.83
1783.00	833.23
1784.00	908.13
1785.00	912.81
1786.00	919.83
1787.00	798.12
1788.00	940.90
1789.00	812.17
1790.00	798.12
1791.00	830.89
1792.00	720.88
1793.00	835.57
1794.00	823.87
1795.00	866.00
1796.00	866.00
1797.00	1015.79
1798.00	2181.38
1799.00	4915.12
1800.00	7705.04
1801.00	8769.99
1802.00	6871.81
1803.00	5156.20
1804.00	3719.11
1805.00	2469.27
1806.00	1675.82
1807.00	1235.80
1808.00	1048.56
1809.00	924.51
1810.00	833.23
1811.00	866.00
1812.00	772.38
1813.00	807.48
1814.00	814.51
1815.00	772.38
1816.00	866.00
1817.00	849.61
1818.00	861.32
1819.00	795.78
1820.00	777.06
1821.00	711.52
1822.00	800.46
1823.00	751.31
1824.00	802.80
1825.00	889.40
1826.00	933.87
1827.00	823.87
1828.00	882.38
1829.00	870.68
1830.00	835.57
1831.00	812.17
1832.00	765.36
1833.00	828.55
1834.00	793.44
1835.00	840.25
1836.00	814.51
1837.00	772.38
1838.00	755.99
1839.00	678.76
1840.00	730.25
1841.00	720.88
1842.00	788.76
1843.00	723.23
1844.00	732.59
1845.00	763.01
1846.00	760.67
1847.00	755.99
1848.00	671.73
1849.00	784.08
1850.00	795.78
1851.00	683.44
1852.00	685.78
1853.00	777.06
1854.00	784.08
1855.00	800.46
1856.00	723.23
1857.00	807.48
1858.00	744.29
1859.00	765.36
1860.00	741.95
1861.00	723.23
1862.00	725.57
1863.00	798.12
1864.00	858.98
1865.00	741.95
1866.00	676.41
1867.00	777.06
1868.00	723.23
1869.00	800.46
1870.00	807.48
1871.00	821.53
1872.00	751.31
1873.00	793.44
1874.00	746.63
1875.00	791.10
1876.00	744.29
1877.00	739.61
1878.00	734.93
1879.00	723.23
1880.00	746.63
1881.00	730.25
1882.00	753.65
1883.00	732.59
1884.00	767.70
1885.00	784.08
1886.00	821.53
1887.00	748.97
1888.00	774.72
1889.00	751.31
1890.00	748.97
1891.00	755.99
1892.00	779.40
1893.00	748.97
1894.00	725.57
1895.00	788.76
1896.00	781.74
1897.00	805.14
1898.00	676.41
1899.00	802.80
1900.00	821.53
1901.00	788.76
1902.00	746.63
1903.00	805.14
1904.00	777.06
1905.00	770.04
1906.00	662.37
1907.00	819.19
1908.00	795.78
1909.00	798.12
1910.00	800.46
1911.00	861.32
1912.00	737.27
1913.00	908.13
1914.00	856.64
1915.00	840.25
1916.00	784.08
1917.00	814.51
1918.00	765.36
1919.00	786.42
1920.00	770.04
1921.00	767.70
1922.00	744.29
1923.00	809.83
1924.00	746.63
1925.00	795.78
1926.00	758.33
1927.00	751.31
1928.00	732.59
1929.00	734.93
1930.00	795.78
1931.00	741.95
1932.00	760.67
1933.00	774.72
1934.00	793.44
1935.00	744.29
1936.00	765.36
1937.00	763.01
1938.00	788.76
1939.00	823.87
1940.00	723.23
1941.00	819.19
1942.00	753.65
1943.00	748.97
1944.00	805.14
1945.00	739.61
1946.00	755.99
1947.00	755.99
1948.00	737.27
1949.00	763.01
1950.00	812.17
1951.00	814.51
1952.00	1025.15
1953.00	2026.90
1954.00	4489.15
1955.00	7089.48
1956.00	7524.82
1957.00	5600.90
1958.00	3630.17
1959.00	2307.77
1960.00	1593.90
1961.00	1252.19
1962.00	1081.33
1963.00	908.13
1964.00	833.23
1965.00	863.66
1966.00	723.23
1967.00	774.72
1968.00	805.14
1969.00	767.70
1970.00	760.67
1971.00	816.85
1972.00	835.57
1973.00	734.93
1974.00	835.57
1975.00	748.97
1976.00	767.70
1977.00	795.78
1978.00	786.42
1979.00	809.83
1980.00	880.04
1981.00	1022.81
1982.00	1083.67
1983.00	1177.29
1984.00	1102.39
1985.00	968.98
1986.00	861.32
1987.00	812.17
1988.00	880.04
1989.00	784.08
1990.00	786.42
1991.00	732.59
1992.00	800.46
1993.00	751.31
1994.00	734.93
1995.00	779.40
1996.00	795.78
1997.00	748.97
1998.00	772.38
1999.00	854.30
2000.00	760.67
2001.00	748.97
2002.00	805.14
2003.00	851.96
2004.00	781.74
2005.00	816.85
2006.00	748.97
2007.00	741.95
2008.00	798.12
2009.00	781.74
2010.00	805.14
2011.00	704.50
2012.00	786.42
2013.00	788.76
2014.00	807.48
2015.00	837.91
2016.00	791.10
2017.00	784.08
2018.00	812.17
2019.00	760.67
2020.00	791.10
2021.00	816.85
2022.00	774.72
2023.00	835.57
2024.00	826.21
2025.00	966.64
2026.00	1088.35
2027.00	1207.72
2028.00	1172.61
2029.00	1121.12
2030.00	2312.45
2031.00	6015.18
2032.00	11208.83
2033.00	14932.62
2034.00	13530.64
2035.00	9107.02
2036.00	6076.03
2037.00	3866.56
2038.00	2523.10
2039.00	1680.50
2040.00	1310.70
2041.00	980.68
2042.00	896.43
2043.00	863.66
2044.00	877.70
2045.00	807.48
2046.00	809.83
2047.00	842.59
