0.00	650.67
1.00	650.67
2.00	650.67
3.00	580.45
4.00	561.73
5.00	636.63
6.00	498.53
7.00	573.43
8.00	564.07
9.00	573.43
10.00	559.39
11.00	587.47
12.00	533.64
13.00	470.45
14.00	531.30
15.00	594.50
16.00	571.09
17.00	660.03
18.00	641.31
19.00	624.92
20.00	636.63
21.00	620.24
22.00	702.16
23.00	653.01
24.00	643.65
25.00	648.33
26.00	620.24
27.00	702.16
28.00	760.67
29.00	674.07
30.00	704.50
31.00	704.50
32.00	671.73
33.00	760.67
34.00	678.76
35.00	667.05
36.00	734.93
37.00	784.08
38.00	699.82
39.00	748.97
40.00	755.99
41.00	746.63
42.00	744.29
43.00	718.54
44.00	755.99
45.00	763.01
46.00	791.10
47.00	753.65
48.00	737.27
49.00	741.95
50.00	737.27
51.00	805.14
52.00	744.29
53.00	727.91
54.00	786.42
55.00	739.61
56.00	739.61
57.00	671.73
58.00	741.95
59.00	702.16
60.00	723.23
61.00	709.18
62.00	763.01
63.00	697.48
64.00	702.16
65.00	709.18
66.00	856.64
67.00	770.04
68.00	697.48
69.00	704.50
70.00	739.61
71.00	786.42
72.00	798.12
73.00	699.82
74.00	741.95
75.00	683.44
76.00	674.07
77.00	732.59
78.00	744.29
79.00	744.29
80.00	765.36
81.00	669.39
82.00	739.61
83.00	695.14
84.00	716.20
85.00	784.08
86.00	755.99
87.00	706.84
88.00	690.46
89.00	793.44
90.00	699.82
91.00	716.20
92.00	772.38
93.00	718.54
94.00	791.10
95.00	798.12
96.00	748.97
97.00	809.83
98.00	786.42
99.00	730.25
100.00	713.86
101.00	763.01
102.00	709.18
103.00	725.57
104.00	727.91
105.00	730.25
106.00	755.99
107.00	800.46
108.00	744.29
109.00	606.20
110.00	730.25
111.00	748.97
112.00	765.36
113.00	688.12
114.00	695.14
115.00	741.95
116.00	706.84
117.00	784.08
118.00	683.44
119.00	798.12
120.00	711.52
121.00	720.88
122.00	711.52
123.00	737.27
124.00	767.70
125.00	760.67
126.00	697.48
127.00	676.41
128.00	706.84
129.00	692.80
130.00	753.65
131.00	791.10
132.00	739.61
133.00	760.67
134.00	788.76
135.00	739.61
136.00	763.01
137.00	702.16
138.00	685.78
139.00	695.14
140.00	741.95
141.00	704.50
142.00	753.65
143.00	709.18
144.00	772.38
145.00	760.67
146.00	816.85
147.00	711.52
148.00	805.14
149.00	669.39
150.00	751.31
151.00	704.50
152.00	699.82
153.00	685.78
154.00	720.88
155.00	788.76
156.00	702.16
157.00	683.44
158.00	753.65
159.00	704.50
160.00	720.88
161.00	793.44
162.00	713.86
163.00	760.67
164.00	774.72
165.00	763.01
166.00	716.20
167.00	678.76
168.00	711.52
169.00	718.54
170.00	713.86
171.00	683.44
172.00	753.65
173.00	777.06
174.00	744.29
175.00	758.33
176.00	678.76
177.00	699.82
178.00	786.42
179.00	681.10
180.00	767.70
181.00	723.23
182.00	748.97
183.00	777.06
184.00	744.29
185.00	784.08
186.00	798.12
187.00	732.59
188.00	739.61
189.00	732.59
190.00	645.99
191.00	706.84
192.00	688.12
193.00	791.10
194.00	690.46
195.00	753.65
196.00	716.20
197.00	737.27
198.00	821.53
199.00	809.83
200.00	763.01
201.00	746.63
202.00	765.36
203.00	751.31
204.00	711.52
205.00	763.01
206.00	730.25
207.00	751.31
208.00	744.29
209.00	674.07
210.00	793.44
211.00	819.19
212.00	723.23
213.00	685.78
214.00	779.40
215.00	744.29
216.00	702.16
217.00	711.52
218.00	720.88
219.00	730.25
220.00	779.40
221.00	795.78
222.00	800.46
223.00	751.31
224.00	706.84
225.00	711.52
226.00	748.97
227.00	744.29
228.00	741.95
229.00	725.57
230.00	746.63
231.00	720.88
232.00	779.40
233.00	685.78
234.00	748.97
235.00	727.91
236.00	716.20
237.00	711.52
238.00	744.29
239.00	704.50
240.00	730.25
241.00	760.67
242.00	610.88
243.00	755.99
244.00	734.93
245.00	774.72
246.00	746.63
247.00	678.76
248.00	704.50
249.00	777.06
250.00	713.86
251.00	765.36
252.00	713.86
253.00	739.61
254.00	711.52
255.00	779.40
256.00	849.61
257.00	739.61
258.00	725.57
259.00	732.59
260.00	751.31
261.00	772.38
262.00	784.08
263.00	718.54
264.00	779.40
265.00	732.59
266.00	788.76
267.00	807.48
268.00	805.14
269.00	821.53
270.00	821.53
271.00	746.63
272.00	798.12
273.00	880.04
274.00	777.06
275.00	816.85
276.00	774.72
277.00	816.85
278.00	786.42
279.00	746.63
280.00	779.40
281.00	748.97
282.00	791.10
283.00	734.93
284.00	765.36
285.00	697.48
286.00	744.29
287.00	702.16
288.00	800.46
289.00	753.65
290.00	779.40
291.00	763.01
292.00	737.27
293.00	779.40
294.00	753.65
295.00	711.52
296.00	739.61
297.00	777.06
298.00	779.40
299.00	688.12
300.00	734.93
301.00	744.29
302.00	739.61
303.00	737.27
304.00	734.93
305.00	788.76
306.00	718.54
307.00	770.04
308.00	781.74
309.00	819.19
310.00	821.53
311.00	805.14
312.00	802.80
313.00	737.27
314.00	793.44
315.00	760.67
316.00	812.17
317.00	760.67
318.00	739.61
319.00	688.12
320.00	774.72
321.00	753.65
322.00	777.06
323.00	727.91
324.00	753.65
325.00	725.57
326.00	751.31
327.00	702.16
328.00	805.14
329.00	748.97
330.00	753.65
331.00	807.48
332.00	718.54
333.00	779.40
334.00	683.44
335.00	706.84
336.00	753.65
337.00	734.93
338.00	748.97
339.00	702.16
340.00	723.23
341.00	781.74
342.00	720.88
343.00	681.10
344.00	765.36
345.00	800.46
346.00	798.12
347.00	800.46
348.00	861.32
349.00	812.17
350.00	781.74
351.00	833.23
352.00	837.91
353.00	753.65
354.00	816.85
355.00	833.23
356.00	758.33
357.00	746.63
358.00	732.59
359.00	821.53
360.00	739.61
361.00	767.70
362.00	786.42
363.00	702.16
364.00	725.57
365.00	711.52
366.00	718.54
367.00	730.25
368.00	695.14
369.00	765.36
370.00	779.40
371.00	697.48
372.00	725.57
373.00	734.93
374.00	734.93
375.00	781.74
376.00	734.93
377.00	730.25
378.00	772.38
379.00	765.36
380.00	739.61
381.00	716.20
382.00	760.67
383.00	746.63
384.00	772.38
385.00	746.63
386.00	678.76
387.00	739.61
388.00	779.40
389.00	772.38
390.00	718.54
391.00	835.57
392.00	690.46
393.00	746.63
394.00	758.33
395.00	713.86
396.00	777.06
397.00	730.25
398.00	706.84
399.00	814.51
400.00	760.67
401.00	737.27
402.00	723.23
403.00	767.70
404.00	739.61
405.00	807.48
406.00	746.63
407.00	786.42
408.00	699.82
409.00	732.59
410.00	781.74
411.00	723.23
412.00	688.12
413.00	737.27
414.00	734.93
415.00	741.95
416.00	725.57
417.00	674.07
418.00	763.01
419.00	777.06
420.00	751.31
421.00	746.63
422.00	765.36
423.00	793.44
424.00	713.86
425.00	739.61
426.00	753.65
427.00	763.01
428.00	828.55
429.00	765.36
430.00	763.01
431.00	753.65
432.00	746.63
433.00	744.29
434.00	823.87
435.00	683.44
436.00	727.91
437.00	800.46
438.00	725.57
439.00	730.25
440.00	725.57
441.00	784.08
442.00	765.36
443.00	770.04
444.00	734.93
445.00	772.38
446.00	770.04
447.00	809.83
448.00	725.57
449.00	723.23
450.00	716.20
451.00	816.85
452.00	772.38
453.00	737.27
454.00	765.36
455.00	746.63
456.00	812.17
457.00	751.31
458.00	730.25
459.00	777.06
460.00	758.33
461.00	781.74
462.00	800.46
463.00	730.25
464.00	812.17
465.00	774.72
466.00	767.70
467.00	709.18
468.00	744.29
469.00	744.29
470.00	751.31
471.00	690.46
472.00	718.54
473.00	791.10
474.00	737.27
475.00	744.29
476.00	791.10
477.00	830.89
478.00	755.99
479.00	660.03
480.00	798.12
481.00	744.29
482.00	753.65
483.00	795.78
484.00	737.27
485.00	727.91
486.00	772.38
487.00	802.80
488.00	791.10
489.00	800.46
490.00	765.36
491.00	709.18
492.00	781.74
493.00	758.33
494.00	741.95
495.00	805.14
496.00	697.48
497.00	739.61
498.00	755.99
499.00	744.29
500.00	788.76
501.00	741.95
502.00	758.33
503.00	739.61
504.00	744.29
505.00	807.48
506.00	669.39
507.00	784.08
508.00	772.38
509.00	786.42
510.00	748.97
511.00	723.23
512.00	711.52
513.00	732.59
514.00	657.69
515.00	774.72
516.00	767.70
517.00	671.73
518.00	779.40
519.00	770.04
520.00	744.29
521.00	758.33
522.00	763.01
523.00	777.06
524.00	727.91
525.00	758.33
526.00	767.70
527.00	732.59
528.00	767.70
529.00	755.99
530.00	711.52
531.00	781.74
532.00	767.70
533.00	737.27
534.00	779.40
535.00	702.16
536.00	760.67
537.00	774.72
538.00	800.46
539.00	695.14
540.00	802.80
541.00	730.25
542.00	807.48
543.00	758.33
544.00	753.65
545.00	716.20
546.00	737.27
547.00	709.18
548.00	802.80
549.00	772.38
550.00	819.19
551.00	807.48
552.00	784.08
553.00	755.99
554.00	802.80
555.00	781.74
556.00	837.91
557.00	748.97
558.00	770.04
559.00	809.83
560.00	755.99
561.00	793.44
562.00	828.55
563.00	720.88
564.00	755.99
565.00	713.86
566.00	767.70
567.00	833.23
568.00	809.83
569.00	737.27
570.00	739.61
571.00	814.51
572.00	791.10
573.00	788.76
574.00	781.74
575.00	805.14
576.00	777.06
577.00	795.78
578.00	772.38
579.00	809.83
580.00	788.76
581.00	753.65
582.00	849.61
583.00	674.07
584.00	798.12
585.00	711.52
586.00	753.65
587.00	748.97
588.00	692.80
589.00	765.36
590.00	758.33
591.00	795.78
592.00	798.12
593.00	744.29
594.00	725.57
595.00	770.04
596.00	763.01
597.00	697.48
598.00	753.65
599.00	716.20
600.00	802.80
601.00	774.72
602.00	718.54
603.00	739.61
604.00	744.29
605.00	795.78
606.00	737.27
607.00	774.72
608.00	739.61
609.00	763.01
610.00	704.50
611.00	748.97
612.00	758.33
613.00	758.33
614.00	676.41
615.00	753.65
616.00	791.10
617.00	758.33
618.00	744.29
619.00	711.52
620.00	814.51
621.00	716.20
622.00	849.61
623.00	765.36
624.00	830.89
625.00	781.74
626.00	851.96
627.00	739.61
628.00	725.57
629.00	779.40
630.00	734.93
631.00	753.65
632.00	744.29
633.00	763.01
634.00	779.40
635.00	669.39
636.00	732.59
637.00	830.89
638.00	767.70
639.00	755.99
640.00	805.14
641.00	837.91
642.00	723.23
643.00	786.42
644.00	758.33
645.00	819.19
646.00	706.84
647.00	723.23
648.00	704.50
649.00	826.21
650.00	772.38
651.00	875.36
652.00	777.06
653.00	823.87
654.00	727.91
655.00	840.25
656.00	760.67
657.00	779.40
658.00	760.67
659.00	819.19
660.00	774.72
661.00	786.42
662.00	765.36
663.00	774.72
664.00	739.61
665.00	767.70
666.00	732.59
667.00	746.63
668.00	770.04
669.00	877.70
670.00	821.53
671.00	793.44
672.00	697.48
673.00	697.48
674.00	781.74
675.00	753.65
676.00	777.06
677.00	777.06
678.00	835.57
679.00	791.10
680.00	791.10
681.00	746.63
682.00	758.33
683.00	758.33
684.00	816.85
685.00	695.14
686.00	791.10
687.00	798.12
688.00	758.33
689.00	781.74
690.00	760.67
691.00	795.78
692.00	777.06
693.00	791.10
694.00	788.76
695.00	720.88
696.00	763.01
697.00	767.70
698.00	713.86
699.00	795.78
700.00	676.41
701.00	826.21
702.00	791.10
703.00	765.36
704.00	809.83
705.00	795.78
706.00	718.54
707.00	828.55
708.00	798.12
709.00	793.44
710.00	826.21
711.00	786.42
712.00	781.74
713.00	763.01
714.00	765.36
715.00	791.10
716.00	777.06
717.00	800.46
718.00	826.21
719.00	809.83
720.00	905.79
721.00	791.10
722.00	784.08
723.00	777.06
724.00	828.55
725.00	873.02
726.00	786.42
727.00	805.14
728.00	770.04
729.00	802.80
730.00	795.78
731.00	835.57
732.00	746.63
733.00	770.04
734.00	788.76
735.00	802.80
736.00	847.27
737.00	844.93
738.00	805.14
739.00	814.51
740.00	777.06
741.00	809.83
742.00	746.63
743.00	840.25
744.00	821.53
745.00	821.53
746.00	788.76
747.00	779.40
748.00	788.76
749.00	842.59
750.00	772.38
751.00	840.25
752.00	793.44
753.00	746.63
754.00	851.96
755.00	823.87
756.00	795.78
757.00	777.06
758.00	802.80
759.00	755.99
760.00	746.63
761.00	795.78
762.00	784.08
763.00	812.17
764.00	847.27
765.00	786.42
766.00	781.74
767.00	788.76
768.00	786.42
769.00	746.63
770.00	737.27
771.00	826.21
772.00	779.40
773.00	798.12
774.00	851.96
775.00	887.06
776.00	753.65
777.00	823.87
778.00	746.63
779.00	823.87
780.00	770.04
781.00	870.68
782.00	819.19
783.00	926.85
784.00	868.34
785.00	786.42
786.00	798.12
787.00	802.80
788.00	830.89
789.00	760.67
790.00	816.85
791.00	828.55
792.00	765.36
793.00	770.04
794.00	800.46
795.00	753.65
796.00	812.17
797.00	753.65
798.00	755.99
799.00	835.57
800.00	741.95
801.00	823.87
802.00	812.17
803.00	837.91
804.00	823.87
805.00	809.83
806.00	788.76
807.00	798.12
808.00	814.51
809.00	781.74
810.00	816.85
811.00	823.87
812.00	816.85
813.00	753.65
814.00	739.61
815.00	758.33
816.00	767.70
817.00	777.06
818.00	798.12
819.00	751.31
820.00	779.40
821.00	758.33
822.00	802.80
823.00	807.48
824.00	828.55
825.00	840.25
826.00	774.72
827.00	826.21
828.00	763.01
829.00	868.34
830.00	833.23
831.00	765.36
832.00	758.33
833.00	746.63
834.00	793.44
835.00	828.55
836.00	816.85
837.00	837.91
838.00	793.44
839.00	807.48
840.00	748.97
841.00	844.93
842.00	720.88
843.00	739.61
844.00	863.66
845.00	800.46
846.00	772.38
847.00	802.80
848.00	770.04
849.00	798.12
850.00	795.78
851.00	795.78
852.00	774.72
853.00	833.23
854.00	760.67
855.00	777.06
856.00	802.80
857.00	746.63
858.00	779.40
859.00	835.57
860.00	784.08
861.00	791.10
862.00	779.40
863.00	795.78
864.00	760.67
865.00	807.48
866.00	784.08
867.00	863.66
868.00	746.63
869.00	781.74
870.00	760.67
871.00	744.29
872.00	774.72
873.00	746.63
874.00	840.25
875.00	791.10
876.00	779.40
877.00	777.06
878.00	763.01
879.00	840.25
880.00	805.14
881.00	812.17
882.00	802.80
883.00	807.48
884.00	809.83
885.00	767.70
886.00	814.51
887.00	800.46
888.00	770.04
889.00	758.33
890.00	781.74
891.00	842.59
892.00	814.51
893.00	840.25
894.00	882.38
895.00	807.48
896.00	823.87
897.00	786.42
898.00	763.01
899.00	856.64
900.00	791.10
901.00	856.64
902.00	767.70
903.00	835.57
904.00	891.74
905.00	835.57
906.00	910.47
907.00	938.55
908.00	926.85
909.00	908.13
910.00	868.34
911.00	910.47
912.00	947.92
913.00	954.94
914.00	976.00
915.00	889.40
916.00	901.11
917.00	926.85
918.00	821.53
919.00	842.59
920.00	819.19
921.00	788.76
922.00	863.66
923.00	723.23
924.00	842.59
925.00	807.48
926.00	802.80
927.00	744.29
928.00	814.51
929.00	823.87
930.00	844.93
931.00	819.19
932.00	842.59
933.00	819.19
934.00	830.89
935.00	840.25
936.00	720.88
937.00	763.01
938.00	828.55
939.00	877.70
940.00	739.61
941.00	723.23
942.00	826.21
943.00	763.01
944.00	734.93
945.00	819.19
946.00	1165.59
947.00	1713.27
948.00	2256.28
949.00	2047.97
950.00	1760.08
951.00	1413.68
952.00	1291.98
953.00	1172.61
954.00	978.34
955.00	863.66
956.00	830.89
957.00	779.40
958.00	835.57
959.00	889.40
960.00	779.40
961.00	849.61
962.00	828.55
963.00	744.29
964.00	826.21
965.00	781.74
966.00	830.89
967.00	835.57
968.00	786.42
969.00	847.27
970.00	800.46
971.00	847.27
972.00	819.19
973.00	781.74
974.00	851.96
975.00	816.85
976.00	816.85
977.00	880.04
978.00	786.42
979.00	765.36
980.00	844.93
981.00	809.83
982.00	847.27
983.00	800.46
984.00	739.61
985.00	774.72
986.00	844.93
987.00	784.08
988.00	802.80
989.00	884.72
990.00	809.83
991.00	798.12
992.00	793.44
993.00	873.02
994.00	805.14
995.00	758.33
996.00	795.78
997.00	777.06
998.00	821.53
999.00	816.85
1000.00	849.61
1001.00	786.42
1002.00	798.12
1003.00	819.19
1004.00	772.38
1005.00	751.31
1006.00	791.10
1007.00	842.59
1008.00	812.17
1009.00	800.46
1010.00	866.00
1011.00	849.61
1012.00	793.44
1013.00	805.14
1014.00	765.36
1015.00	854.30
1016.00	835.57
1017.00	793.44
1018.00	788.76
1019.00	737.27
1020.00	819.19
1021.00	791.10
1022.00	809.83
1023.00	800.46
1024.00	802.80
1025.00	781.74
1026.00	777.06
1027.00	833.23
1028.00	849.61
1029.00	826.21
1030.00	746.63
1031.00	777.06
1032.00	835.57
1033.00	739.61
1034.00	819.19
1035.00	758.33
1036.00	723.23
1037.00	847.27
1038.00	784.08
1039.00	856.64
1040.00	861.32
1041.00	842.59
1042.00	763.01
1043.00	732.59
1044.00	739.61
1045.00	798.12
1046.00	877.70
1047.00	793.44
1048.00	748.97
1049.00	791.10
1050.00	875.36
1051.00	774.72
1052.00	809.83
1053.00	737.27
1054.00	816.85
1055.00	770.04
1056.00	856.64
1057.00	730.25
1058.00	805.14
1059.00	777.06
1060.00	772.38
1061.00	826.21
1062.00	844.93
1063.00	739.61
1064.00	887.06
1065.00	814.51
1066.00	732.59
1067.00	753.65
1068.00	809.83
1069.00	812.17
1070.00	833.23
1071.00	755.99
1072.00	826.21
1073.00	819.19
1074.00	758.33
1075.00	758.33
1076.00	770.04
1077.00	788.76
1078.00	791.10
1079.00	781.74
1080.00	858.98
1081.00	833.23
1082.00	798.12
1083.00	828.55
1084.00	763.01
1085.00	842.59
1086.00	856.64
1087.00	847.27
1088.00	830.89
1089.00	795.78
1090.00	786.42
1091.00	751.31
1092.00	788.76
1093.00	791.10
1094.00	788.76
1095.00	814.51
1096.00	781.74
1097.00	805.14
1098.00	884.72
1099.00	795.78
1100.00	856.64
1101.00	819.19
1102.00	884.72
1103.00	816.85
1104.00	851.96
1105.00	863.66
1106.00	805.14
1107.00	760.67
1108.00	816.85
1109.00	849.61
1110.00	685.78
1111.00	805.14
1112.00	812.17
1113.00	819.19
1114.00	816.85
1115.00	741.95
1116.00	739.61
1117.00	800.46
1118.00	788.76
1119.00	847.27
1120.00	830.89
1121.00	863.66
1122.00	837.91
1123.00	894.08
1124.00	837.91
1125.00	800.46
1126.00	765.36
1127.00	814.51
1128.00	784.08
1129.00	793.44
1130.00	786.42
1131.00	814.51
1132.00	751.31
1133.00	800.46
1134.00	805.14
1135.00	814.51
1136.00	837.91
1137.00	770.04
1138.00	882.38
1139.00	753.65
1140.00	898.77
1141.00	798.12
1142.00	805.14
1143.00	786.42
1144.00	812.17
1145.00	767.70
1146.00	795.78
1147.00	828.55
1148.00	898.77
1149.00	763.01
1150.00	805.14
1151.00	823.87
1152.00	882.38
1153.00	763.01
1154.00	835.57
1155.00	793.44
1156.00	854.30
1157.00	882.38
1158.00	954.94
1159.00	919.83
1160.00	877.70
1161.00	905.79
1162.00	875.36
1163.00	755.99
1164.00	870.68
1165.00	791.10
1166.00	884.72
1167.00	1069.62
1168.00	1275.59
1169.00	1315.38
1170.00	1221.76
1171.00	1078.99
1172.00	983.02
1173.00	924.51
1174.00	966.64
1175.00	917.49
1176.00	917.49
1177.00	851.96
1178.00	847.27
1179.00	819.19
1180.00	816.85
1181.00	828.55
1182.00	917.49
1183.00	882.38
1184.00	884.72
1185.00	826.21
1186.00	933.87
1187.00	788.76
1188.00	891.74
1189.00	891.74
1190.00	959.62
1191.00	842.59
1192.00	952.60
1193.00	966.64
1194.00	943.24
1195.00	933.87
1196.00	933.87
1197.00	968.98
1198.00	947.92
1199.00	994.73
1200.00	957.28
1201.00	994.73
1202.00	1109.41
1203.00	1233.46
1204.00	1200.69
1205.00	1172.61
1206.00	1071.97
1207.00	1109.41
1208.00	1071.97
1209.00	1062.60
1210.00	1137.50
1211.00	1111.75
1212.00	1043.88
1213.00	1125.80
1214.00	1181.97
1215.00	1174.95
1216.00	1348.15
1217.00	1416.02
1218.00	1650.08
1219.00	1952.01
1220.00	3581.02
1221.00	20442.24
1222.00	55304.52
1223.00	65535.00
1224.00	65535.00
1225.00	60156.45
1226.00	48825.92
1227.00	36840.03
1228.00	30127.38
1229.00	22003.38
1230.00	10289.00
1231.00	4252.75
1232.00	2476.29
1233.00	1816.26
1234.00	1453.47
1235.00	1341.13
1236.00	1399.64
1237.00	1238.14
1238.00	1167.93
1239.00	1603.27
1240.00	3552.93
1241.00	6190.72
1242.00	7859.52
1243.00	6464.56
1244.00	4950.23
1245.00	3681.66
1246.00	3094.19
1247.00	2677.57
1248.00	1959.03
1249.00	1259.21
1250.00	1043.88
1251.00	1027.50
1252.00	929.19
1253.00	1069.62
1254.00	1090.69
1255.00	1093.03
1256.00	1123.46
1257.00	1100.05
1258.00	1048.56
1259.00	1048.56
1260.00	1029.84
1261.00	999.41
1262.00	940.90
1263.00	954.94
1264.00	919.83
1265.00	919.83
1266.00	894.08
1267.00	882.38
1268.00	938.55
1269.00	889.40
1270.00	866.00
1271.00	915.15
1272.00	971.32
1273.00	887.06
1274.00	863.66
1275.00	908.13
1276.00	978.34
1277.00	971.32
1278.00	1041.54
1279.00	2492.67
1280.00	6911.60
1281.00	11723.74
1282.00	13666.39
1283.00	10555.82
1284.00	7625.47
1285.00	5750.70
1286.00	4723.20
1287.00	3852.52
1288.00	2298.41
1289.00	1458.15
1290.00	1060.26
1291.00	905.79
1292.00	945.58
1293.00	950.26
1294.00	959.62
1295.00	1011.11
1296.00	954.94
1297.00	931.53
1298.00	1034.52
1299.00	1720.29
1300.00	2736.09
1301.00	3613.79
1302.00	3346.97
1303.00	2670.55
1304.00	2113.50
1305.00	1713.27
1306.00	1645.40
1307.00	1331.76
1308.00	1160.91
1309.00	990.05
1310.00	882.38
1311.00	950.26
1312.00	861.32
1313.00	823.87
1314.00	901.11
1315.00	842.59
1316.00	821.53
1317.00	866.00
1318.00	835.57
1319.00	861.32
1320.00	828.55
1321.00	863.66
1322.00	898.77
1323.00	870.68
1324.00	812.17
1325.00	772.38
1326.00	858.98
1327.00	767.70
1328.00	788.76
1329.00	826.21
1330.00	875.36
1331.00	837.91
1332.00	821.53
1333.00	997.07
1334.00	1898.17
1335.00	3159.72
1336.00	3985.93
1337.00	3574.00
1338.00	2909.29
1339.00	2143.93
1340.00	1867.75
1341.00	1633.69
1342.00	1357.51
1343.00	1074.31
1344.00	961.96
1345.00	933.87
1346.00	858.98
1347.00	854.30
1348.00	844.93
1349.00	866.00
1350.00	805.14
1351.00	830.89
1352.00	861.32
1353.00	894.08
1354.00	877.70
1355.00	870.68
1356.00	814.51
1357.00	912.81
1358.00	940.90
1359.00	1006.43
1360.00	943.24
1361.00	1060.26
1362.00	2452.88
1363.00	6354.55
1364.00	10611.99
1365.00	11272.02
1366.00	8690.41
1367.00	6384.98
1368.00	4812.14
1369.00	4126.36
1370.00	3131.64
1371.00	2031.58
1372.00	1322.40
1373.00	1179.63
1374.00	1083.67
1375.00	1191.33
1376.00	3229.94
1377.00	9811.53
1378.00	17757.64
1379.00	20746.51
1380.00	15920.32
1381.00	11232.23
1382.00	8266.77
1383.00	6492.65
1384.00	5177.26
1385.00	3077.80
1386.00	1778.81
1387.00	1151.54
1388.00	1032.18
1389.00	1006.43
1390.00	983.02
1391.00	985.37
1392.00	961.96
1393.00	976.00
1394.00	940.90
1395.00	912.81
1396.00	903.45
1397.00	997.07
1398.00	1156.22
1399.00	1336.45
1400.00	1462.83
1401.00	1334.11
1402.00	1263.89
1403.00	1188.99
1404.00	1320.06
1405.00	1296.66
1406.00	2129.89
1407.00	9123.41
1408.00	22766.39
1409.00	33839.47
1410.00	29996.31
1411.00	21685.06
1412.00	14911.55
1413.00	11192.44
1414.00	9165.54
1415.00	6061.99
1416.00	3049.72
1417.00	1757.74
1418.00	1291.98
1419.00	1196.01
1420.00	2186.06
1421.00	4842.57
1422.00	7908.67
1423.00	8613.17
1424.00	6862.45
1425.00	4898.74
1426.00	3763.58
1427.00	3169.09
1428.00	2518.42
1429.00	1689.87
1430.00	1261.55
1431.00	973.66
1432.00	877.70
1433.00	866.00
1434.00	884.72
1435.00	966.64
1436.00	924.51
1437.00	851.96
1438.00	858.98
1439.00	856.64
1440.00	905.79
1441.00	844.93
1442.00	870.68
1443.00	793.44
1444.00	798.12
1445.00	840.25
1446.00	807.48
1447.00	875.36
1448.00	856.64
1449.00	875.36
1450.00	840.25
1451.00	835.57
1452.00	833.23
1453.00	840.25
1454.00	943.24
1455.00	1338.79
1456.00	2663.53
1457.00	4704.48
1458.00	5528.35
1459.00	4578.09
1460.00	3461.65
1461.00	2628.42
1462.00	2214.15
1463.00	1973.07
1464.00	1352.83
1465.00	1146.86
1466.00	976.00
1467.00	809.83
1468.00	866.00
1469.00	912.81
1470.00	894.08
1471.00	931.53
1472.00	833.23
1473.00	791.10
1474.00	863.66
1475.00	976.00
1476.00	828.55
1477.00	894.08
1478.00	903.45
1479.00	896.43
1480.00	858.98
1481.00	802.80
1482.00	835.57
1483.00	786.42
1484.00	922.17
1485.00	947.92
1486.00	940.90
1487.00	1217.08
1488.00	3950.82
1489.00	10375.59
1490.00	16636.53
1491.00	16952.50
1492.00	12407.18
1493.00	8737.22
1494.00	6502.01
1495.00	5217.05
1496.00	3887.63
1497.00	2249.25
1498.00	1277.93
1499.00	1055.58
1500.00	945.58
1501.00	894.08
1502.00	908.13
1503.00	866.00
1504.00	894.08
1505.00	891.74
1506.00	828.55
1507.00	835.57
1508.00	814.51
1509.00	884.72
1510.00	840.25
1511.00	884.72
1512.00	933.87
1513.00	1160.91
1514.00	2335.85
1515.00	4011.68
1516.00	4950.23
1517.00	4124.02
1518.00	3225.26
1519.00	2548.84
1520.00	2073.71
1521.00	1729.66
1522.00	1364.53
1523.00	1128.14
1524.00	917.49
1525.00	863.66
1526.00	887.06
1527.00	894.08
1528.00	915.15
1529.00	896.43
1530.00	933.87
1531.00	961.96
1532.00	1081.33
1533.00	2090.10
1534.00	5846.66
1535.00	10483.26
1536.00	12821.45
1537.00	9469.81
1538.00	6848.41
1539.00	5163.22
1540.00	4032.74
1541.00	3103.55
1542.00	2022.22
1543.00	1256.87
1544.00	985.37
1545.00	983.02
1546.00	966.64
1547.00	868.34
1548.00	931.53
1549.00	931.53
1550.00	866.00
1551.00	910.47
1552.00	931.53
1553.00	884.72
1554.00	800.46
1555.00	870.68
1556.00	894.08
1557.00	940.90
1558.00	828.55
1559.00	971.32
1560.00	983.02
1561.00	938.55
1562.00	957.28
1563.00	1097.71
1564.00	1078.99
1565.00	1413.68
1566.00	4877.68
1567.00	13020.40
1568.00	21834.86
1569.00	22171.89
1570.00	15618.39
1571.00	11286.06
1572.00	8292.52
1573.00	6604.99
1574.00	4784.06
1575.00	2675.23
1576.00	1785.83
1577.00	1401.98
1578.00	1867.75
1579.00	7019.27
1580.00	20482.03
1581.00	34270.12
1582.00	35688.49
1583.00	25249.70
1584.00	17649.98
1585.00	12676.34
1586.00	10129.84
1587.00	7009.90
1588.00	3688.68
1589.00	2052.65
1590.00	1294.32
1591.00	1135.16
1592.00	1029.84
1593.00	971.32
1594.00	992.39
1595.00	966.64
1596.00	952.60
1597.00	947.92
1598.00	929.19
1599.00	884.72
1600.00	880.04
1601.00	758.33
1602.00	828.55
1603.00	833.23
1604.00	929.19
1605.00	828.55
1606.00	837.91
1607.00	866.00
1608.00	770.04
1609.00	863.66
1610.00	781.74
1611.00	814.51
1612.00	781.74
1613.00	837.91
1614.00	819.19
1615.00	828.55
1616.00	847.27
1617.00	828.55
1618.00	805.14
1619.00	891.74
1620.00	863.66
1621.00	856.64
1622.00	851.96
1623.00	894.08
1624.00	802.80
1625.00	805.14
1626.00	826.21
1627.00	854.30
1628.00	858.98
1629.00	833.23
1630.00	816.85
1631.00	802.80
1632.00	868.34
1633.00	835.57
1634.00	781.74
1635.00	821.53
1636.00	847.27
1637.00	753.65
1638.00	866.00
1639.00	828.55
1640.00	802.80
1641.00	851.96
1642.00	875.36
1643.00	858.98
1644.00	866.00
1645.00	912.81
1646.00	840.25
1647.00	912.81
1648.00	994.73
1649.00	1097.71
1650.00	2785.24
1651.00	8329.97
1652.00	15609.03
1653.00	19391.34
1654.00	14831.97
1655.00	10726.68
1656.00	7831.43
1657.00	5937.94
1658.00	4437.66
1659.00	2719.70
1660.00	1572.84
1661.00	1184.31
1662.00	1071.97
1663.00	924.51
1664.00	901.11
1665.00	837.91
1666.00	858.98
1667.00	1001.75
1668.00	1266.23
1669.00	2904.60
1670.00	5401.96
1671.00	6813.30
1672.00	6033.90
1673.00	4386.16
1674.00	3323.56
1675.00	2796.94
1676.00	2106.48
1677.00	1509.65
1678.00	1181.97
1679.00	905.79
1680.00	856.64
1681.00	868.34
1682.00	767.70
1683.00	795.78
1684.00	812.17
1685.00	828.55
1686.00	807.48
1687.00	828.55
1688.00	791.10
1689.00	866.00
1690.00	798.12
1691.00	851.96
1692.00	781.74
1693.00	821.53
1694.00	807.48
1695.00	791.10
1696.00	781.74
1697.00	868.34
1698.00	788.76
1699.00	809.83
1700.00	835.57
1701.00	765.36
1702.00	779.40
1703.00	809.83
1704.00	835.57
1705.00	800.46
1706.00	849.61
1707.00	774.72
1708.00	842.59
1709.00	814.51
1710.00	830.89
1711.00	816.85
1712.00	887.06
1713.00	915.15
1714.00	1561.14
1715.00	3840.82
1716.00	7054.37
1717.00	9362.14
1718.00	8238.69
1719.00	6375.62
1720.00	4627.24
1721.00	3471.01
1722.00	2546.50
1723.00	1865.41
1724.00	1259.21
1725.00	1043.88
1726.00	898.77
1727.00	866.00
1728.00	821.53
1729.00	849.61
1730.00	788.76
1731.00	786.42
1732.00	844.93
1733.00	854.30
1734.00	842.59
1735.00	727.91
1736.00	807.48
1737.00	830.89
1738.00	826.21
1739.00	791.10
1740.00	800.46
1741.00	755.99
1742.00	765.36
1743.00	863.66
1744.00	770.04
1745.00	746.63
1746.00	840.25
1747.00	798.12
1748.00	767.70
1749.00	800.46
1750.00	854.30
1751.00	816.85
1752.00	863.66
1753.00	833.23
1754.00	861.32
1755.00	840.25
1756.00	798.12
1757.00	854.30
1758.00	802.80
1759.00	802.80
1760.00	791.10
1761.00	809.83
1762.00	767.70
1763.00	835.57
1764.00	884.72
1765.00	849.61
1766.00	856.64
1767.00	802.80
1768.00	950.26
1769.00	1109.41
1770.00	2202.44
1771.00	6436.47
1772.00	12416.54
1773.00	16879.94
1774.00	14157.90
1775.00	10689.23
1776.00	7613.76
1777.00	5200.67
1778.00	3452.29
1779.00	2176.70
1780.00	1446.45
1781.00	1151.54
1782.00	966.64
1783.00	924.51
1784.00	877.70
1785.00	866.00
1786.00	816.85
1787.00	828.55
1788.00	786.42
1789.00	837.91
1790.00	763.01
1791.00	805.14
1792.00	880.04
1793.00	807.48
1794.00	851.96
1795.00	814.51
1796.00	868.34
1797.00	1146.86
1798.00	2441.18
1799.00	5748.36
1800.00	9284.91
1801.00	10558.16
1802.00	8294.86
1803.00	6286.68
1804.00	4451.70
1805.00	3021.63
1806.00	1930.94
1807.00	1404.32
1808.00	1086.01
1809.00	931.53
1810.00	875.36
1811.00	929.19
1812.00	800.46
1813.00	844.93
1814.00	791.10
1815.00	739.61
1816.00	828.55
1817.00	842.59
1818.00	718.54
1819.00	760.67
1820.00	805.14
1821.00	809.83
1822.00	835.57
1823.00	889.40
1824.00	814.51
1825.00	844.93
1826.00	868.34
1827.00	866.00
1828.00	868.34
1829.00	800.46
1830.00	800.46
1831.00	791.10
1832.00	760.67
1833.00	748.97
1834.00	800.46
1835.00	765.36
1836.00	657.69
1837.00	800.46
1838.00	730.25
1839.00	805.14
1840.00	788.76
1841.00	744.29
1842.00	758.33
1843.00	837.91
1844.00	760.67
1845.00	692.80
1846.00	713.86
1847.00	781.74
1848.00	795.78
1849.00	730.25
1850.00	774.72
1851.00	793.44
1852.00	807.48
1853.00	763.01
1854.00	770.04
1855.00	760.67
1856.00	786.42
1857.00	737.27
1858.00	774.72
1859.00	784.08
1860.00	788.76
1861.00	786.42
1862.00	725.57
1863.00	753.65
1864.00	692.80
1865.00	802.80
1866.00	753.65
1867.00	751.31
1868.00	809.83
1869.00	723.23
1870.00	844.93
1871.00	772.38
1872.00	830.89
1873.00	774.72
1874.00	709.18
1875.00	744.29
1876.00	713.86
1877.00	770.04
1878.00	788.76
1879.00	821.53
1880.00	777.06
1881.00	751.31
1882.00	819.19
1883.00	791.10
1884.00	725.57
1885.00	826.21
1886.00	795.78
1887.00	800.46
1888.00	805.14
1889.00	805.14
1890.00	765.36
1891.00	798.12
1892.00	741.95
1893.00	753.65
1894.00	795.78
1895.00	723.23
1896.00	746.63
1897.00	774.72
1898.00	697.48
1899.00	713.86
1900.00	854.30
1901.00	805.14
1902.00	716.20
1903.00	697.48
1904.00	779.40
1905.00	744.29
1906.00	786.42
1907.00	798.12
1908.00	732.59
1909.00	807.48
1910.00	748.97
1911.00	802.80
1912.00	873.02
1913.00	842.59
1914.00	814.51
1915.00	798.12
1916.00	800.46
1917.00	795.78
1918.00	711.52
1919.00	826.21
1920.00	746.63
1921.00	793.44
1922.00	744.29
1923.00	741.95
1924.00	819.19
1925.00	678.76
1926.00	758.33
1927.00	777.06
1928.00	812.17
1929.00	767.70
1930.00	727.91
1931.00	809.83
1932.00	774.72
1933.00	725.57
1934.00	734.93
1935.00	774.72
1936.00	842.59
1937.00	805.14
1938.00	711.52
1939.00	737.27
1940.00	770.04
1941.00	748.97
1942.00	774.72
1943.00	770.04
1944.00	772.38
1945.00	751.31
1946.00	772.38
1947.00	779.40
1948.00	800.46
1949.00	858.98
1950.00	821.53
1951.00	863.66
1952.00	1095.37
1953.00	2289.04
1954.00	5233.44
1955.00	8086.55
1956.00	9090.64
1957.00	6487.96
1958.00	4224.67
1959.00	2686.94
1960.00	1809.23
1961.00	1338.79
1962.00	1083.67
1963.00	978.34
1964.00	891.74
1965.00	842.59
1966.00	770.04
1967.00	755.99
1968.00	805.14
1969.00	795.78
1970.00	805.14
1971.00	800.46
1972.00	763.01
1973.00	763.01
1974.00	791.10
1975.00	840.25
1976.00	823.87
1977.00	772.38
1978.00	755.99
1979.00	833.23
1980.00	931.53
1981.00	1025.15
1982.00	1235.80
1983.00	1231.12
1984.00	1067.28
1985.00	999.41
1986.00	903.45
1987.00	875.36
1988.00	786.42
1989.00	744.29
1990.00	741.95
1991.00	763.01
1992.00	763.01
1993.00	814.51
1994.00	681.10
1995.00	770.04
1996.00	807.48
1997.00	690.46
1998.00	798.12
1999.00	744.29
2000.00	751.31
2001.00	674.07
2002.00	760.67
2003.00	854.30
2004.00	798.12
2005.00	798.12
2006.00	781.74
2007.00	770.04
2008.00	800.46
2009.00	718.54
2010.00	711.52
2011.00	746.63
2012.00	807.48
2013.00	720.88
2014.00	800.46
2015.00	681.10
2016.00	739.61
2017.00	777.06
2018.00	807.48
2019.00	786.42
2020.00	758.33
2021.00	821.53
2022.00	840.25
2023.00	788.76
2024.00	908.13
2025.00	1025.15
2026.00	1203.04
2027.00	1284.95
2028.00	1247.51
2029.00	1200.69
2030.00	2480.97
2031.00	7002.88
2032.00	13554.04
2033.00	18026.81
2034.00	16159.06
2035.00	10778.17
2036.00	7101.19
2037.00	4461.06
2038.00	2796.94
2039.00	1872.43
2040.00	1416.02
2041.00	1043.88
2042.00	980.68
2043.00	933.87
2044.00	880.04
2045.00	837.91
2046.00	823.87
2047.00	844.93
