0.00	702.16
1.00	702.16
2.00	702.16
3.00	582.79
4.00	620.24
5.00	561.73
6.00	573.43
7.00	580.45
8.00	545.34
9.00	573.43
10.00	517.26
11.00	566.41
12.00	535.98
13.00	592.16
14.00	517.26
15.00	554.71
16.00	521.94
17.00	573.43
18.00	627.26
19.00	592.16
20.00	578.11
21.00	610.88
22.00	627.26
23.00	702.16
24.00	655.35
25.00	655.35
26.00	631.94
27.00	697.48
28.00	655.35
29.00	678.76
30.00	678.76
31.00	725.57
32.00	650.67
33.00	643.65
34.00	767.70
35.00	748.97
36.00	697.48
37.00	812.17
38.00	692.80
39.00	725.57
40.00	763.01
41.00	739.61
42.00	704.50
43.00	781.74
44.00	751.31
45.00	812.17
46.00	711.52
47.00	760.67
48.00	767.70
49.00	746.63
50.00	779.40
51.00	751.31
52.00	774.72
53.00	753.65
54.00	744.29
55.00	777.06
56.00	791.10
57.00	655.35
58.00	795.78
59.00	662.37
60.00	662.37
61.00	765.36
62.00	786.42
63.00	746.63
64.00	748.97
65.00	690.46
66.00	758.33
67.00	713.86
68.00	706.84
69.00	788.76
70.00	741.95
71.00	760.67
72.00	690.46
73.00	713.86
74.00	739.61
75.00	732.59
76.00	667.05
77.00	716.20
78.00	657.69
79.00	746.63
80.00	662.37
81.00	758.33
82.00	699.82
83.00	713.86
84.00	779.40
85.00	695.14
86.00	753.65
87.00	765.36
88.00	741.95
89.00	725.57
90.00	765.36
91.00	847.27
92.00	758.33
93.00	805.14
94.00	723.23
95.00	704.50
96.00	709.18
97.00	723.23
98.00	758.33
99.00	741.95
100.00	697.48
101.00	746.63
102.00	720.88
103.00	690.46
104.00	800.46
105.00	760.67
106.00	739.61
107.00	697.48
108.00	739.61
109.00	765.36
110.00	734.93
111.00	734.93
112.00	758.33
113.00	812.17
114.00	669.39
115.00	725.57
116.00	718.54
117.00	723.23
118.00	774.72
119.00	695.14
120.00	744.29
121.00	779.40
122.00	767.70
123.00	734.93
124.00	753.65
125.00	648.33
126.00	723.23
127.00	695.14
128.00	727.91
129.00	791.10
130.00	737.27
131.00	737.27
132.00	765.36
133.00	737.27
134.00	737.27
135.00	812.17
136.00	793.44
137.00	737.27
138.00	702.16
139.00	720.88
140.00	777.06
141.00	755.99
142.00	678.76
143.00	748.97
144.00	781.74
145.00	723.23
146.00	748.97
147.00	727.91
148.00	758.33
149.00	807.48
150.00	767.70
151.00	688.12
152.00	748.97
153.00	798.12
154.00	807.48
155.00	748.97
156.00	716.20
157.00	760.67
158.00	744.29
159.00	772.38
160.00	784.08
161.00	770.04
162.00	669.39
163.00	767.70
164.00	706.84
165.00	770.04
166.00	732.59
167.00	751.31
168.00	737.27
169.00	643.65
170.00	730.25
171.00	702.16
172.00	748.97
173.00	753.65
174.00	697.48
175.00	683.44
176.00	751.31
177.00	763.01
178.00	720.88
179.00	690.46
180.00	709.18
181.00	763.01
182.00	716.20
183.00	774.72
184.00	772.38
185.00	770.04
186.00	716.20
187.00	748.97
188.00	793.44
189.00	718.54
190.00	734.93
191.00	706.84
192.00	758.33
193.00	734.93
194.00	716.20
195.00	716.20
196.00	809.83
197.00	840.25
198.00	814.51
199.00	802.80
200.00	741.95
201.00	798.12
202.00	802.80
203.00	713.86
204.00	765.36
205.00	748.97
206.00	744.29
207.00	713.86
208.00	739.61
209.00	681.10
210.00	727.91
211.00	821.53
212.00	772.38
213.00	791.10
214.00	674.07
215.00	718.54
216.00	751.31
217.00	716.20
218.00	777.06
219.00	720.88
220.00	786.42
221.00	760.67
222.00	709.18
223.00	737.27
224.00	741.95
225.00	746.63
226.00	760.67
227.00	734.93
228.00	805.14
229.00	723.23
230.00	645.99
231.00	695.14
232.00	758.33
233.00	716.20
234.00	753.65
235.00	791.10
236.00	746.63
237.00	685.78
238.00	737.27
239.00	755.99
240.00	741.95
241.00	716.20
242.00	709.18
243.00	760.67
244.00	720.88
245.00	774.72
246.00	713.86
247.00	786.42
248.00	723.23
249.00	732.59
250.00	798.12
251.00	748.97
252.00	802.80
253.00	755.99
254.00	770.04
255.00	788.76
256.00	758.33
257.00	795.78
258.00	727.91
259.00	784.08
260.00	732.59
261.00	704.50
262.00	763.01
263.00	718.54
264.00	763.01
265.00	777.06
266.00	800.46
267.00	830.89
268.00	805.14
269.00	800.46
270.00	730.25
271.00	833.23
272.00	744.29
273.00	753.65
274.00	760.67
275.00	788.76
276.00	856.64
277.00	798.12
278.00	802.80
279.00	795.78
280.00	791.10
281.00	816.85
282.00	730.25
283.00	655.35
284.00	805.14
285.00	737.27
286.00	753.65
287.00	770.04
288.00	763.01
289.00	697.48
290.00	725.57
291.00	709.18
292.00	798.12
293.00	741.95
294.00	777.06
295.00	807.48
296.00	812.17
297.00	727.91
298.00	741.95
299.00	760.67
300.00	734.93
301.00	690.46
302.00	760.67
303.00	746.63
304.00	774.72
305.00	695.14
306.00	732.59
307.00	791.10
308.00	828.55
309.00	889.40
310.00	791.10
311.00	844.93
312.00	873.02
313.00	802.80
314.00	777.06
315.00	730.25
316.00	805.14
317.00	802.80
318.00	725.57
319.00	732.59
320.00	777.06
321.00	739.61
322.00	704.50
323.00	709.18
324.00	730.25
325.00	772.38
326.00	772.38
327.00	791.10
328.00	744.29
329.00	725.57
330.00	763.01
331.00	802.80
332.00	781.74
333.00	753.65
334.00	718.54
335.00	713.86
336.00	727.91
337.00	704.50
338.00	774.72
339.00	732.59
340.00	793.44
341.00	770.04
342.00	685.78
343.00	739.61
344.00	720.88
345.00	697.48
346.00	716.20
347.00	870.68
348.00	795.78
349.00	809.83
350.00	882.38
351.00	851.96
352.00	725.57
353.00	840.25
354.00	870.68
355.00	732.59
356.00	800.46
357.00	727.91
358.00	809.83
359.00	744.29
360.00	739.61
361.00	741.95
362.00	763.01
363.00	777.06
364.00	833.23
365.00	786.42
366.00	826.21
367.00	683.44
368.00	741.95
369.00	730.25
370.00	697.48
371.00	746.63
372.00	753.65
373.00	674.07
374.00	770.04
375.00	730.25
376.00	760.67
377.00	755.99
378.00	748.97
379.00	706.84
380.00	753.65
381.00	730.25
382.00	753.65
383.00	711.52
384.00	737.27
385.00	730.25
386.00	748.97
387.00	737.27
388.00	725.57
389.00	711.52
390.00	784.08
391.00	760.67
392.00	767.70
393.00	760.67
394.00	800.46
395.00	786.42
396.00	730.25
397.00	753.65
398.00	723.23
399.00	758.33
400.00	734.93
401.00	702.16
402.00	709.18
403.00	779.40
404.00	755.99
405.00	723.23
406.00	760.67
407.00	770.04
408.00	751.31
409.00	772.38
410.00	805.14
411.00	758.33
412.00	760.67
413.00	819.19
414.00	734.93
415.00	753.65
416.00	758.33
417.00	713.86
418.00	758.33
419.00	894.08
420.00	718.54
421.00	737.27
422.00	692.80
423.00	758.33
424.00	751.31
425.00	840.25
426.00	739.61
427.00	755.99
428.00	840.25
429.00	786.42
430.00	781.74
431.00	753.65
432.00	720.88
433.00	727.91
434.00	767.70
435.00	816.85
436.00	748.97
437.00	739.61
438.00	798.12
439.00	753.65
440.00	828.55
441.00	779.40
442.00	866.00
443.00	830.89
444.00	798.12
445.00	753.65
446.00	812.17
447.00	748.97
448.00	748.97
449.00	718.54
450.00	763.01
451.00	758.33
452.00	748.97
453.00	711.52
454.00	765.36
455.00	706.84
456.00	802.80
457.00	805.14
458.00	746.63
459.00	744.29
460.00	725.57
461.00	723.23
462.00	807.48
463.00	704.50
464.00	821.53
465.00	823.87
466.00	755.99
467.00	763.01
468.00	690.46
469.00	772.38
470.00	758.33
471.00	727.91
472.00	730.25
473.00	723.23
474.00	699.82
475.00	833.23
476.00	739.61
477.00	755.99
478.00	748.97
479.00	751.31
480.00	798.12
481.00	704.50
482.00	751.31
483.00	718.54
484.00	786.42
485.00	779.40
486.00	737.27
487.00	781.74
488.00	770.04
489.00	809.83
490.00	720.88
491.00	748.97
492.00	798.12
493.00	812.17
494.00	793.44
495.00	840.25
496.00	765.36
497.00	851.96
498.00	788.76
499.00	791.10
500.00	741.95
501.00	767.70
502.00	699.82
503.00	828.55
504.00	767.70
505.00	772.38
506.00	814.51
507.00	784.08
508.00	774.72
509.00	802.80
510.00	828.55
511.00	767.70
512.00	737.27
513.00	760.67
514.00	751.31
515.00	779.40
516.00	723.23
517.00	753.65
518.00	725.57
519.00	812.17
520.00	802.80
521.00	770.04
522.00	774.72
523.00	758.33
524.00	692.80
525.00	802.80
526.00	791.10
527.00	788.76
528.00	781.74
529.00	788.76
530.00	784.08
531.00	763.01
532.00	741.95
533.00	765.36
534.00	779.40
535.00	788.76
536.00	730.25
537.00	795.78
538.00	809.83
539.00	767.70
540.00	791.10
541.00	741.95
542.00	704.50
543.00	802.80
544.00	753.65
545.00	674.07
546.00	767.70
547.00	727.91
548.00	676.41
549.00	772.38
550.00	805.14
551.00	788.76
552.00	734.93
553.00	826.21
554.00	795.78
555.00	763.01
556.00	699.82
557.00	763.01
558.00	767.70
559.00	837.91
560.00	727.91
561.00	802.80
562.00	805.14
563.00	767.70
564.00	833.23
565.00	734.93
566.00	795.78
567.00	793.44
568.00	800.46
569.00	711.52
570.00	788.76
571.00	777.06
572.00	737.27
573.00	751.31
574.00	725.57
575.00	753.65
576.00	767.70
577.00	800.46
578.00	816.85
579.00	748.97
580.00	758.33
581.00	870.68
582.00	793.44
583.00	793.44
584.00	814.51
585.00	744.29
586.00	816.85
587.00	723.23
588.00	676.41
589.00	723.23
590.00	823.87
591.00	798.12
592.00	711.52
593.00	730.25
594.00	751.31
595.00	716.20
596.00	713.86
597.00	772.38
598.00	681.10
599.00	755.99
600.00	774.72
601.00	798.12
602.00	772.38
603.00	802.80
604.00	746.63
605.00	781.74
606.00	753.65
607.00	716.20
608.00	706.84
609.00	793.44
610.00	779.40
611.00	702.16
612.00	816.85
613.00	812.17
614.00	779.40
615.00	758.33
616.00	842.59
617.00	711.52
618.00	770.04
619.00	772.38
620.00	781.74
621.00	793.44
622.00	777.06
623.00	791.10
624.00	772.38
625.00	718.54
626.00	758.33
627.00	753.65
628.00	770.04
629.00	809.83
630.00	781.74
631.00	758.33
632.00	765.36
633.00	784.08
634.00	748.97
635.00	744.29
636.00	748.97
637.00	730.25
638.00	734.93
639.00	795.78
640.00	791.10
641.00	781.74
642.00	739.61
643.00	800.46
644.00	770.04
645.00	800.46
646.00	802.80
647.00	751.31
648.00	720.88
649.00	770.04
650.00	830.89
651.00	753.65
652.00	760.67
653.00	753.65
654.00	753.65
655.00	798.12
656.00	683.44
657.00	854.30
658.00	746.63
659.00	826.21
660.00	739.61
661.00	744.29
662.00	807.48
663.00	795.78
664.00	784.08
665.00	812.17
666.00	777.06
667.00	805.14
668.00	784.08
669.00	758.33
670.00	798.12
671.00	800.46
672.00	826.21
673.00	802.80
674.00	765.36
675.00	798.12
676.00	819.19
677.00	793.44
678.00	812.17
679.00	802.80
680.00	795.78
681.00	819.19
682.00	814.51
683.00	741.95
684.00	854.30
685.00	812.17
686.00	786.42
687.00	746.63
688.00	760.67
689.00	774.72
690.00	767.70
691.00	706.84
692.00	837.91
693.00	821.53
694.00	758.33
695.00	784.08
696.00	840.25
697.00	819.19
698.00	849.61
699.00	774.72
700.00	746.63
701.00	828.55
702.00	779.40
703.00	802.80
704.00	812.17
705.00	821.53
706.00	732.59
707.00	849.61
708.00	854.30
709.00	866.00
710.00	774.72
711.00	777.06
712.00	830.89
713.00	802.80
714.00	709.18
715.00	779.40
716.00	861.32
717.00	837.91
718.00	821.53
719.00	786.42
720.00	835.57
721.00	828.55
722.00	777.06
723.00	858.98
724.00	842.59
725.00	788.76
726.00	835.57
727.00	812.17
728.00	781.74
729.00	758.33
730.00	800.46
731.00	795.78
732.00	767.70
733.00	758.33
734.00	802.80
735.00	837.91
736.00	823.87
737.00	755.99
738.00	786.42
739.00	774.72
740.00	819.19
741.00	781.74
742.00	795.78
743.00	770.04
744.00	833.23
745.00	770.04
746.00	837.91
747.00	777.06
748.00	805.14
749.00	767.70
750.00	786.42
751.00	823.87
752.00	793.44
753.00	755.99
754.00	786.42
755.00	784.08
756.00	828.55
757.00	751.31
758.00	812.17
759.00	791.10
760.00	847.27
761.00	767.70
762.00	784.08
763.00	828.55
764.00	791.10
765.00	812.17
766.00	823.87
767.00	809.83
768.00	877.70
769.00	809.83
770.00	793.44
771.00	812.17
772.00	835.57
773.00	849.61
774.00	819.19
775.00	802.80
776.00	821.53
777.00	849.61
778.00	781.74
779.00	842.59
780.00	844.93
781.00	816.85
782.00	882.38
783.00	819.19
784.00	887.06
785.00	812.17
786.00	821.53
787.00	858.98
788.00	798.12
789.00	767.70
790.00	816.85
791.00	774.72
792.00	800.46
793.00	795.78
794.00	812.17
795.00	842.59
796.00	863.66
797.00	809.83
798.00	809.83
799.00	807.48
800.00	889.40
801.00	704.50
802.00	751.31
803.00	861.32
804.00	861.32
805.00	807.48
806.00	837.91
807.00	835.57
808.00	875.36
809.00	842.59
810.00	772.38
811.00	882.38
812.00	770.04
813.00	851.96
814.00	793.44
815.00	720.88
816.00	812.17
817.00	800.46
818.00	791.10
819.00	856.64
820.00	826.21
821.00	758.33
822.00	819.19
823.00	795.78
824.00	786.42
825.00	688.12
826.00	774.72
827.00	802.80
828.00	788.76
829.00	870.68
830.00	763.01
831.00	781.74
832.00	795.78
833.00	755.99
834.00	851.96
835.00	840.25
836.00	873.02
837.00	842.59
838.00	868.34
839.00	814.51
840.00	812.17
841.00	844.93
842.00	849.61
843.00	774.72
844.00	805.14
845.00	840.25
846.00	807.48
847.00	819.19
848.00	730.25
849.00	858.98
850.00	856.64
851.00	901.11
852.00	751.31
853.00	781.74
854.00	833.23
855.00	781.74
856.00	758.33
857.00	770.04
858.00	805.14
859.00	777.06
860.00	889.40
861.00	912.81
862.00	823.87
863.00	875.36
864.00	814.51
865.00	835.57
866.00	837.91
867.00	774.72
868.00	760.67
869.00	772.38
870.00	837.91
871.00	767.70
872.00	788.76
873.00	795.78
874.00	835.57
875.00	844.93
876.00	800.46
877.00	781.74
878.00	786.42
879.00	866.00
880.00	767.70
881.00	863.66
882.00	809.83
883.00	821.53
884.00	898.77
885.00	823.87
886.00	809.83
887.00	844.93
888.00	889.40
889.00	884.72
890.00	814.51
891.00	774.72
892.00	884.72
893.00	723.23
894.00	828.55
895.00	807.48
896.00	826.21
897.00	833.23
898.00	805.14
899.00	788.76
900.00	851.96
901.00	809.83
902.00	828.55
903.00	882.38
904.00	798.12
905.00	887.06
906.00	896.43
907.00	961.96
908.00	933.87
909.00	887.06
910.00	898.77
911.00	875.36
912.00	983.02
913.00	976.00
914.00	1015.79
915.00	877.70
916.00	889.40
917.00	833.23
918.00	917.49
919.00	861.32
920.00	814.51
921.00	786.42
922.00	784.08
923.00	840.25
924.00	788.76
925.00	828.55
926.00	833.23
927.00	840.25
928.00	809.83
929.00	891.74
930.00	837.91
931.00	814.51
932.00	751.31
933.00	891.74
934.00	802.80
935.00	772.38
936.00	854.30
937.00	716.20
938.00	894.08
939.00	795.78
940.00	842.59
941.00	844.93
942.00	858.98
943.00	807.48
944.00	889.40
945.00	840.25
946.00	1198.35
947.00	1664.12
948.00	2216.49
949.00	1921.58
950.00	1633.69
951.00	1366.87
952.00	1256.87
953.00	1165.59
954.00	954.94
955.00	868.34
956.00	891.74
957.00	791.10
958.00	889.40
959.00	788.76
960.00	798.12
961.00	863.66
962.00	823.87
963.00	882.38
964.00	835.57
965.00	842.59
966.00	840.25
967.00	823.87
968.00	816.85
969.00	866.00
970.00	894.08
971.00	826.21
972.00	844.93
973.00	805.14
974.00	809.83
975.00	819.19
976.00	777.06
977.00	856.64
978.00	795.78
979.00	812.17
980.00	840.25
981.00	835.57
982.00	755.99
983.00	774.72
984.00	837.91
985.00	858.98
986.00	812.17
987.00	828.55
988.00	709.18
989.00	847.27
990.00	835.57
991.00	800.46
992.00	821.53
993.00	772.38
994.00	746.63
995.00	798.12
996.00	781.74
997.00	805.14
998.00	854.30
999.00	758.33
1000.00	837.91
1001.00	861.32
1002.00	800.46
1003.00	807.48
1004.00	922.17
1005.00	826.21
1006.00	826.21
1007.00	819.19
1008.00	847.27
1009.00	734.93
1010.00	898.77
1011.00	830.89
1012.00	837.91
1013.00	854.30
1014.00	788.76
1015.00	786.42
1016.00	805.14
1017.00	821.53
1018.00	786.42
1019.00	746.63
1020.00	842.59
1021.00	788.76
1022.00	868.34
1023.00	877.70
1024.00	788.76
1025.00	851.96
1026.00	819.19
1027.00	828.55
1028.00	858.98
1029.00	828.55
1030.00	835.57
1031.00	870.68
1032.00	840.25
1033.00	854.30
1034.00	833.23
1035.00	798.12
1036.00	821.53
1037.00	821.53
1038.00	840.25
1039.00	786.42
1040.00	837.91
1041.00	809.83
1042.00	828.55
1043.00	795.78
1044.00	840.25
1045.00	894.08
1046.00	898.77
1047.00	858.98
1048.00	793.44
1049.00	870.68
1050.00	758.33
1051.00	807.48
1052.00	849.61
1053.00	819.19
1054.00	763.01
1055.00	791.10
1056.00	763.01
1057.00	842.59
1058.00	837.91
1059.00	807.48
1060.00	774.72
1061.00	821.53
1062.00	821.53
1063.00	734.93
1064.00	833.23
1065.00	861.32
1066.00	844.93
1067.00	784.08
1068.00	842.59
1069.00	812.17
1070.00	772.38
1071.00	784.08
1072.00	830.89
1073.00	795.78
1074.00	917.49
1075.00	798.12
1076.00	760.67
1077.00	781.74
1078.00	781.74
1079.00	837.91
1080.00	854.30
1081.00	896.43
1082.00	798.12
1083.00	880.04
1084.00	833.23
1085.00	816.85
1086.00	753.65
1087.00	795.78
1088.00	873.02
1089.00	805.14
1090.00	837.91
1091.00	777.06
1092.00	805.14
1093.00	727.91
1094.00	844.93
1095.00	795.78
1096.00	784.08
1097.00	784.08
1098.00	765.36
1099.00	814.51
1100.00	821.53
1101.00	830.89
1102.00	875.36
1103.00	898.77
1104.00	863.66
1105.00	861.32
1106.00	884.72
1107.00	809.83
1108.00	849.61
1109.00	788.76
1110.00	802.80
1111.00	732.59
1112.00	739.61
1113.00	816.85
1114.00	840.25
1115.00	751.31
1116.00	800.46
1117.00	812.17
1118.00	699.82
1119.00	798.12
1120.00	812.17
1121.00	837.91
1122.00	844.93
1123.00	915.15
1124.00	837.91
1125.00	858.98
1126.00	877.70
1127.00	830.89
1128.00	830.89
1129.00	837.91
1130.00	770.04
1131.00	723.23
1132.00	856.64
1133.00	828.55
1134.00	826.21
1135.00	826.21
1136.00	786.42
1137.00	777.06
1138.00	854.30
1139.00	896.43
1140.00	903.45
1141.00	894.08
1142.00	844.93
1143.00	837.91
1144.00	873.02
1145.00	868.34
1146.00	823.87
1147.00	849.61
1148.00	812.17
1149.00	819.19
1150.00	788.76
1151.00	856.64
1152.00	882.38
1153.00	791.10
1154.00	807.48
1155.00	788.76
1156.00	786.42
1157.00	912.81
1158.00	915.15
1159.00	856.64
1160.00	931.53
1161.00	844.93
1162.00	908.13
1163.00	826.21
1164.00	910.47
1165.00	863.66
1166.00	901.11
1167.00	1100.05
1168.00	1308.36
1169.00	1338.79
1170.00	1151.54
1171.00	1076.65
1172.00	1027.50
1173.00	1006.43
1174.00	1050.90
1175.00	873.02
1176.00	812.17
1177.00	917.49
1178.00	851.96
1179.00	856.64
1180.00	823.87
1181.00	903.45
1182.00	854.30
1183.00	896.43
1184.00	894.08
1185.00	898.77
1186.00	945.58
1187.00	938.55
1188.00	849.61
1189.00	875.36
1190.00	973.66
1191.00	931.53
1192.00	938.55
1193.00	983.02
1194.00	985.37
1195.00	971.32
1196.00	1022.81
1197.00	954.94
1198.00	973.66
1199.00	1006.43
1200.00	1036.86
1201.00	1006.43
1202.00	1174.95
1203.00	1249.85
1204.00	1130.48
1205.00	1196.01
1206.00	1095.37
1207.00	994.73
1208.00	1078.99
1209.00	1083.67
1210.00	1142.18
1211.00	1050.90
1212.00	1034.52
1213.00	1022.81
1214.00	1172.61
1215.00	1205.38
1216.00	1301.34
1217.00	1392.62
1218.00	1607.95
1219.00	1923.92
1220.00	3424.20
1221.00	18857.70
1222.00	52156.50
1223.00	65535.00
1224.00	65535.00
1225.00	58017.20
1226.00	45488.31
1227.00	34167.14
1228.00	27639.39
1229.00	19850.08
1230.00	9490.87
1231.00	4046.79
1232.00	2277.34
1233.00	1678.16
1234.00	1465.18
1235.00	1341.13
1236.00	1317.72
1237.00	1266.23
1238.00	1217.08
1239.00	1584.54
1240.00	3290.79
1241.00	5959.00
1242.00	7410.14
1243.00	6258.59
1244.00	4706.82
1245.00	3571.66
1246.00	2967.80
1247.00	2593.31
1248.00	1834.98
1249.00	1228.78
1250.00	1046.22
1251.00	936.21
1252.00	990.05
1253.00	1032.18
1254.00	1086.01
1255.00	1076.65
1256.00	1102.39
1257.00	1041.54
1258.00	990.05
1259.00	1022.81
1260.00	983.02
1261.00	959.62
1262.00	987.71
1263.00	1001.75
1264.00	1029.84
1265.00	926.85
1266.00	858.98
1267.00	868.34
1268.00	931.53
1269.00	905.79
1270.00	959.62
1271.00	929.19
1272.00	896.43
1273.00	910.47
1274.00	912.81
1275.00	943.24
1276.00	1046.22
1277.00	961.96
1278.00	1114.10
1279.00	2424.80
1280.00	6246.89
1281.00	11227.55
1282.00	12805.07
1283.00	9689.82
1284.00	7227.57
1285.00	5254.50
1286.00	4599.15
1287.00	3550.59
1288.00	2345.22
1289.00	1348.15
1290.00	1062.60
1291.00	999.41
1292.00	945.58
1293.00	952.60
1294.00	954.94
1295.00	959.62
1296.00	952.60
1297.00	968.98
1298.00	1001.75
1299.00	1600.93
1300.00	2628.42
1301.00	3548.25
1302.00	3157.38
1303.00	2511.39
1304.00	2047.97
1305.00	1813.92
1306.00	1521.35
1307.00	1310.70
1308.00	1076.65
1309.00	1001.75
1310.00	964.30
1311.00	875.36
1312.00	915.15
1313.00	887.06
1314.00	795.78
1315.00	877.70
1316.00	929.19
1317.00	856.64
1318.00	828.55
1319.00	842.59
1320.00	940.90
1321.00	856.64
1322.00	858.98
1323.00	833.23
1324.00	830.89
1325.00	795.78
1326.00	826.21
1327.00	807.48
1328.00	847.27
1329.00	868.34
1330.00	877.70
1331.00	880.04
1332.00	915.15
1333.00	1057.92
1334.00	1799.87
1335.00	3014.61
1336.00	3808.05
1337.00	3456.97
1338.00	2630.76
1339.00	2136.91
1340.00	1839.66
1341.00	1645.40
1342.00	1315.38
1343.00	1046.22
1344.00	931.53
1345.00	912.81
1346.00	849.61
1347.00	877.70
1348.00	919.83
1349.00	833.23
1350.00	812.17
1351.00	866.00
1352.00	947.92
1353.00	870.68
1354.00	898.77
1355.00	884.72
1356.00	936.21
1357.00	929.19
1358.00	898.77
1359.00	976.00
1360.00	994.73
1361.00	1027.50
1362.00	2366.28
1363.00	5839.64
1364.00	9951.96
1365.00	10775.83
1366.00	8255.07
1367.00	5989.43
1368.00	4545.32
1369.00	3744.86
1370.00	2993.55
1371.00	1856.04
1372.00	1261.55
1373.00	1114.10
1374.00	1064.94
1375.00	1203.04
1376.00	3012.27
1377.00	8926.80
1378.00	16418.86
1379.00	19445.17
1380.00	14663.46
1381.00	10473.90
1382.00	7662.91
1383.00	6085.39
1384.00	4971.30
1385.00	2899.92
1386.00	1647.74
1387.00	1158.57
1388.00	1029.84
1389.00	919.83
1390.00	992.39
1391.00	868.34
1392.00	938.55
1393.00	950.26
1394.00	929.19
1395.00	929.19
1396.00	936.21
1397.00	997.07
1398.00	1151.54
1399.00	1299.00
1400.00	1437.09
1401.00	1214.74
1402.00	1203.04
1403.00	1238.14
1404.00	1210.06
1405.00	1254.53
1406.00	2092.44
1407.00	8229.32
1408.00	20734.81
1409.00	31763.41
1410.00	28203.46
1411.00	20044.35
1412.00	13490.85
1413.00	10476.24
1414.00	8463.38
1415.00	5865.38
1416.00	3084.83
1417.00	1605.61
1418.00	1217.08
1419.00	1191.33
1420.00	1996.48
1421.00	4449.36
1422.00	7410.14
1423.00	8222.30
1424.00	6258.59
1425.00	4645.96
1426.00	3527.19
1427.00	2913.97
1428.00	2335.85
1429.00	1537.73
1430.00	1191.33
1431.00	997.07
1432.00	936.21
1433.00	912.81
1434.00	1046.22
1435.00	1008.77
1436.00	971.32
1437.00	919.83
1438.00	830.89
1439.00	844.93
1440.00	807.48
1441.00	816.85
1442.00	901.11
1443.00	896.43
1444.00	844.93
1445.00	807.48
1446.00	847.27
1447.00	837.91
1448.00	873.02
1449.00	887.06
1450.00	800.46
1451.00	905.79
1452.00	849.61
1453.00	880.04
1454.00	968.98
1455.00	1266.23
1456.00	2609.70
1457.00	4383.82
1458.00	5310.68
1459.00	4507.87
1460.00	3227.60
1461.00	2558.21
1462.00	2202.44
1463.00	1802.21
1464.00	1444.11
1465.00	1057.92
1466.00	945.58
1467.00	854.30
1468.00	868.34
1469.00	861.32
1470.00	870.68
1471.00	861.32
1472.00	814.51
1473.00	807.48
1474.00	847.27
1475.00	847.27
1476.00	873.02
1477.00	856.64
1478.00	945.58
1479.00	854.30
1480.00	882.38
1481.00	835.57
1482.00	833.23
1483.00	819.19
1484.00	961.96
1485.00	945.58
1486.00	1032.18
1487.00	1256.87
1488.00	3688.68
1489.00	9633.64
1490.00	15686.27
1491.00	16191.83
1492.00	11604.38
1493.00	8285.50
1494.00	6010.50
1495.00	4994.70
1496.00	3562.30
1497.00	2155.63
1498.00	1418.36
1499.00	1050.90
1500.00	887.06
1501.00	908.13
1502.00	924.51
1503.00	940.90
1504.00	947.92
1505.00	973.66
1506.00	884.72
1507.00	851.96
1508.00	840.25
1509.00	873.02
1510.00	847.27
1511.00	884.72
1512.00	884.72
1513.00	1144.52
1514.00	2256.28
1515.00	3695.71
1516.00	4800.44
1517.00	3957.85
1518.00	3166.74
1519.00	2340.54
1520.00	2129.89
1521.00	1727.32
1522.00	1401.98
1523.00	1090.69
1524.00	950.26
1525.00	905.79
1526.00	947.92
1527.00	966.64
1528.00	915.15
1529.00	889.40
1530.00	945.58
1531.00	997.07
1532.00	1011.11
1533.00	2052.65
1534.00	5289.61
1535.00	9841.95
1536.00	11964.82
1537.00	8964.25
1538.00	6476.26
1539.00	4770.01
1540.00	3808.05
1541.00	2986.52
1542.00	2010.52
1543.00	1310.70
1544.00	1032.18
1545.00	870.68
1546.00	924.51
1547.00	887.06
1548.00	889.40
1549.00	919.83
1550.00	961.96
1551.00	884.72
1552.00	919.83
1553.00	863.66
1554.00	940.90
1555.00	964.30
1556.00	908.13
1557.00	898.77
1558.00	882.38
1559.00	901.11
1560.00	917.49
1561.00	933.87
1562.00	1013.45
1563.00	990.05
1564.00	1069.62
1565.00	1416.02
1566.00	4512.55
1567.00	11812.68
1568.00	20297.13
1569.00	20662.25
1570.00	14923.26
1571.00	10492.62
1572.00	7473.33
1573.00	6186.04
1574.00	4538.30
1575.00	2581.61
1576.00	1701.57
1577.00	1329.42
1578.00	1724.97
1579.00	6590.95
1580.00	18356.82
1581.00	31969.38
1582.00	33841.81
1583.00	24034.96
1584.00	16655.25
1585.00	11721.40
1586.00	9444.06
1587.00	6469.24
1588.00	3543.57
1589.00	1858.39
1590.00	1263.89
1591.00	1088.35
1592.00	1048.56
1593.00	992.39
1594.00	968.98
1595.00	889.40
1596.00	950.26
1597.00	931.53
1598.00	908.13
1599.00	858.98
1600.00	816.85
1601.00	866.00
1602.00	842.59
1603.00	870.68
1604.00	863.66
1605.00	891.74
1606.00	837.91
1607.00	922.17
1608.00	847.27
1609.00	884.72
1610.00	854.30
1611.00	868.34
1612.00	812.17
1613.00	870.68
1614.00	819.19
1615.00	828.55
1616.00	870.68
1617.00	816.85
1618.00	807.48
1619.00	830.89
1620.00	739.61
1621.00	929.19
1622.00	877.70
1623.00	842.59
1624.00	798.12
1625.00	791.10
1626.00	809.83
1627.00	877.70
1628.00	915.15
1629.00	842.59
1630.00	854.30
1631.00	826.21
1632.00	821.53
1633.00	854.30
1634.00	800.46
1635.00	842.59
1636.00	788.76
1637.00	798.12
1638.00	795.78
1639.00	788.76
1640.00	901.11
1641.00	875.36
1642.00	877.70
1643.00	840.25
1644.00	833.23
1645.00	887.06
1646.00	875.36
1647.00	931.53
1648.00	933.87
1649.00	1137.50
1650.00	2619.06
1651.00	7658.23
1652.00	14066.62
1653.00	18338.10
1654.00	13980.02
1655.00	10113.45
1656.00	7178.42
1657.00	5631.33
1658.00	4159.13
1659.00	2523.10
1660.00	1519.01
1661.00	1097.71
1662.00	1022.81
1663.00	966.64
1664.00	882.38
1665.00	919.83
1666.00	887.06
1667.00	985.37
1668.00	1226.44
1669.00	2710.34
1670.00	4926.83
1671.00	6574.56
1672.00	5636.01
1673.00	4311.27
1674.00	3243.98
1675.00	2469.27
1676.00	2094.78
1677.00	1521.35
1678.00	1083.67
1679.00	957.28
1680.00	889.40
1681.00	870.68
1682.00	793.44
1683.00	751.31
1684.00	774.72
1685.00	882.38
1686.00	828.55
1687.00	828.55
1688.00	765.36
1689.00	795.78
1690.00	802.80
1691.00	858.98
1692.00	873.02
1693.00	758.33
1694.00	758.33
1695.00	741.95
1696.00	772.38
1697.00	779.40
1698.00	798.12
1699.00	821.53
1700.00	814.51
1701.00	903.45
1702.00	873.02
1703.00	765.36
1704.00	851.96
1705.00	805.14
1706.00	786.42
1707.00	826.21
1708.00	889.40
1709.00	765.36
1710.00	779.40
1711.00	870.68
1712.00	858.98
1713.00	896.43
1714.00	1446.45
1715.00	3576.34
1716.00	6658.82
1717.00	8959.57
1718.00	7864.20
1719.00	5888.79
1720.00	4337.01
1721.00	3295.47
1722.00	2459.90
1723.00	1757.74
1724.00	1289.64
1725.00	1020.47
1726.00	868.34
1727.00	842.59
1728.00	821.53
1729.00	746.63
1730.00	828.55
1731.00	884.72
1732.00	795.78
1733.00	786.42
1734.00	723.23
1735.00	830.89
1736.00	739.61
1737.00	835.57
1738.00	819.19
1739.00	791.10
1740.00	718.54
1741.00	802.80
1742.00	786.42
1743.00	772.38
1744.00	779.40
1745.00	772.38
1746.00	844.93
1747.00	821.53
1748.00	770.04
1749.00	795.78
1750.00	763.01
1751.00	823.87
1752.00	821.53
1753.00	840.25
1754.00	863.66
1755.00	828.55
1756.00	802.80
1757.00	929.19
1758.00	805.14
1759.00	805.14
1760.00	830.89
1761.00	746.63
1762.00	905.79
1763.00	863.66
1764.00	882.38
1765.00	798.12
1766.00	863.66
1767.00	898.77
1768.00	947.92
1769.00	1060.26
1770.00	2101.80
1771.00	5984.75
1772.00	11492.03
1773.00	15566.90
1774.00	13399.57
1775.00	9867.70
1776.00	7297.79
1777.00	5081.30
1778.00	3241.64
1779.00	2120.53
1780.00	1430.07
1781.00	1081.33
1782.00	931.53
1783.00	966.64
1784.00	936.21
1785.00	912.81
1786.00	854.30
1787.00	826.21
1788.00	826.21
1789.00	833.23
1790.00	812.17
1791.00	936.21
1792.00	849.61
1793.00	786.42
1794.00	851.96
1795.00	795.78
1796.00	844.93
1797.00	1015.79
1798.00	2321.81
1799.00	5231.10
1800.00	8526.57
1801.00	10113.45
1802.00	7990.59
1803.00	5905.17
1804.00	4278.50
1805.00	2815.66
1806.00	1921.58
1807.00	1352.83
1808.00	1086.01
1809.00	952.60
1810.00	814.51
1811.00	814.51
1812.00	784.08
1813.00	896.43
1814.00	795.78
1815.00	805.14
1816.00	854.30
1817.00	800.46
1818.00	732.59
1819.00	777.06
1820.00	840.25
1821.00	770.04
1822.00	833.23
1823.00	774.72
1824.00	880.04
1825.00	877.70
1826.00	924.51
1827.00	919.83
1828.00	823.87
1829.00	819.19
1830.00	800.46
1831.00	791.10
1832.00	765.36
1833.00	819.19
1834.00	751.31
1835.00	779.40
1836.00	802.80
1837.00	793.44
1838.00	793.44
1839.00	798.12
1840.00	777.06
1841.00	774.72
1842.00	798.12
1843.00	868.34
1844.00	758.33
1845.00	751.31
1846.00	692.80
1847.00	868.34
1848.00	746.63
1849.00	746.63
1850.00	739.61
1851.00	727.91
1852.00	739.61
1853.00	770.04
1854.00	781.74
1855.00	753.65
1856.00	755.99
1857.00	781.74
1858.00	786.42
1859.00	748.97
1860.00	777.06
1861.00	774.72
1862.00	786.42
1863.00	772.38
1864.00	748.97
1865.00	753.65
1866.00	739.61
1867.00	725.57
1868.00	809.83
1869.00	774.72
1870.00	802.80
1871.00	826.21
1872.00	788.76
1873.00	734.93
1874.00	772.38
1875.00	748.97
1876.00	802.80
1877.00	746.63
1878.00	695.14
1879.00	805.14
1880.00	821.53
1881.00	753.65
1882.00	765.36
1883.00	777.06
1884.00	755.99
1885.00	770.04
1886.00	795.78
1887.00	734.93
1888.00	807.48
1889.00	791.10
1890.00	772.38
1891.00	734.93
1892.00	814.51
1893.00	725.57
1894.00	805.14
1895.00	765.36
1896.00	791.10
1897.00	816.85
1898.00	755.99
1899.00	739.61
1900.00	774.72
1901.00	835.57
1902.00	805.14
1903.00	784.08
1904.00	727.91
1905.00	758.33
1906.00	760.67
1907.00	767.70
1908.00	793.44
1909.00	835.57
1910.00	744.29
1911.00	840.25
1912.00	917.49
1913.00	854.30
1914.00	777.06
1915.00	819.19
1916.00	828.55
1917.00	793.44
1918.00	837.91
1919.00	786.42
1920.00	800.46
1921.00	788.76
1922.00	798.12
1923.00	760.67
1924.00	748.97
1925.00	816.85
1926.00	784.08
1927.00	779.40
1928.00	823.87
1929.00	798.12
1930.00	758.33
1931.00	763.01
1932.00	718.54
1933.00	800.46
1934.00	770.04
1935.00	746.63
1936.00	753.65
1937.00	830.89
1938.00	791.10
1939.00	777.06
1940.00	791.10
1941.00	777.06
1942.00	755.99
1943.00	770.04
1944.00	702.16
1945.00	781.74
1946.00	791.10
1947.00	840.25
1948.00	800.46
1949.00	767.70
1950.00	816.85
1951.00	779.40
1952.00	968.98
1953.00	2148.61
1954.00	4718.52
1955.00	7669.94
1956.00	8802.75
1957.00	6300.72
1958.00	3976.57
1959.00	2516.08
1960.00	1813.92
1961.00	1252.19
1962.00	1055.58
1963.00	957.28
1964.00	887.06
1965.00	800.46
1966.00	800.46
1967.00	812.17
1968.00	882.38
1969.00	800.46
1970.00	763.01
1971.00	798.12
1972.00	739.61
1973.00	758.33
1974.00	821.53
1975.00	781.74
1976.00	791.10
1977.00	802.80
1978.00	718.54
1979.00	795.78
1980.00	861.32
1981.00	1064.94
1982.00	1228.78
1983.00	1284.95
1984.00	1048.56
1985.00	966.64
1986.00	849.61
1987.00	868.34
1988.00	821.53
1989.00	821.53
1990.00	765.36
1991.00	814.51
1992.00	767.70
1993.00	795.78
1994.00	741.95
1995.00	737.27
1996.00	718.54
1997.00	767.70
1998.00	713.86
1999.00	753.65
2000.00	734.93
2001.00	781.74
2002.00	781.74
2003.00	851.96
2004.00	786.42
2005.00	821.53
2006.00	795.78
2007.00	786.42
2008.00	767.70
2009.00	744.29
2010.00	737.27
2011.00	851.96
2012.00	739.61
2013.00	730.25
2014.00	772.38
2015.00	851.96
2016.00	826.21
2017.00	746.63
2018.00	788.76
2019.00	861.32
2020.00	835.57
2021.00	812.17
2022.00	800.46
2023.00	842.59
2024.00	798.12
2025.00	1004.09
2026.00	1186.65
2027.00	1245.16
2028.00	1210.06
2029.00	1261.55
2030.00	2296.07
2031.00	6560.52
2032.00	12325.26
2033.00	17132.72
2034.00	15751.81
2035.00	10429.43
2036.00	6806.28
2037.00	4344.03
2038.00	2717.36
2039.00	1856.04
2040.00	1320.06
2041.00	1018.13
2042.00	952.60
2043.00	938.55
2044.00	840.25
2045.00	894.08
2046.00	856.64
2047.00	802.80
