0.00	711.52
1.00	711.52
2.00	711.52
3.00	552.37
4.00	610.88
5.00	578.11
6.00	550.03
7.00	585.13
8.00	486.83
9.00	566.41
10.00	531.30
11.00	554.71
12.00	561.73
13.00	615.56
14.00	617.90
15.00	596.84
16.00	603.86
17.00	557.05
18.00	571.09
19.00	657.69
20.00	552.37
21.00	636.63
22.00	613.22
23.00	671.73
24.00	643.65
25.00	692.80
26.00	657.69
27.00	709.18
28.00	753.65
29.00	688.12
30.00	678.76
31.00	685.78
32.00	653.01
33.00	676.41
34.00	681.10
35.00	746.63
36.00	683.44
37.00	683.44
38.00	718.54
39.00	772.38
40.00	716.20
41.00	723.23
42.00	751.31
43.00	737.27
44.00	748.97
45.00	798.12
46.00	734.93
47.00	751.31
48.00	727.91
49.00	784.08
50.00	718.54
51.00	741.95
52.00	692.80
53.00	812.17
54.00	655.35
55.00	730.25
56.00	681.10
57.00	699.82
58.00	732.59
59.00	697.48
60.00	730.25
61.00	748.97
62.00	844.93
63.00	685.78
64.00	767.70
65.00	739.61
66.00	716.20
67.00	812.17
68.00	718.54
69.00	720.88
70.00	800.46
71.00	821.53
72.00	779.40
73.00	784.08
74.00	751.31
75.00	695.14
76.00	720.88
77.00	692.80
78.00	774.72
79.00	748.97
80.00	706.84
81.00	685.78
82.00	699.82
83.00	660.03
84.00	685.78
85.00	681.10
86.00	727.91
87.00	704.50
88.00	678.76
89.00	739.61
90.00	662.37
91.00	706.84
92.00	716.20
93.00	706.84
94.00	688.12
95.00	748.97
96.00	716.20
97.00	734.93
98.00	685.78
99.00	781.74
100.00	741.95
101.00	763.01
102.00	671.73
103.00	713.86
104.00	800.46
105.00	711.52
106.00	699.82
107.00	683.44
108.00	751.31
109.00	723.23
110.00	699.82
111.00	744.29
112.00	667.05
113.00	692.80
114.00	758.33
115.00	713.86
116.00	730.25
117.00	767.70
118.00	681.10
119.00	748.97
120.00	791.10
121.00	744.29
122.00	723.23
123.00	730.25
124.00	741.95
125.00	763.01
126.00	774.72
127.00	676.41
128.00	741.95
129.00	809.83
130.00	763.01
131.00	662.37
132.00	688.12
133.00	655.35
134.00	725.57
135.00	613.22
136.00	814.51
137.00	690.46
138.00	809.83
139.00	730.25
140.00	730.25
141.00	676.41
142.00	760.67
143.00	709.18
144.00	779.40
145.00	777.06
146.00	699.82
147.00	753.65
148.00	800.46
149.00	809.83
150.00	732.59
151.00	746.63
152.00	793.44
153.00	812.17
154.00	702.16
155.00	767.70
156.00	751.31
157.00	709.18
158.00	699.82
159.00	704.50
160.00	685.78
161.00	702.16
162.00	699.82
163.00	751.31
164.00	739.61
165.00	732.59
166.00	748.97
167.00	704.50
168.00	695.14
169.00	725.57
170.00	814.51
171.00	688.12
172.00	772.38
173.00	746.63
174.00	741.95
175.00	716.20
176.00	723.23
177.00	711.52
178.00	720.88
179.00	741.95
180.00	753.65
181.00	695.14
182.00	744.29
183.00	718.54
184.00	786.42
185.00	695.14
186.00	650.67
187.00	653.01
188.00	697.48
189.00	772.38
190.00	739.61
191.00	730.25
192.00	760.67
193.00	753.65
194.00	751.31
195.00	844.93
196.00	828.55
197.00	802.80
198.00	774.72
199.00	716.20
200.00	784.08
201.00	819.19
202.00	751.31
203.00	685.78
204.00	730.25
205.00	767.70
206.00	718.54
207.00	751.31
208.00	739.61
209.00	751.31
210.00	779.40
211.00	788.76
212.00	753.65
213.00	734.93
214.00	767.70
215.00	755.99
216.00	723.23
217.00	793.44
218.00	744.29
219.00	755.99
220.00	709.18
221.00	692.80
222.00	655.35
223.00	770.04
224.00	706.84
225.00	816.85
226.00	741.95
227.00	744.29
228.00	744.29
229.00	727.91
230.00	725.57
231.00	744.29
232.00	692.80
233.00	699.82
234.00	755.99
235.00	809.83
236.00	758.33
237.00	842.59
238.00	702.16
239.00	695.14
240.00	662.37
241.00	699.82
242.00	784.08
243.00	699.82
244.00	748.97
245.00	716.20
246.00	737.27
247.00	758.33
248.00	706.84
249.00	732.59
250.00	737.27
251.00	727.91
252.00	763.01
253.00	699.82
254.00	704.50
255.00	758.33
256.00	741.95
257.00	795.78
258.00	744.29
259.00	814.51
260.00	779.40
261.00	676.41
262.00	741.95
263.00	755.99
264.00	697.48
265.00	751.31
266.00	664.71
267.00	770.04
268.00	798.12
269.00	819.19
270.00	727.91
271.00	760.67
272.00	746.63
273.00	833.23
274.00	793.44
275.00	826.21
276.00	772.38
277.00	856.64
278.00	781.74
279.00	741.95
280.00	767.70
281.00	713.86
282.00	765.36
283.00	681.10
284.00	779.40
285.00	791.10
286.00	779.40
287.00	692.80
288.00	723.23
289.00	760.67
290.00	763.01
291.00	732.59
292.00	765.36
293.00	744.29
294.00	753.65
295.00	662.37
296.00	758.33
297.00	753.65
298.00	760.67
299.00	697.48
300.00	830.89
301.00	748.97
302.00	758.33
303.00	758.33
304.00	760.67
305.00	755.99
306.00	765.36
307.00	821.53
308.00	828.55
309.00	802.80
310.00	795.78
311.00	770.04
312.00	784.08
313.00	854.30
314.00	730.25
315.00	847.27
316.00	748.97
317.00	720.88
318.00	763.01
319.00	711.52
320.00	667.05
321.00	718.54
322.00	737.27
323.00	809.83
324.00	667.05
325.00	746.63
326.00	823.87
327.00	709.18
328.00	802.80
329.00	723.23
330.00	739.61
331.00	760.67
332.00	723.23
333.00	809.83
334.00	699.82
335.00	779.40
336.00	744.29
337.00	704.50
338.00	788.76
339.00	697.48
340.00	720.88
341.00	739.61
342.00	713.86
343.00	709.18
344.00	793.44
345.00	784.08
346.00	744.29
347.00	795.78
348.00	784.08
349.00	807.48
350.00	774.72
351.00	741.95
352.00	828.55
353.00	821.53
354.00	774.72
355.00	741.95
356.00	718.54
357.00	751.31
358.00	720.88
359.00	777.06
360.00	671.73
361.00	798.12
362.00	744.29
363.00	695.14
364.00	746.63
365.00	777.06
366.00	788.76
367.00	685.78
368.00	716.20
369.00	767.70
370.00	755.99
371.00	723.23
372.00	767.70
373.00	751.31
374.00	709.18
375.00	763.01
376.00	699.82
377.00	667.05
378.00	755.99
379.00	704.50
380.00	720.88
381.00	739.61
382.00	702.16
383.00	795.78
384.00	676.41
385.00	727.91
386.00	751.31
387.00	655.35
388.00	720.88
389.00	755.99
390.00	730.25
391.00	723.23
392.00	753.65
393.00	744.29
394.00	751.31
395.00	690.46
396.00	760.67
397.00	723.23
398.00	751.31
399.00	779.40
400.00	695.14
401.00	777.06
402.00	732.59
403.00	685.78
404.00	706.84
405.00	753.65
406.00	739.61
407.00	727.91
408.00	748.97
409.00	753.65
410.00	760.67
411.00	685.78
412.00	676.41
413.00	788.76
414.00	727.91
415.00	748.97
416.00	779.40
417.00	709.18
418.00	660.03
419.00	709.18
420.00	812.17
421.00	709.18
422.00	779.40
423.00	748.97
424.00	699.82
425.00	795.78
426.00	746.63
427.00	690.46
428.00	779.40
429.00	688.12
430.00	723.23
431.00	730.25
432.00	688.12
433.00	753.65
434.00	777.06
435.00	734.93
436.00	739.61
437.00	706.84
438.00	678.76
439.00	765.36
440.00	711.52
441.00	739.61
442.00	713.86
443.00	720.88
444.00	772.38
445.00	779.40
446.00	697.48
447.00	758.33
448.00	704.50
449.00	730.25
450.00	802.80
451.00	746.63
452.00	739.61
453.00	746.63
454.00	741.95
455.00	688.12
456.00	795.78
457.00	770.04
458.00	730.25
459.00	706.84
460.00	667.05
461.00	760.67
462.00	695.14
463.00	699.82
464.00	763.01
465.00	746.63
466.00	758.33
467.00	690.46
468.00	758.33
469.00	732.59
470.00	765.36
471.00	725.57
472.00	730.25
473.00	713.86
474.00	692.80
475.00	653.01
476.00	748.97
477.00	779.40
478.00	725.57
479.00	763.01
480.00	758.33
481.00	720.88
482.00	688.12
483.00	650.67
484.00	690.46
485.00	753.65
486.00	737.27
487.00	781.74
488.00	716.20
489.00	753.65
490.00	767.70
491.00	753.65
492.00	793.44
493.00	784.08
494.00	784.08
495.00	896.43
496.00	770.04
497.00	802.80
498.00	784.08
499.00	755.99
500.00	784.08
501.00	816.85
502.00	704.50
503.00	695.14
504.00	702.16
505.00	772.38
506.00	746.63
507.00	809.83
508.00	805.14
509.00	678.76
510.00	683.44
511.00	739.61
512.00	751.31
513.00	755.99
514.00	744.29
515.00	737.27
516.00	713.86
517.00	664.71
518.00	809.83
519.00	786.42
520.00	765.36
521.00	753.65
522.00	748.97
523.00	739.61
524.00	746.63
525.00	777.06
526.00	748.97
527.00	711.52
528.00	788.76
529.00	667.05
530.00	720.88
531.00	671.73
532.00	763.01
533.00	711.52
534.00	732.59
535.00	755.99
536.00	786.42
537.00	723.23
538.00	748.97
539.00	751.31
540.00	751.31
541.00	681.10
542.00	734.93
543.00	716.20
544.00	744.29
545.00	753.65
546.00	734.93
547.00	674.07
548.00	709.18
549.00	671.73
550.00	753.65
551.00	748.97
552.00	725.57
553.00	779.40
554.00	763.01
555.00	725.57
556.00	777.06
557.00	760.67
558.00	765.36
559.00	798.12
560.00	798.12
561.00	730.25
562.00	758.33
563.00	713.86
564.00	713.86
565.00	711.52
566.00	725.57
567.00	837.91
568.00	748.97
569.00	713.86
570.00	725.57
571.00	763.01
572.00	751.31
573.00	734.93
574.00	732.59
575.00	734.93
576.00	748.97
577.00	786.42
578.00	800.46
579.00	709.18
580.00	683.44
581.00	734.93
582.00	713.86
583.00	763.01
584.00	765.36
585.00	786.42
586.00	791.10
587.00	758.33
588.00	704.50
589.00	725.57
590.00	748.97
591.00	795.78
592.00	730.25
593.00	741.95
594.00	760.67
595.00	770.04
596.00	739.61
597.00	734.93
598.00	765.36
599.00	741.95
600.00	713.86
601.00	741.95
602.00	741.95
603.00	748.97
604.00	727.91
605.00	777.06
606.00	674.07
607.00	730.25
608.00	807.48
609.00	765.36
610.00	718.54
611.00	741.95
612.00	711.52
613.00	748.97
614.00	798.12
615.00	763.01
616.00	702.16
617.00	753.65
618.00	786.42
619.00	758.33
620.00	807.48
621.00	788.76
622.00	807.48
623.00	725.57
624.00	781.74
625.00	812.17
626.00	805.14
627.00	753.65
628.00	774.72
629.00	788.76
630.00	805.14
631.00	760.67
632.00	723.23
633.00	739.61
634.00	774.72
635.00	741.95
636.00	753.65
637.00	751.31
638.00	814.51
639.00	758.33
640.00	770.04
641.00	739.61
642.00	751.31
643.00	753.65
644.00	716.20
645.00	723.23
646.00	737.27
647.00	720.88
648.00	690.46
649.00	746.63
650.00	755.99
651.00	720.88
652.00	805.14
653.00	674.07
654.00	755.99
655.00	819.19
656.00	758.33
657.00	734.93
658.00	746.63
659.00	751.31
660.00	737.27
661.00	725.57
662.00	835.57
663.00	765.36
664.00	741.95
665.00	770.04
666.00	718.54
667.00	741.95
668.00	674.07
669.00	732.59
670.00	746.63
671.00	685.78
672.00	760.67
673.00	746.63
674.00	734.93
675.00	718.54
676.00	720.88
677.00	739.61
678.00	704.50
679.00	669.39
680.00	800.46
681.00	770.04
682.00	727.91
683.00	697.48
684.00	741.95
685.00	770.04
686.00	716.20
687.00	676.41
688.00	760.67
689.00	772.38
690.00	781.74
691.00	777.06
692.00	786.42
693.00	720.88
694.00	634.29
695.00	723.23
696.00	709.18
697.00	802.80
698.00	674.07
699.00	723.23
700.00	713.86
701.00	744.29
702.00	779.40
703.00	772.38
704.00	716.20
705.00	737.27
706.00	774.72
707.00	720.88
708.00	763.01
709.00	676.41
710.00	744.29
711.00	716.20
712.00	746.63
713.00	660.03
714.00	718.54
715.00	739.61
716.00	791.10
717.00	755.99
718.00	779.40
719.00	732.59
720.00	777.06
721.00	723.23
722.00	784.08
723.00	755.99
724.00	758.33
725.00	709.18
726.00	814.51
727.00	774.72
728.00	763.01
729.00	760.67
730.00	748.97
731.00	678.76
732.00	730.25
733.00	753.65
734.00	758.33
735.00	741.95
736.00	699.82
737.00	739.61
738.00	744.29
739.00	800.46
740.00	744.29
741.00	746.63
742.00	770.04
743.00	786.42
744.00	732.59
745.00	690.46
746.00	734.93
747.00	770.04
748.00	746.63
749.00	765.36
750.00	711.52
751.00	765.36
752.00	793.44
753.00	798.12
754.00	734.93
755.00	699.82
756.00	779.40
757.00	727.91
758.00	732.59
759.00	716.20
760.00	793.44
761.00	777.06
762.00	809.83
763.00	821.53
764.00	826.21
765.00	751.31
766.00	723.23
767.00	760.67
768.00	688.12
769.00	723.23
770.00	763.01
771.00	800.46
772.00	683.44
773.00	772.38
774.00	741.95
775.00	718.54
776.00	798.12
777.00	765.36
778.00	777.06
779.00	765.36
780.00	734.93
781.00	823.87
782.00	807.48
783.00	760.67
784.00	718.54
785.00	704.50
786.00	725.57
787.00	683.44
788.00	765.36
789.00	763.01
790.00	748.97
791.00	737.27
792.00	734.93
793.00	732.59
794.00	723.23
795.00	741.95
796.00	734.93
797.00	723.23
798.00	751.31
799.00	713.86
800.00	781.74
801.00	734.93
802.00	709.18
803.00	777.06
804.00	704.50
805.00	751.31
806.00	732.59
807.00	837.91
808.00	784.08
809.00	737.27
810.00	753.65
811.00	828.55
812.00	681.10
813.00	697.48
814.00	763.01
815.00	709.18
816.00	751.31
817.00	802.80
818.00	741.95
819.00	755.99
820.00	753.65
821.00	795.78
822.00	746.63
823.00	788.76
824.00	732.59
825.00	758.33
826.00	784.08
827.00	784.08
828.00	697.48
829.00	706.84
830.00	819.19
831.00	720.88
832.00	741.95
833.00	809.83
834.00	826.21
835.00	760.67
836.00	760.67
837.00	657.69
838.00	753.65
839.00	751.31
840.00	690.46
841.00	699.82
842.00	777.06
843.00	763.01
844.00	662.37
845.00	812.17
846.00	770.04
847.00	732.59
848.00	793.44
849.00	748.97
850.00	746.63
851.00	765.36
852.00	800.46
853.00	758.33
854.00	730.25
855.00	739.61
856.00	730.25
857.00	781.74
858.00	730.25
859.00	748.97
860.00	781.74
861.00	697.48
862.00	802.80
863.00	821.53
864.00	795.78
865.00	739.61
866.00	758.33
867.00	753.65
868.00	765.36
869.00	723.23
870.00	816.85
871.00	720.88
872.00	784.08
873.00	737.27
874.00	763.01
875.00	704.50
876.00	737.27
877.00	823.87
878.00	737.27
879.00	802.80
880.00	695.14
881.00	741.95
882.00	741.95
883.00	730.25
884.00	837.91
885.00	709.18
886.00	837.91
887.00	753.65
888.00	720.88
889.00	739.61
890.00	786.42
891.00	734.93
892.00	741.95
893.00	709.18
894.00	751.31
895.00	746.63
896.00	779.40
897.00	758.33
898.00	725.57
899.00	732.59
900.00	706.84
901.00	734.93
902.00	690.46
903.00	767.70
904.00	854.30
905.00	795.78
906.00	866.00
907.00	866.00
908.00	840.25
909.00	828.55
910.00	840.25
911.00	837.91
912.00	858.98
913.00	924.51
914.00	917.49
915.00	840.25
916.00	791.10
917.00	779.40
918.00	772.38
919.00	716.20
920.00	798.12
921.00	779.40
922.00	744.29
923.00	760.67
924.00	734.93
925.00	725.57
926.00	737.27
927.00	699.82
928.00	788.76
929.00	833.23
930.00	678.76
931.00	748.97
932.00	711.52
933.00	800.46
934.00	793.44
935.00	650.67
936.00	753.65
937.00	770.04
938.00	716.20
939.00	856.64
940.00	734.93
941.00	788.76
942.00	732.59
943.00	795.78
944.00	807.48
945.00	835.57
946.00	997.07
947.00	1481.56
948.00	1877.11
949.00	1659.44
950.00	1462.83
951.00	1284.95
952.00	1100.05
953.00	1067.28
954.00	863.66
955.00	734.93
956.00	734.93
957.00	746.63
958.00	809.83
959.00	800.46
960.00	683.44
961.00	737.27
962.00	737.27
963.00	744.29
964.00	798.12
965.00	765.36
966.00	784.08
967.00	772.38
968.00	814.51
969.00	800.46
970.00	772.38
971.00	774.72
972.00	763.01
973.00	732.59
974.00	739.61
975.00	706.84
976.00	720.88
977.00	791.10
978.00	711.52
979.00	770.04
980.00	711.52
981.00	734.93
982.00	798.12
983.00	770.04
984.00	720.88
985.00	713.86
986.00	739.61
987.00	716.20
988.00	779.40
989.00	793.44
990.00	816.85
991.00	791.10
992.00	676.41
993.00	760.67
994.00	704.50
995.00	713.86
996.00	702.16
997.00	795.78
998.00	730.25
999.00	805.14
1000.00	748.97
1001.00	816.85
1002.00	763.01
1003.00	840.25
1004.00	779.40
1005.00	777.06
1006.00	744.29
1007.00	772.38
1008.00	690.46
1009.00	767.70
1010.00	791.10
1011.00	786.42
1012.00	734.93
1013.00	814.51
1014.00	741.95
1015.00	772.38
1016.00	772.38
1017.00	760.67
1018.00	793.44
1019.00	744.29
1020.00	779.40
1021.00	732.59
1022.00	706.84
1023.00	784.08
1024.00	812.17
1025.00	765.36
1026.00	744.29
1027.00	725.57
1028.00	758.33
1029.00	763.01
1030.00	720.88
1031.00	667.05
1032.00	781.74
1033.00	819.19
1034.00	781.74
1035.00	744.29
1036.00	805.14
1037.00	697.48
1038.00	718.54
1039.00	800.46
1040.00	779.40
1041.00	748.97
1042.00	746.63
1043.00	770.04
1044.00	781.74
1045.00	751.31
1046.00	910.47
1047.00	851.96
1048.00	727.91
1049.00	751.31
1050.00	723.23
1051.00	830.89
1052.00	739.61
1053.00	690.46
1054.00	755.99
1055.00	744.29
1056.00	765.36
1057.00	727.91
1058.00	802.80
1059.00	758.33
1060.00	774.72
1061.00	770.04
1062.00	795.78
1063.00	748.97
1064.00	716.20
1065.00	725.57
1066.00	772.38
1067.00	779.40
1068.00	828.55
1069.00	685.78
1070.00	795.78
1071.00	718.54
1072.00	770.04
1073.00	779.40
1074.00	760.67
1075.00	711.52
1076.00	772.38
1077.00	823.87
1078.00	763.01
1079.00	791.10
1080.00	739.61
1081.00	699.82
1082.00	781.74
1083.00	807.48
1084.00	774.72
1085.00	781.74
1086.00	716.20
1087.00	765.36
1088.00	779.40
1089.00	786.42
1090.00	690.46
1091.00	732.59
1092.00	725.57
1093.00	772.38
1094.00	720.88
1095.00	805.14
1096.00	744.29
1097.00	706.84
1098.00	765.36
1099.00	697.48
1100.00	812.17
1101.00	861.32
1102.00	847.27
1103.00	826.21
1104.00	830.89
1105.00	816.85
1106.00	739.61
1107.00	727.91
1108.00	739.61
1109.00	746.63
1110.00	765.36
1111.00	730.25
1112.00	739.61
1113.00	767.70
1114.00	823.87
1115.00	744.29
1116.00	807.48
1117.00	828.55
1118.00	732.59
1119.00	725.57
1120.00	772.38
1121.00	798.12
1122.00	744.29
1123.00	781.74
1124.00	821.53
1125.00	819.19
1126.00	866.00
1127.00	685.78
1128.00	727.91
1129.00	760.67
1130.00	739.61
1131.00	730.25
1132.00	723.23
1133.00	812.17
1134.00	748.97
1135.00	758.33
1136.00	844.93
1137.00	727.91
1138.00	767.70
1139.00	777.06
1140.00	772.38
1141.00	807.48
1142.00	758.33
1143.00	746.63
1144.00	748.97
1145.00	755.99
1146.00	770.04
1147.00	772.38
1148.00	751.31
1149.00	800.46
1150.00	755.99
1151.00	807.48
1152.00	791.10
1153.00	795.78
1154.00	851.96
1155.00	774.72
1156.00	826.21
1157.00	851.96
1158.00	833.23
1159.00	858.98
1160.00	821.53
1161.00	765.36
1162.00	812.17
1163.00	842.59
1164.00	816.85
1165.00	812.17
1166.00	968.98
1167.00	999.41
1168.00	1198.35
1169.00	1167.93
1170.00	1039.20
1171.00	1043.88
1172.00	896.43
1173.00	884.72
1174.00	866.00
1175.00	788.76
1176.00	851.96
1177.00	812.17
1178.00	835.57
1179.00	807.48
1180.00	812.17
1181.00	807.48
1182.00	842.59
1183.00	772.38
1184.00	849.61
1185.00	821.53
1186.00	830.89
1187.00	800.46
1188.00	819.19
1189.00	840.25
1190.00	833.23
1191.00	844.93
1192.00	877.70
1193.00	903.45
1194.00	877.70
1195.00	842.59
1196.00	875.36
1197.00	922.17
1198.00	844.93
1199.00	861.32
1200.00	870.68
1201.00	952.60
1202.00	992.39
1203.00	1121.12
1204.00	1074.31
1205.00	1025.15
1206.00	968.98
1207.00	1034.52
1208.00	929.19
1209.00	966.64
1210.00	1008.77
1211.00	933.87
1212.00	966.64
1213.00	985.37
1214.00	964.30
1215.00	1114.10
1216.00	1156.22
1217.00	1275.59
1218.00	1397.30
1219.00	1680.50
1220.00	3056.74
1221.00	16547.59
1222.00	46817.74
1223.00	61642.69
1224.00	61172.24
1225.00	52240.76
1226.00	37961.15
1227.00	28280.69
1228.00	22991.08
1229.00	16594.40
1230.00	8030.38
1231.00	3445.27
1232.00	1881.79
1233.00	1554.12
1234.00	1366.87
1235.00	1270.91
1236.00	1184.31
1237.00	1160.91
1238.00	1137.50
1239.00	1390.28
1240.00	3133.98
1241.00	5067.26
1242.00	6033.90
1243.00	5207.69
1244.00	4067.85
1245.00	2988.86
1246.00	2588.63
1247.00	2228.19
1248.00	1671.14
1249.00	1111.75
1250.00	917.49
1251.00	851.96
1252.00	884.72
1253.00	936.21
1254.00	938.55
1255.00	987.71
1256.00	954.94
1257.00	933.87
1258.00	880.04
1259.00	959.62
1260.00	968.98
1261.00	936.21
1262.00	880.04
1263.00	912.81
1264.00	835.57
1265.00	800.46
1266.00	814.51
1267.00	791.10
1268.00	856.64
1269.00	772.38
1270.00	844.93
1271.00	882.38
1272.00	814.51
1273.00	795.78
1274.00	795.78
1275.00	828.55
1276.00	926.85
1277.00	833.23
1278.00	926.85
1279.00	2207.13
1280.00	5738.99
1281.00	9570.45
1282.00	10462.19
1283.00	8088.89
1284.00	6069.01
1285.00	4690.43
1286.00	3843.16
1287.00	3103.55
1288.00	2038.61
1289.00	1287.29
1290.00	954.94
1291.00	908.13
1292.00	875.36
1293.00	945.58
1294.00	926.85
1295.00	887.06
1296.00	847.27
1297.00	868.34
1298.00	964.30
1299.00	1530.71
1300.00	2279.68
1301.00	2928.01
1302.00	2715.02
1303.00	2139.25
1304.00	1741.36
1305.00	1511.99
1306.00	1362.19
1307.00	1188.99
1308.00	968.98
1309.00	908.13
1310.00	973.66
1311.00	833.23
1312.00	840.25
1313.00	798.12
1314.00	814.51
1315.00	809.83
1316.00	791.10
1317.00	882.38
1318.00	819.19
1319.00	847.27
1320.00	765.36
1321.00	809.83
1322.00	788.76
1323.00	849.61
1324.00	798.12
1325.00	772.38
1326.00	805.14
1327.00	816.85
1328.00	737.27
1329.00	798.12
1330.00	835.57
1331.00	784.08
1332.00	880.04
1333.00	968.98
1334.00	1661.78
1335.00	2558.21
1336.00	3204.19
1337.00	2871.84
1338.00	2305.43
1339.00	1799.87
1340.00	1614.97
1341.00	1357.51
1342.00	1149.20
1343.00	1018.13
1344.00	877.70
1345.00	847.27
1346.00	875.36
1347.00	765.36
1348.00	802.80
1349.00	842.59
1350.00	873.02
1351.00	751.31
1352.00	812.17
1353.00	889.40
1354.00	851.96
1355.00	819.19
1356.00	842.59
1357.00	842.59
1358.00	830.89
1359.00	844.93
1360.00	851.96
1361.00	971.32
1362.00	2221.17
1363.00	5076.62
1364.00	8397.84
1365.00	8910.42
1366.00	6731.38
1367.00	5020.45
1368.00	3880.61
1369.00	3255.69
1370.00	2621.40
1371.00	1636.03
1372.00	1188.99
1373.00	1097.71
1374.00	1020.47
1375.00	1137.50
1376.00	2839.07
1377.00	7889.95
1378.00	13968.32
1379.00	15796.28
1380.00	11829.07
1381.00	8636.58
1382.00	6328.81
1383.00	5214.71
1384.00	4133.39
1385.00	2579.27
1386.00	1582.20
1387.00	1149.20
1388.00	1008.77
1389.00	919.83
1390.00	924.51
1391.00	954.94
1392.00	863.66
1393.00	861.32
1394.00	849.61
1395.00	821.53
1396.00	781.74
1397.00	830.89
1398.00	1078.99
1399.00	1137.50
1400.00	1179.63
1401.00	1177.29
1402.00	1135.16
1403.00	997.07
1404.00	1088.35
1405.00	1121.12
1406.00	1811.57
1407.00	7447.58
1408.00	17905.10
1409.00	26026.76
1410.00	22995.76
1411.00	16388.43
1412.00	11384.37
1413.00	8699.77
1414.00	7220.55
1415.00	4802.78
1416.00	2581.61
1417.00	1437.09
1418.00	1071.97
1419.00	1041.54
1420.00	1820.94
1421.00	3969.55
1422.00	6328.81
1423.00	6794.58
1424.00	5205.35
1425.00	3948.48
1426.00	2958.44
1427.00	2579.27
1428.00	2045.63
1429.00	1423.05
1430.00	990.05
1431.00	854.30
1432.00	887.06
1433.00	861.32
1434.00	898.77
1435.00	968.98
1436.00	910.47
1437.00	889.40
1438.00	798.12
1439.00	741.95
1440.00	821.53
1441.00	739.61
1442.00	812.17
1443.00	856.64
1444.00	720.88
1445.00	868.34
1446.00	835.57
1447.00	774.72
1448.00	748.97
1449.00	828.55
1450.00	922.17
1451.00	809.83
1452.00	858.98
1453.00	770.04
1454.00	905.79
1455.00	1181.97
1456.00	2345.22
1457.00	3744.86
1458.00	4428.29
1459.00	3700.39
1460.00	2862.48
1461.00	2202.44
1462.00	1919.24
1463.00	1591.56
1464.00	1280.27
1465.00	952.60
1466.00	882.38
1467.00	805.14
1468.00	863.66
1469.00	833.23
1470.00	788.76
1471.00	730.25
1472.00	786.42
1473.00	833.23
1474.00	760.67
1475.00	709.18
1476.00	830.89
1477.00	889.40
1478.00	861.32
1479.00	788.76
1480.00	798.12
1481.00	793.44
1482.00	856.64
1483.00	830.89
1484.00	898.77
1485.00	954.94
1486.00	835.57
1487.00	1135.16
1488.00	3440.59
1489.00	8496.14
1490.00	12861.24
1491.00	13252.11
1492.00	9516.62
1493.00	6796.92
1494.00	5240.46
1495.00	4379.14
1496.00	3007.59
1497.00	1860.73
1498.00	1233.46
1499.00	957.28
1500.00	922.17
1501.00	819.19
1502.00	795.78
1503.00	854.30
1504.00	856.64
1505.00	805.14
1506.00	807.48
1507.00	814.51
1508.00	807.48
1509.00	781.74
1510.00	805.14
1511.00	877.70
1512.00	779.40
1513.00	1165.59
1514.00	2064.35
1515.00	3466.33
1516.00	3999.98
1517.00	3337.60
1518.00	2619.06
1519.00	2066.69
1520.00	1837.32
1521.00	1575.18
1522.00	1221.76
1523.00	1025.15
1524.00	908.13
1525.00	720.88
1526.00	849.61
1527.00	849.61
1528.00	833.23
1529.00	828.55
1530.00	901.11
1531.00	931.53
1532.00	978.34
1533.00	1930.94
1534.00	4910.44
1535.00	8341.67
1536.00	9818.55
1537.00	7578.65
1538.00	5392.59
1539.00	4067.85
1540.00	3297.81
1541.00	2672.89
1542.00	1739.02
1543.00	1231.12
1544.00	910.47
1545.00	887.06
1546.00	830.89
1547.00	938.55
1548.00	851.96
1549.00	823.87
1550.00	868.34
1551.00	854.30
1552.00	868.34
1553.00	851.96
1554.00	863.66
1555.00	844.93
1556.00	826.21
1557.00	812.17
1558.00	805.14
1559.00	863.66
1560.00	861.32
1561.00	905.79
1562.00	933.87
1563.00	889.40
1564.00	999.41
1565.00	1256.87
1566.00	4210.62
1567.00	10574.54
1568.00	16739.51
1569.00	17319.96
1570.00	12255.04
1571.00	8947.87
1572.00	6609.67
1573.00	5256.84
1574.00	3726.13
1575.00	2249.25
1576.00	1544.75
1577.00	1247.51
1578.00	1605.61
1579.00	6150.93
1580.00	16699.72
1581.00	26686.79
1582.00	27817.27
1583.00	19552.84
1584.00	13647.66
1585.00	9980.04
1586.00	8147.40
1587.00	5465.15
1588.00	2963.12
1589.00	1687.53
1590.00	1207.72
1591.00	1029.84
1592.00	980.68
1593.00	968.98
1594.00	919.83
1595.00	861.32
1596.00	798.12
1597.00	812.17
1598.00	854.30
1599.00	880.04
1600.00	868.34
1601.00	765.36
1602.00	858.98
1603.00	847.27
1604.00	807.48
1605.00	763.01
1606.00	798.12
1607.00	763.01
1608.00	744.29
1609.00	814.51
1610.00	833.23
1611.00	765.36
1612.00	765.36
1613.00	753.65
1614.00	779.40
1615.00	753.65
1616.00	746.63
1617.00	823.87
1618.00	805.14
1619.00	884.72
1620.00	748.97
1621.00	821.53
1622.00	798.12
1623.00	821.53
1624.00	730.25
1625.00	800.46
1626.00	748.97
1627.00	763.01
1628.00	840.25
1629.00	730.25
1630.00	816.85
1631.00	755.99
1632.00	826.21
1633.00	741.95
1634.00	835.57
1635.00	755.99
1636.00	795.78
1637.00	847.27
1638.00	753.65
1639.00	835.57
1640.00	741.95
1641.00	786.42
1642.00	826.21
1643.00	781.74
1644.00	887.06
1645.00	784.08
1646.00	837.91
1647.00	805.14
1648.00	884.72
1649.00	985.37
1650.00	2406.07
1651.00	6949.05
1652.00	12229.30
1653.00	14834.32
1654.00	11646.51
1655.00	8187.19
1656.00	6160.29
1657.00	4933.85
1658.00	3627.83
1659.00	2186.06
1660.00	1380.92
1661.00	973.66
1662.00	908.13
1663.00	847.27
1664.00	863.66
1665.00	830.89
1666.00	856.64
1667.00	880.04
1668.00	1160.91
1669.00	2590.97
1670.00	4297.22
1671.00	5575.16
1672.00	4758.31
1673.00	3602.08
1674.00	2799.28
1675.00	2282.02
1676.00	1818.60
1677.00	1331.76
1678.00	999.41
1679.00	844.93
1680.00	795.78
1681.00	854.30
1682.00	844.93
1683.00	784.08
1684.00	826.21
1685.00	795.78
1686.00	795.78
1687.00	702.16
1688.00	692.80
1689.00	828.55
1690.00	751.31
1691.00	727.91
1692.00	856.64
1693.00	800.46
1694.00	800.46
1695.00	777.06
1696.00	688.12
1697.00	816.85
1698.00	734.93
1699.00	774.72
1700.00	805.14
1701.00	744.29
1702.00	791.10
1703.00	755.99
1704.00	800.46
1705.00	807.48
1706.00	739.61
1707.00	772.38
1708.00	786.42
1709.00	861.32
1710.00	760.67
1711.00	858.98
1712.00	875.36
1713.00	798.12
1714.00	1399.64
1715.00	3258.03
1716.00	5909.85
1717.00	7293.11
1718.00	6558.18
1719.00	5025.13
1720.00	3822.09
1721.00	2860.13
1722.00	2162.66
1723.00	1441.77
1724.00	1071.97
1725.00	954.94
1726.00	816.85
1727.00	854.30
1728.00	772.38
1729.00	755.99
1730.00	798.12
1731.00	802.80
1732.00	777.06
1733.00	795.78
1734.00	781.74
1735.00	798.12
1736.00	727.91
1737.00	777.06
1738.00	781.74
1739.00	744.29
1740.00	819.19
1741.00	739.61
1742.00	786.42
1743.00	791.10
1744.00	730.25
1745.00	767.70
1746.00	734.93
1747.00	755.99
1748.00	744.29
1749.00	753.65
1750.00	746.63
1751.00	793.44
1752.00	758.33
1753.00	814.51
1754.00	727.91
1755.00	800.46
1756.00	826.21
1757.00	774.72
1758.00	814.51
1759.00	753.65
1760.00	751.31
1761.00	791.10
1762.00	812.17
1763.00	805.14
1764.00	819.19
1765.00	798.12
1766.00	777.06
1767.00	849.61
1768.00	905.79
1769.00	1029.84
1770.00	1966.05
1771.00	5549.41
1772.00	9970.68
1773.00	12739.54
1774.00	10890.51
1775.00	8278.47
1776.00	6150.93
1777.00	4348.72
1778.00	2916.31
1779.00	1865.41
1780.00	1306.02
1781.00	1137.50
1782.00	915.15
1783.00	823.87
1784.00	882.38
1785.00	849.61
1786.00	835.57
1787.00	791.10
1788.00	802.80
1789.00	791.10
1790.00	816.85
1791.00	779.40
1792.00	837.91
1793.00	753.65
1794.00	788.76
1795.00	844.93
1796.00	873.02
1797.00	1086.01
1798.00	2125.21
1799.00	4786.40
1800.00	7283.75
1801.00	8252.73
1802.00	6523.07
1803.00	4997.04
1804.00	3564.64
1805.00	2490.33
1806.00	1710.93
1807.00	1188.99
1808.00	992.39
1809.00	931.53
1810.00	772.38
1811.00	833.23
1812.00	751.31
1813.00	723.23
1814.00	751.31
1815.00	758.33
1816.00	732.59
1817.00	734.93
1818.00	744.29
1819.00	781.74
1820.00	763.01
1821.00	770.04
1822.00	779.40
1823.00	772.38
1824.00	753.65
1825.00	828.55
1826.00	861.32
1827.00	901.11
1828.00	800.46
1829.00	779.40
1830.00	854.30
1831.00	795.78
1832.00	854.30
1833.00	816.85
1834.00	744.29
1835.00	669.39
1836.00	636.63
1837.00	763.01
1838.00	699.82
1839.00	777.06
1840.00	744.29
1841.00	805.14
1842.00	765.36
1843.00	856.64
1844.00	706.84
1845.00	777.06
1846.00	760.67
1847.00	702.16
1848.00	723.23
1849.00	697.48
1850.00	786.42
1851.00	662.37
1852.00	793.44
1853.00	746.63
1854.00	753.65
1855.00	809.83
1856.00	711.52
1857.00	753.65
1858.00	741.95
1859.00	793.44
1860.00	770.04
1861.00	755.99
1862.00	755.99
1863.00	741.95
1864.00	753.65
1865.00	730.25
1866.00	739.61
1867.00	753.65
1868.00	751.31
1869.00	772.38
1870.00	737.27
1871.00	723.23
1872.00	816.85
1873.00	837.91
1874.00	748.97
1875.00	739.61
1876.00	664.71
1877.00	732.59
1878.00	760.67
1879.00	725.57
1880.00	746.63
1881.00	711.52
1882.00	763.01
1883.00	816.85
1884.00	702.16
1885.00	755.99
1886.00	730.25
1887.00	777.06
1888.00	709.18
1889.00	732.59
1890.00	727.91
1891.00	727.91
1892.00	718.54
1893.00	809.83
1894.00	751.31
1895.00	725.57
1896.00	741.95
1897.00	793.44
1898.00	690.46
1899.00	755.99
1900.00	753.65
1901.00	751.31
1902.00	718.54
1903.00	802.80
1904.00	767.70
1905.00	751.31
1906.00	781.74
1907.00	765.36
1908.00	730.25
1909.00	828.55
1910.00	716.20
1911.00	800.46
1912.00	807.48
1913.00	793.44
1914.00	791.10
1915.00	702.16
1916.00	760.67
1917.00	821.53
1918.00	725.57
1919.00	744.29
1920.00	697.48
1921.00	765.36
1922.00	795.78
1923.00	791.10
1924.00	732.59
1925.00	718.54
1926.00	723.23
1927.00	720.88
1928.00	802.80
1929.00	826.21
1930.00	802.80
1931.00	767.70
1932.00	814.51
1933.00	706.84
1934.00	730.25
1935.00	748.97
1936.00	758.33
1937.00	781.74
1938.00	791.10
1939.00	788.76
1940.00	662.37
1941.00	774.72
1942.00	763.01
1943.00	772.38
1944.00	772.38
1945.00	713.86
1946.00	732.59
1947.00	770.04
1948.00	746.63
1949.00	784.08
1950.00	765.36
1951.00	835.57
1952.00	999.41
1953.00	2071.37
1954.00	4241.05
1955.00	6377.96
1956.00	7033.31
1957.00	5151.52
1958.00	3480.38
1959.00	2279.68
1960.00	1479.22
1961.00	1172.61
1962.00	978.34
1963.00	863.66
1964.00	856.64
1965.00	833.23
1966.00	730.25
1967.00	711.52
1968.00	704.50
1969.00	723.23
1970.00	713.86
1971.00	751.31
1972.00	795.78
1973.00	760.67
1974.00	739.61
1975.00	828.55
1976.00	723.23
1977.00	716.20
1978.00	744.29
1979.00	772.38
1980.00	833.23
1981.00	1022.81
1982.00	1259.21
1983.00	1193.67
1984.00	1027.50
1985.00	961.96
1986.00	837.91
1987.00	833.23
1988.00	856.64
1989.00	763.01
1990.00	800.46
1991.00	807.48
1992.00	727.91
1993.00	802.80
1994.00	720.88
1995.00	751.31
1996.00	683.44
1997.00	779.40
1998.00	770.04
1999.00	739.61
2000.00	763.01
2001.00	767.70
2002.00	779.40
2003.00	840.25
2004.00	760.67
2005.00	716.20
2006.00	716.20
2007.00	812.17
2008.00	819.19
2009.00	823.87
2010.00	727.91
2011.00	856.64
2012.00	725.57
2013.00	828.55
2014.00	786.42
2015.00	800.46
2016.00	765.36
2017.00	716.20
2018.00	723.23
2019.00	816.85
2020.00	727.91
2021.00	774.72
2022.00	791.10
2023.00	816.85
2024.00	826.21
2025.00	1062.60
2026.00	1055.58
2027.00	1240.48
2028.00	1062.60
2029.00	1125.80
2030.00	2087.76
2031.00	5884.11
2032.00	10899.87
2033.00	14115.77
2034.00	12641.23
2035.00	8575.72
2036.00	5727.29
2037.00	3695.71
2038.00	2382.67
2039.00	1607.95
2040.00	1207.72
2041.00	1027.50
2042.00	919.83
2043.00	894.08
2044.00	828.55
2045.00	821.53
2046.00	807.48
2047.00	779.40
