0.00	660.03
1.00	660.03
2.00	660.03
3.00	582.79
4.00	620.24
5.00	589.82
6.00	550.03
7.00	543.00
8.00	554.71
9.00	535.98
10.00	596.84
11.00	575.77
12.00	594.50
13.00	571.09
14.00	610.88
15.00	580.45
16.00	550.03
17.00	587.47
18.00	594.50
19.00	580.45
20.00	566.41
21.00	657.69
22.00	615.56
23.00	627.26
24.00	655.35
25.00	575.77
26.00	662.37
27.00	723.23
28.00	753.65
29.00	690.46
30.00	732.59
31.00	681.10
32.00	674.07
33.00	746.63
34.00	692.80
35.00	685.78
36.00	709.18
37.00	713.86
38.00	720.88
39.00	704.50
40.00	758.33
41.00	723.23
42.00	741.95
43.00	772.38
44.00	767.70
45.00	739.61
46.00	786.42
47.00	809.83
48.00	800.46
49.00	753.65
50.00	765.36
51.00	744.29
52.00	709.18
53.00	727.91
54.00	772.38
55.00	667.05
56.00	739.61
57.00	748.97
58.00	753.65
59.00	716.20
60.00	772.38
61.00	744.29
62.00	688.12
63.00	723.23
64.00	727.91
65.00	702.16
66.00	718.54
67.00	767.70
68.00	671.73
69.00	725.57
70.00	760.67
71.00	798.12
72.00	793.44
73.00	695.14
74.00	748.97
75.00	734.93
76.00	683.44
77.00	676.41
78.00	699.82
79.00	781.74
80.00	716.20
81.00	688.12
82.00	615.56
83.00	725.57
84.00	758.33
85.00	725.57
86.00	748.97
87.00	739.61
88.00	741.95
89.00	739.61
90.00	795.78
91.00	755.99
92.00	706.84
93.00	739.61
94.00	746.63
95.00	727.91
96.00	723.23
97.00	737.27
98.00	788.76
99.00	763.01
100.00	685.78
101.00	744.29
102.00	667.05
103.00	674.07
104.00	725.57
105.00	720.88
106.00	718.54
107.00	718.54
108.00	755.99
109.00	763.01
110.00	725.57
111.00	697.48
112.00	709.18
113.00	716.20
114.00	702.16
115.00	795.78
116.00	734.93
117.00	660.03
118.00	716.20
119.00	734.93
120.00	699.82
121.00	713.86
122.00	791.10
123.00	784.08
124.00	685.78
125.00	746.63
126.00	727.91
127.00	702.16
128.00	763.01
129.00	734.93
130.00	702.16
131.00	753.65
132.00	704.50
133.00	718.54
134.00	753.65
135.00	784.08
136.00	739.61
137.00	777.06
138.00	741.95
139.00	709.18
140.00	748.97
141.00	688.12
142.00	727.91
143.00	692.80
144.00	709.18
145.00	688.12
146.00	748.97
147.00	784.08
148.00	737.27
149.00	791.10
150.00	732.59
151.00	676.41
152.00	681.10
153.00	770.04
154.00	688.12
155.00	685.78
156.00	713.86
157.00	779.40
158.00	751.31
159.00	748.97
160.00	697.48
161.00	753.65
162.00	842.59
163.00	737.27
164.00	739.61
165.00	671.73
166.00	706.84
167.00	704.50
168.00	791.10
169.00	814.51
170.00	751.31
171.00	711.52
172.00	746.63
173.00	737.27
174.00	727.91
175.00	748.97
176.00	755.99
177.00	681.10
178.00	730.25
179.00	755.99
180.00	723.23
181.00	781.74
182.00	709.18
183.00	763.01
184.00	770.04
185.00	723.23
186.00	725.57
187.00	709.18
188.00	732.59
189.00	746.63
190.00	655.35
191.00	688.12
192.00	779.40
193.00	816.85
194.00	760.67
195.00	760.67
196.00	753.65
197.00	770.04
198.00	730.25
199.00	791.10
200.00	760.67
201.00	744.29
202.00	681.10
203.00	718.54
204.00	645.99
205.00	720.88
206.00	753.65
207.00	683.44
208.00	653.01
209.00	746.63
210.00	727.91
211.00	751.31
212.00	774.72
213.00	664.71
214.00	758.33
215.00	748.97
216.00	779.40
217.00	713.86
218.00	739.61
219.00	772.38
220.00	812.17
221.00	737.27
222.00	788.76
223.00	744.29
224.00	755.99
225.00	702.16
226.00	723.23
227.00	746.63
228.00	704.50
229.00	737.27
230.00	734.93
231.00	739.61
232.00	727.91
233.00	753.65
234.00	807.48
235.00	725.57
236.00	744.29
237.00	725.57
238.00	716.20
239.00	795.78
240.00	788.76
241.00	716.20
242.00	774.72
243.00	744.29
244.00	718.54
245.00	704.50
246.00	697.48
247.00	718.54
248.00	809.83
249.00	711.52
250.00	755.99
251.00	800.46
252.00	807.48
253.00	702.16
254.00	758.33
255.00	763.01
256.00	795.78
257.00	723.23
258.00	683.44
259.00	755.99
260.00	819.19
261.00	755.99
262.00	676.41
263.00	739.61
264.00	805.14
265.00	723.23
266.00	727.91
267.00	734.93
268.00	840.25
269.00	763.01
270.00	709.18
271.00	784.08
272.00	849.61
273.00	805.14
274.00	730.25
275.00	763.01
276.00	741.95
277.00	725.57
278.00	770.04
279.00	812.17
280.00	781.74
281.00	760.67
282.00	770.04
283.00	760.67
284.00	795.78
285.00	753.65
286.00	734.93
287.00	732.59
288.00	751.31
289.00	760.67
290.00	725.57
291.00	678.76
292.00	744.29
293.00	784.08
294.00	695.14
295.00	660.03
296.00	751.31
297.00	774.72
298.00	746.63
299.00	774.72
300.00	727.91
301.00	697.48
302.00	690.46
303.00	718.54
304.00	730.25
305.00	765.36
306.00	802.80
307.00	770.04
308.00	720.88
309.00	816.85
310.00	828.55
311.00	741.95
312.00	781.74
313.00	779.40
314.00	716.20
315.00	744.29
316.00	788.76
317.00	760.67
318.00	774.72
319.00	763.01
320.00	697.48
321.00	711.52
322.00	711.52
323.00	671.73
324.00	770.04
325.00	744.29
326.00	720.88
327.00	723.23
328.00	755.99
329.00	755.99
330.00	772.38
331.00	739.61
332.00	760.67
333.00	716.20
334.00	664.71
335.00	718.54
336.00	716.20
337.00	786.42
338.00	784.08
339.00	807.48
340.00	727.91
341.00	805.14
342.00	788.76
343.00	697.48
344.00	662.37
345.00	774.72
346.00	734.93
347.00	716.20
348.00	779.40
349.00	772.38
350.00	807.48
351.00	781.74
352.00	755.99
353.00	753.65
354.00	830.89
355.00	741.95
356.00	772.38
357.00	760.67
358.00	734.93
359.00	692.80
360.00	702.16
361.00	744.29
362.00	702.16
363.00	704.50
364.00	704.50
365.00	741.95
366.00	685.78
367.00	723.23
368.00	770.04
369.00	718.54
370.00	713.86
371.00	706.84
372.00	781.74
373.00	695.14
374.00	758.33
375.00	706.84
376.00	716.20
377.00	688.12
378.00	725.57
379.00	758.33
380.00	704.50
381.00	713.86
382.00	627.26
383.00	753.65
384.00	741.95
385.00	683.44
386.00	793.44
387.00	774.72
388.00	683.44
389.00	774.72
390.00	718.54
391.00	763.01
392.00	732.59
393.00	709.18
394.00	772.38
395.00	779.40
396.00	692.80
397.00	802.80
398.00	751.31
399.00	751.31
400.00	699.82
401.00	753.65
402.00	720.88
403.00	777.06
404.00	709.18
405.00	692.80
406.00	779.40
407.00	788.76
408.00	786.42
409.00	753.65
410.00	695.14
411.00	725.57
412.00	758.33
413.00	692.80
414.00	760.67
415.00	727.91
416.00	812.17
417.00	753.65
418.00	692.80
419.00	763.01
420.00	748.97
421.00	690.46
422.00	741.95
423.00	770.04
424.00	718.54
425.00	730.25
426.00	725.57
427.00	786.42
428.00	755.99
429.00	770.04
430.00	683.44
431.00	669.39
432.00	697.48
433.00	760.67
434.00	741.95
435.00	781.74
436.00	690.46
437.00	767.70
438.00	791.10
439.00	704.50
440.00	793.44
441.00	732.59
442.00	741.95
443.00	755.99
444.00	713.86
445.00	779.40
446.00	704.50
447.00	723.23
448.00	690.46
449.00	772.38
450.00	723.23
451.00	723.23
452.00	765.36
453.00	849.61
454.00	753.65
455.00	723.23
456.00	688.12
457.00	699.82
458.00	704.50
459.00	727.91
460.00	699.82
461.00	805.14
462.00	692.80
463.00	723.23
464.00	753.65
465.00	767.70
466.00	732.59
467.00	765.36
468.00	767.70
469.00	697.48
470.00	720.88
471.00	667.05
472.00	725.57
473.00	748.97
474.00	786.42
475.00	802.80
476.00	727.91
477.00	667.05
478.00	770.04
479.00	763.01
480.00	734.93
481.00	805.14
482.00	685.78
483.00	770.04
484.00	709.18
485.00	730.25
486.00	746.63
487.00	702.16
488.00	753.65
489.00	779.40
490.00	791.10
491.00	734.93
492.00	711.52
493.00	760.67
494.00	781.74
495.00	744.29
496.00	718.54
497.00	746.63
498.00	748.97
499.00	692.80
500.00	786.42
501.00	718.54
502.00	781.74
503.00	741.95
504.00	755.99
505.00	711.52
506.00	720.88
507.00	753.65
508.00	690.46
509.00	720.88
510.00	723.23
511.00	746.63
512.00	753.65
513.00	739.61
514.00	732.59
515.00	741.95
516.00	828.55
517.00	650.67
518.00	821.53
519.00	713.86
520.00	786.42
521.00	737.27
522.00	716.20
523.00	779.40
524.00	793.44
525.00	748.97
526.00	763.01
527.00	657.69
528.00	763.01
529.00	711.52
530.00	690.46
531.00	748.97
532.00	702.16
533.00	734.93
534.00	753.65
535.00	772.38
536.00	767.70
537.00	788.76
538.00	748.97
539.00	779.40
540.00	755.99
541.00	788.76
542.00	741.95
543.00	727.91
544.00	730.25
545.00	765.36
546.00	737.27
547.00	737.27
548.00	781.74
549.00	746.63
550.00	774.72
551.00	812.17
552.00	763.01
553.00	734.93
554.00	755.99
555.00	676.41
556.00	844.93
557.00	713.86
558.00	739.61
559.00	737.27
560.00	718.54
561.00	826.21
562.00	678.76
563.00	650.67
564.00	692.80
565.00	718.54
566.00	711.52
567.00	751.31
568.00	802.80
569.00	741.95
570.00	779.40
571.00	767.70
572.00	725.57
573.00	713.86
574.00	777.06
575.00	746.63
576.00	671.73
577.00	685.78
578.00	709.18
579.00	774.72
580.00	718.54
581.00	709.18
582.00	784.08
583.00	711.52
584.00	748.97
585.00	744.29
586.00	793.44
587.00	734.93
588.00	716.20
589.00	755.99
590.00	716.20
591.00	716.20
592.00	732.59
593.00	725.57
594.00	690.46
595.00	718.54
596.00	741.95
597.00	755.99
598.00	706.84
599.00	781.74
600.00	748.97
601.00	763.01
602.00	723.23
603.00	765.36
604.00	751.31
605.00	732.59
606.00	767.70
607.00	788.76
608.00	732.59
609.00	638.97
610.00	720.88
611.00	732.59
612.00	784.08
613.00	772.38
614.00	805.14
615.00	734.93
616.00	767.70
617.00	711.52
618.00	751.31
619.00	725.57
620.00	802.80
621.00	791.10
622.00	725.57
623.00	732.59
624.00	784.08
625.00	741.95
626.00	739.61
627.00	791.10
628.00	732.59
629.00	805.14
630.00	809.83
631.00	702.16
632.00	746.63
633.00	760.67
634.00	732.59
635.00	718.54
636.00	685.78
637.00	748.97
638.00	725.57
639.00	786.42
640.00	770.04
641.00	795.78
642.00	739.61
643.00	748.97
644.00	723.23
645.00	695.14
646.00	732.59
647.00	737.27
648.00	746.63
649.00	711.52
650.00	716.20
651.00	755.99
652.00	784.08
653.00	741.95
654.00	784.08
655.00	786.42
656.00	723.23
657.00	744.29
658.00	716.20
659.00	671.73
660.00	709.18
661.00	737.27
662.00	688.12
663.00	730.25
664.00	770.04
665.00	751.31
666.00	774.72
667.00	744.29
668.00	777.06
669.00	786.42
670.00	713.86
671.00	772.38
672.00	690.46
673.00	688.12
674.00	739.61
675.00	716.20
676.00	770.04
677.00	763.01
678.00	786.42
679.00	812.17
680.00	744.29
681.00	753.65
682.00	767.70
683.00	692.80
684.00	737.27
685.00	690.46
686.00	748.97
687.00	709.18
688.00	760.67
689.00	777.06
690.00	777.06
691.00	763.01
692.00	767.70
693.00	676.41
694.00	727.91
695.00	748.97
696.00	786.42
697.00	702.16
698.00	720.88
699.00	720.88
700.00	725.57
701.00	770.04
702.00	734.93
703.00	779.40
704.00	727.91
705.00	744.29
706.00	814.51
707.00	814.51
708.00	753.65
709.00	805.14
710.00	725.57
711.00	741.95
712.00	753.65
713.00	760.67
714.00	697.48
715.00	753.65
716.00	751.31
717.00	774.72
718.00	706.84
719.00	711.52
720.00	723.23
721.00	702.16
722.00	791.10
723.00	851.96
724.00	786.42
725.00	786.42
726.00	777.06
727.00	716.20
728.00	748.97
729.00	767.70
730.00	755.99
731.00	767.70
732.00	777.06
733.00	711.52
734.00	781.74
735.00	821.53
736.00	821.53
737.00	709.18
738.00	767.70
739.00	739.61
740.00	758.33
741.00	723.23
742.00	786.42
743.00	779.40
744.00	727.91
745.00	704.50
746.00	744.29
747.00	727.91
748.00	777.06
749.00	720.88
750.00	748.97
751.00	802.80
752.00	741.95
753.00	770.04
754.00	758.33
755.00	763.01
756.00	706.84
757.00	779.40
758.00	772.38
759.00	706.84
760.00	781.74
761.00	744.29
762.00	758.33
763.00	767.70
764.00	645.99
765.00	704.50
766.00	669.39
767.00	786.42
768.00	763.01
769.00	753.65
770.00	772.38
771.00	737.27
772.00	739.61
773.00	788.76
774.00	704.50
775.00	702.16
776.00	741.95
777.00	744.29
778.00	706.84
779.00	702.16
780.00	767.70
781.00	753.65
782.00	774.72
783.00	770.04
784.00	772.38
785.00	795.78
786.00	730.25
787.00	748.97
788.00	746.63
789.00	716.20
790.00	786.42
791.00	695.14
792.00	727.91
793.00	760.67
794.00	753.65
795.00	737.27
796.00	744.29
797.00	711.52
798.00	713.86
799.00	734.93
800.00	781.74
801.00	746.63
802.00	732.59
803.00	765.36
804.00	688.12
805.00	727.91
806.00	723.23
807.00	774.72
808.00	739.61
809.00	746.63
810.00	763.01
811.00	784.08
812.00	793.44
813.00	770.04
814.00	713.86
815.00	718.54
816.00	767.70
817.00	793.44
818.00	706.84
819.00	706.84
820.00	723.23
821.00	671.73
822.00	802.80
823.00	788.76
824.00	725.57
825.00	723.23
826.00	683.44
827.00	746.63
828.00	727.91
829.00	791.10
830.00	699.82
831.00	770.04
832.00	739.61
833.00	781.74
834.00	732.59
835.00	765.36
836.00	774.72
837.00	805.14
838.00	755.99
839.00	725.57
840.00	784.08
841.00	748.97
842.00	751.31
843.00	793.44
844.00	779.40
845.00	814.51
846.00	784.08
847.00	840.25
848.00	706.84
849.00	795.78
850.00	751.31
851.00	760.67
852.00	753.65
853.00	767.70
854.00	685.78
855.00	772.38
856.00	819.19
857.00	744.29
858.00	842.59
859.00	732.59
860.00	706.84
861.00	802.80
862.00	758.33
863.00	847.27
864.00	711.52
865.00	786.42
866.00	709.18
867.00	744.29
868.00	781.74
869.00	793.44
870.00	727.91
871.00	791.10
872.00	669.39
873.00	828.55
874.00	835.57
875.00	746.63
876.00	702.16
877.00	777.06
878.00	812.17
879.00	786.42
880.00	746.63
881.00	854.30
882.00	758.33
883.00	702.16
884.00	730.25
885.00	697.48
886.00	741.95
887.00	833.23
888.00	772.38
889.00	767.70
890.00	697.48
891.00	741.95
892.00	734.93
893.00	737.27
894.00	809.83
895.00	718.54
896.00	706.84
897.00	732.59
898.00	777.06
899.00	781.74
900.00	821.53
901.00	840.25
902.00	779.40
903.00	758.33
904.00	692.80
905.00	791.10
906.00	844.93
907.00	950.26
908.00	866.00
909.00	809.83
910.00	835.57
911.00	819.19
912.00	856.64
913.00	884.72
914.00	854.30
915.00	840.25
916.00	849.61
917.00	854.30
918.00	816.85
919.00	765.36
920.00	734.93
921.00	823.87
922.00	777.06
923.00	758.33
924.00	777.06
925.00	755.99
926.00	786.42
927.00	730.25
928.00	774.72
929.00	805.14
930.00	819.19
931.00	755.99
932.00	650.67
933.00	720.88
934.00	741.95
935.00	781.74
936.00	772.38
937.00	760.67
938.00	732.59
939.00	777.06
940.00	786.42
941.00	786.42
942.00	795.78
943.00	800.46
944.00	772.38
945.00	784.08
946.00	1041.54
947.00	1519.01
948.00	1966.05
949.00	1699.23
950.00	1385.60
951.00	1247.51
952.00	1142.18
953.00	1041.54
954.00	959.62
955.00	877.70
956.00	755.99
957.00	774.72
958.00	772.38
959.00	767.70
960.00	861.32
961.00	788.76
962.00	826.21
963.00	774.72
964.00	823.87
965.00	779.40
966.00	748.97
967.00	781.74
968.00	741.95
969.00	781.74
970.00	748.97
971.00	723.23
972.00	723.23
973.00	807.48
974.00	723.23
975.00	725.57
976.00	711.52
977.00	709.18
978.00	753.65
979.00	765.36
980.00	788.76
981.00	748.97
982.00	741.95
983.00	720.88
984.00	734.93
985.00	755.99
986.00	763.01
987.00	760.67
988.00	765.36
989.00	765.36
990.00	802.80
991.00	760.67
992.00	688.12
993.00	748.97
994.00	685.78
995.00	767.70
996.00	732.59
997.00	753.65
998.00	739.61
999.00	770.04
1000.00	767.70
1001.00	809.83
1002.00	798.12
1003.00	791.10
1004.00	800.46
1005.00	748.97
1006.00	779.40
1007.00	746.63
1008.00	779.40
1009.00	840.25
1010.00	854.30
1011.00	812.17
1012.00	730.25
1013.00	786.42
1014.00	770.04
1015.00	765.36
1016.00	755.99
1017.00	777.06
1018.00	709.18
1019.00	758.33
1020.00	844.93
1021.00	734.93
1022.00	767.70
1023.00	730.25
1024.00	748.97
1025.00	765.36
1026.00	751.31
1027.00	737.27
1028.00	788.76
1029.00	695.14
1030.00	692.80
1031.00	692.80
1032.00	784.08
1033.00	739.61
1034.00	784.08
1035.00	751.31
1036.00	767.70
1037.00	812.17
1038.00	758.33
1039.00	758.33
1040.00	870.68
1041.00	739.61
1042.00	727.91
1043.00	763.01
1044.00	751.31
1045.00	875.36
1046.00	812.17
1047.00	774.72
1048.00	746.63
1049.00	732.59
1050.00	809.83
1051.00	727.91
1052.00	760.67
1053.00	727.91
1054.00	755.99
1055.00	767.70
1056.00	709.18
1057.00	706.84
1058.00	734.93
1059.00	781.74
1060.00	741.95
1061.00	697.48
1062.00	730.25
1063.00	800.46
1064.00	812.17
1065.00	725.57
1066.00	744.29
1067.00	758.33
1068.00	753.65
1069.00	695.14
1070.00	741.95
1071.00	770.04
1072.00	725.57
1073.00	741.95
1074.00	781.74
1075.00	734.93
1076.00	746.63
1077.00	784.08
1078.00	763.01
1079.00	786.42
1080.00	805.14
1081.00	760.67
1082.00	755.99
1083.00	763.01
1084.00	739.61
1085.00	678.76
1086.00	805.14
1087.00	777.06
1088.00	755.99
1089.00	741.95
1090.00	725.57
1091.00	683.44
1092.00	748.97
1093.00	781.74
1094.00	772.38
1095.00	779.40
1096.00	730.25
1097.00	760.67
1098.00	765.36
1099.00	760.67
1100.00	788.76
1101.00	793.44
1102.00	805.14
1103.00	842.59
1104.00	875.36
1105.00	760.67
1106.00	763.01
1107.00	800.46
1108.00	770.04
1109.00	760.67
1110.00	739.61
1111.00	739.61
1112.00	751.31
1113.00	755.99
1114.00	711.52
1115.00	767.70
1116.00	791.10
1117.00	741.95
1118.00	784.08
1119.00	755.99
1120.00	702.16
1121.00	720.88
1122.00	777.06
1123.00	847.27
1124.00	844.93
1125.00	809.83
1126.00	739.61
1127.00	755.99
1128.00	786.42
1129.00	739.61
1130.00	727.91
1131.00	734.93
1132.00	734.93
1133.00	760.67
1134.00	697.48
1135.00	795.78
1136.00	692.80
1137.00	835.57
1138.00	774.72
1139.00	692.80
1140.00	739.61
1141.00	791.10
1142.00	786.42
1143.00	737.27
1144.00	748.97
1145.00	748.97
1146.00	788.76
1147.00	854.30
1148.00	765.36
1149.00	741.95
1150.00	763.01
1151.00	734.93
1152.00	802.80
1153.00	861.32
1154.00	758.33
1155.00	748.97
1156.00	786.42
1157.00	830.89
1158.00	814.51
1159.00	912.81
1160.00	800.46
1161.00	765.36
1162.00	807.48
1163.00	727.91
1164.00	748.97
1165.00	746.63
1166.00	861.32
1167.00	1060.26
1168.00	1174.95
1169.00	1261.55
1170.00	1100.05
1171.00	994.73
1172.00	983.02
1173.00	933.87
1174.00	915.15
1175.00	814.51
1176.00	868.34
1177.00	788.76
1178.00	793.44
1179.00	856.64
1180.00	823.87
1181.00	828.55
1182.00	837.91
1183.00	826.21
1184.00	809.83
1185.00	770.04
1186.00	851.96
1187.00	870.68
1188.00	835.57
1189.00	816.85
1190.00	777.06
1191.00	861.32
1192.00	926.85
1193.00	891.74
1194.00	938.55
1195.00	905.79
1196.00	849.61
1197.00	877.70
1198.00	877.70
1199.00	926.85
1200.00	847.27
1201.00	945.58
1202.00	1043.88
1203.00	1146.86
1204.00	1181.97
1205.00	1050.90
1206.00	1057.92
1207.00	922.17
1208.00	1020.47
1209.00	1022.81
1210.00	1032.18
1211.00	1064.94
1212.00	929.19
1213.00	966.64
1214.00	1032.18
1215.00	1210.06
1216.00	1163.25
1217.00	1357.51
1218.00	1418.36
1219.00	1668.80
1220.00	3066.10
1221.00	16341.62
1222.00	47547.98
1223.00	63121.91
1224.00	62972.11
1225.00	54508.74
1226.00	40638.72
1227.00	30199.93
1228.00	24655.20
1229.00	17755.30
1230.00	8540.61
1231.00	3592.72
1232.00	1923.92
1233.00	1577.52
1234.00	1404.32
1235.00	1263.89
1236.00	1228.78
1237.00	1177.29
1238.00	1156.22
1239.00	1341.13
1240.00	2911.63
1241.00	5394.93
1242.00	6525.41
1243.00	5413.66
1244.00	4194.24
1245.00	3138.66
1246.00	2612.04
1247.00	2399.05
1248.00	1708.59
1249.00	1153.88
1250.00	908.13
1251.00	938.55
1252.00	966.64
1253.00	999.41
1254.00	933.87
1255.00	1020.47
1256.00	987.71
1257.00	1004.09
1258.00	980.68
1259.00	959.62
1260.00	866.00
1261.00	964.30
1262.00	901.11
1263.00	894.08
1264.00	847.27
1265.00	889.40
1266.00	861.32
1267.00	873.02
1268.00	858.98
1269.00	840.25
1270.00	849.61
1271.00	819.19
1272.00	833.23
1273.00	823.87
1274.00	880.04
1275.00	805.14
1276.00	877.70
1277.00	800.46
1278.00	1048.56
1279.00	2132.23
1280.00	5420.68
1281.00	9867.70
1282.00	11178.40
1283.00	8624.87
1284.00	6551.16
1285.00	4774.69
1286.00	3915.72
1287.00	3220.58
1288.00	2050.31
1289.00	1287.29
1290.00	966.64
1291.00	828.55
1292.00	945.58
1293.00	884.72
1294.00	896.43
1295.00	903.45
1296.00	887.06
1297.00	898.77
1298.00	908.13
1299.00	1387.94
1300.00	2417.77
1301.00	3019.29
1302.00	2862.48
1303.00	2279.68
1304.00	1839.66
1305.00	1593.90
1306.00	1416.02
1307.00	1275.59
1308.00	1036.86
1309.00	889.40
1310.00	840.25
1311.00	887.06
1312.00	912.81
1313.00	844.93
1314.00	835.57
1315.00	802.80
1316.00	793.44
1317.00	849.61
1318.00	772.38
1319.00	821.53
1320.00	819.19
1321.00	746.63
1322.00	802.80
1323.00	880.04
1324.00	828.55
1325.00	758.33
1326.00	844.93
1327.00	765.36
1328.00	692.80
1329.00	840.25
1330.00	788.76
1331.00	833.23
1332.00	816.85
1333.00	1004.09
1334.00	1591.56
1335.00	2698.64
1336.00	3246.32
1337.00	3014.61
1338.00	2452.88
1339.00	1900.52
1340.00	1682.85
1341.00	1502.62
1342.00	1172.61
1343.00	976.00
1344.00	823.87
1345.00	844.93
1346.00	851.96
1347.00	795.78
1348.00	830.89
1349.00	880.04
1350.00	826.21
1351.00	809.83
1352.00	882.38
1353.00	763.01
1354.00	882.38
1355.00	767.70
1356.00	880.04
1357.00	770.04
1358.00	791.10
1359.00	873.02
1360.00	905.79
1361.00	1029.84
1362.00	2108.82
1363.00	5153.86
1364.00	8613.17
1365.00	9317.67
1366.00	7265.02
1367.00	5170.24
1368.00	4002.32
1369.00	3407.82
1370.00	2745.45
1371.00	1682.85
1372.00	1205.38
1373.00	1015.79
1374.00	978.34
1375.00	1151.54
1376.00	2733.75
1377.00	7864.20
1378.00	14202.37
1379.00	17184.21
1380.00	12784.01
1381.00	9315.33
1382.00	6750.10
1383.00	5401.96
1384.00	4353.40
1385.00	2710.34
1386.00	1570.50
1387.00	1104.73
1388.00	1006.43
1389.00	882.38
1390.00	976.00
1391.00	908.13
1392.00	877.70
1393.00	875.36
1394.00	814.51
1395.00	842.59
1396.00	866.00
1397.00	833.23
1398.00	1064.94
1399.00	1263.89
1400.00	1280.27
1401.00	1188.99
1402.00	1076.65
1403.00	1015.79
1404.00	1121.12
1405.00	1179.63
1406.00	1806.89
1407.00	7417.16
1408.00	18216.39
1409.00	27749.39
1410.00	24367.32
1411.00	17855.95
1412.00	12205.89
1413.00	9254.48
1414.00	7679.30
1415.00	5149.18
1416.00	2761.83
1417.00	1537.73
1418.00	1181.97
1419.00	1011.11
1420.00	1853.70
1421.00	3990.61
1422.00	6478.60
1423.00	7272.04
1424.00	5720.27
1425.00	4095.94
1426.00	3075.46
1427.00	2691.62
1428.00	2118.18
1429.00	1437.09
1430.00	1078.99
1431.00	901.11
1432.00	978.34
1433.00	898.77
1434.00	898.77
1435.00	924.51
1436.00	873.02
1437.00	866.00
1438.00	866.00
1439.00	837.91
1440.00	772.38
1441.00	795.78
1442.00	779.40
1443.00	863.66
1444.00	784.08
1445.00	830.89
1446.00	758.33
1447.00	744.29
1448.00	734.93
1449.00	741.95
1450.00	786.42
1451.00	807.48
1452.00	753.65
1453.00	875.36
1454.00	866.00
1455.00	1118.78
1456.00	2420.11
1457.00	3995.29
1458.00	4762.99
1459.00	3899.33
1460.00	2848.43
1461.00	2291.38
1462.00	1956.69
1463.00	1603.27
1464.00	1291.98
1465.00	968.98
1466.00	816.85
1467.00	812.17
1468.00	821.53
1469.00	830.89
1470.00	807.48
1471.00	765.36
1472.00	877.70
1473.00	744.29
1474.00	746.63
1475.00	816.85
1476.00	840.25
1477.00	905.79
1478.00	854.30
1479.00	807.48
1480.00	800.46
1481.00	720.88
1482.00	805.14
1483.00	798.12
1484.00	880.04
1485.00	901.11
1486.00	894.08
1487.00	1128.14
1488.00	3166.74
1489.00	8449.33
1490.00	13556.38
1491.00	14202.37
1492.00	10146.22
1493.00	7255.66
1494.00	5408.98
1495.00	4360.42
1496.00	3311.86
1497.00	1928.60
1498.00	1259.21
1499.00	1062.60
1500.00	894.08
1501.00	854.30
1502.00	847.27
1503.00	746.63
1504.00	870.68
1505.00	812.17
1506.00	774.72
1507.00	884.72
1508.00	779.40
1509.00	795.78
1510.00	795.78
1511.00	887.06
1512.00	922.17
1513.00	1032.18
1514.00	1994.14
1515.00	3379.73
1516.00	4252.75
1517.00	3620.81
1518.00	2773.53
1519.00	2045.63
1520.00	1867.75
1521.00	1614.97
1522.00	1313.04
1523.00	1020.47
1524.00	887.06
1525.00	809.83
1526.00	828.55
1527.00	807.48
1528.00	847.27
1529.00	791.10
1530.00	861.32
1531.00	950.26
1532.00	1041.54
1533.00	1860.73
1534.00	4772.35
1535.00	8692.75
1536.00	10359.21
1537.00	7964.84
1538.00	5820.91
1539.00	4229.35
1540.00	3581.02
1541.00	2810.98
1542.00	1884.13
1543.00	1160.91
1544.00	954.94
1545.00	809.83
1546.00	875.36
1547.00	861.32
1548.00	828.55
1549.00	802.80
1550.00	842.59
1551.00	828.55
1552.00	833.23
1553.00	851.96
1554.00	795.78
1555.00	849.61
1556.00	847.27
1557.00	861.32
1558.00	844.93
1559.00	807.48
1560.00	805.14
1561.00	849.61
1562.00	875.36
1563.00	954.94
1564.00	980.68
1565.00	1282.61
1566.00	3882.95
1567.00	10464.54
1568.00	17647.64
1569.00	18087.66
1570.00	13092.96
1571.00	9366.82
1572.00	6808.62
1573.00	5682.82
1574.00	3892.31
1575.00	2349.90
1576.00	1572.84
1577.00	1263.89
1578.00	1579.86
1579.00	5715.59
1580.00	16578.01
1581.00	27978.76
1582.00	29867.58
1583.00	20851.83
1584.00	14677.50
1585.00	10726.68
1586.00	8479.76
1587.00	5973.05
1588.00	3131.64
1589.00	1734.34
1590.00	1219.42
1591.00	1078.99
1592.00	1027.50
1593.00	884.72
1594.00	922.17
1595.00	919.83
1596.00	887.06
1597.00	898.77
1598.00	964.30
1599.00	842.59
1600.00	795.78
1601.00	833.23
1602.00	779.40
1603.00	774.72
1604.00	791.10
1605.00	802.80
1606.00	786.42
1607.00	868.34
1608.00	851.96
1609.00	791.10
1610.00	861.32
1611.00	758.33
1612.00	823.87
1613.00	849.61
1614.00	849.61
1615.00	777.06
1616.00	777.06
1617.00	798.12
1618.00	760.67
1619.00	830.89
1620.00	779.40
1621.00	828.55
1622.00	840.25
1623.00	751.31
1624.00	695.14
1625.00	840.25
1626.00	826.21
1627.00	741.95
1628.00	765.36
1629.00	758.33
1630.00	779.40
1631.00	727.91
1632.00	713.86
1633.00	821.53
1634.00	793.44
1635.00	772.38
1636.00	765.36
1637.00	741.95
1638.00	873.02
1639.00	739.61
1640.00	777.06
1641.00	755.99
1642.00	753.65
1643.00	830.89
1644.00	835.57
1645.00	781.74
1646.00	800.46
1647.00	896.43
1648.00	873.02
1649.00	994.73
1650.00	2441.18
1651.00	7009.90
1652.00	12877.63
1653.00	15960.11
1654.00	12308.88
1655.00	8919.78
1656.00	6459.88
1657.00	5146.84
1658.00	3845.50
1659.00	2239.89
1660.00	1401.98
1661.00	1060.26
1662.00	994.73
1663.00	866.00
1664.00	847.27
1665.00	816.85
1666.00	929.19
1667.00	896.43
1668.00	1142.18
1669.00	2462.24
1670.00	4547.66
1671.00	5788.14
1672.00	5146.84
1673.00	3691.02
1674.00	2876.52
1675.00	2312.45
1676.00	1825.62
1677.00	1373.89
1678.00	1029.84
1679.00	880.04
1680.00	784.08
1681.00	896.43
1682.00	807.48
1683.00	770.04
1684.00	847.27
1685.00	755.99
1686.00	800.46
1687.00	805.14
1688.00	795.78
1689.00	798.12
1690.00	851.96
1691.00	753.65
1692.00	847.27
1693.00	800.46
1694.00	739.61
1695.00	760.67
1696.00	809.83
1697.00	856.64
1698.00	751.31
1699.00	720.88
1700.00	741.95
1701.00	816.85
1702.00	741.95
1703.00	772.38
1704.00	809.83
1705.00	805.14
1706.00	819.19
1707.00	795.78
1708.00	802.80
1709.00	746.63
1710.00	788.76
1711.00	798.12
1712.00	858.98
1713.00	833.23
1714.00	1338.79
1715.00	3094.19
1716.00	5820.91
1717.00	7880.58
1718.00	6808.62
1719.00	5301.31
1720.00	3908.69
1721.00	2991.20
1722.00	2338.20
1723.00	1591.56
1724.00	1123.46
1725.00	912.81
1726.00	844.93
1727.00	821.53
1728.00	746.63
1729.00	777.06
1730.00	788.76
1731.00	788.76
1732.00	814.51
1733.00	873.02
1734.00	704.50
1735.00	774.72
1736.00	748.97
1737.00	734.93
1738.00	765.36
1739.00	744.29
1740.00	671.73
1741.00	800.46
1742.00	786.42
1743.00	770.04
1744.00	702.16
1745.00	795.78
1746.00	767.70
1747.00	774.72
1748.00	830.89
1749.00	763.01
1750.00	779.40
1751.00	795.78
1752.00	828.55
1753.00	741.95
1754.00	828.55
1755.00	851.96
1756.00	826.21
1757.00	795.78
1758.00	767.70
1759.00	744.29
1760.00	758.33
1761.00	770.04
1762.00	765.36
1763.00	807.48
1764.00	823.87
1765.00	779.40
1766.00	774.72
1767.00	856.64
1768.00	791.10
1769.00	1022.81
1770.00	1916.90
1771.00	5383.23
1772.00	10012.81
1773.00	13483.83
1774.00	11709.70
1775.00	8645.94
1776.00	6445.84
1777.00	4540.64
1778.00	3002.91
1779.00	1902.86
1780.00	1306.02
1781.00	1130.48
1782.00	903.45
1783.00	863.66
1784.00	842.59
1785.00	798.12
1786.00	758.33
1787.00	767.70
1788.00	751.31
1789.00	788.76
1790.00	786.42
1791.00	814.51
1792.00	748.97
1793.00	882.38
1794.00	786.42
1795.00	873.02
1796.00	854.30
1797.00	1013.45
1798.00	2094.78
1799.00	4727.88
1800.00	7599.72
1801.00	8755.94
1802.00	6960.75
1803.00	5320.04
1804.00	3758.90
1805.00	2532.46
1806.00	1720.29
1807.00	1160.91
1808.00	1032.18
1809.00	917.49
1810.00	805.14
1811.00	821.53
1812.00	772.38
1813.00	833.23
1814.00	763.01
1815.00	795.78
1816.00	861.32
1817.00	812.17
1818.00	847.27
1819.00	805.14
1820.00	793.44
1821.00	814.51
1822.00	779.40
1823.00	692.80
1824.00	765.36
1825.00	823.87
1826.00	950.26
1827.00	898.77
1828.00	987.71
1829.00	772.38
1830.00	791.10
1831.00	748.97
1832.00	734.93
1833.00	791.10
1834.00	765.36
1835.00	699.82
1836.00	697.48
1837.00	727.91
1838.00	777.06
1839.00	683.44
1840.00	730.25
1841.00	753.65
1842.00	727.91
1843.00	798.12
1844.00	744.29
1845.00	744.29
1846.00	695.14
1847.00	718.54
1848.00	720.88
1849.00	774.72
1850.00	758.33
1851.00	746.63
1852.00	734.93
1853.00	727.91
1854.00	847.27
1855.00	760.67
1856.00	744.29
1857.00	753.65
1858.00	758.33
1859.00	725.57
1860.00	748.97
1861.00	667.05
1862.00	765.36
1863.00	746.63
1864.00	734.93
1865.00	767.70
1866.00	795.78
1867.00	727.91
1868.00	793.44
1869.00	814.51
1870.00	744.29
1871.00	788.76
1872.00	716.20
1873.00	830.89
1874.00	763.01
1875.00	744.29
1876.00	781.74
1877.00	784.08
1878.00	823.87
1879.00	781.74
1880.00	734.93
1881.00	786.42
1882.00	739.61
1883.00	795.78
1884.00	702.16
1885.00	816.85
1886.00	821.53
1887.00	692.80
1888.00	678.76
1889.00	711.52
1890.00	753.65
1891.00	760.67
1892.00	702.16
1893.00	704.50
1894.00	697.48
1895.00	746.63
1896.00	793.44
1897.00	779.40
1898.00	725.57
1899.00	807.48
1900.00	734.93
1901.00	734.93
1902.00	674.07
1903.00	791.10
1904.00	770.04
1905.00	727.91
1906.00	746.63
1907.00	805.14
1908.00	737.27
1909.00	854.30
1910.00	772.38
1911.00	809.83
1912.00	788.76
1913.00	788.76
1914.00	800.46
1915.00	812.17
1916.00	770.04
1917.00	812.17
1918.00	744.29
1919.00	823.87
1920.00	814.51
1921.00	758.33
1922.00	753.65
1923.00	833.23
1924.00	793.44
1925.00	725.57
1926.00	784.08
1927.00	791.10
1928.00	800.46
1929.00	755.99
1930.00	784.08
1931.00	732.59
1932.00	690.46
1933.00	678.76
1934.00	753.65
1935.00	690.46
1936.00	795.78
1937.00	837.91
1938.00	725.57
1939.00	681.10
1940.00	837.91
1941.00	798.12
1942.00	770.04
1943.00	758.33
1944.00	727.91
1945.00	737.27
1946.00	697.48
1947.00	737.27
1948.00	788.76
1949.00	774.72
1950.00	833.23
1951.00	807.48
1952.00	1036.86
1953.00	1998.82
1954.00	4248.07
1955.00	6733.72
1956.00	7639.51
1957.00	5521.32
1958.00	3634.85
1959.00	2319.47
1960.00	1685.19
1961.00	1233.46
1962.00	990.05
1963.00	891.74
1964.00	905.79
1965.00	868.34
1966.00	739.61
1967.00	770.04
1968.00	781.74
1969.00	781.74
1970.00	763.01
1971.00	730.25
1972.00	758.33
1973.00	727.91
1974.00	718.54
1975.00	770.04
1976.00	744.29
1977.00	720.88
1978.00	767.70
1979.00	711.52
1980.00	821.53
1981.00	894.08
1982.00	1142.18
1983.00	1196.01
1984.00	1100.05
1985.00	954.94
1986.00	870.68
1987.00	823.87
1988.00	774.72
1989.00	807.48
1990.00	786.42
1991.00	763.01
1992.00	704.50
1993.00	737.27
1994.00	737.27
1995.00	807.48
1996.00	784.08
1997.00	734.93
1998.00	767.70
1999.00	690.46
2000.00	765.36
2001.00	765.36
2002.00	685.78
2003.00	833.23
2004.00	753.65
2005.00	681.10
2006.00	732.59
2007.00	873.02
2008.00	767.70
2009.00	706.84
2010.00	753.65
2011.00	781.74
2012.00	748.97
2013.00	716.20
2014.00	898.77
2015.00	755.99
2016.00	732.59
2017.00	760.67
2018.00	777.06
2019.00	746.63
2020.00	814.51
2021.00	786.42
2022.00	739.61
2023.00	798.12
2024.00	856.64
2025.00	1004.09
2026.00	1055.58
2027.00	1249.85
2028.00	1069.62
2029.00	1217.08
2030.00	2118.18
2031.00	5844.32
2032.00	10726.68
2033.00	14902.19
2034.00	13387.86
2035.00	9188.94
2036.00	5954.32
2037.00	3803.37
2038.00	2534.80
2039.00	1732.00
2040.00	1238.14
2041.00	1050.90
2042.00	947.92
2043.00	877.70
2044.00	844.93
2045.00	809.83
2046.00	854.30
2047.00	826.21
