0.00	594.50
1.00	594.50
2.00	594.50
3.00	592.16
4.00	521.94
5.00	554.71
6.00	580.45
7.00	643.65
8.00	557.05
9.00	535.98
10.00	573.43
11.00	498.53
12.00	629.60
13.00	606.20
14.00	571.09
15.00	610.88
16.00	531.30
17.00	573.43
18.00	564.07
19.00	601.52
20.00	596.84
21.00	627.26
22.00	587.47
23.00	660.03
24.00	610.88
25.00	596.84
26.00	685.78
27.00	697.48
28.00	681.10
29.00	648.33
30.00	716.20
31.00	697.48
32.00	702.16
33.00	653.01
34.00	734.93
35.00	692.80
36.00	704.50
37.00	765.36
38.00	685.78
39.00	718.54
40.00	702.16
41.00	716.20
42.00	755.99
43.00	823.87
44.00	767.70
45.00	844.93
46.00	695.14
47.00	716.20
48.00	767.70
49.00	755.99
50.00	758.33
51.00	751.31
52.00	779.40
53.00	840.25
54.00	741.95
55.00	774.72
56.00	755.99
57.00	753.65
58.00	784.08
59.00	723.23
60.00	809.83
61.00	713.86
62.00	781.74
63.00	730.25
64.00	734.93
65.00	755.99
66.00	667.05
67.00	758.33
68.00	767.70
69.00	727.91
70.00	664.71
71.00	730.25
72.00	784.08
73.00	713.86
74.00	741.95
75.00	734.93
76.00	664.71
77.00	702.16
78.00	734.93
79.00	770.04
80.00	643.65
81.00	702.16
82.00	760.67
83.00	706.84
84.00	734.93
85.00	718.54
86.00	777.06
87.00	699.82
88.00	688.12
89.00	763.01
90.00	713.86
91.00	741.95
92.00	812.17
93.00	788.76
94.00	730.25
95.00	695.14
96.00	772.38
97.00	685.78
98.00	723.23
99.00	777.06
100.00	716.20
101.00	709.18
102.00	671.73
103.00	751.31
104.00	645.99
105.00	779.40
106.00	730.25
107.00	688.12
108.00	734.93
109.00	748.97
110.00	725.57
111.00	671.73
112.00	704.50
113.00	716.20
114.00	758.33
115.00	716.20
116.00	725.57
117.00	741.95
118.00	730.25
119.00	676.41
120.00	730.25
121.00	732.59
122.00	737.27
123.00	706.84
124.00	688.12
125.00	737.27
126.00	737.27
127.00	716.20
128.00	716.20
129.00	725.57
130.00	748.97
131.00	739.61
132.00	678.76
133.00	713.86
134.00	784.08
135.00	737.27
136.00	823.87
137.00	713.86
138.00	751.31
139.00	697.48
140.00	795.78
141.00	699.82
142.00	688.12
143.00	772.38
144.00	765.36
145.00	763.01
146.00	741.95
147.00	748.97
148.00	751.31
149.00	746.63
150.00	741.95
151.00	704.50
152.00	765.36
153.00	681.10
154.00	753.65
155.00	767.70
156.00	697.48
157.00	793.44
158.00	713.86
159.00	709.18
160.00	674.07
161.00	723.23
162.00	763.01
163.00	767.70
164.00	765.36
165.00	763.01
166.00	781.74
167.00	730.25
168.00	730.25
169.00	767.70
170.00	758.33
171.00	758.33
172.00	737.27
173.00	713.86
174.00	795.78
175.00	748.97
176.00	718.54
177.00	758.33
178.00	739.61
179.00	678.76
180.00	730.25
181.00	802.80
182.00	702.16
183.00	716.20
184.00	704.50
185.00	702.16
186.00	678.76
187.00	725.57
188.00	777.06
189.00	711.52
190.00	716.20
191.00	664.71
192.00	753.65
193.00	777.06
194.00	765.36
195.00	734.93
196.00	826.21
197.00	779.40
198.00	791.10
199.00	795.78
200.00	730.25
201.00	791.10
202.00	744.29
203.00	734.93
204.00	753.65
205.00	781.74
206.00	793.44
207.00	755.99
208.00	777.06
209.00	786.42
210.00	732.59
211.00	793.44
212.00	751.31
213.00	723.23
214.00	725.57
215.00	704.50
216.00	758.33
217.00	791.10
218.00	748.97
219.00	751.31
220.00	746.63
221.00	699.82
222.00	767.70
223.00	770.04
224.00	760.67
225.00	753.65
226.00	765.36
227.00	777.06
228.00	613.22
229.00	655.35
230.00	755.99
231.00	751.31
232.00	791.10
233.00	730.25
234.00	730.25
235.00	781.74
236.00	737.27
237.00	683.44
238.00	823.87
239.00	720.88
240.00	753.65
241.00	727.91
242.00	753.65
243.00	833.23
244.00	713.86
245.00	744.29
246.00	772.38
247.00	608.54
248.00	711.52
249.00	746.63
250.00	781.74
251.00	791.10
252.00	858.98
253.00	755.99
254.00	788.76
255.00	770.04
256.00	767.70
257.00	763.01
258.00	786.42
259.00	737.27
260.00	732.59
261.00	706.84
262.00	760.67
263.00	861.32
264.00	788.76
265.00	695.14
266.00	741.95
267.00	765.36
268.00	835.57
269.00	786.42
270.00	755.99
271.00	725.57
272.00	793.44
273.00	863.66
274.00	802.80
275.00	807.48
276.00	739.61
277.00	753.65
278.00	791.10
279.00	781.74
280.00	755.99
281.00	755.99
282.00	816.85
283.00	765.36
284.00	767.70
285.00	772.38
286.00	739.61
287.00	744.29
288.00	734.93
289.00	798.12
290.00	753.65
291.00	763.01
292.00	765.36
293.00	732.59
294.00	788.76
295.00	720.88
296.00	741.95
297.00	716.20
298.00	692.80
299.00	744.29
300.00	697.48
301.00	781.74
302.00	695.14
303.00	706.84
304.00	833.23
305.00	709.18
306.00	725.57
307.00	809.83
308.00	770.04
309.00	807.48
310.00	826.21
311.00	816.85
312.00	765.36
313.00	755.99
314.00	751.31
315.00	720.88
316.00	746.63
317.00	713.86
318.00	727.91
319.00	767.70
320.00	777.06
321.00	751.31
322.00	744.29
323.00	702.16
324.00	770.04
325.00	854.30
326.00	805.14
327.00	718.54
328.00	823.87
329.00	709.18
330.00	744.29
331.00	730.25
332.00	727.91
333.00	734.93
334.00	734.93
335.00	704.50
336.00	763.01
337.00	774.72
338.00	704.50
339.00	741.95
340.00	746.63
341.00	788.76
342.00	791.10
343.00	772.38
344.00	765.36
345.00	807.48
346.00	821.53
347.00	765.36
348.00	779.40
349.00	734.93
350.00	781.74
351.00	744.29
352.00	751.31
353.00	826.21
354.00	779.40
355.00	777.06
356.00	730.25
357.00	746.63
358.00	779.40
359.00	739.61
360.00	737.27
361.00	744.29
362.00	732.59
363.00	730.25
364.00	725.57
365.00	784.08
366.00	748.97
367.00	744.29
368.00	744.29
369.00	805.14
370.00	730.25
371.00	805.14
372.00	730.25
373.00	734.93
374.00	798.12
375.00	772.38
376.00	809.83
377.00	732.59
378.00	734.93
379.00	737.27
380.00	805.14
381.00	760.67
382.00	713.86
383.00	800.46
384.00	699.82
385.00	758.33
386.00	784.08
387.00	730.25
388.00	720.88
389.00	784.08
390.00	772.38
391.00	709.18
392.00	833.23
393.00	744.29
394.00	786.42
395.00	692.80
396.00	763.01
397.00	774.72
398.00	748.97
399.00	856.64
400.00	786.42
401.00	830.89
402.00	723.23
403.00	706.84
404.00	732.59
405.00	786.42
406.00	777.06
407.00	753.65
408.00	788.76
409.00	727.91
410.00	716.20
411.00	737.27
412.00	784.08
413.00	741.95
414.00	774.72
415.00	737.27
416.00	690.46
417.00	734.93
418.00	814.51
419.00	753.65
420.00	732.59
421.00	732.59
422.00	758.33
423.00	755.99
424.00	798.12
425.00	748.97
426.00	748.97
427.00	802.80
428.00	802.80
429.00	833.23
430.00	788.76
431.00	795.78
432.00	774.72
433.00	692.80
434.00	816.85
435.00	709.18
436.00	751.31
437.00	821.53
438.00	716.20
439.00	779.40
440.00	758.33
441.00	763.01
442.00	802.80
443.00	784.08
444.00	767.70
445.00	772.38
446.00	683.44
447.00	746.63
448.00	732.59
449.00	734.93
450.00	760.67
451.00	734.93
452.00	763.01
453.00	727.91
454.00	706.84
455.00	765.36
456.00	767.70
457.00	805.14
458.00	763.01
459.00	737.27
460.00	725.57
461.00	784.08
462.00	725.57
463.00	711.52
464.00	713.86
465.00	821.53
466.00	788.76
467.00	779.40
468.00	823.87
469.00	793.44
470.00	795.78
471.00	732.59
472.00	732.59
473.00	753.65
474.00	760.67
475.00	739.61
476.00	746.63
477.00	741.95
478.00	737.27
479.00	816.85
480.00	755.99
481.00	718.54
482.00	725.57
483.00	812.17
484.00	720.88
485.00	777.06
486.00	716.20
487.00	758.33
488.00	770.04
489.00	777.06
490.00	781.74
491.00	727.91
492.00	755.99
493.00	802.80
494.00	800.46
495.00	814.51
496.00	765.36
497.00	805.14
498.00	765.36
499.00	774.72
500.00	777.06
501.00	704.50
502.00	809.83
503.00	732.59
504.00	748.97
505.00	751.31
506.00	772.38
507.00	891.74
508.00	791.10
509.00	760.67
510.00	763.01
511.00	786.42
512.00	800.46
513.00	807.48
514.00	713.86
515.00	739.61
516.00	751.31
517.00	819.19
518.00	802.80
519.00	798.12
520.00	765.36
521.00	786.42
522.00	786.42
523.00	779.40
524.00	786.42
525.00	800.46
526.00	821.53
527.00	798.12
528.00	784.08
529.00	793.44
530.00	795.78
531.00	814.51
532.00	767.70
533.00	791.10
534.00	791.10
535.00	809.83
536.00	793.44
537.00	795.78
538.00	812.17
539.00	734.93
540.00	784.08
541.00	763.01
542.00	809.83
543.00	744.29
544.00	784.08
545.00	770.04
546.00	774.72
547.00	713.86
548.00	791.10
549.00	795.78
550.00	784.08
551.00	746.63
552.00	664.71
553.00	674.07
554.00	777.06
555.00	755.99
556.00	760.67
557.00	791.10
558.00	746.63
559.00	711.52
560.00	697.48
561.00	732.59
562.00	748.97
563.00	802.80
564.00	763.01
565.00	732.59
566.00	800.46
567.00	805.14
568.00	760.67
569.00	795.78
570.00	706.84
571.00	772.38
572.00	812.17
573.00	739.61
574.00	837.91
575.00	788.76
576.00	772.38
577.00	753.65
578.00	770.04
579.00	711.52
580.00	748.97
581.00	723.23
582.00	793.44
583.00	763.01
584.00	788.76
585.00	739.61
586.00	851.96
587.00	781.74
588.00	765.36
589.00	751.31
590.00	755.99
591.00	692.80
592.00	727.91
593.00	758.33
594.00	744.29
595.00	809.83
596.00	704.50
597.00	744.29
598.00	774.72
599.00	730.25
600.00	793.44
601.00	760.67
602.00	786.42
603.00	716.20
604.00	767.70
605.00	709.18
606.00	767.70
607.00	786.42
608.00	688.12
609.00	805.14
610.00	713.86
611.00	683.44
612.00	788.76
613.00	777.06
614.00	706.84
615.00	800.46
616.00	739.61
617.00	763.01
618.00	760.67
619.00	788.76
620.00	744.29
621.00	786.42
622.00	826.21
623.00	784.08
624.00	739.61
625.00	727.91
626.00	737.27
627.00	779.40
628.00	774.72
629.00	798.12
630.00	819.19
631.00	809.83
632.00	741.95
633.00	781.74
634.00	746.63
635.00	737.27
636.00	765.36
637.00	760.67
638.00	727.91
639.00	770.04
640.00	828.55
641.00	791.10
642.00	734.93
643.00	777.06
644.00	763.01
645.00	767.70
646.00	777.06
647.00	765.36
648.00	791.10
649.00	802.80
650.00	826.21
651.00	781.74
652.00	795.78
653.00	786.42
654.00	774.72
655.00	798.12
656.00	737.27
657.00	784.08
658.00	772.38
659.00	748.97
660.00	795.78
661.00	791.10
662.00	737.27
663.00	821.53
664.00	791.10
665.00	823.87
666.00	812.17
667.00	763.01
668.00	770.04
669.00	858.98
670.00	784.08
671.00	795.78
672.00	798.12
673.00	807.48
674.00	819.19
675.00	699.82
676.00	798.12
677.00	734.93
678.00	697.48
679.00	777.06
680.00	788.76
681.00	730.25
682.00	781.74
683.00	727.91
684.00	767.70
685.00	763.01
686.00	844.93
687.00	795.78
688.00	788.76
689.00	732.59
690.00	805.14
691.00	812.17
692.00	779.40
693.00	814.51
694.00	802.80
695.00	772.38
696.00	873.02
697.00	858.98
698.00	741.95
699.00	781.74
700.00	720.88
701.00	774.72
702.00	765.36
703.00	802.80
704.00	800.46
705.00	779.40
706.00	788.76
707.00	781.74
708.00	791.10
709.00	826.21
710.00	791.10
711.00	781.74
712.00	718.54
713.00	784.08
714.00	823.87
715.00	760.67
716.00	802.80
717.00	833.23
718.00	793.44
719.00	835.57
720.00	772.38
721.00	835.57
722.00	770.04
723.00	809.83
724.00	788.76
725.00	805.14
726.00	823.87
727.00	800.46
728.00	912.81
729.00	800.46
730.00	835.57
731.00	795.78
732.00	716.20
733.00	774.72
734.00	835.57
735.00	711.52
736.00	732.59
737.00	866.00
738.00	812.17
739.00	805.14
740.00	774.72
741.00	821.53
742.00	807.48
743.00	802.80
744.00	688.12
745.00	849.61
746.00	716.20
747.00	830.89
748.00	732.59
749.00	840.25
750.00	812.17
751.00	744.29
752.00	770.04
753.00	795.78
754.00	819.19
755.00	781.74
756.00	800.46
757.00	856.64
758.00	791.10
759.00	741.95
760.00	814.51
761.00	788.76
762.00	770.04
763.00	812.17
764.00	793.44
765.00	734.93
766.00	840.25
767.00	763.01
768.00	830.89
769.00	781.74
770.00	781.74
771.00	849.61
772.00	842.59
773.00	851.96
774.00	772.38
775.00	842.59
776.00	828.55
777.00	802.80
778.00	816.85
779.00	851.96
780.00	812.17
781.00	851.96
782.00	837.91
783.00	896.43
784.00	866.00
785.00	826.21
786.00	819.19
787.00	772.38
788.00	812.17
789.00	802.80
790.00	807.48
791.00	833.23
792.00	746.63
793.00	823.87
794.00	805.14
795.00	814.51
796.00	730.25
797.00	812.17
798.00	837.91
799.00	854.30
800.00	854.30
801.00	781.74
802.00	770.04
803.00	774.72
804.00	847.27
805.00	793.44
806.00	847.27
807.00	779.40
808.00	779.40
809.00	910.47
810.00	821.53
811.00	819.19
812.00	727.91
813.00	793.44
814.00	800.46
815.00	826.21
816.00	781.74
817.00	816.85
818.00	814.51
819.00	767.70
820.00	828.55
821.00	844.93
822.00	767.70
823.00	835.57
824.00	833.23
825.00	837.91
826.00	830.89
827.00	830.89
828.00	835.57
829.00	779.40
830.00	770.04
831.00	816.85
832.00	795.78
833.00	866.00
834.00	877.70
835.00	772.38
836.00	910.47
837.00	849.61
838.00	765.36
839.00	896.43
840.00	830.89
841.00	809.83
842.00	805.14
843.00	751.31
844.00	854.30
845.00	821.53
846.00	779.40
847.00	788.76
848.00	823.87
849.00	763.01
850.00	823.87
851.00	809.83
852.00	744.29
853.00	842.59
854.00	765.36
855.00	770.04
856.00	870.68
857.00	814.51
858.00	793.44
859.00	884.72
860.00	812.17
861.00	786.42
862.00	763.01
863.00	770.04
864.00	889.40
865.00	746.63
866.00	807.48
867.00	788.76
868.00	821.53
869.00	821.53
870.00	861.32
871.00	814.51
872.00	793.44
873.00	833.23
874.00	891.74
875.00	767.70
876.00	823.87
877.00	844.93
878.00	812.17
879.00	828.55
880.00	814.51
881.00	772.38
882.00	840.25
883.00	758.33
884.00	784.08
885.00	781.74
886.00	826.21
887.00	805.14
888.00	807.48
889.00	858.98
890.00	849.61
891.00	823.87
892.00	814.51
893.00	866.00
894.00	875.36
895.00	777.06
896.00	732.59
897.00	851.96
898.00	889.40
899.00	798.12
900.00	732.59
901.00	870.68
902.00	847.27
903.00	861.32
904.00	858.98
905.00	882.38
906.00	999.41
907.00	1022.81
908.00	950.26
909.00	936.21
910.00	887.06
911.00	887.06
912.00	973.66
913.00	1015.79
914.00	964.30
915.00	938.55
916.00	877.70
917.00	971.32
918.00	901.11
919.00	947.92
920.00	795.78
921.00	833.23
922.00	863.66
923.00	833.23
924.00	809.83
925.00	863.66
926.00	830.89
927.00	741.95
928.00	837.91
929.00	856.64
930.00	821.53
931.00	791.10
932.00	744.29
933.00	786.42
934.00	809.83
935.00	835.57
936.00	784.08
937.00	816.85
938.00	788.76
939.00	807.48
940.00	903.45
941.00	873.02
942.00	882.38
943.00	828.55
944.00	821.53
945.00	861.32
946.00	1188.99
947.00	1715.61
948.00	2132.23
949.00	1900.52
950.00	1619.65
951.00	1409.00
952.00	1343.47
953.00	1107.07
954.00	884.72
955.00	905.79
956.00	847.27
957.00	816.85
958.00	933.87
959.00	835.57
960.00	889.40
961.00	837.91
962.00	805.14
963.00	887.06
964.00	826.21
965.00	802.80
966.00	788.76
967.00	854.30
968.00	819.19
969.00	798.12
970.00	819.19
971.00	821.53
972.00	821.53
973.00	798.12
974.00	805.14
975.00	816.85
976.00	730.25
977.00	847.27
978.00	868.34
979.00	830.89
980.00	800.46
981.00	844.93
982.00	816.85
983.00	793.44
984.00	763.01
985.00	887.06
986.00	816.85
987.00	924.51
988.00	779.40
989.00	819.19
990.00	837.91
991.00	833.23
992.00	866.00
993.00	784.08
994.00	807.48
995.00	842.59
996.00	779.40
997.00	777.06
998.00	821.53
999.00	847.27
1000.00	777.06
1001.00	765.36
1002.00	779.40
1003.00	779.40
1004.00	851.96
1005.00	844.93
1006.00	894.08
1007.00	891.74
1008.00	842.59
1009.00	873.02
1010.00	823.87
1011.00	814.51
1012.00	814.51
1013.00	784.08
1014.00	758.33
1015.00	891.74
1016.00	805.14
1017.00	716.20
1018.00	835.57
1019.00	774.72
1020.00	706.84
1021.00	748.97
1022.00	842.59
1023.00	791.10
1024.00	788.76
1025.00	748.97
1026.00	777.06
1027.00	840.25
1028.00	809.83
1029.00	751.31
1030.00	744.29
1031.00	819.19
1032.00	758.33
1033.00	774.72
1034.00	828.55
1035.00	830.89
1036.00	816.85
1037.00	779.40
1038.00	823.87
1039.00	814.51
1040.00	896.43
1041.00	847.27
1042.00	739.61
1043.00	847.27
1044.00	851.96
1045.00	821.53
1046.00	894.08
1047.00	926.85
1048.00	767.70
1049.00	842.59
1050.00	737.27
1051.00	882.38
1052.00	788.76
1053.00	849.61
1054.00	828.55
1055.00	805.14
1056.00	781.74
1057.00	737.27
1058.00	870.68
1059.00	802.80
1060.00	760.67
1061.00	889.40
1062.00	830.89
1063.00	767.70
1064.00	856.64
1065.00	849.61
1066.00	835.57
1067.00	847.27
1068.00	851.96
1069.00	763.01
1070.00	793.44
1071.00	896.43
1072.00	816.85
1073.00	809.83
1074.00	842.59
1075.00	812.17
1076.00	812.17
1077.00	809.83
1078.00	798.12
1079.00	830.89
1080.00	854.30
1081.00	823.87
1082.00	821.53
1083.00	809.83
1084.00	816.85
1085.00	746.63
1086.00	809.83
1087.00	870.68
1088.00	816.85
1089.00	777.06
1090.00	933.87
1091.00	854.30
1092.00	814.51
1093.00	814.51
1094.00	835.57
1095.00	842.59
1096.00	858.98
1097.00	748.97
1098.00	814.51
1099.00	809.83
1100.00	805.14
1101.00	807.48
1102.00	915.15
1103.00	833.23
1104.00	880.04
1105.00	896.43
1106.00	938.55
1107.00	739.61
1108.00	882.38
1109.00	866.00
1110.00	823.87
1111.00	840.25
1112.00	835.57
1113.00	748.97
1114.00	767.70
1115.00	767.70
1116.00	800.46
1117.00	828.55
1118.00	763.01
1119.00	802.80
1120.00	765.36
1121.00	807.48
1122.00	856.64
1123.00	912.81
1124.00	786.42
1125.00	765.36
1126.00	805.14
1127.00	875.36
1128.00	837.91
1129.00	880.04
1130.00	861.32
1131.00	809.83
1132.00	784.08
1133.00	823.87
1134.00	784.08
1135.00	758.33
1136.00	781.74
1137.00	856.64
1138.00	840.25
1139.00	828.55
1140.00	936.21
1141.00	858.98
1142.00	861.32
1143.00	891.74
1144.00	861.32
1145.00	856.64
1146.00	723.23
1147.00	781.74
1148.00	898.77
1149.00	805.14
1150.00	847.27
1151.00	873.02
1152.00	837.91
1153.00	814.51
1154.00	828.55
1155.00	737.27
1156.00	807.48
1157.00	877.70
1158.00	912.81
1159.00	959.62
1160.00	868.34
1161.00	861.32
1162.00	943.24
1163.00	896.43
1164.00	823.87
1165.00	924.51
1166.00	861.32
1167.00	1097.71
1168.00	1238.14
1169.00	1268.57
1170.00	1144.52
1171.00	1055.58
1172.00	1027.50
1173.00	1121.12
1174.00	976.00
1175.00	880.04
1176.00	917.49
1177.00	905.79
1178.00	903.45
1179.00	814.51
1180.00	819.19
1181.00	807.48
1182.00	840.25
1183.00	877.70
1184.00	912.81
1185.00	950.26
1186.00	882.38
1187.00	910.47
1188.00	889.40
1189.00	887.06
1190.00	940.90
1191.00	910.47
1192.00	929.19
1193.00	985.37
1194.00	983.02
1195.00	931.53
1196.00	1046.22
1197.00	915.15
1198.00	971.32
1199.00	980.68
1200.00	1006.43
1201.00	945.58
1202.00	1242.82
1203.00	1245.16
1204.00	1193.67
1205.00	1224.10
1206.00	1088.35
1207.00	992.39
1208.00	1123.46
1209.00	1130.48
1210.00	1097.71
1211.00	1050.90
1212.00	1036.86
1213.00	1076.65
1214.00	1076.65
1215.00	1224.10
1216.00	1284.95
1217.00	1493.26
1218.00	1584.54
1219.00	1874.77
1220.00	3609.11
1221.00	19126.86
1222.00	52786.10
1223.00	65535.00
1224.00	65535.00
1225.00	58302.74
1226.00	46387.08
1227.00	35047.18
1228.00	28226.86
1229.00	20421.17
1230.00	9626.62
1231.00	4063.17
1232.00	2253.94
1233.00	1659.44
1234.00	1535.39
1235.00	1334.11
1236.00	1390.28
1237.00	1291.98
1238.00	1172.61
1239.00	1600.93
1240.00	3356.33
1241.00	6008.16
1242.00	7405.46
1243.00	6221.14
1244.00	4713.84
1245.00	3435.91
1246.00	2988.86
1247.00	2551.18
1248.00	1905.20
1249.00	1301.34
1250.00	1102.39
1251.00	936.21
1252.00	987.71
1253.00	1032.18
1254.00	1053.24
1255.00	1064.94
1256.00	1020.47
1257.00	1034.52
1258.00	938.55
1259.00	1020.47
1260.00	992.39
1261.00	1046.22
1262.00	1004.09
1263.00	959.62
1264.00	908.13
1265.00	926.85
1266.00	936.21
1267.00	985.37
1268.00	924.51
1269.00	976.00
1270.00	894.08
1271.00	901.11
1272.00	889.40
1273.00	868.34
1274.00	933.87
1275.00	882.38
1276.00	964.30
1277.00	980.68
1278.00	1050.90
1279.00	2429.48
1280.00	6459.88
1281.00	11178.40
1282.00	12975.93
1283.00	9748.33
1284.00	7112.89
1285.00	5378.55
1286.00	4629.58
1287.00	3709.75
1288.00	2300.75
1289.00	1404.32
1290.00	1032.18
1291.00	999.41
1292.00	922.17
1293.00	961.96
1294.00	1039.20
1295.00	966.64
1296.00	954.94
1297.00	959.62
1298.00	1015.79
1299.00	1647.74
1300.00	2588.63
1301.00	3372.71
1302.00	3133.98
1303.00	2630.76
1304.00	1952.01
1305.00	1769.44
1306.00	1549.43
1307.00	1413.68
1308.00	1088.35
1309.00	1020.47
1310.00	976.00
1311.00	903.45
1312.00	873.02
1313.00	882.38
1314.00	976.00
1315.00	854.30
1316.00	880.04
1317.00	908.13
1318.00	889.40
1319.00	837.91
1320.00	908.13
1321.00	828.55
1322.00	814.51
1323.00	821.53
1324.00	847.27
1325.00	908.13
1326.00	915.15
1327.00	866.00
1328.00	833.23
1329.00	835.57
1330.00	788.76
1331.00	933.87
1332.00	908.13
1333.00	1032.18
1334.00	1844.34
1335.00	2796.94
1336.00	3751.88
1337.00	3412.50
1338.00	2703.32
1339.00	2047.97
1340.00	1767.10
1341.00	1582.20
1342.00	1336.45
1343.00	1053.24
1344.00	954.94
1345.00	866.00
1346.00	898.77
1347.00	891.74
1348.00	894.08
1349.00	896.43
1350.00	947.92
1351.00	924.51
1352.00	938.55
1353.00	849.61
1354.00	835.57
1355.00	835.57
1356.00	887.06
1357.00	887.06
1358.00	905.79
1359.00	842.59
1360.00	1006.43
1361.00	1048.56
1362.00	2354.58
1363.00	5872.40
1364.00	9741.31
1365.00	10558.16
1366.00	8135.70
1367.00	6050.28
1368.00	4571.07
1369.00	3775.28
1370.00	3052.06
1371.00	2017.54
1372.00	1441.77
1373.00	1114.10
1374.00	1186.65
1375.00	1252.19
1376.00	3056.74
1377.00	9027.45
1378.00	16386.09
1379.00	19276.65
1380.00	14597.92
1381.00	10303.04
1382.00	7576.31
1383.00	6183.70
1384.00	5032.15
1385.00	2942.05
1386.00	1610.29
1387.00	1137.50
1388.00	994.73
1389.00	908.13
1390.00	1006.43
1391.00	903.45
1392.00	938.55
1393.00	908.13
1394.00	929.19
1395.00	961.96
1396.00	919.83
1397.00	957.28
1398.00	1125.80
1399.00	1303.68
1400.00	1383.26
1401.00	1320.06
1402.00	1210.06
1403.00	1170.27
1404.00	1266.23
1405.00	1275.59
1406.00	2148.61
1407.00	8538.27
1408.00	21195.89
1409.00	31754.05
1410.00	28166.01
1411.00	20088.82
1412.00	13689.79
1413.00	10534.75
1414.00	8575.72
1415.00	5781.12
1416.00	2923.33
1417.00	1732.00
1418.00	1261.55
1419.00	1170.27
1420.00	1930.94
1421.00	4390.84
1422.00	7267.36
1423.00	8306.56
1424.00	6312.42
1425.00	4477.44
1426.00	3428.88
1427.00	2904.60
1428.00	2349.90
1429.00	1678.16
1430.00	1116.44
1431.00	1004.09
1432.00	943.24
1433.00	1039.20
1434.00	910.47
1435.00	912.81
1436.00	964.30
1437.00	957.28
1438.00	912.81
1439.00	908.13
1440.00	847.27
1441.00	875.36
1442.00	854.30
1443.00	819.19
1444.00	858.98
1445.00	837.91
1446.00	919.83
1447.00	835.57
1448.00	854.30
1449.00	870.68
1450.00	844.93
1451.00	833.23
1452.00	823.87
1453.00	917.49
1454.00	873.02
1455.00	1317.72
1456.00	2670.55
1457.00	4346.37
1458.00	5369.19
1459.00	4308.93
1460.00	3267.39
1461.00	2602.68
1462.00	2073.71
1463.00	1895.83
1464.00	1357.51
1465.00	1008.77
1466.00	882.38
1467.00	884.72
1468.00	837.91
1469.00	887.06
1470.00	854.30
1471.00	798.12
1472.00	849.61
1473.00	758.33
1474.00	851.96
1475.00	844.93
1476.00	866.00
1477.00	835.57
1478.00	880.04
1479.00	851.96
1480.00	814.51
1481.00	861.32
1482.00	896.43
1483.00	858.98
1484.00	938.55
1485.00	873.02
1486.00	997.07
1487.00	1193.67
1488.00	3749.54
1489.00	9621.94
1490.00	15728.40
1491.00	16077.14
1492.00	11534.16
1493.00	8334.65
1494.00	6076.03
1495.00	5013.43
1496.00	3576.34
1497.00	2104.14
1498.00	1334.11
1499.00	1067.28
1500.00	922.17
1501.00	910.47
1502.00	875.36
1503.00	898.77
1504.00	912.81
1505.00	873.02
1506.00	816.85
1507.00	826.21
1508.00	851.96
1509.00	910.47
1510.00	873.02
1511.00	814.51
1512.00	861.32
1513.00	1116.44
1514.00	2162.66
1515.00	3749.54
1516.00	4800.44
1517.00	4016.36
1518.00	3009.93
1519.00	2361.60
1520.00	1959.03
1521.00	1729.66
1522.00	1280.27
1523.00	1078.99
1524.00	905.79
1525.00	922.17
1526.00	915.15
1527.00	933.87
1528.00	873.02
1529.00	868.34
1530.00	917.49
1531.00	1008.77
1532.00	1027.50
1533.00	2047.97
1534.00	5317.70
1535.00	9657.05
1536.00	12035.03
1537.00	9202.99
1538.00	6434.13
1539.00	4683.41
1540.00	3861.88
1541.00	3112.91
1542.00	2005.84
1543.00	1362.19
1544.00	1025.15
1545.00	854.30
1546.00	936.21
1547.00	931.53
1548.00	950.26
1549.00	943.24
1550.00	835.57
1551.00	851.96
1552.00	851.96
1553.00	901.11
1554.00	924.51
1555.00	954.94
1556.00	919.83
1557.00	847.27
1558.00	908.13
1559.00	887.06
1560.00	952.60
1561.00	896.43
1562.00	947.92
1563.00	964.30
1564.00	1046.22
1565.00	1434.75
1566.00	4461.06
1567.00	11955.46
1568.00	20121.59
1569.00	20812.04
1570.00	14754.74
1571.00	10607.31
1572.00	7641.85
1573.00	6258.59
1574.00	4292.54
1575.00	2621.40
1576.00	1675.82
1577.00	1373.89
1578.00	1757.74
1579.00	6607.33
1580.00	18518.32
1581.00	31599.57
1582.00	33813.72
1583.00	24030.28
1584.00	16767.60
1585.00	11894.60
1586.00	9846.63
1587.00	6633.08
1588.00	3616.13
1589.00	1923.92
1590.00	1343.47
1591.00	1114.10
1592.00	1039.20
1593.00	943.24
1594.00	950.26
1595.00	971.32
1596.00	809.83
1597.00	858.98
1598.00	858.98
1599.00	849.61
1600.00	898.77
1601.00	833.23
1602.00	788.76
1603.00	901.11
1604.00	926.85
1605.00	774.72
1606.00	870.68
1607.00	922.17
1608.00	802.80
1609.00	922.17
1610.00	837.91
1611.00	866.00
1612.00	816.85
1613.00	849.61
1614.00	784.08
1615.00	821.53
1616.00	746.63
1617.00	849.61
1618.00	819.19
1619.00	833.23
1620.00	699.82
1621.00	828.55
1622.00	863.66
1623.00	908.13
1624.00	875.36
1625.00	821.53
1626.00	800.46
1627.00	755.99
1628.00	875.36
1629.00	863.66
1630.00	844.93
1631.00	802.80
1632.00	809.83
1633.00	800.46
1634.00	887.06
1635.00	828.55
1636.00	828.55
1637.00	774.72
1638.00	793.44
1639.00	833.23
1640.00	807.48
1641.00	842.59
1642.00	919.83
1643.00	833.23
1644.00	875.36
1645.00	929.19
1646.00	828.55
1647.00	875.36
1648.00	882.38
1649.00	1123.46
1650.00	2576.93
1651.00	7845.48
1652.00	14637.71
1653.00	18129.79
1654.00	14228.12
1655.00	10178.99
1656.00	7368.01
1657.00	5643.03
1658.00	4072.53
1659.00	2490.33
1660.00	1556.46
1661.00	1053.24
1662.00	971.32
1663.00	903.45
1664.00	894.08
1665.00	905.79
1666.00	917.49
1667.00	929.19
1668.00	1256.87
1669.00	2827.37
1670.00	4887.04
1671.00	6523.07
1672.00	5734.31
1673.00	4224.67
1674.00	3286.11
1675.00	2553.52
1676.00	2073.71
1677.00	1495.60
1678.00	1086.01
1679.00	938.55
1680.00	856.64
1681.00	807.48
1682.00	912.81
1683.00	830.89
1684.00	847.27
1685.00	814.51
1686.00	779.40
1687.00	781.74
1688.00	819.19
1689.00	779.40
1690.00	781.74
1691.00	748.97
1692.00	844.93
1693.00	716.20
1694.00	720.88
1695.00	798.12
1696.00	793.44
1697.00	795.78
1698.00	887.06
1699.00	793.44
1700.00	798.12
1701.00	755.99
1702.00	842.59
1703.00	781.74
1704.00	807.48
1705.00	774.72
1706.00	833.23
1707.00	837.91
1708.00	795.78
1709.00	807.48
1710.00	851.96
1711.00	849.61
1712.00	847.27
1713.00	877.70
1714.00	1504.96
1715.00	3655.92
1716.00	6729.04
1717.00	8910.42
1718.00	7747.17
1719.00	5935.60
1720.00	4360.42
1721.00	3386.76
1722.00	2490.33
1723.00	1739.02
1724.00	1177.29
1725.00	968.98
1726.00	976.00
1727.00	858.98
1728.00	910.47
1729.00	828.55
1730.00	816.85
1731.00	746.63
1732.00	901.11
1733.00	795.78
1734.00	805.14
1735.00	788.76
1736.00	709.18
1737.00	828.55
1738.00	770.04
1739.00	835.57
1740.00	800.46
1741.00	816.85
1742.00	746.63
1743.00	828.55
1744.00	784.08
1745.00	779.40
1746.00	786.42
1747.00	809.83
1748.00	807.48
1749.00	798.12
1750.00	786.42
1751.00	840.25
1752.00	798.12
1753.00	842.59
1754.00	819.19
1755.00	840.25
1756.00	798.12
1757.00	802.80
1758.00	823.87
1759.00	828.55
1760.00	772.38
1761.00	816.85
1762.00	812.17
1763.00	837.91
1764.00	863.66
1765.00	866.00
1766.00	866.00
1767.00	894.08
1768.00	866.00
1769.00	1032.18
1770.00	2132.23
1771.00	6104.12
1772.00	11536.50
1773.00	15353.91
1774.00	13324.67
1775.00	9879.40
1776.00	7250.98
1777.00	5135.14
1778.00	3400.80
1779.00	2115.84
1780.00	1409.00
1781.00	1160.91
1782.00	1027.50
1783.00	938.55
1784.00	959.62
1785.00	863.66
1786.00	861.32
1787.00	842.59
1788.00	814.51
1789.00	793.44
1790.00	802.80
1791.00	795.78
1792.00	826.21
1793.00	884.72
1794.00	922.17
1795.00	875.36
1796.00	884.72
1797.00	1046.22
1798.00	2396.71
1799.00	5280.25
1800.00	8526.57
1801.00	10090.05
1802.00	7932.08
1803.00	5731.97
1804.00	4224.67
1805.00	2869.50
1806.00	1914.56
1807.00	1338.79
1808.00	1067.28
1809.00	954.94
1810.00	898.77
1811.00	889.40
1812.00	826.21
1813.00	922.17
1814.00	842.59
1815.00	823.87
1816.00	800.46
1817.00	828.55
1818.00	814.51
1819.00	781.74
1820.00	821.53
1821.00	788.76
1822.00	823.87
1823.00	732.59
1824.00	814.51
1825.00	882.38
1826.00	884.72
1827.00	929.19
1828.00	938.55
1829.00	788.76
1830.00	795.78
1831.00	805.14
1832.00	730.25
1833.00	837.91
1834.00	718.54
1835.00	791.10
1836.00	786.42
1837.00	826.21
1838.00	763.01
1839.00	847.27
1840.00	781.74
1841.00	748.97
1842.00	727.91
1843.00	791.10
1844.00	819.19
1845.00	788.76
1846.00	748.97
1847.00	765.36
1848.00	765.36
1849.00	830.89
1850.00	758.33
1851.00	772.38
1852.00	809.83
1853.00	730.25
1854.00	744.29
1855.00	774.72
1856.00	716.20
1857.00	816.85
1858.00	784.08
1859.00	748.97
1860.00	779.40
1861.00	741.95
1862.00	786.42
1863.00	760.67
1864.00	800.46
1865.00	814.51
1866.00	732.59
1867.00	760.67
1868.00	744.29
1869.00	763.01
1870.00	791.10
1871.00	816.85
1872.00	713.86
1873.00	746.63
1874.00	774.72
1875.00	730.25
1876.00	767.70
1877.00	755.99
1878.00	809.83
1879.00	791.10
1880.00	734.93
1881.00	802.80
1882.00	730.25
1883.00	741.95
1884.00	678.76
1885.00	784.08
1886.00	805.14
1887.00	732.59
1888.00	842.59
1889.00	758.33
1890.00	800.46
1891.00	788.76
1892.00	734.93
1893.00	791.10
1894.00	760.67
1895.00	737.27
1896.00	744.29
1897.00	758.33
1898.00	753.65
1899.00	739.61
1900.00	763.01
1901.00	812.17
1902.00	786.42
1903.00	791.10
1904.00	779.40
1905.00	751.31
1906.00	772.38
1907.00	805.14
1908.00	779.40
1909.00	755.99
1910.00	798.12
1911.00	826.21
1912.00	866.00
1913.00	905.79
1914.00	812.17
1915.00	793.44
1916.00	795.78
1917.00	779.40
1918.00	795.78
1919.00	791.10
1920.00	770.04
1921.00	774.72
1922.00	816.85
1923.00	851.96
1924.00	758.33
1925.00	765.36
1926.00	784.08
1927.00	739.61
1928.00	763.01
1929.00	746.63
1930.00	744.29
1931.00	763.01
1932.00	833.23
1933.00	880.04
1934.00	767.70
1935.00	737.27
1936.00	800.46
1937.00	753.65
1938.00	798.12
1939.00	755.99
1940.00	802.80
1941.00	837.91
1942.00	702.16
1943.00	763.01
1944.00	758.33
1945.00	772.38
1946.00	753.65
1947.00	716.20
1948.00	732.59
1949.00	849.61
1950.00	816.85
1951.00	861.32
1952.00	1015.79
1953.00	2246.91
1954.00	4805.12
1955.00	7669.94
1956.00	8559.34
1957.00	6286.68
1958.00	4152.11
1959.00	2565.23
1960.00	1699.23
1961.00	1348.15
1962.00	1135.16
1963.00	952.60
1964.00	844.93
1965.00	849.61
1966.00	847.27
1967.00	786.42
1968.00	816.85
1969.00	770.04
1970.00	819.19
1971.00	767.70
1972.00	755.99
1973.00	800.46
1974.00	837.91
1975.00	765.36
1976.00	833.23
1977.00	716.20
1978.00	711.52
1979.00	763.01
1980.00	858.98
1981.00	966.64
1982.00	1198.35
1983.00	1296.66
1984.00	1046.22
1985.00	1004.09
1986.00	940.90
1987.00	842.59
1988.00	882.38
1989.00	746.63
1990.00	828.55
1991.00	751.31
1992.00	807.48
1993.00	800.46
1994.00	758.33
1995.00	758.33
1996.00	737.27
1997.00	791.10
1998.00	873.02
1999.00	748.97
2000.00	781.74
2001.00	765.36
2002.00	802.80
2003.00	844.93
2004.00	788.76
2005.00	746.63
2006.00	795.78
2007.00	730.25
2008.00	805.14
2009.00	746.63
2010.00	821.53
2011.00	821.53
2012.00	748.97
2013.00	791.10
2014.00	734.93
2015.00	760.67
2016.00	697.48
2017.00	702.16
2018.00	699.82
2019.00	856.64
2020.00	809.83
2021.00	791.10
2022.00	873.02
2023.00	828.55
2024.00	882.38
2025.00	1055.58
2026.00	1179.63
2027.00	1273.25
2028.00	1266.23
2029.00	1111.75
2030.00	2246.91
2031.00	6525.41
2032.00	12264.41
2033.00	16966.54
2034.00	15644.14
2035.00	10125.16
2036.00	6731.38
2037.00	4280.84
2038.00	2722.04
2039.00	1844.34
2040.00	1266.23
2041.00	1083.67
2042.00	922.17
2043.00	805.14
2044.00	905.79
2045.00	905.79
2046.00	798.12
2047.00	816.85
