0.00	690.46
1.00	690.46
2.00	690.46
3.00	613.22
4.00	601.52
5.00	596.84
6.00	528.96
7.00	564.07
8.00	578.11
9.00	582.79
10.00	589.82
11.00	510.24
12.00	498.53
13.00	500.87
14.00	526.62
15.00	608.54
16.00	552.37
17.00	566.41
18.00	669.39
19.00	664.71
20.00	596.84
21.00	599.18
22.00	685.78
23.00	629.60
24.00	638.97
25.00	716.20
26.00	587.47
27.00	671.73
28.00	704.50
29.00	664.71
30.00	716.20
31.00	671.73
32.00	688.12
33.00	732.59
34.00	683.44
35.00	800.46
36.00	690.46
37.00	716.20
38.00	760.67
39.00	751.31
40.00	748.97
41.00	706.84
42.00	847.27
43.00	786.42
44.00	725.57
45.00	786.42
46.00	692.80
47.00	774.72
48.00	755.99
49.00	732.59
50.00	772.38
51.00	720.88
52.00	676.41
53.00	685.78
54.00	692.80
55.00	765.36
56.00	753.65
57.00	741.95
58.00	823.87
59.00	741.95
60.00	692.80
61.00	704.50
62.00	662.37
63.00	830.89
64.00	819.19
65.00	699.82
66.00	692.80
67.00	821.53
68.00	758.33
69.00	711.52
70.00	678.76
71.00	732.59
72.00	760.67
73.00	786.42
74.00	692.80
75.00	650.67
76.00	786.42
77.00	725.57
78.00	791.10
79.00	720.88
80.00	711.52
81.00	758.33
82.00	713.86
83.00	814.51
84.00	683.44
85.00	688.12
86.00	760.67
87.00	662.37
88.00	711.52
89.00	723.23
90.00	725.57
91.00	706.84
92.00	791.10
93.00	779.40
94.00	678.76
95.00	723.23
96.00	711.52
97.00	655.35
98.00	697.48
99.00	772.38
100.00	758.33
101.00	737.27
102.00	655.35
103.00	706.84
104.00	779.40
105.00	678.76
106.00	770.04
107.00	702.16
108.00	772.38
109.00	720.88
110.00	732.59
111.00	704.50
112.00	674.07
113.00	716.20
114.00	713.86
115.00	800.46
116.00	655.35
117.00	753.65
118.00	690.46
119.00	746.63
120.00	692.80
121.00	657.69
122.00	737.27
123.00	748.97
124.00	730.25
125.00	727.91
126.00	730.25
127.00	737.27
128.00	760.67
129.00	718.54
130.00	805.14
131.00	667.05
132.00	760.67
133.00	697.48
134.00	716.20
135.00	713.86
136.00	823.87
137.00	741.95
138.00	746.63
139.00	671.73
140.00	819.19
141.00	767.70
142.00	770.04
143.00	718.54
144.00	678.76
145.00	770.04
146.00	741.95
147.00	741.95
148.00	814.51
149.00	777.06
150.00	751.31
151.00	706.84
152.00	755.99
153.00	723.23
154.00	772.38
155.00	777.06
156.00	667.05
157.00	744.29
158.00	702.16
159.00	746.63
160.00	709.18
161.00	758.33
162.00	725.57
163.00	777.06
164.00	657.69
165.00	734.93
166.00	732.59
167.00	774.72
168.00	748.97
169.00	678.76
170.00	727.91
171.00	753.65
172.00	718.54
173.00	748.97
174.00	767.70
175.00	727.91
176.00	739.61
177.00	678.76
178.00	681.10
179.00	730.25
180.00	716.20
181.00	709.18
182.00	695.14
183.00	699.82
184.00	676.41
185.00	744.29
186.00	737.27
187.00	720.88
188.00	758.33
189.00	718.54
190.00	697.48
191.00	718.54
192.00	788.76
193.00	681.10
194.00	763.01
195.00	718.54
196.00	763.01
197.00	746.63
198.00	758.33
199.00	802.80
200.00	791.10
201.00	741.95
202.00	683.44
203.00	713.86
204.00	709.18
205.00	695.14
206.00	741.95
207.00	683.44
208.00	704.50
209.00	784.08
210.00	732.59
211.00	774.72
212.00	805.14
213.00	772.38
214.00	737.27
215.00	695.14
216.00	741.95
217.00	739.61
218.00	774.72
219.00	753.65
220.00	760.67
221.00	720.88
222.00	741.95
223.00	685.78
224.00	739.61
225.00	777.06
226.00	669.39
227.00	678.76
228.00	697.48
229.00	763.01
230.00	734.93
231.00	755.99
232.00	706.84
233.00	763.01
234.00	777.06
235.00	765.36
236.00	763.01
237.00	713.86
238.00	723.23
239.00	732.59
240.00	704.50
241.00	767.70
242.00	730.25
243.00	741.95
244.00	723.23
245.00	690.46
246.00	688.12
247.00	709.18
248.00	772.38
249.00	755.99
250.00	777.06
251.00	667.05
252.00	706.84
253.00	833.23
254.00	711.52
255.00	615.56
256.00	844.93
257.00	753.65
258.00	746.63
259.00	748.97
260.00	802.80
261.00	781.74
262.00	755.99
263.00	697.48
264.00	819.19
265.00	784.08
266.00	800.46
267.00	746.63
268.00	819.19
269.00	772.38
270.00	741.95
271.00	772.38
272.00	741.95
273.00	805.14
274.00	812.17
275.00	809.83
276.00	753.65
277.00	786.42
278.00	767.70
279.00	706.84
280.00	751.31
281.00	793.44
282.00	809.83
283.00	713.86
284.00	748.97
285.00	716.20
286.00	713.86
287.00	699.82
288.00	753.65
289.00	779.40
290.00	676.41
291.00	725.57
292.00	725.57
293.00	788.76
294.00	751.31
295.00	753.65
296.00	737.27
297.00	751.31
298.00	727.91
299.00	805.14
300.00	767.70
301.00	774.72
302.00	763.01
303.00	720.88
304.00	678.76
305.00	767.70
306.00	706.84
307.00	737.27
308.00	830.89
309.00	788.76
310.00	830.89
311.00	746.63
312.00	781.74
313.00	802.80
314.00	711.52
315.00	674.07
316.00	748.97
317.00	753.65
318.00	849.61
319.00	758.33
320.00	739.61
321.00	648.33
322.00	734.93
323.00	793.44
324.00	739.61
325.00	695.14
326.00	781.74
327.00	744.29
328.00	851.96
329.00	744.29
330.00	734.93
331.00	809.83
332.00	786.42
333.00	746.63
334.00	772.38
335.00	720.88
336.00	711.52
337.00	760.67
338.00	683.44
339.00	856.64
340.00	774.72
341.00	854.30
342.00	812.17
343.00	763.01
344.00	716.20
345.00	741.95
346.00	763.01
347.00	751.31
348.00	784.08
349.00	791.10
350.00	816.85
351.00	908.13
352.00	816.85
353.00	828.55
354.00	772.38
355.00	793.44
356.00	791.10
357.00	805.14
358.00	781.74
359.00	748.97
360.00	746.63
361.00	816.85
362.00	802.80
363.00	723.23
364.00	798.12
365.00	758.33
366.00	725.57
367.00	734.93
368.00	739.61
369.00	723.23
370.00	734.93
371.00	697.48
372.00	702.16
373.00	725.57
374.00	678.76
375.00	779.40
376.00	758.33
377.00	760.67
378.00	774.72
379.00	765.36
380.00	732.59
381.00	774.72
382.00	772.38
383.00	758.33
384.00	781.74
385.00	746.63
386.00	699.82
387.00	774.72
388.00	774.72
389.00	751.31
390.00	660.03
391.00	791.10
392.00	711.52
393.00	727.91
394.00	734.93
395.00	748.97
396.00	777.06
397.00	767.70
398.00	784.08
399.00	711.52
400.00	711.52
401.00	727.91
402.00	763.01
403.00	748.97
404.00	774.72
405.00	770.04
406.00	760.67
407.00	751.31
408.00	664.71
409.00	702.16
410.00	746.63
411.00	737.27
412.00	730.25
413.00	777.06
414.00	751.31
415.00	702.16
416.00	755.99
417.00	737.27
418.00	706.84
419.00	772.38
420.00	718.54
421.00	709.18
422.00	781.74
423.00	683.44
424.00	732.59
425.00	795.78
426.00	816.85
427.00	706.84
428.00	781.74
429.00	697.48
430.00	755.99
431.00	699.82
432.00	711.52
433.00	741.95
434.00	737.27
435.00	739.61
436.00	746.63
437.00	695.14
438.00	734.93
439.00	674.07
440.00	763.01
441.00	709.18
442.00	835.57
443.00	755.99
444.00	763.01
445.00	727.91
446.00	779.40
447.00	744.29
448.00	702.16
449.00	767.70
450.00	751.31
451.00	767.70
452.00	802.80
453.00	744.29
454.00	781.74
455.00	798.12
456.00	706.84
457.00	791.10
458.00	751.31
459.00	725.57
460.00	718.54
461.00	667.05
462.00	711.52
463.00	758.33
464.00	753.65
465.00	786.42
466.00	807.48
467.00	793.44
468.00	758.33
469.00	751.31
470.00	779.40
471.00	751.31
472.00	727.91
473.00	753.65
474.00	746.63
475.00	753.65
476.00	842.59
477.00	819.19
478.00	755.99
479.00	830.89
480.00	772.38
481.00	716.20
482.00	779.40
483.00	774.72
484.00	737.27
485.00	697.48
486.00	713.86
487.00	758.33
488.00	650.67
489.00	755.99
490.00	819.19
491.00	706.84
492.00	753.65
493.00	741.95
494.00	655.35
495.00	727.91
496.00	741.95
497.00	744.29
498.00	746.63
499.00	732.59
500.00	737.27
501.00	706.84
502.00	723.23
503.00	741.95
504.00	770.04
505.00	751.31
506.00	739.61
507.00	814.51
508.00	779.40
509.00	765.36
510.00	711.52
511.00	741.95
512.00	758.33
513.00	711.52
514.00	695.14
515.00	739.61
516.00	744.29
517.00	720.88
518.00	704.50
519.00	777.06
520.00	737.27
521.00	732.59
522.00	741.95
523.00	732.59
524.00	732.59
525.00	763.01
526.00	741.95
527.00	798.12
528.00	730.25
529.00	767.70
530.00	765.36
531.00	758.33
532.00	807.48
533.00	730.25
534.00	727.91
535.00	753.65
536.00	777.06
537.00	746.63
538.00	746.63
539.00	786.42
540.00	781.74
541.00	779.40
542.00	692.80
543.00	758.33
544.00	795.78
545.00	784.08
546.00	688.12
547.00	772.38
548.00	744.29
549.00	734.93
550.00	746.63
551.00	723.23
552.00	751.31
553.00	699.82
554.00	748.97
555.00	751.31
556.00	737.27
557.00	741.95
558.00	842.59
559.00	777.06
560.00	725.57
561.00	739.61
562.00	720.88
563.00	751.31
564.00	793.44
565.00	753.65
566.00	767.70
567.00	779.40
568.00	723.23
569.00	688.12
570.00	758.33
571.00	725.57
572.00	730.25
573.00	751.31
574.00	739.61
575.00	777.06
576.00	772.38
577.00	760.67
578.00	760.67
579.00	727.91
580.00	774.72
581.00	746.63
582.00	739.61
583.00	720.88
584.00	725.57
585.00	676.41
586.00	734.93
587.00	777.06
588.00	739.61
589.00	800.46
590.00	786.42
591.00	798.12
592.00	833.23
593.00	695.14
594.00	744.29
595.00	739.61
596.00	697.48
597.00	737.27
598.00	681.10
599.00	772.38
600.00	688.12
601.00	744.29
602.00	727.91
603.00	758.33
604.00	695.14
605.00	737.27
606.00	765.36
607.00	723.23
608.00	760.67
609.00	730.25
610.00	788.76
611.00	685.78
612.00	763.01
613.00	727.91
614.00	823.87
615.00	770.04
616.00	744.29
617.00	734.93
618.00	863.66
619.00	667.05
620.00	746.63
621.00	727.91
622.00	772.38
623.00	711.52
624.00	770.04
625.00	720.88
626.00	741.95
627.00	767.70
628.00	706.84
629.00	779.40
630.00	770.04
631.00	758.33
632.00	713.86
633.00	758.33
634.00	746.63
635.00	751.31
636.00	697.48
637.00	734.93
638.00	664.71
639.00	730.25
640.00	753.65
641.00	791.10
642.00	786.42
643.00	758.33
644.00	723.23
645.00	739.61
646.00	833.23
647.00	697.48
648.00	732.59
649.00	692.80
650.00	779.40
651.00	739.61
652.00	737.27
653.00	739.61
654.00	706.84
655.00	763.01
656.00	763.01
657.00	711.52
658.00	674.07
659.00	741.95
660.00	774.72
661.00	709.18
662.00	695.14
663.00	805.14
664.00	695.14
665.00	674.07
666.00	713.86
667.00	709.18
668.00	732.59
669.00	791.10
670.00	718.54
671.00	765.36
672.00	711.52
673.00	763.01
674.00	765.36
675.00	727.91
676.00	723.23
677.00	739.61
678.00	734.93
679.00	758.33
680.00	748.97
681.00	779.40
682.00	763.01
683.00	739.61
684.00	772.38
685.00	702.16
686.00	814.51
687.00	751.31
688.00	795.78
689.00	713.86
690.00	725.57
691.00	791.10
692.00	781.74
693.00	657.69
694.00	739.61
695.00	744.29
696.00	737.27
697.00	777.06
698.00	734.93
699.00	753.65
700.00	755.99
701.00	711.52
702.00	784.08
703.00	709.18
704.00	748.97
705.00	779.40
706.00	784.08
707.00	784.08
708.00	711.52
709.00	727.91
710.00	751.31
711.00	777.06
712.00	734.93
713.00	812.17
714.00	788.76
715.00	746.63
716.00	744.29
717.00	793.44
718.00	697.48
719.00	765.36
720.00	737.27
721.00	779.40
722.00	704.50
723.00	755.99
724.00	727.91
725.00	772.38
726.00	765.36
727.00	730.25
728.00	697.48
729.00	704.50
730.00	772.38
731.00	732.59
732.00	716.20
733.00	734.93
734.00	760.67
735.00	781.74
736.00	784.08
737.00	784.08
738.00	781.74
739.00	767.70
740.00	863.66
741.00	847.27
742.00	786.42
743.00	697.48
744.00	695.14
745.00	734.93
746.00	709.18
747.00	744.29
748.00	744.29
749.00	692.80
750.00	765.36
751.00	791.10
752.00	795.78
753.00	753.65
754.00	746.63
755.00	774.72
756.00	706.84
757.00	660.03
758.00	746.63
759.00	695.14
760.00	699.82
761.00	695.14
762.00	758.33
763.00	741.95
764.00	814.51
765.00	730.25
766.00	758.33
767.00	748.97
768.00	709.18
769.00	713.86
770.00	751.31
771.00	748.97
772.00	741.95
773.00	823.87
774.00	800.46
775.00	777.06
776.00	716.20
777.00	784.08
778.00	713.86
779.00	730.25
780.00	716.20
781.00	826.21
782.00	753.65
783.00	784.08
784.00	800.46
785.00	746.63
786.00	800.46
787.00	737.27
788.00	842.59
789.00	739.61
790.00	697.48
791.00	760.67
792.00	713.86
793.00	777.06
794.00	718.54
795.00	727.91
796.00	788.76
797.00	805.14
798.00	763.01
799.00	730.25
800.00	753.65
801.00	683.44
802.00	781.74
803.00	795.78
804.00	770.04
805.00	821.53
806.00	772.38
807.00	760.67
808.00	763.01
809.00	744.29
810.00	753.65
811.00	816.85
812.00	779.40
813.00	767.70
814.00	725.57
815.00	746.63
816.00	751.31
817.00	751.31
818.00	727.91
819.00	746.63
820.00	779.40
821.00	763.01
822.00	788.76
823.00	802.80
824.00	784.08
825.00	685.78
826.00	779.40
827.00	793.44
828.00	758.33
829.00	737.27
830.00	723.23
831.00	830.89
832.00	753.65
833.00	760.67
834.00	793.44
835.00	737.27
836.00	788.76
837.00	741.95
838.00	788.76
839.00	770.04
840.00	739.61
841.00	760.67
842.00	791.10
843.00	751.31
844.00	784.08
845.00	877.70
846.00	772.38
847.00	753.65
848.00	765.36
849.00	690.46
850.00	784.08
851.00	725.57
852.00	709.18
853.00	767.70
854.00	720.88
855.00	711.52
856.00	767.70
857.00	755.99
858.00	704.50
859.00	671.73
860.00	777.06
861.00	823.87
862.00	739.61
863.00	723.23
864.00	727.91
865.00	802.80
866.00	730.25
867.00	748.97
868.00	746.63
869.00	727.91
870.00	786.42
871.00	725.57
872.00	758.33
873.00	706.84
874.00	795.78
875.00	739.61
876.00	709.18
877.00	732.59
878.00	802.80
879.00	809.83
880.00	716.20
881.00	744.29
882.00	692.80
883.00	720.88
884.00	734.93
885.00	767.70
886.00	732.59
887.00	770.04
888.00	802.80
889.00	727.91
890.00	788.76
891.00	784.08
892.00	753.65
893.00	758.33
894.00	786.42
895.00	746.63
896.00	812.17
897.00	741.95
898.00	755.99
899.00	753.65
900.00	760.67
901.00	767.70
902.00	725.57
903.00	716.20
904.00	784.08
905.00	760.67
906.00	884.72
907.00	858.98
908.00	875.36
909.00	809.83
910.00	809.83
911.00	856.64
912.00	812.17
913.00	940.90
914.00	971.32
915.00	910.47
916.00	814.51
917.00	784.08
918.00	870.68
919.00	746.63
920.00	793.44
921.00	690.46
922.00	877.70
923.00	755.99
924.00	711.52
925.00	744.29
926.00	716.20
927.00	695.14
928.00	725.57
929.00	716.20
930.00	699.82
931.00	791.10
932.00	795.78
933.00	788.76
934.00	788.76
935.00	755.99
936.00	823.87
937.00	706.84
938.00	795.78
939.00	821.53
940.00	718.54
941.00	812.17
942.00	791.10
943.00	770.04
944.00	793.44
945.00	763.01
946.00	1125.80
947.00	1537.73
948.00	1874.77
949.00	1755.40
950.00	1504.96
951.00	1280.27
952.00	1172.61
953.00	1118.78
954.00	959.62
955.00	805.14
956.00	826.21
957.00	770.04
958.00	732.59
959.00	791.10
960.00	786.42
961.00	774.72
962.00	739.61
963.00	779.40
964.00	812.17
965.00	830.89
966.00	730.25
967.00	849.61
968.00	791.10
969.00	763.01
970.00	755.99
971.00	725.57
972.00	727.91
973.00	720.88
974.00	744.29
975.00	784.08
976.00	751.31
977.00	725.57
978.00	765.36
979.00	812.17
980.00	720.88
981.00	802.80
982.00	795.78
983.00	760.67
984.00	739.61
985.00	739.61
986.00	716.20
987.00	781.74
988.00	751.31
989.00	777.06
990.00	702.16
991.00	734.93
992.00	784.08
993.00	784.08
994.00	741.95
995.00	737.27
996.00	753.65
997.00	772.38
998.00	704.50
999.00	793.44
1000.00	765.36
1001.00	781.74
1002.00	814.51
1003.00	713.86
1004.00	730.25
1005.00	819.19
1006.00	755.99
1007.00	748.97
1008.00	779.40
1009.00	732.59
1010.00	779.40
1011.00	830.89
1012.00	774.72
1013.00	823.87
1014.00	781.74
1015.00	774.72
1016.00	746.63
1017.00	751.31
1018.00	734.93
1019.00	746.63
1020.00	748.97
1021.00	805.14
1022.00	748.97
1023.00	746.63
1024.00	720.88
1025.00	734.93
1026.00	727.91
1027.00	777.06
1028.00	849.61
1029.00	667.05
1030.00	725.57
1031.00	763.01
1032.00	753.65
1033.00	725.57
1034.00	781.74
1035.00	758.33
1036.00	791.10
1037.00	830.89
1038.00	753.65
1039.00	805.14
1040.00	720.88
1041.00	791.10
1042.00	779.40
1043.00	770.04
1044.00	718.54
1045.00	755.99
1046.00	814.51
1047.00	781.74
1048.00	798.12
1049.00	774.72
1050.00	781.74
1051.00	823.87
1052.00	709.18
1053.00	809.83
1054.00	758.33
1055.00	758.33
1056.00	770.04
1057.00	744.29
1058.00	753.65
1059.00	746.63
1060.00	814.51
1061.00	744.29
1062.00	723.23
1063.00	770.04
1064.00	730.25
1065.00	734.93
1066.00	746.63
1067.00	772.38
1068.00	847.27
1069.00	784.08
1070.00	746.63
1071.00	760.67
1072.00	748.97
1073.00	767.70
1074.00	774.72
1075.00	828.55
1076.00	725.57
1077.00	732.59
1078.00	774.72
1079.00	716.20
1080.00	763.01
1081.00	716.20
1082.00	706.84
1083.00	786.42
1084.00	727.91
1085.00	805.14
1086.00	732.59
1087.00	802.80
1088.00	781.74
1089.00	725.57
1090.00	751.31
1091.00	798.12
1092.00	781.74
1093.00	779.40
1094.00	753.65
1095.00	765.36
1096.00	784.08
1097.00	744.29
1098.00	788.76
1099.00	849.61
1100.00	807.48
1101.00	774.72
1102.00	753.65
1103.00	751.31
1104.00	737.27
1105.00	809.83
1106.00	772.38
1107.00	809.83
1108.00	711.52
1109.00	805.14
1110.00	709.18
1111.00	788.76
1112.00	751.31
1113.00	828.55
1114.00	793.44
1115.00	741.95
1116.00	795.78
1117.00	739.61
1118.00	744.29
1119.00	791.10
1120.00	751.31
1121.00	788.76
1122.00	755.99
1123.00	849.61
1124.00	802.80
1125.00	807.48
1126.00	755.99
1127.00	702.16
1128.00	739.61
1129.00	758.33
1130.00	758.33
1131.00	786.42
1132.00	748.97
1133.00	814.51
1134.00	840.25
1135.00	777.06
1136.00	809.83
1137.00	767.70
1138.00	737.27
1139.00	800.46
1140.00	816.85
1141.00	667.05
1142.00	812.17
1143.00	739.61
1144.00	741.95
1145.00	720.88
1146.00	814.51
1147.00	746.63
1148.00	727.91
1149.00	716.20
1150.00	805.14
1151.00	819.19
1152.00	763.01
1153.00	723.23
1154.00	856.64
1155.00	765.36
1156.00	760.67
1157.00	858.98
1158.00	894.08
1159.00	842.59
1160.00	823.87
1161.00	788.76
1162.00	807.48
1163.00	807.48
1164.00	877.70
1165.00	774.72
1166.00	894.08
1167.00	999.41
1168.00	1217.08
1169.00	1160.91
1170.00	1146.86
1171.00	957.28
1172.00	990.05
1173.00	943.24
1174.00	884.72
1175.00	854.30
1176.00	840.25
1177.00	835.57
1178.00	814.51
1179.00	837.91
1180.00	880.04
1181.00	821.53
1182.00	753.65
1183.00	854.30
1184.00	786.42
1185.00	835.57
1186.00	830.89
1187.00	779.40
1188.00	837.91
1189.00	840.25
1190.00	821.53
1191.00	779.40
1192.00	863.66
1193.00	943.24
1194.00	954.94
1195.00	926.85
1196.00	926.85
1197.00	891.74
1198.00	863.66
1199.00	943.24
1200.00	954.94
1201.00	990.05
1202.00	1036.86
1203.00	1149.20
1204.00	1118.78
1205.00	1029.84
1206.00	980.68
1207.00	987.71
1208.00	1015.79
1209.00	976.00
1210.00	1001.75
1211.00	933.87
1212.00	987.71
1213.00	1006.43
1214.00	1048.56
1215.00	1062.60
1216.00	1245.16
1217.00	1301.34
1218.00	1430.07
1219.00	1746.04
1220.00	3136.32
1221.00	17163.15
1222.00	48114.39
1223.00	63351.28
1224.00	62639.76
1225.00	54150.63
1226.00	39995.07
1227.00	29869.92
1228.00	24212.84
1229.00	17759.98
1230.00	8519.55
1231.00	3459.31
1232.00	1970.73
1233.00	1530.71
1234.00	1282.61
1235.00	1198.35
1236.00	1235.80
1237.00	1137.50
1238.00	1088.35
1239.00	1345.81
1240.00	3108.23
1241.00	5305.99
1242.00	6455.20
1243.00	5518.98
1244.00	4095.94
1245.00	3112.91
1246.00	2668.21
1247.00	2239.89
1248.00	1764.76
1249.00	1135.16
1250.00	987.71
1251.00	917.49
1252.00	805.14
1253.00	933.87
1254.00	961.96
1255.00	1020.47
1256.00	980.68
1257.00	1029.84
1258.00	997.07
1259.00	1018.13
1260.00	863.66
1261.00	894.08
1262.00	870.68
1263.00	896.43
1264.00	835.57
1265.00	814.51
1266.00	866.00
1267.00	947.92
1268.00	823.87
1269.00	847.27
1270.00	870.68
1271.00	851.96
1272.00	814.51
1273.00	884.72
1274.00	851.96
1275.00	912.81
1276.00	891.74
1277.00	912.81
1278.00	983.02
1279.00	2289.04
1280.00	5813.89
1281.00	9975.36
1282.00	11197.12
1283.00	8566.36
1284.00	6244.55
1285.00	4713.84
1286.00	3978.91
1287.00	3304.84
1288.00	2071.37
1289.00	1291.98
1290.00	931.53
1291.00	931.53
1292.00	863.66
1293.00	887.06
1294.00	966.64
1295.00	877.70
1296.00	877.70
1297.00	908.13
1298.00	889.40
1299.00	1476.88
1300.00	2525.44
1301.00	3164.40
1302.00	2867.16
1303.00	2232.87
1304.00	1853.70
1305.00	1568.16
1306.00	1528.37
1307.00	1282.61
1308.00	990.05
1309.00	964.30
1310.00	945.58
1311.00	898.77
1312.00	856.64
1313.00	805.14
1314.00	833.23
1315.00	828.55
1316.00	805.14
1317.00	802.80
1318.00	781.74
1319.00	800.46
1320.00	849.61
1321.00	772.38
1322.00	823.87
1323.00	739.61
1324.00	777.06
1325.00	873.02
1326.00	805.14
1327.00	739.61
1328.00	734.93
1329.00	842.59
1330.00	800.46
1331.00	816.85
1332.00	873.02
1333.00	1015.79
1334.00	1664.12
1335.00	2640.12
1336.00	3316.54
1337.00	3049.72
1338.00	2368.62
1339.00	1963.71
1340.00	1654.76
1341.00	1472.20
1342.00	1233.46
1343.00	943.24
1344.00	873.02
1345.00	863.66
1346.00	823.87
1347.00	730.25
1348.00	823.87
1349.00	767.70
1350.00	819.19
1351.00	823.87
1352.00	755.99
1353.00	870.68
1354.00	805.14
1355.00	821.53
1356.00	870.68
1357.00	903.45
1358.00	844.93
1359.00	873.02
1360.00	856.64
1361.00	1022.81
1362.00	2232.87
1363.00	5249.82
1364.00	8629.56
1365.00	9362.14
1366.00	7265.02
1367.00	5376.21
1368.00	4091.26
1369.00	3384.41
1370.00	2708.00
1371.00	1760.08
1372.00	1205.38
1373.00	1011.11
1374.00	1078.99
1375.00	1118.78
1376.00	2789.92
1377.00	8112.30
1378.00	14644.73
1379.00	16912.71
1380.00	12671.66
1381.00	9249.80
1382.00	6867.13
1383.00	5497.92
1384.00	4435.32
1385.00	2682.25
1386.00	1572.84
1387.00	1041.54
1388.00	1020.47
1389.00	987.71
1390.00	889.40
1391.00	919.83
1392.00	894.08
1393.00	833.23
1394.00	905.79
1395.00	898.77
1396.00	837.91
1397.00	840.25
1398.00	994.73
1399.00	1240.48
1400.00	1277.93
1401.00	1224.10
1402.00	1111.75
1403.00	1121.12
1404.00	1071.97
1405.00	1277.93
1406.00	2033.93
1407.00	7686.32
1408.00	18822.59
1409.00	27487.25
1410.00	24168.37
1411.00	17565.72
1412.00	12212.92
1413.00	9341.08
1414.00	7391.41
1415.00	4990.02
1416.00	2541.82
1417.00	1519.01
1418.00	1125.80
1419.00	1048.56
1420.00	1795.19
1421.00	4156.79
1422.00	6623.72
1423.00	7208.85
1424.00	5689.84
1425.00	4077.21
1426.00	3122.27
1427.00	2635.44
1428.00	2146.27
1429.00	1469.86
1430.00	1095.37
1431.00	903.45
1432.00	933.87
1433.00	868.34
1434.00	901.11
1435.00	901.11
1436.00	795.78
1437.00	821.53
1438.00	725.57
1439.00	805.14
1440.00	805.14
1441.00	828.55
1442.00	889.40
1443.00	760.67
1444.00	870.68
1445.00	833.23
1446.00	802.80
1447.00	760.67
1448.00	812.17
1449.00	861.32
1450.00	821.53
1451.00	851.96
1452.00	809.83
1453.00	903.45
1454.00	840.25
1455.00	1212.40
1456.00	2326.49
1457.00	3754.22
1458.00	4706.82
1459.00	3829.12
1460.00	3005.25
1461.00	2319.47
1462.00	1980.09
1463.00	1638.38
1464.00	1270.91
1465.00	1004.09
1466.00	929.19
1467.00	896.43
1468.00	826.21
1469.00	753.65
1470.00	830.89
1471.00	774.72
1472.00	837.91
1473.00	823.87
1474.00	784.08
1475.00	823.87
1476.00	805.14
1477.00	870.68
1478.00	821.53
1479.00	863.66
1480.00	823.87
1481.00	828.55
1482.00	819.19
1483.00	830.89
1484.00	823.87
1485.00	875.36
1486.00	947.92
1487.00	1193.67
1488.00	3396.12
1489.00	8650.62
1490.00	14090.02
1491.00	13900.44
1492.00	10106.43
1493.00	7208.85
1494.00	5462.81
1495.00	4472.76
1496.00	3260.37
1497.00	1884.13
1498.00	1203.04
1499.00	1041.54
1500.00	896.43
1501.00	812.17
1502.00	812.17
1503.00	863.66
1504.00	840.25
1505.00	755.99
1506.00	870.68
1507.00	889.40
1508.00	786.42
1509.00	837.91
1510.00	781.74
1511.00	814.51
1512.00	854.30
1513.00	1088.35
1514.00	2113.50
1515.00	3391.44
1516.00	4180.20
1517.00	3562.30
1518.00	2708.00
1519.00	2244.57
1520.00	1834.98
1521.00	1591.56
1522.00	1259.21
1523.00	933.87
1524.00	912.81
1525.00	833.23
1526.00	880.04
1527.00	755.99
1528.00	875.36
1529.00	854.30
1530.00	894.08
1531.00	980.68
1532.00	983.02
1533.00	1867.75
1534.00	4983.00
1535.00	8657.64
1536.00	10408.36
1537.00	7772.92
1538.00	5542.39
1539.00	4252.75
1540.00	3410.16
1541.00	2752.47
1542.00	1792.85
1543.00	1167.93
1544.00	957.28
1545.00	943.24
1546.00	952.60
1547.00	835.57
1548.00	844.93
1549.00	887.06
1550.00	809.83
1551.00	812.17
1552.00	858.98
1553.00	882.38
1554.00	877.70
1555.00	744.29
1556.00	856.64
1557.00	835.57
1558.00	863.66
1559.00	819.19
1560.00	898.77
1561.00	889.40
1562.00	863.66
1563.00	891.74
1564.00	1022.81
1565.00	1296.66
1566.00	4241.05
1567.00	10754.76
1568.00	17642.96
1569.00	17947.23
1570.00	12856.56
1571.00	9329.38
1572.00	6927.99
1573.00	5523.66
1574.00	3953.16
1575.00	2396.71
1576.00	1579.86
1577.00	1345.81
1578.00	1607.95
1579.00	6050.28
1580.00	16842.50
1581.00	28161.33
1582.00	29415.85
1583.00	20823.75
1584.00	14794.53
1585.00	10611.99
1586.00	8566.36
1587.00	5991.77
1588.00	3208.87
1589.00	1750.72
1590.00	1247.51
1591.00	1081.33
1592.00	976.00
1593.00	901.11
1594.00	931.53
1595.00	931.53
1596.00	863.66
1597.00	833.23
1598.00	819.19
1599.00	772.38
1600.00	819.19
1601.00	816.85
1602.00	791.10
1603.00	816.85
1604.00	835.57
1605.00	807.48
1606.00	840.25
1607.00	821.53
1608.00	793.44
1609.00	765.36
1610.00	854.30
1611.00	823.87
1612.00	788.76
1613.00	816.85
1614.00	833.23
1615.00	809.83
1616.00	716.20
1617.00	763.01
1618.00	800.46
1619.00	816.85
1620.00	786.42
1621.00	837.91
1622.00	828.55
1623.00	793.44
1624.00	798.12
1625.00	683.44
1626.00	807.48
1627.00	837.91
1628.00	833.23
1629.00	816.85
1630.00	784.08
1631.00	786.42
1632.00	758.33
1633.00	763.01
1634.00	770.04
1635.00	805.14
1636.00	802.80
1637.00	772.38
1638.00	807.48
1639.00	777.06
1640.00	793.44
1641.00	763.01
1642.00	798.12
1643.00	800.46
1644.00	781.74
1645.00	828.55
1646.00	791.10
1647.00	926.85
1648.00	917.49
1649.00	1015.79
1650.00	2480.97
1651.00	7243.96
1652.00	12809.75
1653.00	15751.81
1654.00	12252.70
1655.00	8947.87
1656.00	6387.32
1657.00	5027.47
1658.00	3576.34
1659.00	2214.15
1660.00	1362.19
1661.00	1034.52
1662.00	875.36
1663.00	931.53
1664.00	779.40
1665.00	856.64
1666.00	910.47
1667.00	844.93
1668.00	1125.80
1669.00	2532.46
1670.00	4425.95
1671.00	5769.42
1672.00	5046.20
1673.00	3737.84
1674.00	2850.77
1675.00	2296.07
1676.00	1933.28
1677.00	1373.89
1678.00	990.05
1679.00	870.68
1680.00	784.08
1681.00	781.74
1682.00	814.51
1683.00	842.59
1684.00	716.20
1685.00	744.29
1686.00	823.87
1687.00	753.65
1688.00	765.36
1689.00	774.72
1690.00	798.12
1691.00	763.01
1692.00	873.02
1693.00	793.44
1694.00	774.72
1695.00	753.65
1696.00	802.80
1697.00	748.97
1698.00	870.68
1699.00	748.97
1700.00	830.89
1701.00	758.33
1702.00	800.46
1703.00	816.85
1704.00	877.70
1705.00	798.12
1706.00	755.99
1707.00	777.06
1708.00	805.14
1709.00	777.06
1710.00	788.76
1711.00	861.32
1712.00	802.80
1713.00	877.70
1714.00	1434.75
1715.00	3290.79
1716.00	6005.81
1717.00	7756.54
1718.00	7007.56
1719.00	5268.55
1720.00	3852.52
1721.00	2974.82
1722.00	2340.54
1723.00	1556.46
1724.00	1181.97
1725.00	943.24
1726.00	854.30
1727.00	755.99
1728.00	777.06
1729.00	760.67
1730.00	732.59
1731.00	847.27
1732.00	805.14
1733.00	755.99
1734.00	800.46
1735.00	830.89
1736.00	763.01
1737.00	758.33
1738.00	835.57
1739.00	758.33
1740.00	772.38
1741.00	744.29
1742.00	767.70
1743.00	744.29
1744.00	748.97
1745.00	812.17
1746.00	748.97
1747.00	772.38
1748.00	767.70
1749.00	758.33
1750.00	800.46
1751.00	725.57
1752.00	868.34
1753.00	751.31
1754.00	819.19
1755.00	795.78
1756.00	835.57
1757.00	793.44
1758.00	779.40
1759.00	748.97
1760.00	791.10
1761.00	816.85
1762.00	821.53
1763.00	774.72
1764.00	816.85
1765.00	826.21
1766.00	819.19
1767.00	877.70
1768.00	851.96
1769.00	961.96
1770.00	1989.46
1771.00	5481.53
1772.00	10408.36
1773.00	13661.71
1774.00	11590.33
1775.00	8678.71
1776.00	6462.22
1777.00	4634.26
1778.00	3009.93
1779.00	1891.15
1780.00	1348.15
1781.00	1111.75
1782.00	896.43
1783.00	933.87
1784.00	880.04
1785.00	826.21
1786.00	795.78
1787.00	809.83
1788.00	866.00
1789.00	760.67
1790.00	781.74
1791.00	760.67
1792.00	798.12
1793.00	833.23
1794.00	807.48
1795.00	910.47
1796.00	837.91
1797.00	1048.56
1798.00	2265.64
1799.00	4884.70
1800.00	7808.03
1801.00	8856.59
1802.00	6836.70
1803.00	5266.21
1804.00	3686.34
1805.00	2520.76
1806.00	1689.87
1807.00	1268.57
1808.00	917.49
1809.00	873.02
1810.00	833.23
1811.00	760.67
1812.00	772.38
1813.00	840.25
1814.00	807.48
1815.00	690.46
1816.00	702.16
1817.00	763.01
1818.00	805.14
1819.00	765.36
1820.00	786.42
1821.00	770.04
1822.00	770.04
1823.00	809.83
1824.00	744.29
1825.00	844.93
1826.00	856.64
1827.00	833.23
1828.00	835.57
1829.00	880.04
1830.00	748.97
1831.00	788.76
1832.00	784.08
1833.00	772.38
1834.00	746.63
1835.00	812.17
1836.00	683.44
1837.00	741.95
1838.00	744.29
1839.00	821.53
1840.00	711.52
1841.00	807.48
1842.00	793.44
1843.00	781.74
1844.00	685.78
1845.00	741.95
1846.00	784.08
1847.00	723.23
1848.00	702.16
1849.00	772.38
1850.00	833.23
1851.00	709.18
1852.00	732.59
1853.00	739.61
1854.00	840.25
1855.00	746.63
1856.00	739.61
1857.00	704.50
1858.00	772.38
1859.00	732.59
1860.00	737.27
1861.00	788.76
1862.00	774.72
1863.00	765.36
1864.00	798.12
1865.00	741.95
1866.00	851.96
1867.00	751.31
1868.00	706.84
1869.00	793.44
1870.00	755.99
1871.00	802.80
1872.00	732.59
1873.00	751.31
1874.00	711.52
1875.00	751.31
1876.00	746.63
1877.00	720.88
1878.00	751.31
1879.00	800.46
1880.00	739.61
1881.00	779.40
1882.00	716.20
1883.00	716.20
1884.00	763.01
1885.00	737.27
1886.00	713.86
1887.00	737.27
1888.00	709.18
1889.00	793.44
1890.00	816.85
1891.00	732.59
1892.00	739.61
1893.00	777.06
1894.00	734.93
1895.00	727.91
1896.00	786.42
1897.00	777.06
1898.00	730.25
1899.00	791.10
1900.00	720.88
1901.00	788.76
1902.00	697.48
1903.00	741.95
1904.00	791.10
1905.00	730.25
1906.00	723.23
1907.00	725.57
1908.00	779.40
1909.00	800.46
1910.00	777.06
1911.00	770.04
1912.00	856.64
1913.00	884.72
1914.00	856.64
1915.00	777.06
1916.00	807.48
1917.00	767.70
1918.00	777.06
1919.00	755.99
1920.00	718.54
1921.00	741.95
1922.00	784.08
1923.00	755.99
1924.00	683.44
1925.00	739.61
1926.00	744.29
1927.00	788.76
1928.00	781.74
1929.00	739.61
1930.00	770.04
1931.00	755.99
1932.00	779.40
1933.00	835.57
1934.00	748.97
1935.00	669.39
1936.00	669.39
1937.00	781.74
1938.00	798.12
1939.00	774.72
1940.00	795.78
1941.00	777.06
1942.00	730.25
1943.00	744.29
1944.00	798.12
1945.00	681.10
1946.00	704.50
1947.00	795.78
1948.00	727.91
1949.00	723.23
1950.00	802.80
1951.00	777.06
1952.00	961.96
1953.00	2033.93
1954.00	4540.64
1955.00	6785.21
1956.00	7386.73
1957.00	5413.66
1958.00	3571.66
1959.00	2326.49
1960.00	1607.95
1961.00	1266.23
1962.00	983.02
1963.00	915.15
1964.00	905.79
1965.00	807.48
1966.00	748.97
1967.00	788.76
1968.00	716.20
1969.00	772.38
1970.00	819.19
1971.00	777.06
1972.00	777.06
1973.00	812.17
1974.00	744.29
1975.00	774.72
1976.00	781.74
1977.00	732.59
1978.00	788.76
1979.00	760.67
1980.00	812.17
1981.00	976.00
1982.00	1245.16
1983.00	1226.44
1984.00	1048.56
1985.00	924.51
1986.00	854.30
1987.00	814.51
1988.00	760.67
1989.00	779.40
1990.00	791.10
1991.00	812.17
1992.00	746.63
1993.00	755.99
1994.00	765.36
1995.00	791.10
1996.00	791.10
1997.00	760.67
1998.00	709.18
1999.00	795.78
2000.00	795.78
2001.00	777.06
2002.00	763.01
2003.00	826.21
2004.00	732.59
2005.00	744.29
2006.00	737.27
2007.00	741.95
2008.00	786.42
2009.00	746.63
2010.00	791.10
2011.00	751.31
2012.00	748.97
2013.00	744.29
2014.00	786.42
2015.00	777.06
2016.00	772.38
2017.00	704.50
2018.00	800.46
2019.00	770.04
2020.00	777.06
2021.00	704.50
2022.00	788.76
2023.00	828.55
2024.00	854.30
2025.00	968.98
2026.00	1100.05
2027.00	1167.93
2028.00	1102.39
2029.00	1177.29
2030.00	2207.13
2031.00	5893.47
2032.00	10946.69
2033.00	14834.32
2034.00	13792.78
2035.00	9004.04
2036.00	6010.50
2037.00	3896.99
2038.00	2455.22
2039.00	1748.38
2040.00	1296.66
2041.00	1067.28
2042.00	903.45
2043.00	809.83
2044.00	875.36
2045.00	805.14
2046.00	880.04
2047.00	791.10
