0.00	746.63
1.00	746.63
2.00	746.63
3.00	671.73
4.00	620.24
5.00	610.88
6.00	554.71
7.00	568.75
8.00	613.22
9.00	617.90
10.00	538.32
11.00	559.39
12.00	543.00
13.00	617.90
14.00	580.45
15.00	702.16
16.00	557.05
17.00	587.47
18.00	564.07
19.00	599.18
20.00	664.71
21.00	697.48
22.00	540.66
23.00	697.48
24.00	660.03
25.00	645.99
26.00	645.99
27.00	664.71
28.00	777.06
29.00	690.46
30.00	664.71
31.00	734.93
32.00	746.63
33.00	706.84
34.00	678.76
35.00	739.61
36.00	772.38
37.00	699.82
38.00	713.86
39.00	702.16
40.00	683.44
41.00	751.31
42.00	704.50
43.00	711.52
44.00	671.73
45.00	751.31
46.00	725.57
47.00	784.08
48.00	772.38
49.00	718.54
50.00	727.91
51.00	763.01
52.00	739.61
53.00	734.93
54.00	655.35
55.00	779.40
56.00	711.52
57.00	648.33
58.00	725.57
59.00	711.52
60.00	748.97
61.00	664.71
62.00	709.18
63.00	690.46
64.00	688.12
65.00	699.82
66.00	713.86
67.00	779.40
68.00	800.46
69.00	786.42
70.00	727.91
71.00	784.08
72.00	748.97
73.00	751.31
74.00	758.33
75.00	770.04
76.00	730.25
77.00	713.86
78.00	737.27
79.00	669.39
80.00	713.86
81.00	709.18
82.00	770.04
83.00	716.20
84.00	746.63
85.00	695.14
86.00	683.44
87.00	702.16
88.00	751.31
89.00	765.36
90.00	671.73
91.00	727.91
92.00	697.48
93.00	741.95
94.00	690.46
95.00	755.99
96.00	765.36
97.00	702.16
98.00	671.73
99.00	688.12
100.00	753.65
101.00	706.84
102.00	807.48
103.00	748.97
104.00	800.46
105.00	638.97
106.00	727.91
107.00	758.33
108.00	758.33
109.00	758.33
110.00	702.16
111.00	734.93
112.00	711.52
113.00	716.20
114.00	732.59
115.00	638.97
116.00	697.48
117.00	758.33
118.00	755.99
119.00	692.80
120.00	779.40
121.00	758.33
122.00	730.25
123.00	690.46
124.00	713.86
125.00	772.38
126.00	737.27
127.00	737.27
128.00	753.65
129.00	786.42
130.00	760.67
131.00	704.50
132.00	737.27
133.00	748.97
134.00	784.08
135.00	727.91
136.00	746.63
137.00	781.74
138.00	718.54
139.00	767.70
140.00	767.70
141.00	770.04
142.00	720.88
143.00	746.63
144.00	777.06
145.00	671.73
146.00	751.31
147.00	744.29
148.00	706.84
149.00	800.46
150.00	765.36
151.00	699.82
152.00	739.61
153.00	772.38
154.00	781.74
155.00	767.70
156.00	669.39
157.00	723.23
158.00	774.72
159.00	760.67
160.00	819.19
161.00	725.57
162.00	798.12
163.00	828.55
164.00	739.61
165.00	858.98
166.00	704.50
167.00	741.95
168.00	720.88
169.00	779.40
170.00	697.48
171.00	730.25
172.00	737.27
173.00	716.20
174.00	748.97
175.00	732.59
176.00	753.65
177.00	763.01
178.00	716.20
179.00	784.08
180.00	788.76
181.00	732.59
182.00	786.42
183.00	739.61
184.00	653.01
185.00	734.93
186.00	716.20
187.00	741.95
188.00	716.20
189.00	662.37
190.00	697.48
191.00	622.58
192.00	755.99
193.00	702.16
194.00	681.10
195.00	678.76
196.00	758.33
197.00	791.10
198.00	739.61
199.00	748.97
200.00	791.10
201.00	723.23
202.00	760.67
203.00	702.16
204.00	720.88
205.00	727.91
206.00	716.20
207.00	746.63
208.00	800.46
209.00	746.63
210.00	699.82
211.00	774.72
212.00	751.31
213.00	699.82
214.00	732.59
215.00	734.93
216.00	770.04
217.00	732.59
218.00	732.59
219.00	713.86
220.00	777.06
221.00	781.74
222.00	702.16
223.00	758.33
224.00	720.88
225.00	706.84
226.00	718.54
227.00	737.27
228.00	779.40
229.00	763.01
230.00	697.48
231.00	734.93
232.00	760.67
233.00	704.50
234.00	739.61
235.00	737.27
236.00	772.38
237.00	746.63
238.00	725.57
239.00	765.36
240.00	774.72
241.00	683.44
242.00	732.59
243.00	751.31
244.00	784.08
245.00	718.54
246.00	683.44
247.00	648.33
248.00	744.29
249.00	725.57
250.00	711.52
251.00	751.31
252.00	765.36
253.00	688.12
254.00	781.74
255.00	784.08
256.00	784.08
257.00	746.63
258.00	720.88
259.00	781.74
260.00	638.97
261.00	685.78
262.00	660.03
263.00	704.50
264.00	699.82
265.00	688.12
266.00	760.67
267.00	732.59
268.00	772.38
269.00	823.87
270.00	739.61
271.00	854.30
272.00	847.27
273.00	828.55
274.00	861.32
275.00	821.53
276.00	786.42
277.00	748.97
278.00	777.06
279.00	723.23
280.00	744.29
281.00	809.83
282.00	751.31
283.00	730.25
284.00	835.57
285.00	690.46
286.00	683.44
287.00	697.48
288.00	718.54
289.00	648.33
290.00	732.59
291.00	692.80
292.00	697.48
293.00	709.18
294.00	697.48
295.00	727.91
296.00	676.41
297.00	753.65
298.00	835.57
299.00	781.74
300.00	788.76
301.00	730.25
302.00	732.59
303.00	741.95
304.00	737.27
305.00	727.91
306.00	779.40
307.00	683.44
308.00	748.97
309.00	847.27
310.00	819.19
311.00	800.46
312.00	800.46
313.00	812.17
314.00	744.29
315.00	755.99
316.00	755.99
317.00	746.63
318.00	770.04
319.00	737.27
320.00	739.61
321.00	730.25
322.00	777.06
323.00	730.25
324.00	669.39
325.00	760.67
326.00	744.29
327.00	833.23
328.00	786.42
329.00	760.67
330.00	744.29
331.00	706.84
332.00	737.27
333.00	739.61
334.00	711.52
335.00	699.82
336.00	704.50
337.00	711.52
338.00	760.67
339.00	720.88
340.00	704.50
341.00	784.08
342.00	835.57
343.00	716.20
344.00	753.65
345.00	744.29
346.00	795.78
347.00	816.85
348.00	730.25
349.00	823.87
350.00	882.38
351.00	851.96
352.00	807.48
353.00	767.70
354.00	807.48
355.00	713.86
356.00	800.46
357.00	793.44
358.00	753.65
359.00	685.78
360.00	774.72
361.00	739.61
362.00	699.82
363.00	674.07
364.00	788.76
365.00	732.59
366.00	720.88
367.00	758.33
368.00	732.59
369.00	781.74
370.00	711.52
371.00	786.42
372.00	755.99
373.00	753.65
374.00	763.01
375.00	739.61
376.00	697.48
377.00	746.63
378.00	751.31
379.00	748.97
380.00	720.88
381.00	744.29
382.00	725.57
383.00	767.70
384.00	667.05
385.00	744.29
386.00	706.84
387.00	671.73
388.00	746.63
389.00	786.42
390.00	711.52
391.00	777.06
392.00	774.72
393.00	767.70
394.00	739.61
395.00	753.65
396.00	751.31
397.00	734.93
398.00	739.61
399.00	758.33
400.00	748.97
401.00	702.16
402.00	720.88
403.00	779.40
404.00	746.63
405.00	753.65
406.00	746.63
407.00	755.99
408.00	725.57
409.00	763.01
410.00	720.88
411.00	704.50
412.00	760.67
413.00	781.74
414.00	751.31
415.00	695.14
416.00	802.80
417.00	718.54
418.00	755.99
419.00	711.52
420.00	702.16
421.00	725.57
422.00	795.78
423.00	725.57
424.00	725.57
425.00	741.95
426.00	779.40
427.00	753.65
428.00	755.99
429.00	725.57
430.00	767.70
431.00	791.10
432.00	683.44
433.00	737.27
434.00	739.61
435.00	674.07
436.00	739.61
437.00	674.07
438.00	688.12
439.00	709.18
440.00	753.65
441.00	739.61
442.00	753.65
443.00	791.10
444.00	793.44
445.00	767.70
446.00	723.23
447.00	720.88
448.00	744.29
449.00	772.38
450.00	737.27
451.00	678.76
452.00	725.57
453.00	755.99
454.00	723.23
455.00	758.33
456.00	767.70
457.00	777.06
458.00	746.63
459.00	734.93
460.00	709.18
461.00	851.96
462.00	748.97
463.00	732.59
464.00	704.50
465.00	734.93
466.00	760.67
467.00	819.19
468.00	683.44
469.00	727.91
470.00	765.36
471.00	667.05
472.00	727.91
473.00	711.52
474.00	779.40
475.00	751.31
476.00	732.59
477.00	746.63
478.00	704.50
479.00	732.59
480.00	814.51
481.00	763.01
482.00	788.76
483.00	704.50
484.00	734.93
485.00	725.57
486.00	755.99
487.00	781.74
488.00	763.01
489.00	805.14
490.00	758.33
491.00	751.31
492.00	753.65
493.00	681.10
494.00	772.38
495.00	758.33
496.00	770.04
497.00	755.99
498.00	777.06
499.00	744.29
500.00	692.80
501.00	812.17
502.00	781.74
503.00	730.25
504.00	718.54
505.00	732.59
506.00	685.78
507.00	851.96
508.00	741.95
509.00	741.95
510.00	746.63
511.00	683.44
512.00	767.70
513.00	758.33
514.00	730.25
515.00	720.88
516.00	713.86
517.00	774.72
518.00	737.27
519.00	744.29
520.00	788.76
521.00	753.65
522.00	653.01
523.00	788.76
524.00	755.99
525.00	723.23
526.00	678.76
527.00	692.80
528.00	716.20
529.00	760.67
530.00	774.72
531.00	744.29
532.00	779.40
533.00	716.20
534.00	746.63
535.00	734.93
536.00	720.88
537.00	755.99
538.00	720.88
539.00	688.12
540.00	746.63
541.00	753.65
542.00	763.01
543.00	772.38
544.00	795.78
545.00	800.46
546.00	730.25
547.00	732.59
548.00	805.14
549.00	763.01
550.00	711.52
551.00	725.57
552.00	791.10
553.00	706.84
554.00	713.86
555.00	718.54
556.00	828.55
557.00	678.76
558.00	725.57
559.00	753.65
560.00	777.06
561.00	669.39
562.00	781.74
563.00	809.83
564.00	702.16
565.00	732.59
566.00	800.46
567.00	737.27
568.00	795.78
569.00	767.70
570.00	739.61
571.00	760.67
572.00	765.36
573.00	737.27
574.00	746.63
575.00	774.72
576.00	732.59
577.00	763.01
578.00	744.29
579.00	755.99
580.00	772.38
581.00	788.76
582.00	763.01
583.00	734.93
584.00	781.74
585.00	786.42
586.00	781.74
587.00	730.25
588.00	734.93
589.00	709.18
590.00	744.29
591.00	777.06
592.00	788.76
593.00	711.52
594.00	690.46
595.00	788.76
596.00	725.57
597.00	767.70
598.00	800.46
599.00	737.27
600.00	746.63
601.00	744.29
602.00	807.48
603.00	685.78
604.00	709.18
605.00	748.97
606.00	716.20
607.00	760.67
608.00	737.27
609.00	704.50
610.00	688.12
611.00	727.91
612.00	758.33
613.00	723.23
614.00	748.97
615.00	748.97
616.00	786.42
617.00	753.65
618.00	760.67
619.00	697.48
620.00	786.42
621.00	812.17
622.00	697.48
623.00	788.76
624.00	730.25
625.00	713.86
626.00	828.55
627.00	784.08
628.00	744.29
629.00	765.36
630.00	823.87
631.00	730.25
632.00	751.31
633.00	809.83
634.00	709.18
635.00	725.57
636.00	767.70
637.00	819.19
638.00	685.78
639.00	723.23
640.00	795.78
641.00	744.29
642.00	805.14
643.00	755.99
644.00	737.27
645.00	763.01
646.00	774.72
647.00	723.23
648.00	767.70
649.00	784.08
650.00	767.70
651.00	709.18
652.00	711.52
653.00	739.61
654.00	779.40
655.00	800.46
656.00	723.23
657.00	734.93
658.00	823.87
659.00	732.59
660.00	755.99
661.00	772.38
662.00	748.97
663.00	760.67
664.00	741.95
665.00	760.67
666.00	716.20
667.00	711.52
668.00	746.63
669.00	697.48
670.00	704.50
671.00	765.36
672.00	709.18
673.00	781.74
674.00	767.70
675.00	774.72
676.00	816.85
677.00	711.52
678.00	730.25
679.00	725.57
680.00	744.29
681.00	709.18
682.00	755.99
683.00	748.97
684.00	758.33
685.00	718.54
686.00	814.51
687.00	704.50
688.00	732.59
689.00	781.74
690.00	755.99
691.00	748.97
692.00	713.86
693.00	755.99
694.00	732.59
695.00	734.93
696.00	704.50
697.00	837.91
698.00	770.04
699.00	744.29
700.00	723.23
701.00	828.55
702.00	737.27
703.00	713.86
704.00	751.31
705.00	720.88
706.00	699.82
707.00	723.23
708.00	732.59
709.00	770.04
710.00	763.01
711.00	788.76
712.00	739.61
713.00	746.63
714.00	730.25
715.00	702.16
716.00	800.46
717.00	741.95
718.00	748.97
719.00	784.08
720.00	704.50
721.00	725.57
722.00	772.38
723.00	746.63
724.00	716.20
725.00	751.31
726.00	786.42
727.00	772.38
728.00	821.53
729.00	746.63
730.00	781.74
731.00	781.74
732.00	734.93
733.00	713.86
734.00	716.20
735.00	758.33
736.00	737.27
737.00	723.23
738.00	765.36
739.00	788.76
740.00	777.06
741.00	751.31
742.00	765.36
743.00	732.59
744.00	786.42
745.00	793.44
746.00	690.46
747.00	758.33
748.00	748.97
749.00	788.76
750.00	786.42
751.00	737.27
752.00	819.19
753.00	791.10
754.00	681.10
755.00	723.23
756.00	788.76
757.00	697.48
758.00	793.44
759.00	767.70
760.00	725.57
761.00	788.76
762.00	800.46
763.00	774.72
764.00	748.97
765.00	755.99
766.00	725.57
767.00	681.10
768.00	770.04
769.00	723.23
770.00	744.29
771.00	725.57
772.00	763.01
773.00	713.86
774.00	744.29
775.00	746.63
776.00	767.70
777.00	758.33
778.00	734.93
779.00	760.67
780.00	713.86
781.00	734.93
782.00	842.59
783.00	812.17
784.00	849.61
785.00	795.78
786.00	763.01
787.00	784.08
788.00	774.72
789.00	744.29
790.00	770.04
791.00	765.36
792.00	779.40
793.00	854.30
794.00	772.38
795.00	739.61
796.00	650.67
797.00	741.95
798.00	720.88
799.00	788.76
800.00	805.14
801.00	746.63
802.00	697.48
803.00	713.86
804.00	741.95
805.00	788.76
806.00	809.83
807.00	725.57
808.00	826.21
809.00	760.67
810.00	809.83
811.00	807.48
812.00	702.16
813.00	727.91
814.00	732.59
815.00	739.61
816.00	718.54
817.00	746.63
818.00	795.78
819.00	716.20
820.00	734.93
821.00	767.70
822.00	812.17
823.00	781.74
824.00	809.83
825.00	744.29
826.00	786.42
827.00	763.01
828.00	748.97
829.00	751.31
830.00	723.23
831.00	814.51
832.00	643.65
833.00	725.57
834.00	755.99
835.00	755.99
836.00	821.53
837.00	770.04
838.00	751.31
839.00	784.08
840.00	777.06
841.00	711.52
842.00	786.42
843.00	716.20
844.00	744.29
845.00	847.27
846.00	784.08
847.00	763.01
848.00	770.04
849.00	755.99
850.00	755.99
851.00	800.46
852.00	678.76
853.00	713.86
854.00	744.29
855.00	720.88
856.00	809.83
857.00	786.42
858.00	763.01
859.00	734.93
860.00	720.88
861.00	748.97
862.00	748.97
863.00	774.72
864.00	763.01
865.00	683.44
866.00	709.18
867.00	800.46
868.00	699.82
869.00	746.63
870.00	758.33
871.00	723.23
872.00	725.57
873.00	753.65
874.00	685.78
875.00	720.88
876.00	725.57
877.00	779.40
878.00	746.63
879.00	793.44
880.00	678.76
881.00	758.33
882.00	718.54
883.00	781.74
884.00	791.10
885.00	753.65
886.00	690.46
887.00	807.48
888.00	802.80
889.00	770.04
890.00	746.63
891.00	765.36
892.00	842.59
893.00	805.14
894.00	795.78
895.00	786.42
896.00	765.36
897.00	823.87
898.00	765.36
899.00	727.91
900.00	786.42
901.00	784.08
902.00	802.80
903.00	779.40
904.00	791.10
905.00	788.76
906.00	898.77
907.00	924.51
908.00	863.66
909.00	821.53
910.00	828.55
911.00	835.57
912.00	898.77
913.00	891.74
914.00	987.71
915.00	863.66
916.00	800.46
917.00	861.32
918.00	851.96
919.00	812.17
920.00	697.48
921.00	800.46
922.00	763.01
923.00	807.48
924.00	774.72
925.00	781.74
926.00	765.36
927.00	727.91
928.00	770.04
929.00	788.76
930.00	748.97
931.00	763.01
932.00	781.74
933.00	753.65
934.00	779.40
935.00	781.74
936.00	755.99
937.00	788.76
938.00	758.33
939.00	777.06
940.00	760.67
941.00	772.38
942.00	774.72
943.00	772.38
944.00	751.31
945.00	770.04
946.00	1121.12
947.00	1593.90
948.00	2059.67
949.00	1879.45
950.00	1544.75
951.00	1383.26
952.00	1151.54
953.00	1074.31
954.00	891.74
955.00	748.97
956.00	800.46
957.00	800.46
958.00	791.10
959.00	791.10
960.00	770.04
961.00	704.50
962.00	716.20
963.00	746.63
964.00	767.70
965.00	774.72
966.00	751.31
967.00	781.74
968.00	727.91
969.00	828.55
970.00	763.01
971.00	755.99
972.00	713.86
973.00	760.67
974.00	744.29
975.00	753.65
976.00	725.57
977.00	837.91
978.00	798.12
979.00	809.83
980.00	744.29
981.00	685.78
982.00	758.33
983.00	732.59
984.00	727.91
985.00	751.31
986.00	807.48
987.00	753.65
988.00	772.38
989.00	741.95
990.00	826.21
991.00	772.38
992.00	697.48
993.00	739.61
994.00	706.84
995.00	704.50
996.00	683.44
997.00	734.93
998.00	744.29
999.00	730.25
1000.00	784.08
1001.00	798.12
1002.00	748.97
1003.00	826.21
1004.00	692.80
1005.00	807.48
1006.00	791.10
1007.00	807.48
1008.00	774.72
1009.00	755.99
1010.00	798.12
1011.00	854.30
1012.00	725.57
1013.00	704.50
1014.00	795.78
1015.00	734.93
1016.00	737.27
1017.00	650.67
1018.00	720.88
1019.00	720.88
1020.00	781.74
1021.00	821.53
1022.00	828.55
1023.00	744.29
1024.00	748.97
1025.00	779.40
1026.00	772.38
1027.00	760.67
1028.00	709.18
1029.00	788.76
1030.00	683.44
1031.00	774.72
1032.00	807.48
1033.00	720.88
1034.00	770.04
1035.00	734.93
1036.00	788.76
1037.00	770.04
1038.00	734.93
1039.00	692.80
1040.00	814.51
1041.00	758.33
1042.00	793.44
1043.00	823.87
1044.00	744.29
1045.00	767.70
1046.00	844.93
1047.00	784.08
1048.00	805.14
1049.00	784.08
1050.00	748.97
1051.00	704.50
1052.00	739.61
1053.00	758.33
1054.00	744.29
1055.00	734.93
1056.00	791.10
1057.00	823.87
1058.00	765.36
1059.00	702.16
1060.00	706.84
1061.00	695.14
1062.00	781.74
1063.00	772.38
1064.00	702.16
1065.00	730.25
1066.00	702.16
1067.00	798.12
1068.00	844.93
1069.00	765.36
1070.00	688.12
1071.00	730.25
1072.00	753.65
1073.00	730.25
1074.00	699.82
1075.00	688.12
1076.00	795.78
1077.00	767.70
1078.00	774.72
1079.00	781.74
1080.00	805.14
1081.00	713.86
1082.00	751.31
1083.00	791.10
1084.00	720.88
1085.00	765.36
1086.00	741.95
1087.00	800.46
1088.00	697.48
1089.00	788.76
1090.00	828.55
1091.00	837.91
1092.00	718.54
1093.00	791.10
1094.00	706.84
1095.00	767.70
1096.00	835.57
1097.00	788.76
1098.00	716.20
1099.00	774.72
1100.00	812.17
1101.00	746.63
1102.00	795.78
1103.00	753.65
1104.00	751.31
1105.00	835.57
1106.00	727.91
1107.00	767.70
1108.00	758.33
1109.00	765.36
1110.00	748.97
1111.00	760.67
1112.00	781.74
1113.00	767.70
1114.00	763.01
1115.00	718.54
1116.00	760.67
1117.00	763.01
1118.00	751.31
1119.00	767.70
1120.00	713.86
1121.00	793.44
1122.00	727.91
1123.00	774.72
1124.00	777.06
1125.00	856.64
1126.00	746.63
1127.00	760.67
1128.00	638.97
1129.00	695.14
1130.00	741.95
1131.00	758.33
1132.00	732.59
1133.00	770.04
1134.00	676.41
1135.00	779.40
1136.00	812.17
1137.00	823.87
1138.00	830.89
1139.00	732.59
1140.00	795.78
1141.00	826.21
1142.00	770.04
1143.00	781.74
1144.00	734.93
1145.00	732.59
1146.00	746.63
1147.00	758.33
1148.00	788.76
1149.00	779.40
1150.00	791.10
1151.00	805.14
1152.00	793.44
1153.00	851.96
1154.00	791.10
1155.00	791.10
1156.00	763.01
1157.00	851.96
1158.00	887.06
1159.00	854.30
1160.00	802.80
1161.00	835.57
1162.00	851.96
1163.00	814.51
1164.00	854.30
1165.00	826.21
1166.00	854.30
1167.00	1088.35
1168.00	1188.99
1169.00	1139.84
1170.00	1109.41
1171.00	1074.31
1172.00	1015.79
1173.00	961.96
1174.00	842.59
1175.00	866.00
1176.00	812.17
1177.00	851.96
1178.00	868.34
1179.00	798.12
1180.00	809.83
1181.00	809.83
1182.00	779.40
1183.00	849.61
1184.00	898.77
1185.00	784.08
1186.00	802.80
1187.00	847.27
1188.00	795.78
1189.00	774.72
1190.00	887.06
1191.00	826.21
1192.00	940.90
1193.00	875.36
1194.00	861.32
1195.00	999.41
1196.00	910.47
1197.00	917.49
1198.00	835.57
1199.00	868.34
1200.00	926.85
1201.00	954.94
1202.00	1057.92
1203.00	1210.06
1204.00	1188.99
1205.00	1071.97
1206.00	1013.45
1207.00	999.41
1208.00	1083.67
1209.00	1027.50
1210.00	983.02
1211.00	1006.43
1212.00	1004.09
1213.00	1039.20
1214.00	1036.86
1215.00	1123.46
1216.00	1186.65
1217.00	1366.87
1218.00	1577.52
1219.00	1767.10
1220.00	3363.35
1221.00	18525.34
1222.00	51983.30
1223.00	65535.00
1224.00	65535.00
1225.00	57939.96
1226.00	44830.62
1227.00	33792.65
1228.00	27611.30
1229.00	19941.36
1230.00	9610.24
1231.00	3843.16
1232.00	2157.97
1233.00	1645.40
1234.00	1399.64
1235.00	1315.38
1236.00	1240.48
1237.00	1181.97
1238.00	1088.35
1239.00	1437.09
1240.00	3152.70
1241.00	5827.93
1242.00	7180.76
1243.00	5816.23
1244.00	4631.92
1245.00	3351.65
1246.00	2864.82
1247.00	2495.01
1248.00	1797.53
1249.00	1252.19
1250.00	1095.37
1251.00	924.51
1252.00	908.13
1253.00	926.85
1254.00	1041.54
1255.00	978.34
1256.00	980.68
1257.00	1041.54
1258.00	1046.22
1259.00	915.15
1260.00	983.02
1261.00	917.49
1262.00	983.02
1263.00	894.08
1264.00	968.98
1265.00	976.00
1266.00	866.00
1267.00	903.45
1268.00	870.68
1269.00	856.64
1270.00	866.00
1271.00	884.72
1272.00	915.15
1273.00	784.08
1274.00	805.14
1275.00	812.17
1276.00	873.02
1277.00	910.47
1278.00	1074.31
1279.00	2354.58
1280.00	6125.18
1281.00	10902.22
1282.00	12498.46
1283.00	9540.02
1284.00	6963.09
1285.00	5207.69
1286.00	4215.30
1287.00	3623.15
1288.00	2242.23
1289.00	1308.36
1290.00	959.62
1291.00	875.36
1292.00	837.91
1293.00	861.32
1294.00	924.51
1295.00	971.32
1296.00	844.93
1297.00	915.15
1298.00	1018.13
1299.00	1582.20
1300.00	2441.18
1301.00	3328.24
1302.00	3126.96
1303.00	2478.63
1304.00	1968.39
1305.00	1720.29
1306.00	1593.90
1307.00	1322.40
1308.00	1046.22
1309.00	858.98
1310.00	905.79
1311.00	830.89
1312.00	847.27
1313.00	877.70
1314.00	763.01
1315.00	793.44
1316.00	812.17
1317.00	830.89
1318.00	800.46
1319.00	786.42
1320.00	819.19
1321.00	772.38
1322.00	770.04
1323.00	894.08
1324.00	795.78
1325.00	751.31
1326.00	835.57
1327.00	793.44
1328.00	781.74
1329.00	748.97
1330.00	739.61
1331.00	821.53
1332.00	901.11
1333.00	1004.09
1334.00	1734.34
1335.00	2846.09
1336.00	3637.19
1337.00	3349.31
1338.00	2635.44
1339.00	1989.46
1340.00	1764.76
1341.00	1643.06
1342.00	1158.57
1343.00	980.68
1344.00	842.59
1345.00	894.08
1346.00	847.27
1347.00	767.70
1348.00	795.78
1349.00	833.23
1350.00	821.53
1351.00	858.98
1352.00	809.83
1353.00	767.70
1354.00	821.53
1355.00	798.12
1356.00	791.10
1357.00	828.55
1358.00	917.49
1359.00	896.43
1360.00	866.00
1361.00	1039.20
1362.00	2230.53
1363.00	5628.99
1364.00	9401.93
1365.00	10530.07
1366.00	7892.29
1367.00	5748.36
1368.00	4287.86
1369.00	3641.87
1370.00	2995.89
1371.00	1886.47
1372.00	1245.16
1373.00	983.02
1374.00	1081.33
1375.00	1181.97
1376.00	2733.75
1377.00	8835.52
1378.00	16095.86
1379.00	18895.14
1380.00	14239.82
1381.00	10193.03
1382.00	7454.61
1383.00	5991.77
1384.00	4821.50
1385.00	2853.11
1386.00	1666.46
1387.00	1158.57
1388.00	957.28
1389.00	856.64
1390.00	980.68
1391.00	929.19
1392.00	877.70
1393.00	933.87
1394.00	866.00
1395.00	889.40
1396.00	800.46
1397.00	901.11
1398.00	1067.28
1399.00	1240.48
1400.00	1303.68
1401.00	1322.40
1402.00	1158.57
1403.00	1165.59
1404.00	1193.67
1405.00	1273.25
1406.00	1919.24
1407.00	8180.17
1408.00	20545.22
1409.00	31098.70
1410.00	27718.96
1411.00	19641.78
1412.00	13441.70
1413.00	10115.80
1414.00	8449.33
1415.00	5521.32
1416.00	2846.09
1417.00	1668.80
1418.00	1291.98
1419.00	1104.73
1420.00	1942.64
1421.00	4262.12
1422.00	7082.46
1423.00	8065.49
1424.00	6230.51
1425.00	4498.51
1426.00	3377.39
1427.00	2806.30
1428.00	2359.26
1429.00	1533.05
1430.00	1048.56
1431.00	915.15
1432.00	894.08
1433.00	961.96
1434.00	943.24
1435.00	917.49
1436.00	929.19
1437.00	854.30
1438.00	788.76
1439.00	863.66
1440.00	866.00
1441.00	763.01
1442.00	870.68
1443.00	863.66
1444.00	837.91
1445.00	814.51
1446.00	809.83
1447.00	819.19
1448.00	784.08
1449.00	866.00
1450.00	866.00
1451.00	809.83
1452.00	858.98
1453.00	826.21
1454.00	870.68
1455.00	1156.22
1456.00	2424.80
1457.00	4198.92
1458.00	5238.12
1459.00	4252.75
1460.00	3293.13
1461.00	2450.54
1462.00	2064.35
1463.00	1781.15
1464.00	1397.30
1465.00	1062.60
1466.00	905.79
1467.00	809.83
1468.00	816.85
1469.00	786.42
1470.00	901.11
1471.00	814.51
1472.00	748.97
1473.00	777.06
1474.00	842.59
1475.00	788.76
1476.00	744.29
1477.00	809.83
1478.00	861.32
1479.00	884.72
1480.00	858.98
1481.00	858.98
1482.00	842.59
1483.00	798.12
1484.00	844.93
1485.00	954.94
1486.00	896.43
1487.00	1198.35
1488.00	3583.36
1489.00	9366.82
1490.00	15295.40
1491.00	15365.62
1492.00	11363.30
1493.00	8037.40
1494.00	5799.85
1495.00	4828.53
1496.00	3496.76
1497.00	2050.31
1498.00	1277.93
1499.00	945.58
1500.00	868.34
1501.00	908.13
1502.00	910.47
1503.00	800.46
1504.00	791.10
1505.00	821.53
1506.00	800.46
1507.00	802.80
1508.00	784.08
1509.00	837.91
1510.00	772.38
1511.00	784.08
1512.00	875.36
1513.00	1130.48
1514.00	2129.89
1515.00	3569.32
1516.00	4645.96
1517.00	3936.78
1518.00	2892.90
1519.00	2345.22
1520.00	2001.16
1521.00	1586.88
1522.00	1296.66
1523.00	994.73
1524.00	905.79
1525.00	931.53
1526.00	833.23
1527.00	812.17
1528.00	858.98
1529.00	891.74
1530.00	919.83
1531.00	922.17
1532.00	1081.33
1533.00	2083.08
1534.00	5181.95
1535.00	9390.23
1536.00	11564.59
1537.00	8727.86
1538.00	6235.19
1539.00	4638.94
1540.00	3655.92
1541.00	2981.84
1542.00	1954.35
1543.00	1217.08
1544.00	959.62
1545.00	880.04
1546.00	887.06
1547.00	823.87
1548.00	880.04
1549.00	833.23
1550.00	816.85
1551.00	835.57
1552.00	880.04
1553.00	809.83
1554.00	842.59
1555.00	880.04
1556.00	877.70
1557.00	763.01
1558.00	809.83
1559.00	894.08
1560.00	964.30
1561.00	840.25
1562.00	877.70
1563.00	947.92
1564.00	966.64
1565.00	1357.51
1566.00	4395.53
1567.00	11777.58
1568.00	19332.82
1569.00	20102.86
1570.00	14588.56
1571.00	10431.77
1572.00	7494.40
1573.00	6087.73
1574.00	4234.03
1575.00	2616.72
1576.00	1638.38
1577.00	1362.19
1578.00	1645.40
1579.00	6527.75
1580.00	18270.22
1581.00	30913.80
1582.00	32575.58
1583.00	23267.27
1584.00	16320.56
1585.00	11480.33
1586.00	9315.33
1587.00	6260.93
1588.00	3438.25
1589.00	1879.45
1590.00	1287.29
1591.00	1053.24
1592.00	1004.09
1593.00	1041.54
1594.00	856.64
1595.00	985.37
1596.00	842.59
1597.00	889.40
1598.00	849.61
1599.00	847.27
1600.00	828.55
1601.00	767.70
1602.00	781.74
1603.00	755.99
1604.00	791.10
1605.00	800.46
1606.00	835.57
1607.00	847.27
1608.00	746.63
1609.00	772.38
1610.00	812.17
1611.00	788.76
1612.00	795.78
1613.00	823.87
1614.00	786.42
1615.00	849.61
1616.00	816.85
1617.00	786.42
1618.00	767.70
1619.00	802.80
1620.00	821.53
1621.00	849.61
1622.00	723.23
1623.00	847.27
1624.00	758.33
1625.00	755.99
1626.00	730.25
1627.00	798.12
1628.00	746.63
1629.00	770.04
1630.00	734.93
1631.00	753.65
1632.00	765.36
1633.00	763.01
1634.00	772.38
1635.00	770.04
1636.00	814.51
1637.00	800.46
1638.00	802.80
1639.00	812.17
1640.00	882.38
1641.00	720.88
1642.00	765.36
1643.00	828.55
1644.00	826.21
1645.00	791.10
1646.00	840.25
1647.00	919.83
1648.00	894.08
1649.00	1107.07
1650.00	2586.29
1651.00	7527.16
1652.00	14370.89
1653.00	17652.32
1654.00	13645.32
1655.00	9937.91
1656.00	7037.99
1657.00	5406.64
1658.00	4114.66
1659.00	2459.90
1660.00	1554.12
1661.00	1081.33
1662.00	866.00
1663.00	814.51
1664.00	840.25
1665.00	802.80
1666.00	795.78
1667.00	903.45
1668.00	1247.51
1669.00	2602.68
1670.00	4802.78
1671.00	6225.82
1672.00	5401.96
1673.00	4065.51
1674.00	3087.17
1675.00	2555.86
1676.00	2019.88
1677.00	1397.30
1678.00	1060.26
1679.00	784.08
1680.00	833.23
1681.00	873.02
1682.00	802.80
1683.00	777.06
1684.00	802.80
1685.00	767.70
1686.00	807.48
1687.00	795.78
1688.00	713.86
1689.00	798.12
1690.00	821.53
1691.00	774.72
1692.00	772.38
1693.00	732.59
1694.00	765.36
1695.00	732.59
1696.00	739.61
1697.00	741.95
1698.00	723.23
1699.00	814.51
1700.00	800.46
1701.00	777.06
1702.00	760.67
1703.00	746.63
1704.00	774.72
1705.00	755.99
1706.00	788.76
1707.00	744.29
1708.00	791.10
1709.00	821.53
1710.00	772.38
1711.00	779.40
1712.00	835.57
1713.00	917.49
1714.00	1420.71
1715.00	3492.08
1716.00	6546.48
1717.00	8449.33
1718.00	7730.79
1719.00	5884.11
1720.00	4241.05
1721.00	3260.37
1722.00	2345.22
1723.00	1673.48
1724.00	1240.48
1725.00	980.68
1726.00	898.77
1727.00	840.25
1728.00	800.46
1729.00	779.40
1730.00	772.38
1731.00	809.83
1732.00	828.55
1733.00	770.04
1734.00	779.40
1735.00	709.18
1736.00	812.17
1737.00	713.86
1738.00	758.33
1739.00	732.59
1740.00	805.14
1741.00	777.06
1742.00	849.61
1743.00	748.97
1744.00	784.08
1745.00	830.89
1746.00	753.65
1747.00	732.59
1748.00	734.93
1749.00	739.61
1750.00	805.14
1751.00	849.61
1752.00	809.83
1753.00	767.70
1754.00	851.96
1755.00	849.61
1756.00	819.19
1757.00	842.59
1758.00	833.23
1759.00	849.61
1760.00	774.72
1761.00	784.08
1762.00	781.74
1763.00	786.42
1764.00	725.57
1765.00	779.40
1766.00	849.61
1767.00	868.34
1768.00	926.85
1769.00	1090.69
1770.00	2040.95
1771.00	5774.10
1772.00	11115.20
1773.00	14700.90
1774.00	12814.43
1775.00	9577.47
1776.00	6965.43
1777.00	4959.60
1778.00	3178.45
1779.00	2005.84
1780.00	1364.53
1781.00	1137.50
1782.00	964.30
1783.00	926.85
1784.00	947.92
1785.00	821.53
1786.00	788.76
1787.00	809.83
1788.00	798.12
1789.00	765.36
1790.00	800.46
1791.00	795.78
1792.00	802.80
1793.00	873.02
1794.00	826.21
1795.00	823.87
1796.00	868.34
1797.00	1071.97
1798.00	2333.51
1799.00	5193.65
1800.00	8400.18
1801.00	9572.79
1802.00	7520.14
1803.00	5764.74
1804.00	4051.47
1805.00	2717.36
1806.00	1870.09
1807.00	1327.08
1808.00	997.07
1809.00	905.79
1810.00	847.27
1811.00	781.74
1812.00	805.14
1813.00	744.29
1814.00	798.12
1815.00	809.83
1816.00	816.85
1817.00	800.46
1818.00	774.72
1819.00	772.38
1820.00	746.63
1821.00	802.80
1822.00	751.31
1823.00	788.76
1824.00	828.55
1825.00	828.55
1826.00	854.30
1827.00	896.43
1828.00	863.66
1829.00	856.64
1830.00	833.23
1831.00	772.38
1832.00	723.23
1833.00	727.91
1834.00	725.57
1835.00	795.78
1836.00	716.20
1837.00	748.97
1838.00	753.65
1839.00	781.74
1840.00	781.74
1841.00	631.94
1842.00	812.17
1843.00	791.10
1844.00	676.41
1845.00	772.38
1846.00	737.27
1847.00	732.59
1848.00	737.27
1849.00	744.29
1850.00	765.36
1851.00	727.91
1852.00	706.84
1853.00	788.76
1854.00	737.27
1855.00	770.04
1856.00	795.78
1857.00	723.23
1858.00	746.63
1859.00	751.31
1860.00	755.99
1861.00	772.38
1862.00	709.18
1863.00	716.20
1864.00	763.01
1865.00	795.78
1866.00	716.20
1867.00	709.18
1868.00	737.27
1869.00	755.99
1870.00	734.93
1871.00	800.46
1872.00	802.80
1873.00	753.65
1874.00	760.67
1875.00	716.20
1876.00	716.20
1877.00	767.70
1878.00	823.87
1879.00	765.36
1880.00	730.25
1881.00	758.33
1882.00	763.01
1883.00	753.65
1884.00	805.14
1885.00	713.86
1886.00	798.12
1887.00	751.31
1888.00	760.67
1889.00	805.14
1890.00	821.53
1891.00	809.83
1892.00	760.67
1893.00	695.14
1894.00	798.12
1895.00	711.52
1896.00	718.54
1897.00	730.25
1898.00	695.14
1899.00	727.91
1900.00	746.63
1901.00	739.61
1902.00	755.99
1903.00	702.16
1904.00	763.01
1905.00	833.23
1906.00	781.74
1907.00	674.07
1908.00	671.73
1909.00	835.57
1910.00	781.74
1911.00	821.53
1912.00	809.83
1913.00	823.87
1914.00	807.48
1915.00	774.72
1916.00	788.76
1917.00	851.96
1918.00	807.48
1919.00	730.25
1920.00	753.65
1921.00	758.33
1922.00	816.85
1923.00	809.83
1924.00	777.06
1925.00	821.53
1926.00	795.78
1927.00	734.93
1928.00	760.67
1929.00	713.86
1930.00	706.84
1931.00	812.17
1932.00	823.87
1933.00	751.31
1934.00	751.31
1935.00	748.97
1936.00	763.01
1937.00	718.54
1938.00	760.67
1939.00	779.40
1940.00	772.38
1941.00	772.38
1942.00	770.04
1943.00	723.23
1944.00	702.16
1945.00	795.78
1946.00	737.27
1947.00	788.76
1948.00	746.63
1949.00	737.27
1950.00	777.06
1951.00	819.19
1952.00	997.07
1953.00	2186.06
1954.00	4667.03
1955.00	7206.51
1956.00	8142.72
1957.00	5996.45
1958.00	3822.09
1959.00	2534.80
1960.00	1633.69
1961.00	1336.45
1962.00	1097.71
1963.00	966.64
1964.00	816.85
1965.00	763.01
1966.00	772.38
1967.00	772.38
1968.00	802.80
1969.00	812.17
1970.00	720.88
1971.00	713.86
1972.00	772.38
1973.00	723.23
1974.00	755.99
1975.00	734.93
1976.00	753.65
1977.00	725.57
1978.00	772.38
1979.00	793.44
1980.00	870.68
1981.00	1022.81
1982.00	1142.18
1983.00	1151.54
1984.00	1022.81
1985.00	994.73
1986.00	894.08
1987.00	805.14
1988.00	873.02
1989.00	819.19
1990.00	763.01
1991.00	809.83
1992.00	800.46
1993.00	798.12
1994.00	741.95
1995.00	739.61
1996.00	711.52
1997.00	737.27
1998.00	667.05
1999.00	800.46
2000.00	704.50
2001.00	732.59
2002.00	744.29
2003.00	905.79
2004.00	819.19
2005.00	730.25
2006.00	711.52
2007.00	730.25
2008.00	786.42
2009.00	765.36
2010.00	795.78
2011.00	774.72
2012.00	781.74
2013.00	795.78
2014.00	814.51
2015.00	856.64
2016.00	793.44
2017.00	741.95
2018.00	758.33
2019.00	732.59
2020.00	755.99
2021.00	746.63
2022.00	758.33
2023.00	830.89
2024.00	891.74
2025.00	976.00
2026.00	1167.93
2027.00	1270.91
2028.00	1177.29
2029.00	1228.78
2030.00	2347.56
2031.00	6223.48
2032.00	11964.82
2033.00	16561.63
2034.00	15021.56
2035.00	10050.26
2036.00	6640.10
2037.00	4177.86
2038.00	2712.68
2039.00	1884.13
2040.00	1224.10
2041.00	990.05
2042.00	922.17
2043.00	877.70
2044.00	770.04
2045.00	812.17
2046.00	826.21
2047.00	795.78
