0.00	695.14
1.00	695.14
2.00	695.14
3.00	564.07
4.00	596.84
5.00	557.05
6.00	519.60
7.00	571.09
8.00	484.49
9.00	524.28
10.00	505.56
11.00	601.52
12.00	631.94
13.00	557.05
14.00	540.66
15.00	566.41
16.00	571.09
17.00	582.79
18.00	599.18
19.00	592.16
20.00	608.54
21.00	613.22
22.00	587.47
23.00	674.07
24.00	599.18
25.00	657.69
26.00	706.84
27.00	634.29
28.00	601.52
29.00	613.22
30.00	739.61
31.00	695.14
32.00	676.41
33.00	739.61
34.00	741.95
35.00	727.91
36.00	734.93
37.00	716.20
38.00	777.06
39.00	711.52
40.00	802.80
41.00	734.93
42.00	741.95
43.00	753.65
44.00	723.23
45.00	755.99
46.00	791.10
47.00	755.99
48.00	711.52
49.00	716.20
50.00	725.57
51.00	793.44
52.00	751.31
53.00	772.38
54.00	697.48
55.00	734.93
56.00	737.27
57.00	730.25
58.00	711.52
59.00	748.97
60.00	732.59
61.00	723.23
62.00	706.84
63.00	751.31
64.00	692.80
65.00	711.52
66.00	770.04
67.00	706.84
68.00	758.33
69.00	716.20
70.00	676.41
71.00	746.63
72.00	758.33
73.00	711.52
74.00	741.95
75.00	741.95
76.00	711.52
77.00	744.29
78.00	704.50
79.00	674.07
80.00	727.91
81.00	774.72
82.00	788.76
83.00	683.44
84.00	723.23
85.00	669.39
86.00	723.23
87.00	727.91
88.00	772.38
89.00	737.27
90.00	737.27
91.00	725.57
92.00	709.18
93.00	653.01
94.00	727.91
95.00	751.31
96.00	760.67
97.00	758.33
98.00	746.63
99.00	741.95
100.00	702.16
101.00	741.95
102.00	763.01
103.00	655.35
104.00	702.16
105.00	718.54
106.00	744.29
107.00	695.14
108.00	727.91
109.00	753.65
110.00	697.48
111.00	688.12
112.00	751.31
113.00	744.29
114.00	730.25
115.00	711.52
116.00	697.48
117.00	746.63
118.00	695.14
119.00	826.21
120.00	697.48
121.00	727.91
122.00	650.67
123.00	770.04
124.00	744.29
125.00	713.86
126.00	746.63
127.00	727.91
128.00	723.23
129.00	753.65
130.00	751.31
131.00	788.76
132.00	760.67
133.00	713.86
134.00	688.12
135.00	702.16
136.00	706.84
137.00	809.83
138.00	709.18
139.00	758.33
140.00	711.52
141.00	760.67
142.00	711.52
143.00	716.20
144.00	807.48
145.00	751.31
146.00	763.01
147.00	737.27
148.00	713.86
149.00	774.72
150.00	746.63
151.00	690.46
152.00	753.65
153.00	730.25
154.00	781.74
155.00	800.46
156.00	730.25
157.00	704.50
158.00	730.25
159.00	692.80
160.00	753.65
161.00	723.23
162.00	688.12
163.00	791.10
164.00	669.39
165.00	704.50
166.00	748.97
167.00	751.31
168.00	760.67
169.00	767.70
170.00	723.23
171.00	718.54
172.00	763.01
173.00	730.25
174.00	723.23
175.00	713.86
176.00	730.25
177.00	814.51
178.00	746.63
179.00	772.38
180.00	748.97
181.00	702.16
182.00	755.99
183.00	755.99
184.00	723.23
185.00	720.88
186.00	718.54
187.00	760.67
188.00	802.80
189.00	763.01
190.00	763.01
191.00	786.42
192.00	753.65
193.00	763.01
194.00	741.95
195.00	741.95
196.00	739.61
197.00	772.38
198.00	648.33
199.00	807.48
200.00	821.53
201.00	816.85
202.00	819.19
203.00	723.23
204.00	697.48
205.00	720.88
206.00	730.25
207.00	706.84
208.00	807.48
209.00	739.61
210.00	716.20
211.00	751.31
212.00	772.38
213.00	760.67
214.00	767.70
215.00	732.59
216.00	760.67
217.00	774.72
218.00	699.82
219.00	760.67
220.00	706.84
221.00	798.12
222.00	734.93
223.00	819.19
224.00	681.10
225.00	720.88
226.00	770.04
227.00	702.16
228.00	723.23
229.00	779.40
230.00	765.36
231.00	671.73
232.00	636.63
233.00	774.72
234.00	755.99
235.00	772.38
236.00	669.39
237.00	699.82
238.00	763.01
239.00	800.46
240.00	718.54
241.00	741.95
242.00	744.29
243.00	667.05
244.00	751.31
245.00	737.27
246.00	779.40
247.00	746.63
248.00	725.57
249.00	716.20
250.00	791.10
251.00	669.39
252.00	683.44
253.00	777.06
254.00	711.52
255.00	713.86
256.00	786.42
257.00	732.59
258.00	737.27
259.00	739.61
260.00	678.76
261.00	704.50
262.00	755.99
263.00	690.46
264.00	770.04
265.00	688.12
266.00	732.59
267.00	763.01
268.00	774.72
269.00	730.25
270.00	823.87
271.00	779.40
272.00	854.30
273.00	793.44
274.00	823.87
275.00	823.87
276.00	730.25
277.00	802.80
278.00	842.59
279.00	795.78
280.00	814.51
281.00	777.06
282.00	765.36
283.00	725.57
284.00	758.33
285.00	718.54
286.00	798.12
287.00	781.74
288.00	779.40
289.00	671.73
290.00	751.31
291.00	786.42
292.00	760.67
293.00	741.95
294.00	720.88
295.00	734.93
296.00	695.14
297.00	709.18
298.00	765.36
299.00	720.88
300.00	648.33
301.00	706.84
302.00	784.08
303.00	795.78
304.00	758.33
305.00	699.82
306.00	770.04
307.00	751.31
308.00	854.30
309.00	779.40
310.00	763.01
311.00	739.61
312.00	854.30
313.00	779.40
314.00	753.65
315.00	802.80
316.00	732.59
317.00	725.57
318.00	725.57
319.00	718.54
320.00	753.65
321.00	760.67
322.00	732.59
323.00	746.63
324.00	819.19
325.00	671.73
326.00	772.38
327.00	709.18
328.00	702.16
329.00	765.36
330.00	751.31
331.00	706.84
332.00	805.14
333.00	786.42
334.00	744.29
335.00	751.31
336.00	702.16
337.00	763.01
338.00	727.91
339.00	702.16
340.00	730.25
341.00	758.33
342.00	734.93
343.00	732.59
344.00	856.64
345.00	793.44
346.00	706.84
347.00	863.66
348.00	877.70
349.00	812.17
350.00	866.00
351.00	784.08
352.00	870.68
353.00	830.89
354.00	819.19
355.00	753.65
356.00	837.91
357.00	777.06
358.00	767.70
359.00	774.72
360.00	732.59
361.00	718.54
362.00	753.65
363.00	770.04
364.00	741.95
365.00	767.70
366.00	781.74
367.00	758.33
368.00	690.46
369.00	755.99
370.00	725.57
371.00	746.63
372.00	763.01
373.00	753.65
374.00	751.31
375.00	755.99
376.00	774.72
377.00	753.65
378.00	753.65
379.00	662.37
380.00	781.74
381.00	732.59
382.00	828.55
383.00	753.65
384.00	725.57
385.00	823.87
386.00	702.16
387.00	688.12
388.00	760.67
389.00	713.86
390.00	758.33
391.00	755.99
392.00	746.63
393.00	807.48
394.00	716.20
395.00	748.97
396.00	748.97
397.00	713.86
398.00	653.01
399.00	683.44
400.00	699.82
401.00	816.85
402.00	760.67
403.00	748.97
404.00	751.31
405.00	763.01
406.00	781.74
407.00	760.67
408.00	737.27
409.00	711.52
410.00	730.25
411.00	772.38
412.00	767.70
413.00	746.63
414.00	751.31
415.00	716.20
416.00	678.76
417.00	725.57
418.00	774.72
419.00	739.61
420.00	718.54
421.00	723.23
422.00	774.72
423.00	760.67
424.00	765.36
425.00	777.06
426.00	791.10
427.00	718.54
428.00	805.14
429.00	798.12
430.00	784.08
431.00	758.33
432.00	702.16
433.00	723.23
434.00	718.54
435.00	760.67
436.00	758.33
437.00	627.26
438.00	678.76
439.00	711.52
440.00	667.05
441.00	716.20
442.00	802.80
443.00	744.29
444.00	763.01
445.00	671.73
446.00	730.25
447.00	702.16
448.00	814.51
449.00	753.65
450.00	781.74
451.00	800.46
452.00	784.08
453.00	765.36
454.00	699.82
455.00	688.12
456.00	741.95
457.00	767.70
458.00	697.48
459.00	690.46
460.00	809.83
461.00	746.63
462.00	777.06
463.00	720.88
464.00	770.04
465.00	706.84
466.00	774.72
467.00	770.04
468.00	772.38
469.00	695.14
470.00	755.99
471.00	739.61
472.00	791.10
473.00	788.76
474.00	767.70
475.00	744.29
476.00	763.01
477.00	786.42
478.00	695.14
479.00	709.18
480.00	734.93
481.00	753.65
482.00	709.18
483.00	739.61
484.00	706.84
485.00	730.25
486.00	751.31
487.00	746.63
488.00	779.40
489.00	784.08
490.00	737.27
491.00	732.59
492.00	709.18
493.00	772.38
494.00	763.01
495.00	755.99
496.00	739.61
497.00	685.78
498.00	765.36
499.00	816.85
500.00	751.31
501.00	802.80
502.00	730.25
503.00	779.40
504.00	713.86
505.00	760.67
506.00	725.57
507.00	854.30
508.00	781.74
509.00	795.78
510.00	725.57
511.00	706.84
512.00	791.10
513.00	760.67
514.00	786.42
515.00	767.70
516.00	711.52
517.00	709.18
518.00	767.70
519.00	737.27
520.00	755.99
521.00	737.27
522.00	833.23
523.00	690.46
524.00	758.33
525.00	650.67
526.00	685.78
527.00	725.57
528.00	706.84
529.00	681.10
530.00	763.01
531.00	720.88
532.00	793.44
533.00	819.19
534.00	709.18
535.00	786.42
536.00	720.88
537.00	690.46
538.00	730.25
539.00	734.93
540.00	770.04
541.00	748.97
542.00	716.20
543.00	730.25
544.00	746.63
545.00	739.61
546.00	760.67
547.00	730.25
548.00	828.55
549.00	823.87
550.00	765.36
551.00	732.59
552.00	821.53
553.00	812.17
554.00	755.99
555.00	772.38
556.00	800.46
557.00	765.36
558.00	751.31
559.00	784.08
560.00	755.99
561.00	758.33
562.00	760.67
563.00	737.27
564.00	737.27
565.00	709.18
566.00	746.63
567.00	706.84
568.00	779.40
569.00	763.01
570.00	720.88
571.00	723.23
572.00	770.04
573.00	795.78
574.00	791.10
575.00	737.27
576.00	713.86
577.00	692.80
578.00	725.57
579.00	741.95
580.00	697.48
581.00	800.46
582.00	763.01
583.00	795.78
584.00	807.48
585.00	739.61
586.00	716.20
587.00	727.91
588.00	709.18
589.00	702.16
590.00	844.93
591.00	713.86
592.00	840.25
593.00	786.42
594.00	725.57
595.00	770.04
596.00	741.95
597.00	737.27
598.00	727.91
599.00	781.74
600.00	739.61
601.00	716.20
602.00	753.65
603.00	725.57
604.00	697.48
605.00	725.57
606.00	674.07
607.00	716.20
608.00	688.12
609.00	781.74
610.00	622.58
611.00	690.46
612.00	730.25
613.00	730.25
614.00	753.65
615.00	718.54
616.00	744.29
617.00	800.46
618.00	725.57
619.00	709.18
620.00	751.31
621.00	741.95
622.00	685.78
623.00	800.46
624.00	765.36
625.00	765.36
626.00	770.04
627.00	798.12
628.00	723.23
629.00	814.51
630.00	753.65
631.00	788.76
632.00	763.01
633.00	737.27
634.00	748.97
635.00	751.31
636.00	739.61
637.00	800.46
638.00	774.72
639.00	734.93
640.00	760.67
641.00	781.74
642.00	826.21
643.00	786.42
644.00	667.05
645.00	690.46
646.00	744.29
647.00	737.27
648.00	755.99
649.00	725.57
650.00	711.52
651.00	793.44
652.00	699.82
653.00	791.10
654.00	765.36
655.00	760.67
656.00	692.80
657.00	767.70
658.00	741.95
659.00	765.36
660.00	667.05
661.00	774.72
662.00	788.76
663.00	777.06
664.00	760.67
665.00	753.65
666.00	713.86
667.00	779.40
668.00	734.93
669.00	767.70
670.00	748.97
671.00	767.70
672.00	755.99
673.00	697.48
674.00	655.35
675.00	697.48
676.00	685.78
677.00	737.27
678.00	683.44
679.00	781.74
680.00	758.33
681.00	706.84
682.00	812.17
683.00	755.99
684.00	737.27
685.00	779.40
686.00	770.04
687.00	802.80
688.00	800.46
689.00	755.99
690.00	781.74
691.00	849.61
692.00	777.06
693.00	805.14
694.00	755.99
695.00	777.06
696.00	791.10
697.00	723.23
698.00	732.59
699.00	784.08
700.00	770.04
701.00	737.27
702.00	732.59
703.00	753.65
704.00	821.53
705.00	737.27
706.00	669.39
707.00	760.67
708.00	751.31
709.00	800.46
710.00	826.21
711.00	788.76
712.00	704.50
713.00	730.25
714.00	786.42
715.00	854.30
716.00	753.65
717.00	748.97
718.00	800.46
719.00	730.25
720.00	716.20
721.00	678.76
722.00	795.78
723.00	800.46
724.00	763.01
725.00	760.67
726.00	765.36
727.00	784.08
728.00	840.25
729.00	763.01
730.00	741.95
731.00	784.08
732.00	753.65
733.00	795.78
734.00	772.38
735.00	798.12
736.00	816.85
737.00	798.12
738.00	793.44
739.00	816.85
740.00	833.23
741.00	746.63
742.00	800.46
743.00	807.48
744.00	819.19
745.00	784.08
746.00	737.27
747.00	793.44
748.00	737.27
749.00	727.91
750.00	723.23
751.00	844.93
752.00	713.86
753.00	702.16
754.00	748.97
755.00	718.54
756.00	795.78
757.00	725.57
758.00	753.65
759.00	791.10
760.00	711.52
761.00	748.97
762.00	777.06
763.00	767.70
764.00	788.76
765.00	807.48
766.00	734.93
767.00	774.72
768.00	777.06
769.00	800.46
770.00	730.25
771.00	748.97
772.00	781.74
773.00	798.12
774.00	781.74
775.00	875.36
776.00	781.74
777.00	753.65
778.00	753.65
779.00	767.70
780.00	716.20
781.00	812.17
782.00	842.59
783.00	795.78
784.00	774.72
785.00	784.08
786.00	765.36
787.00	720.88
788.00	711.52
789.00	727.91
790.00	791.10
791.00	746.63
792.00	748.97
793.00	786.42
794.00	732.59
795.00	716.20
796.00	767.70
797.00	791.10
798.00	809.83
799.00	737.27
800.00	833.23
801.00	763.01
802.00	807.48
803.00	727.91
804.00	791.10
805.00	800.46
806.00	765.36
807.00	772.38
808.00	795.78
809.00	753.65
810.00	793.44
811.00	849.61
812.00	737.27
813.00	758.33
814.00	732.59
815.00	751.31
816.00	753.65
817.00	767.70
818.00	699.82
819.00	702.16
820.00	755.99
821.00	744.29
822.00	805.14
823.00	866.00
824.00	875.36
825.00	692.80
826.00	791.10
827.00	753.65
828.00	795.78
829.00	744.29
830.00	816.85
831.00	772.38
832.00	709.18
833.00	788.76
834.00	798.12
835.00	781.74
836.00	812.17
837.00	772.38
838.00	786.42
839.00	727.91
840.00	758.33
841.00	730.25
842.00	755.99
843.00	814.51
844.00	880.04
845.00	770.04
846.00	795.78
847.00	744.29
848.00	725.57
849.00	734.93
850.00	713.86
851.00	741.95
852.00	697.48
853.00	753.65
854.00	786.42
855.00	772.38
856.00	739.61
857.00	748.97
858.00	753.65
859.00	704.50
860.00	667.05
861.00	758.33
862.00	725.57
863.00	807.48
864.00	709.18
865.00	779.40
866.00	833.23
867.00	788.76
868.00	755.99
869.00	758.33
870.00	774.72
871.00	821.53
872.00	837.91
873.00	739.61
874.00	711.52
875.00	734.93
876.00	779.40
877.00	791.10
878.00	763.01
879.00	870.68
880.00	737.27
881.00	777.06
882.00	767.70
883.00	788.76
884.00	753.65
885.00	800.46
886.00	774.72
887.00	774.72
888.00	702.16
889.00	739.61
890.00	741.95
891.00	706.84
892.00	774.72
893.00	798.12
894.00	798.12
895.00	734.93
896.00	795.78
897.00	725.57
898.00	788.76
899.00	819.19
900.00	748.97
901.00	727.91
902.00	788.76
903.00	720.88
904.00	760.67
905.00	784.08
906.00	898.77
907.00	915.15
908.00	877.70
909.00	873.02
910.00	758.33
911.00	854.30
912.00	887.06
913.00	926.85
914.00	933.87
915.00	926.85
916.00	851.96
917.00	877.70
918.00	840.25
919.00	809.83
920.00	837.91
921.00	763.01
922.00	770.04
923.00	767.70
924.00	809.83
925.00	795.78
926.00	772.38
927.00	739.61
928.00	835.57
929.00	746.63
930.00	753.65
931.00	781.74
932.00	753.65
933.00	809.83
934.00	737.27
935.00	786.42
936.00	734.93
937.00	786.42
938.00	746.63
939.00	720.88
940.00	716.20
941.00	739.61
942.00	709.18
943.00	748.97
944.00	802.80
945.00	812.17
946.00	1184.31
947.00	1739.02
948.00	2162.66
949.00	1902.86
950.00	1687.53
951.00	1469.86
952.00	1268.57
953.00	1090.69
954.00	910.47
955.00	772.38
956.00	777.06
957.00	732.59
958.00	819.19
959.00	772.38
960.00	842.59
961.00	734.93
962.00	807.48
963.00	816.85
964.00	819.19
965.00	793.44
966.00	774.72
967.00	786.42
968.00	828.55
969.00	739.61
970.00	765.36
971.00	802.80
972.00	786.42
973.00	774.72
974.00	784.08
975.00	758.33
976.00	807.48
977.00	737.27
978.00	748.97
979.00	758.33
980.00	800.46
981.00	758.33
982.00	812.17
983.00	732.59
984.00	732.59
985.00	730.25
986.00	657.69
987.00	795.78
988.00	823.87
989.00	737.27
990.00	746.63
991.00	744.29
992.00	753.65
993.00	718.54
994.00	774.72
995.00	777.06
996.00	814.51
997.00	690.46
998.00	706.84
999.00	807.48
1000.00	830.89
1001.00	779.40
1002.00	660.03
1003.00	793.44
1004.00	814.51
1005.00	770.04
1006.00	744.29
1007.00	774.72
1008.00	741.95
1009.00	765.36
1010.00	758.33
1011.00	812.17
1012.00	786.42
1013.00	800.46
1014.00	760.67
1015.00	709.18
1016.00	711.52
1017.00	800.46
1018.00	753.65
1019.00	737.27
1020.00	828.55
1021.00	821.53
1022.00	753.65
1023.00	798.12
1024.00	814.51
1025.00	678.76
1026.00	744.29
1027.00	746.63
1028.00	753.65
1029.00	786.42
1030.00	791.10
1031.00	809.83
1032.00	851.96
1033.00	734.93
1034.00	732.59
1035.00	709.18
1036.00	791.10
1037.00	774.72
1038.00	765.36
1039.00	751.31
1040.00	713.86
1041.00	784.08
1042.00	704.50
1043.00	812.17
1044.00	753.65
1045.00	779.40
1046.00	875.36
1047.00	809.83
1048.00	802.80
1049.00	816.85
1050.00	786.42
1051.00	725.57
1052.00	748.97
1053.00	713.86
1054.00	741.95
1055.00	788.76
1056.00	732.59
1057.00	730.25
1058.00	681.10
1059.00	786.42
1060.00	767.70
1061.00	751.31
1062.00	800.46
1063.00	847.27
1064.00	781.74
1065.00	741.95
1066.00	760.67
1067.00	781.74
1068.00	870.68
1069.00	793.44
1070.00	814.51
1071.00	786.42
1072.00	802.80
1073.00	812.17
1074.00	800.46
1075.00	784.08
1076.00	772.38
1077.00	739.61
1078.00	786.42
1079.00	716.20
1080.00	823.87
1081.00	763.01
1082.00	779.40
1083.00	763.01
1084.00	816.85
1085.00	814.51
1086.00	767.70
1087.00	737.27
1088.00	737.27
1089.00	791.10
1090.00	784.08
1091.00	706.84
1092.00	786.42
1093.00	767.70
1094.00	763.01
1095.00	809.83
1096.00	755.99
1097.00	723.23
1098.00	788.76
1099.00	739.61
1100.00	840.25
1101.00	755.99
1102.00	791.10
1103.00	791.10
1104.00	812.17
1105.00	819.19
1106.00	770.04
1107.00	784.08
1108.00	802.80
1109.00	765.36
1110.00	774.72
1111.00	784.08
1112.00	737.27
1113.00	692.80
1114.00	744.29
1115.00	748.97
1116.00	753.65
1117.00	828.55
1118.00	744.29
1119.00	779.40
1120.00	800.46
1121.00	753.65
1122.00	816.85
1123.00	781.74
1124.00	800.46
1125.00	798.12
1126.00	812.17
1127.00	779.40
1128.00	777.06
1129.00	723.23
1130.00	734.93
1131.00	737.27
1132.00	763.01
1133.00	697.48
1134.00	826.21
1135.00	786.42
1136.00	695.14
1137.00	781.74
1138.00	795.78
1139.00	751.31
1140.00	779.40
1141.00	793.44
1142.00	763.01
1143.00	774.72
1144.00	786.42
1145.00	725.57
1146.00	800.46
1147.00	765.36
1148.00	760.67
1149.00	716.20
1150.00	774.72
1151.00	863.66
1152.00	702.16
1153.00	786.42
1154.00	814.51
1155.00	772.38
1156.00	774.72
1157.00	807.48
1158.00	889.40
1159.00	866.00
1160.00	887.06
1161.00	912.81
1162.00	861.32
1163.00	819.19
1164.00	880.04
1165.00	861.32
1166.00	809.83
1167.00	992.39
1168.00	1275.59
1169.00	1233.46
1170.00	1146.86
1171.00	1158.57
1172.00	1025.15
1173.00	901.11
1174.00	887.06
1175.00	821.53
1176.00	835.57
1177.00	903.45
1178.00	866.00
1179.00	837.91
1180.00	858.98
1181.00	835.57
1182.00	814.51
1183.00	798.12
1184.00	870.68
1185.00	823.87
1186.00	912.81
1187.00	856.64
1188.00	849.61
1189.00	807.48
1190.00	833.23
1191.00	887.06
1192.00	901.11
1193.00	905.79
1194.00	945.58
1195.00	954.94
1196.00	889.40
1197.00	910.47
1198.00	922.17
1199.00	973.66
1200.00	1004.09
1201.00	1008.77
1202.00	1137.50
1203.00	1165.59
1204.00	1153.88
1205.00	1142.18
1206.00	1174.95
1207.00	1104.73
1208.00	1135.16
1209.00	1008.77
1210.00	1004.09
1211.00	1032.18
1212.00	1067.28
1213.00	1109.41
1214.00	1144.52
1215.00	1102.39
1216.00	1299.00
1217.00	1409.00
1218.00	1675.82
1219.00	1851.36
1220.00	3679.32
1221.00	20409.47
1222.00	55290.48
1223.00	65535.00
1224.00	65535.00
1225.00	59882.61
1226.00	48236.10
1227.00	36411.71
1228.00	29659.27
1229.00	21600.80
1230.00	10071.33
1231.00	4337.01
1232.00	2317.13
1233.00	1753.06
1234.00	1493.26
1235.00	1465.18
1236.00	1324.74
1237.00	1291.98
1238.00	1191.33
1239.00	1589.22
1240.00	3552.93
1241.00	6319.45
1242.00	7815.05
1243.00	6541.80
1244.00	4957.25
1245.00	3662.94
1246.00	2967.80
1247.00	2658.85
1248.00	1928.60
1249.00	1266.23
1250.00	1022.81
1251.00	952.60
1252.00	936.21
1253.00	1081.33
1254.00	1018.13
1255.00	1041.54
1256.00	1039.20
1257.00	1057.92
1258.00	1022.81
1259.00	1001.75
1260.00	945.58
1261.00	926.85
1262.00	905.79
1263.00	929.19
1264.00	868.34
1265.00	877.70
1266.00	894.08
1267.00	863.66
1268.00	861.32
1269.00	849.61
1270.00	849.61
1271.00	807.48
1272.00	823.87
1273.00	828.55
1274.00	849.61
1275.00	880.04
1276.00	950.26
1277.00	912.81
1278.00	1036.86
1279.00	2485.65
1280.00	6904.58
1281.00	12215.26
1282.00	13266.16
1283.00	10277.29
1284.00	7473.33
1285.00	5636.01
1286.00	4856.61
1287.00	3758.90
1288.00	2389.69
1289.00	1455.81
1290.00	945.58
1291.00	961.96
1292.00	816.85
1293.00	880.04
1294.00	952.60
1295.00	964.30
1296.00	847.27
1297.00	873.02
1298.00	952.60
1299.00	1645.40
1300.00	2717.36
1301.00	3524.85
1302.00	3171.43
1303.00	2658.85
1304.00	1998.82
1305.00	1783.49
1306.00	1547.09
1307.00	1294.32
1308.00	1107.07
1309.00	943.24
1310.00	936.21
1311.00	919.83
1312.00	922.17
1313.00	847.27
1314.00	887.06
1315.00	833.23
1316.00	856.64
1317.00	866.00
1318.00	777.06
1319.00	823.87
1320.00	763.01
1321.00	758.33
1322.00	767.70
1323.00	875.36
1324.00	779.40
1325.00	823.87
1326.00	851.96
1327.00	805.14
1328.00	798.12
1329.00	842.59
1330.00	858.98
1331.00	884.72
1332.00	891.74
1333.00	957.28
1334.00	1872.43
1335.00	3054.40
1336.00	3927.42
1337.00	3440.59
1338.00	2731.41
1339.00	2230.53
1340.00	1923.92
1341.00	1572.84
1342.00	1352.83
1343.00	1139.84
1344.00	835.57
1345.00	926.85
1346.00	851.96
1347.00	847.27
1348.00	844.93
1349.00	819.19
1350.00	894.08
1351.00	873.02
1352.00	851.96
1353.00	877.70
1354.00	842.59
1355.00	851.96
1356.00	854.30
1357.00	898.77
1358.00	835.57
1359.00	868.34
1360.00	1043.88
1361.00	1048.56
1362.00	2616.72
1363.00	6338.17
1364.00	10417.72
1365.00	11126.91
1366.00	8629.56
1367.00	6223.48
1368.00	4746.61
1369.00	3896.99
1370.00	3178.45
1371.00	1923.92
1372.00	1327.08
1373.00	1163.25
1374.00	1074.31
1375.00	1191.33
1376.00	3197.17
1377.00	9549.39
1378.00	17729.56
1379.00	20187.12
1380.00	15351.57
1381.00	11117.54
1382.00	8105.28
1383.00	6431.79
1384.00	5163.22
1385.00	3000.57
1386.00	1671.14
1387.00	1135.16
1388.00	1062.60
1389.00	936.21
1390.00	1013.45
1391.00	957.28
1392.00	922.17
1393.00	903.45
1394.00	882.38
1395.00	968.98
1396.00	898.77
1397.00	997.07
1398.00	1071.97
1399.00	1224.10
1400.00	1308.36
1401.00	1268.57
1402.00	1224.10
1403.00	1186.65
1404.00	1219.42
1405.00	1254.53
1406.00	2085.42
1407.00	9039.15
1408.00	22679.79
1409.00	33247.31
1410.00	29472.03
1411.00	20961.84
1412.00	14628.35
1413.00	11080.10
1414.00	8915.10
1415.00	5898.15
1416.00	3052.06
1417.00	1750.72
1418.00	1191.33
1419.00	1263.89
1420.00	2066.69
1421.00	4800.44
1422.00	7801.01
1423.00	8557.00
1424.00	6677.55
1425.00	4791.08
1426.00	3700.39
1427.00	3171.43
1428.00	2389.69
1429.00	1647.74
1430.00	1261.55
1431.00	1029.84
1432.00	915.15
1433.00	877.70
1434.00	959.62
1435.00	887.06
1436.00	910.47
1437.00	891.74
1438.00	835.57
1439.00	828.55
1440.00	779.40
1441.00	784.08
1442.00	741.95
1443.00	830.89
1444.00	840.25
1445.00	791.10
1446.00	741.95
1447.00	854.30
1448.00	809.83
1449.00	868.34
1450.00	884.72
1451.00	863.66
1452.00	837.91
1453.00	861.32
1454.00	912.81
1455.00	1306.02
1456.00	2717.36
1457.00	4526.60
1458.00	5621.97
1459.00	4592.13
1460.00	3473.36
1461.00	2626.08
1462.00	2246.91
1463.00	1877.11
1464.00	1399.64
1465.00	1081.33
1466.00	950.26
1467.00	877.70
1468.00	830.89
1469.00	800.46
1470.00	795.78
1471.00	781.74
1472.00	805.14
1473.00	851.96
1474.00	861.32
1475.00	767.70
1476.00	901.11
1477.00	868.34
1478.00	873.02
1479.00	868.34
1480.00	896.43
1481.00	802.80
1482.00	781.74
1483.00	849.61
1484.00	858.98
1485.00	966.64
1486.00	957.28
1487.00	1247.51
1488.00	3880.61
1489.00	10396.66
1490.00	16723.13
1491.00	16706.74
1492.00	12224.62
1493.00	8779.35
1494.00	6333.49
1495.00	5284.93
1496.00	3880.61
1497.00	2207.13
1498.00	1320.06
1499.00	1090.69
1500.00	926.85
1501.00	868.34
1502.00	891.74
1503.00	819.19
1504.00	802.80
1505.00	851.96
1506.00	802.80
1507.00	844.93
1508.00	875.36
1509.00	840.25
1510.00	915.15
1511.00	854.30
1512.00	889.40
1513.00	1048.56
1514.00	2216.49
1515.00	3887.63
1516.00	4943.21
1517.00	4210.62
1518.00	3012.27
1519.00	2380.32
1520.00	2031.58
1521.00	1802.21
1522.00	1233.46
1523.00	1086.01
1524.00	945.58
1525.00	858.98
1526.00	866.00
1527.00	849.61
1528.00	814.51
1529.00	840.25
1530.00	943.24
1531.00	1004.09
1532.00	1088.35
1533.00	2150.95
1534.00	5877.09
1535.00	10464.54
1536.00	12542.93
1537.00	9497.89
1538.00	6885.86
1539.00	4980.66
1540.00	4147.43
1541.00	3309.52
1542.00	1996.48
1543.00	1324.74
1544.00	1069.62
1545.00	933.87
1546.00	837.91
1547.00	870.68
1548.00	802.80
1549.00	833.23
1550.00	866.00
1551.00	908.13
1552.00	903.45
1553.00	840.25
1554.00	894.08
1555.00	856.64
1556.00	887.06
1557.00	889.40
1558.00	903.45
1559.00	938.55
1560.00	898.77
1561.00	973.66
1562.00	926.85
1563.00	952.60
1564.00	978.34
1565.00	1324.74
1566.00	4737.24
1567.00	13247.43
1568.00	21259.09
1569.00	21811.45
1570.00	15527.11
1571.00	11077.76
1572.00	8138.04
1573.00	6626.06
1574.00	4692.77
1575.00	2663.53
1576.00	1713.27
1577.00	1439.43
1578.00	1849.02
1579.00	7194.81
1580.00	20393.09
1581.00	33778.61
1582.00	35456.78
1583.00	24964.15
1584.00	17638.28
1585.00	12601.44
1586.00	10106.43
1587.00	6761.81
1588.00	3688.68
1589.00	2003.50
1590.00	1357.51
1591.00	1104.73
1592.00	1088.35
1593.00	971.32
1594.00	889.40
1595.00	905.79
1596.00	912.81
1597.00	929.19
1598.00	910.47
1599.00	891.74
1600.00	821.53
1601.00	802.80
1602.00	830.89
1603.00	849.61
1604.00	851.96
1605.00	819.19
1606.00	814.51
1607.00	917.49
1608.00	880.04
1609.00	805.14
1610.00	779.40
1611.00	823.87
1612.00	777.06
1613.00	828.55
1614.00	814.51
1615.00	746.63
1616.00	802.80
1617.00	802.80
1618.00	868.34
1619.00	870.68
1620.00	805.14
1621.00	844.93
1622.00	777.06
1623.00	781.74
1624.00	868.34
1625.00	741.95
1626.00	837.91
1627.00	833.23
1628.00	791.10
1629.00	805.14
1630.00	716.20
1631.00	805.14
1632.00	791.10
1633.00	755.99
1634.00	734.93
1635.00	786.42
1636.00	781.74
1637.00	791.10
1638.00	873.02
1639.00	849.61
1640.00	854.30
1641.00	791.10
1642.00	837.91
1643.00	868.34
1644.00	812.17
1645.00	856.64
1646.00	905.79
1647.00	940.90
1648.00	959.62
1649.00	1125.80
1650.00	2815.66
1651.00	8339.33
1652.00	15726.06
1653.00	19138.56
1654.00	14420.04
1655.00	10626.03
1656.00	7782.28
1657.00	6076.03
1658.00	4402.55
1659.00	2637.78
1660.00	1600.93
1661.00	1137.50
1662.00	990.05
1663.00	954.94
1664.00	891.74
1665.00	870.68
1666.00	915.15
1667.00	915.15
1668.00	1249.85
1669.00	2820.35
1670.00	5394.93
1671.00	6862.45
1672.00	5734.31
1673.00	4444.68
1674.00	3358.67
1675.00	2670.55
1676.00	2188.40
1677.00	1514.33
1678.00	1149.20
1679.00	926.85
1680.00	854.30
1681.00	837.91
1682.00	821.53
1683.00	772.38
1684.00	798.12
1685.00	802.80
1686.00	830.89
1687.00	784.08
1688.00	765.36
1689.00	765.36
1690.00	802.80
1691.00	786.42
1692.00	821.53
1693.00	755.99
1694.00	779.40
1695.00	784.08
1696.00	781.74
1697.00	767.70
1698.00	840.25
1699.00	821.53
1700.00	837.91
1701.00	788.76
1702.00	819.19
1703.00	765.36
1704.00	800.46
1705.00	786.42
1706.00	798.12
1707.00	751.31
1708.00	793.44
1709.00	835.57
1710.00	774.72
1711.00	870.68
1712.00	760.67
1713.00	912.81
1714.00	1533.05
1715.00	3761.24
1716.00	7194.81
1717.00	9317.67
1718.00	8334.65
1719.00	6040.92
1720.00	4519.57
1721.00	3541.23
1722.00	2654.17
1723.00	1813.92
1724.00	1247.51
1725.00	992.39
1726.00	861.32
1727.00	875.36
1728.00	828.55
1729.00	816.85
1730.00	830.89
1731.00	814.51
1732.00	765.36
1733.00	727.91
1734.00	746.63
1735.00	737.27
1736.00	809.83
1737.00	744.29
1738.00	781.74
1739.00	730.25
1740.00	800.46
1741.00	791.10
1742.00	788.76
1743.00	767.70
1744.00	690.46
1745.00	772.38
1746.00	809.83
1747.00	767.70
1748.00	795.78
1749.00	720.88
1750.00	753.65
1751.00	777.06
1752.00	772.38
1753.00	816.85
1754.00	800.46
1755.00	919.83
1756.00	880.04
1757.00	835.57
1758.00	847.27
1759.00	847.27
1760.00	781.74
1761.00	835.57
1762.00	788.76
1763.00	863.66
1764.00	788.76
1765.00	816.85
1766.00	835.57
1767.00	882.38
1768.00	875.36
1769.00	1050.90
1770.00	2349.90
1771.00	6640.10
1772.00	12692.73
1773.00	16262.04
1774.00	13973.00
1775.00	10384.96
1776.00	7602.06
1777.00	5387.91
1778.00	3489.74
1779.00	2214.15
1780.00	1469.86
1781.00	1069.62
1782.00	1034.52
1783.00	863.66
1784.00	901.11
1785.00	830.89
1786.00	816.85
1787.00	812.17
1788.00	833.23
1789.00	716.20
1790.00	697.48
1791.00	898.77
1792.00	877.70
1793.00	763.01
1794.00	795.78
1795.00	830.89
1796.00	830.89
1797.00	1074.31
1798.00	2490.33
1799.00	5600.90
1800.00	9268.52
1801.00	10410.70
1802.00	8203.58
1803.00	6073.69
1804.00	4418.93
1805.00	2916.31
1806.00	1984.77
1807.00	1373.89
1808.00	1107.07
1809.00	884.72
1810.00	894.08
1811.00	840.25
1812.00	767.70
1813.00	751.31
1814.00	795.78
1815.00	781.74
1816.00	800.46
1817.00	837.91
1818.00	812.17
1819.00	748.97
1820.00	805.14
1821.00	723.23
1822.00	730.25
1823.00	770.04
1824.00	709.18
1825.00	755.99
1826.00	880.04
1827.00	917.49
1828.00	887.06
1829.00	842.59
1830.00	795.78
1831.00	800.46
1832.00	777.06
1833.00	753.65
1834.00	748.97
1835.00	784.08
1836.00	755.99
1837.00	767.70
1838.00	748.97
1839.00	744.29
1840.00	753.65
1841.00	755.99
1842.00	734.93
1843.00	765.36
1844.00	688.12
1845.00	798.12
1846.00	678.76
1847.00	732.59
1848.00	784.08
1849.00	692.80
1850.00	777.06
1851.00	763.01
1852.00	711.52
1853.00	795.78
1854.00	746.63
1855.00	748.97
1856.00	821.53
1857.00	781.74
1858.00	765.36
1859.00	683.44
1860.00	786.42
1861.00	755.99
1862.00	718.54
1863.00	786.42
1864.00	847.27
1865.00	732.59
1866.00	802.80
1867.00	730.25
1868.00	734.93
1869.00	739.61
1870.00	798.12
1871.00	765.36
1872.00	812.17
1873.00	772.38
1874.00	678.76
1875.00	760.67
1876.00	805.14
1877.00	816.85
1878.00	781.74
1879.00	781.74
1880.00	716.20
1881.00	697.48
1882.00	753.65
1883.00	730.25
1884.00	805.14
1885.00	779.40
1886.00	711.52
1887.00	791.10
1888.00	816.85
1889.00	732.59
1890.00	751.31
1891.00	784.08
1892.00	739.61
1893.00	788.76
1894.00	758.33
1895.00	753.65
1896.00	753.65
1897.00	791.10
1898.00	805.14
1899.00	711.52
1900.00	746.63
1901.00	802.80
1902.00	709.18
1903.00	741.95
1904.00	777.06
1905.00	812.17
1906.00	751.31
1907.00	816.85
1908.00	774.72
1909.00	763.01
1910.00	798.12
1911.00	812.17
1912.00	844.93
1913.00	870.68
1914.00	882.38
1915.00	819.19
1916.00	828.55
1917.00	741.95
1918.00	748.97
1919.00	772.38
1920.00	786.42
1921.00	791.10
1922.00	751.31
1923.00	800.46
1924.00	800.46
1925.00	734.93
1926.00	734.93
1927.00	739.61
1928.00	739.61
1929.00	802.80
1930.00	784.08
1931.00	788.76
1932.00	730.25
1933.00	692.80
1934.00	746.63
1935.00	767.70
1936.00	760.67
1937.00	772.38
1938.00	807.48
1939.00	788.76
1940.00	746.63
1941.00	798.12
1942.00	755.99
1943.00	758.33
1944.00	791.10
1945.00	772.38
1946.00	821.53
1947.00	880.04
1948.00	802.80
1949.00	685.78
1950.00	791.10
1951.00	842.59
1952.00	1050.90
1953.00	2272.66
1954.00	5167.90
1955.00	8124.00
1956.00	9015.74
1957.00	6328.81
1958.00	4245.73
1959.00	2670.55
1960.00	1757.74
1961.00	1364.53
1962.00	1114.10
1963.00	882.38
1964.00	880.04
1965.00	809.83
1966.00	798.12
1967.00	805.14
1968.00	786.42
1969.00	765.36
1970.00	774.72
1971.00	793.44
1972.00	772.38
1973.00	758.33
1974.00	760.67
1975.00	737.27
1976.00	840.25
1977.00	725.57
1978.00	737.27
1979.00	795.78
1980.00	922.17
1981.00	1107.07
1982.00	1273.25
1983.00	1350.49
1984.00	1116.44
1985.00	1011.11
1986.00	905.79
1987.00	854.30
1988.00	767.70
1989.00	763.01
1990.00	741.95
1991.00	727.91
1992.00	784.08
1993.00	774.72
1994.00	765.36
1995.00	823.87
1996.00	763.01
1997.00	730.25
1998.00	765.36
1999.00	720.88
2000.00	791.10
2001.00	777.06
2002.00	802.80
2003.00	863.66
2004.00	877.70
2005.00	777.06
2006.00	772.38
2007.00	772.38
2008.00	758.33
2009.00	746.63
2010.00	779.40
2011.00	847.27
2012.00	741.95
2013.00	837.91
2014.00	758.33
2015.00	812.17
2016.00	828.55
2017.00	718.54
2018.00	763.01
2019.00	748.97
2020.00	840.25
2021.00	786.42
2022.00	805.14
2023.00	830.89
2024.00	929.19
2025.00	1027.50
2026.00	1100.05
2027.00	1294.32
2028.00	1313.04
2029.00	1242.82
2030.00	2420.11
2031.00	7178.42
2032.00	13528.30
2033.00	17785.73
2034.00	16219.91
2035.00	10743.06
2036.00	7014.59
2037.00	4442.34
2038.00	2813.32
2039.00	1853.70
2040.00	1366.87
2041.00	1039.20
2042.00	940.90
2043.00	844.93
2044.00	837.91
2045.00	819.19
2046.00	814.51
2047.00	837.91
