0.00	650.67
1.00	650.67
2.00	650.67
3.00	589.82
4.00	603.86
5.00	615.56
6.00	596.84
7.00	547.69
8.00	524.28
9.00	608.54
10.00	559.39
11.00	557.05
12.00	528.96
13.00	613.22
14.00	575.77
15.00	585.13
16.00	587.47
17.00	606.20
18.00	564.07
19.00	613.22
20.00	634.29
21.00	573.43
22.00	643.65
23.00	699.82
24.00	620.24
25.00	664.71
26.00	620.24
27.00	709.18
28.00	755.99
29.00	737.27
30.00	681.10
31.00	653.01
32.00	692.80
33.00	718.54
34.00	734.93
35.00	725.57
36.00	763.01
37.00	720.88
38.00	777.06
39.00	730.25
40.00	732.59
41.00	741.95
42.00	786.42
43.00	725.57
44.00	688.12
45.00	704.50
46.00	692.80
47.00	690.46
48.00	723.23
49.00	744.29
50.00	695.14
51.00	786.42
52.00	795.78
53.00	844.93
54.00	727.91
55.00	847.27
56.00	755.99
57.00	723.23
58.00	692.80
59.00	732.59
60.00	734.93
61.00	774.72
62.00	631.94
63.00	709.18
64.00	781.74
65.00	709.18
66.00	683.44
67.00	774.72
68.00	753.65
69.00	723.23
70.00	725.57
71.00	727.91
72.00	725.57
73.00	739.61
74.00	697.48
75.00	753.65
76.00	767.70
77.00	798.12
78.00	734.93
79.00	709.18
80.00	676.41
81.00	739.61
82.00	690.46
83.00	716.20
84.00	730.25
85.00	748.97
86.00	667.05
87.00	805.14
88.00	767.70
89.00	678.76
90.00	751.31
91.00	760.67
92.00	758.33
93.00	702.16
94.00	706.84
95.00	730.25
96.00	748.97
97.00	744.29
98.00	774.72
99.00	741.95
100.00	777.06
101.00	699.82
102.00	716.20
103.00	709.18
104.00	819.19
105.00	734.93
106.00	760.67
107.00	716.20
108.00	781.74
109.00	699.82
110.00	760.67
111.00	711.52
112.00	674.07
113.00	678.76
114.00	713.86
115.00	676.41
116.00	641.31
117.00	711.52
118.00	741.95
119.00	732.59
120.00	734.93
121.00	795.78
122.00	751.31
123.00	723.23
124.00	741.95
125.00	779.40
126.00	765.36
127.00	706.84
128.00	699.82
129.00	723.23
130.00	720.88
131.00	709.18
132.00	617.90
133.00	638.97
134.00	706.84
135.00	737.27
136.00	767.70
137.00	774.72
138.00	748.97
139.00	716.20
140.00	671.73
141.00	716.20
142.00	692.80
143.00	730.25
144.00	702.16
145.00	784.08
146.00	758.33
147.00	795.78
148.00	737.27
149.00	753.65
150.00	777.06
151.00	706.84
152.00	774.72
153.00	807.48
154.00	678.76
155.00	737.27
156.00	638.97
157.00	732.59
158.00	683.44
159.00	777.06
160.00	809.83
161.00	734.93
162.00	767.70
163.00	725.57
164.00	734.93
165.00	737.27
166.00	755.99
167.00	734.93
168.00	741.95
169.00	695.14
170.00	718.54
171.00	730.25
172.00	723.23
173.00	681.10
174.00	706.84
175.00	760.67
176.00	734.93
177.00	755.99
178.00	723.23
179.00	765.36
180.00	706.84
181.00	725.57
182.00	746.63
183.00	739.61
184.00	751.31
185.00	753.65
186.00	690.46
187.00	688.12
188.00	718.54
189.00	805.14
190.00	774.72
191.00	737.27
192.00	706.84
193.00	763.01
194.00	784.08
195.00	671.73
196.00	753.65
197.00	807.48
198.00	739.61
199.00	781.74
200.00	786.42
201.00	809.83
202.00	690.46
203.00	713.86
204.00	706.84
205.00	732.59
206.00	713.86
207.00	725.57
208.00	725.57
209.00	716.20
210.00	678.76
211.00	732.59
212.00	676.41
213.00	723.23
214.00	702.16
215.00	744.29
216.00	758.33
217.00	702.16
218.00	795.78
219.00	655.35
220.00	706.84
221.00	713.86
222.00	741.95
223.00	697.48
224.00	763.01
225.00	758.33
226.00	662.37
227.00	704.50
228.00	800.46
229.00	716.20
230.00	688.12
231.00	667.05
232.00	826.21
233.00	760.67
234.00	753.65
235.00	755.99
236.00	765.36
237.00	704.50
238.00	753.65
239.00	709.18
240.00	746.63
241.00	702.16
242.00	690.46
243.00	800.46
244.00	725.57
245.00	779.40
246.00	739.61
247.00	748.97
248.00	706.84
249.00	753.65
250.00	713.86
251.00	678.76
252.00	770.04
253.00	744.29
254.00	748.97
255.00	739.61
256.00	770.04
257.00	718.54
258.00	737.27
259.00	718.54
260.00	760.67
261.00	725.57
262.00	725.57
263.00	746.63
264.00	746.63
265.00	720.88
266.00	770.04
267.00	767.70
268.00	833.23
269.00	765.36
270.00	753.65
271.00	777.06
272.00	730.25
273.00	802.80
274.00	823.87
275.00	793.44
276.00	812.17
277.00	828.55
278.00	767.70
279.00	807.48
280.00	844.93
281.00	760.67
282.00	781.74
283.00	744.29
284.00	765.36
285.00	685.78
286.00	760.67
287.00	653.01
288.00	781.74
289.00	744.29
290.00	744.29
291.00	748.97
292.00	690.46
293.00	702.16
294.00	753.65
295.00	725.57
296.00	744.29
297.00	816.85
298.00	758.33
299.00	741.95
300.00	746.63
301.00	755.99
302.00	779.40
303.00	746.63
304.00	711.52
305.00	777.06
306.00	748.97
307.00	744.29
308.00	772.38
309.00	821.53
310.00	851.96
311.00	739.61
312.00	812.17
313.00	723.23
314.00	732.59
315.00	723.23
316.00	746.63
317.00	699.82
318.00	786.42
319.00	688.12
320.00	758.33
321.00	737.27
322.00	737.27
323.00	774.72
324.00	723.23
325.00	842.59
326.00	702.16
327.00	727.91
328.00	847.27
329.00	732.59
330.00	777.06
331.00	786.42
332.00	788.76
333.00	784.08
334.00	744.29
335.00	791.10
336.00	723.23
337.00	725.57
338.00	765.36
339.00	765.36
340.00	725.57
341.00	720.88
342.00	795.78
343.00	739.61
344.00	741.95
345.00	805.14
346.00	688.12
347.00	781.74
348.00	823.87
349.00	868.34
350.00	837.91
351.00	842.59
352.00	753.65
353.00	837.91
354.00	751.31
355.00	816.85
356.00	739.61
357.00	826.21
358.00	709.18
359.00	720.88
360.00	667.05
361.00	765.36
362.00	748.97
363.00	706.84
364.00	770.04
365.00	709.18
366.00	711.52
367.00	730.25
368.00	767.70
369.00	732.59
370.00	767.70
371.00	727.91
372.00	702.16
373.00	725.57
374.00	737.27
375.00	730.25
376.00	692.80
377.00	760.67
378.00	706.84
379.00	688.12
380.00	716.20
381.00	760.67
382.00	713.86
383.00	734.93
384.00	812.17
385.00	741.95
386.00	779.40
387.00	800.46
388.00	760.67
389.00	690.46
390.00	748.97
391.00	716.20
392.00	748.97
393.00	751.31
394.00	772.38
395.00	723.23
396.00	741.95
397.00	711.52
398.00	681.10
399.00	779.40
400.00	765.36
401.00	760.67
402.00	786.42
403.00	795.78
404.00	760.67
405.00	765.36
406.00	819.19
407.00	706.84
408.00	725.57
409.00	711.52
410.00	777.06
411.00	812.17
412.00	737.27
413.00	772.38
414.00	746.63
415.00	629.60
416.00	727.91
417.00	711.52
418.00	734.93
419.00	716.20
420.00	695.14
421.00	706.84
422.00	779.40
423.00	709.18
424.00	709.18
425.00	777.06
426.00	763.01
427.00	744.29
428.00	718.54
429.00	744.29
430.00	746.63
431.00	737.27
432.00	723.23
433.00	781.74
434.00	755.99
435.00	751.31
436.00	765.36
437.00	681.10
438.00	755.99
439.00	734.93
440.00	739.61
441.00	688.12
442.00	786.42
443.00	805.14
444.00	755.99
445.00	746.63
446.00	802.80
447.00	786.42
448.00	655.35
449.00	741.95
450.00	805.14
451.00	711.52
452.00	683.44
453.00	716.20
454.00	746.63
455.00	737.27
456.00	767.70
457.00	786.42
458.00	784.08
459.00	667.05
460.00	711.52
461.00	770.04
462.00	737.27
463.00	732.59
464.00	671.73
465.00	760.67
466.00	774.72
467.00	779.40
468.00	774.72
469.00	739.61
470.00	671.73
471.00	755.99
472.00	725.57
473.00	732.59
474.00	800.46
475.00	739.61
476.00	741.95
477.00	725.57
478.00	720.88
479.00	683.44
480.00	720.88
481.00	692.80
482.00	720.88
483.00	763.01
484.00	732.59
485.00	732.59
486.00	732.59
487.00	826.21
488.00	664.71
489.00	704.50
490.00	788.76
491.00	697.48
492.00	713.86
493.00	702.16
494.00	795.78
495.00	809.83
496.00	767.70
497.00	763.01
498.00	713.86
499.00	805.14
500.00	706.84
501.00	734.93
502.00	699.82
503.00	774.72
504.00	767.70
505.00	716.20
506.00	727.91
507.00	844.93
508.00	734.93
509.00	732.59
510.00	697.48
511.00	758.33
512.00	774.72
513.00	772.38
514.00	765.36
515.00	774.72
516.00	725.57
517.00	779.40
518.00	772.38
519.00	744.29
520.00	695.14
521.00	702.16
522.00	662.37
523.00	709.18
524.00	699.82
525.00	809.83
526.00	711.52
527.00	683.44
528.00	781.74
529.00	753.65
530.00	760.67
531.00	713.86
532.00	744.29
533.00	765.36
534.00	788.76
535.00	702.16
536.00	760.67
537.00	720.88
538.00	805.14
539.00	685.78
540.00	748.97
541.00	660.03
542.00	816.85
543.00	798.12
544.00	734.93
545.00	814.51
546.00	781.74
547.00	765.36
548.00	739.61
549.00	793.44
550.00	798.12
551.00	777.06
552.00	739.61
553.00	737.27
554.00	755.99
555.00	671.73
556.00	753.65
557.00	784.08
558.00	737.27
559.00	767.70
560.00	720.88
561.00	732.59
562.00	702.16
563.00	725.57
564.00	643.65
565.00	725.57
566.00	702.16
567.00	777.06
568.00	748.97
569.00	734.93
570.00	725.57
571.00	739.61
572.00	732.59
573.00	683.44
574.00	758.33
575.00	849.61
576.00	688.12
577.00	772.38
578.00	704.50
579.00	798.12
580.00	821.53
581.00	704.50
582.00	723.23
583.00	688.12
584.00	800.46
585.00	772.38
586.00	828.55
587.00	725.57
588.00	720.88
589.00	755.99
590.00	784.08
591.00	760.67
592.00	755.99
593.00	641.31
594.00	755.99
595.00	716.20
596.00	711.52
597.00	741.95
598.00	734.93
599.00	770.04
600.00	741.95
601.00	704.50
602.00	653.01
603.00	730.25
604.00	709.18
605.00	739.61
606.00	723.23
607.00	793.44
608.00	772.38
609.00	741.95
610.00	671.73
611.00	727.91
612.00	748.97
613.00	650.67
614.00	770.04
615.00	748.97
616.00	711.52
617.00	739.61
618.00	711.52
619.00	748.97
620.00	716.20
621.00	695.14
622.00	692.80
623.00	777.06
624.00	692.80
625.00	755.99
626.00	751.31
627.00	725.57
628.00	706.84
629.00	779.40
630.00	814.51
631.00	730.25
632.00	765.36
633.00	732.59
634.00	692.80
635.00	730.25
636.00	699.82
637.00	779.40
638.00	798.12
639.00	765.36
640.00	753.65
641.00	676.41
642.00	823.87
643.00	760.67
644.00	716.20
645.00	706.84
646.00	711.52
647.00	826.21
648.00	802.80
649.00	739.61
650.00	727.91
651.00	755.99
652.00	699.82
653.00	730.25
654.00	772.38
655.00	854.30
656.00	746.63
657.00	795.78
658.00	755.99
659.00	763.01
660.00	718.54
661.00	755.99
662.00	781.74
663.00	854.30
664.00	732.59
665.00	730.25
666.00	711.52
667.00	720.88
668.00	798.12
669.00	751.31
670.00	711.52
671.00	732.59
672.00	685.78
673.00	753.65
674.00	791.10
675.00	784.08
676.00	741.95
677.00	725.57
678.00	777.06
679.00	720.88
680.00	688.12
681.00	758.33
682.00	730.25
683.00	737.27
684.00	770.04
685.00	725.57
686.00	753.65
687.00	788.76
688.00	706.84
689.00	781.74
690.00	770.04
691.00	741.95
692.00	737.27
693.00	702.16
694.00	716.20
695.00	779.40
696.00	755.99
697.00	716.20
698.00	734.93
699.00	770.04
700.00	748.97
701.00	720.88
702.00	772.38
703.00	781.74
704.00	767.70
705.00	788.76
706.00	840.25
707.00	760.67
708.00	791.10
709.00	765.36
710.00	812.17
711.00	770.04
712.00	739.61
713.00	695.14
714.00	788.76
715.00	727.91
716.00	798.12
717.00	746.63
718.00	758.33
719.00	767.70
720.00	739.61
721.00	730.25
722.00	702.16
723.00	739.61
724.00	770.04
725.00	713.86
726.00	741.95
727.00	688.12
728.00	716.20
729.00	706.84
730.00	741.95
731.00	730.25
732.00	744.29
733.00	777.06
734.00	784.08
735.00	798.12
736.00	788.76
737.00	664.71
738.00	788.76
739.00	751.31
740.00	727.91
741.00	688.12
742.00	840.25
743.00	767.70
744.00	763.01
745.00	779.40
746.00	713.86
747.00	739.61
748.00	751.31
749.00	692.80
750.00	734.93
751.00	800.46
752.00	791.10
753.00	748.97
754.00	770.04
755.00	727.91
756.00	655.35
757.00	643.65
758.00	739.61
759.00	685.78
760.00	690.46
761.00	713.86
762.00	805.14
763.00	732.59
764.00	779.40
765.00	711.52
766.00	727.91
767.00	723.23
768.00	748.97
769.00	770.04
770.00	741.95
771.00	753.65
772.00	709.18
773.00	727.91
774.00	732.59
775.00	809.83
776.00	765.36
777.00	681.10
778.00	786.42
779.00	718.54
780.00	760.67
781.00	793.44
782.00	809.83
783.00	781.74
784.00	784.08
785.00	737.27
786.00	674.07
787.00	711.52
788.00	725.57
789.00	711.52
790.00	760.67
791.00	702.16
792.00	765.36
793.00	753.65
794.00	793.44
795.00	713.86
796.00	805.14
797.00	763.01
798.00	800.46
799.00	699.82
800.00	725.57
801.00	812.17
802.00	720.88
803.00	781.74
804.00	767.70
805.00	781.74
806.00	730.25
807.00	788.76
808.00	777.06
809.00	777.06
810.00	807.48
811.00	739.61
812.00	711.52
813.00	755.99
814.00	732.59
815.00	734.93
816.00	786.42
817.00	781.74
818.00	753.65
819.00	753.65
820.00	732.59
821.00	763.01
822.00	821.53
823.00	863.66
824.00	814.51
825.00	791.10
826.00	739.61
827.00	774.72
828.00	737.27
829.00	716.20
830.00	781.74
831.00	814.51
832.00	744.29
833.00	711.52
834.00	763.01
835.00	741.95
836.00	777.06
837.00	793.44
838.00	704.50
839.00	720.88
840.00	737.27
841.00	739.61
842.00	690.46
843.00	716.20
844.00	751.31
845.00	763.01
846.00	732.59
847.00	739.61
848.00	690.46
849.00	835.57
850.00	828.55
851.00	784.08
852.00	716.20
853.00	777.06
854.00	671.73
855.00	737.27
856.00	725.57
857.00	685.78
858.00	751.31
859.00	795.78
860.00	802.80
861.00	753.65
862.00	795.78
863.00	760.67
864.00	732.59
865.00	741.95
866.00	723.23
867.00	753.65
868.00	748.97
869.00	777.06
870.00	681.10
871.00	786.42
872.00	753.65
873.00	690.46
874.00	716.20
875.00	788.76
876.00	772.38
877.00	784.08
878.00	802.80
879.00	772.38
880.00	732.59
881.00	767.70
882.00	758.33
883.00	711.52
884.00	784.08
885.00	791.10
886.00	798.12
887.00	781.74
888.00	800.46
889.00	765.36
890.00	727.91
891.00	816.85
892.00	777.06
893.00	821.53
894.00	781.74
895.00	688.12
896.00	763.01
897.00	800.46
898.00	746.63
899.00	774.72
900.00	788.76
901.00	718.54
902.00	699.82
903.00	730.25
904.00	805.14
905.00	772.38
906.00	896.43
907.00	905.79
908.00	847.27
909.00	856.64
910.00	746.63
911.00	868.34
912.00	891.74
913.00	929.19
914.00	922.17
915.00	901.11
916.00	833.23
917.00	821.53
918.00	821.53
919.00	798.12
920.00	770.04
921.00	685.78
922.00	755.99
923.00	772.38
924.00	727.91
925.00	828.55
926.00	781.74
927.00	847.27
928.00	753.65
929.00	695.14
930.00	751.31
931.00	718.54
932.00	772.38
933.00	763.01
934.00	744.29
935.00	674.07
936.00	739.61
937.00	760.67
938.00	734.93
939.00	711.52
940.00	781.74
941.00	823.87
942.00	748.97
943.00	779.40
944.00	751.31
945.00	809.83
946.00	1158.57
947.00	1542.41
948.00	1949.67
949.00	1816.26
950.00	1551.78
951.00	1282.61
952.00	1125.80
953.00	1093.03
954.00	882.38
955.00	851.96
956.00	767.70
957.00	795.78
958.00	847.27
959.00	758.33
960.00	763.01
961.00	711.52
962.00	753.65
963.00	753.65
964.00	781.74
965.00	758.33
966.00	840.25
967.00	805.14
968.00	791.10
969.00	800.46
970.00	770.04
971.00	699.82
972.00	781.74
973.00	734.93
974.00	833.23
975.00	734.93
976.00	706.84
977.00	795.78
978.00	716.20
979.00	737.27
980.00	713.86
981.00	807.48
982.00	718.54
983.00	765.36
984.00	732.59
985.00	716.20
986.00	737.27
987.00	732.59
988.00	716.20
989.00	767.70
990.00	777.06
991.00	739.61
992.00	725.57
993.00	727.91
994.00	716.20
995.00	767.70
996.00	791.10
997.00	800.46
998.00	739.61
999.00	751.31
1000.00	711.52
1001.00	699.82
1002.00	732.59
1003.00	758.33
1004.00	751.31
1005.00	795.78
1006.00	767.70
1007.00	725.57
1008.00	842.59
1009.00	741.95
1010.00	746.63
1011.00	835.57
1012.00	737.27
1013.00	758.33
1014.00	753.65
1015.00	692.80
1016.00	732.59
1017.00	723.23
1018.00	763.01
1019.00	798.12
1020.00	784.08
1021.00	692.80
1022.00	758.33
1023.00	709.18
1024.00	779.40
1025.00	788.76
1026.00	770.04
1027.00	809.83
1028.00	795.78
1029.00	737.27
1030.00	767.70
1031.00	795.78
1032.00	777.06
1033.00	723.23
1034.00	730.25
1035.00	767.70
1036.00	737.27
1037.00	751.31
1038.00	739.61
1039.00	800.46
1040.00	716.20
1041.00	781.74
1042.00	723.23
1043.00	746.63
1044.00	753.65
1045.00	744.29
1046.00	844.93
1047.00	826.21
1048.00	814.51
1049.00	765.36
1050.00	711.52
1051.00	676.41
1052.00	744.29
1053.00	704.50
1054.00	718.54
1055.00	727.91
1056.00	833.23
1057.00	837.91
1058.00	716.20
1059.00	755.99
1060.00	723.23
1061.00	739.61
1062.00	748.97
1063.00	800.46
1064.00	781.74
1065.00	741.95
1066.00	816.85
1067.00	713.86
1068.00	753.65
1069.00	779.40
1070.00	746.63
1071.00	767.70
1072.00	788.76
1073.00	767.70
1074.00	755.99
1075.00	720.88
1076.00	779.40
1077.00	737.27
1078.00	819.19
1079.00	767.70
1080.00	823.87
1081.00	704.50
1082.00	748.97
1083.00	819.19
1084.00	746.63
1085.00	793.44
1086.00	821.53
1087.00	793.44
1088.00	730.25
1089.00	802.80
1090.00	774.72
1091.00	713.86
1092.00	777.06
1093.00	786.42
1094.00	744.29
1095.00	784.08
1096.00	821.53
1097.00	788.76
1098.00	685.78
1099.00	795.78
1100.00	744.29
1101.00	772.38
1102.00	779.40
1103.00	814.51
1104.00	812.17
1105.00	770.04
1106.00	784.08
1107.00	709.18
1108.00	690.46
1109.00	697.48
1110.00	763.01
1111.00	763.01
1112.00	809.83
1113.00	772.38
1114.00	751.31
1115.00	779.40
1116.00	730.25
1117.00	786.42
1118.00	730.25
1119.00	758.33
1120.00	704.50
1121.00	765.36
1122.00	821.53
1123.00	809.83
1124.00	774.72
1125.00	755.99
1126.00	725.57
1127.00	772.38
1128.00	809.83
1129.00	770.04
1130.00	732.59
1131.00	702.16
1132.00	711.52
1133.00	758.33
1134.00	779.40
1135.00	741.95
1136.00	751.31
1137.00	770.04
1138.00	858.98
1139.00	788.76
1140.00	718.54
1141.00	755.99
1142.00	856.64
1143.00	830.89
1144.00	748.97
1145.00	800.46
1146.00	763.01
1147.00	723.23
1148.00	786.42
1149.00	805.14
1150.00	739.61
1151.00	835.57
1152.00	821.53
1153.00	847.27
1154.00	819.19
1155.00	753.65
1156.00	727.91
1157.00	784.08
1158.00	861.32
1159.00	849.61
1160.00	877.70
1161.00	868.34
1162.00	816.85
1163.00	816.85
1164.00	826.21
1165.00	887.06
1166.00	868.34
1167.00	1008.77
1168.00	1142.18
1169.00	1280.27
1170.00	1139.84
1171.00	1025.15
1172.00	1011.11
1173.00	976.00
1174.00	833.23
1175.00	868.34
1176.00	840.25
1177.00	788.76
1178.00	814.51
1179.00	823.87
1180.00	774.72
1181.00	767.70
1182.00	854.30
1183.00	926.85
1184.00	840.25
1185.00	781.74
1186.00	798.12
1187.00	821.53
1188.00	791.10
1189.00	840.25
1190.00	870.68
1191.00	842.59
1192.00	873.02
1193.00	844.93
1194.00	912.81
1195.00	910.47
1196.00	894.08
1197.00	929.19
1198.00	882.38
1199.00	901.11
1200.00	919.83
1201.00	966.64
1202.00	1088.35
1203.00	1060.26
1204.00	1184.31
1205.00	1053.24
1206.00	966.64
1207.00	1008.77
1208.00	954.94
1209.00	1011.11
1210.00	1001.75
1211.00	1001.75
1212.00	1008.77
1213.00	1076.65
1214.00	987.71
1215.00	1228.78
1216.00	1135.16
1217.00	1327.08
1218.00	1439.43
1219.00	1717.95
1220.00	3077.80
1221.00	17748.28
1222.00	49893.20
1223.00	64039.40
1224.00	63482.35
1225.00	55061.10
1226.00	41715.37
1227.00	30855.28
1228.00	25448.64
1229.00	18464.49
1230.00	8725.52
1231.00	3772.94
1232.00	2069.03
1233.00	1577.52
1234.00	1432.41
1235.00	1282.61
1236.00	1252.19
1237.00	1219.42
1238.00	1205.38
1239.00	1514.33
1240.00	3068.44
1241.00	5617.29
1242.00	6658.82
1243.00	5561.11
1244.00	4273.82
1245.00	3321.22
1246.00	2675.23
1247.00	2476.29
1248.00	1664.12
1249.00	1196.01
1250.00	971.32
1251.00	950.26
1252.00	830.89
1253.00	929.19
1254.00	976.00
1255.00	1039.20
1256.00	1022.81
1257.00	1029.84
1258.00	954.94
1259.00	950.26
1260.00	931.53
1261.00	994.73
1262.00	816.85
1263.00	884.72
1264.00	880.04
1265.00	884.72
1266.00	849.61
1267.00	880.04
1268.00	877.70
1269.00	788.76
1270.00	828.55
1271.00	901.11
1272.00	870.68
1273.00	849.61
1274.00	863.66
1275.00	842.59
1276.00	866.00
1277.00	964.30
1278.00	971.32
1279.00	2303.09
1280.00	5949.64
1281.00	10193.03
1282.00	11501.39
1283.00	8720.84
1284.00	6633.08
1285.00	4973.64
1286.00	4184.88
1287.00	3225.26
1288.00	2167.34
1289.00	1327.08
1290.00	1001.75
1291.00	938.55
1292.00	863.66
1293.00	917.49
1294.00	898.77
1295.00	929.19
1296.00	910.47
1297.00	847.27
1298.00	908.13
1299.00	1490.92
1300.00	2464.58
1301.00	3073.12
1302.00	2792.26
1303.00	2342.88
1304.00	1837.32
1305.00	1654.76
1306.00	1348.15
1307.00	1308.36
1308.00	1048.56
1309.00	997.07
1310.00	889.40
1311.00	898.77
1312.00	821.53
1313.00	784.08
1314.00	837.91
1315.00	833.23
1316.00	816.85
1317.00	805.14
1318.00	823.87
1319.00	753.65
1320.00	774.72
1321.00	765.36
1322.00	807.48
1323.00	809.83
1324.00	774.72
1325.00	774.72
1326.00	784.08
1327.00	798.12
1328.00	786.42
1329.00	770.04
1330.00	835.57
1331.00	837.91
1332.00	891.74
1333.00	994.73
1334.00	1659.44
1335.00	2855.45
1336.00	3304.84
1337.00	3042.70
1338.00	2392.03
1339.00	1891.15
1340.00	1706.25
1341.00	1488.58
1342.00	1200.69
1343.00	1001.75
1344.00	849.61
1345.00	800.46
1346.00	823.87
1347.00	835.57
1348.00	877.70
1349.00	755.99
1350.00	842.59
1351.00	767.70
1352.00	807.48
1353.00	807.48
1354.00	861.32
1355.00	779.40
1356.00	903.45
1357.00	800.46
1358.00	898.77
1359.00	877.70
1360.00	901.11
1361.00	954.94
1362.00	2169.68
1363.00	5561.11
1364.00	8971.27
1365.00	9469.81
1366.00	7492.05
1367.00	5362.17
1368.00	4212.96
1369.00	3473.36
1370.00	2757.15
1371.00	1699.23
1372.00	1273.25
1373.00	1064.94
1374.00	1034.52
1375.00	1130.48
1376.00	2822.69
1377.00	8533.59
1378.00	14895.17
1379.00	17291.88
1380.00	13116.36
1381.00	9605.56
1382.00	6930.33
1383.00	5558.77
1384.00	4482.13
1385.00	2663.53
1386.00	1610.29
1387.00	1078.99
1388.00	1006.43
1389.00	954.94
1390.00	964.30
1391.00	842.59
1392.00	880.04
1393.00	912.81
1394.00	875.36
1395.00	849.61
1396.00	877.70
1397.00	966.64
1398.00	1104.73
1399.00	1226.44
1400.00	1275.59
1401.00	1254.53
1402.00	1135.16
1403.00	1167.93
1404.00	1104.73
1405.00	1247.51
1406.00	1959.03
1407.00	7903.99
1408.00	19138.56
1409.00	28613.05
1410.00	25008.62
1411.00	18253.84
1412.00	12587.40
1413.00	9633.64
1414.00	7777.60
1415.00	5275.57
1416.00	2717.36
1417.00	1610.29
1418.00	1163.25
1419.00	1128.14
1420.00	1980.09
1421.00	4117.00
1422.00	6635.42
1423.00	7407.80
1424.00	5755.38
1425.00	4177.86
1426.00	3220.58
1427.00	2689.28
1428.00	2174.36
1429.00	1502.62
1430.00	1151.54
1431.00	1015.79
1432.00	896.43
1433.00	896.43
1434.00	837.91
1435.00	901.11
1436.00	861.32
1437.00	851.96
1438.00	866.00
1439.00	788.76
1440.00	765.36
1441.00	798.12
1442.00	868.34
1443.00	873.02
1444.00	849.61
1445.00	812.17
1446.00	814.51
1447.00	821.53
1448.00	812.17
1449.00	793.44
1450.00	788.76
1451.00	847.27
1452.00	823.87
1453.00	842.59
1454.00	889.40
1455.00	1217.08
1456.00	2415.43
1457.00	3964.87
1458.00	4910.44
1459.00	3995.29
1460.00	3012.27
1461.00	2373.30
1462.00	1914.56
1463.00	1668.80
1464.00	1273.25
1465.00	952.60
1466.00	894.08
1467.00	863.66
1468.00	903.45
1469.00	868.34
1470.00	795.78
1471.00	812.17
1472.00	821.53
1473.00	833.23
1474.00	786.42
1475.00	751.31
1476.00	816.85
1477.00	779.40
1478.00	777.06
1479.00	809.83
1480.00	755.99
1481.00	868.34
1482.00	868.34
1483.00	791.10
1484.00	936.21
1485.00	931.53
1486.00	861.32
1487.00	1128.14
1488.00	3492.08
1489.00	9025.11
1490.00	14321.74
1491.00	14106.41
1492.00	10497.30
1493.00	7473.33
1494.00	5467.49
1495.00	4547.66
1496.00	3215.90
1497.00	1839.66
1498.00	1247.51
1499.00	971.32
1500.00	898.77
1501.00	917.49
1502.00	858.98
1503.00	791.10
1504.00	816.85
1505.00	837.91
1506.00	784.08
1507.00	807.48
1508.00	770.04
1509.00	828.55
1510.00	748.97
1511.00	781.74
1512.00	791.10
1513.00	999.41
1514.00	2174.36
1515.00	3487.40
1516.00	4388.50
1517.00	3595.06
1518.00	2773.53
1519.00	2090.10
1520.00	1818.60
1521.00	1570.50
1522.00	1233.46
1523.00	1046.22
1524.00	861.32
1525.00	847.27
1526.00	844.93
1527.00	828.55
1528.00	847.27
1529.00	863.66
1530.00	809.83
1531.00	873.02
1532.00	1064.94
1533.00	1923.92
1534.00	5069.60
1535.00	9011.06
1536.00	10492.62
1537.00	8037.40
1538.00	5776.44
1539.00	4425.95
1540.00	3566.98
1541.00	2787.58
1542.00	1926.26
1543.00	1287.29
1544.00	1013.45
1545.00	884.72
1546.00	835.57
1547.00	842.59
1548.00	875.36
1549.00	922.17
1550.00	798.12
1551.00	882.38
1552.00	835.57
1553.00	866.00
1554.00	847.27
1555.00	833.23
1556.00	891.74
1557.00	889.40
1558.00	837.91
1559.00	976.00
1560.00	873.02
1561.00	854.30
1562.00	908.13
1563.00	945.58
1564.00	1015.79
1565.00	1296.66
1566.00	4210.62
1567.00	11297.77
1568.00	17982.34
1569.00	18544.06
1570.00	13579.79
1571.00	9603.22
1572.00	6949.05
1573.00	5750.70
1574.00	4128.70
1575.00	2487.99
1576.00	1607.95
1577.00	1310.70
1578.00	1673.48
1579.00	6387.32
1580.00	17493.16
1581.00	28968.81
1582.00	30024.39
1583.00	21261.43
1584.00	14909.21
1585.00	10862.43
1586.00	8823.82
1587.00	5961.34
1588.00	3309.52
1589.00	1769.44
1590.00	1249.85
1591.00	1078.99
1592.00	1048.56
1593.00	922.17
1594.00	917.49
1595.00	915.15
1596.00	863.66
1597.00	910.47
1598.00	847.27
1599.00	802.80
1600.00	903.45
1601.00	767.70
1602.00	828.55
1603.00	812.17
1604.00	915.15
1605.00	793.44
1606.00	802.80
1607.00	828.55
1608.00	786.42
1609.00	828.55
1610.00	812.17
1611.00	798.12
1612.00	854.30
1613.00	816.85
1614.00	786.42
1615.00	725.57
1616.00	837.91
1617.00	802.80
1618.00	755.99
1619.00	870.68
1620.00	767.70
1621.00	854.30
1622.00	692.80
1623.00	873.02
1624.00	777.06
1625.00	786.42
1626.00	835.57
1627.00	734.93
1628.00	819.19
1629.00	781.74
1630.00	751.31
1631.00	753.65
1632.00	770.04
1633.00	786.42
1634.00	805.14
1635.00	809.83
1636.00	833.23
1637.00	814.51
1638.00	821.53
1639.00	798.12
1640.00	763.01
1641.00	788.76
1642.00	826.21
1643.00	866.00
1644.00	777.06
1645.00	873.02
1646.00	828.55
1647.00	898.77
1648.00	875.36
1649.00	1088.35
1650.00	2677.57
1651.00	7470.99
1652.00	13130.41
1653.00	15999.90
1654.00	12568.68
1655.00	8926.80
1656.00	6595.63
1657.00	5167.90
1658.00	3885.29
1659.00	2342.88
1660.00	1371.55
1661.00	1116.44
1662.00	917.49
1663.00	947.92
1664.00	812.17
1665.00	868.34
1666.00	849.61
1667.00	912.81
1668.00	1270.91
1669.00	2644.81
1670.00	4617.88
1671.00	5912.19
1672.00	5093.01
1673.00	3882.95
1674.00	2937.37
1675.00	2389.69
1676.00	1944.99
1677.00	1348.15
1678.00	1060.26
1679.00	809.83
1680.00	833.23
1681.00	779.40
1682.00	774.72
1683.00	807.48
1684.00	746.63
1685.00	753.65
1686.00	784.08
1687.00	779.40
1688.00	763.01
1689.00	816.85
1690.00	758.33
1691.00	819.19
1692.00	798.12
1693.00	760.67
1694.00	770.04
1695.00	706.84
1696.00	723.23
1697.00	751.31
1698.00	854.30
1699.00	786.42
1700.00	858.98
1701.00	699.82
1702.00	835.57
1703.00	753.65
1704.00	805.14
1705.00	816.85
1706.00	842.59
1707.00	800.46
1708.00	784.08
1709.00	816.85
1710.00	807.48
1711.00	770.04
1712.00	809.83
1713.00	856.64
1714.00	1409.00
1715.00	3480.38
1716.00	6284.34
1717.00	7988.25
1718.00	7002.88
1719.00	5364.51
1720.00	4002.32
1721.00	3091.85
1722.00	2317.13
1723.00	1586.88
1724.00	1156.22
1725.00	947.92
1726.00	880.04
1727.00	844.93
1728.00	795.78
1729.00	784.08
1730.00	882.38
1731.00	812.17
1732.00	763.01
1733.00	758.33
1734.00	795.78
1735.00	744.29
1736.00	805.14
1737.00	800.46
1738.00	695.14
1739.00	854.30
1740.00	716.20
1741.00	858.98
1742.00	816.85
1743.00	760.67
1744.00	802.80
1745.00	758.33
1746.00	814.51
1747.00	880.04
1748.00	678.76
1749.00	837.91
1750.00	814.51
1751.00	807.48
1752.00	748.97
1753.00	760.67
1754.00	737.27
1755.00	891.74
1756.00	784.08
1757.00	837.91
1758.00	875.36
1759.00	851.96
1760.00	793.44
1761.00	720.88
1762.00	748.97
1763.00	765.36
1764.00	833.23
1765.00	779.40
1766.00	870.68
1767.00	875.36
1768.00	880.04
1769.00	964.30
1770.00	1975.41
1771.00	5650.05
1772.00	10881.15
1773.00	13881.72
1774.00	12102.91
1775.00	8943.19
1776.00	6408.39
1777.00	4660.01
1778.00	2984.18
1779.00	1982.43
1780.00	1385.60
1781.00	1086.01
1782.00	954.94
1783.00	905.79
1784.00	880.04
1785.00	800.46
1786.00	814.51
1787.00	826.21
1788.00	877.70
1789.00	823.87
1790.00	795.78
1791.00	751.31
1792.00	777.06
1793.00	816.85
1794.00	767.70
1795.00	781.74
1796.00	854.30
1797.00	1078.99
1798.00	2286.70
1799.00	4880.02
1800.00	7903.99
1801.00	8854.25
1802.00	7094.16
1803.00	5446.43
1804.00	3859.54
1805.00	2586.29
1806.00	1776.47
1807.00	1212.40
1808.00	1011.11
1809.00	856.64
1810.00	873.02
1811.00	814.51
1812.00	753.65
1813.00	814.51
1814.00	730.25
1815.00	730.25
1816.00	763.01
1817.00	777.06
1818.00	798.12
1819.00	798.12
1820.00	683.44
1821.00	774.72
1822.00	734.93
1823.00	753.65
1824.00	800.46
1825.00	826.21
1826.00	795.78
1827.00	777.06
1828.00	889.40
1829.00	854.30
1830.00	835.57
1831.00	809.83
1832.00	723.23
1833.00	763.01
1834.00	734.93
1835.00	786.42
1836.00	826.21
1837.00	767.70
1838.00	702.16
1839.00	791.10
1840.00	706.84
1841.00	697.48
1842.00	711.52
1843.00	833.23
1844.00	741.95
1845.00	779.40
1846.00	758.33
1847.00	713.86
1848.00	744.29
1849.00	755.99
1850.00	835.57
1851.00	758.33
1852.00	793.44
1853.00	723.23
1854.00	688.12
1855.00	746.63
1856.00	706.84
1857.00	727.91
1858.00	788.76
1859.00	767.70
1860.00	755.99
1861.00	748.97
1862.00	758.33
1863.00	781.74
1864.00	748.97
1865.00	737.27
1866.00	863.66
1867.00	760.67
1868.00	739.61
1869.00	772.38
1870.00	774.72
1871.00	734.93
1872.00	781.74
1873.00	767.70
1874.00	678.76
1875.00	826.21
1876.00	805.14
1877.00	744.29
1878.00	730.25
1879.00	720.88
1880.00	725.57
1881.00	711.52
1882.00	819.19
1883.00	727.91
1884.00	692.80
1885.00	697.48
1886.00	840.25
1887.00	746.63
1888.00	685.78
1889.00	685.78
1890.00	730.25
1891.00	777.06
1892.00	772.38
1893.00	774.72
1894.00	716.20
1895.00	725.57
1896.00	723.23
1897.00	828.55
1898.00	748.97
1899.00	763.01
1900.00	798.12
1901.00	779.40
1902.00	748.97
1903.00	737.27
1904.00	706.84
1905.00	751.31
1906.00	767.70
1907.00	791.10
1908.00	767.70
1909.00	781.74
1910.00	819.19
1911.00	807.48
1912.00	821.53
1913.00	866.00
1914.00	908.13
1915.00	798.12
1916.00	793.44
1917.00	741.95
1918.00	695.14
1919.00	875.36
1920.00	851.96
1921.00	826.21
1922.00	791.10
1923.00	706.84
1924.00	814.51
1925.00	770.04
1926.00	709.18
1927.00	779.40
1928.00	751.31
1929.00	763.01
1930.00	774.72
1931.00	690.46
1932.00	744.29
1933.00	734.93
1934.00	699.82
1935.00	711.52
1936.00	767.70
1937.00	753.65
1938.00	755.99
1939.00	739.61
1940.00	835.57
1941.00	777.06
1942.00	725.57
1943.00	779.40
1944.00	809.83
1945.00	739.61
1946.00	772.38
1947.00	746.63
1948.00	746.63
1949.00	791.10
1950.00	830.89
1951.00	861.32
1952.00	1114.10
1953.00	1984.77
1954.00	4692.77
1955.00	6937.35
1956.00	7775.26
1957.00	5785.80
1958.00	3723.79
1959.00	2296.07
1960.00	1537.73
1961.00	1308.36
1962.00	1086.01
1963.00	919.83
1964.00	847.27
1965.00	788.76
1966.00	744.29
1967.00	821.53
1968.00	765.36
1969.00	770.04
1970.00	800.46
1971.00	800.46
1972.00	744.29
1973.00	744.29
1974.00	830.89
1975.00	723.23
1976.00	676.41
1977.00	809.83
1978.00	704.50
1979.00	777.06
1980.00	807.48
1981.00	1057.92
1982.00	1219.42
1983.00	1238.14
1984.00	1043.88
1985.00	994.73
1986.00	866.00
1987.00	847.27
1988.00	805.14
1989.00	755.99
1990.00	765.36
1991.00	809.83
1992.00	741.95
1993.00	770.04
1994.00	770.04
1995.00	844.93
1996.00	755.99
1997.00	791.10
1998.00	734.93
1999.00	741.95
2000.00	699.82
2001.00	690.46
2002.00	758.33
2003.00	809.83
2004.00	774.72
2005.00	739.61
2006.00	727.91
2007.00	777.06
2008.00	770.04
2009.00	755.99
2010.00	748.97
2011.00	786.42
2012.00	737.27
2013.00	730.25
2014.00	730.25
2015.00	774.72
2016.00	798.12
2017.00	786.42
2018.00	767.70
2019.00	781.74
2020.00	727.91
2021.00	709.18
2022.00	781.74
2023.00	751.31
2024.00	884.72
2025.00	976.00
2026.00	1086.01
2027.00	1245.16
2028.00	1167.93
2029.00	1146.86
2030.00	2221.17
2031.00	6174.33
2032.00	11501.39
2033.00	15059.01
2034.00	13465.10
2035.00	9193.62
2036.00	6401.37
2037.00	3953.16
2038.00	2478.63
2039.00	1710.93
2040.00	1296.66
2041.00	1039.20
2042.00	873.02
2043.00	938.55
2044.00	882.38
2045.00	788.76
2046.00	753.65
2047.00	847.27
