0.00	744.29
1.00	744.29
2.00	744.29
3.00	561.73
4.00	592.16
5.00	538.32
6.00	606.20
7.00	573.43
8.00	531.30
9.00	596.84
10.00	531.30
11.00	543.00
12.00	585.13
13.00	571.09
14.00	594.50
15.00	580.45
16.00	601.52
17.00	585.13
18.00	552.37
19.00	615.56
20.00	676.41
21.00	636.63
22.00	657.69
23.00	627.26
24.00	660.03
25.00	676.41
26.00	650.67
27.00	706.84
28.00	711.52
29.00	692.80
30.00	674.07
31.00	660.03
32.00	667.05
33.00	655.35
34.00	758.33
35.00	709.18
36.00	781.74
37.00	723.23
38.00	753.65
39.00	765.36
40.00	713.86
41.00	716.20
42.00	779.40
43.00	739.61
44.00	716.20
45.00	765.36
46.00	725.57
47.00	758.33
48.00	730.25
49.00	723.23
50.00	779.40
51.00	798.12
52.00	777.06
53.00	723.23
54.00	739.61
55.00	713.86
56.00	734.93
57.00	760.67
58.00	760.67
59.00	765.36
60.00	730.25
61.00	777.06
62.00	751.31
63.00	725.57
64.00	760.67
65.00	725.57
66.00	781.74
67.00	746.63
68.00	702.16
69.00	772.38
70.00	718.54
71.00	709.18
72.00	725.57
73.00	676.41
74.00	774.72
75.00	716.20
76.00	711.52
77.00	805.14
78.00	786.42
79.00	753.65
80.00	676.41
81.00	748.97
82.00	723.23
83.00	702.16
84.00	716.20
85.00	702.16
86.00	737.27
87.00	685.78
88.00	737.27
89.00	786.42
90.00	711.52
91.00	711.52
92.00	716.20
93.00	720.88
94.00	746.63
95.00	690.46
96.00	748.97
97.00	781.74
98.00	774.72
99.00	674.07
100.00	777.06
101.00	791.10
102.00	718.54
103.00	746.63
104.00	704.50
105.00	709.18
106.00	711.52
107.00	725.57
108.00	734.93
109.00	720.88
110.00	821.53
111.00	720.88
112.00	763.01
113.00	763.01
114.00	732.59
115.00	648.33
116.00	737.27
117.00	809.83
118.00	741.95
119.00	732.59
120.00	720.88
121.00	688.12
122.00	716.20
123.00	692.80
124.00	711.52
125.00	739.61
126.00	741.95
127.00	636.63
128.00	720.88
129.00	681.10
130.00	739.61
131.00	767.70
132.00	734.93
133.00	690.46
134.00	650.67
135.00	685.78
136.00	723.23
137.00	699.82
138.00	737.27
139.00	720.88
140.00	765.36
141.00	716.20
142.00	713.86
143.00	753.65
144.00	758.33
145.00	709.18
146.00	770.04
147.00	816.85
148.00	767.70
149.00	763.01
150.00	713.86
151.00	676.41
152.00	753.65
153.00	758.33
154.00	758.33
155.00	788.76
156.00	784.08
157.00	798.12
158.00	800.46
159.00	784.08
160.00	812.17
161.00	741.95
162.00	692.80
163.00	725.57
164.00	716.20
165.00	774.72
166.00	732.59
167.00	690.46
168.00	660.03
169.00	758.33
170.00	784.08
171.00	767.70
172.00	744.29
173.00	643.65
174.00	678.76
175.00	695.14
176.00	748.97
177.00	716.20
178.00	695.14
179.00	711.52
180.00	683.44
181.00	798.12
182.00	709.18
183.00	760.67
184.00	737.27
185.00	697.48
186.00	720.88
187.00	746.63
188.00	744.29
189.00	690.46
190.00	758.33
191.00	704.50
192.00	781.74
193.00	772.38
194.00	798.12
195.00	753.65
196.00	725.57
197.00	781.74
198.00	748.97
199.00	734.93
200.00	725.57
201.00	777.06
202.00	741.95
203.00	739.61
204.00	751.31
205.00	748.97
206.00	697.48
207.00	709.18
208.00	695.14
209.00	774.72
210.00	748.97
211.00	744.29
212.00	770.04
213.00	798.12
214.00	737.27
215.00	748.97
216.00	713.86
217.00	791.10
218.00	737.27
219.00	725.57
220.00	709.18
221.00	709.18
222.00	690.46
223.00	734.93
224.00	758.33
225.00	755.99
226.00	732.59
227.00	784.08
228.00	730.25
229.00	730.25
230.00	692.80
231.00	734.93
232.00	779.40
233.00	725.57
234.00	823.87
235.00	683.44
236.00	844.93
237.00	704.50
238.00	755.99
239.00	725.57
240.00	760.67
241.00	727.91
242.00	690.46
243.00	816.85
244.00	744.29
245.00	657.69
246.00	725.57
247.00	730.25
248.00	758.33
249.00	758.33
250.00	758.33
251.00	753.65
252.00	744.29
253.00	751.31
254.00	753.65
255.00	763.01
256.00	777.06
257.00	795.78
258.00	704.50
259.00	748.97
260.00	697.48
261.00	781.74
262.00	671.73
263.00	704.50
264.00	807.48
265.00	688.12
266.00	786.42
267.00	786.42
268.00	755.99
269.00	713.86
270.00	734.93
271.00	718.54
272.00	828.55
273.00	823.87
274.00	837.91
275.00	837.91
276.00	788.76
277.00	779.40
278.00	821.53
279.00	800.46
280.00	819.19
281.00	805.14
282.00	777.06
283.00	748.97
284.00	758.33
285.00	725.57
286.00	807.48
287.00	781.74
288.00	812.17
289.00	741.95
290.00	777.06
291.00	718.54
292.00	727.91
293.00	760.67
294.00	739.61
295.00	774.72
296.00	791.10
297.00	760.67
298.00	833.23
299.00	763.01
300.00	765.36
301.00	730.25
302.00	765.36
303.00	720.88
304.00	744.29
305.00	676.41
306.00	727.91
307.00	709.18
308.00	760.67
309.00	760.67
310.00	823.87
311.00	781.74
312.00	777.06
313.00	706.84
314.00	753.65
315.00	697.48
316.00	758.33
317.00	805.14
318.00	723.23
319.00	784.08
320.00	781.74
321.00	758.33
322.00	777.06
323.00	730.25
324.00	706.84
325.00	732.59
326.00	744.29
327.00	730.25
328.00	814.51
329.00	767.70
330.00	746.63
331.00	744.29
332.00	751.31
333.00	692.80
334.00	798.12
335.00	748.97
336.00	692.80
337.00	732.59
338.00	723.23
339.00	727.91
340.00	723.23
341.00	784.08
342.00	791.10
343.00	765.36
344.00	795.78
345.00	784.08
346.00	823.87
347.00	767.70
348.00	791.10
349.00	816.85
350.00	828.55
351.00	858.98
352.00	798.12
353.00	786.42
354.00	753.65
355.00	819.19
356.00	758.33
357.00	777.06
358.00	763.01
359.00	751.31
360.00	737.27
361.00	730.25
362.00	748.97
363.00	798.12
364.00	744.29
365.00	767.70
366.00	718.54
367.00	779.40
368.00	781.74
369.00	805.14
370.00	765.36
371.00	791.10
372.00	788.76
373.00	795.78
374.00	765.36
375.00	784.08
376.00	730.25
377.00	788.76
378.00	753.65
379.00	779.40
380.00	730.25
381.00	786.42
382.00	765.36
383.00	793.44
384.00	748.97
385.00	755.99
386.00	835.57
387.00	781.74
388.00	830.89
389.00	784.08
390.00	746.63
391.00	720.88
392.00	739.61
393.00	683.44
394.00	744.29
395.00	674.07
396.00	720.88
397.00	767.70
398.00	816.85
399.00	737.27
400.00	802.80
401.00	725.57
402.00	777.06
403.00	730.25
404.00	777.06
405.00	779.40
406.00	685.78
407.00	732.59
408.00	685.78
409.00	709.18
410.00	730.25
411.00	767.70
412.00	718.54
413.00	779.40
414.00	746.63
415.00	718.54
416.00	746.63
417.00	734.93
418.00	753.65
419.00	793.44
420.00	805.14
421.00	786.42
422.00	767.70
423.00	692.80
424.00	774.72
425.00	763.01
426.00	777.06
427.00	746.63
428.00	706.84
429.00	748.97
430.00	821.53
431.00	814.51
432.00	741.95
433.00	763.01
434.00	800.46
435.00	784.08
436.00	763.01
437.00	711.52
438.00	751.31
439.00	777.06
440.00	763.01
441.00	748.97
442.00	781.74
443.00	788.76
444.00	774.72
445.00	781.74
446.00	779.40
447.00	739.61
448.00	732.59
449.00	711.52
450.00	760.67
451.00	744.29
452.00	788.76
453.00	779.40
454.00	767.70
455.00	814.51
456.00	744.29
457.00	809.83
458.00	767.70
459.00	770.04
460.00	784.08
461.00	734.93
462.00	727.91
463.00	734.93
464.00	755.99
465.00	716.20
466.00	798.12
467.00	748.97
468.00	779.40
469.00	746.63
470.00	706.84
471.00	784.08
472.00	755.99
473.00	760.67
474.00	737.27
475.00	734.93
476.00	723.23
477.00	784.08
478.00	709.18
479.00	706.84
480.00	763.01
481.00	837.91
482.00	795.78
483.00	723.23
484.00	739.61
485.00	781.74
486.00	795.78
487.00	732.59
488.00	755.99
489.00	685.78
490.00	725.57
491.00	819.19
492.00	723.23
493.00	741.95
494.00	727.91
495.00	823.87
496.00	767.70
497.00	727.91
498.00	835.57
499.00	772.38
500.00	819.19
501.00	758.33
502.00	795.78
503.00	772.38
504.00	774.72
505.00	770.04
506.00	713.86
507.00	795.78
508.00	765.36
509.00	716.20
510.00	774.72
511.00	779.40
512.00	777.06
513.00	840.25
514.00	718.54
515.00	765.36
516.00	800.46
517.00	697.48
518.00	798.12
519.00	779.40
520.00	767.70
521.00	812.17
522.00	662.37
523.00	718.54
524.00	777.06
525.00	746.63
526.00	795.78
527.00	767.70
528.00	746.63
529.00	767.70
530.00	741.95
531.00	812.17
532.00	734.93
533.00	830.89
534.00	833.23
535.00	835.57
536.00	793.44
537.00	767.70
538.00	821.53
539.00	744.29
540.00	793.44
541.00	777.06
542.00	844.93
543.00	758.33
544.00	732.59
545.00	758.33
546.00	753.65
547.00	683.44
548.00	737.27
549.00	732.59
550.00	788.76
551.00	791.10
552.00	770.04
553.00	683.44
554.00	779.40
555.00	772.38
556.00	877.70
557.00	744.29
558.00	744.29
559.00	823.87
560.00	697.48
561.00	858.98
562.00	770.04
563.00	699.82
564.00	751.31
565.00	805.14
566.00	786.42
567.00	802.80
568.00	739.61
569.00	823.87
570.00	746.63
571.00	727.91
572.00	784.08
573.00	734.93
574.00	786.42
575.00	828.55
576.00	732.59
577.00	716.20
578.00	730.25
579.00	730.25
580.00	767.70
581.00	732.59
582.00	765.36
583.00	755.99
584.00	718.54
585.00	753.65
586.00	748.97
587.00	802.80
588.00	734.93
589.00	828.55
590.00	777.06
591.00	751.31
592.00	821.53
593.00	772.38
594.00	716.20
595.00	746.63
596.00	720.88
597.00	786.42
598.00	791.10
599.00	723.23
600.00	720.88
601.00	816.85
602.00	774.72
603.00	732.59
604.00	734.93
605.00	737.27
606.00	770.04
607.00	755.99
608.00	739.61
609.00	732.59
610.00	744.29
611.00	835.57
612.00	760.67
613.00	732.59
614.00	814.51
615.00	755.99
616.00	807.48
617.00	786.42
618.00	739.61
619.00	758.33
620.00	711.52
621.00	807.48
622.00	767.70
623.00	751.31
624.00	777.06
625.00	734.93
626.00	767.70
627.00	777.06
628.00	746.63
629.00	786.42
630.00	805.14
631.00	737.27
632.00	739.61
633.00	716.20
634.00	734.93
635.00	704.50
636.00	765.36
637.00	793.44
638.00	765.36
639.00	739.61
640.00	809.83
641.00	770.04
642.00	699.82
643.00	755.99
644.00	772.38
645.00	748.97
646.00	774.72
647.00	774.72
648.00	828.55
649.00	763.01
650.00	866.00
651.00	781.74
652.00	755.99
653.00	767.70
654.00	826.21
655.00	873.02
656.00	732.59
657.00	840.25
658.00	704.50
659.00	758.33
660.00	730.25
661.00	809.83
662.00	807.48
663.00	807.48
664.00	730.25
665.00	772.38
666.00	788.76
667.00	812.17
668.00	823.87
669.00	770.04
670.00	800.46
671.00	760.67
672.00	772.38
673.00	821.53
674.00	763.01
675.00	755.99
676.00	861.32
677.00	854.30
678.00	856.64
679.00	723.23
680.00	875.36
681.00	716.20
682.00	767.70
683.00	779.40
684.00	732.59
685.00	723.23
686.00	744.29
687.00	772.38
688.00	858.98
689.00	755.99
690.00	744.29
691.00	746.63
692.00	753.65
693.00	739.61
694.00	746.63
695.00	767.70
696.00	875.36
697.00	758.33
698.00	812.17
699.00	720.88
700.00	767.70
701.00	819.19
702.00	723.23
703.00	723.23
704.00	777.06
705.00	830.89
706.00	905.79
707.00	781.74
708.00	812.17
709.00	748.97
710.00	781.74
711.00	770.04
712.00	772.38
713.00	821.53
714.00	746.63
715.00	833.23
716.00	828.55
717.00	779.40
718.00	760.67
719.00	765.36
720.00	798.12
721.00	741.95
722.00	805.14
723.00	786.42
724.00	753.65
725.00	727.91
726.00	734.93
727.00	744.29
728.00	779.40
729.00	734.93
730.00	798.12
731.00	755.99
732.00	737.27
733.00	777.06
734.00	702.16
735.00	835.57
736.00	844.93
737.00	774.72
738.00	821.53
739.00	793.44
740.00	795.78
741.00	854.30
742.00	812.17
743.00	791.10
744.00	819.19
745.00	791.10
746.00	770.04
747.00	788.76
748.00	772.38
749.00	842.59
750.00	788.76
751.00	812.17
752.00	828.55
753.00	772.38
754.00	828.55
755.00	828.55
756.00	779.40
757.00	807.48
758.00	737.27
759.00	798.12
760.00	758.33
761.00	856.64
762.00	805.14
763.00	786.42
764.00	746.63
765.00	777.06
766.00	751.31
767.00	753.65
768.00	795.78
769.00	734.93
770.00	758.33
771.00	826.21
772.00	763.01
773.00	751.31
774.00	861.32
775.00	812.17
776.00	826.21
777.00	734.93
778.00	760.67
779.00	751.31
780.00	786.42
781.00	788.76
782.00	816.85
783.00	826.21
784.00	823.87
785.00	795.78
786.00	784.08
787.00	847.27
788.00	767.70
789.00	786.42
790.00	821.53
791.00	882.38
792.00	781.74
793.00	833.23
794.00	760.67
795.00	746.63
796.00	823.87
797.00	802.80
798.00	753.65
799.00	819.19
800.00	770.04
801.00	779.40
802.00	746.63
803.00	847.27
804.00	713.86
805.00	791.10
806.00	784.08
807.00	746.63
808.00	807.48
809.00	844.93
810.00	732.59
811.00	767.70
812.00	706.84
813.00	772.38
814.00	819.19
815.00	788.76
816.00	779.40
817.00	788.76
818.00	786.42
819.00	734.93
820.00	828.55
821.00	802.80
822.00	741.95
823.00	798.12
824.00	889.40
825.00	812.17
826.00	772.38
827.00	786.42
828.00	753.65
829.00	849.61
830.00	755.99
831.00	699.82
832.00	793.44
833.00	793.44
834.00	786.42
835.00	835.57
836.00	866.00
837.00	858.98
838.00	814.51
839.00	828.55
840.00	760.67
841.00	770.04
842.00	830.89
843.00	798.12
844.00	819.19
845.00	849.61
846.00	833.23
847.00	791.10
848.00	812.17
849.00	826.21
850.00	835.57
851.00	718.54
852.00	795.78
853.00	751.31
854.00	725.57
855.00	809.83
856.00	814.51
857.00	751.31
858.00	779.40
859.00	795.78
860.00	737.27
861.00	774.72
862.00	833.23
863.00	784.08
864.00	737.27
865.00	784.08
866.00	765.36
867.00	777.06
868.00	767.70
869.00	821.53
870.00	819.19
871.00	774.72
872.00	781.74
873.00	774.72
874.00	807.48
875.00	755.99
876.00	800.46
877.00	823.87
878.00	788.76
879.00	856.64
880.00	805.14
881.00	793.44
882.00	753.65
883.00	760.67
884.00	802.80
885.00	758.33
886.00	777.06
887.00	774.72
888.00	737.27
889.00	863.66
890.00	781.74
891.00	753.65
892.00	828.55
893.00	826.21
894.00	753.65
895.00	774.72
896.00	802.80
897.00	809.83
898.00	716.20
899.00	793.44
900.00	833.23
901.00	812.17
902.00	798.12
903.00	814.51
904.00	784.08
905.00	917.49
906.00	915.15
907.00	868.34
908.00	858.98
909.00	807.48
910.00	821.53
911.00	875.36
912.00	919.83
913.00	919.83
914.00	938.55
915.00	889.40
916.00	903.45
917.00	912.81
918.00	922.17
919.00	812.17
920.00	795.78
921.00	765.36
922.00	821.53
923.00	844.93
924.00	772.38
925.00	887.06
926.00	770.04
927.00	868.34
928.00	884.72
929.00	781.74
930.00	830.89
931.00	851.96
932.00	802.80
933.00	807.48
934.00	851.96
935.00	863.66
936.00	887.06
937.00	774.72
938.00	837.91
939.00	788.76
940.00	840.25
941.00	793.44
942.00	807.48
943.00	798.12
944.00	828.55
945.00	851.96
946.00	1132.82
947.00	1603.27
948.00	2122.87
949.00	1818.60
950.00	1558.80
951.00	1427.73
952.00	1294.32
953.00	1067.28
954.00	968.98
955.00	894.08
956.00	833.23
957.00	802.80
958.00	823.87
959.00	720.88
960.00	819.19
961.00	805.14
962.00	751.31
963.00	816.85
964.00	854.30
965.00	837.91
966.00	788.76
967.00	891.74
968.00	828.55
969.00	809.83
970.00	814.51
971.00	765.36
972.00	800.46
973.00	798.12
974.00	812.17
975.00	784.08
976.00	781.74
977.00	758.33
978.00	800.46
979.00	798.12
980.00	741.95
981.00	821.53
982.00	814.51
983.00	816.85
984.00	802.80
985.00	816.85
986.00	826.21
987.00	772.38
988.00	798.12
989.00	800.46
990.00	807.48
991.00	866.00
992.00	807.48
993.00	802.80
994.00	809.83
995.00	786.42
996.00	770.04
997.00	821.53
998.00	791.10
999.00	837.91
1000.00	805.14
1001.00	826.21
1002.00	781.74
1003.00	753.65
1004.00	851.96
1005.00	854.30
1006.00	788.76
1007.00	809.83
1008.00	770.04
1009.00	826.21
1010.00	868.34
1011.00	823.87
1012.00	802.80
1013.00	767.70
1014.00	800.46
1015.00	732.59
1016.00	821.53
1017.00	835.57
1018.00	805.14
1019.00	755.99
1020.00	793.44
1021.00	716.20
1022.00	805.14
1023.00	772.38
1024.00	868.34
1025.00	805.14
1026.00	786.42
1027.00	805.14
1028.00	837.91
1029.00	779.40
1030.00	741.95
1031.00	819.19
1032.00	821.53
1033.00	795.78
1034.00	814.51
1035.00	777.06
1036.00	833.23
1037.00	828.55
1038.00	908.13
1039.00	744.29
1040.00	702.16
1041.00	858.98
1042.00	809.83
1043.00	791.10
1044.00	784.08
1045.00	837.91
1046.00	866.00
1047.00	842.59
1048.00	837.91
1049.00	828.55
1050.00	739.61
1051.00	837.91
1052.00	800.46
1053.00	760.67
1054.00	858.98
1055.00	847.27
1056.00	833.23
1057.00	809.83
1058.00	788.76
1059.00	830.89
1060.00	784.08
1061.00	812.17
1062.00	826.21
1063.00	833.23
1064.00	814.51
1065.00	786.42
1066.00	786.42
1067.00	770.04
1068.00	767.70
1069.00	788.76
1070.00	802.80
1071.00	786.42
1072.00	751.31
1073.00	748.97
1074.00	835.57
1075.00	751.31
1076.00	770.04
1077.00	744.29
1078.00	784.08
1079.00	837.91
1080.00	856.64
1081.00	840.25
1082.00	849.61
1083.00	798.12
1084.00	842.59
1085.00	774.72
1086.00	814.51
1087.00	889.40
1088.00	873.02
1089.00	833.23
1090.00	772.38
1091.00	816.85
1092.00	781.74
1093.00	849.61
1094.00	741.95
1095.00	849.61
1096.00	755.99
1097.00	781.74
1098.00	758.33
1099.00	781.74
1100.00	786.42
1101.00	863.66
1102.00	851.96
1103.00	828.55
1104.00	828.55
1105.00	840.25
1106.00	786.42
1107.00	828.55
1108.00	821.53
1109.00	887.06
1110.00	863.66
1111.00	837.91
1112.00	774.72
1113.00	791.10
1114.00	699.82
1115.00	823.87
1116.00	828.55
1117.00	837.91
1118.00	847.27
1119.00	805.14
1120.00	777.06
1121.00	826.21
1122.00	830.89
1123.00	858.98
1124.00	812.17
1125.00	835.57
1126.00	844.93
1127.00	800.46
1128.00	805.14
1129.00	744.29
1130.00	763.01
1131.00	807.48
1132.00	763.01
1133.00	786.42
1134.00	802.80
1135.00	704.50
1136.00	826.21
1137.00	821.53
1138.00	777.06
1139.00	809.83
1140.00	819.19
1141.00	777.06
1142.00	819.19
1143.00	842.59
1144.00	819.19
1145.00	807.48
1146.00	767.70
1147.00	858.98
1148.00	809.83
1149.00	781.74
1150.00	802.80
1151.00	781.74
1152.00	837.91
1153.00	847.27
1154.00	880.04
1155.00	823.87
1156.00	866.00
1157.00	809.83
1158.00	896.43
1159.00	896.43
1160.00	964.30
1161.00	819.19
1162.00	858.98
1163.00	844.93
1164.00	823.87
1165.00	884.72
1166.00	905.79
1167.00	1090.69
1168.00	1207.72
1169.00	1310.70
1170.00	1214.74
1171.00	1039.20
1172.00	976.00
1173.00	973.66
1174.00	1011.11
1175.00	858.98
1176.00	847.27
1177.00	833.23
1178.00	870.68
1179.00	835.57
1180.00	784.08
1181.00	858.98
1182.00	816.85
1183.00	903.45
1184.00	938.55
1185.00	826.21
1186.00	873.02
1187.00	880.04
1188.00	856.64
1189.00	819.19
1190.00	903.45
1191.00	901.11
1192.00	912.81
1193.00	952.60
1194.00	929.19
1195.00	983.02
1196.00	882.38
1197.00	940.90
1198.00	931.53
1199.00	950.26
1200.00	992.39
1201.00	1011.11
1202.00	1083.67
1203.00	1181.97
1204.00	1235.80
1205.00	1046.22
1206.00	1107.07
1207.00	1074.31
1208.00	1064.94
1209.00	964.30
1210.00	1043.88
1211.00	1027.50
1212.00	990.05
1213.00	1060.26
1214.00	1074.31
1215.00	1240.48
1216.00	1306.02
1217.00	1350.49
1218.00	1537.73
1219.00	1778.81
1220.00	3389.10
1221.00	18822.59
1222.00	51576.04
1223.00	64865.61
1224.00	64170.47
1225.00	56453.72
1226.00	43033.09
1227.00	32144.92
1228.00	26476.14
1229.00	18953.66
1230.00	8966.59
1231.00	3740.18
1232.00	2092.44
1233.00	1650.08
1234.00	1352.83
1235.00	1357.51
1236.00	1301.34
1237.00	1210.06
1238.00	1179.63
1239.00	1596.25
1240.00	3307.18
1241.00	5591.54
1242.00	6993.52
1243.00	5621.97
1244.00	4470.42
1245.00	3487.40
1246.00	2895.24
1247.00	2480.97
1248.00	1809.23
1249.00	1238.14
1250.00	1083.67
1251.00	1032.18
1252.00	1020.47
1253.00	961.96
1254.00	954.94
1255.00	1062.60
1256.00	1097.71
1257.00	1015.79
1258.00	1032.18
1259.00	1025.15
1260.00	889.40
1261.00	1011.11
1262.00	952.60
1263.00	903.45
1264.00	922.17
1265.00	922.17
1266.00	870.68
1267.00	917.49
1268.00	861.32
1269.00	849.61
1270.00	926.85
1271.00	912.81
1272.00	917.49
1273.00	837.91
1274.00	880.04
1275.00	931.53
1276.00	938.55
1277.00	959.62
1278.00	1018.13
1279.00	2312.45
1280.00	6263.27
1281.00	10583.90
1282.00	11927.37
1283.00	9275.54
1284.00	6832.02
1285.00	5090.67
1286.00	4231.69
1287.00	3442.93
1288.00	2249.25
1289.00	1364.53
1290.00	1032.18
1291.00	882.38
1292.00	929.19
1293.00	1008.77
1294.00	926.85
1295.00	1046.22
1296.00	980.68
1297.00	936.21
1298.00	987.71
1299.00	1626.67
1300.00	2551.18
1301.00	3363.35
1302.00	2984.18
1303.00	2441.18
1304.00	1956.69
1305.00	1687.53
1306.00	1460.49
1307.00	1399.64
1308.00	1025.15
1309.00	926.85
1310.00	887.06
1311.00	882.38
1312.00	882.38
1313.00	884.72
1314.00	870.68
1315.00	880.04
1316.00	807.48
1317.00	917.49
1318.00	807.48
1319.00	835.57
1320.00	833.23
1321.00	873.02
1322.00	802.80
1323.00	837.91
1324.00	826.21
1325.00	751.31
1326.00	851.96
1327.00	816.85
1328.00	849.61
1329.00	851.96
1330.00	873.02
1331.00	863.66
1332.00	858.98
1333.00	1048.56
1334.00	1734.34
1335.00	2810.98
1336.00	3517.83
1337.00	3169.09
1338.00	2581.61
1339.00	2054.99
1340.00	1837.32
1341.00	1507.30
1342.00	1217.08
1343.00	1074.31
1344.00	873.02
1345.00	908.13
1346.00	894.08
1347.00	887.06
1348.00	887.06
1349.00	882.38
1350.00	858.98
1351.00	758.33
1352.00	894.08
1353.00	877.70
1354.00	910.47
1355.00	898.77
1356.00	786.42
1357.00	919.83
1358.00	1015.79
1359.00	910.47
1360.00	938.55
1361.00	1022.81
1362.00	2286.70
1363.00	5584.52
1364.00	9188.94
1365.00	9909.83
1366.00	7723.77
1367.00	5650.05
1368.00	4173.18
1369.00	3665.28
1370.00	2789.92
1371.00	1804.55
1372.00	1324.74
1373.00	1123.46
1374.00	1043.88
1375.00	1177.29
1376.00	3061.42
1377.00	8821.48
1378.00	15744.78
1379.00	18036.17
1380.00	13659.37
1381.00	9870.04
1382.00	7456.95
1383.00	5823.25
1384.00	4643.62
1385.00	2794.60
1386.00	1710.93
1387.00	1111.75
1388.00	1032.18
1389.00	959.62
1390.00	1004.09
1391.00	950.26
1392.00	875.36
1393.00	915.15
1394.00	830.89
1395.00	880.04
1396.00	898.77
1397.00	980.68
1398.00	1116.44
1399.00	1200.69
1400.00	1359.85
1401.00	1266.23
1402.00	1104.73
1403.00	1184.31
1404.00	1191.33
1405.00	1270.91
1406.00	2024.56
1407.00	8407.20
1408.00	19976.47
1409.00	29078.82
1410.00	25926.11
1411.00	18485.55
1412.00	12800.39
1413.00	9827.91
1414.00	8191.88
1415.00	5373.87
1416.00	2836.73
1417.00	1682.85
1418.00	1153.88
1419.00	1163.25
1420.00	1994.14
1421.00	4276.16
1422.00	7035.65
1423.00	7803.35
1424.00	6015.18
1425.00	4355.74
1426.00	3279.09
1427.00	2855.45
1428.00	2279.68
1429.00	1596.25
1430.00	1130.48
1431.00	1032.18
1432.00	917.49
1433.00	896.43
1434.00	891.74
1435.00	844.93
1436.00	880.04
1437.00	877.70
1438.00	870.68
1439.00	851.96
1440.00	905.79
1441.00	821.53
1442.00	849.61
1443.00	854.30
1444.00	819.19
1445.00	849.61
1446.00	774.72
1447.00	814.51
1448.00	875.36
1449.00	842.59
1450.00	823.87
1451.00	877.70
1452.00	856.64
1453.00	903.45
1454.00	954.94
1455.00	1240.48
1456.00	2590.97
1457.00	4189.56
1458.00	5139.82
1459.00	4187.22
1460.00	3197.17
1461.00	2415.43
1462.00	2026.90
1463.00	1788.17
1464.00	1226.44
1465.00	1022.81
1466.00	919.83
1467.00	891.74
1468.00	863.66
1469.00	842.59
1470.00	915.15
1471.00	887.06
1472.00	842.59
1473.00	898.77
1474.00	814.51
1475.00	805.14
1476.00	823.87
1477.00	816.85
1478.00	877.70
1479.00	840.25
1480.00	800.46
1481.00	819.19
1482.00	802.80
1483.00	943.24
1484.00	894.08
1485.00	882.38
1486.00	947.92
1487.00	1128.14
1488.00	3730.81
1489.00	9413.63
1490.00	14881.13
1491.00	14958.36
1492.00	11009.88
1493.00	7623.12
1494.00	5746.02
1495.00	4777.03
1496.00	3433.57
1497.00	2022.22
1498.00	1254.53
1499.00	1046.22
1500.00	943.24
1501.00	858.98
1502.00	819.19
1503.00	844.93
1504.00	844.93
1505.00	842.59
1506.00	751.31
1507.00	908.13
1508.00	896.43
1509.00	802.80
1510.00	842.59
1511.00	840.25
1512.00	858.98
1513.00	1095.37
1514.00	2176.70
1515.00	3583.36
1516.00	4425.95
1517.00	3740.18
1518.00	2773.53
1519.00	2286.70
1520.00	1919.24
1521.00	1631.35
1522.00	1369.21
1523.00	1055.58
1524.00	940.90
1525.00	929.19
1526.00	802.80
1527.00	835.57
1528.00	912.81
1529.00	889.40
1530.00	905.79
1531.00	915.15
1532.00	1107.07
1533.00	2113.50
1534.00	5392.59
1535.00	9259.16
1536.00	11012.22
1537.00	8678.71
1538.00	6029.22
1539.00	4538.30
1540.00	3726.13
1541.00	2822.69
1542.00	1895.83
1543.00	1289.64
1544.00	992.39
1545.00	870.68
1546.00	858.98
1547.00	868.34
1548.00	922.17
1549.00	847.27
1550.00	873.02
1551.00	856.64
1552.00	856.64
1553.00	809.83
1554.00	896.43
1555.00	861.32
1556.00	908.13
1557.00	875.36
1558.00	877.70
1559.00	887.06
1560.00	851.96
1561.00	931.53
1562.00	954.94
1563.00	1039.20
1564.00	1053.24
1565.00	1299.00
1566.00	4568.73
1567.00	11702.68
1568.00	18925.57
1569.00	19164.31
1570.00	13820.86
1571.00	9823.23
1572.00	7250.98
1573.00	5891.13
1574.00	4423.61
1575.00	2534.80
1576.00	1614.97
1577.00	1355.17
1578.00	1748.38
1579.00	6513.71
1580.00	18120.43
1581.00	30012.69
1582.00	31084.65
1583.00	21968.27
1584.00	15447.54
1585.00	11211.17
1586.00	9165.54
1587.00	6214.12
1588.00	3400.80
1589.00	1827.96
1590.00	1261.55
1591.00	1074.31
1592.00	1053.24
1593.00	919.83
1594.00	910.47
1595.00	966.64
1596.00	908.13
1597.00	924.51
1598.00	931.53
1599.00	800.46
1600.00	901.11
1601.00	833.23
1602.00	823.87
1603.00	793.44
1604.00	805.14
1605.00	847.27
1606.00	896.43
1607.00	847.27
1608.00	866.00
1609.00	856.64
1610.00	798.12
1611.00	821.53
1612.00	807.48
1613.00	807.48
1614.00	823.87
1615.00	805.14
1616.00	755.99
1617.00	835.57
1618.00	748.97
1619.00	784.08
1620.00	835.57
1621.00	854.30
1622.00	767.70
1623.00	802.80
1624.00	772.38
1625.00	854.30
1626.00	840.25
1627.00	781.74
1628.00	795.78
1629.00	781.74
1630.00	809.83
1631.00	744.29
1632.00	753.65
1633.00	772.38
1634.00	840.25
1635.00	784.08
1636.00	826.21
1637.00	835.57
1638.00	870.68
1639.00	875.36
1640.00	835.57
1641.00	744.29
1642.00	835.57
1643.00	779.40
1644.00	788.76
1645.00	830.89
1646.00	809.83
1647.00	821.53
1648.00	861.32
1649.00	1025.15
1650.00	2759.49
1651.00	7660.57
1652.00	13752.99
1653.00	16531.20
1654.00	12968.91
1655.00	9437.04
1656.00	6890.54
1657.00	5408.98
1658.00	3950.82
1659.00	2452.88
1660.00	1565.82
1661.00	1139.84
1662.00	990.05
1663.00	896.43
1664.00	912.81
1665.00	938.55
1666.00	901.11
1667.00	919.83
1668.00	1259.21
1669.00	2764.17
1670.00	4645.96
1671.00	6157.95
1672.00	5303.65
1673.00	4053.81
1674.00	3038.02
1675.00	2485.65
1676.00	2031.58
1677.00	1366.87
1678.00	1034.52
1679.00	842.59
1680.00	821.53
1681.00	854.30
1682.00	835.57
1683.00	781.74
1684.00	793.44
1685.00	816.85
1686.00	772.38
1687.00	788.76
1688.00	739.61
1689.00	800.46
1690.00	777.06
1691.00	727.91
1692.00	868.34
1693.00	805.14
1694.00	763.01
1695.00	828.55
1696.00	807.48
1697.00	861.32
1698.00	868.34
1699.00	807.48
1700.00	807.48
1701.00	798.12
1702.00	807.48
1703.00	784.08
1704.00	828.55
1705.00	786.42
1706.00	788.76
1707.00	763.01
1708.00	777.06
1709.00	854.30
1710.00	807.48
1711.00	833.23
1712.00	802.80
1713.00	858.98
1714.00	1420.71
1715.00	3515.48
1716.00	6366.26
1717.00	8285.50
1718.00	7199.49
1719.00	5628.99
1720.00	4084.23
1721.00	3304.84
1722.00	2385.01
1723.00	1645.40
1724.00	1172.61
1725.00	994.73
1726.00	814.51
1727.00	889.40
1728.00	833.23
1729.00	767.70
1730.00	727.91
1731.00	798.12
1732.00	746.63
1733.00	819.19
1734.00	821.53
1735.00	802.80
1736.00	772.38
1737.00	770.04
1738.00	770.04
1739.00	795.78
1740.00	734.93
1741.00	793.44
1742.00	805.14
1743.00	730.25
1744.00	805.14
1745.00	784.08
1746.00	758.33
1747.00	828.55
1748.00	760.67
1749.00	842.59
1750.00	791.10
1751.00	732.59
1752.00	772.38
1753.00	826.21
1754.00	823.87
1755.00	863.66
1756.00	877.70
1757.00	774.72
1758.00	835.57
1759.00	823.87
1760.00	833.23
1761.00	777.06
1762.00	800.46
1763.00	823.87
1764.00	903.45
1765.00	840.25
1766.00	809.83
1767.00	814.51
1768.00	826.21
1769.00	994.73
1770.00	2085.42
1771.00	5994.11
1772.00	10897.53
1773.00	14464.51
1774.00	12152.06
1775.00	9245.12
1776.00	6787.55
1777.00	4711.50
1778.00	2972.48
1779.00	1914.56
1780.00	1432.41
1781.00	1088.35
1782.00	1013.45
1783.00	1001.75
1784.00	851.96
1785.00	793.44
1786.00	884.72
1787.00	828.55
1788.00	786.42
1789.00	905.79
1790.00	828.55
1791.00	863.66
1792.00	744.29
1793.00	840.25
1794.00	821.53
1795.00	861.32
1796.00	905.79
1797.00	1076.65
1798.00	2415.43
1799.00	5111.73
1800.00	8226.98
1801.00	9153.84
1802.00	7143.32
1803.00	5500.26
1804.00	3969.55
1805.00	2677.57
1806.00	1781.15
1807.00	1280.27
1808.00	968.98
1809.00	929.19
1810.00	807.48
1811.00	779.40
1812.00	816.85
1813.00	842.59
1814.00	821.53
1815.00	774.72
1816.00	758.33
1817.00	763.01
1818.00	709.18
1819.00	800.46
1820.00	791.10
1821.00	842.59
1822.00	802.80
1823.00	777.06
1824.00	774.72
1825.00	812.17
1826.00	887.06
1827.00	873.02
1828.00	903.45
1829.00	802.80
1830.00	856.64
1831.00	737.27
1832.00	793.44
1833.00	753.65
1834.00	706.84
1835.00	741.95
1836.00	741.95
1837.00	758.33
1838.00	716.20
1839.00	821.53
1840.00	777.06
1841.00	763.01
1842.00	760.67
1843.00	842.59
1844.00	713.86
1845.00	779.40
1846.00	704.50
1847.00	760.67
1848.00	748.97
1849.00	770.04
1850.00	737.27
1851.00	788.76
1852.00	777.06
1853.00	833.23
1854.00	781.74
1855.00	709.18
1856.00	770.04
1857.00	784.08
1858.00	814.51
1859.00	814.51
1860.00	795.78
1861.00	734.93
1862.00	774.72
1863.00	758.33
1864.00	763.01
1865.00	753.65
1866.00	788.76
1867.00	763.01
1868.00	739.61
1869.00	748.97
1870.00	758.33
1871.00	765.36
1872.00	758.33
1873.00	692.80
1874.00	667.05
1875.00	713.86
1876.00	725.57
1877.00	725.57
1878.00	807.48
1879.00	725.57
1880.00	746.63
1881.00	854.30
1882.00	767.70
1883.00	744.29
1884.00	713.86
1885.00	781.74
1886.00	786.42
1887.00	767.70
1888.00	821.53
1889.00	753.65
1890.00	699.82
1891.00	781.74
1892.00	748.97
1893.00	720.88
1894.00	823.87
1895.00	748.97
1896.00	779.40
1897.00	727.91
1898.00	732.59
1899.00	748.97
1900.00	833.23
1901.00	802.80
1902.00	725.57
1903.00	823.87
1904.00	840.25
1905.00	793.44
1906.00	781.74
1907.00	777.06
1908.00	767.70
1909.00	807.48
1910.00	777.06
1911.00	816.85
1912.00	856.64
1913.00	847.27
1914.00	844.93
1915.00	856.64
1916.00	774.72
1917.00	765.36
1918.00	777.06
1919.00	758.33
1920.00	795.78
1921.00	816.85
1922.00	805.14
1923.00	739.61
1924.00	774.72
1925.00	748.97
1926.00	795.78
1927.00	816.85
1928.00	772.38
1929.00	763.01
1930.00	770.04
1931.00	777.06
1932.00	725.57
1933.00	678.76
1934.00	772.38
1935.00	842.59
1936.00	777.06
1937.00	835.57
1938.00	798.12
1939.00	777.06
1940.00	718.54
1941.00	744.29
1942.00	716.20
1943.00	779.40
1944.00	751.31
1945.00	741.95
1946.00	751.31
1947.00	734.93
1948.00	734.93
1949.00	795.78
1950.00	861.32
1951.00	814.51
1952.00	1053.24
1953.00	2279.68
1954.00	4535.96
1955.00	7218.21
1956.00	8142.72
1957.00	5832.62
1958.00	3779.97
1959.00	2436.50
1960.00	1610.29
1961.00	1341.13
1962.00	1055.58
1963.00	957.28
1964.00	826.21
1965.00	767.70
1966.00	816.85
1967.00	828.55
1968.00	751.31
1969.00	767.70
1970.00	826.21
1971.00	849.61
1972.00	774.72
1973.00	760.67
1974.00	748.97
1975.00	828.55
1976.00	758.33
1977.00	765.36
1978.00	709.18
1979.00	807.48
1980.00	873.02
1981.00	1107.07
1982.00	1245.16
1983.00	1256.87
1984.00	1083.67
1985.00	1027.50
1986.00	835.57
1987.00	835.57
1988.00	873.02
1989.00	737.27
1990.00	795.78
1991.00	791.10
1992.00	833.23
1993.00	765.36
1994.00	711.52
1995.00	849.61
1996.00	772.38
1997.00	699.82
1998.00	737.27
1999.00	788.76
2000.00	730.25
2001.00	760.67
2002.00	781.74
2003.00	805.14
2004.00	730.25
2005.00	748.97
2006.00	751.31
2007.00	788.76
2008.00	732.59
2009.00	800.46
2010.00	774.72
2011.00	767.70
2012.00	716.20
2013.00	753.65
2014.00	781.74
2015.00	744.29
2016.00	685.78
2017.00	760.67
2018.00	746.63
2019.00	744.29
2020.00	770.04
2021.00	816.85
2022.00	800.46
2023.00	887.06
2024.00	840.25
2025.00	1034.52
2026.00	1177.29
2027.00	1174.95
2028.00	1193.67
2029.00	1191.33
2030.00	2363.94
2031.00	6427.11
2032.00	11906.31
2033.00	15662.86
2034.00	14003.43
2035.00	9518.96
2036.00	6424.77
2037.00	3859.54
2038.00	2567.57
2039.00	1727.32
2040.00	1315.38
2041.00	1086.01
2042.00	952.60
2043.00	870.68
2044.00	842.59
2045.00	873.02
2046.00	844.93
2047.00	868.34
