0.00	681.10
1.00	681.10
2.00	681.10
3.00	552.37
4.00	638.97
5.00	617.90
6.00	601.52
7.00	624.92
8.00	566.41
9.00	589.82
10.00	568.75
11.00	594.50
12.00	603.86
13.00	587.47
14.00	622.58
15.00	699.82
16.00	550.03
17.00	458.74
18.00	547.69
19.00	636.63
20.00	575.77
21.00	624.92
22.00	657.69
23.00	578.11
24.00	599.18
25.00	706.84
26.00	631.94
27.00	709.18
28.00	751.31
29.00	711.52
30.00	737.27
31.00	727.91
32.00	763.01
33.00	711.52
34.00	702.16
35.00	681.10
36.00	770.04
37.00	791.10
38.00	702.16
39.00	683.44
40.00	704.50
41.00	660.03
42.00	777.06
43.00	718.54
44.00	744.29
45.00	746.63
46.00	706.84
47.00	744.29
48.00	744.29
49.00	725.57
50.00	812.17
51.00	734.93
52.00	821.53
53.00	814.51
54.00	699.82
55.00	739.61
56.00	713.86
57.00	723.23
58.00	737.27
59.00	770.04
60.00	777.06
61.00	716.20
62.00	739.61
63.00	763.01
64.00	746.63
65.00	746.63
66.00	739.61
67.00	746.63
68.00	664.71
69.00	697.48
70.00	706.84
71.00	770.04
72.00	699.82
73.00	699.82
74.00	669.39
75.00	718.54
76.00	746.63
77.00	725.57
78.00	777.06
79.00	709.18
80.00	725.57
81.00	727.91
82.00	671.73
83.00	779.40
84.00	650.67
85.00	748.97
86.00	755.99
87.00	760.67
88.00	713.86
89.00	755.99
90.00	697.48
91.00	734.93
92.00	779.40
93.00	692.80
94.00	709.18
95.00	770.04
96.00	744.29
97.00	739.61
98.00	800.46
99.00	681.10
100.00	697.48
101.00	723.23
102.00	711.52
103.00	777.06
104.00	716.20
105.00	758.33
106.00	622.58
107.00	788.76
108.00	732.59
109.00	674.07
110.00	734.93
111.00	725.57
112.00	730.25
113.00	751.31
114.00	737.27
115.00	697.48
116.00	734.93
117.00	753.65
118.00	737.27
119.00	734.93
120.00	779.40
121.00	753.65
122.00	669.39
123.00	748.97
124.00	751.31
125.00	702.16
126.00	763.01
127.00	711.52
128.00	751.31
129.00	702.16
130.00	741.95
131.00	779.40
132.00	741.95
133.00	739.61
134.00	723.23
135.00	690.46
136.00	746.63
137.00	706.84
138.00	777.06
139.00	723.23
140.00	699.82
141.00	676.41
142.00	711.52
143.00	744.29
144.00	751.31
145.00	795.78
146.00	737.27
147.00	760.67
148.00	800.46
149.00	751.31
150.00	767.70
151.00	753.65
152.00	800.46
153.00	774.72
154.00	734.93
155.00	760.67
156.00	767.70
157.00	816.85
158.00	732.59
159.00	734.93
160.00	690.46
161.00	734.93
162.00	739.61
163.00	716.20
164.00	704.50
165.00	720.88
166.00	772.38
167.00	791.10
168.00	744.29
169.00	774.72
170.00	758.33
171.00	725.57
172.00	739.61
173.00	669.39
174.00	685.78
175.00	751.31
176.00	720.88
177.00	781.74
178.00	777.06
179.00	725.57
180.00	716.20
181.00	683.44
182.00	786.42
183.00	720.88
184.00	725.57
185.00	732.59
186.00	730.25
187.00	746.63
188.00	720.88
189.00	737.27
190.00	744.29
191.00	751.31
192.00	718.54
193.00	748.97
194.00	669.39
195.00	746.63
196.00	826.21
197.00	765.36
198.00	695.14
199.00	793.44
200.00	807.48
201.00	716.20
202.00	781.74
203.00	784.08
204.00	823.87
205.00	800.46
206.00	732.59
207.00	746.63
208.00	781.74
209.00	774.72
210.00	732.59
211.00	763.01
212.00	711.52
213.00	755.99
214.00	788.76
215.00	805.14
216.00	704.50
217.00	716.20
218.00	793.44
219.00	706.84
220.00	758.33
221.00	720.88
222.00	713.86
223.00	730.25
224.00	807.48
225.00	737.27
226.00	711.52
227.00	751.31
228.00	753.65
229.00	751.31
230.00	699.82
231.00	763.01
232.00	758.33
233.00	812.17
234.00	685.78
235.00	753.65
236.00	751.31
237.00	744.29
238.00	702.16
239.00	760.67
240.00	732.59
241.00	741.95
242.00	718.54
243.00	786.42
244.00	732.59
245.00	709.18
246.00	664.71
247.00	727.91
248.00	760.67
249.00	725.57
250.00	777.06
251.00	788.76
252.00	767.70
253.00	739.61
254.00	823.87
255.00	795.78
256.00	734.93
257.00	678.76
258.00	720.88
259.00	844.93
260.00	718.54
261.00	734.93
262.00	702.16
263.00	816.85
264.00	763.01
265.00	739.61
266.00	723.23
267.00	800.46
268.00	739.61
269.00	788.76
270.00	739.61
271.00	772.38
272.00	748.97
273.00	772.38
274.00	805.14
275.00	833.23
276.00	833.23
277.00	819.19
278.00	770.04
279.00	734.93
280.00	739.61
281.00	819.19
282.00	800.46
283.00	802.80
284.00	770.04
285.00	702.16
286.00	702.16
287.00	730.25
288.00	760.67
289.00	812.17
290.00	795.78
291.00	751.31
292.00	704.50
293.00	753.65
294.00	725.57
295.00	699.82
296.00	737.27
297.00	692.80
298.00	751.31
299.00	777.06
300.00	800.46
301.00	760.67
302.00	718.54
303.00	704.50
304.00	758.33
305.00	751.31
306.00	798.12
307.00	758.33
308.00	767.70
309.00	828.55
310.00	835.57
311.00	786.42
312.00	800.46
313.00	692.80
314.00	706.84
315.00	732.59
316.00	765.36
317.00	767.70
318.00	737.27
319.00	725.57
320.00	748.97
321.00	788.76
322.00	753.65
323.00	734.93
324.00	751.31
325.00	798.12
326.00	800.46
327.00	720.88
328.00	760.67
329.00	802.80
330.00	765.36
331.00	720.88
332.00	692.80
333.00	711.52
334.00	798.12
335.00	706.84
336.00	767.70
337.00	753.65
338.00	653.01
339.00	695.14
340.00	718.54
341.00	819.19
342.00	781.74
343.00	781.74
344.00	713.86
345.00	835.57
346.00	753.65
347.00	805.14
348.00	840.25
349.00	851.96
350.00	870.68
351.00	856.64
352.00	866.00
353.00	807.48
354.00	734.93
355.00	809.83
356.00	760.67
357.00	760.67
358.00	788.76
359.00	737.27
360.00	704.50
361.00	788.76
362.00	791.10
363.00	758.33
364.00	819.19
365.00	727.91
366.00	809.83
367.00	791.10
368.00	713.86
369.00	734.93
370.00	711.52
371.00	786.42
372.00	781.74
373.00	777.06
374.00	741.95
375.00	802.80
376.00	819.19
377.00	748.97
378.00	798.12
379.00	770.04
380.00	755.99
381.00	734.93
382.00	730.25
383.00	784.08
384.00	779.40
385.00	685.78
386.00	734.93
387.00	763.01
388.00	732.59
389.00	835.57
390.00	690.46
391.00	683.44
392.00	777.06
393.00	697.48
394.00	774.72
395.00	800.46
396.00	678.76
397.00	828.55
398.00	812.17
399.00	765.36
400.00	699.82
401.00	793.44
402.00	772.38
403.00	826.21
404.00	758.33
405.00	713.86
406.00	723.23
407.00	741.95
408.00	744.29
409.00	751.31
410.00	732.59
411.00	753.65
412.00	751.31
413.00	784.08
414.00	765.36
415.00	720.88
416.00	781.74
417.00	741.95
418.00	767.70
419.00	763.01
420.00	777.06
421.00	741.95
422.00	746.63
423.00	741.95
424.00	826.21
425.00	730.25
426.00	830.89
427.00	758.33
428.00	706.84
429.00	716.20
430.00	741.95
431.00	788.76
432.00	725.57
433.00	695.14
434.00	739.61
435.00	737.27
436.00	774.72
437.00	732.59
438.00	746.63
439.00	744.29
440.00	767.70
441.00	765.36
442.00	840.25
443.00	784.08
444.00	819.19
445.00	788.76
446.00	760.67
447.00	744.29
448.00	699.82
449.00	702.16
450.00	690.46
451.00	725.57
452.00	772.38
453.00	802.80
454.00	730.25
455.00	690.46
456.00	791.10
457.00	819.19
458.00	720.88
459.00	826.21
460.00	812.17
461.00	734.93
462.00	758.33
463.00	772.38
464.00	688.12
465.00	695.14
466.00	786.42
467.00	767.70
468.00	800.46
469.00	744.29
470.00	812.17
471.00	758.33
472.00	744.29
473.00	765.36
474.00	704.50
475.00	695.14
476.00	734.93
477.00	753.65
478.00	784.08
479.00	805.14
480.00	753.65
481.00	830.89
482.00	772.38
483.00	709.18
484.00	767.70
485.00	730.25
486.00	758.33
487.00	709.18
488.00	788.76
489.00	755.99
490.00	784.08
491.00	763.01
492.00	830.89
493.00	781.74
494.00	774.72
495.00	755.99
496.00	763.01
497.00	755.99
498.00	809.83
499.00	786.42
500.00	746.63
501.00	760.67
502.00	744.29
503.00	765.36
504.00	709.18
505.00	753.65
506.00	744.29
507.00	854.30
508.00	791.10
509.00	727.91
510.00	823.87
511.00	746.63
512.00	706.84
513.00	706.84
514.00	781.74
515.00	772.38
516.00	793.44
517.00	732.59
518.00	748.97
519.00	727.91
520.00	685.78
521.00	732.59
522.00	765.36
523.00	727.91
524.00	727.91
525.00	751.31
526.00	730.25
527.00	781.74
528.00	826.21
529.00	784.08
530.00	746.63
531.00	716.20
532.00	748.97
533.00	770.04
534.00	791.10
535.00	800.46
536.00	784.08
537.00	814.51
538.00	772.38
539.00	772.38
540.00	767.70
541.00	779.40
542.00	765.36
543.00	774.72
544.00	800.46
545.00	739.61
546.00	753.65
547.00	760.67
548.00	784.08
549.00	718.54
550.00	744.29
551.00	777.06
552.00	746.63
553.00	772.38
554.00	807.48
555.00	737.27
556.00	779.40
557.00	805.14
558.00	770.04
559.00	765.36
560.00	819.19
561.00	706.84
562.00	753.65
563.00	767.70
564.00	727.91
565.00	755.99
566.00	760.67
567.00	807.48
568.00	795.78
569.00	786.42
570.00	741.95
571.00	758.33
572.00	793.44
573.00	753.65
574.00	823.87
575.00	770.04
576.00	849.61
577.00	758.33
578.00	786.42
579.00	800.46
580.00	720.88
581.00	709.18
582.00	734.93
583.00	819.19
584.00	793.44
585.00	798.12
586.00	798.12
587.00	765.36
588.00	753.65
589.00	779.40
590.00	748.97
591.00	767.70
592.00	678.76
593.00	833.23
594.00	751.31
595.00	800.46
596.00	730.25
597.00	788.76
598.00	734.93
599.00	809.83
600.00	746.63
601.00	784.08
602.00	809.83
603.00	716.20
604.00	739.61
605.00	812.17
606.00	798.12
607.00	779.40
608.00	748.97
609.00	821.53
610.00	763.01
611.00	739.61
612.00	781.74
613.00	730.25
614.00	755.99
615.00	763.01
616.00	802.80
617.00	770.04
618.00	711.52
619.00	755.99
620.00	805.14
621.00	795.78
622.00	795.78
623.00	695.14
624.00	741.95
625.00	842.59
626.00	791.10
627.00	826.21
628.00	828.55
629.00	791.10
630.00	891.74
631.00	800.46
632.00	833.23
633.00	793.44
634.00	833.23
635.00	809.83
636.00	819.19
637.00	791.10
638.00	739.61
639.00	781.74
640.00	777.06
641.00	758.33
642.00	823.87
643.00	732.59
644.00	702.16
645.00	791.10
646.00	751.31
647.00	807.48
648.00	748.97
649.00	779.40
650.00	748.97
651.00	760.67
652.00	767.70
653.00	788.76
654.00	791.10
655.00	814.51
656.00	777.06
657.00	821.53
658.00	795.78
659.00	826.21
660.00	823.87
661.00	837.91
662.00	777.06
663.00	866.00
664.00	833.23
665.00	753.65
666.00	835.57
667.00	781.74
668.00	753.65
669.00	809.83
670.00	765.36
671.00	819.19
672.00	753.65
673.00	760.67
674.00	765.36
675.00	788.76
676.00	779.40
677.00	730.25
678.00	760.67
679.00	779.40
680.00	748.97
681.00	774.72
682.00	791.10
683.00	777.06
684.00	758.33
685.00	800.46
686.00	823.87
687.00	730.25
688.00	784.08
689.00	830.89
690.00	837.91
691.00	809.83
692.00	713.86
693.00	739.61
694.00	753.65
695.00	837.91
696.00	823.87
697.00	826.21
698.00	772.38
699.00	840.25
700.00	894.08
701.00	819.19
702.00	802.80
703.00	784.08
704.00	730.25
705.00	830.89
706.00	833.23
707.00	819.19
708.00	774.72
709.00	727.91
710.00	805.14
711.00	856.64
712.00	802.80
713.00	800.46
714.00	793.44
715.00	781.74
716.00	828.55
717.00	737.27
718.00	816.85
719.00	748.97
720.00	800.46
721.00	788.76
722.00	823.87
723.00	770.04
724.00	851.96
725.00	856.64
726.00	795.78
727.00	760.67
728.00	849.61
729.00	830.89
730.00	770.04
731.00	821.53
732.00	812.17
733.00	844.93
734.00	758.33
735.00	786.42
736.00	828.55
737.00	802.80
738.00	884.72
739.00	854.30
740.00	826.21
741.00	744.29
742.00	823.87
743.00	844.93
744.00	821.53
745.00	826.21
746.00	753.65
747.00	753.65
748.00	854.30
749.00	774.72
750.00	751.31
751.00	748.97
752.00	763.01
753.00	807.48
754.00	770.04
755.00	755.99
756.00	828.55
757.00	814.51
758.00	763.01
759.00	798.12
760.00	770.04
761.00	835.57
762.00	753.65
763.00	777.06
764.00	863.66
765.00	753.65
766.00	774.72
767.00	765.36
768.00	791.10
769.00	812.17
770.00	767.70
771.00	840.25
772.00	828.55
773.00	788.76
774.00	786.42
775.00	751.31
776.00	814.51
777.00	791.10
778.00	835.57
779.00	767.70
780.00	786.42
781.00	840.25
782.00	854.30
783.00	863.66
784.00	849.61
785.00	830.89
786.00	800.46
787.00	809.83
788.00	793.44
789.00	847.27
790.00	854.30
791.00	849.61
792.00	828.55
793.00	833.23
794.00	816.85
795.00	800.46
796.00	835.57
797.00	887.06
798.00	830.89
799.00	826.21
800.00	746.63
801.00	812.17
802.00	819.19
803.00	786.42
804.00	861.32
805.00	866.00
806.00	835.57
807.00	828.55
808.00	849.61
809.00	882.38
810.00	851.96
811.00	798.12
812.00	767.70
813.00	812.17
814.00	816.85
815.00	788.76
816.00	819.19
817.00	842.59
818.00	758.33
819.00	812.17
820.00	777.06
821.00	809.83
822.00	856.64
823.00	842.59
824.00	835.57
825.00	755.99
826.00	828.55
827.00	856.64
828.00	812.17
829.00	802.80
830.00	833.23
831.00	833.23
832.00	863.66
833.00	823.87
834.00	833.23
835.00	791.10
836.00	835.57
837.00	830.89
838.00	826.21
839.00	889.40
840.00	870.68
841.00	840.25
842.00	786.42
843.00	805.14
844.00	772.38
845.00	819.19
846.00	770.04
847.00	786.42
848.00	833.23
849.00	882.38
850.00	835.57
851.00	809.83
852.00	807.48
853.00	835.57
854.00	802.80
855.00	774.72
856.00	830.89
857.00	788.76
858.00	765.36
859.00	774.72
860.00	837.91
861.00	821.53
862.00	767.70
863.00	770.04
864.00	861.32
865.00	816.85
866.00	823.87
867.00	816.85
868.00	835.57
869.00	800.46
870.00	844.93
871.00	798.12
872.00	835.57
873.00	760.67
874.00	854.30
875.00	814.51
876.00	870.68
877.00	844.93
878.00	739.61
879.00	910.47
880.00	772.38
881.00	840.25
882.00	830.89
883.00	828.55
884.00	758.33
885.00	760.67
886.00	849.61
887.00	767.70
888.00	828.55
889.00	816.85
890.00	791.10
891.00	837.91
892.00	814.51
893.00	741.95
894.00	884.72
895.00	828.55
896.00	798.12
897.00	814.51
898.00	816.85
899.00	800.46
900.00	833.23
901.00	800.46
902.00	805.14
903.00	770.04
904.00	826.21
905.00	856.64
906.00	1011.11
907.00	880.04
908.00	840.25
909.00	919.83
910.00	905.79
911.00	833.23
912.00	880.04
913.00	905.79
914.00	978.34
915.00	936.21
916.00	866.00
917.00	833.23
918.00	938.55
919.00	873.02
920.00	763.01
921.00	807.48
922.00	777.06
923.00	840.25
924.00	779.40
925.00	840.25
926.00	866.00
927.00	842.59
928.00	795.78
929.00	823.87
930.00	816.85
931.00	828.55
932.00	791.10
933.00	856.64
934.00	821.53
935.00	819.19
936.00	828.55
937.00	835.57
938.00	798.12
939.00	835.57
940.00	833.23
941.00	826.21
942.00	795.78
943.00	763.01
944.00	835.57
945.00	877.70
946.00	1149.20
947.00	1645.40
948.00	2031.58
949.00	1937.96
950.00	1577.52
951.00	1369.21
952.00	1256.87
953.00	1050.90
954.00	954.94
955.00	851.96
956.00	866.00
957.00	798.12
958.00	905.79
959.00	816.85
960.00	851.96
961.00	844.93
962.00	849.61
963.00	833.23
964.00	851.96
965.00	849.61
966.00	784.08
967.00	905.79
968.00	828.55
969.00	844.93
970.00	833.23
971.00	891.74
972.00	802.80
973.00	847.27
974.00	784.08
975.00	809.83
976.00	795.78
977.00	819.19
978.00	791.10
979.00	812.17
980.00	837.91
981.00	805.14
982.00	847.27
983.00	812.17
984.00	798.12
985.00	812.17
986.00	854.30
987.00	791.10
988.00	739.61
989.00	781.74
990.00	779.40
991.00	830.89
992.00	901.11
993.00	823.87
994.00	809.83
995.00	814.51
996.00	835.57
997.00	847.27
998.00	765.36
999.00	854.30
1000.00	851.96
1001.00	737.27
1002.00	814.51
1003.00	781.74
1004.00	795.78
1005.00	826.21
1006.00	795.78
1007.00	837.91
1008.00	814.51
1009.00	809.83
1010.00	863.66
1011.00	807.48
1012.00	812.17
1013.00	837.91
1014.00	798.12
1015.00	875.36
1016.00	809.83
1017.00	844.93
1018.00	809.83
1019.00	786.42
1020.00	786.42
1021.00	819.19
1022.00	777.06
1023.00	863.66
1024.00	730.25
1025.00	807.48
1026.00	800.46
1027.00	788.76
1028.00	877.70
1029.00	809.83
1030.00	770.04
1031.00	779.40
1032.00	807.48
1033.00	805.14
1034.00	802.80
1035.00	835.57
1036.00	814.51
1037.00	753.65
1038.00	877.70
1039.00	791.10
1040.00	877.70
1041.00	842.59
1042.00	730.25
1043.00	830.89
1044.00	795.78
1045.00	861.32
1046.00	945.58
1047.00	793.44
1048.00	849.61
1049.00	856.64
1050.00	798.12
1051.00	770.04
1052.00	786.42
1053.00	809.83
1054.00	791.10
1055.00	833.23
1056.00	788.76
1057.00	833.23
1058.00	795.78
1059.00	924.51
1060.00	819.19
1061.00	793.44
1062.00	807.48
1063.00	807.48
1064.00	755.99
1065.00	854.30
1066.00	823.87
1067.00	861.32
1068.00	791.10
1069.00	765.36
1070.00	866.00
1071.00	739.61
1072.00	896.43
1073.00	730.25
1074.00	816.85
1075.00	816.85
1076.00	823.87
1077.00	777.06
1078.00	788.76
1079.00	805.14
1080.00	884.72
1081.00	793.44
1082.00	849.61
1083.00	784.08
1084.00	779.40
1085.00	833.23
1086.00	887.06
1087.00	861.32
1088.00	835.57
1089.00	791.10
1090.00	816.85
1091.00	777.06
1092.00	861.32
1093.00	814.51
1094.00	812.17
1095.00	805.14
1096.00	821.53
1097.00	774.72
1098.00	791.10
1099.00	912.81
1100.00	910.47
1101.00	833.23
1102.00	875.36
1103.00	823.87
1104.00	807.48
1105.00	791.10
1106.00	837.91
1107.00	800.46
1108.00	795.78
1109.00	798.12
1110.00	800.46
1111.00	819.19
1112.00	819.19
1113.00	734.93
1114.00	798.12
1115.00	868.34
1116.00	823.87
1117.00	781.74
1118.00	847.27
1119.00	795.78
1120.00	802.80
1121.00	786.42
1122.00	938.55
1123.00	835.57
1124.00	880.04
1125.00	868.34
1126.00	772.38
1127.00	744.29
1128.00	814.51
1129.00	809.83
1130.00	847.27
1131.00	755.99
1132.00	788.76
1133.00	739.61
1134.00	805.14
1135.00	786.42
1136.00	844.93
1137.00	873.02
1138.00	823.87
1139.00	793.44
1140.00	812.17
1141.00	823.87
1142.00	863.66
1143.00	835.57
1144.00	795.78
1145.00	814.51
1146.00	823.87
1147.00	849.61
1148.00	830.89
1149.00	802.80
1150.00	753.65
1151.00	858.98
1152.00	753.65
1153.00	905.79
1154.00	826.21
1155.00	807.48
1156.00	812.17
1157.00	891.74
1158.00	835.57
1159.00	884.72
1160.00	964.30
1161.00	877.70
1162.00	880.04
1163.00	887.06
1164.00	840.25
1165.00	933.87
1166.00	896.43
1167.00	1025.15
1168.00	1266.23
1169.00	1254.53
1170.00	1179.63
1171.00	1083.67
1172.00	1025.15
1173.00	950.26
1174.00	889.40
1175.00	835.57
1176.00	840.25
1177.00	842.59
1178.00	924.51
1179.00	882.38
1180.00	847.27
1181.00	870.68
1182.00	873.02
1183.00	835.57
1184.00	816.85
1185.00	842.59
1186.00	915.15
1187.00	858.98
1188.00	837.91
1189.00	889.40
1190.00	873.02
1191.00	875.36
1192.00	908.13
1193.00	854.30
1194.00	901.11
1195.00	898.77
1196.00	961.96
1197.00	952.60
1198.00	910.47
1199.00	910.47
1200.00	889.40
1201.00	994.73
1202.00	1135.16
1203.00	1146.86
1204.00	1170.27
1205.00	1146.86
1206.00	973.66
1207.00	1008.77
1208.00	1095.37
1209.00	1025.15
1210.00	1064.94
1211.00	1057.92
1212.00	1053.24
1213.00	1043.88
1214.00	1100.05
1215.00	1196.01
1216.00	1238.14
1217.00	1301.34
1218.00	1551.78
1219.00	1736.68
1220.00	3258.03
1221.00	17291.88
1222.00	49151.25
1223.00	63304.47
1224.00	62827.00
1225.00	54419.80
1226.00	40996.82
1227.00	30424.62
1228.00	25263.74
1229.00	18099.36
1230.00	8702.11
1231.00	3562.30
1232.00	1998.82
1233.00	1596.25
1234.00	1483.90
1235.00	1366.87
1236.00	1263.89
1237.00	1226.44
1238.00	1135.16
1239.00	1458.15
1240.00	3178.45
1241.00	5411.32
1242.00	6640.10
1243.00	5521.32
1244.00	4229.35
1245.00	3136.32
1246.00	2747.79
1247.00	2373.30
1248.00	1694.55
1249.00	1259.21
1250.00	999.41
1251.00	940.90
1252.00	968.98
1253.00	983.02
1254.00	1090.69
1255.00	1039.20
1256.00	1086.01
1257.00	1069.62
1258.00	994.73
1259.00	968.98
1260.00	952.60
1261.00	952.60
1262.00	887.06
1263.00	959.62
1264.00	884.72
1265.00	868.34
1266.00	940.90
1267.00	868.34
1268.00	887.06
1269.00	889.40
1270.00	922.17
1271.00	910.47
1272.00	844.93
1273.00	887.06
1274.00	926.85
1275.00	910.47
1276.00	910.47
1277.00	910.47
1278.00	966.64
1279.00	2242.23
1280.00	5879.43
1281.00	9998.77
1282.00	11234.57
1283.00	8669.34
1284.00	6373.28
1285.00	4812.14
1286.00	4011.68
1287.00	3232.28
1288.00	2099.46
1289.00	1268.57
1290.00	1022.81
1291.00	964.30
1292.00	992.39
1293.00	1046.22
1294.00	950.26
1295.00	966.64
1296.00	940.90
1297.00	919.83
1298.00	1011.11
1299.00	1586.88
1300.00	2471.61
1301.00	3169.09
1302.00	2848.43
1303.00	2193.08
1304.00	1933.28
1305.00	1647.74
1306.00	1488.58
1307.00	1329.42
1308.00	1036.86
1309.00	1018.13
1310.00	938.55
1311.00	875.36
1312.00	847.27
1313.00	908.13
1314.00	858.98
1315.00	851.96
1316.00	826.21
1317.00	828.55
1318.00	891.74
1319.00	880.04
1320.00	882.38
1321.00	823.87
1322.00	819.19
1323.00	851.96
1324.00	840.25
1325.00	844.93
1326.00	760.67
1327.00	877.70
1328.00	835.57
1329.00	901.11
1330.00	854.30
1331.00	840.25
1332.00	901.11
1333.00	973.66
1334.00	1769.44
1335.00	2832.05
1336.00	3417.18
1337.00	3148.02
1338.00	2431.82
1339.00	1968.39
1340.00	1600.93
1341.00	1469.86
1342.00	1245.16
1343.00	1076.65
1344.00	868.34
1345.00	858.98
1346.00	903.45
1347.00	926.85
1348.00	858.98
1349.00	957.28
1350.00	784.08
1351.00	877.70
1352.00	877.70
1353.00	891.74
1354.00	844.93
1355.00	894.08
1356.00	889.40
1357.00	938.55
1358.00	884.72
1359.00	926.85
1360.00	964.30
1361.00	1050.90
1362.00	2258.62
1363.00	5591.54
1364.00	8802.75
1365.00	9247.46
1366.00	7470.99
1367.00	5411.32
1368.00	4117.00
1369.00	3407.82
1370.00	2743.11
1371.00	1832.64
1372.00	1231.12
1373.00	1083.67
1374.00	1050.90
1375.00	1212.40
1376.00	2869.50
1377.00	8290.18
1378.00	14829.63
1379.00	17088.25
1380.00	13081.25
1381.00	9273.20
1382.00	6935.01
1383.00	5624.31
1384.00	4395.53
1385.00	2722.04
1386.00	1603.27
1387.00	1203.04
1388.00	1013.45
1389.00	959.62
1390.00	947.92
1391.00	945.58
1392.00	931.53
1393.00	959.62
1394.00	840.25
1395.00	908.13
1396.00	922.17
1397.00	922.17
1398.00	1057.92
1399.00	1313.04
1400.00	1387.94
1401.00	1273.25
1402.00	1200.69
1403.00	1146.86
1404.00	1198.35
1405.00	1231.12
1406.00	1928.60
1407.00	7716.75
1408.00	19073.03
1409.00	27618.32
1410.00	24397.74
1411.00	17804.46
1412.00	12482.08
1413.00	9446.40
1414.00	7623.12
1415.00	4973.64
1416.00	2637.78
1417.00	1551.78
1418.00	1196.01
1419.00	1146.86
1420.00	1935.62
1421.00	4161.47
1422.00	6525.41
1423.00	7274.38
1424.00	5621.97
1425.00	4168.49
1426.00	3258.03
1427.00	2773.53
1428.00	2340.54
1429.00	1551.78
1430.00	1088.35
1431.00	961.96
1432.00	931.53
1433.00	1011.11
1434.00	959.62
1435.00	940.90
1436.00	917.49
1437.00	856.64
1438.00	840.25
1439.00	880.04
1440.00	835.57
1441.00	828.55
1442.00	873.02
1443.00	849.61
1444.00	889.40
1445.00	819.19
1446.00	812.17
1447.00	898.77
1448.00	760.67
1449.00	858.98
1450.00	837.91
1451.00	823.87
1452.00	854.30
1453.00	896.43
1454.00	936.21
1455.00	1277.93
1456.00	2396.71
1457.00	3908.69
1458.00	4779.37
1459.00	3838.48
1460.00	3052.06
1461.00	2338.20
1462.00	1996.48
1463.00	1750.72
1464.00	1277.93
1465.00	1013.45
1466.00	922.17
1467.00	812.17
1468.00	870.68
1469.00	807.48
1470.00	837.91
1471.00	802.80
1472.00	842.59
1473.00	828.55
1474.00	837.91
1475.00	833.23
1476.00	854.30
1477.00	924.51
1478.00	830.89
1479.00	880.04
1480.00	866.00
1481.00	840.25
1482.00	894.08
1483.00	875.36
1484.00	952.60
1485.00	926.85
1486.00	933.87
1487.00	1198.35
1488.00	3473.36
1489.00	8767.65
1490.00	14120.45
1491.00	14181.31
1492.00	10340.49
1493.00	7250.98
1494.00	5397.28
1495.00	4599.15
1496.00	3279.09
1497.00	1930.94
1498.00	1196.01
1499.00	947.92
1500.00	854.30
1501.00	901.11
1502.00	868.34
1503.00	875.36
1504.00	844.93
1505.00	863.66
1506.00	898.77
1507.00	786.42
1508.00	863.66
1509.00	863.66
1510.00	875.36
1511.00	823.87
1512.00	868.34
1513.00	1116.44
1514.00	2122.87
1515.00	3407.82
1516.00	4262.12
1517.00	3618.47
1518.00	2715.02
1519.00	2176.70
1520.00	1909.88
1521.00	1631.35
1522.00	1392.62
1523.00	1064.94
1524.00	887.06
1525.00	950.26
1526.00	863.66
1527.00	896.43
1528.00	947.92
1529.00	856.64
1530.00	896.43
1531.00	994.73
1532.00	1114.10
1533.00	2008.18
1534.00	5186.63
1535.00	8954.89
1536.00	10349.85
1537.00	8074.85
1538.00	5722.61
1539.00	4276.16
1540.00	3548.25
1541.00	2761.83
1542.00	1844.34
1543.00	1275.59
1544.00	1062.60
1545.00	912.81
1546.00	912.81
1547.00	866.00
1548.00	873.02
1549.00	894.08
1550.00	912.81
1551.00	905.79
1552.00	936.21
1553.00	898.77
1554.00	812.17
1555.00	887.06
1556.00	814.51
1557.00	884.72
1558.00	950.26
1559.00	884.72
1560.00	891.74
1561.00	915.15
1562.00	915.15
1563.00	1046.22
1564.00	1034.52
1565.00	1329.42
1566.00	4191.90
1567.00	11185.42
1568.00	17874.67
1569.00	18136.81
1570.00	12877.63
1571.00	9338.74
1572.00	6761.81
1573.00	5631.33
1574.00	4095.94
1575.00	2495.01
1576.00	1629.01
1577.00	1256.87
1578.00	1650.08
1579.00	6029.22
1580.00	16903.35
1581.00	28505.38
1582.00	29542.24
1583.00	21198.23
1584.00	14626.01
1585.00	10876.47
1586.00	8713.81
1587.00	6033.90
1588.00	3136.32
1589.00	1809.23
1590.00	1217.08
1591.00	1027.50
1592.00	985.37
1593.00	1004.09
1594.00	1036.86
1595.00	882.38
1596.00	880.04
1597.00	915.15
1598.00	858.98
1599.00	833.23
1600.00	786.42
1601.00	866.00
1602.00	898.77
1603.00	847.27
1604.00	788.76
1605.00	809.83
1606.00	856.64
1607.00	889.40
1608.00	901.11
1609.00	877.70
1610.00	807.48
1611.00	861.32
1612.00	781.74
1613.00	826.21
1614.00	945.58
1615.00	795.78
1616.00	877.70
1617.00	856.64
1618.00	814.51
1619.00	830.89
1620.00	805.14
1621.00	791.10
1622.00	866.00
1623.00	809.83
1624.00	791.10
1625.00	802.80
1626.00	856.64
1627.00	858.98
1628.00	812.17
1629.00	772.38
1630.00	833.23
1631.00	837.91
1632.00	823.87
1633.00	800.46
1634.00	814.51
1635.00	866.00
1636.00	746.63
1637.00	755.99
1638.00	880.04
1639.00	887.06
1640.00	837.91
1641.00	837.91
1642.00	905.79
1643.00	767.70
1644.00	884.72
1645.00	833.23
1646.00	898.77
1647.00	844.93
1648.00	940.90
1649.00	1053.24
1650.00	2551.18
1651.00	7339.92
1652.00	13015.72
1653.00	15859.47
1654.00	12271.43
1655.00	8870.63
1656.00	6490.31
1657.00	4945.55
1658.00	3754.22
1659.00	2317.13
1660.00	1455.81
1661.00	1116.44
1662.00	919.83
1663.00	952.60
1664.00	924.51
1665.00	854.30
1666.00	868.34
1667.00	957.28
1668.00	1214.74
1669.00	2658.85
1670.00	4491.49
1671.00	5619.63
1672.00	5142.16
1673.00	3789.33
1674.00	2806.30
1675.00	2424.80
1676.00	1811.57
1677.00	1378.58
1678.00	1130.48
1679.00	851.96
1680.00	840.25
1681.00	849.61
1682.00	854.30
1683.00	763.01
1684.00	828.55
1685.00	781.74
1686.00	798.12
1687.00	767.70
1688.00	793.44
1689.00	856.64
1690.00	802.80
1691.00	772.38
1692.00	882.38
1693.00	744.29
1694.00	814.51
1695.00	833.23
1696.00	753.65
1697.00	814.51
1698.00	856.64
1699.00	788.76
1700.00	793.44
1701.00	812.17
1702.00	814.51
1703.00	739.61
1704.00	819.19
1705.00	837.91
1706.00	819.19
1707.00	720.88
1708.00	746.63
1709.00	802.80
1710.00	837.91
1711.00	828.55
1712.00	851.96
1713.00	863.66
1714.00	1371.55
1715.00	3440.59
1716.00	6188.38
1717.00	7796.32
1718.00	7089.48
1719.00	5320.04
1720.00	3976.57
1721.00	3068.44
1722.00	2275.00
1723.00	1671.14
1724.00	1266.23
1725.00	985.37
1726.00	952.60
1727.00	823.87
1728.00	861.32
1729.00	812.17
1730.00	821.53
1731.00	823.87
1732.00	809.83
1733.00	765.36
1734.00	781.74
1735.00	807.48
1736.00	777.06
1737.00	800.46
1738.00	814.51
1739.00	828.55
1740.00	781.74
1741.00	875.36
1742.00	793.44
1743.00	821.53
1744.00	746.63
1745.00	732.59
1746.00	760.67
1747.00	739.61
1748.00	779.40
1749.00	795.78
1750.00	873.02
1751.00	730.25
1752.00	880.04
1753.00	861.32
1754.00	856.64
1755.00	856.64
1756.00	823.87
1757.00	779.40
1758.00	805.14
1759.00	849.61
1760.00	835.57
1761.00	823.87
1762.00	812.17
1763.00	821.53
1764.00	849.61
1765.00	849.61
1766.00	844.93
1767.00	978.34
1768.00	924.51
1769.00	1018.13
1770.00	2015.20
1771.00	5640.69
1772.00	10340.49
1773.00	13685.11
1774.00	11721.40
1775.00	8638.92
1776.00	6583.93
1777.00	4676.39
1778.00	3019.29
1779.00	1853.70
1780.00	1327.08
1781.00	1088.35
1782.00	931.53
1783.00	945.58
1784.00	954.94
1785.00	887.06
1786.00	877.70
1787.00	823.87
1788.00	873.02
1789.00	812.17
1790.00	863.66
1791.00	802.80
1792.00	828.55
1793.00	861.32
1794.00	830.89
1795.00	830.89
1796.00	802.80
1797.00	1067.28
1798.00	2139.25
1799.00	4990.02
1800.00	7847.82
1801.00	8741.90
1802.00	7000.54
1803.00	5298.97
1804.00	3712.09
1805.00	2569.91
1806.00	1842.00
1807.00	1308.36
1808.00	983.02
1809.00	966.64
1810.00	903.45
1811.00	873.02
1812.00	784.08
1813.00	774.72
1814.00	784.08
1815.00	791.10
1816.00	788.76
1817.00	763.01
1818.00	786.42
1819.00	784.08
1820.00	772.38
1821.00	772.38
1822.00	795.78
1823.00	748.97
1824.00	840.25
1825.00	854.30
1826.00	905.79
1827.00	894.08
1828.00	901.11
1829.00	826.21
1830.00	760.67
1831.00	751.31
1832.00	720.88
1833.00	744.29
1834.00	727.91
1835.00	823.87
1836.00	847.27
1837.00	847.27
1838.00	777.06
1839.00	819.19
1840.00	774.72
1841.00	823.87
1842.00	770.04
1843.00	837.91
1844.00	779.40
1845.00	774.72
1846.00	819.19
1847.00	800.46
1848.00	826.21
1849.00	774.72
1850.00	877.70
1851.00	781.74
1852.00	777.06
1853.00	734.93
1854.00	697.48
1855.00	744.29
1856.00	779.40
1857.00	798.12
1858.00	821.53
1859.00	802.80
1860.00	732.59
1861.00	821.53
1862.00	819.19
1863.00	798.12
1864.00	788.76
1865.00	739.61
1866.00	772.38
1867.00	711.52
1868.00	786.42
1869.00	823.87
1870.00	779.40
1871.00	788.76
1872.00	814.51
1873.00	770.04
1874.00	816.85
1875.00	779.40
1876.00	739.61
1877.00	739.61
1878.00	774.72
1879.00	812.17
1880.00	798.12
1881.00	781.74
1882.00	814.51
1883.00	784.08
1884.00	723.23
1885.00	751.31
1886.00	842.59
1887.00	732.59
1888.00	812.17
1889.00	765.36
1890.00	744.29
1891.00	748.97
1892.00	840.25
1893.00	861.32
1894.00	748.97
1895.00	774.72
1896.00	753.65
1897.00	711.52
1898.00	753.65
1899.00	793.44
1900.00	767.70
1901.00	772.38
1902.00	709.18
1903.00	842.59
1904.00	767.70
1905.00	777.06
1906.00	774.72
1907.00	795.78
1908.00	723.23
1909.00	807.48
1910.00	777.06
1911.00	798.12
1912.00	760.67
1913.00	898.77
1914.00	851.96
1915.00	828.55
1916.00	791.10
1917.00	819.19
1918.00	770.04
1919.00	767.70
1920.00	791.10
1921.00	807.48
1922.00	767.70
1923.00	805.14
1924.00	751.31
1925.00	791.10
1926.00	842.59
1927.00	833.23
1928.00	828.55
1929.00	763.01
1930.00	805.14
1931.00	774.72
1932.00	788.76
1933.00	765.36
1934.00	788.76
1935.00	737.27
1936.00	730.25
1937.00	767.70
1938.00	814.51
1939.00	791.10
1940.00	744.29
1941.00	770.04
1942.00	800.46
1943.00	737.27
1944.00	830.89
1945.00	725.57
1946.00	800.46
1947.00	821.53
1948.00	767.70
1949.00	774.72
1950.00	854.30
1951.00	802.80
1952.00	1062.60
1953.00	2167.34
1954.00	4517.23
1955.00	6937.35
1956.00	7499.08
1957.00	5500.26
1958.00	3639.53
1959.00	2352.24
1960.00	1607.95
1961.00	1268.57
1962.00	994.73
1963.00	896.43
1964.00	821.53
1965.00	898.77
1966.00	849.61
1967.00	828.55
1968.00	793.44
1969.00	798.12
1970.00	763.01
1971.00	788.76
1972.00	798.12
1973.00	837.91
1974.00	737.27
1975.00	692.80
1976.00	791.10
1977.00	779.40
1978.00	748.97
1979.00	744.29
1980.00	915.15
1981.00	1064.94
1982.00	1114.10
1983.00	1151.54
1984.00	1064.94
1985.00	976.00
1986.00	882.38
1987.00	903.45
1988.00	849.61
1989.00	734.93
1990.00	798.12
1991.00	805.14
1992.00	777.06
1993.00	763.01
1994.00	751.31
1995.00	795.78
1996.00	755.99
1997.00	718.54
1998.00	725.57
1999.00	807.48
2000.00	772.38
2001.00	793.44
2002.00	784.08
2003.00	786.42
2004.00	788.76
2005.00	774.72
2006.00	739.61
2007.00	730.25
2008.00	758.33
2009.00	788.76
2010.00	781.74
2011.00	763.01
2012.00	772.38
2013.00	763.01
2014.00	875.36
2015.00	730.25
2016.00	770.04
2017.00	826.21
2018.00	849.61
2019.00	840.25
2020.00	765.36
2021.00	774.72
2022.00	788.76
2023.00	812.17
2024.00	819.19
2025.00	1057.92
2026.00	1156.22
2027.00	1165.59
2028.00	1118.78
2029.00	1118.78
2030.00	2125.21
2031.00	6066.67
2032.00	11131.59
2033.00	14913.89
2034.00	13483.83
2035.00	9060.21
2036.00	6052.63
2037.00	3784.65
2038.00	2548.84
2039.00	1720.29
2040.00	1277.93
2041.00	1053.24
2042.00	959.62
2043.00	837.91
2044.00	805.14
2045.00	819.19
2046.00	861.32
2047.00	840.25
