0.00	629.60
1.00	629.60
2.00	629.60
3.00	557.05
4.00	596.84
5.00	568.75
6.00	585.13
7.00	608.54
8.00	564.07
9.00	458.74
10.00	596.84
11.00	594.50
12.00	538.32
13.00	510.24
14.00	608.54
15.00	592.16
16.00	603.86
17.00	634.29
18.00	603.86
19.00	491.51
20.00	573.43
21.00	638.97
22.00	610.88
23.00	603.86
24.00	596.84
25.00	667.05
26.00	655.35
27.00	716.20
28.00	746.63
29.00	676.41
30.00	758.33
31.00	723.23
32.00	622.58
33.00	664.71
34.00	720.88
35.00	723.23
36.00	812.17
37.00	751.31
38.00	711.52
39.00	816.85
40.00	727.91
41.00	755.99
42.00	727.91
43.00	709.18
44.00	674.07
45.00	725.57
46.00	704.50
47.00	723.23
48.00	709.18
49.00	746.63
50.00	720.88
51.00	748.97
52.00	772.38
53.00	786.42
54.00	718.54
55.00	751.31
56.00	711.52
57.00	669.39
58.00	765.36
59.00	777.06
60.00	711.52
61.00	744.29
62.00	763.01
63.00	791.10
64.00	777.06
65.00	718.54
66.00	725.57
67.00	753.65
68.00	751.31
69.00	688.12
70.00	725.57
71.00	716.20
72.00	734.93
73.00	711.52
74.00	692.80
75.00	798.12
76.00	699.82
77.00	779.40
78.00	674.07
79.00	739.61
80.00	657.69
81.00	760.67
82.00	718.54
83.00	711.52
84.00	781.74
85.00	739.61
86.00	718.54
87.00	730.25
88.00	837.91
89.00	730.25
90.00	690.46
91.00	730.25
92.00	725.57
93.00	683.44
94.00	709.18
95.00	730.25
96.00	690.46
97.00	720.88
98.00	732.59
99.00	671.73
100.00	711.52
101.00	690.46
102.00	711.52
103.00	730.25
104.00	699.82
105.00	725.57
106.00	709.18
107.00	746.63
108.00	702.16
109.00	653.01
110.00	723.23
111.00	716.20
112.00	692.80
113.00	751.31
114.00	685.78
115.00	704.50
116.00	732.59
117.00	688.12
118.00	767.70
119.00	716.20
120.00	737.27
121.00	741.95
122.00	753.65
123.00	730.25
124.00	697.48
125.00	709.18
126.00	716.20
127.00	732.59
128.00	791.10
129.00	753.65
130.00	746.63
131.00	730.25
132.00	765.36
133.00	730.25
134.00	737.27
135.00	713.86
136.00	784.08
137.00	760.67
138.00	669.39
139.00	779.40
140.00	800.46
141.00	718.54
142.00	739.61
143.00	774.72
144.00	737.27
145.00	763.01
146.00	758.33
147.00	734.93
148.00	718.54
149.00	763.01
150.00	695.14
151.00	788.76
152.00	795.78
153.00	748.97
154.00	681.10
155.00	753.65
156.00	748.97
157.00	688.12
158.00	751.31
159.00	730.25
160.00	755.99
161.00	755.99
162.00	798.12
163.00	748.97
164.00	777.06
165.00	683.44
166.00	755.99
167.00	753.65
168.00	704.50
169.00	685.78
170.00	744.29
171.00	807.48
172.00	732.59
173.00	697.48
174.00	784.08
175.00	695.14
176.00	704.50
177.00	688.12
178.00	720.88
179.00	741.95
180.00	734.93
181.00	709.18
182.00	758.33
183.00	748.97
184.00	676.41
185.00	695.14
186.00	770.04
187.00	767.70
188.00	767.70
189.00	772.38
190.00	763.01
191.00	695.14
192.00	774.72
193.00	720.88
194.00	755.99
195.00	702.16
196.00	753.65
197.00	716.20
198.00	774.72
199.00	828.55
200.00	746.63
201.00	791.10
202.00	657.69
203.00	763.01
204.00	774.72
205.00	725.57
206.00	730.25
207.00	704.50
208.00	697.48
209.00	741.95
210.00	695.14
211.00	713.86
212.00	739.61
213.00	727.91
214.00	655.35
215.00	657.69
216.00	727.91
217.00	688.12
218.00	716.20
219.00	697.48
220.00	704.50
221.00	669.39
222.00	741.95
223.00	734.93
224.00	737.27
225.00	732.59
226.00	770.04
227.00	746.63
228.00	732.59
229.00	791.10
230.00	798.12
231.00	751.31
232.00	730.25
233.00	725.57
234.00	685.78
235.00	746.63
236.00	706.84
237.00	753.65
238.00	706.84
239.00	732.59
240.00	727.91
241.00	763.01
242.00	720.88
243.00	737.27
244.00	664.71
245.00	784.08
246.00	732.59
247.00	758.33
248.00	760.67
249.00	683.44
250.00	795.78
251.00	704.50
252.00	748.97
253.00	741.95
254.00	702.16
255.00	727.91
256.00	784.08
257.00	784.08
258.00	702.16
259.00	760.67
260.00	765.36
261.00	669.39
262.00	763.01
263.00	713.86
264.00	765.36
265.00	709.18
266.00	692.80
267.00	777.06
268.00	814.51
269.00	744.29
270.00	741.95
271.00	709.18
272.00	727.91
273.00	840.25
274.00	777.06
275.00	791.10
276.00	791.10
277.00	791.10
278.00	819.19
279.00	758.33
280.00	798.12
281.00	793.44
282.00	772.38
283.00	755.99
284.00	800.46
285.00	709.18
286.00	732.59
287.00	711.52
288.00	770.04
289.00	748.97
290.00	795.78
291.00	744.29
292.00	678.76
293.00	725.57
294.00	737.27
295.00	840.25
296.00	767.70
297.00	720.88
298.00	772.38
299.00	688.12
300.00	702.16
301.00	725.57
302.00	725.57
303.00	732.59
304.00	688.12
305.00	704.50
306.00	737.27
307.00	758.33
308.00	727.91
309.00	840.25
310.00	856.64
311.00	763.01
312.00	795.78
313.00	763.01
314.00	741.95
315.00	763.01
316.00	718.54
317.00	816.85
318.00	793.44
319.00	751.31
320.00	758.33
321.00	739.61
322.00	739.61
323.00	741.95
324.00	751.31
325.00	720.88
326.00	765.36
327.00	716.20
328.00	709.18
329.00	774.72
330.00	739.61
331.00	664.71
332.00	730.25
333.00	732.59
334.00	784.08
335.00	760.67
336.00	746.63
337.00	772.38
338.00	770.04
339.00	692.80
340.00	699.82
341.00	709.18
342.00	795.78
343.00	763.01
344.00	763.01
345.00	763.01
346.00	685.78
347.00	805.14
348.00	842.59
349.00	788.76
350.00	763.01
351.00	826.21
352.00	772.38
353.00	753.65
354.00	774.72
355.00	786.42
356.00	755.99
357.00	709.18
358.00	760.67
359.00	667.05
360.00	723.23
361.00	699.82
362.00	737.27
363.00	713.86
364.00	695.14
365.00	786.42
366.00	758.33
367.00	718.54
368.00	741.95
369.00	774.72
370.00	809.83
371.00	746.63
372.00	727.91
373.00	744.29
374.00	716.20
375.00	751.31
376.00	781.74
377.00	739.61
378.00	807.48
379.00	744.29
380.00	716.20
381.00	706.84
382.00	734.93
383.00	688.12
384.00	753.65
385.00	753.65
386.00	748.97
387.00	683.44
388.00	777.06
389.00	814.51
390.00	805.14
391.00	727.91
392.00	711.52
393.00	645.99
394.00	744.29
395.00	788.76
396.00	755.99
397.00	823.87
398.00	758.33
399.00	807.48
400.00	706.84
401.00	697.48
402.00	755.99
403.00	723.23
404.00	723.23
405.00	664.71
406.00	716.20
407.00	683.44
408.00	688.12
409.00	704.50
410.00	704.50
411.00	741.95
412.00	748.97
413.00	741.95
414.00	617.90
415.00	716.20
416.00	763.01
417.00	725.57
418.00	716.20
419.00	746.63
420.00	779.40
421.00	702.16
422.00	770.04
423.00	739.61
424.00	842.59
425.00	795.78
426.00	842.59
427.00	709.18
428.00	781.74
429.00	753.65
430.00	748.97
431.00	678.76
432.00	758.33
433.00	725.57
434.00	711.52
435.00	681.10
436.00	741.95
437.00	711.52
438.00	791.10
439.00	664.71
440.00	767.70
441.00	702.16
442.00	751.31
443.00	755.99
444.00	732.59
445.00	734.93
446.00	716.20
447.00	716.20
448.00	772.38
449.00	744.29
450.00	727.91
451.00	753.65
452.00	734.93
453.00	737.27
454.00	746.63
455.00	676.41
456.00	664.71
457.00	727.91
458.00	674.07
459.00	748.97
460.00	706.84
461.00	690.46
462.00	681.10
463.00	716.20
464.00	751.31
465.00	816.85
466.00	758.33
467.00	746.63
468.00	704.50
469.00	755.99
470.00	774.72
471.00	727.91
472.00	741.95
473.00	660.03
474.00	737.27
475.00	655.35
476.00	760.67
477.00	753.65
478.00	704.50
479.00	774.72
480.00	786.42
481.00	725.57
482.00	720.88
483.00	723.23
484.00	753.65
485.00	751.31
486.00	699.82
487.00	713.86
488.00	713.86
489.00	798.12
490.00	734.93
491.00	723.23
492.00	737.27
493.00	856.64
494.00	744.29
495.00	786.42
496.00	704.50
497.00	753.65
498.00	683.44
499.00	734.93
500.00	727.91
501.00	816.85
502.00	744.29
503.00	765.36
504.00	805.14
505.00	727.91
506.00	751.31
507.00	779.40
508.00	809.83
509.00	807.48
510.00	697.48
511.00	739.61
512.00	786.42
513.00	685.78
514.00	704.50
515.00	793.44
516.00	748.97
517.00	741.95
518.00	723.23
519.00	765.36
520.00	739.61
521.00	669.39
522.00	674.07
523.00	702.16
524.00	723.23
525.00	765.36
526.00	734.93
527.00	730.25
528.00	711.52
529.00	751.31
530.00	786.42
531.00	767.70
532.00	737.27
533.00	816.85
534.00	711.52
535.00	779.40
536.00	739.61
537.00	746.63
538.00	713.86
539.00	723.23
540.00	763.01
541.00	770.04
542.00	662.37
543.00	685.78
544.00	781.74
545.00	819.19
546.00	770.04
547.00	704.50
548.00	823.87
549.00	685.78
550.00	793.44
551.00	774.72
552.00	753.65
553.00	755.99
554.00	746.63
555.00	763.01
556.00	671.73
557.00	711.52
558.00	692.80
559.00	739.61
560.00	734.93
561.00	805.14
562.00	784.08
563.00	793.44
564.00	774.72
565.00	770.04
566.00	760.67
567.00	826.21
568.00	760.67
569.00	660.03
570.00	732.59
571.00	704.50
572.00	763.01
573.00	781.74
574.00	758.33
575.00	741.95
576.00	692.80
577.00	767.70
578.00	763.01
579.00	805.14
580.00	732.59
581.00	746.63
582.00	697.48
583.00	695.14
584.00	795.78
585.00	727.91
586.00	779.40
587.00	704.50
588.00	793.44
589.00	833.23
590.00	734.93
591.00	716.20
592.00	814.51
593.00	716.20
594.00	748.97
595.00	753.65
596.00	695.14
597.00	791.10
598.00	702.16
599.00	819.19
600.00	730.25
601.00	739.61
602.00	767.70
603.00	660.03
604.00	791.10
605.00	755.99
606.00	748.97
607.00	744.29
608.00	837.91
609.00	753.65
610.00	746.63
611.00	650.67
612.00	755.99
613.00	765.36
614.00	718.54
615.00	741.95
616.00	709.18
617.00	758.33
618.00	786.42
619.00	706.84
620.00	716.20
621.00	767.70
622.00	819.19
623.00	802.80
624.00	753.65
625.00	732.59
626.00	819.19
627.00	678.76
628.00	741.95
629.00	833.23
630.00	791.10
631.00	711.52
632.00	716.20
633.00	723.23
634.00	718.54
635.00	702.16
636.00	777.06
637.00	807.48
638.00	667.05
639.00	760.67
640.00	753.65
641.00	748.97
642.00	777.06
643.00	779.40
644.00	770.04
645.00	716.20
646.00	706.84
647.00	713.86
648.00	784.08
649.00	734.93
650.00	734.93
651.00	779.40
652.00	734.93
653.00	734.93
654.00	748.97
655.00	849.61
656.00	772.38
657.00	809.83
658.00	711.52
659.00	734.93
660.00	702.16
661.00	683.44
662.00	746.63
663.00	777.06
664.00	744.29
665.00	781.74
666.00	720.88
667.00	720.88
668.00	720.88
669.00	748.97
670.00	758.33
671.00	702.16
672.00	695.14
673.00	718.54
674.00	713.86
675.00	763.01
676.00	739.61
677.00	739.61
678.00	753.65
679.00	727.91
680.00	791.10
681.00	786.42
682.00	770.04
683.00	725.57
684.00	737.27
685.00	744.29
686.00	744.29
687.00	784.08
688.00	702.16
689.00	720.88
690.00	786.42
691.00	727.91
692.00	779.40
693.00	800.46
694.00	730.25
695.00	777.06
696.00	805.14
697.00	751.31
698.00	802.80
699.00	746.63
700.00	704.50
701.00	746.63
702.00	681.10
703.00	730.25
704.00	737.27
705.00	746.63
706.00	692.80
707.00	795.78
708.00	770.04
709.00	786.42
710.00	741.95
711.00	746.63
712.00	737.27
713.00	800.46
714.00	720.88
715.00	732.59
716.00	748.97
717.00	770.04
718.00	795.78
719.00	793.44
720.00	723.23
721.00	763.01
722.00	732.59
723.00	741.95
724.00	741.95
725.00	781.74
726.00	755.99
727.00	753.65
728.00	777.06
729.00	777.06
730.00	786.42
731.00	751.31
732.00	730.25
733.00	753.65
734.00	823.87
735.00	704.50
736.00	854.30
737.00	718.54
738.00	856.64
739.00	781.74
740.00	755.99
741.00	753.65
742.00	758.33
743.00	730.25
744.00	770.04
745.00	753.65
746.00	704.50
747.00	730.25
748.00	779.40
749.00	741.95
750.00	760.67
751.00	819.19
752.00	734.93
753.00	805.14
754.00	739.61
755.00	755.99
756.00	772.38
757.00	763.01
758.00	741.95
759.00	695.14
760.00	741.95
761.00	781.74
762.00	741.95
763.00	786.42
764.00	697.48
765.00	779.40
766.00	774.72
767.00	688.12
768.00	781.74
769.00	748.97
770.00	746.63
771.00	791.10
772.00	720.88
773.00	748.97
774.00	734.93
775.00	774.72
776.00	744.29
777.00	784.08
778.00	709.18
779.00	753.65
780.00	779.40
781.00	798.12
782.00	788.76
783.00	826.21
784.00	887.06
785.00	777.06
786.00	830.89
787.00	774.72
788.00	788.76
789.00	718.54
790.00	767.70
791.00	695.14
792.00	723.23
793.00	784.08
794.00	833.23
795.00	702.16
796.00	748.97
797.00	760.67
798.00	798.12
799.00	746.63
800.00	741.95
801.00	671.73
802.00	779.40
803.00	720.88
804.00	725.57
805.00	688.12
806.00	767.70
807.00	767.70
808.00	732.59
809.00	730.25
810.00	723.23
811.00	793.44
812.00	800.46
813.00	767.70
814.00	779.40
815.00	772.38
816.00	760.67
817.00	730.25
818.00	807.48
819.00	767.70
820.00	699.82
821.00	746.63
822.00	753.65
823.00	814.51
824.00	795.78
825.00	702.16
826.00	739.61
827.00	774.72
828.00	805.14
829.00	802.80
830.00	772.38
831.00	784.08
832.00	791.10
833.00	716.20
834.00	863.66
835.00	767.70
836.00	716.20
837.00	730.25
838.00	725.57
839.00	772.38
840.00	732.59
841.00	786.42
842.00	763.01
843.00	755.99
844.00	648.33
845.00	786.42
846.00	723.23
847.00	758.33
848.00	720.88
849.00	805.14
850.00	751.31
851.00	755.99
852.00	690.46
853.00	755.99
854.00	758.33
855.00	678.76
856.00	723.23
857.00	723.23
858.00	725.57
859.00	791.10
860.00	711.52
861.00	741.95
862.00	767.70
863.00	786.42
864.00	830.89
865.00	854.30
866.00	730.25
867.00	706.84
868.00	760.67
869.00	711.52
870.00	723.23
871.00	784.08
872.00	760.67
873.00	681.10
874.00	716.20
875.00	737.27
876.00	720.88
877.00	734.93
878.00	748.97
879.00	793.44
880.00	767.70
881.00	737.27
882.00	709.18
883.00	763.01
884.00	847.27
885.00	774.72
886.00	802.80
887.00	868.34
888.00	786.42
889.00	849.61
890.00	746.63
891.00	741.95
892.00	730.25
893.00	709.18
894.00	765.36
895.00	784.08
896.00	791.10
897.00	697.48
898.00	774.72
899.00	739.61
900.00	765.36
901.00	718.54
902.00	770.04
903.00	709.18
904.00	690.46
905.00	777.06
906.00	819.19
907.00	903.45
908.00	844.93
909.00	753.65
910.00	805.14
911.00	868.34
912.00	870.68
913.00	922.17
914.00	922.17
915.00	863.66
916.00	802.80
917.00	861.32
918.00	837.91
919.00	772.38
920.00	723.23
921.00	786.42
922.00	779.40
923.00	856.64
924.00	821.53
925.00	772.38
926.00	748.97
927.00	741.95
928.00	784.08
929.00	760.67
930.00	779.40
931.00	725.57
932.00	774.72
933.00	732.59
934.00	727.91
935.00	807.48
936.00	786.42
937.00	786.42
938.00	748.97
939.00	732.59
940.00	744.29
941.00	875.36
942.00	734.93
943.00	777.06
944.00	793.44
945.00	767.70
946.00	1093.03
947.00	1600.93
948.00	1966.05
949.00	1827.96
950.00	1514.33
951.00	1240.48
952.00	1210.06
953.00	1097.71
954.00	884.72
955.00	767.70
956.00	781.74
957.00	772.38
958.00	837.91
959.00	753.65
960.00	777.06
961.00	779.40
962.00	681.10
963.00	819.19
964.00	753.65
965.00	739.61
966.00	734.93
967.00	737.27
968.00	751.31
969.00	826.21
970.00	784.08
971.00	777.06
972.00	784.08
973.00	774.72
974.00	748.97
975.00	770.04
976.00	849.61
977.00	793.44
978.00	746.63
979.00	746.63
980.00	791.10
981.00	751.31
982.00	772.38
983.00	781.74
984.00	758.33
985.00	755.99
986.00	720.88
987.00	807.48
988.00	737.27
989.00	779.40
990.00	760.67
991.00	774.72
992.00	755.99
993.00	674.07
994.00	697.48
995.00	695.14
996.00	751.31
997.00	746.63
998.00	716.20
999.00	655.35
1000.00	755.99
1001.00	711.52
1002.00	777.06
1003.00	765.36
1004.00	730.25
1005.00	786.42
1006.00	758.33
1007.00	706.84
1008.00	709.18
1009.00	795.78
1010.00	795.78
1011.00	807.48
1012.00	791.10
1013.00	819.19
1014.00	748.97
1015.00	711.52
1016.00	791.10
1017.00	774.72
1018.00	784.08
1019.00	662.37
1020.00	781.74
1021.00	723.23
1022.00	795.78
1023.00	770.04
1024.00	753.65
1025.00	791.10
1026.00	692.80
1027.00	772.38
1028.00	765.36
1029.00	781.74
1030.00	695.14
1031.00	767.70
1032.00	819.19
1033.00	763.01
1034.00	809.83
1035.00	814.51
1036.00	800.46
1037.00	760.67
1038.00	718.54
1039.00	760.67
1040.00	821.53
1041.00	704.50
1042.00	763.01
1043.00	723.23
1044.00	744.29
1045.00	732.59
1046.00	896.43
1047.00	770.04
1048.00	732.59
1049.00	795.78
1050.00	765.36
1051.00	702.16
1052.00	821.53
1053.00	765.36
1054.00	774.72
1055.00	758.33
1056.00	746.63
1057.00	718.54
1058.00	702.16
1059.00	744.29
1060.00	837.91
1061.00	730.25
1062.00	770.04
1063.00	737.27
1064.00	744.29
1065.00	802.80
1066.00	767.70
1067.00	753.65
1068.00	779.40
1069.00	741.95
1070.00	800.46
1071.00	727.91
1072.00	760.67
1073.00	788.76
1074.00	706.84
1075.00	760.67
1076.00	821.53
1077.00	816.85
1078.00	772.38
1079.00	812.17
1080.00	833.23
1081.00	732.59
1082.00	765.36
1083.00	793.44
1084.00	706.84
1085.00	779.40
1086.00	816.85
1087.00	763.01
1088.00	774.72
1089.00	723.23
1090.00	784.08
1091.00	737.27
1092.00	723.23
1093.00	723.23
1094.00	732.59
1095.00	788.76
1096.00	800.46
1097.00	704.50
1098.00	695.14
1099.00	760.67
1100.00	798.12
1101.00	786.42
1102.00	809.83
1103.00	763.01
1104.00	828.55
1105.00	802.80
1106.00	732.59
1107.00	784.08
1108.00	702.16
1109.00	727.91
1110.00	734.93
1111.00	739.61
1112.00	718.54
1113.00	819.19
1114.00	760.67
1115.00	760.67
1116.00	763.01
1117.00	786.42
1118.00	739.61
1119.00	748.97
1120.00	760.67
1121.00	770.04
1122.00	746.63
1123.00	828.55
1124.00	800.46
1125.00	800.46
1126.00	732.59
1127.00	734.93
1128.00	755.99
1129.00	746.63
1130.00	828.55
1131.00	828.55
1132.00	734.93
1133.00	805.14
1134.00	760.67
1135.00	751.31
1136.00	737.27
1137.00	788.76
1138.00	763.01
1139.00	779.40
1140.00	784.08
1141.00	753.65
1142.00	849.61
1143.00	746.63
1144.00	767.70
1145.00	739.61
1146.00	809.83
1147.00	816.85
1148.00	763.01
1149.00	744.29
1150.00	774.72
1151.00	758.33
1152.00	828.55
1153.00	786.42
1154.00	793.44
1155.00	809.83
1156.00	819.19
1157.00	868.34
1158.00	837.91
1159.00	896.43
1160.00	812.17
1161.00	814.51
1162.00	840.25
1163.00	842.59
1164.00	777.06
1165.00	837.91
1166.00	912.81
1167.00	1064.94
1168.00	1240.48
1169.00	1238.14
1170.00	1064.94
1171.00	987.71
1172.00	924.51
1173.00	933.87
1174.00	910.47
1175.00	858.98
1176.00	823.87
1177.00	802.80
1178.00	821.53
1179.00	854.30
1180.00	798.12
1181.00	826.21
1182.00	816.85
1183.00	737.27
1184.00	798.12
1185.00	755.99
1186.00	847.27
1187.00	814.51
1188.00	873.02
1189.00	875.36
1190.00	840.25
1191.00	861.32
1192.00	889.40
1193.00	919.83
1194.00	856.64
1195.00	821.53
1196.00	929.19
1197.00	912.81
1198.00	887.06
1199.00	901.11
1200.00	933.87
1201.00	990.05
1202.00	1046.22
1203.00	1256.87
1204.00	1078.99
1205.00	1057.92
1206.00	1036.86
1207.00	931.53
1208.00	966.64
1209.00	938.55
1210.00	992.39
1211.00	947.92
1212.00	940.90
1213.00	973.66
1214.00	1114.10
1215.00	1086.01
1216.00	1217.08
1217.00	1350.49
1218.00	1593.90
1219.00	1870.09
1220.00	3007.59
1221.00	17385.50
1222.00	49881.50
1223.00	64528.57
1224.00	64238.34
1225.00	56004.34
1226.00	42747.54
1227.00	31777.45
1228.00	25905.05
1229.00	18754.71
1230.00	8950.21
1231.00	3845.50
1232.00	2033.93
1233.00	1547.09
1234.00	1376.24
1235.00	1282.61
1236.00	1301.34
1237.00	1217.08
1238.00	1184.31
1239.00	1406.66
1240.00	3143.34
1241.00	5607.92
1242.00	6848.41
1243.00	5652.39
1244.00	4402.55
1245.00	3262.71
1246.00	2717.36
1247.00	2373.30
1248.00	1764.76
1249.00	1240.48
1250.00	997.07
1251.00	968.98
1252.00	924.51
1253.00	959.62
1254.00	987.71
1255.00	1078.99
1256.00	1062.60
1257.00	1001.75
1258.00	929.19
1259.00	1022.81
1260.00	877.70
1261.00	940.90
1262.00	961.96
1263.00	922.17
1264.00	940.90
1265.00	835.57
1266.00	884.72
1267.00	884.72
1268.00	870.68
1269.00	896.43
1270.00	830.89
1271.00	917.49
1272.00	919.83
1273.00	866.00
1274.00	844.93
1275.00	840.25
1276.00	912.81
1277.00	983.02
1278.00	1050.90
1279.00	2193.08
1280.00	5928.58
1281.00	10251.55
1282.00	11765.87
1283.00	9034.47
1284.00	6567.54
1285.00	5109.39
1286.00	4161.47
1287.00	3377.39
1288.00	2113.50
1289.00	1416.02
1290.00	1022.81
1291.00	957.28
1292.00	947.92
1293.00	847.27
1294.00	875.36
1295.00	1008.77
1296.00	929.19
1297.00	903.45
1298.00	901.11
1299.00	1502.62
1300.00	2546.50
1301.00	3307.18
1302.00	2991.20
1303.00	2408.41
1304.00	1877.11
1305.00	1617.31
1306.00	1439.43
1307.00	1231.12
1308.00	1034.52
1309.00	936.21
1310.00	866.00
1311.00	795.78
1312.00	840.25
1313.00	770.04
1314.00	826.21
1315.00	851.96
1316.00	755.99
1317.00	823.87
1318.00	784.08
1319.00	772.38
1320.00	744.29
1321.00	720.88
1322.00	737.27
1323.00	826.21
1324.00	786.42
1325.00	793.44
1326.00	755.99
1327.00	779.40
1328.00	781.74
1329.00	746.63
1330.00	842.59
1331.00	830.89
1332.00	908.13
1333.00	971.32
1334.00	1673.48
1335.00	2665.87
1336.00	3435.91
1337.00	3176.11
1338.00	2492.67
1339.00	2015.20
1340.00	1607.95
1341.00	1558.80
1342.00	1172.61
1343.00	976.00
1344.00	849.61
1345.00	861.32
1346.00	812.17
1347.00	842.59
1348.00	875.36
1349.00	751.31
1350.00	833.23
1351.00	819.19
1352.00	844.93
1353.00	819.19
1354.00	807.48
1355.00	770.04
1356.00	868.34
1357.00	840.25
1358.00	896.43
1359.00	866.00
1360.00	880.04
1361.00	1053.24
1362.00	2174.36
1363.00	5399.62
1364.00	9123.41
1365.00	9778.76
1366.00	7658.23
1367.00	5521.32
1368.00	4049.13
1369.00	3468.67
1370.00	2780.56
1371.00	1706.25
1372.00	1355.17
1373.00	1050.90
1374.00	992.39
1375.00	1158.57
1376.00	2902.26
1377.00	8346.35
1378.00	15040.28
1379.00	18101.70
1380.00	13408.93
1381.00	9727.27
1382.00	7033.31
1383.00	5540.05
1384.00	4482.13
1385.00	2691.62
1386.00	1687.53
1387.00	1149.20
1388.00	1022.81
1389.00	933.87
1390.00	910.47
1391.00	849.61
1392.00	924.51
1393.00	861.32
1394.00	809.83
1395.00	826.21
1396.00	835.57
1397.00	849.61
1398.00	1118.78
1399.00	1172.61
1400.00	1210.06
1401.00	1254.53
1402.00	1163.25
1403.00	1081.33
1404.00	1053.24
1405.00	1149.20
1406.00	1905.20
1407.00	7810.37
1408.00	19094.09
1409.00	29053.07
1410.00	26061.87
1411.00	18710.24
1412.00	12910.40
1413.00	9816.21
1414.00	7934.42
1415.00	5331.74
1416.00	2860.13
1417.00	1547.09
1418.00	1160.91
1419.00	1123.46
1420.00	1820.94
1421.00	4236.37
1422.00	6649.46
1423.00	7676.96
1424.00	5870.06
1425.00	4351.06
1426.00	3302.50
1427.00	2778.22
1428.00	2181.38
1429.00	1519.01
1430.00	1144.52
1431.00	866.00
1432.00	940.90
1433.00	870.68
1434.00	898.77
1435.00	973.66
1436.00	957.28
1437.00	816.85
1438.00	755.99
1439.00	828.55
1440.00	891.74
1441.00	809.83
1442.00	788.76
1443.00	746.63
1444.00	748.97
1445.00	763.01
1446.00	868.34
1447.00	844.93
1448.00	774.72
1449.00	795.78
1450.00	816.85
1451.00	784.08
1452.00	779.40
1453.00	823.87
1454.00	812.17
1455.00	1170.27
1456.00	2361.60
1457.00	3936.78
1458.00	4922.15
1459.00	3960.19
1460.00	3026.31
1461.00	2345.22
1462.00	1966.05
1463.00	1696.89
1464.00	1294.32
1465.00	983.02
1466.00	933.87
1467.00	837.91
1468.00	877.70
1469.00	849.61
1470.00	814.51
1471.00	805.14
1472.00	779.40
1473.00	784.08
1474.00	842.59
1475.00	837.91
1476.00	748.97
1477.00	751.31
1478.00	891.74
1479.00	882.38
1480.00	800.46
1481.00	784.08
1482.00	851.96
1483.00	833.23
1484.00	866.00
1485.00	854.30
1486.00	877.70
1487.00	1121.12
1488.00	3510.80
1489.00	8961.91
1490.00	14602.60
1491.00	14665.80
1492.00	10527.73
1493.00	7508.44
1494.00	5547.07
1495.00	4681.07
1496.00	3220.58
1497.00	1947.33
1498.00	1203.04
1499.00	1027.50
1500.00	945.58
1501.00	828.55
1502.00	901.11
1503.00	861.32
1504.00	861.32
1505.00	870.68
1506.00	819.19
1507.00	858.98
1508.00	826.21
1509.00	863.66
1510.00	807.48
1511.00	903.45
1512.00	805.14
1513.00	1067.28
1514.00	2090.10
1515.00	3496.76
1516.00	4430.63
1517.00	3768.26
1518.00	2885.88
1519.00	2094.78
1520.00	1834.98
1521.00	1596.25
1522.00	1308.36
1523.00	1102.39
1524.00	856.64
1525.00	889.40
1526.00	882.38
1527.00	858.98
1528.00	840.25
1529.00	933.87
1530.00	830.89
1531.00	896.43
1532.00	1062.60
1533.00	1980.09
1534.00	4968.96
1535.00	8954.89
1536.00	10846.04
1537.00	8234.00
1538.00	6022.20
1539.00	4477.44
1540.00	3627.83
1541.00	2902.26
1542.00	1865.41
1543.00	1242.82
1544.00	1053.24
1545.00	887.06
1546.00	812.17
1547.00	931.53
1548.00	828.55
1549.00	847.27
1550.00	837.91
1551.00	807.48
1552.00	873.02
1553.00	866.00
1554.00	791.10
1555.00	812.17
1556.00	870.68
1557.00	858.98
1558.00	866.00
1559.00	844.93
1560.00	877.70
1561.00	816.85
1562.00	947.92
1563.00	915.15
1564.00	985.37
1565.00	1299.00
1566.00	4177.86
1567.00	10850.72
1568.00	18185.96
1569.00	19222.82
1570.00	13540.00
1571.00	9872.38
1572.00	6927.99
1573.00	5907.51
1574.00	4131.05
1575.00	2408.41
1576.00	1596.25
1577.00	1362.19
1578.00	1708.59
1579.00	6059.65
1580.00	17205.28
1581.00	29036.69
1582.00	31276.58
1583.00	21949.54
1584.00	15044.96
1585.00	11044.99
1586.00	8709.13
1587.00	5968.37
1588.00	3225.26
1589.00	1799.87
1590.00	1231.12
1591.00	1060.26
1592.00	1001.75
1593.00	1008.77
1594.00	870.68
1595.00	912.81
1596.00	807.48
1597.00	901.11
1598.00	823.87
1599.00	826.21
1600.00	870.68
1601.00	828.55
1602.00	802.80
1603.00	812.17
1604.00	835.57
1605.00	748.97
1606.00	842.59
1607.00	835.57
1608.00	753.65
1609.00	772.38
1610.00	748.97
1611.00	858.98
1612.00	830.89
1613.00	809.83
1614.00	798.12
1615.00	748.97
1616.00	793.44
1617.00	779.40
1618.00	903.45
1619.00	800.46
1620.00	791.10
1621.00	910.47
1622.00	800.46
1623.00	844.93
1624.00	716.20
1625.00	748.97
1626.00	800.46
1627.00	690.46
1628.00	791.10
1629.00	777.06
1630.00	772.38
1631.00	868.34
1632.00	784.08
1633.00	816.85
1634.00	819.19
1635.00	786.42
1636.00	760.67
1637.00	807.48
1638.00	716.20
1639.00	755.99
1640.00	837.91
1641.00	781.74
1642.00	823.87
1643.00	851.96
1644.00	833.23
1645.00	798.12
1646.00	744.29
1647.00	891.74
1648.00	917.49
1649.00	1057.92
1650.00	2448.20
1651.00	7075.44
1652.00	13282.54
1653.00	16617.80
1654.00	12751.24
1655.00	9202.99
1656.00	6640.10
1657.00	5128.11
1658.00	3826.78
1659.00	2387.35
1660.00	1355.17
1661.00	1074.31
1662.00	966.64
1663.00	858.98
1664.00	786.42
1665.00	821.53
1666.00	791.10
1667.00	868.34
1668.00	1188.99
1669.00	2583.95
1670.00	4585.11
1671.00	5877.09
1672.00	5200.67
1673.00	3920.40
1674.00	2977.16
1675.00	2345.22
1676.00	2012.86
1677.00	1437.09
1678.00	1046.22
1679.00	887.06
1680.00	807.48
1681.00	821.53
1682.00	812.17
1683.00	793.44
1684.00	767.70
1685.00	779.40
1686.00	748.97
1687.00	772.38
1688.00	727.91
1689.00	746.63
1690.00	805.14
1691.00	727.91
1692.00	770.04
1693.00	809.83
1694.00	660.03
1695.00	863.66
1696.00	788.76
1697.00	786.42
1698.00	816.85
1699.00	720.88
1700.00	819.19
1701.00	788.76
1702.00	734.93
1703.00	777.06
1704.00	821.53
1705.00	744.29
1706.00	840.25
1707.00	805.14
1708.00	774.72
1709.00	795.78
1710.00	765.36
1711.00	739.61
1712.00	777.06
1713.00	880.04
1714.00	1406.66
1715.00	3379.73
1716.00	6059.65
1717.00	8170.81
1718.00	7260.34
1719.00	5385.57
1720.00	4002.32
1721.00	3108.23
1722.00	2216.49
1723.00	1668.80
1724.00	1107.07
1725.00	1027.50
1726.00	891.74
1727.00	802.80
1728.00	844.93
1729.00	805.14
1730.00	777.06
1731.00	770.04
1732.00	807.48
1733.00	812.17
1734.00	746.63
1735.00	727.91
1736.00	763.01
1737.00	809.83
1738.00	805.14
1739.00	753.65
1740.00	781.74
1741.00	774.72
1742.00	805.14
1743.00	786.42
1744.00	688.12
1745.00	737.27
1746.00	807.48
1747.00	805.14
1748.00	800.46
1749.00	814.51
1750.00	784.08
1751.00	812.17
1752.00	770.04
1753.00	777.06
1754.00	777.06
1755.00	758.33
1756.00	753.65
1757.00	868.34
1758.00	924.51
1759.00	858.98
1760.00	833.23
1761.00	849.61
1762.00	774.72
1763.00	753.65
1764.00	816.85
1765.00	833.23
1766.00	873.02
1767.00	887.06
1768.00	957.28
1769.00	976.00
1770.00	1982.43
1771.00	5495.58
1772.00	10743.06
1773.00	14176.62
1774.00	12372.07
1775.00	8994.68
1776.00	6555.84
1777.00	4645.96
1778.00	2930.35
1779.00	2029.24
1780.00	1287.29
1781.00	1048.56
1782.00	905.79
1783.00	922.17
1784.00	858.98
1785.00	866.00
1786.00	833.23
1787.00	830.89
1788.00	795.78
1789.00	770.04
1790.00	800.46
1791.00	793.44
1792.00	798.12
1793.00	851.96
1794.00	814.51
1795.00	765.36
1796.00	840.25
1797.00	1025.15
1798.00	2111.16
1799.00	4945.55
1800.00	7878.24
1801.00	9081.28
1802.00	7124.59
1803.00	5493.24
1804.00	3894.65
1805.00	2719.70
1806.00	1902.86
1807.00	1315.38
1808.00	1041.54
1809.00	873.02
1810.00	844.93
1811.00	854.30
1812.00	835.57
1813.00	765.36
1814.00	739.61
1815.00	805.14
1816.00	741.95
1817.00	767.70
1818.00	847.27
1819.00	772.38
1820.00	741.95
1821.00	805.14
1822.00	744.29
1823.00	770.04
1824.00	784.08
1825.00	828.55
1826.00	868.34
1827.00	924.51
1828.00	854.30
1829.00	842.59
1830.00	777.06
1831.00	812.17
1832.00	767.70
1833.00	802.80
1834.00	784.08
1835.00	767.70
1836.00	751.31
1837.00	795.78
1838.00	730.25
1839.00	800.46
1840.00	751.31
1841.00	814.51
1842.00	692.80
1843.00	697.48
1844.00	809.83
1845.00	767.70
1846.00	697.48
1847.00	713.86
1848.00	732.59
1849.00	763.01
1850.00	713.86
1851.00	734.93
1852.00	774.72
1853.00	807.48
1854.00	671.73
1855.00	758.33
1856.00	741.95
1857.00	755.99
1858.00	779.40
1859.00	720.88
1860.00	800.46
1861.00	730.25
1862.00	741.95
1863.00	765.36
1864.00	798.12
1865.00	727.91
1866.00	702.16
1867.00	746.63
1868.00	758.33
1869.00	758.33
1870.00	744.29
1871.00	725.57
1872.00	734.93
1873.00	772.38
1874.00	784.08
1875.00	779.40
1876.00	737.27
1877.00	751.31
1878.00	751.31
1879.00	730.25
1880.00	716.20
1881.00	779.40
1882.00	786.42
1883.00	709.18
1884.00	692.80
1885.00	809.83
1886.00	823.87
1887.00	781.74
1888.00	718.54
1889.00	800.46
1890.00	791.10
1891.00	767.70
1892.00	720.88
1893.00	720.88
1894.00	723.23
1895.00	753.65
1896.00	739.61
1897.00	821.53
1898.00	777.06
1899.00	748.97
1900.00	793.44
1901.00	774.72
1902.00	723.23
1903.00	711.52
1904.00	774.72
1905.00	765.36
1906.00	737.27
1907.00	816.85
1908.00	643.65
1909.00	802.80
1910.00	751.31
1911.00	772.38
1912.00	922.17
1913.00	837.91
1914.00	795.78
1915.00	854.30
1916.00	791.10
1917.00	678.76
1918.00	725.57
1919.00	779.40
1920.00	802.80
1921.00	770.04
1922.00	793.44
1923.00	720.88
1924.00	720.88
1925.00	781.74
1926.00	739.61
1927.00	767.70
1928.00	641.31
1929.00	711.52
1930.00	753.65
1931.00	718.54
1932.00	793.44
1933.00	781.74
1934.00	767.70
1935.00	805.14
1936.00	781.74
1937.00	835.57
1938.00	716.20
1939.00	685.78
1940.00	814.51
1941.00	732.59
1942.00	763.01
1943.00	739.61
1944.00	753.65
1945.00	765.36
1946.00	777.06
1947.00	699.82
1948.00	748.97
1949.00	772.38
1950.00	835.57
1951.00	828.55
1952.00	1029.84
1953.00	2101.80
1954.00	4475.10
1955.00	7176.08
1956.00	8042.08
1957.00	5870.06
1958.00	3868.91
1959.00	2415.43
1960.00	1568.16
1961.00	1299.00
1962.00	1020.47
1963.00	915.15
1964.00	830.89
1965.00	730.25
1966.00	793.44
1967.00	751.31
1968.00	805.14
1969.00	760.67
1970.00	774.72
1971.00	784.08
1972.00	772.38
1973.00	734.93
1974.00	767.70
1975.00	744.29
1976.00	816.85
1977.00	788.76
1978.00	685.78
1979.00	821.53
1980.00	802.80
1981.00	992.39
1982.00	1207.72
1983.00	1177.29
1984.00	978.34
1985.00	947.92
1986.00	896.43
1987.00	826.21
1988.00	851.96
1989.00	720.88
1990.00	819.19
1991.00	748.97
1992.00	727.91
1993.00	774.72
1994.00	702.16
1995.00	795.78
1996.00	814.51
1997.00	805.14
1998.00	807.48
1999.00	765.36
2000.00	746.63
2001.00	760.67
2002.00	814.51
2003.00	809.83
2004.00	734.93
2005.00	678.76
2006.00	748.97
2007.00	720.88
2008.00	744.29
2009.00	798.12
2010.00	734.93
2011.00	716.20
2012.00	784.08
2013.00	713.86
2014.00	755.99
2015.00	763.01
2016.00	727.91
2017.00	774.72
2018.00	826.21
2019.00	744.29
2020.00	699.82
2021.00	847.27
2022.00	863.66
2023.00	863.66
2024.00	903.45
2025.00	959.62
2026.00	1149.20
2027.00	1142.18
2028.00	1207.72
2029.00	1151.54
2030.00	2204.78
2031.00	6099.44
2032.00	11377.34
2033.00	15592.65
2034.00	14586.22
2035.00	9525.98
2036.00	6387.32
2037.00	4063.17
2038.00	2595.65
2039.00	1755.40
2040.00	1266.23
2041.00	964.30
2042.00	940.90
2043.00	938.55
2044.00	882.38
2045.00	784.08
2046.00	833.23
2047.00	816.85
