0.00	645.99
1.00	645.99
2.00	645.99
3.00	540.66
4.00	603.86
5.00	571.09
6.00	571.09
7.00	641.31
8.00	589.82
9.00	524.28
10.00	610.88
11.00	524.28
12.00	561.73
13.00	564.07
14.00	543.00
15.00	638.97
16.00	545.34
17.00	643.65
18.00	608.54
19.00	571.09
20.00	578.11
21.00	578.11
22.00	526.62
23.00	662.37
24.00	638.97
25.00	674.07
26.00	643.65
27.00	697.48
28.00	655.35
29.00	730.25
30.00	744.29
31.00	671.73
32.00	711.52
33.00	645.99
34.00	662.37
35.00	650.67
36.00	727.91
37.00	741.95
38.00	688.12
39.00	758.33
40.00	660.03
41.00	730.25
42.00	748.97
43.00	678.76
44.00	763.01
45.00	786.42
46.00	748.97
47.00	704.50
48.00	723.23
49.00	739.61
50.00	746.63
51.00	763.01
52.00	795.78
53.00	748.97
54.00	770.04
55.00	727.91
56.00	695.14
57.00	709.18
58.00	816.85
59.00	767.70
60.00	671.73
61.00	744.29
62.00	706.84
63.00	739.61
64.00	758.33
65.00	730.25
66.00	732.59
67.00	734.93
68.00	674.07
69.00	681.10
70.00	669.39
71.00	779.40
72.00	784.08
73.00	711.52
74.00	678.76
75.00	674.07
76.00	704.50
77.00	772.38
78.00	755.99
79.00	725.57
80.00	753.65
81.00	608.54
82.00	734.93
83.00	734.93
84.00	709.18
85.00	685.78
86.00	657.69
87.00	711.52
88.00	711.52
89.00	725.57
90.00	641.31
91.00	741.95
92.00	727.91
93.00	751.31
94.00	676.41
95.00	699.82
96.00	709.18
97.00	739.61
98.00	809.83
99.00	767.70
100.00	734.93
101.00	699.82
102.00	730.25
103.00	713.86
104.00	774.72
105.00	713.86
106.00	718.54
107.00	718.54
108.00	730.25
109.00	732.59
110.00	748.97
111.00	741.95
112.00	786.42
113.00	711.52
114.00	653.01
115.00	697.48
116.00	730.25
117.00	748.97
118.00	741.95
119.00	826.21
120.00	791.10
121.00	713.86
122.00	725.57
123.00	683.44
124.00	753.65
125.00	763.01
126.00	718.54
127.00	751.31
128.00	704.50
129.00	739.61
130.00	786.42
131.00	765.36
132.00	753.65
133.00	737.27
134.00	767.70
135.00	732.59
136.00	816.85
137.00	767.70
138.00	744.29
139.00	723.23
140.00	777.06
141.00	669.39
142.00	734.93
143.00	711.52
144.00	720.88
145.00	709.18
146.00	709.18
147.00	741.95
148.00	772.38
149.00	786.42
150.00	772.38
151.00	788.76
152.00	681.10
153.00	716.20
154.00	683.44
155.00	784.08
156.00	699.82
157.00	697.48
158.00	704.50
159.00	774.72
160.00	798.12
161.00	737.27
162.00	688.12
163.00	702.16
164.00	669.39
165.00	692.80
166.00	720.88
167.00	674.07
168.00	739.61
169.00	674.07
170.00	718.54
171.00	774.72
172.00	716.20
173.00	692.80
174.00	690.46
175.00	802.80
176.00	772.38
177.00	716.20
178.00	695.14
179.00	720.88
180.00	704.50
181.00	727.91
182.00	763.01
183.00	725.57
184.00	720.88
185.00	746.63
186.00	765.36
187.00	812.17
188.00	758.33
189.00	786.42
190.00	758.33
191.00	751.31
192.00	744.29
193.00	760.67
194.00	720.88
195.00	739.61
196.00	720.88
197.00	777.06
198.00	751.31
199.00	774.72
200.00	737.27
201.00	748.97
202.00	737.27
203.00	664.71
204.00	709.18
205.00	716.20
206.00	760.67
207.00	711.52
208.00	725.57
209.00	751.31
210.00	751.31
211.00	770.04
212.00	727.91
213.00	720.88
214.00	732.59
215.00	739.61
216.00	690.46
217.00	732.59
218.00	751.31
219.00	807.48
220.00	706.84
221.00	823.87
222.00	835.57
223.00	755.99
224.00	727.91
225.00	791.10
226.00	777.06
227.00	816.85
228.00	634.29
229.00	732.59
230.00	634.29
231.00	688.12
232.00	772.38
233.00	744.29
234.00	741.95
235.00	657.69
236.00	748.97
237.00	744.29
238.00	753.65
239.00	730.25
240.00	727.91
241.00	727.91
242.00	849.61
243.00	727.91
244.00	737.27
245.00	784.08
246.00	765.36
247.00	716.20
248.00	711.52
249.00	704.50
250.00	812.17
251.00	744.29
252.00	779.40
253.00	767.70
254.00	781.74
255.00	718.54
256.00	793.44
257.00	699.82
258.00	774.72
259.00	863.66
260.00	760.67
261.00	793.44
262.00	688.12
263.00	744.29
264.00	690.46
265.00	744.29
266.00	748.97
267.00	765.36
268.00	912.81
269.00	812.17
270.00	807.48
271.00	795.78
272.00	746.63
273.00	793.44
274.00	816.85
275.00	807.48
276.00	851.96
277.00	842.59
278.00	739.61
279.00	704.50
280.00	779.40
281.00	753.65
282.00	718.54
283.00	763.01
284.00	781.74
285.00	737.27
286.00	741.95
287.00	753.65
288.00	753.65
289.00	767.70
290.00	835.57
291.00	662.37
292.00	699.82
293.00	746.63
294.00	723.23
295.00	725.57
296.00	798.12
297.00	819.19
298.00	718.54
299.00	793.44
300.00	755.99
301.00	755.99
302.00	713.86
303.00	744.29
304.00	793.44
305.00	692.80
306.00	774.72
307.00	791.10
308.00	894.08
309.00	863.66
310.00	821.53
311.00	767.70
312.00	830.89
313.00	765.36
314.00	784.08
315.00	725.57
316.00	734.93
317.00	772.38
318.00	774.72
319.00	814.51
320.00	725.57
321.00	697.48
322.00	765.36
323.00	704.50
324.00	795.78
325.00	758.33
326.00	723.23
327.00	781.74
328.00	816.85
329.00	763.01
330.00	725.57
331.00	760.67
332.00	784.08
333.00	765.36
334.00	730.25
335.00	734.93
336.00	786.42
337.00	718.54
338.00	767.70
339.00	727.91
340.00	758.33
341.00	753.65
342.00	725.57
343.00	725.57
344.00	774.72
345.00	835.57
346.00	748.97
347.00	842.59
348.00	903.45
349.00	870.68
350.00	844.93
351.00	786.42
352.00	812.17
353.00	739.61
354.00	807.48
355.00	777.06
356.00	784.08
357.00	779.40
358.00	809.83
359.00	795.78
360.00	840.25
361.00	727.91
362.00	713.86
363.00	763.01
364.00	763.01
365.00	704.50
366.00	770.04
367.00	784.08
368.00	699.82
369.00	784.08
370.00	755.99
371.00	793.44
372.00	753.65
373.00	816.85
374.00	772.38
375.00	751.31
376.00	798.12
377.00	702.16
378.00	795.78
379.00	732.59
380.00	809.83
381.00	716.20
382.00	699.82
383.00	800.46
384.00	730.25
385.00	706.84
386.00	748.97
387.00	751.31
388.00	751.31
389.00	655.35
390.00	800.46
391.00	685.78
392.00	739.61
393.00	772.38
394.00	744.29
395.00	725.57
396.00	713.86
397.00	777.06
398.00	727.91
399.00	739.61
400.00	741.95
401.00	751.31
402.00	784.08
403.00	748.97
404.00	718.54
405.00	849.61
406.00	739.61
407.00	741.95
408.00	650.67
409.00	692.80
410.00	777.06
411.00	723.23
412.00	812.17
413.00	725.57
414.00	741.95
415.00	767.70
416.00	800.46
417.00	746.63
418.00	753.65
419.00	751.31
420.00	737.27
421.00	709.18
422.00	739.61
423.00	781.74
424.00	744.29
425.00	826.21
426.00	758.33
427.00	669.39
428.00	770.04
429.00	760.67
430.00	767.70
431.00	774.72
432.00	730.25
433.00	732.59
434.00	732.59
435.00	826.21
436.00	765.36
437.00	781.74
438.00	753.65
439.00	751.31
440.00	667.05
441.00	748.97
442.00	753.65
443.00	819.19
444.00	763.01
445.00	777.06
446.00	727.91
447.00	723.23
448.00	798.12
449.00	772.38
450.00	772.38
451.00	802.80
452.00	758.33
453.00	702.16
454.00	741.95
455.00	753.65
456.00	791.10
457.00	695.14
458.00	777.06
459.00	774.72
460.00	788.76
461.00	753.65
462.00	711.52
463.00	704.50
464.00	713.86
465.00	779.40
466.00	821.53
467.00	784.08
468.00	706.84
469.00	751.31
470.00	816.85
471.00	746.63
472.00	835.57
473.00	741.95
474.00	830.89
475.00	741.95
476.00	784.08
477.00	725.57
478.00	739.61
479.00	798.12
480.00	765.36
481.00	751.31
482.00	746.63
483.00	676.41
484.00	786.42
485.00	802.80
486.00	791.10
487.00	765.36
488.00	788.76
489.00	713.86
490.00	800.46
491.00	725.57
492.00	765.36
493.00	748.97
494.00	671.73
495.00	835.57
496.00	755.99
497.00	795.78
498.00	819.19
499.00	784.08
500.00	793.44
501.00	713.86
502.00	781.74
503.00	798.12
504.00	758.33
505.00	725.57
506.00	784.08
507.00	844.93
508.00	744.29
509.00	737.27
510.00	706.84
511.00	746.63
512.00	723.23
513.00	723.23
514.00	819.19
515.00	741.95
516.00	814.51
517.00	716.20
518.00	828.55
519.00	788.76
520.00	755.99
521.00	746.63
522.00	734.93
523.00	788.76
524.00	873.02
525.00	809.83
526.00	760.67
527.00	734.93
528.00	723.23
529.00	772.38
530.00	748.97
531.00	669.39
532.00	760.67
533.00	830.89
534.00	858.98
535.00	765.36
536.00	706.84
537.00	685.78
538.00	777.06
539.00	727.91
540.00	751.31
541.00	770.04
542.00	697.48
543.00	781.74
544.00	746.63
545.00	737.27
546.00	692.80
547.00	753.65
548.00	734.93
549.00	723.23
550.00	793.44
551.00	718.54
552.00	748.97
553.00	793.44
554.00	805.14
555.00	699.82
556.00	765.36
557.00	835.57
558.00	821.53
559.00	809.83
560.00	840.25
561.00	711.52
562.00	746.63
563.00	678.76
564.00	760.67
565.00	765.36
566.00	727.91
567.00	809.83
568.00	711.52
569.00	751.31
570.00	821.53
571.00	781.74
572.00	788.76
573.00	779.40
574.00	716.20
575.00	805.14
576.00	784.08
577.00	781.74
578.00	763.01
579.00	751.31
580.00	753.65
581.00	770.04
582.00	770.04
583.00	793.44
584.00	725.57
585.00	805.14
586.00	882.38
587.00	706.84
588.00	763.01
589.00	716.20
590.00	751.31
591.00	737.27
592.00	753.65
593.00	856.64
594.00	767.70
595.00	706.84
596.00	725.57
597.00	774.72
598.00	748.97
599.00	777.06
600.00	760.67
601.00	812.17
602.00	791.10
603.00	786.42
604.00	788.76
605.00	739.61
606.00	770.04
607.00	732.59
608.00	758.33
609.00	774.72
610.00	772.38
611.00	709.18
612.00	739.61
613.00	791.10
614.00	709.18
615.00	763.01
616.00	805.14
617.00	791.10
618.00	732.59
619.00	711.52
620.00	798.12
621.00	821.53
622.00	734.93
623.00	690.46
624.00	709.18
625.00	760.67
626.00	837.91
627.00	725.57
628.00	727.91
629.00	802.80
630.00	786.42
631.00	702.16
632.00	748.97
633.00	802.80
634.00	760.67
635.00	758.33
636.00	807.48
637.00	814.51
638.00	692.80
639.00	793.44
640.00	786.42
641.00	763.01
642.00	716.20
643.00	765.36
644.00	772.38
645.00	748.97
646.00	739.61
647.00	695.14
648.00	765.36
649.00	788.76
650.00	842.59
651.00	858.98
652.00	784.08
653.00	791.10
654.00	807.48
655.00	812.17
656.00	734.93
657.00	709.18
658.00	667.05
659.00	760.67
660.00	812.17
661.00	793.44
662.00	784.08
663.00	819.19
664.00	763.01
665.00	753.65
666.00	786.42
667.00	741.95
668.00	793.44
669.00	744.29
670.00	690.46
671.00	770.04
672.00	702.16
673.00	690.46
674.00	734.93
675.00	753.65
676.00	746.63
677.00	739.61
678.00	781.74
679.00	730.25
680.00	805.14
681.00	748.97
682.00	807.48
683.00	713.86
684.00	821.53
685.00	826.21
686.00	765.36
687.00	788.76
688.00	770.04
689.00	833.23
690.00	763.01
691.00	777.06
692.00	777.06
693.00	732.59
694.00	676.41
695.00	795.78
696.00	786.42
697.00	774.72
698.00	774.72
699.00	786.42
700.00	763.01
701.00	812.17
702.00	800.46
703.00	828.55
704.00	760.67
705.00	727.91
706.00	779.40
707.00	777.06
708.00	734.93
709.00	835.57
710.00	746.63
711.00	781.74
712.00	809.83
713.00	767.70
714.00	805.14
715.00	849.61
716.00	784.08
717.00	716.20
718.00	744.29
719.00	830.89
720.00	767.70
721.00	774.72
722.00	753.65
723.00	802.80
724.00	809.83
725.00	772.38
726.00	755.99
727.00	840.25
728.00	737.27
729.00	702.16
730.00	798.12
731.00	826.21
732.00	763.01
733.00	727.91
734.00	755.99
735.00	807.48
736.00	786.42
737.00	863.66
738.00	837.91
739.00	856.64
740.00	807.48
741.00	779.40
742.00	777.06
743.00	779.40
744.00	819.19
745.00	830.89
746.00	781.74
747.00	739.61
748.00	784.08
749.00	877.70
750.00	706.84
751.00	770.04
752.00	758.33
753.00	816.85
754.00	779.40
755.00	786.42
756.00	772.38
757.00	781.74
758.00	826.21
759.00	816.85
760.00	847.27
761.00	807.48
762.00	908.13
763.00	823.87
764.00	830.89
765.00	770.04
766.00	863.66
767.00	812.17
768.00	786.42
769.00	758.33
770.00	767.70
771.00	751.31
772.00	777.06
773.00	786.42
774.00	737.27
775.00	667.05
776.00	800.46
777.00	823.87
778.00	685.78
779.00	873.02
780.00	774.72
781.00	821.53
782.00	791.10
783.00	746.63
784.00	849.61
785.00	821.53
786.00	807.48
787.00	863.66
788.00	767.70
789.00	788.76
790.00	767.70
791.00	798.12
792.00	781.74
793.00	720.88
794.00	800.46
795.00	777.06
796.00	842.59
797.00	718.54
798.00	751.31
799.00	826.21
800.00	763.01
801.00	763.01
802.00	849.61
803.00	767.70
804.00	805.14
805.00	821.53
806.00	781.74
807.00	826.21
808.00	795.78
809.00	795.78
810.00	737.27
811.00	779.40
812.00	793.44
813.00	725.57
814.00	793.44
815.00	784.08
816.00	840.25
817.00	786.42
818.00	784.08
819.00	823.87
820.00	753.65
821.00	835.57
822.00	847.27
823.00	812.17
824.00	784.08
825.00	688.12
826.00	833.23
827.00	791.10
828.00	842.59
829.00	748.97
830.00	800.46
831.00	901.11
832.00	830.89
833.00	830.89
834.00	856.64
835.00	793.44
836.00	826.21
837.00	784.08
838.00	851.96
839.00	720.88
840.00	814.51
841.00	828.55
842.00	866.00
843.00	833.23
844.00	805.14
845.00	809.83
846.00	774.72
847.00	830.89
848.00	851.96
849.00	772.38
850.00	847.27
851.00	779.40
852.00	711.52
853.00	779.40
854.00	856.64
855.00	791.10
856.00	737.27
857.00	807.48
858.00	816.85
859.00	807.48
860.00	809.83
861.00	828.55
862.00	807.48
863.00	826.21
864.00	816.85
865.00	816.85
866.00	837.91
867.00	840.25
868.00	807.48
869.00	730.25
870.00	842.59
871.00	784.08
872.00	814.51
873.00	725.57
874.00	844.93
875.00	807.48
876.00	821.53
877.00	866.00
878.00	730.25
879.00	798.12
880.00	830.89
881.00	798.12
882.00	812.17
883.00	863.66
884.00	772.38
885.00	763.01
886.00	791.10
887.00	758.33
888.00	791.10
889.00	812.17
890.00	786.42
891.00	765.36
892.00	774.72
893.00	814.51
894.00	795.78
895.00	835.57
896.00	894.08
897.00	779.40
898.00	774.72
899.00	765.36
900.00	805.14
901.00	809.83
902.00	842.59
903.00	837.91
904.00	758.33
905.00	849.61
906.00	835.57
907.00	905.79
908.00	856.64
909.00	889.40
910.00	837.91
911.00	868.34
912.00	917.49
913.00	994.73
914.00	912.81
915.00	952.60
916.00	863.66
917.00	814.51
918.00	819.19
919.00	777.06
920.00	819.19
921.00	814.51
922.00	835.57
923.00	746.63
924.00	763.01
925.00	873.02
926.00	821.53
927.00	816.85
928.00	805.14
929.00	816.85
930.00	716.20
931.00	760.67
932.00	894.08
933.00	837.91
934.00	748.97
935.00	748.97
936.00	835.57
937.00	746.63
938.00	788.76
939.00	760.67
940.00	854.30
941.00	837.91
942.00	711.52
943.00	858.98
944.00	861.32
945.00	870.68
946.00	1128.14
947.00	1654.76
948.00	2153.29
949.00	1865.41
950.00	1614.97
951.00	1430.07
952.00	1268.57
953.00	1088.35
954.00	889.40
955.00	826.21
956.00	805.14
957.00	779.40
958.00	809.83
959.00	830.89
960.00	767.70
961.00	786.42
962.00	777.06
963.00	763.01
964.00	842.59
965.00	835.57
966.00	847.27
967.00	805.14
968.00	767.70
969.00	793.44
970.00	798.12
971.00	753.65
972.00	807.48
973.00	765.36
974.00	788.76
975.00	793.44
976.00	765.36
977.00	837.91
978.00	774.72
979.00	837.91
980.00	748.97
981.00	786.42
982.00	828.55
983.00	772.38
984.00	793.44
985.00	784.08
986.00	763.01
987.00	812.17
988.00	763.01
989.00	837.91
990.00	828.55
991.00	786.42
992.00	828.55
993.00	784.08
994.00	863.66
995.00	784.08
996.00	809.83
997.00	788.76
998.00	816.85
999.00	814.51
1000.00	842.59
1001.00	770.04
1002.00	851.96
1003.00	915.15
1004.00	755.99
1005.00	770.04
1006.00	833.23
1007.00	793.44
1008.00	809.83
1009.00	816.85
1010.00	877.70
1011.00	798.12
1012.00	748.97
1013.00	795.78
1014.00	758.33
1015.00	737.27
1016.00	779.40
1017.00	791.10
1018.00	809.83
1019.00	772.38
1020.00	812.17
1021.00	800.46
1022.00	755.99
1023.00	844.93
1024.00	770.04
1025.00	795.78
1026.00	725.57
1027.00	840.25
1028.00	805.14
1029.00	748.97
1030.00	819.19
1031.00	826.21
1032.00	805.14
1033.00	844.93
1034.00	765.36
1035.00	795.78
1036.00	779.40
1037.00	821.53
1038.00	837.91
1039.00	819.19
1040.00	765.36
1041.00	833.23
1042.00	821.53
1043.00	903.45
1044.00	777.06
1045.00	781.74
1046.00	894.08
1047.00	814.51
1048.00	816.85
1049.00	805.14
1050.00	755.99
1051.00	755.99
1052.00	779.40
1053.00	807.48
1054.00	758.33
1055.00	758.33
1056.00	774.72
1057.00	807.48
1058.00	748.97
1059.00	800.46
1060.00	777.06
1061.00	896.43
1062.00	751.31
1063.00	835.57
1064.00	788.76
1065.00	798.12
1066.00	875.36
1067.00	788.76
1068.00	786.42
1069.00	828.55
1070.00	753.65
1071.00	777.06
1072.00	760.67
1073.00	830.89
1074.00	767.70
1075.00	772.38
1076.00	819.19
1077.00	784.08
1078.00	830.89
1079.00	802.80
1080.00	821.53
1081.00	763.01
1082.00	777.06
1083.00	840.25
1084.00	727.91
1085.00	788.76
1086.00	755.99
1087.00	854.30
1088.00	851.96
1089.00	814.51
1090.00	807.48
1091.00	758.33
1092.00	795.78
1093.00	866.00
1094.00	713.86
1095.00	828.55
1096.00	772.38
1097.00	788.76
1098.00	786.42
1099.00	823.87
1100.00	858.98
1101.00	786.42
1102.00	868.34
1103.00	814.51
1104.00	816.85
1105.00	833.23
1106.00	823.87
1107.00	800.46
1108.00	753.65
1109.00	905.79
1110.00	805.14
1111.00	840.25
1112.00	809.83
1113.00	851.96
1114.00	772.38
1115.00	795.78
1116.00	842.59
1117.00	854.30
1118.00	802.80
1119.00	835.57
1120.00	823.87
1121.00	835.57
1122.00	805.14
1123.00	842.59
1124.00	854.30
1125.00	828.55
1126.00	851.96
1127.00	753.65
1128.00	819.19
1129.00	734.93
1130.00	744.29
1131.00	788.76
1132.00	774.72
1133.00	856.64
1134.00	798.12
1135.00	798.12
1136.00	814.51
1137.00	830.89
1138.00	842.59
1139.00	770.04
1140.00	851.96
1141.00	767.70
1142.00	798.12
1143.00	741.95
1144.00	788.76
1145.00	755.99
1146.00	802.80
1147.00	835.57
1148.00	823.87
1149.00	835.57
1150.00	786.42
1151.00	802.80
1152.00	849.61
1153.00	791.10
1154.00	823.87
1155.00	840.25
1156.00	819.19
1157.00	896.43
1158.00	891.74
1159.00	898.77
1160.00	938.55
1161.00	924.51
1162.00	861.32
1163.00	786.42
1164.00	880.04
1165.00	777.06
1166.00	947.92
1167.00	1020.47
1168.00	1277.93
1169.00	1327.08
1170.00	1165.59
1171.00	1076.65
1172.00	1034.52
1173.00	978.34
1174.00	983.02
1175.00	866.00
1176.00	891.74
1177.00	809.83
1178.00	894.08
1179.00	894.08
1180.00	856.64
1181.00	858.98
1182.00	870.68
1183.00	945.58
1184.00	877.70
1185.00	905.79
1186.00	887.06
1187.00	854.30
1188.00	912.81
1189.00	858.98
1190.00	882.38
1191.00	884.72
1192.00	868.34
1193.00	929.19
1194.00	971.32
1195.00	980.68
1196.00	992.39
1197.00	912.81
1198.00	926.85
1199.00	945.58
1200.00	1011.11
1201.00	1020.47
1202.00	1118.78
1203.00	1165.59
1204.00	1200.69
1205.00	1170.27
1206.00	1116.44
1207.00	1083.67
1208.00	1104.73
1209.00	1095.37
1210.00	1001.75
1211.00	1090.69
1212.00	1149.20
1213.00	1025.15
1214.00	1172.61
1215.00	1170.27
1216.00	1310.70
1217.00	1390.28
1218.00	1514.33
1219.00	1860.73
1220.00	3279.09
1221.00	18485.55
1222.00	52296.93
1223.00	65535.00
1224.00	65535.00
1225.00	58075.71
1226.00	45584.27
1227.00	34195.23
1228.00	27833.65
1229.00	20210.53
1230.00	9584.49
1231.00	4217.65
1232.00	2195.42
1233.00	1668.80
1234.00	1577.52
1235.00	1334.11
1236.00	1350.49
1237.00	1310.70
1238.00	1217.08
1239.00	1547.09
1240.00	3309.52
1241.00	5951.98
1242.00	7201.83
1243.00	6052.63
1244.00	4512.55
1245.00	3445.27
1246.00	2972.48
1247.00	2537.14
1248.00	1771.79
1249.00	1287.29
1250.00	1020.47
1251.00	903.45
1252.00	971.32
1253.00	961.96
1254.00	1034.52
1255.00	1107.07
1256.00	1097.71
1257.00	1048.56
1258.00	1048.56
1259.00	1020.47
1260.00	997.07
1261.00	973.66
1262.00	940.90
1263.00	898.77
1264.00	947.92
1265.00	884.72
1266.00	898.77
1267.00	858.98
1268.00	854.30
1269.00	891.74
1270.00	870.68
1271.00	833.23
1272.00	800.46
1273.00	835.57
1274.00	882.38
1275.00	884.72
1276.00	891.74
1277.00	1006.43
1278.00	1071.97
1279.00	2377.98
1280.00	6314.77
1281.00	11023.92
1282.00	12575.70
1283.00	9703.86
1284.00	7110.55
1285.00	5397.28
1286.00	4500.85
1287.00	3562.30
1288.00	2188.40
1289.00	1324.74
1290.00	994.73
1291.00	964.30
1292.00	966.64
1293.00	919.83
1294.00	997.07
1295.00	954.94
1296.00	964.30
1297.00	976.00
1298.00	968.98
1299.00	1509.65
1300.00	2546.50
1301.00	3468.67
1302.00	3124.62
1303.00	2504.37
1304.00	1959.03
1305.00	1757.74
1306.00	1577.52
1307.00	1301.34
1308.00	1100.05
1309.00	987.71
1310.00	915.15
1311.00	917.49
1312.00	924.51
1313.00	884.72
1314.00	851.96
1315.00	858.98
1316.00	844.93
1317.00	828.55
1318.00	866.00
1319.00	826.21
1320.00	807.48
1321.00	847.27
1322.00	833.23
1323.00	802.80
1324.00	805.14
1325.00	802.80
1326.00	849.61
1327.00	788.76
1328.00	847.27
1329.00	844.93
1330.00	830.89
1331.00	856.64
1332.00	936.21
1333.00	1048.56
1334.00	1769.44
1335.00	3028.65
1336.00	3648.90
1337.00	3241.64
1338.00	2633.10
1339.00	2115.84
1340.00	1851.36
1341.00	1598.59
1342.00	1266.23
1343.00	1022.81
1344.00	908.13
1345.00	880.04
1346.00	866.00
1347.00	821.53
1348.00	861.32
1349.00	868.34
1350.00	877.70
1351.00	877.70
1352.00	863.66
1353.00	870.68
1354.00	849.61
1355.00	828.55
1356.00	873.02
1357.00	985.37
1358.00	997.07
1359.00	844.93
1360.00	966.64
1361.00	1046.22
1362.00	2307.77
1363.00	5839.64
1364.00	9755.35
1365.00	10431.77
1366.00	8098.25
1367.00	5886.45
1368.00	4603.83
1369.00	3646.55
1370.00	2986.52
1371.00	1928.60
1372.00	1256.87
1373.00	1081.33
1374.00	1060.26
1375.00	1212.40
1376.00	3035.67
1377.00	9249.80
1378.00	16542.91
1379.00	19363.25
1380.00	14616.65
1381.00	10441.13
1382.00	7676.96
1383.00	6108.80
1384.00	4730.22
1385.00	3007.59
1386.00	1703.91
1387.00	1203.04
1388.00	1025.15
1389.00	884.72
1390.00	983.02
1391.00	973.66
1392.00	903.45
1393.00	912.81
1394.00	922.17
1395.00	856.64
1396.00	905.79
1397.00	1004.09
1398.00	1100.05
1399.00	1383.26
1400.00	1434.75
1401.00	1338.79
1402.00	1247.51
1403.00	1137.50
1404.00	1242.82
1405.00	1317.72
1406.00	2062.01
1407.00	8346.35
1408.00	20898.64
1409.00	31288.28
1410.00	27847.69
1411.00	19817.32
1412.00	13729.58
1413.00	10420.06
1414.00	8524.23
1415.00	5664.10
1416.00	2913.97
1417.00	1624.33
1418.00	1306.02
1419.00	1104.73
1420.00	2071.37
1421.00	4496.17
1422.00	7339.92
1423.00	8093.57
1424.00	6235.19
1425.00	4627.24
1426.00	3592.72
1427.00	2951.42
1428.00	2319.47
1429.00	1605.61
1430.00	1210.06
1431.00	999.41
1432.00	987.71
1433.00	959.62
1434.00	894.08
1435.00	943.24
1436.00	919.83
1437.00	866.00
1438.00	877.70
1439.00	837.91
1440.00	802.80
1441.00	856.64
1442.00	830.89
1443.00	896.43
1444.00	882.38
1445.00	856.64
1446.00	835.57
1447.00	737.27
1448.00	777.06
1449.00	823.87
1450.00	924.51
1451.00	882.38
1452.00	821.53
1453.00	905.79
1454.00	922.17
1455.00	1207.72
1456.00	2581.61
1457.00	4194.24
1458.00	5231.10
1459.00	4465.74
1460.00	3185.47
1461.00	2518.42
1462.00	2092.44
1463.00	1867.75
1464.00	1343.47
1465.00	1081.33
1466.00	924.51
1467.00	781.74
1468.00	786.42
1469.00	807.48
1470.00	788.76
1471.00	828.55
1472.00	894.08
1473.00	807.48
1474.00	821.53
1475.00	781.74
1476.00	835.57
1477.00	856.64
1478.00	894.08
1479.00	896.43
1480.00	858.98
1481.00	936.21
1482.00	868.34
1483.00	877.70
1484.00	910.47
1485.00	868.34
1486.00	1025.15
1487.00	1181.97
1488.00	3630.17
1489.00	9507.26
1490.00	15651.16
1491.00	15786.91
1492.00	11318.83
1493.00	8175.49
1494.00	6195.40
1495.00	5029.81
1496.00	3506.12
1497.00	2076.06
1498.00	1338.79
1499.00	1100.05
1500.00	947.92
1501.00	819.19
1502.00	922.17
1503.00	898.77
1504.00	777.06
1505.00	887.06
1506.00	772.38
1507.00	891.74
1508.00	795.78
1509.00	830.89
1510.00	826.21
1511.00	791.10
1512.00	884.72
1513.00	1130.48
1514.00	2204.78
1515.00	3805.71
1516.00	4917.47
1517.00	3983.59
1518.00	3148.02
1519.00	2328.83
1520.00	2043.29
1521.00	1720.29
1522.00	1378.58
1523.00	1057.92
1524.00	933.87
1525.00	931.53
1526.00	938.55
1527.00	882.38
1528.00	894.08
1529.00	908.13
1530.00	917.49
1531.00	947.92
1532.00	1139.84
1533.00	2129.89
1534.00	5430.04
1535.00	9652.37
1536.00	11651.19
1537.00	8954.89
1538.00	6492.65
1539.00	4755.97
1540.00	3819.75
1541.00	2979.50
1542.00	2031.58
1543.00	1315.38
1544.00	992.39
1545.00	882.38
1546.00	908.13
1547.00	861.32
1548.00	877.70
1549.00	903.45
1550.00	882.38
1551.00	861.32
1552.00	854.30
1553.00	861.32
1554.00	812.17
1555.00	856.64
1556.00	880.04
1557.00	849.61
1558.00	870.68
1559.00	957.28
1560.00	908.13
1561.00	919.83
1562.00	898.77
1563.00	976.00
1564.00	1039.20
1565.00	1364.53
1566.00	4451.70
1567.00	11950.78
1568.00	20116.90
1569.00	20596.71
1570.00	14644.73
1571.00	10590.92
1572.00	7693.34
1573.00	6370.94
1574.00	4421.27
1575.00	2684.59
1576.00	1607.95
1577.00	1338.79
1578.00	1720.29
1579.00	6644.78
1580.00	18548.75
1581.00	31494.25
1582.00	33273.06
1583.00	23494.30
1584.00	16266.72
1585.00	11791.62
1586.00	9654.71
1587.00	6546.48
1588.00	3471.01
1589.00	1987.11
1590.00	1329.42
1591.00	1160.91
1592.00	959.62
1593.00	957.28
1594.00	931.53
1595.00	959.62
1596.00	910.47
1597.00	905.79
1598.00	856.64
1599.00	837.91
1600.00	887.06
1601.00	884.72
1602.00	830.89
1603.00	805.14
1604.00	767.70
1605.00	910.47
1606.00	889.40
1607.00	889.40
1608.00	849.61
1609.00	840.25
1610.00	828.55
1611.00	823.87
1612.00	823.87
1613.00	716.20
1614.00	826.21
1615.00	861.32
1616.00	807.48
1617.00	889.40
1618.00	800.46
1619.00	929.19
1620.00	819.19
1621.00	819.19
1622.00	809.83
1623.00	772.38
1624.00	774.72
1625.00	807.48
1626.00	849.61
1627.00	819.19
1628.00	814.51
1629.00	858.98
1630.00	765.36
1631.00	777.06
1632.00	844.93
1633.00	734.93
1634.00	854.30
1635.00	851.96
1636.00	861.32
1637.00	798.12
1638.00	802.80
1639.00	819.19
1640.00	840.25
1641.00	849.61
1642.00	835.57
1643.00	931.53
1644.00	880.04
1645.00	819.19
1646.00	812.17
1647.00	793.44
1648.00	887.06
1649.00	1083.67
1650.00	2590.97
1651.00	7861.86
1652.00	14464.51
1653.00	18171.92
1654.00	13755.33
1655.00	10001.11
1656.00	7103.53
1657.00	5647.71
1658.00	4142.75
1659.00	2511.39
1660.00	1607.95
1661.00	1100.05
1662.00	1025.15
1663.00	901.11
1664.00	884.72
1665.00	917.49
1666.00	882.38
1667.00	908.13
1668.00	1228.78
1669.00	2654.17
1670.00	4940.87
1671.00	6483.28
1672.00	5643.03
1673.00	4283.18
1674.00	3211.22
1675.00	2544.16
1676.00	2026.90
1677.00	1413.68
1678.00	1132.82
1679.00	919.83
1680.00	833.23
1681.00	821.53
1682.00	833.23
1683.00	777.06
1684.00	788.76
1685.00	823.87
1686.00	812.17
1687.00	837.91
1688.00	807.48
1689.00	821.53
1690.00	837.91
1691.00	758.33
1692.00	781.74
1693.00	758.33
1694.00	772.38
1695.00	784.08
1696.00	739.61
1697.00	713.86
1698.00	856.64
1699.00	793.44
1700.00	720.88
1701.00	767.70
1702.00	763.01
1703.00	784.08
1704.00	847.27
1705.00	788.76
1706.00	828.55
1707.00	847.27
1708.00	798.12
1709.00	786.42
1710.00	833.23
1711.00	774.72
1712.00	866.00
1713.00	894.08
1714.00	1409.00
1715.00	3583.36
1716.00	6658.82
1717.00	8924.46
1718.00	7653.55
1719.00	5783.46
1720.00	4376.80
1721.00	3389.10
1722.00	2424.80
1723.00	1774.13
1724.00	1228.78
1725.00	947.92
1726.00	931.53
1727.00	854.30
1728.00	915.15
1729.00	847.27
1730.00	784.08
1731.00	795.78
1732.00	720.88
1733.00	758.33
1734.00	781.74
1735.00	851.96
1736.00	788.76
1737.00	809.83
1738.00	751.31
1739.00	809.83
1740.00	744.29
1741.00	755.99
1742.00	816.85
1743.00	748.97
1744.00	802.80
1745.00	805.14
1746.00	812.17
1747.00	746.63
1748.00	774.72
1749.00	781.74
1750.00	763.01
1751.00	821.53
1752.00	835.57
1753.00	755.99
1754.00	748.97
1755.00	870.68
1756.00	840.25
1757.00	823.87
1758.00	807.48
1759.00	791.10
1760.00	784.08
1761.00	798.12
1762.00	844.93
1763.00	779.40
1764.00	812.17
1765.00	854.30
1766.00	816.85
1767.00	950.26
1768.00	901.11
1769.00	1025.15
1770.00	2146.27
1771.00	6033.90
1772.00	11578.63
1773.00	15442.85
1774.00	12987.63
1775.00	9834.93
1776.00	7185.44
1777.00	4990.02
1778.00	3344.63
1779.00	1994.14
1780.00	1390.28
1781.00	1081.33
1782.00	1015.79
1783.00	910.47
1784.00	917.49
1785.00	814.51
1786.00	837.91
1787.00	781.74
1788.00	823.87
1789.00	814.51
1790.00	786.42
1791.00	887.06
1792.00	826.21
1793.00	812.17
1794.00	791.10
1795.00	873.02
1796.00	856.64
1797.00	1100.05
1798.00	2331.17
1799.00	5212.37
1800.00	8617.85
1801.00	9788.12
1802.00	7796.32
1803.00	5886.45
1804.00	4072.53
1805.00	2801.62
1806.00	1811.57
1807.00	1306.02
1808.00	1011.11
1809.00	940.90
1810.00	957.28
1811.00	807.48
1812.00	844.93
1813.00	795.78
1814.00	763.01
1815.00	786.42
1816.00	802.80
1817.00	770.04
1818.00	847.27
1819.00	873.02
1820.00	786.42
1821.00	823.87
1822.00	767.70
1823.00	755.99
1824.00	753.65
1825.00	915.15
1826.00	870.68
1827.00	922.17
1828.00	915.15
1829.00	833.23
1830.00	765.36
1831.00	720.88
1832.00	802.80
1833.00	772.38
1834.00	779.40
1835.00	800.46
1836.00	695.14
1837.00	786.42
1838.00	772.38
1839.00	812.17
1840.00	791.10
1841.00	772.38
1842.00	753.65
1843.00	786.42
1844.00	800.46
1845.00	739.61
1846.00	732.59
1847.00	786.42
1848.00	702.16
1849.00	744.29
1850.00	837.91
1851.00	833.23
1852.00	763.01
1853.00	748.97
1854.00	720.88
1855.00	823.87
1856.00	781.74
1857.00	767.70
1858.00	737.27
1859.00	716.20
1860.00	716.20
1861.00	741.95
1862.00	763.01
1863.00	807.48
1864.00	763.01
1865.00	732.59
1866.00	823.87
1867.00	760.67
1868.00	718.54
1869.00	760.67
1870.00	718.54
1871.00	763.01
1872.00	751.31
1873.00	795.78
1874.00	763.01
1875.00	758.33
1876.00	730.25
1877.00	805.14
1878.00	758.33
1879.00	788.76
1880.00	786.42
1881.00	779.40
1882.00	690.46
1883.00	711.52
1884.00	774.72
1885.00	739.61
1886.00	763.01
1887.00	751.31
1888.00	767.70
1889.00	727.91
1890.00	723.23
1891.00	678.76
1892.00	739.61
1893.00	732.59
1894.00	777.06
1895.00	781.74
1896.00	753.65
1897.00	755.99
1898.00	739.61
1899.00	774.72
1900.00	772.38
1901.00	737.27
1902.00	723.23
1903.00	772.38
1904.00	830.89
1905.00	725.57
1906.00	758.33
1907.00	753.65
1908.00	709.18
1909.00	814.51
1910.00	812.17
1911.00	779.40
1912.00	837.91
1913.00	823.87
1914.00	788.76
1915.00	758.33
1916.00	753.65
1917.00	732.59
1918.00	798.12
1919.00	795.78
1920.00	772.38
1921.00	781.74
1922.00	758.33
1923.00	699.82
1924.00	788.76
1925.00	842.59
1926.00	706.84
1927.00	751.31
1928.00	781.74
1929.00	809.83
1930.00	849.61
1931.00	802.80
1932.00	765.36
1933.00	688.12
1934.00	816.85
1935.00	758.33
1936.00	802.80
1937.00	784.08
1938.00	795.78
1939.00	723.23
1940.00	716.20
1941.00	793.44
1942.00	753.65
1943.00	716.20
1944.00	662.37
1945.00	798.12
1946.00	725.57
1947.00	763.01
1948.00	840.25
1949.00	816.85
1950.00	777.06
1951.00	847.27
1952.00	1041.54
1953.00	2165.00
1954.00	4889.38
1955.00	7681.64
1956.00	8542.96
1957.00	6141.57
1958.00	4002.32
1959.00	2567.57
1960.00	1788.17
1961.00	1308.36
1962.00	1050.90
1963.00	990.05
1964.00	868.34
1965.00	847.27
1966.00	837.91
1967.00	788.76
1968.00	851.96
1969.00	751.31
1970.00	842.59
1971.00	786.42
1972.00	814.51
1973.00	725.57
1974.00	739.61
1975.00	791.10
1976.00	784.08
1977.00	844.93
1978.00	774.72
1979.00	744.29
1980.00	786.42
1981.00	1027.50
1982.00	1231.12
1983.00	1231.12
1984.00	1062.60
1985.00	957.28
1986.00	847.27
1987.00	889.40
1988.00	898.77
1989.00	828.55
1990.00	716.20
1991.00	758.33
1992.00	819.19
1993.00	763.01
1994.00	779.40
1995.00	737.27
1996.00	737.27
1997.00	746.63
1998.00	741.95
1999.00	744.29
2000.00	835.57
2001.00	802.80
2002.00	781.74
2003.00	788.76
2004.00	786.42
2005.00	751.31
2006.00	688.12
2007.00	812.17
2008.00	809.83
2009.00	744.29
2010.00	793.44
2011.00	767.70
2012.00	709.18
2013.00	795.78
2014.00	741.95
2015.00	711.52
2016.00	737.27
2017.00	821.53
2018.00	826.21
2019.00	798.12
2020.00	753.65
2021.00	758.33
2022.00	779.40
2023.00	828.55
2024.00	821.53
2025.00	1011.11
2026.00	1203.04
2027.00	1224.10
2028.00	1142.18
2029.00	1170.27
2030.00	2230.53
2031.00	6537.12
2032.00	12468.03
2033.00	16755.90
2034.00	15185.40
2035.00	10228.14
2036.00	6722.02
2037.00	4243.39
2038.00	2717.36
2039.00	1762.42
2040.00	1322.40
2041.00	1086.01
2042.00	1006.43
2043.00	896.43
2044.00	915.15
2045.00	812.17
2046.00	788.76
2047.00	800.46
