0.00	692.80
1.00	692.80
2.00	692.80
3.00	547.69
4.00	580.45
5.00	578.11
6.00	547.69
7.00	519.60
8.00	550.03
9.00	557.05
10.00	543.00
11.00	552.37
12.00	578.11
13.00	594.50
14.00	547.69
15.00	627.26
16.00	645.99
17.00	592.16
18.00	552.37
19.00	601.52
20.00	585.13
21.00	580.45
22.00	681.10
23.00	662.37
24.00	638.97
25.00	645.99
26.00	669.39
27.00	751.31
28.00	713.86
29.00	695.14
30.00	772.38
31.00	660.03
32.00	674.07
33.00	737.27
34.00	683.44
35.00	732.59
36.00	734.93
37.00	657.69
38.00	713.86
39.00	732.59
40.00	713.86
41.00	755.99
42.00	709.18
43.00	821.53
44.00	737.27
45.00	784.08
46.00	772.38
47.00	732.59
48.00	695.14
49.00	734.93
50.00	737.27
51.00	739.61
52.00	699.82
53.00	755.99
54.00	746.63
55.00	697.48
56.00	725.57
57.00	807.48
58.00	770.04
59.00	727.91
60.00	802.80
61.00	784.08
62.00	669.39
63.00	734.93
64.00	781.74
65.00	746.63
66.00	786.42
67.00	704.50
68.00	725.57
69.00	784.08
70.00	599.18
71.00	741.95
72.00	739.61
73.00	720.88
74.00	795.78
75.00	697.48
76.00	720.88
77.00	718.54
78.00	718.54
79.00	765.36
80.00	725.57
81.00	753.65
82.00	718.54
83.00	664.71
84.00	737.27
85.00	706.84
86.00	746.63
87.00	732.59
88.00	709.18
89.00	833.23
90.00	753.65
91.00	716.20
92.00	765.36
93.00	748.97
94.00	678.76
95.00	697.48
96.00	620.24
97.00	777.06
98.00	706.84
99.00	702.16
100.00	683.44
101.00	671.73
102.00	741.95
103.00	732.59
104.00	660.03
105.00	777.06
106.00	664.71
107.00	669.39
108.00	683.44
109.00	706.84
110.00	723.23
111.00	821.53
112.00	702.16
113.00	741.95
114.00	683.44
115.00	720.88
116.00	685.78
117.00	683.44
118.00	751.31
119.00	767.70
120.00	718.54
121.00	732.59
122.00	692.80
123.00	704.50
124.00	718.54
125.00	702.16
126.00	699.82
127.00	727.91
128.00	730.25
129.00	716.20
130.00	760.67
131.00	779.40
132.00	699.82
133.00	711.52
134.00	683.44
135.00	739.61
136.00	741.95
137.00	681.10
138.00	741.95
139.00	774.72
140.00	676.41
141.00	676.41
142.00	648.33
143.00	751.31
144.00	765.36
145.00	709.18
146.00	765.36
147.00	692.80
148.00	779.40
149.00	774.72
150.00	720.88
151.00	730.25
152.00	744.29
153.00	753.65
154.00	777.06
155.00	739.61
156.00	716.20
157.00	692.80
158.00	767.70
159.00	781.74
160.00	730.25
161.00	692.80
162.00	671.73
163.00	725.57
164.00	828.55
165.00	788.76
166.00	730.25
167.00	655.35
168.00	753.65
169.00	723.23
170.00	725.57
171.00	699.82
172.00	760.67
173.00	739.61
174.00	674.07
175.00	758.33
176.00	727.91
177.00	734.93
178.00	732.59
179.00	734.93
180.00	730.25
181.00	763.01
182.00	758.33
183.00	760.67
184.00	692.80
185.00	695.14
186.00	711.52
187.00	758.33
188.00	774.72
189.00	683.44
190.00	706.84
191.00	711.52
192.00	653.01
193.00	716.20
194.00	711.52
195.00	758.33
196.00	777.06
197.00	805.14
198.00	765.36
199.00	746.63
200.00	788.76
201.00	725.57
202.00	725.57
203.00	702.16
204.00	732.59
205.00	772.38
206.00	746.63
207.00	723.23
208.00	706.84
209.00	760.67
210.00	781.74
211.00	753.65
212.00	781.74
213.00	671.73
214.00	732.59
215.00	690.46
216.00	741.95
217.00	786.42
218.00	716.20
219.00	695.14
220.00	662.37
221.00	690.46
222.00	753.65
223.00	718.54
224.00	718.54
225.00	732.59
226.00	774.72
227.00	669.39
228.00	711.52
229.00	732.59
230.00	704.50
231.00	601.52
232.00	713.86
233.00	617.90
234.00	720.88
235.00	781.74
236.00	744.29
237.00	765.36
238.00	751.31
239.00	730.25
240.00	692.80
241.00	671.73
242.00	765.36
243.00	819.19
244.00	718.54
245.00	709.18
246.00	650.67
247.00	781.74
248.00	739.61
249.00	709.18
250.00	718.54
251.00	765.36
252.00	748.97
253.00	753.65
254.00	751.31
255.00	770.04
256.00	809.83
257.00	830.89
258.00	753.65
259.00	777.06
260.00	786.42
261.00	777.06
262.00	732.59
263.00	720.88
264.00	760.67
265.00	779.40
266.00	774.72
267.00	748.97
268.00	786.42
269.00	770.04
270.00	807.48
271.00	753.65
272.00	793.44
273.00	851.96
274.00	847.27
275.00	765.36
276.00	779.40
277.00	816.85
278.00	772.38
279.00	741.95
280.00	823.87
281.00	767.70
282.00	821.53
283.00	758.33
284.00	711.52
285.00	692.80
286.00	765.36
287.00	760.67
288.00	805.14
289.00	737.27
290.00	725.57
291.00	739.61
292.00	678.76
293.00	732.59
294.00	655.35
295.00	697.48
296.00	695.14
297.00	669.39
298.00	763.01
299.00	730.25
300.00	667.05
301.00	716.20
302.00	718.54
303.00	688.12
304.00	711.52
305.00	784.08
306.00	720.88
307.00	758.33
308.00	816.85
309.00	765.36
310.00	842.59
311.00	784.08
312.00	851.96
313.00	786.42
314.00	791.10
315.00	779.40
316.00	692.80
317.00	732.59
318.00	748.97
319.00	798.12
320.00	690.46
321.00	716.20
322.00	751.31
323.00	702.16
324.00	727.91
325.00	767.70
326.00	760.67
327.00	720.88
328.00	690.46
329.00	723.23
330.00	765.36
331.00	753.65
332.00	697.48
333.00	739.61
334.00	770.04
335.00	695.14
336.00	699.82
337.00	777.06
338.00	758.33
339.00	793.44
340.00	840.25
341.00	751.31
342.00	753.65
343.00	744.29
344.00	725.57
345.00	786.42
346.00	709.18
347.00	798.12
348.00	765.36
349.00	889.40
350.00	915.15
351.00	842.59
352.00	809.83
353.00	781.74
354.00	849.61
355.00	779.40
356.00	758.33
357.00	781.74
358.00	697.48
359.00	758.33
360.00	739.61
361.00	786.42
362.00	723.23
363.00	713.86
364.00	716.20
365.00	760.67
366.00	727.91
367.00	734.93
368.00	713.86
369.00	802.80
370.00	702.16
371.00	690.46
372.00	711.52
373.00	683.44
374.00	685.78
375.00	779.40
376.00	725.57
377.00	716.20
378.00	734.93
379.00	788.76
380.00	732.59
381.00	732.59
382.00	777.06
383.00	748.97
384.00	678.76
385.00	727.91
386.00	741.95
387.00	800.46
388.00	781.74
389.00	695.14
390.00	753.65
391.00	784.08
392.00	772.38
393.00	692.80
394.00	748.97
395.00	671.73
396.00	788.76
397.00	760.67
398.00	720.88
399.00	720.88
400.00	695.14
401.00	725.57
402.00	798.12
403.00	741.95
404.00	760.67
405.00	753.65
406.00	767.70
407.00	706.84
408.00	765.36
409.00	685.78
410.00	674.07
411.00	697.48
412.00	727.91
413.00	723.23
414.00	840.25
415.00	744.29
416.00	739.61
417.00	725.57
418.00	725.57
419.00	737.27
420.00	753.65
421.00	720.88
422.00	746.63
423.00	669.39
424.00	748.97
425.00	704.50
426.00	753.65
427.00	737.27
428.00	770.04
429.00	732.59
430.00	751.31
431.00	770.04
432.00	648.33
433.00	713.86
434.00	781.74
435.00	819.19
436.00	695.14
437.00	688.12
438.00	751.31
439.00	767.70
440.00	725.57
441.00	763.01
442.00	676.41
443.00	725.57
444.00	763.01
445.00	746.63
446.00	688.12
447.00	723.23
448.00	777.06
449.00	842.59
450.00	755.99
451.00	812.17
452.00	763.01
453.00	770.04
454.00	753.65
455.00	678.76
456.00	744.29
457.00	737.27
458.00	655.35
459.00	648.33
460.00	739.61
461.00	760.67
462.00	760.67
463.00	748.97
464.00	704.50
465.00	704.50
466.00	837.91
467.00	741.95
468.00	697.48
469.00	727.91
470.00	720.88
471.00	739.61
472.00	786.42
473.00	765.36
474.00	725.57
475.00	683.44
476.00	716.20
477.00	737.27
478.00	786.42
479.00	702.16
480.00	720.88
481.00	704.50
482.00	786.42
483.00	683.44
484.00	730.25
485.00	720.88
486.00	737.27
487.00	716.20
488.00	732.59
489.00	739.61
490.00	760.67
491.00	725.57
492.00	741.95
493.00	751.31
494.00	716.20
495.00	795.78
496.00	730.25
497.00	807.48
498.00	763.01
499.00	772.38
500.00	706.84
501.00	821.53
502.00	786.42
503.00	711.52
504.00	660.03
505.00	718.54
506.00	716.20
507.00	856.64
508.00	748.97
509.00	737.27
510.00	702.16
511.00	744.29
512.00	725.57
513.00	821.53
514.00	723.23
515.00	763.01
516.00	805.14
517.00	671.73
518.00	830.89
519.00	784.08
520.00	744.29
521.00	755.99
522.00	725.57
523.00	730.25
524.00	671.73
525.00	727.91
526.00	814.51
527.00	704.50
528.00	711.52
529.00	774.72
530.00	744.29
531.00	788.76
532.00	690.46
533.00	781.74
534.00	713.86
535.00	777.06
536.00	737.27
537.00	774.72
538.00	802.80
539.00	692.80
540.00	765.36
541.00	713.86
542.00	767.70
543.00	711.52
544.00	718.54
545.00	770.04
546.00	699.82
547.00	730.25
548.00	697.48
549.00	706.84
550.00	744.29
551.00	788.76
552.00	716.20
553.00	739.61
554.00	751.31
555.00	718.54
556.00	744.29
557.00	697.48
558.00	779.40
559.00	755.99
560.00	697.48
561.00	734.93
562.00	711.52
563.00	706.84
564.00	755.99
565.00	727.91
566.00	718.54
567.00	798.12
568.00	688.12
569.00	755.99
570.00	779.40
571.00	821.53
572.00	718.54
573.00	767.70
574.00	781.74
575.00	772.38
576.00	807.48
577.00	763.01
578.00	746.63
579.00	695.14
580.00	674.07
581.00	720.88
582.00	763.01
583.00	795.78
584.00	809.83
585.00	777.06
586.00	711.52
587.00	767.70
588.00	690.46
589.00	809.83
590.00	741.95
591.00	779.40
592.00	751.31
593.00	760.67
594.00	688.12
595.00	763.01
596.00	688.12
597.00	732.59
598.00	772.38
599.00	763.01
600.00	657.69
601.00	760.67
602.00	711.52
603.00	739.61
604.00	732.59
605.00	732.59
606.00	713.86
607.00	788.76
608.00	713.86
609.00	816.85
610.00	716.20
611.00	727.91
612.00	725.57
613.00	798.12
614.00	732.59
615.00	847.27
616.00	774.72
617.00	758.33
618.00	793.44
619.00	748.97
620.00	711.52
621.00	779.40
622.00	788.76
623.00	770.04
624.00	723.23
625.00	772.38
626.00	725.57
627.00	753.65
628.00	734.93
629.00	690.46
630.00	812.17
631.00	765.36
632.00	718.54
633.00	739.61
634.00	718.54
635.00	716.20
636.00	723.23
637.00	732.59
638.00	753.65
639.00	711.52
640.00	746.63
641.00	713.86
642.00	713.86
643.00	718.54
644.00	772.38
645.00	727.91
646.00	678.76
647.00	699.82
648.00	716.20
649.00	748.97
650.00	725.57
651.00	716.20
652.00	699.82
653.00	739.61
654.00	699.82
655.00	786.42
656.00	718.54
657.00	774.72
658.00	711.52
659.00	732.59
660.00	732.59
661.00	748.97
662.00	674.07
663.00	664.71
664.00	755.99
665.00	758.33
666.00	770.04
667.00	711.52
668.00	753.65
669.00	767.70
670.00	727.91
671.00	695.14
672.00	770.04
673.00	732.59
674.00	753.65
675.00	786.42
676.00	725.57
677.00	674.07
678.00	741.95
679.00	702.16
680.00	692.80
681.00	753.65
682.00	716.20
683.00	709.18
684.00	744.29
685.00	760.67
686.00	732.59
687.00	739.61
688.00	805.14
689.00	758.33
690.00	725.57
691.00	723.23
692.00	741.95
693.00	770.04
694.00	755.99
695.00	720.88
696.00	767.70
697.00	699.82
698.00	777.06
699.00	774.72
700.00	744.29
701.00	727.91
702.00	723.23
703.00	788.76
704.00	683.44
705.00	781.74
706.00	765.36
707.00	823.87
708.00	723.23
709.00	788.76
710.00	814.51
711.00	718.54
712.00	765.36
713.00	746.63
714.00	744.29
715.00	718.54
716.00	851.96
717.00	716.20
718.00	795.78
719.00	716.20
720.00	779.40
721.00	819.19
722.00	786.42
723.00	755.99
724.00	777.06
725.00	692.80
726.00	765.36
727.00	713.86
728.00	709.18
729.00	744.29
730.00	765.36
731.00	765.36
732.00	793.44
733.00	732.59
734.00	805.14
735.00	739.61
736.00	779.40
737.00	744.29
738.00	781.74
739.00	793.44
740.00	786.42
741.00	763.01
742.00	720.88
743.00	744.29
744.00	748.97
745.00	725.57
746.00	746.63
747.00	727.91
748.00	744.29
749.00	751.31
750.00	760.67
751.00	709.18
752.00	763.01
753.00	718.54
754.00	739.61
755.00	664.71
756.00	737.27
757.00	741.95
758.00	692.80
759.00	760.67
760.00	767.70
761.00	795.78
762.00	741.95
763.00	858.98
764.00	765.36
765.00	772.38
766.00	793.44
767.00	730.25
768.00	784.08
769.00	755.99
770.00	704.50
771.00	720.88
772.00	706.84
773.00	772.38
774.00	751.31
775.00	777.06
776.00	781.74
777.00	720.88
778.00	709.18
779.00	770.04
780.00	713.86
781.00	753.65
782.00	877.70
783.00	800.46
784.00	767.70
785.00	800.46
786.00	748.97
787.00	725.57
788.00	706.84
789.00	699.82
790.00	702.16
791.00	723.23
792.00	781.74
793.00	774.72
794.00	697.48
795.00	674.07
796.00	777.06
797.00	730.25
798.00	688.12
799.00	727.91
800.00	758.33
801.00	821.53
802.00	753.65
803.00	784.08
804.00	723.23
805.00	823.87
806.00	739.61
807.00	840.25
808.00	767.70
809.00	777.06
810.00	734.93
811.00	795.78
812.00	706.84
813.00	753.65
814.00	713.86
815.00	805.14
816.00	779.40
817.00	727.91
818.00	734.93
819.00	739.61
820.00	748.97
821.00	657.69
822.00	873.02
823.00	711.52
824.00	798.12
825.00	765.36
826.00	788.76
827.00	702.16
828.00	730.25
829.00	833.23
830.00	674.07
831.00	702.16
832.00	763.01
833.00	748.97
834.00	795.78
835.00	737.27
836.00	760.67
837.00	770.04
838.00	784.08
839.00	709.18
840.00	730.25
841.00	734.93
842.00	725.57
843.00	814.51
844.00	777.06
845.00	812.17
846.00	690.46
847.00	786.42
848.00	704.50
849.00	767.70
850.00	814.51
851.00	704.50
852.00	748.97
853.00	718.54
854.00	765.36
855.00	695.14
856.00	697.48
857.00	760.67
858.00	734.93
859.00	737.27
860.00	784.08
861.00	819.19
862.00	746.63
863.00	755.99
864.00	805.14
865.00	723.23
866.00	739.61
867.00	777.06
868.00	716.20
869.00	741.95
870.00	739.61
871.00	765.36
872.00	772.38
873.00	758.33
874.00	833.23
875.00	763.01
876.00	716.20
877.00	781.74
878.00	718.54
879.00	746.63
880.00	753.65
881.00	805.14
882.00	786.42
883.00	819.19
884.00	770.04
885.00	711.52
886.00	781.74
887.00	755.99
888.00	711.52
889.00	802.80
890.00	699.82
891.00	737.27
892.00	802.80
893.00	763.01
894.00	765.36
895.00	732.59
896.00	809.83
897.00	720.88
898.00	791.10
899.00	702.16
900.00	681.10
901.00	774.72
902.00	688.12
903.00	713.86
904.00	748.97
905.00	753.65
906.00	882.38
907.00	875.36
908.00	866.00
909.00	854.30
910.00	819.19
911.00	861.32
912.00	915.15
913.00	957.28
914.00	887.06
915.00	863.66
916.00	786.42
917.00	819.19
918.00	784.08
919.00	723.23
920.00	732.59
921.00	755.99
922.00	753.65
923.00	753.65
924.00	821.53
925.00	812.17
926.00	758.33
927.00	828.55
928.00	683.44
929.00	779.40
930.00	805.14
931.00	727.91
932.00	763.01
933.00	770.04
934.00	774.72
935.00	807.48
936.00	746.63
937.00	739.61
938.00	779.40
939.00	777.06
940.00	758.33
941.00	826.21
942.00	727.91
943.00	732.59
944.00	772.38
945.00	875.36
946.00	1139.84
947.00	1720.29
948.00	2174.36
949.00	1884.13
950.00	1685.19
951.00	1448.79
952.00	1238.14
953.00	1158.57
954.00	905.79
955.00	781.74
956.00	784.08
957.00	774.72
958.00	788.76
959.00	779.40
960.00	781.74
961.00	763.01
962.00	786.42
963.00	751.31
964.00	793.44
965.00	763.01
966.00	760.67
967.00	777.06
968.00	779.40
969.00	772.38
970.00	744.29
971.00	758.33
972.00	767.70
973.00	727.91
974.00	660.03
975.00	758.33
976.00	699.82
977.00	748.97
978.00	725.57
979.00	713.86
980.00	798.12
981.00	730.25
982.00	748.97
983.00	779.40
984.00	732.59
985.00	695.14
986.00	739.61
987.00	777.06
988.00	828.55
989.00	791.10
990.00	758.33
991.00	758.33
992.00	713.86
993.00	753.65
994.00	704.50
995.00	760.67
996.00	730.25
997.00	800.46
998.00	765.36
999.00	704.50
1000.00	741.95
1001.00	788.76
1002.00	772.38
1003.00	772.38
1004.00	772.38
1005.00	744.29
1006.00	772.38
1007.00	786.42
1008.00	805.14
1009.00	770.04
1010.00	763.01
1011.00	849.61
1012.00	767.70
1013.00	805.14
1014.00	746.63
1015.00	709.18
1016.00	709.18
1017.00	772.38
1018.00	770.04
1019.00	802.80
1020.00	777.06
1021.00	674.07
1022.00	730.25
1023.00	774.72
1024.00	795.78
1025.00	786.42
1026.00	770.04
1027.00	847.27
1028.00	777.06
1029.00	683.44
1030.00	793.44
1031.00	758.33
1032.00	809.83
1033.00	788.76
1034.00	770.04
1035.00	795.78
1036.00	734.93
1037.00	711.52
1038.00	786.42
1039.00	716.20
1040.00	734.93
1041.00	772.38
1042.00	732.59
1043.00	793.44
1044.00	779.40
1045.00	777.06
1046.00	793.44
1047.00	791.10
1048.00	758.33
1049.00	727.91
1050.00	767.70
1051.00	779.40
1052.00	690.46
1053.00	760.67
1054.00	770.04
1055.00	732.59
1056.00	767.70
1057.00	758.33
1058.00	791.10
1059.00	681.10
1060.00	711.52
1061.00	753.65
1062.00	741.95
1063.00	758.33
1064.00	730.25
1065.00	713.86
1066.00	751.31
1067.00	723.23
1068.00	765.36
1069.00	723.23
1070.00	767.70
1071.00	746.63
1072.00	725.57
1073.00	793.44
1074.00	805.14
1075.00	788.76
1076.00	800.46
1077.00	727.91
1078.00	795.78
1079.00	781.74
1080.00	737.27
1081.00	770.04
1082.00	664.71
1083.00	746.63
1084.00	709.18
1085.00	688.12
1086.00	788.76
1087.00	755.99
1088.00	697.48
1089.00	690.46
1090.00	786.42
1091.00	814.51
1092.00	720.88
1093.00	739.61
1094.00	713.86
1095.00	755.99
1096.00	856.64
1097.00	788.76
1098.00	767.70
1099.00	751.31
1100.00	704.50
1101.00	823.87
1102.00	781.74
1103.00	784.08
1104.00	784.08
1105.00	854.30
1106.00	807.48
1107.00	751.31
1108.00	688.12
1109.00	748.97
1110.00	791.10
1111.00	725.57
1112.00	732.59
1113.00	772.38
1114.00	753.65
1115.00	748.97
1116.00	770.04
1117.00	758.33
1118.00	800.46
1119.00	823.87
1120.00	746.63
1121.00	821.53
1122.00	767.70
1123.00	798.12
1124.00	758.33
1125.00	767.70
1126.00	805.14
1127.00	753.65
1128.00	772.38
1129.00	807.48
1130.00	793.44
1131.00	711.52
1132.00	772.38
1133.00	823.87
1134.00	690.46
1135.00	734.93
1136.00	713.86
1137.00	791.10
1138.00	798.12
1139.00	765.36
1140.00	725.57
1141.00	723.23
1142.00	779.40
1143.00	730.25
1144.00	786.42
1145.00	798.12
1146.00	791.10
1147.00	788.76
1148.00	828.55
1149.00	805.14
1150.00	732.59
1151.00	856.64
1152.00	812.17
1153.00	767.70
1154.00	793.44
1155.00	781.74
1156.00	767.70
1157.00	837.91
1158.00	877.70
1159.00	947.92
1160.00	884.72
1161.00	866.00
1162.00	835.57
1163.00	741.95
1164.00	926.85
1165.00	744.29
1166.00	940.90
1167.00	1050.90
1168.00	1289.64
1169.00	1254.53
1170.00	1149.20
1171.00	1064.94
1172.00	1053.24
1173.00	1001.75
1174.00	943.24
1175.00	919.83
1176.00	802.80
1177.00	760.67
1178.00	826.21
1179.00	842.59
1180.00	727.91
1181.00	837.91
1182.00	823.87
1183.00	894.08
1184.00	854.30
1185.00	856.64
1186.00	837.91
1187.00	809.83
1188.00	821.53
1189.00	910.47
1190.00	882.38
1191.00	856.64
1192.00	919.83
1193.00	919.83
1194.00	917.49
1195.00	903.45
1196.00	828.55
1197.00	910.47
1198.00	891.74
1199.00	924.51
1200.00	922.17
1201.00	1036.86
1202.00	1142.18
1203.00	1203.04
1204.00	1240.48
1205.00	1083.67
1206.00	1048.56
1207.00	1025.15
1208.00	1041.54
1209.00	1074.31
1210.00	1020.47
1211.00	973.66
1212.00	1050.90
1213.00	1104.73
1214.00	1107.07
1215.00	1210.06
1216.00	1308.36
1217.00	1441.77
1218.00	1572.84
1219.00	1874.77
1220.00	3634.85
1221.00	20545.22
1222.00	55540.91
1223.00	65535.00
1224.00	65535.00
1225.00	59962.18
1226.00	48238.44
1227.00	36282.98
1228.00	30148.44
1229.00	21572.72
1230.00	10235.16
1231.00	4121.68
1232.00	2244.57
1233.00	1647.74
1234.00	1453.47
1235.00	1348.15
1236.00	1313.04
1237.00	1275.59
1238.00	1228.78
1239.00	1593.90
1240.00	3508.46
1241.00	6403.71
1242.00	7721.43
1243.00	6469.24
1244.00	4835.55
1245.00	3679.32
1246.00	3213.56
1247.00	2726.72
1248.00	1872.43
1249.00	1289.64
1250.00	1011.11
1251.00	938.55
1252.00	889.40
1253.00	978.34
1254.00	1015.79
1255.00	1069.62
1256.00	1081.33
1257.00	1039.20
1258.00	940.90
1259.00	959.62
1260.00	973.66
1261.00	945.58
1262.00	898.77
1263.00	980.68
1264.00	858.98
1265.00	903.45
1266.00	875.36
1267.00	950.26
1268.00	868.34
1269.00	898.77
1270.00	805.14
1271.00	957.28
1272.00	870.68
1273.00	868.34
1274.00	849.61
1275.00	814.51
1276.00	931.53
1277.00	931.53
1278.00	997.07
1279.00	2495.01
1280.00	6878.83
1281.00	11985.88
1282.00	13458.08
1283.00	10228.14
1284.00	7482.69
1285.00	5659.42
1286.00	4594.47
1287.00	3796.35
1288.00	2394.37
1289.00	1331.76
1290.00	1004.09
1291.00	898.77
1292.00	844.93
1293.00	823.87
1294.00	922.17
1295.00	952.60
1296.00	844.93
1297.00	868.34
1298.00	957.28
1299.00	1554.12
1300.00	2745.45
1301.00	3592.72
1302.00	3339.94
1303.00	2619.06
1304.00	2169.68
1305.00	1732.00
1306.00	1624.33
1307.00	1362.19
1308.00	1015.79
1309.00	978.34
1310.00	877.70
1311.00	870.68
1312.00	889.40
1313.00	870.68
1314.00	884.72
1315.00	781.74
1316.00	770.04
1317.00	777.06
1318.00	744.29
1319.00	821.53
1320.00	793.44
1321.00	814.51
1322.00	758.33
1323.00	816.85
1324.00	751.31
1325.00	814.51
1326.00	767.70
1327.00	739.61
1328.00	718.54
1329.00	788.76
1330.00	812.17
1331.00	830.89
1332.00	903.45
1333.00	1050.90
1334.00	1809.23
1335.00	3023.97
1336.00	3990.61
1337.00	3372.71
1338.00	2696.30
1339.00	2172.02
1340.00	1837.32
1341.00	1629.01
1342.00	1294.32
1343.00	908.13
1344.00	905.79
1345.00	856.64
1346.00	830.89
1347.00	795.78
1348.00	798.12
1349.00	800.46
1350.00	786.42
1351.00	833.23
1352.00	788.76
1353.00	763.01
1354.00	889.40
1355.00	819.19
1356.00	858.98
1357.00	793.44
1358.00	875.36
1359.00	919.83
1360.00	940.90
1361.00	1071.97
1362.00	2420.11
1363.00	6164.97
1364.00	10480.92
1365.00	11164.36
1366.00	8585.08
1367.00	6270.30
1368.00	4842.57
1369.00	4011.68
1370.00	3178.45
1371.00	1923.92
1372.00	1313.04
1373.00	1149.20
1374.00	1149.20
1375.00	1231.12
1376.00	3150.36
1377.00	9678.12
1378.00	17783.39
1379.00	20065.41
1380.00	15267.31
1381.00	11075.42
1382.00	8035.06
1383.00	6656.48
1384.00	5111.73
1385.00	2995.89
1386.00	1715.61
1387.00	1174.95
1388.00	894.08
1389.00	1013.45
1390.00	961.96
1391.00	901.11
1392.00	905.79
1393.00	903.45
1394.00	849.61
1395.00	959.62
1396.00	807.48
1397.00	983.02
1398.00	1139.84
1399.00	1294.32
1400.00	1338.79
1401.00	1364.53
1402.00	1289.64
1403.00	1158.57
1404.00	1242.82
1405.00	1327.08
1406.00	2132.23
1407.00	9249.80
1408.00	22881.08
1409.00	33354.97
1410.00	29717.78
1411.00	21020.35
1412.00	14768.78
1413.00	10871.79
1414.00	9125.75
1415.00	5959.00
1416.00	3014.61
1417.00	1682.85
1418.00	1228.78
1419.00	1172.61
1420.00	2062.01
1421.00	4828.53
1422.00	7801.01
1423.00	8643.60
1424.00	6761.81
1425.00	4905.76
1426.00	3707.41
1427.00	3075.46
1428.00	2509.05
1429.00	1645.40
1430.00	1153.88
1431.00	926.85
1432.00	922.17
1433.00	910.47
1434.00	929.19
1435.00	957.28
1436.00	847.27
1437.00	912.81
1438.00	826.21
1439.00	819.19
1440.00	795.78
1441.00	861.32
1442.00	844.93
1443.00	898.77
1444.00	779.40
1445.00	755.99
1446.00	791.10
1447.00	889.40
1448.00	856.64
1449.00	861.32
1450.00	819.19
1451.00	875.36
1452.00	922.17
1453.00	877.70
1454.00	840.25
1455.00	1322.40
1456.00	2640.12
1457.00	4564.04
1458.00	5685.16
1459.00	4540.64
1460.00	3417.18
1461.00	2635.44
1462.00	2202.44
1463.00	1994.14
1464.00	1411.34
1465.00	1057.92
1466.00	896.43
1467.00	791.10
1468.00	889.40
1469.00	819.19
1470.00	858.98
1471.00	875.36
1472.00	910.47
1473.00	777.06
1474.00	793.44
1475.00	826.21
1476.00	765.36
1477.00	786.42
1478.00	861.32
1479.00	835.57
1480.00	875.36
1481.00	779.40
1482.00	823.87
1483.00	840.25
1484.00	858.98
1485.00	880.04
1486.00	905.79
1487.00	1238.14
1488.00	4009.34
1489.00	10429.43
1490.00	16608.44
1491.00	16664.61
1492.00	12355.69
1493.00	8842.54
1494.00	6616.69
1495.00	5376.21
1496.00	3801.03
1497.00	2272.66
1498.00	1296.66
1499.00	1025.15
1500.00	908.13
1501.00	929.19
1502.00	868.34
1503.00	847.27
1504.00	791.10
1505.00	856.64
1506.00	861.32
1507.00	833.23
1508.00	844.93
1509.00	802.80
1510.00	828.55
1511.00	830.89
1512.00	854.30
1513.00	1130.48
1514.00	2296.07
1515.00	3950.82
1516.00	4936.19
1517.00	4191.90
1518.00	3173.77
1519.00	2338.20
1520.00	2012.86
1521.00	1753.06
1522.00	1409.00
1523.00	1036.86
1524.00	950.26
1525.00	866.00
1526.00	814.51
1527.00	814.51
1528.00	896.43
1529.00	877.70
1530.00	999.41
1531.00	1001.75
1532.00	1015.79
1533.00	2237.55
1534.00	5863.04
1535.00	10410.70
1536.00	12439.95
1537.00	9865.36
1538.00	6935.01
1539.00	5013.43
1540.00	4074.87
1541.00	3234.62
1542.00	1940.30
1543.00	1294.32
1544.00	971.32
1545.00	896.43
1546.00	877.70
1547.00	933.87
1548.00	868.34
1549.00	863.66
1550.00	926.85
1551.00	868.34
1552.00	877.70
1553.00	837.91
1554.00	887.06
1555.00	889.40
1556.00	837.91
1557.00	889.40
1558.00	812.17
1559.00	912.81
1560.00	842.59
1561.00	901.11
1562.00	880.04
1563.00	968.98
1564.00	1022.81
1565.00	1378.58
1566.00	4692.77
1567.00	13280.20
1568.00	21774.00
1569.00	22057.21
1570.00	15538.82
1571.00	11325.85
1572.00	8245.71
1573.00	6850.75
1574.00	4629.58
1575.00	2712.68
1576.00	1617.31
1577.00	1345.81
1578.00	1888.81
1579.00	7293.11
1580.00	20496.07
1581.00	34150.76
1582.00	35580.82
1583.00	25261.40
1584.00	17701.47
1585.00	12706.77
1586.00	10099.41
1587.00	7073.10
1588.00	3709.75
1589.00	1947.33
1590.00	1296.66
1591.00	1160.91
1592.00	1034.52
1593.00	1001.75
1594.00	929.19
1595.00	987.71
1596.00	844.93
1597.00	840.25
1598.00	816.85
1599.00	807.48
1600.00	835.57
1601.00	854.30
1602.00	828.55
1603.00	784.08
1604.00	856.64
1605.00	798.12
1606.00	807.48
1607.00	844.93
1608.00	795.78
1609.00	772.38
1610.00	755.99
1611.00	821.53
1612.00	788.76
1613.00	823.87
1614.00	809.83
1615.00	709.18
1616.00	823.87
1617.00	837.91
1618.00	807.48
1619.00	798.12
1620.00	854.30
1621.00	784.08
1622.00	835.57
1623.00	849.61
1624.00	819.19
1625.00	791.10
1626.00	856.64
1627.00	784.08
1628.00	814.51
1629.00	802.80
1630.00	828.55
1631.00	798.12
1632.00	737.27
1633.00	802.80
1634.00	802.80
1635.00	814.51
1636.00	800.46
1637.00	765.36
1638.00	870.68
1639.00	793.44
1640.00	741.95
1641.00	809.83
1642.00	870.68
1643.00	812.17
1644.00	840.25
1645.00	837.91
1646.00	786.42
1647.00	947.92
1648.00	926.85
1649.00	1048.56
1650.00	2841.41
1651.00	8781.69
1652.00	15838.41
1653.00	18808.54
1654.00	14576.86
1655.00	10588.58
1656.00	7686.32
1657.00	5912.19
1658.00	4308.93
1659.00	2605.02
1660.00	1593.90
1661.00	1186.65
1662.00	945.58
1663.00	856.64
1664.00	891.74
1665.00	889.40
1666.00	894.08
1667.00	898.77
1668.00	1261.55
1669.00	2825.03
1670.00	5238.12
1671.00	6689.25
1672.00	5827.93
1673.00	4437.66
1674.00	3379.73
1675.00	2677.57
1676.00	2141.59
1677.00	1500.28
1678.00	1060.26
1679.00	940.90
1680.00	858.98
1681.00	849.61
1682.00	788.76
1683.00	723.23
1684.00	812.17
1685.00	751.31
1686.00	744.29
1687.00	777.06
1688.00	807.48
1689.00	706.84
1690.00	828.55
1691.00	765.36
1692.00	809.83
1693.00	704.50
1694.00	826.21
1695.00	805.14
1696.00	734.93
1697.00	744.29
1698.00	793.44
1699.00	821.53
1700.00	823.87
1701.00	795.78
1702.00	767.70
1703.00	772.38
1704.00	814.51
1705.00	807.48
1706.00	711.52
1707.00	812.17
1708.00	800.46
1709.00	851.96
1710.00	823.87
1711.00	830.89
1712.00	795.78
1713.00	837.91
1714.00	1486.24
1715.00	3857.20
1716.00	7040.33
1717.00	9425.34
1718.00	8037.40
1719.00	6141.57
1720.00	4505.53
1721.00	3513.14
1722.00	2532.46
1723.00	1785.83
1724.00	1198.35
1725.00	990.05
1726.00	807.48
1727.00	823.87
1728.00	882.38
1729.00	781.74
1730.00	828.55
1731.00	723.23
1732.00	847.27
1733.00	788.76
1734.00	802.80
1735.00	758.33
1736.00	770.04
1737.00	777.06
1738.00	704.50
1739.00	767.70
1740.00	812.17
1741.00	777.06
1742.00	835.57
1743.00	781.74
1744.00	844.93
1745.00	753.65
1746.00	746.63
1747.00	662.37
1748.00	744.29
1749.00	713.86
1750.00	788.76
1751.00	786.42
1752.00	730.25
1753.00	847.27
1754.00	816.85
1755.00	842.59
1756.00	894.08
1757.00	800.46
1758.00	828.55
1759.00	746.63
1760.00	809.83
1761.00	755.99
1762.00	823.87
1763.00	777.06
1764.00	851.96
1765.00	760.67
1766.00	840.25
1767.00	837.91
1768.00	889.40
1769.00	1074.31
1770.00	2214.15
1771.00	6492.65
1772.00	12823.80
1773.00	16128.63
1774.00	14085.34
1775.00	10354.53
1776.00	7637.17
1777.00	5359.83
1778.00	3445.27
1779.00	2129.89
1780.00	1502.62
1781.00	1177.29
1782.00	966.64
1783.00	961.96
1784.00	898.77
1785.00	812.17
1786.00	854.30
1787.00	866.00
1788.00	793.44
1789.00	837.91
1790.00	758.33
1791.00	875.36
1792.00	793.44
1793.00	863.66
1794.00	816.85
1795.00	875.36
1796.00	896.43
1797.00	1069.62
1798.00	2487.99
1799.00	5879.43
1800.00	9425.34
1801.00	10354.53
1802.00	8189.53
1803.00	6160.29
1804.00	4440.00
1805.00	2991.20
1806.00	1893.49
1807.00	1336.45
1808.00	1041.54
1809.00	990.05
1810.00	854.30
1811.00	793.44
1812.00	800.46
1813.00	739.61
1814.00	746.63
1815.00	793.44
1816.00	788.76
1817.00	805.14
1818.00	793.44
1819.00	758.33
1820.00	767.70
1821.00	805.14
1822.00	788.76
1823.00	774.72
1824.00	812.17
1825.00	821.53
1826.00	887.06
1827.00	945.58
1828.00	830.89
1829.00	779.40
1830.00	777.06
1831.00	748.97
1832.00	763.01
1833.00	718.54
1834.00	837.91
1835.00	725.57
1836.00	711.52
1837.00	779.40
1838.00	788.76
1839.00	758.33
1840.00	791.10
1841.00	788.76
1842.00	681.10
1843.00	755.99
1844.00	765.36
1845.00	699.82
1846.00	765.36
1847.00	741.95
1848.00	732.59
1849.00	791.10
1850.00	795.78
1851.00	779.40
1852.00	720.88
1853.00	678.76
1854.00	741.95
1855.00	760.67
1856.00	751.31
1857.00	767.70
1858.00	779.40
1859.00	709.18
1860.00	767.70
1861.00	741.95
1862.00	716.20
1863.00	713.86
1864.00	718.54
1865.00	734.93
1866.00	741.95
1867.00	720.88
1868.00	727.91
1869.00	800.46
1870.00	784.08
1871.00	730.25
1872.00	795.78
1873.00	758.33
1874.00	730.25
1875.00	674.07
1876.00	795.78
1877.00	751.31
1878.00	741.95
1879.00	779.40
1880.00	812.17
1881.00	720.88
1882.00	737.27
1883.00	781.74
1884.00	697.48
1885.00	744.29
1886.00	746.63
1887.00	746.63
1888.00	807.48
1889.00	779.40
1890.00	755.99
1891.00	741.95
1892.00	727.91
1893.00	800.46
1894.00	716.20
1895.00	732.59
1896.00	760.67
1897.00	727.91
1898.00	709.18
1899.00	734.93
1900.00	734.93
1901.00	713.86
1902.00	781.74
1903.00	709.18
1904.00	758.33
1905.00	770.04
1906.00	821.53
1907.00	739.61
1908.00	702.16
1909.00	791.10
1910.00	718.54
1911.00	835.57
1912.00	875.36
1913.00	840.25
1914.00	849.61
1915.00	781.74
1916.00	795.78
1917.00	795.78
1918.00	737.27
1919.00	856.64
1920.00	765.36
1921.00	739.61
1922.00	774.72
1923.00	758.33
1924.00	751.31
1925.00	798.12
1926.00	755.99
1927.00	709.18
1928.00	713.86
1929.00	723.23
1930.00	781.74
1931.00	718.54
1932.00	753.65
1933.00	704.50
1934.00	725.57
1935.00	739.61
1936.00	741.95
1937.00	781.74
1938.00	727.91
1939.00	748.97
1940.00	727.91
1941.00	786.42
1942.00	816.85
1943.00	765.36
1944.00	765.36
1945.00	774.72
1946.00	758.33
1947.00	732.59
1948.00	842.59
1949.00	746.63
1950.00	795.78
1951.00	856.64
1952.00	1039.20
1953.00	2373.30
1954.00	5027.47
1955.00	8224.64
1956.00	8982.98
1957.00	6586.27
1958.00	4091.26
1959.00	2656.51
1960.00	1839.66
1961.00	1366.87
1962.00	1074.31
1963.00	966.64
1964.00	802.80
1965.00	812.17
1966.00	709.18
1967.00	739.61
1968.00	695.14
1969.00	851.96
1970.00	767.70
1971.00	753.65
1972.00	784.08
1973.00	753.65
1974.00	777.06
1975.00	809.83
1976.00	711.52
1977.00	800.46
1978.00	713.86
1979.00	805.14
1980.00	849.61
1981.00	1116.44
1982.00	1226.44
1983.00	1313.04
1984.00	1160.91
1985.00	1060.26
1986.00	917.49
1987.00	847.27
1988.00	861.32
1989.00	748.97
1990.00	784.08
1991.00	793.44
1992.00	781.74
1993.00	734.93
1994.00	779.40
1995.00	753.65
1996.00	755.99
1997.00	702.16
1998.00	681.10
1999.00	767.70
2000.00	751.31
2001.00	816.85
2002.00	767.70
2003.00	777.06
2004.00	709.18
2005.00	683.44
2006.00	748.97
2007.00	814.51
2008.00	812.17
2009.00	788.76
2010.00	688.12
2011.00	767.70
2012.00	835.57
2013.00	657.69
2014.00	770.04
2015.00	767.70
2016.00	826.21
2017.00	730.25
2018.00	800.46
2019.00	802.80
2020.00	805.14
2021.00	786.42
2022.00	709.18
2023.00	781.74
2024.00	847.27
2025.00	1043.88
2026.00	1219.42
2027.00	1287.29
2028.00	1196.01
2029.00	1294.32
2030.00	2492.67
2031.00	7185.44
2032.00	13685.11
2033.00	18059.57
2034.00	15896.92
2035.00	10792.21
2036.00	7155.02
2037.00	4564.04
2038.00	2850.77
2039.00	1937.96
2040.00	1369.21
2041.00	1160.91
2042.00	936.21
2043.00	833.23
2044.00	877.70
2045.00	875.36
2046.00	854.30
2047.00	842.59
