4734.90 17249.75 24100.50 27311.71 29406.49 30515.90 30600.16 28842.42 26897.44 24346.25 22499.57
4634.26 17092.93 24020.92 27400.65 29230.95 30286.53 30501.86 28886.89 27402.99 24170.71 22520.63
4798.10 17078.89 24374.34 27480.23 28985.19 30471.43 30452.71 28449.21 26974.67 24072.41 22394.25
4748.95 17352.73 24156.67 27459.16 29570.33 30487.82 30522.93 28872.85 26703.17 24170.71 22417.65
4550.00 17216.98 23906.23 27117.45 29373.72 29996.31 30307.60 28477.30 27126.81 23723.67 22178.92
4587.45 17149.11 24458.60 27480.23 29139.67 30700.81 30471.43 28891.57 26916.16 24025.60 22539.36
4638.94 17235.70 24077.09 27648.75 29523.52 30230.36 30583.78 28709.01 26972.33 24046.66 22438.72
4606.17 17188.89 24056.03 27835.99 29266.06 30401.22 30202.27 28723.05 26689.13 23974.11 22588.51
4706.82 17193.58 24126.24 27552.79 29703.74 30464.41 30410.58 28877.53 27304.69 24374.34 22803.84
4704.48 17249.75 24081.77 27871.10 29495.43 30932.52 30501.86 29046.05 27182.98 24233.91 22710.22
4568.73 17413.59 24315.83 27749.39 29883.96 30785.07 30932.52 29158.39 26923.18 24418.81 22792.14
4777.03 17287.20 24477.32 27723.65 30047.80 30485.48 30815.49 29057.75 27353.84 24549.88 22981.72
4627.24 17460.40 24414.13 27740.03 29984.60 31042.53 30855.28 28776.89 26939.57 24556.90 22852.99
4802.78 17216.98 24362.64 27910.89 29542.24 31089.34 30864.64 28933.70 27115.11 24336.89 22970.02
4770.01 17774.03 24711.38 28002.17 30118.01 30815.49 31236.79 29010.94 27737.69 24678.61 23124.49
4753.63 17413.59 24542.86 27913.23 30026.73 30775.70 31063.59 29263.72 27566.83 24629.46 23274.29
4896.40 17268.47 24341.57 28048.98 29975.24 30707.83 30981.67 29149.03 27463.85 24524.13 23049.60
4709.16 17638.28 24404.77 27894.50 29806.72 30611.87 31173.60 29312.87 27412.35 24652.86 22874.06
4596.81 17406.56 24425.83 28212.82 29970.56 31075.29 30738.26 29336.27 27463.85 24589.67 22871.72
4910.44 17444.01 24526.47 28065.36 29851.19 30679.74 30979.33 29237.97 27606.62 24599.03 22834.27
4889.38 17338.69 24690.31 28060.68 30129.72 31154.87 31068.27 29502.45 27297.67 24828.40 23335.14
4645.96 17315.28 24641.16 28044.30 30272.49 30672.72 31409.99 29202.86 27527.04 24725.42 23054.28
4667.03 17429.97 24601.37 27936.63 30164.82 30745.28 31110.40 29495.43 27491.93 24734.78 22918.53
4704.48 17413.59 24648.18 27995.15 29809.06 31077.63 31250.83 29205.20 27349.16 24341.57 23180.67
4777.03 17685.09 24353.27 27955.36 29741.19 30911.46 30923.16 29298.83 27417.04 24584.99 22911.50
4856.61 17685.09 24603.71 28266.65 30103.97 30946.56 30885.71 29806.72 27737.69 24936.07 23187.69
4695.11 17528.27 24610.73 28011.53 29912.05 31084.65 31166.57 29347.98 27496.61 24622.44 23229.82
4720.86 17694.45 24678.61 28173.03 30391.86 31309.35 31646.38 29331.59 27608.96 24793.29 23459.19
4830.87 17411.25 24411.79 28149.62 30321.64 30958.27 31360.84 29422.87 27669.81 24524.13 23241.52
4620.22 17666.36 24664.57 28318.14 30384.83 31051.89 31239.13 29766.93 27913.23 24884.58 23269.61
4865.97 17638.28 24648.18 28053.66 30366.11 31374.88 31573.83 29790.34 27934.29 25090.54 23105.77
4667.03 17535.29 24959.47 28664.54 30412.92 31393.61 31318.71 29673.31 28086.43 24884.58 23243.86
4788.74 17888.71 24797.98 28446.87 30473.78 31264.88 31543.40 30106.31 27704.92 25118.63 23463.87
4835.55 17474.44 24931.39 28041.96 30277.17 31077.63 31655.75 29677.99 27742.37 24699.67 23304.71
4650.64 17596.15 25057.78 28240.90 30321.64 31215.72 31648.72 29563.31 27662.79 24931.39 23180.67
4751.29 17619.55 25099.90 28360.27 30401.22 31299.98 31281.26 29722.46 28219.84 24772.23 23545.79
4891.72 17631.26 24863.51 28261.97 30731.23 31051.89 31604.25 29898.00 28416.44 25074.16 23410.04
4816.82 17647.64 24594.35 28273.67 30274.83 31173.60 31278.92 30143.76 28063.02 24882.24 23262.58
4725.54 17497.84 24889.26 28177.71 30480.80 31274.24 31491.91 29603.10 27786.84 24994.58 23318.76
4842.57 17680.41 24802.66 28278.35 30373.13 31178.28 31716.60 29666.29 28060.68 24840.11 23309.40
4706.82 17432.31 24868.19 28332.18 30529.95 31386.58 31395.95 29773.95 27868.76 25149.06 23723.67
4812.14 17685.09 24676.27 28149.62 30448.03 31295.30 31674.47 29614.80 28013.87 25191.19 23363.23
4718.52 17872.33 24725.42 28266.65 30293.55 30976.99 31178.28 29612.46 27906.21 24950.11 23073.00
4727.88 17516.57 24620.10 28367.29 30108.65 30850.60 31601.91 29563.31 27674.49 24769.89 23393.65
4636.60 17605.51 24847.13 27992.81 30146.10 30749.96 31323.39 29493.09 27908.55 24737.12 23187.69
4702.14 17626.57 24465.62 28091.11 30319.30 30930.18 31283.60 29809.06 27948.34 24940.75 23281.31
4716.18 17582.10 24851.81 28210.48 30347.39 31208.70 31637.02 29479.05 27789.18 24769.89 23283.65
4861.29 17647.64 24716.06 28229.20 30569.74 31204.02 31494.25 29656.93 28187.07 24957.13 23405.36
4786.40 17790.41 24449.24 28411.76 30242.06 31489.57 31531.70 29738.85 28123.88 25064.80 23309.40
4692.77 17720.20 24889.26 28577.94 30302.92 31438.08 31442.76 29624.16 27569.17 25177.14 23538.77
4891.72 17748.28 24797.98 28493.68 30604.84 31470.84 31489.57 30101.63 28098.13 25289.49 23435.78
4762.99 17671.04 24360.30 28554.54 30143.76 31447.44 31637.02 29898.00 28116.86 24936.07 23559.83
4676.39 18029.15 24938.41 28130.90 30038.44 31145.51 31681.49 29572.67 27683.86 25142.03 23442.81
4683.41 17357.41 24641.16 28437.51 30115.67 30932.52 31477.86 29771.61 28013.87 25008.62 23175.98
4704.48 17687.43 24907.98 28306.44 30735.92 31372.54 31765.75 29858.21 27861.74 24924.36 23267.27
4833.21 17647.64 24797.98 28325.16 30272.49 30888.05 31061.25 29729.48 28004.51 24809.68 23323.44
4926.83 17776.37 24936.07 28276.01 30352.07 31707.24 31592.55 30054.82 28088.77 25207.57 23487.28
4746.61 17778.71 24840.11 28273.67 30150.78 31601.91 31091.68 29825.45 27938.97 25057.78 23557.49
4873.00 17607.85 24879.89 28231.54 30022.05 31538.72 31826.60 29921.41 28252.61 24790.95 23178.33
4826.18 17713.17 24683.29 28273.67 30707.83 31346.79 31711.92 29951.84 28123.88 25261.40 23435.78
4751.29 17605.51 24870.53 28287.71 30340.36 31358.50 31391.26 29415.85 27887.48 25029.69 23431.10
4725.54 17727.22 24673.93 28737.10 30672.72 31332.75 31559.78 29759.91 27938.97 24821.38 23548.13
4627.24 17703.81 24896.28 28060.68 30588.46 31639.36 31461.48 29813.74 28343.89 25188.85 23171.30
4884.70 17551.68 24706.70 28821.36 30396.54 31604.25 31527.02 29560.97 27620.66 24954.79 23171.30
4678.73 17720.20 24793.29 28238.56 30731.23 31498.93 31552.76 30052.48 27871.10 25228.63 23150.24
4732.56 17509.55 25032.03 28599.01 30118.01 31049.55 31417.01 29582.03 27695.56 24938.41 23655.79
4816.82 17734.24 24959.47 28299.42 30340.36 31524.68 31276.58 29677.99 28063.02 24837.76 23442.81
4837.89 17589.13 24608.39 28166.01 30536.97 31250.83 31440.42 29900.34 27894.50 25008.62 23513.02
4819.16 17577.42 24755.85 28793.27 30064.18 30974.65 31777.45 29888.64 27601.94 25270.76 23325.78
4758.31 17490.82 24896.28 28491.34 30213.98 31534.04 31517.65 29720.12 27707.26 24889.26 23550.47
4765.33 17757.64 24819.04 28414.10 30256.11 31182.96 31569.15 30015.03 28020.89 25090.54 23042.57
4901.08 17727.22 24903.30 28407.08 30307.60 31225.09 31215.72 30008.01 27716.62 24886.92 23403.02
4744.27 17664.02 24484.34 28357.93 30792.09 31419.35 31161.89 29673.31 28004.51 24994.58 23124.49
4709.16 17378.48 24613.07 28037.28 29710.76 31028.48 31119.76 29532.88 27482.57 24732.44 22981.72
4772.35 17748.28 24603.71 28353.25 29603.10 31030.82 30796.77 29455.64 27468.53 24704.35 23080.02
4732.56 17460.40 24341.57 27915.57 29839.49 30953.58 31180.62 29429.90 27346.82 24596.69 22735.96
4652.98 17532.95 24538.18 28264.31 30040.78 30625.91 31192.32 29273.08 27503.64 24233.91 23405.36
4739.58 17706.15 24474.98 27821.95 30043.12 30934.86 31192.32 29223.93 27489.59 24442.21 22951.29
4765.33 17289.54 24315.83 28273.67 29757.57 30726.55 31089.34 29390.11 27033.19 24219.86 23044.91
4648.30 17301.24 24606.05 28177.71 29745.87 30803.79 30920.82 28814.34 27377.25 24704.35 22766.39
4650.64 17128.04 24467.96 28243.24 30164.82 30869.33 30820.17 29113.92 27384.27 24568.60 22909.16
4676.39 17364.43 24489.03 27791.52 30061.84 30859.96 31290.62 29268.40 27351.50 24566.26 22937.25
4777.03 17516.57 24451.58 28046.64 29717.78 30918.48 30862.30 28985.19 27531.72 24577.97 22691.49
4711.50 17315.28 24407.11 28135.58 29802.04 30801.45 30932.52 29216.91 27349.16 24692.65 22808.52
4826.18 17378.48 24580.31 28009.19 29832.47 30504.20 30967.63 29233.29 27468.53 24758.19 22986.40
4751.29 17413.59 24177.73 27924.93 30209.29 30862.30 31063.59 29422.87 27363.20 24577.97 22979.38
4674.05 17645.30 24187.10 28332.18 29982.26 31082.31 30902.09 29324.57 27716.62 24278.38 22855.33
4744.27 17291.88 24723.08 28023.23 30270.15 30969.97 31239.13 29326.91 27845.35 24769.89 23145.56
4709.16 17277.83 24325.19 27990.47 30225.68 30656.34 30845.92 29333.93 27786.84 24599.03 22993.42
4755.97 17579.76 24402.43 28238.56 30174.19 30824.86 31098.70 29544.58 27480.23 24603.71 23068.32
4802.78 17224.00 24776.91 27941.32 30279.51 30731.23 31033.16 29589.05 27232.13 24828.40 23115.13
4704.48 17488.48 24795.64 27810.25 29905.02 30967.63 31189.98 29181.80 27555.13 24584.99 22965.34
4676.39 17640.62 24673.93 27864.08 30153.12 30953.58 31124.44 29488.41 27487.25 24500.73 22930.23
4692.77 17221.66 24580.31 27725.99 29846.51 30850.60 30778.04 29099.88 27199.37 24793.29 22951.29
4856.61 17221.66 24512.43 27871.10 29848.85 30904.43 31178.28 29074.13 27597.26 24561.58 23094.07
4557.02 17502.53 24720.74 28161.33 29724.80 30712.51 30817.83 29397.13 27356.18 24496.05 22852.99
4877.68 17539.97 24570.94 28074.73 30043.12 30764.00 31140.83 29530.54 27407.67 24879.89 22890.44
4713.84 17205.28 24624.78 28173.03 30146.10 30794.43 30998.06 29394.79 27695.56 24617.75 23096.41
4596.81 17659.34 24624.78 28098.13 29977.58 30876.35 31000.40 29439.26 27269.58 24573.28 22977.04
4599.15 17460.40 24374.34 28060.68 30178.87 31311.69 31154.87 29102.22 27468.53 24713.72 22923.21
4727.88 17303.58 24732.44 27887.48 29926.09 30658.68 31119.76 29317.55 27381.93 24615.41 22742.99
4725.54 17713.17 24788.61 27716.62 29970.56 30923.16 31208.70 29287.12 27548.11 24776.91 23019.17
4622.56 17617.21 24999.26 28231.54 30239.72 31269.56 31229.77 29507.13 27964.72 25076.50 23405.36
4755.97 17516.57 24769.89 28301.76 30309.94 31597.23 31461.48 29528.20 27611.30 24769.89 23166.62
4741.93 17661.68 24753.51 28355.59 30333.34 31615.96 31402.97 29647.57 27950.68 25104.59 23243.86
4772.35 17479.12 24360.30 28161.33 30328.66 31307.01 31110.40 29479.05 27569.17 24807.34 23187.69
4812.14 17509.55 24325.19 28170.69 29872.26 31091.68 31049.55 29567.99 27655.77 24978.20 23278.97
4744.27 17570.40 24498.39 28048.98 30073.54 31431.05 31281.26 29640.54 28070.04 24613.07 23302.37
4667.03 17685.09 24503.07 28142.60 30150.78 31194.66 31166.57 29532.88 27367.88 24694.99 23103.43
4833.21 17420.61 24613.07 27920.25 30143.76 31260.20 30871.67 29254.36 27618.32 24748.82 22902.14
4695.11 17565.72 24592.01 28166.01 30181.21 30920.82 30918.48 29450.96 27435.76 24842.45 23026.19
4812.14 17549.34 24463.28 28032.60 30092.27 30342.70 31187.64 29226.27 27201.71 24641.16 22876.40
4662.35 17539.97 24603.71 27768.12 30417.60 31054.23 30808.47 29427.56 27356.18 24975.86 23129.17
4685.75 17516.57 24343.91 27868.76 30045.46 31077.63 30766.34 29394.79 27522.36 24547.54 23042.57
4861.29 17706.15 24613.07 27985.79 29827.79 30881.03 30780.39 29764.59 27527.04 24837.76 22885.76
4924.49 17535.29 24540.52 28107.49 29869.92 30927.84 31105.72 29160.73 27534.06 24774.57 22876.40
4746.61 17308.26 24355.61 27978.76 29722.46 30998.06 31117.42 29408.83 27618.32 24683.29 23143.22
4550.00 17539.97 24276.04 28067.70 30134.40 30869.33 31201.68 29670.97 27583.21 24261.99 23047.26
4770.01 17675.73 24783.93 28346.23 30157.80 31204.02 31180.62 29621.82 27367.88 24776.91 23197.05
4718.52 17441.67 24594.35 27950.68 30239.72 30810.81 31185.30 29125.63 27267.24 24769.89 22876.40
4702.14 17605.51 24517.11 27859.40 29846.51 30712.51 31037.84 29214.57 27168.94 24713.72 22909.16
4695.11 17242.73 24514.77 28154.30 29785.66 30668.04 31005.08 29153.71 27356.18 24514.77 22764.05
4727.88 17441.67 24690.31 28105.15 29928.43 30813.15 30824.86 29205.20 27438.10 24355.61 22780.43
4791.08 17671.04 24615.41 27751.73 29876.94 30707.83 30962.95 29205.20 27346.82 24329.87 22593.19
4519.57 17425.29 24451.58 27938.97 30089.93 31033.16 31199.34 29151.37 27400.65 24362.64 23021.51
4599.15 17406.56 24273.70 28034.94 30052.48 31201.68 30604.84 29390.11 27690.88 24683.29 23019.17
4690.43 17240.39 24725.42 28126.22 29701.40 30450.37 30998.06 29029.66 27159.58 24741.80 22897.46
4791.08 17465.08 24322.85 28203.46 29902.68 30717.19 30813.15 29427.56 27360.86 24271.36 23073.00
4760.65 17483.80 24039.64 27910.89 30185.89 30682.08 31105.72 29319.89 27630.02 24760.53 22974.70
4697.46 17280.18 24746.48 28168.35 29888.64 31208.70 30923.16 28814.34 27669.81 24629.46 23063.64
4774.69 17397.20 24648.18 27501.29 30068.86 30829.54 31304.67 29039.03 27548.11 24496.05 22836.61
4847.25 17572.74 24542.86 27929.61 29771.61 30946.56 31180.62 29802.04 27449.80 24538.18 23073.00
4662.35 17448.69 24711.38 28264.31 29876.94 30689.10 30815.49 29202.86 27655.77 24577.97 22815.54
4596.81 17458.06 24629.46 28037.28 30279.51 30871.67 31110.40 29261.38 27653.43 24734.78 22930.23
4699.80 17621.89 24411.79 27950.68 30000.99 30916.14 31590.21 29376.06 27159.58 24856.49 22778.09
4760.65 17247.41 24552.22 28233.88 30129.72 30930.18 30979.33 29567.99 27487.25 24676.27 23054.28
4865.97 17579.76 24428.17 27960.04 29809.06 30883.37 30937.20 29261.38 27227.45 24669.25 23082.36
4720.86 17404.22 24414.13 27688.54 30328.66 30841.24 30843.58 29085.84 27288.31 24421.15 22684.47
4704.48 17507.21 24629.46 27887.48 29722.46 31304.67 31054.23 29558.63 27388.95 24648.18 22977.04
4730.22 17472.10 24753.51 28070.04 29874.60 31199.34 30993.37 29156.05 27241.50 24407.11 22757.03
4734.90 17528.27 24517.11 27847.69 29811.40 30902.09 31248.49 29333.93 27080.00 24409.45 22986.40
4578.09 17252.09 24149.65 28074.73 29965.88 30703.15 30597.82 29153.71 27452.14 24402.43 22775.75
4631.92 17144.42 23985.81 27072.98 29149.03 29933.11 30099.29 28320.48 26600.19 23948.36 22328.71
4489.15 17036.76 24098.16 27281.28 29163.08 29963.54 29940.13 28449.21 26639.98 23733.03 22422.33
4652.98 16870.58 24102.84 27307.03 29221.59 29851.19 30218.66 28414.10 26677.43 23873.46 22167.21
4491.49 16917.39 23934.32 27000.42 29214.57 29790.34 29954.18 28151.96 26855.31 23644.09 22267.86
4631.92 16924.41 23866.44 27140.85 29111.58 30031.41 30017.37 28739.44 26717.22 24217.52 22309.99
4575.75 17025.06 23840.70 27084.68 29062.43 30307.60 30391.86 28701.99 27049.57 24009.22 22265.52
4627.24 17249.75 24032.62 27232.13 29413.51 30536.97 30190.57 28545.17 26703.17 24233.91 22497.23
4552.34 17142.08 24194.12 27414.69 29537.56 30286.53 30328.66 28652.84 26747.64 23751.76 22412.97
4559.36 17128.04 24170.71 27571.51 29429.90 30113.33 30127.38 28496.02 26948.93 24004.53 22099.34
4744.27 17142.08 23988.15 27377.25 29329.25 30195.25 30307.60 28374.31 26757.00 23953.04 22176.58
4575.75 17216.98 24381.36 27388.95 29090.52 30087.59 30188.23 28294.74 26546.36 23997.51 22436.38
4442.34 16910.37 24006.87 27435.76 29263.72 30047.80 29511.81 28481.98 26909.14 23901.55 22607.23
4730.22 17275.49 24009.22 27222.77 29090.52 29677.99 30085.25 28133.24 26572.10 23697.92 22548.72
4559.36 17156.13 23857.08 27236.81 29039.03 29893.32 30033.75 28549.85 26476.14 23892.19 22541.70
4603.83 17067.19 23702.61 27374.91 29331.59 29619.48 29764.59 28437.51 26448.05 23737.71 22249.13
4702.14 17181.87 23812.61 27082.34 29053.07 30221.00 30029.07 28208.14 26441.03 23606.64 22001.04
4638.94 17163.15 23475.57 26960.63 29102.22 30087.59 30068.86 28383.68 26499.55 23653.45 22092.32
4608.51 17036.76 23328.12 27351.50 29280.10 30052.48 30038.44 28261.97 26216.34 23520.04 22333.39
4725.54 17142.08 24142.63 27234.47 29324.57 29986.94 30487.82 28613.05 26567.42 23728.35 22167.21
4526.60 16980.59 23955.38 27222.77 29142.01 30237.38 29626.50 28163.67 26417.63 23688.56 22368.50
4596.81 17165.49 24114.54 27014.46 29280.10 30022.05 30125.04 28690.29 26581.46 23878.15 22691.49
4622.56 17123.36 23793.89 27400.65 29261.38 30036.09 30132.06 28386.02 26740.62 23892.19 22342.75
4765.33 17088.25 23723.67 27604.28 29027.32 30008.01 30600.16 28329.84 26738.28 24198.80 22258.49
4461.06 17151.45 23681.54 27262.56 28947.75 30167.16 29916.73 28435.17 26656.36 23992.83 22291.26
4709.16 17142.08 23828.99 27290.65 28856.46 30167.16 30000.99 28547.51 26663.38 24002.19 22422.33
4503.19 17118.68 23424.08 27103.40 29507.13 29895.66 29993.97 28402.40 26473.80 24041.98 22352.12
4739.58 16999.31 24116.88 27332.78 29390.11 30132.06 30235.04 28788.59 26941.91 23611.32 22263.18
4636.60 17142.08 23779.84 27520.02 29230.95 29977.58 30408.24 28414.10 26843.60 23878.15 22380.20
4706.82 17121.02 23620.69 27044.89 29198.18 30188.23 30609.53 28528.79 26981.70 24009.22 22579.15
4566.39 17067.19 24046.66 27393.63 29544.58 30221.00 30415.26 28826.04 26778.07 23733.03 22611.92
4739.58 17418.27 23800.91 27644.07 29355.00 30710.17 30560.37 28753.48 26822.54 24381.36 22527.66
4589.79 17172.51 23871.12 27538.74 29682.67 30469.09 30714.85 28531.13 26661.04 23931.98 22106.36
4645.96 17163.15 24041.98 27353.84 29333.93 30132.06 30164.82 28765.18 26817.86 24006.87 22560.42
4550.00 17163.15 23868.78 27145.53 29235.63 30244.40 30656.34 28734.76 27180.64 23606.64 22338.07
4585.11 16896.33 24308.80 27386.61 29214.57 30122.69 30646.97 28650.50 26780.41 23950.70 22251.47
4437.66 17142.08 24280.72 27702.58 29406.49 30366.11 30206.95 28577.94 27026.17 24009.22 22698.52
4589.79 17270.81 23817.29 27709.60 29799.70 30314.62 30448.03 28730.08 27096.38 24084.11 22307.65
4564.04 17247.41 24070.07 27442.78 29715.44 30235.04 30057.16 28594.32 27021.48 24357.96 22417.65
4561.70 17011.01 24212.84 27620.66 29479.05 30511.22 30387.18 29017.96 26677.43 24283.06 22583.83
4762.99 17102.29 24095.82 27482.57 29308.19 30356.75 30677.40 28809.65 27030.85 23983.47 22436.38
4664.69 17219.32 24238.59 27653.43 29773.95 30719.53 30813.15 29001.58 27129.15 24191.78 22726.60
4507.87 17186.55 24393.06 27543.42 29560.97 30368.45 30487.82 28498.36 27182.98 24376.68 22684.47
4507.87 17191.23 24037.30 27955.36 29687.36 30541.65 30686.76 28786.25 26771.05 24376.68 22661.07
4582.77 17256.77 24507.75 27402.99 29146.69 30424.62 30497.18 28554.54 27101.06 24041.98 22480.85
4568.73 17296.56 24049.00 27351.50 29635.86 30237.38 30796.77 28692.63 26967.65 23943.68 22705.54
4699.80 16898.67 24130.92 27405.33 29336.27 30307.60 30424.62 28357.93 26792.11 23913.25 22462.12
4690.43 17429.97 24081.77 27473.21 29406.49 30253.76 30298.23 28847.10 26609.55 23967.09 22658.73
4568.73 17181.87 23779.84 27513.00 29387.77 29979.92 30209.29 28549.85 26817.86 23974.11 22232.75
4634.26 17310.60 24053.69 27318.73 29933.11 30242.06 30202.27 28652.84 26918.50 23885.17 22279.56
4667.03 17114.00 24102.84 27702.58 29469.69 30171.85 30462.07 28467.94 26808.50 23992.83 22328.71
4683.41 16973.56 23931.98 27459.16 29048.39 30026.73 30499.52 28379.00 26714.87 24130.92 22419.99
4542.98 17088.25 24037.30 27318.73 29207.55 30192.91 29986.94 28687.95 26539.33 24114.54 22534.68
4716.18 17315.28 24016.24 27496.61 29453.30 30103.97 30213.98 28804.97 27089.36 24018.58 22457.44
4629.58 17118.68 24142.63 27564.49 29422.87 30394.20 30136.74 28678.58 27161.92 24046.66 22321.69
4542.98 17207.62 23770.48 27583.21 29338.62 29986.94 30380.15 28776.89 26927.86 24032.62 22696.17
4678.73 17057.82 24283.06 27627.68 29315.21 30438.67 30192.91 28666.88 26782.75 23950.70 22665.75
4568.73 17343.37 24341.57 27503.64 29350.32 30120.35 30185.89 28561.56 27002.76 23981.13 22359.14
4645.96 17022.72 24074.75 27344.48 29333.93 30253.76 30527.61 28903.28 26918.50 24025.60 22675.11
4739.58 17057.82 23735.37 27402.99 29567.99 30436.33 30267.81 28851.78 27278.94 23791.55 22419.99
4727.88 17055.48 23892.19 27381.93 29479.05 30270.15 30354.41 28957.11 26836.58 24533.50 22766.39
4596.81 16980.59 23859.42 27463.85 29652.25 30197.59 30560.37 28624.75 26955.95 23604.30 22679.79
4758.31 17310.60 24203.48 27505.98 29425.22 30178.87 30506.54 28512.41 26878.71 23461.53 22331.05
4636.60 17137.40 24194.12 27494.27 29212.23 30321.64 30274.83 28704.33 26960.63 24175.39 22560.42
4690.43 17097.61 24156.67 27391.29 29146.69 29694.38 30185.89 28753.48 26745.30 23882.83 22654.05
4608.51 17163.15 24212.84 27449.80 29256.70 30417.60 30143.76 28533.47 26822.54 23840.70 22600.21
4444.68 17233.36 24173.05 27505.98 29474.37 30347.39 30272.49 28662.20 27019.14 24233.91 22305.31
4760.65 17287.20 24077.09 27346.82 29235.63 29937.79 30321.64 28669.22 26714.87 24159.01 22405.95
4671.71 16973.56 23784.52 27379.59 29060.09 30373.13 30394.20 28613.05 27182.98 24009.22 22384.88
4720.86 16973.56 23896.87 27388.95 29434.58 30316.96 30726.55 28753.48 26944.25 24168.37 22422.33
4657.67 17263.79 24395.40 27248.52 29652.25 30712.51 30354.41 28783.91 26862.33 24187.10 22635.32
4716.18 17132.72 24212.84 27981.10 29474.37 30511.22 30443.35 28917.32 27061.27 23939.00 22525.32
4727.88 16982.93 23775.16 27243.84 29706.08 30211.64 30600.16 28283.03 27042.55 23906.23 22513.61
4451.70 17411.25 24086.45 27796.20 29347.98 29876.94 30216.32 28706.67 26742.96 24280.72 22773.41
4615.54 16957.18 24053.69 27524.70 29223.93 30218.66 30401.22 28631.77 26630.62 24166.03 22427.01
4594.47 17397.20 24140.29 27353.84 29432.24 30312.28 30464.41 28903.28 26934.88 23889.85 22445.74
4695.11 17350.39 23941.34 27580.87 29558.63 30312.28 30302.92 28741.78 27103.40 24304.12 22574.47
4645.96 17137.40 24374.34 27695.56 29542.24 30338.02 30316.96 28748.80 26862.33 23906.23 22867.03
4657.67 17238.05 24194.12 27536.40 29507.13 30618.89 30541.65 28683.27 27222.77 24603.71 22546.38
4624.90 17296.56 24608.39 27463.85 29914.39 30281.85 30558.03 28748.80 27051.91 24353.27 22820.22
4615.54 17465.08 24217.52 27618.32 29640.54 30859.96 30572.08 29163.08 26960.63 24388.38 22291.26
4627.24 17282.52 24491.37 27538.74 30010.35 30852.94 30705.49 29252.02 27349.16 24219.86 22630.64
4641.28 17219.32 24430.51 27480.23 29663.95 30623.57 30817.83 28718.37 27049.57 24453.92 22747.67
4723.20 17193.58 24376.68 27826.63 30221.00 30408.24 30967.63 29104.56 27197.02 24772.23 22860.01
4669.37 17324.65 24634.14 27744.71 29848.85 30492.50 30733.57 28961.79 27119.79 24386.04 22831.93
4669.37 17287.20 24664.57 27840.67 29682.67 30548.67 30881.03 29296.49 26962.97 24643.50 22747.67
4645.96 17448.69 23946.02 27550.45 29612.46 30174.19 30916.14 28699.65 27314.05 24360.30 23073.00
4564.04 17198.26 24346.25 27669.81 29638.20 30504.20 30728.89 28903.28 27218.09 24320.51 22429.35
4685.75 17415.93 24191.78 27637.05 29862.90 30810.81 30726.55 29034.35 27405.33 24435.19 23002.78
4578.09 17357.41 24166.03 27929.61 29738.85 30649.32 30597.82 28936.04 27096.38 24388.38 22581.49
4641.28 17043.78 24449.24 28109.83 29825.45 30824.86 30827.20 28872.85 26939.57 24191.78 22759.37
4667.03 17137.40 24432.85 27777.48 29666.29 30522.93 30600.16 28748.80 27253.20 24077.09 22522.98
4706.82 17235.70 24299.44 27981.10 29677.99 30684.42 30609.53 28954.77 27222.77 24322.85 22476.16
4683.41 17706.15 24662.22 27812.59 30279.51 30679.74 30761.66 28950.09 27117.45 24657.54 22630.64
4615.54 17090.59 24390.72 27953.02 29696.72 30373.13 31075.29 29525.86 27119.79 24383.70 22850.65
4748.95 17591.47 24269.01 27828.97 29865.24 30871.67 30607.19 29186.48 27054.25 24463.28 22733.62
4816.82 17348.05 24545.20 27707.26 29846.51 30782.73 30768.68 29146.69 27065.96 24489.03 22604.89
4802.78 17420.61 24364.98 27730.67 29954.18 30644.63 30700.81 28945.41 26913.82 24297.10 22766.39
4748.95 17310.60 24404.77 27866.42 29675.65 30675.06 30789.75 28725.39 27325.75 24496.05 22801.50
4660.01 17324.65 24177.73 27838.33 29263.72 30331.00 31124.44 29055.41 27379.59 24402.43 22773.41
4781.71 17401.88 24341.57 28037.28 30047.80 30869.33 31234.45 29188.82 27505.98 24615.41 22972.36
4734.90 17231.02 24449.24 27915.57 29888.64 31049.55 30848.26 29099.88 27480.23 24620.10 22979.38
4833.21 17593.81 24336.89 27690.88 29944.81 30829.54 30796.77 29294.14 27417.04 24531.15 23201.73
4685.75 17528.27 24552.22 27920.25 30073.54 30665.70 31040.18 29312.87 27496.61 24641.16 23143.22
4699.80 17376.14 24264.33 27714.28 30000.99 31166.57 30836.56 29352.66 27564.49 24606.05 22932.57
4660.01 17547.00 24826.06 28219.84 29996.31 30602.50 31044.87 29469.69 28149.62 24552.22 23147.90
4685.75 17593.81 24734.78 28334.53 30178.87 31154.87 31264.88 29673.31 27679.18 24692.65 23433.44
4746.61 17465.08 24711.38 28130.90 30050.14 31061.25 31402.97 29567.99 27941.32 24865.85 23021.51
4784.06 17724.88 24716.06 28276.01 30160.14 31321.05 31604.25 29673.31 27679.18 24954.79 23241.52
4795.76 17369.12 25062.46 28357.93 30436.33 31147.85 31552.76 29373.72 27648.75 24931.39 23337.48
4652.98 17710.83 24760.53 27962.38 30199.93 31339.77 31407.65 29682.67 28084.09 25067.14 23398.34
4697.46 17736.58 24842.45 28212.82 30438.67 31267.22 31503.61 29659.27 27494.27 24872.87 23274.29
4727.88 17818.50 24428.17 28540.49 30211.64 31262.54 31421.69 29411.17 27819.61 24973.52 23073.00
4699.80 17600.83 25010.96 28411.76 30232.70 31000.40 31314.03 29560.97 27889.82 24996.92 23592.60
4791.08 17554.02 24837.76 28166.01 29935.45 30815.49 31220.41 29443.94 27449.80 24727.76 23152.58
4760.65 17429.97 24992.24 28601.35 30249.08 31255.51 31187.64 29542.24 27625.34 25036.71 23136.20
4760.65 17425.29 24386.04 27913.23 30373.13 31211.04 31442.76 29371.38 27515.34 25071.82 22890.44
4774.69 17451.03 24718.40 28018.55 29855.87 31108.06 31232.11 29820.77 27536.40 25029.69 23222.80
4699.80 17757.64 24575.62 28191.75 30099.29 31115.08 31276.58 29413.51 27798.54 25071.82 23461.53
4664.69 17579.76 24393.06 28250.27 30632.93 31496.59 31267.22 29776.30 27821.95 25013.31 23316.42
4793.42 17511.89 24381.36 28102.81 29940.13 30904.43 30951.24 29376.06 27527.04 24697.33 23175.98
4802.78 17273.15 24460.94 28077.07 30106.31 31049.55 31145.51 29242.65 27290.65 24753.51 22946.61
4798.10 17565.72 24624.78 28126.22 30064.18 31023.80 31335.09 29600.76 27964.72 24737.12 23178.33
4793.42 17685.09 24374.34 28067.70 30087.59 31103.38 31218.07 29598.41 27431.08 24610.73 23365.57
4725.54 17181.87 24678.61 28247.93 30300.58 30932.52 31218.07 29504.79 27800.88 24601.37 23040.23
4765.33 17488.48 24547.54 28261.97 30150.78 31030.82 31295.30 29411.17 27578.53 24812.02 23098.75
4650.64 17792.75 24718.40 28016.21 30312.28 30883.37 31124.44 29256.70 27388.95 24755.85 22993.42
4713.84 17362.09 24723.08 28128.56 30047.80 31077.63 31061.25 29331.59 27463.85 24545.20 23241.52
4690.43 17359.75 24528.81 28177.71 30225.68 30869.33 30827.20 29373.72 27580.87 24554.56 22906.82
4697.46 17397.20 24673.93 27903.87 30015.03 31012.10 30969.97 29010.94 27300.01 24709.04 23129.17
4770.01 17371.46 23709.63 27590.24 30026.73 30686.76 30661.02 29240.31 27775.14 24683.29 23108.11
4667.03 17202.94 24386.04 27735.35 29661.61 30637.61 30824.86 29530.54 27262.56 24393.06 23019.17
4753.63 17425.29 24261.99 27835.99 29783.32 30831.88 30864.64 29298.83 27288.31 24411.79 22981.72
4669.37 17490.82 24247.95 28009.19 29745.87 30408.24 30679.74 29160.73 27222.77 24449.24 22843.63
4692.77 17191.23 24322.85 28016.21 29631.18 30742.94 31194.66 28788.59 27220.43 24217.52 22616.60
4723.20 17369.12 24360.30 27924.93 29652.25 30654.00 31019.12 29034.35 27101.06 24482.00 22712.56
4650.64 17385.50 24552.22 27482.57 29493.09 30534.63 30459.73 29088.18 26883.39 24479.66 22401.27
4723.20 17018.04 23955.38 27793.86 29883.96 30646.97 30513.56 29076.48 27152.55 24386.04 22635.32
4615.54 17298.90 24269.01 27995.15 29600.76 30562.72 30246.74 28507.72 27091.70 24058.37 22647.02
4578.09 17252.09 24308.80 27463.85 29710.76 30052.48 30309.94 28797.95 26986.38 24231.57 22530.00
4674.05 17448.69 23983.47 27938.97 29965.88 30485.48 30824.86 28727.74 27061.27 24140.29 22431.69
4620.22 17277.83 24046.66 27552.79 29125.63 30415.26 30328.66 28835.40 27349.16 24250.29 22857.67
4734.90 17018.04 24287.74 27840.67 29680.33 30785.07 30845.92 28706.67 27084.68 24367.32 22586.17
4830.87 17369.12 24400.08 27714.28 29628.84 30424.62 31072.95 28931.36 27274.26 24533.50 23094.07
4760.65 17078.89 24301.78 27583.21 29834.81 30593.14 30768.68 28952.43 27110.43 23765.80 22530.00
4587.45 17380.82 24414.13 27915.57 29731.83 30356.75 30593.14 29277.76 27328.10 24196.46 22745.33
4641.28 17626.57 24706.70 27864.08 29956.52 30326.32 30504.20 29181.80 27101.06 24456.26 22604.89
4636.60 17198.26 24383.70 28116.86 29727.14 30663.36 30859.96 28828.38 27271.92 24547.54 23040.23
4725.54 17214.64 24072.41 27857.06 29773.95 30459.73 30693.79 29092.86 26974.67 24212.84 22602.55
4835.55 16936.12 24039.64 27775.14 29455.64 30679.74 30738.26 28800.29 26977.01 24465.62 22239.77
4599.15 17336.35 24456.26 27655.77 29708.42 30515.90 30178.87 28730.08 27297.67 24051.34 22574.47
4751.29 17291.88 24060.71 27218.09 29589.05 30492.50 30464.41 28772.21 26977.01 24294.76 22487.87
4540.64 17041.44 24229.23 27407.67 29584.37 30300.58 30459.73 28622.41 26820.20 24091.13 22970.02
4631.92 17198.26 24041.98 27522.36 29734.17 30415.26 30520.59 28718.37 26974.67 24285.40 22181.26
4615.54 17399.54 24343.91 27824.29 29301.17 30382.49 30541.65 28657.52 27016.80 24070.07 22665.75
4699.80 17315.28 24175.39 27410.01 29514.16 30452.71 30525.27 28727.74 26848.29 24182.42 22707.88
4718.52 17245.07 24348.59 27810.25 29558.63 30661.02 30728.89 28879.87 27084.68 24362.64 22544.04
4685.75 17268.47 24109.86 27700.24 29607.78 30555.69 30731.23 29074.13 27185.32 24376.68 22857.67
4519.57 17500.19 24177.73 27817.27 29898.00 30586.12 30408.24 28730.08 27243.84 24102.84 22590.85
4568.73 17235.70 24577.97 27889.82 29745.87 30562.72 31075.29 28912.64 27080.00 24500.73 22869.37
4678.73 17198.26 24210.50 27892.16 29600.76 30611.87 30492.50 28683.27 27292.99 24437.53 22892.78
4652.98 17123.36 24245.61 27674.49 29560.97 30363.77 30845.92 28851.78 26836.58 24409.45 22925.55
4657.67 17261.45 24137.94 27810.25 30113.33 31026.14 30855.28 29195.84 27321.07 24505.41 23007.47
4730.22 17310.60 24308.80 27541.08 29687.36 30174.19 31112.74 28830.72 27054.25 24257.31 22867.03
4610.86 17518.91 24184.76 27742.37 30064.18 30485.48 30646.97 28870.51 27173.62 24484.34 22712.56
4718.52 17696.79 24383.70 27520.02 29563.31 30871.67 30560.37 28891.57 27417.04 24299.44 22759.37
4725.54 17249.75 24428.17 27594.92 29848.85 30759.32 30661.02 28879.87 27269.58 24482.00 22574.47
4676.39 17289.54 24077.09 27274.26 29570.33 30553.35 30789.75 29064.77 27101.06 24156.67 22909.16
4629.58 17214.64 24652.86 27344.48 29783.32 30628.25 30665.70 29034.35 27480.23 24659.88 22764.05
4512.55 17139.74 24463.28 27718.96 29488.41 30665.70 30525.27 29029.66 27323.41 24400.08 22745.33
4657.67 17165.49 24409.45 27843.01 29706.08 30253.76 30665.70 28959.45 27063.61 24229.23 22560.42
4636.60 17296.56 24453.92 27501.29 29582.03 30705.49 30408.24 29078.82 27201.71 24175.39 22712.56
4744.27 17514.23 24442.21 27763.43 29706.08 30735.92 30733.57 28762.84 26799.13 24063.05 22506.59
4660.01 17385.50 24273.70 27531.72 29687.36 30520.59 30684.42 28636.45 27002.76 24098.16 22848.31
4779.37 17181.87 24360.30 27826.63 29979.92 30614.21 30789.75 28671.56 26761.69 24348.59 23007.47
4723.20 17331.67 24491.37 28123.88 30071.20 30621.23 30536.97 28893.91 27250.86 24423.49 23178.33
4589.79 17568.06 24257.31 27482.57 29743.53 30436.33 30668.04 28922.00 27065.96 24491.37 22876.40
4713.84 17317.62 24383.70 27693.22 29521.18 30822.51 31021.46 28870.51 27211.07 24554.56 23262.58
4800.44 17324.65 23988.15 27931.95 29970.56 30967.63 30485.48 29015.62 27171.28 24535.84 22541.70
4816.82 17490.82 24580.31 27763.43 29951.84 30719.53 30888.05 29083.50 27241.50 24577.97 22693.83
4622.56 17216.98 24486.68 28091.11 29954.18 30780.39 31288.28 29287.12 27290.65 24606.05 23250.88
4688.09 17521.25 24432.85 27946.00 29986.94 31016.78 30948.90 29392.45 27215.75 24425.83 23056.62
4753.63 17472.10 24599.03 28196.43 30281.85 31030.82 30686.76 29619.48 27414.69 24388.38 22941.93
4718.52 17406.56 24704.35 27407.67 29799.70 30478.46 30874.01 29369.04 27393.63 24580.31 22850.65
4753.63 17249.75 24353.27 27733.01 29762.25 30838.90 30775.70 29322.23 27143.19 24510.09 22808.52
4660.01 17142.08 24133.26 27370.22 29497.77 30387.18 30771.02 28882.21 26967.65 24367.32 23108.11
4842.57 17352.73 24009.22 27620.66 29443.94 30513.56 30368.45 29081.16 27173.62 24159.01 22923.21
4702.14 17319.96 24081.77 27751.73 29495.43 30714.85 30644.63 28889.23 26960.63 23861.76 22574.47
4641.28 17413.59 24212.84 27199.37 29895.66 30202.27 30712.51 28589.64 27065.96 24283.06 22675.11
4784.06 17479.12 24414.13 27503.64 29802.04 30714.85 30747.62 29240.31 27253.20 24091.13 22794.48
4655.33 17207.62 24212.84 27908.55 29963.54 30415.26 30733.57 29200.52 27311.71 24687.97 22848.31
4795.76 17476.78 24311.14 27744.71 29340.96 30118.01 30625.91 29167.76 27164.26 24561.58 22864.69
4688.09 17289.54 24645.84 27955.36 29890.98 30974.65 31065.93 29071.79 27557.47 24432.85 22604.89
4784.06 17439.33 24535.84 27791.52 29778.64 30785.07 30789.75 29378.40 27424.06 24453.92 22792.14
4723.20 17242.73 24402.43 27730.67 29773.95 30838.90 30749.96 29500.11 27463.85 24519.45 22864.69
4774.69 17359.75 24259.65 27864.08 29928.43 30965.29 30834.22 29032.00 27445.12 24407.11 22724.26
4589.79 17207.62 24159.01 27782.16 29898.00 30426.96 31147.85 29242.65 27559.81 24479.66 23232.16
4774.69 17465.08 24208.16 28002.17 30040.78 30792.09 30604.84 29001.58 27234.47 24617.75 22925.55
4887.04 17458.06 24563.92 27580.87 29741.19 30965.29 31103.38 29123.29 27152.55 24266.67 22972.36
4676.39 17305.92 24528.81 27854.72 29577.35 30609.53 31115.08 29163.08 27391.29 24580.31 22909.16
4638.94 17467.42 24294.76 27431.08 29610.12 30558.03 31204.02 29305.85 27536.40 24320.51 22679.79
4758.31 17132.72 24563.92 27679.18 29909.71 31035.50 30831.88 29404.15 27646.41 24189.44 22738.30
4697.46 17619.55 24432.85 27992.81 30235.04 30958.27 31133.81 29010.94 27330.44 24629.46 22925.55
4833.21 17432.31 24659.88 27672.15 29553.94 30583.78 30513.56 29429.90 26934.88 24482.00 23080.02
4762.99 17678.07 24472.64 27782.16 30010.35 31136.15 30719.53 29226.27 27316.39 24421.15 22867.03
4821.50 17518.91 24456.26 28121.54 29720.12 31012.10 31061.25 28863.49 27594.92 24765.21 23009.81
4720.86 17352.73 24194.12 28002.17 29783.32 30841.24 30822.51 29352.66 27337.46 24503.07 22820.22
4739.58 17654.66 24437.53 28297.08 29963.54 30426.96 30815.49 29200.52 27344.48 24287.74 22948.95
4505.53 17254.43 24367.32 28088.77 30092.27 30630.59 30651.66 29352.66 27367.88 24507.75 22764.05
4786.40 17476.78 24451.58 27845.35 29525.86 30698.47 31082.31 29319.89 27353.84 24355.61 22806.18
4734.90 17429.97 24266.67 28217.50 30106.31 31110.40 31147.85 29181.80 27218.09 24362.64 22597.87
4650.64 17413.59 24372.00 27852.38 29783.32 30548.67 30848.26 29144.35 27199.37 24376.68 22899.80
4683.41 17195.92 24622.44 28030.26 29649.91 30895.07 31049.55 29067.11 27377.25 24584.99 22876.40
4697.46 17495.50 24327.53 27950.68 29666.29 30600.16 31126.78 29067.11 27091.70 24821.38 22855.33
4751.29 17338.69 24229.23 27580.87 29748.21 30881.03 30871.67 29312.87 27311.71 24332.21 22906.82
4774.69 17011.01 24554.56 27805.56 30295.89 30958.27 31033.16 29240.31 27482.57 24554.56 23026.19
4692.77 17425.29 24737.12 28126.22 30300.58 30871.67 31136.15 28896.25 27477.89 24404.77 23154.92
4662.35 17628.92 24519.45 27955.36 29507.13 31089.34 31269.56 29514.16 27166.60 24496.05 23014.49
4807.46 17238.05 24418.81 28542.83 29734.17 30824.86 30864.64 29275.42 27288.31 24439.87 22867.03
4723.20 17509.55 24486.68 27786.84 29827.79 30859.96 31110.40 29090.52 27295.33 24428.17 22953.63
4500.85 17362.09 24339.23 27854.72 30038.44 30792.09 30939.54 28936.04 27515.34 24744.14 22724.26
4732.56 17497.84 24264.33 27852.38 29890.98 30836.56 31222.75 29057.75 27393.63 24664.57 22955.97
4571.07 17525.93 24233.91 27679.18 29755.23 30644.63 30749.96 29273.08 27227.45 24704.35 22944.27
4683.41 17465.08 24135.60 27840.67 29855.87 30415.26 30892.73 29184.14 27737.69 24542.86 22932.57
4947.89 17172.51 24844.79 28027.92 30242.06 30988.69 31309.35 29385.43 27683.86 24676.27 23070.66
4779.37 17624.23 24659.88 27718.96 29788.00 30899.75 31299.98 29593.73 27372.57 24694.99 22750.01
4713.84 17600.83 24496.05 27805.56 30171.85 30885.71 31239.13 29303.51 27419.38 25195.87 23150.24
4685.75 17425.29 24680.95 27852.38 30176.53 30927.84 31168.91 29118.60 27662.79 24613.07 22710.22
4671.71 17530.61 24826.06 28191.75 30373.13 31089.34 31164.23 29521.18 27545.76 24823.72 23183.01
4861.29 17577.42 24528.81 27864.08 30153.12 30724.21 31339.77 29755.23 27665.13 24898.62 23293.01
4809.80 17586.79 24549.88 28278.35 30225.68 30864.64 31433.39 30003.33 27550.45 24959.47 23218.11
4711.50 17579.76 24409.45 28460.91 30024.39 31353.82 31002.74 29841.83 27292.99 24896.28 22970.02
4620.22 17341.03 24702.01 27693.22 30209.29 31171.25 31171.25 29404.15 27513.00 24627.12 23012.15
4713.84 17532.95 24664.57 27978.76 30267.81 31042.53 31220.41 29603.10 27845.35 24772.23 22895.12
4793.42 17640.62 24355.61 27859.40 29780.98 30834.22 31033.16 29170.10 27864.08 24563.92 22843.63
4610.86 17390.18 24624.78 27889.82 30178.87 30817.83 31253.17 29069.45 27534.06 24732.44 23222.80
4671.71 17362.09 24411.79 27866.42 30331.00 31028.48 31243.81 28814.34 27328.10 24730.10 22979.38
4751.29 17778.71 24287.74 27962.38 29855.87 30328.66 31225.09 29209.89 27164.26 24694.99 22951.29
4697.46 17596.15 24683.29 27756.41 30398.88 31136.15 30759.32 29504.79 27747.05 24889.26 22911.50
4753.63 17593.81 24526.47 27915.57 29862.90 30834.22 31449.78 29362.02 27309.37 24732.44 23028.53
4683.41 17385.50 24783.93 28240.90 30239.72 30782.73 31035.50 29352.66 27604.28 24680.95 22991.08
4734.90 17757.64 24517.11 28006.85 30024.39 30735.92 31047.21 29322.23 27810.25 24559.24 22986.40
4601.49 17219.32 24514.77 27988.13 30008.01 31026.14 30747.62 29071.79 27190.00 24533.50 22829.59
4819.16 17341.03 24643.50 28102.81 29848.85 30483.14 31166.57 29090.52 27091.70 24723.08 22834.27
4671.71 17488.48 24395.40 28081.75 29914.39 30579.10 30668.04 29560.97 27505.98 24657.54 23185.35
4690.43 17357.41 24847.13 27971.74 29970.56 30972.31 30993.37 29600.76 27562.15 24666.91 23016.83
4697.46 17734.24 25032.03 27852.38 30216.32 30820.17 31056.57 29439.26 27435.76 24886.92 23311.74
4699.80 17521.25 24463.28 28016.21 30281.85 30735.92 31332.75 29556.28 27700.24 24355.61 23421.74
4692.77 17521.25 24767.55 28264.31 30162.48 30782.73 31065.93 29443.94 27147.87 24727.76 23002.78
4697.46 17516.57 24514.77 28149.62 30349.73 30752.30 31115.08 28961.79 27276.60 24512.43 22963.00
4692.77 17256.77 24367.32 28194.09 29813.74 30625.91 31131.47 29055.41 27484.91 24456.26 23122.15
4676.39 17614.87 24379.02 27892.16 30075.88 30817.83 31044.87 29518.84 27683.86 24299.44 22782.77
4732.56 17200.60 24489.03 27733.01 29909.71 30948.90 30684.42 29221.59 27407.67 24245.61 22780.43
4781.71 17446.35 24577.97 27957.70 29736.51 30611.87 30749.96 29095.20 27283.62 24552.22 23215.77
4629.58 17287.20 24678.61 27985.79 29680.33 30747.62 30799.11 29546.92 26981.70 24559.24 22963.00
4599.15 17579.76 24247.95 27782.16 29823.11 30405.90 30852.94 29165.42 26923.18 24386.04 22740.64
4528.94 17441.67 24276.04 27800.88 29563.31 30742.94 30773.36 29284.78 26991.06 24582.65 22902.14
4744.27 17657.00 24180.07 28095.79 29909.71 30665.70 30972.31 29539.90 27505.98 24510.09 22934.91
4704.48 17338.69 24215.18 27604.28 29886.30 30953.58 30890.39 29113.92 27428.74 24718.40 22960.66
4784.06 17661.68 24510.09 27693.22 29874.60 30761.66 31307.01 29521.18 27517.68 24570.94 23398.34
4711.50 17334.01 24570.94 27606.62 30326.32 30602.50 31201.68 29062.43 27454.48 24800.32 22820.22
4636.60 17427.63 24648.18 28027.92 30192.91 31016.78 30981.67 29352.66 27358.52 24774.57 22984.06
4774.69 17497.84 24360.30 27978.76 30396.54 31166.57 31374.88 29085.84 27353.84 24882.24 23091.73
4837.89 17549.34 24449.24 28577.94 29809.06 30946.56 31136.15 29223.93 27513.00 24540.52 22831.93
4662.35 17535.29 24545.20 28140.26 29951.84 30731.23 31026.14 29123.29 27697.90 24795.64 23161.94
4718.52 17415.93 24304.12 28039.62 29907.37 31101.04 31051.89 29823.11 27674.49 24769.89 23000.44
4802.78 17336.35 24386.04 28142.60 29724.80 30810.81 31234.45 29654.59 27407.67 24666.91 23051.94
4678.73 17539.97 24409.45 28025.57 29977.58 30857.62 31047.21 29223.93 27555.13 24594.35 22750.01
4713.84 17661.68 24575.62 28257.29 29919.07 31019.12 30918.48 29170.10 27714.28 24730.10 22799.16
4683.41 17652.32 24589.67 27761.09 30199.93 30878.69 31281.26 29233.29 27590.24 24704.35 23098.75
4667.03 17465.08 24388.38 27955.36 29666.29 30534.63 31023.80 29149.03 27232.13 24315.83 23278.97
4664.69 17326.99 24311.14 28077.07 29764.59 30820.17 31218.07 28933.70 27466.19 24687.97 22553.40
4793.42 17174.85 24577.97 27908.55 29696.72 30955.93 31101.04 29202.86 27124.47 24474.98 22909.16
4819.16 17523.59 24198.80 27597.26 29640.54 31201.68 30918.48 29291.80 27068.30 24582.65 22586.17
4568.73 17549.34 24437.53 27763.43 29523.52 30771.02 31023.80 29268.40 26986.38 24320.51 22838.95
4744.27 17312.94 24414.13 27854.72 29553.94 30511.22 30588.46 29294.14 27274.26 24594.35 22616.60
4650.64 17432.31 24343.91 27725.99 29773.95 30412.92 30810.81 28907.96 26969.99 24449.24 22934.91
4758.31 17188.89 24142.63 27667.47 29865.24 30579.10 30710.17 29010.94 27204.05 24456.26 22742.99
4617.88 17348.05 24332.21 27655.77 29497.77 30883.37 30991.03 29146.69 27044.89 24451.58 22867.03
4660.01 17345.71 24123.90 27751.73 29509.47 30712.51 30698.47 29053.07 27267.24 24264.33 22724.26
4507.87 17366.78 24037.30 27725.99 29816.08 30764.00 30223.34 28905.62 26937.23 24381.36 22494.89
4608.51 17448.69 23812.61 27651.09 29717.78 30483.14 30230.36 29006.26 27166.60 23931.98 22822.56
4678.73 17226.34 24233.91 27505.98 29413.51 30408.24 30185.89 28947.75 26590.83 24088.79 22340.41
4606.17 17205.28 23953.04 27281.28 29383.09 30125.04 30228.02 28657.52 26920.84 24299.44 22431.69
4685.75 17179.53 24025.60 27391.29 29310.53 30164.82 30316.96 28858.81 27047.23 24025.60 22693.83
4655.33 16968.88 23946.02 27730.67 29504.79 29984.60 30265.47 28364.95 26480.82 23826.65 22476.16
4402.55 17226.34 23824.31 27386.61 29195.84 30162.48 30513.56 28666.88 26668.06 24182.42 22616.60
4568.73 16884.62 23927.30 27037.87 29343.30 29940.13 30110.99 28559.22 26852.97 23934.32 22305.31
4741.93 17041.44 24137.94 27145.53 29212.23 30295.89 29984.60 28313.46 26569.76 23674.52 22134.45
4690.43 17027.40 23976.45 27070.64 28975.83 29853.53 29848.85 28386.02 26618.91 23850.06 22300.62
4568.73 17118.68 23545.79 27173.62 29202.86 29769.27 29717.78 27892.16 26426.99 23784.52 22071.25
4652.98 17001.65 23613.66 27426.40 29209.89 29544.58 30312.28 28353.25 26806.16 24002.19 21998.70
4641.28 16947.82 23953.04 27353.84 29027.32 29699.06 29792.68 28238.56 26302.94 23807.93 22361.48
4542.98 17032.08 23957.72 27058.93 29102.22 30155.46 30122.69 28577.94 26752.32 23695.58 22298.28
4624.90 17022.72 23566.85 27161.92 29226.27 29668.63 29909.71 28100.47 26572.10 23833.68 22398.93
4695.11 16966.54 24002.19 27201.71 28907.96 29652.25 30059.50 28643.48 26419.97 23363.23 22120.40
4718.52 16945.48 23765.80 27065.96 29071.79 30068.86 30155.46 27948.34 26555.72 23407.70 22223.39
4489.15 17048.46 23833.68 27140.85 28891.57 29778.64 30057.16 28390.70 26602.53 23592.60 22237.43
4470.42 17027.40 23578.56 27288.31 28917.32 29989.28 30148.44 28446.87 26841.26 23538.77 22354.46
4697.46 17011.01 23892.19 27498.95 29230.95 30108.65 30078.22 28474.96 26497.20 23683.88 22099.34
4664.69 16730.15 24189.44 27318.73 28673.90 30160.14 29935.45 27999.83 26377.84 23473.23 21862.94
4503.19 16868.24 23798.57 27363.20 29032.00 29582.03 29998.65 28779.23 26813.18 23761.12 22522.98
4650.64 16903.35 23983.47 27192.34 28835.40 29923.75 30022.05 27981.10 26340.39 23655.79 22080.61
4737.24 17085.91 23639.41 27470.87 29392.45 30103.97 30127.38 28276.01 26588.49 23637.07 22647.02
4723.20 16851.86 24315.83 27133.83 28950.09 30036.09 30106.31 28161.33 26469.12 23735.37 22019.76
4582.77 17095.27 23733.03 27227.45 28957.11 30223.34 29780.98 28407.08 26419.97 23828.99 22094.66
4575.75 17179.53 23873.46 27094.04 29191.16 29853.53 29612.46 28341.55 26913.82 23531.75 21891.03
4596.81 17165.49 23707.29 26960.63 28989.88 30162.48 29961.20 28603.69 26410.60 23747.08 22059.55
4652.98 16893.99 24041.98 27318.73 29156.05 30113.33 29869.92 28100.47 26291.24 23768.14 22017.42
4592.13 16793.34 23910.91 27215.75 29097.54 30146.10 29633.52 28238.56 26478.48 23770.48 22214.02
4744.27 16886.97 23616.01 26993.40 28723.05 30057.16 29947.15 28252.61 26263.15 23583.24 22106.36
4447.02 17057.82 23894.53 27187.66 28655.18 29785.66 29935.45 28297.08 26251.45 23761.12 21907.41
4559.36 17041.44 23601.96 27384.27 28704.33 29603.10 29874.60 27948.34 26457.42 23513.02 22333.39
4498.51 17071.87 23906.23 27513.00 28905.62 29933.11 30085.25 28032.60 26403.58 23807.93 22132.11
4552.34 17015.69 23583.24 27016.80 29163.08 30057.16 29818.42 28088.77 26436.35 23772.82 21954.22
4631.92 17036.76 23611.32 27129.15 29188.82 29947.15 29757.57 28187.07 26349.75 23690.90 21986.99
4500.85 16596.74 23726.01 27192.34 29158.39 29694.38 30132.06 28119.20 26331.03 23508.34 22057.21
4606.17 17092.93 23775.16 27012.12 28858.81 29806.72 29916.73 28219.84 26347.41 23506.00 22331.05
4655.33 16402.47 23508.34 27292.99 28931.36 30052.48 29771.61 28545.17 26492.52 23679.20 21919.12
4786.40 17214.64 24030.28 26986.38 28912.64 29710.76 29771.61 28163.67 26253.79 23728.35 21956.57
4561.70 17275.49 23754.10 27061.27 28936.04 29745.87 29790.34 28116.86 26401.24 23690.90 22129.77
4702.14 17128.04 23637.07 27000.42 28945.41 29858.21 29940.13 28404.74 26281.88 23857.08 22281.90
4601.49 16912.71 23704.95 27475.55 29120.95 29738.85 30342.70 28386.02 26728.92 23939.00 22228.07
4716.18 16891.65 23999.85 27351.50 29207.55 29816.08 29832.47 28573.26 26565.08 23772.82 21972.95
4582.77 16966.54 23988.15 26864.67 28966.47 29722.46 29811.40 28126.22 26434.01 24060.71 21968.27
4552.34 16856.54 24105.18 27164.26 29106.90 29970.56 29944.81 28491.34 26611.89 23367.91 22207.00
4676.39 16809.73 23690.90 27250.86 29020.30 29490.75 29909.71 28023.23 26431.67 23714.31 22127.42
4547.66 16940.80 23503.66 27012.12 29247.33 29792.68 29696.72 28065.36 26401.24 23585.58 22050.19
4624.90 16809.73 23669.84 26946.59 28992.22 29673.31 29872.26 28177.71 26553.38 23585.58 22434.03
4585.11 16903.35 23847.72 27211.07 29125.63 30096.95 29900.34 28334.53 26183.57 23704.95 21867.63
4477.44 17055.48 24023.26 27328.10 28980.51 30050.14 30162.48 28276.01 26469.12 24030.28 22230.41
4706.82 16954.84 23751.76 27218.09 29003.92 29717.78 30059.50 28187.07 26546.36 23744.73 22263.18
4620.22 17076.55 23770.48 27290.65 29284.78 29837.15 30087.59 28226.86 26431.67 23833.68 22136.79
4620.22 17008.67 24074.75 27159.58 29308.19 29928.43 29883.96 28376.66 26747.64 23667.50 22333.39
4575.75 16954.84 24058.37 27562.15 29301.17 29818.42 29902.68 28109.83 26485.50 23866.44 22134.45
4514.89 17074.21 23604.30 27295.33 29104.56 30040.78 29977.58 28332.18 26693.81 23758.78 21921.46
4538.30 16994.63 24016.24 27489.59 29310.53 29673.31 30029.07 28374.31 26595.51 23772.82 22078.27
4697.46 17032.08 23838.36 27096.38 29329.25 29663.95 29900.34 28472.62 26445.71 23751.76 22061.89
4629.58 17095.27 24065.39 26998.08 29177.12 29813.74 29984.60 28273.67 26272.51 23765.80 21914.44
4631.92 17062.51 23559.83 26916.16 28889.23 29804.38 29776.30 27955.36 26476.14 23793.89 22150.83
4465.74 16854.20 23723.67 26852.97 28814.34 29879.28 29975.24 28149.62 26419.97 23709.63 22136.79
4603.83 17088.25 23957.72 27178.30 29247.33 30075.88 29738.85 27974.08 26541.68 23367.91 21926.14
4718.52 17057.82 23929.64 27325.75 29280.10 30052.48 30291.21 28121.54 26221.02 23931.98 22029.12
4465.74 16652.91 23936.66 27339.80 29085.84 29741.19 29696.72 28322.82 26647.00 23494.30 22155.51
4690.43 16994.63 23866.44 26925.52 29247.33 30017.37 29874.60 28430.49 26328.69 23779.84 22064.23
4664.69 16980.59 23592.60 27211.07 28940.72 29970.56 30000.99 28194.09 26272.51 23597.28 22485.53
4723.20 17020.38 23866.44 27620.66 29457.98 30244.40 30637.61 28584.96 26473.80 24009.22 22293.60
4697.46 17062.51 24325.19 27250.86 29549.26 29795.02 30340.36 28334.53 26749.98 24116.88 22375.52
4652.98 17062.51 24121.56 27412.35 29228.61 30122.69 30534.63 28318.14 26780.41 23950.70 22483.19
4585.11 16692.70 23964.75 27482.57 29195.84 29855.87 30223.34 28720.71 26565.08 23948.36 22108.70
4589.79 17128.04 24292.42 27285.97 29603.10 30199.93 30061.84 28549.85 26710.19 24023.26 22408.29
4662.35 17088.25 23892.19 27075.32 29364.36 30380.15 30228.02 28573.26 26728.92 23866.44 22375.52
4676.39 17390.18 23637.07 27489.59 29483.73 30277.17 30305.26 28371.97 27058.93 23931.98 22251.47
4734.90 17092.93 23754.10 27557.47 29223.93 30082.91 30052.48 28432.83 26628.27 23819.63 22593.19
4685.75 17097.61 23473.23 27190.00 29355.00 30228.02 30143.76 28346.23 26567.42 24140.29 22558.08
4568.73 17046.12 23702.61 27520.02 29366.70 30052.48 30103.97 28510.07 26445.71 23630.05 22075.93
4456.38 17062.51 23784.52 27239.15 29383.09 30085.25 30433.99 28563.90 26869.35 23688.56 22338.07
4552.34 16975.91 23702.61 27030.85 29186.48 30169.51 29963.54 28294.74 26522.95 23763.46 22370.84
4716.18 17048.46 23960.06 27438.10 29149.03 29961.20 29930.77 28451.55 26476.14 23426.42 22270.20
4493.83 17088.25 23969.43 27166.60 28985.19 29869.92 29928.43 28102.81 26712.53 23740.05 22024.44
4557.02 16961.86 23721.33 26604.87 29170.10 29455.64 29682.67 28002.17 26422.31 23728.35 21951.88
4610.86 16769.94 23253.22 26703.17 28591.98 29673.31 29706.08 28245.58 26623.59 23527.06 21860.60
4528.94 16732.49 23639.41 26944.25 28961.79 29312.87 29816.08 28268.99 26129.74 23655.79 22075.93
4503.19 16943.14 23616.01 27201.71 28872.85 29830.13 29776.30 28144.94 26394.22 23803.25 21994.01
4559.36 16697.38 23702.61 27161.92 28819.02 29490.75 29682.67 28135.58 26710.19 23836.02 22010.40
4566.39 16730.15 23733.03 27520.02 28954.77 29879.28 29734.17 28266.65 26349.75 23632.39 22045.51
4587.45 16800.37 23892.19 27204.05 29191.16 30164.82 29846.51 28254.95 26583.80 23990.49 21848.90
4650.64 17116.34 23850.06 27295.33 28896.25 29785.66 30213.98 28676.24 26859.99 23903.89 22265.52
4688.09 17186.55 23571.54 27213.41 29235.63 29670.97 30246.74 28470.28 26635.30 23531.75 22104.02
4458.72 17245.07 23868.78 26948.93 29427.56 29914.39 30426.96 28685.61 26705.51 23772.82 22218.71
4592.13 17055.48 23957.72 27508.32 28709.01 30129.72 30066.52 28114.52 26684.45 23709.63 22338.07
4706.82 16578.01 23903.89 26960.63 29013.28 29788.00 30347.39 28568.58 26548.70 23704.95 22141.47
4709.16 17041.44 24004.53 27442.78 29088.18 30003.33 29816.08 28297.08 26471.46 24041.98 22338.07
4599.15 17020.38 24086.45 27180.64 29020.30 29809.06 30068.86 28133.24 26525.29 23784.52 22480.85
4587.45 17238.05 23992.83 27358.52 28734.76 29776.30 30192.91 28374.31 26272.51 23686.22 21986.99
4601.49 17114.00 23686.22 27154.90 29380.74 29797.36 30012.69 28636.45 26490.18 23971.77 22422.33
4596.81 16957.18 23957.72 27236.81 29397.13 29956.52 29701.40 28386.02 26607.21 24023.26 21991.67
4601.49 17160.81 24051.34 27225.11 29120.95 30312.28 29886.30 28975.83 26799.13 23707.29 22232.75
4657.67 16774.62 23854.74 27576.19 29032.00 30415.26 30195.25 28517.09 26459.76 23770.48 22380.20
4617.88 16931.44 23814.95 27407.67 29237.97 29837.15 30010.35 28545.17 26771.05 23850.06 22120.40
4699.80 16957.18 23843.04 27154.90 29172.44 30036.09 30398.88 28177.71 26658.70 23576.22 22228.07
4596.81 17029.74 23775.16 27133.83 29188.82 29788.00 30279.51 28496.02 26281.88 24060.71 22108.70
4620.22 16898.67 23943.68 27030.85 29118.60 29806.72 30375.47 28395.38 26506.57 23798.57 22530.00
4667.03 16964.20 23714.31 27548.11 29331.59 30080.56 30398.88 28535.81 26878.71 23693.24 22260.84
4526.60 17135.06 24208.16 27318.73 29186.48 30298.23 30178.87 28409.42 26939.57 23744.73 22527.66
4692.77 17207.62 24084.11 27737.69 29254.36 30340.36 30085.25 28407.08 26492.52 23709.63 22476.16
4730.22 17076.55 23964.75 27604.28 29411.17 30235.04 30630.59 28505.38 26829.56 24093.47 22272.54
4624.90 16966.54 24072.41 27679.18 29535.22 30492.50 30382.49 28652.84 26733.60 24184.76 22302.96
4730.22 17502.53 24222.20 27435.76 29296.49 29972.90 30139.08 28252.61 27068.30 23828.99 22750.01
4718.52 17202.94 24423.49 27653.43 29214.57 30398.88 30396.54 28762.84 26829.56 24023.26 22462.12
4720.86 17172.51 24198.80 27564.49 29425.22 30148.44 30279.51 28783.91 26597.85 24039.64 22511.27
4718.52 17235.70 23772.82 27131.49 29516.50 30139.08 30450.37 28348.57 26761.69 23625.37 22471.48
4697.46 17186.55 23955.38 27445.12 29518.84 30174.19 30300.58 28582.62 26930.20 24025.60 22391.91
4786.40 16910.37 24257.31 27426.40 29694.38 30246.74 30326.32 28355.59 26436.35 23964.75 22656.39
4582.77 17099.95 24091.13 27524.70 29195.84 29912.05 30267.81 28769.86 26782.75 23831.33 22391.91
4615.54 17149.11 24133.26 27552.79 29326.91 30108.65 30838.90 29088.18 26745.30 24030.28 22242.11
4610.86 16893.99 24379.02 27524.70 29130.31 30178.87 30464.41 28489.00 26918.50 24070.07 22256.15
4650.64 16952.50 23903.89 27393.63 29673.31 30162.48 30136.74 28882.21 26497.20 24084.11 22272.54
4657.67 17167.83 24159.01 27562.15 29034.35 30354.41 30295.89 28608.37 26857.65 23917.93 22225.73
4573.41 17022.72 24201.14 27608.96 29352.66 30033.75 30054.82 28498.36 26661.04 23892.19 22202.32
4762.99 17224.00 24079.43 27304.69 29289.46 29991.62 30422.28 28439.85 26703.17 23756.44 22539.36
4634.26 17254.43 24004.53 27410.01 29542.24 30555.69 30534.63 28439.85 26867.01 24276.04 22522.98
4706.82 17270.81 24388.38 27566.83 29465.00 30185.89 30417.60 29020.30 27138.51 23777.50 22640.00
4723.20 17214.64 23756.44 27105.74 29486.07 30031.41 30153.12 28465.60 26551.04 23953.04 22141.47
4781.71 17266.13 23772.82 27402.99 29179.46 30593.14 30520.59 28734.76 26864.67 24058.37 22511.27
4695.11 16833.13 24006.87 27597.26 29198.18 30267.81 30345.05 28390.70 26876.37 24390.72 22419.99
4643.62 17067.19 24147.31 27714.28 29242.65 29951.84 29905.02 28479.64 26721.90 23697.92 22546.38
4601.49 16987.61 23800.91 27447.46 29479.05 30192.91 30221.00 28364.95 27047.23 24018.58 22331.05
4627.24 17235.70 23955.38 27152.55 29429.90 30204.61 30405.90 28856.46 26869.35 23747.08 22361.48
4664.69 17067.19 23981.13 27372.57 29530.54 29970.56 30057.16 28362.61 26649.34 23686.22 22684.47
4702.14 17163.15 23931.98 27393.63 29078.82 30008.01 30089.93 28671.56 26536.99 23674.52 22284.24
4580.43 17181.87 23770.48 27227.45 29146.69 30415.26 30195.25 28325.16 26696.15 23828.99 22139.13
4662.35 16936.12 23183.01 27374.91 28767.52 29638.20 30019.71 28371.97 26480.82 23939.00 22045.51
4587.45 17076.55 23981.13 27325.75 29212.23 30183.55 30345.05 28226.86 26518.27 23695.58 22036.14
4580.43 17280.18 24037.30 27377.25 29167.76 29895.66 29825.45 28287.71 26354.43 23653.45 22106.36
4634.26 16971.22 23896.87 27620.66 28776.89 30031.41 30141.42 28048.98 26583.80 23522.38 22141.47
4568.73 17137.40 23541.11 27171.28 29259.04 30015.03 29675.65 28348.57 26815.52 23812.61 21916.78
4587.45 16697.38 23761.12 27239.15 29095.20 29734.17 30143.76 28196.43 26342.73 23599.62 22216.36
4535.96 16912.71 23922.62 27246.18 29287.12 29926.09 29986.94 28053.66 26279.54 23800.91 21982.31
4606.17 16851.86 23583.24 27119.79 29017.96 29734.17 29898.00 28187.07 26511.25 23555.15 22242.11
4613.20 17022.72 23939.00 27009.78 29039.03 29607.78 30143.76 28283.03 26092.29 23536.43 21771.66
4585.11 16844.84 23627.71 26693.81 28606.03 29495.43 29729.48 28072.39 26157.83 23482.59 21886.35
4648.30 16755.90 23688.56 27028.51 28615.39 29425.22 29418.19 27810.25 26155.49 23370.25 21710.81
4613.20 16702.06 23723.67 26934.88 28858.81 29607.78 29731.83 28187.07 25975.27 23489.62 21664.00
4571.07 16578.01 23110.45 26506.57 28379.00 29324.57 29446.28 28079.41 26316.98 23363.23 21731.87
4531.28 16573.33 23768.14 26862.33 28762.84 29537.56 29745.87 28025.57 26160.17 23506.00 21935.50
4552.34 16865.90 23410.04 26815.52 28631.77 29319.89 29563.31 28037.28 25748.23 23456.85 21844.22
4559.36 16697.38 23311.74 26740.62 28964.13 29397.13 29750.55 27775.14 25582.06 23190.03 21792.73
4634.26 16753.55 23194.71 26595.51 28402.40 29509.47 29703.74 27819.61 26118.04 23056.62 21764.64
4566.39 16819.09 23538.77 26691.47 28690.29 29303.51 29832.47 27805.56 26115.70 23346.84 21940.18
4517.23 16882.28 23754.10 26822.54 28299.42 29757.57 29537.56 27697.90 26232.72 23307.05 21956.57
4521.92 16992.29 23761.12 27197.02 28716.03 29362.02 29549.26 27901.53 26354.43 23459.19 21699.11
4627.24 16800.37 23655.79 27166.60 28922.00 29750.55 29685.01 27955.36 26328.69 23461.53 22040.82
4636.60 16886.97 23681.54 27236.81 28465.60 29603.10 29745.87 27821.95 26424.65 23566.85 21926.14
4608.51 17219.32 24006.87 27065.96 28519.43 29518.84 29834.81 28245.58 26326.35 23730.69 21832.52
4645.96 16723.13 23653.45 26885.73 28964.13 30052.48 29839.49 28020.89 26136.76 23489.62 21933.16
4617.88 17181.87 23669.84 27105.74 28718.37 29752.89 29666.29 28004.51 26267.83 23498.98 22305.31
4514.89 16896.33 23805.59 27225.11 28980.51 29972.90 30033.75 28217.50 26597.85 23508.34 21799.75
4608.51 16915.05 23618.35 27157.24 28643.48 30286.53 29755.23 27929.61 26134.42 23718.99 22064.23
4517.23 17062.51 23639.41 27051.91 29256.70 29710.76 29680.33 28039.62 26038.46 23545.79 22101.68
4582.77 16917.39 23445.15 26988.72 29174.78 29713.10 29848.85 27948.34 26422.31 23562.17 22099.34
4566.39 16926.75 23777.50 27262.56 28851.78 29804.38 29898.00 27953.02 26150.81 23440.47 21996.35
4624.90 17013.35 23920.28 27264.90 29244.99 29900.34 29717.78 28233.88 26129.74 23625.37 21738.90
4477.44 16915.05 23414.72 27049.57 28821.36 29532.88 29846.51 28144.94 26209.32 23653.45 22005.72
4559.36 16992.29 23686.22 27204.05 29109.24 29659.27 29886.30 27744.71 26422.31 23538.77 21893.37
4540.64 16819.09 23541.11 27056.59 28802.63 29457.98 29518.84 27967.06 26052.50 23679.20 21830.18
4559.36 16671.64 23611.32 26740.62 29085.84 29862.90 29689.70 27733.01 25886.32 23353.87 21954.22
4587.45 16578.01 23297.69 26944.25 28982.85 29907.37 29935.45 28161.33 26183.57 23398.34 22054.87
4636.60 17198.26 23779.84 26878.71 28922.00 29413.51 30031.41 28304.10 26071.23 23751.76 21879.33
4624.90 17046.12 23744.73 26920.84 28720.71 29645.23 29813.74 27917.91 26324.01 23489.62 22127.42
4437.66 16957.18 23852.40 26731.26 28849.44 29862.90 30040.78 28233.88 26565.08 23651.11 21692.08
4578.09 16816.75 23644.09 27182.98 28929.02 29706.08 29914.39 28325.16 26274.85 23550.47 22089.98
4535.96 17039.10 23999.85 27154.90 29284.78 30015.03 29809.06 28336.87 26354.43 23604.30 22071.25
4620.22 17170.17 23749.42 27386.61 29184.14 30136.74 29993.97 28311.12 26525.29 23805.59 22099.34
4648.30 17043.78 23964.75 27388.95 29186.48 30043.12 29799.70 28149.62 26340.39 23503.66 22260.84
4781.71 17020.38 23756.44 27461.51 29069.45 30139.08 30038.44 28357.93 26539.33 23873.46 22164.87
4777.03 17050.80 24023.26 27339.80 29486.07 29575.01 29713.10 28175.37 26689.13 23559.83 22342.75
4587.45 17074.21 23920.28 27253.20 28868.17 29984.60 30148.44 28313.46 26637.64 23995.17 22307.65
4681.07 17041.44 24194.12 27220.43 29188.82 30033.75 30352.07 28294.74 26529.97 23903.89 22099.34
4542.98 16889.31 23358.55 27765.78 28943.06 29898.00 29839.49 28142.60 26391.88 23964.75 22050.19
4507.87 17109.32 23878.15 27220.43 29244.99 29841.83 30249.08 28531.13 26752.32 23770.48 22188.28
4482.13 17125.70 23828.99 27178.30 29090.52 29722.46 30162.48 28657.52 26684.45 23824.31 22136.79
4702.14 17172.51 23999.85 27487.25 29191.16 30307.60 30305.26 28589.64 27080.00 23726.01 21888.69
4610.86 16542.91 23882.83 26937.23 29170.10 29811.40 30506.54 28524.11 26483.16 23826.65 22164.87
4704.48 16769.94 23758.78 27402.99 29008.60 30012.69 29933.11 28318.14 26691.47 23517.70 22167.21
4645.96 17245.07 24170.71 27503.64 29551.60 30010.35 30160.14 28032.60 26501.89 24201.14 22293.60
4695.11 17125.70 23819.63 27566.83 29008.60 30113.33 30398.88 28388.36 27005.10 23782.18 22331.05
4624.90 17118.68 23620.69 27124.47 29380.74 30015.03 30340.36 28514.75 26705.51 24191.78 22040.82
4915.12 17020.38 24027.94 27302.35 29032.00 30045.46 30361.43 28465.60 26852.97 24217.52 22293.60
4486.81 16994.63 23910.91 27328.10 29078.82 29886.30 30141.42 28416.44 26869.35 23660.48 22209.34
4580.43 17312.94 23803.25 27292.99 29207.55 30359.09 30270.15 28671.56 26986.38 23777.50 22448.08
4676.39 17153.79 24137.94 27594.92 29270.74 30115.67 30188.23 28650.50 26757.00 23686.22 22097.00
4709.16 17083.57 24173.05 27782.16 29638.20 29991.62 30359.09 28402.40 27019.14 24180.07 22473.82
4671.71 17062.51 24243.27 27459.16 29563.31 29949.50 30242.06 28697.31 27061.27 23913.25 22291.26
4695.11 17146.76 24079.43 27344.48 29369.04 30342.70 30338.02 28528.79 26859.99 24067.73 22640.00
4566.39 17275.49 24009.22 27229.79 29603.10 30237.38 30263.13 28662.20 27033.19 23950.70 22436.38
4578.09 17516.57 24030.28 28194.09 29687.36 30162.48 30132.06 28673.90 26691.47 24261.99 22471.48
4603.83 17188.89 23742.39 27442.78 29317.55 30356.75 30209.29 28439.85 26656.36 24140.29 22174.24
4737.24 17329.33 23896.87 27484.91 29677.99 30319.30 30380.15 28442.19 27108.08 23892.19 22485.53
4610.86 17174.85 23999.85 27365.54 29338.62 29818.42 30368.45 28751.14 26972.33 24107.52 22122.74
4720.86 17216.98 23920.28 27367.88 29261.38 30244.40 30092.27 28467.94 26988.72 23754.10 22387.22
4669.37 17294.22 23988.15 27405.33 29685.01 30206.95 30471.43 28849.44 26951.27 23920.28 22331.05
4704.48 17135.06 23943.68 27641.73 29326.91 29940.13 30412.92 28699.65 26829.56 24142.63 22607.23
4606.17 17067.19 24173.05 27264.90 29708.42 30541.65 30232.70 28706.67 26780.41 24327.53 22410.63
4664.69 17287.20 24177.73 27402.99 29532.88 30539.31 30387.18 28311.12 27103.40 24163.69 22387.22
4657.67 17273.15 23667.50 27709.60 29481.39 29996.31 30448.03 28561.56 26754.66 23852.40 22052.53
4667.03 17118.68 23761.12 27332.78 29099.88 30410.58 30141.42 28622.41 26600.19 24151.99 22717.24
4610.86 17020.38 24027.94 27119.79 29380.74 30682.08 30068.86 28088.77 26558.06 23941.34 22389.56
4608.51 16954.84 23850.06 27576.19 29097.54 30235.04 30157.80 28474.96 26525.29 24107.52 22066.57
4695.11 17090.59 23962.40 27178.30 29366.70 30078.22 30022.05 28283.03 26464.44 23845.38 22370.84
4564.04 16856.54 24123.90 27058.93 29071.79 29593.73 29937.79 28257.29 26286.56 23648.77 22207.00
4397.87 16776.96 23606.64 27054.25 29350.32 29832.47 29694.38 27985.79 26735.94 23606.64 22216.36
4596.81 16868.24 23821.97 26728.92 29088.18 29682.67 29923.75 28123.88 26424.65 23789.20 22199.98
4678.73 17097.61 23536.43 27218.09 29209.89 29692.04 29797.36 28233.88 26607.21 23307.05 21956.57
4655.33 16901.01 23864.10 26988.72 29090.52 29841.83 29769.27 28336.87 26384.86 23878.15 22040.82
4552.34 16901.01 23960.06 27087.02 28781.57 29572.67 29434.58 27934.29 26204.64 23398.34 21584.42
4477.44 16889.31 23300.03 26639.98 28753.48 29610.12 29404.15 27992.81 25902.71 23410.04 21656.98
4662.35 16915.05 23669.84 27435.76 29048.39 29497.77 29748.21 27929.61 26185.91 23726.01 22141.47
4622.56 16802.71 24034.96 27119.79 28835.40 29509.47 29511.81 27901.53 26129.74 23330.46 22010.40
4842.57 16863.56 23386.63 26993.40 28985.19 29706.08 29771.61 27988.13 26108.68 23669.84 22146.15
4557.02 16854.20 24098.16 26932.54 28765.18 29734.17 29766.93 27955.36 26265.49 23318.76 21748.26
4493.83 16849.52 23679.20 27131.49 28765.18 29720.12 29500.11 28098.13 26389.54 23183.01 21720.17
4573.41 16858.88 23414.72 26766.37 28582.62 29600.76 29596.07 27676.83 26237.41 23468.55 22026.78
4592.13 16709.08 23396.00 27042.55 28809.65 29371.38 29919.07 28238.56 25881.64 23398.34 22122.74
4767.67 17015.69 23714.31 27005.10 28907.96 29567.99 29575.01 28381.34 26373.16 23513.02 21820.81
4753.63 16868.24 23634.73 27194.68 29429.90 29862.90 29567.99 28058.34 26405.92 23604.30 22298.28
4571.07 17055.48 23964.75 27285.97 29088.18 29827.79 30113.33 28009.19 26335.71 23571.54 21811.45
4554.68 16697.38 23644.09 26951.27 29497.77 29865.24 29689.70 28163.67 26611.89 23704.95 21645.27
4685.75 16746.53 23943.68 27122.13 28790.93 29558.63 29984.60 28173.03 26274.85 23227.48 22094.66
4681.07 17092.93 23606.64 26850.63 29188.82 29413.51 29720.12 28254.95 26356.77 23534.09 21895.71
4592.13 17039.10 23421.74 26862.33 28671.56 29642.88 29738.85 27784.50 26288.90 23599.62 21881.67
4519.57 16891.65 23639.41 27175.96 29106.90 29956.52 29572.67 27950.68 26197.62 23651.11 21825.50
4652.98 16650.57 23714.31 27248.52 29198.18 29823.11 29734.17 28173.03 26405.92 23543.45 21944.86
4774.69 17144.42 23857.08 27199.37 29289.46 30045.46 30066.52 28341.55 26625.93 23410.04 21895.71
4601.49 16936.12 23709.63 27082.34 29303.51 30050.14 29731.83 27833.65 26389.54 23931.98 22157.85
4535.96 17050.80 23885.17 27157.24 29078.82 29862.90 29893.32 28400.06 26649.34 23939.00 21933.16
4596.81 17221.66 23501.32 27232.13 29165.42 29832.47 30019.71 28554.54 26490.18 23580.90 22061.89
4580.43 17064.85 23838.36 27136.17 29097.54 29715.44 30094.61 28070.04 26181.23 23503.66 22132.11
4739.58 16753.55 23960.06 27000.42 28975.83 29530.54 29755.23 28395.38 26359.11 23426.42 22061.89
4613.20 17186.55 23747.08 27124.47 28854.12 30038.44 30038.44 28308.78 26511.25 23676.86 21912.10
4622.56 17099.95 24123.90 27262.56 29390.11 29979.92 29956.52 28215.16 26857.65 23704.95 22181.26
4629.58 17048.46 23683.88 27285.97 29034.35 29860.55 30019.71 27988.13 26663.38 23442.81 22015.08
4601.49 17125.70 23838.36 26941.91 29282.44 29890.98 29949.50 28486.66 26242.09 23522.38 22043.17
4702.14 17090.59 24009.22 27283.62 29172.44 29809.06 29825.45 28268.99 26611.89 23222.80 22038.48
4538.30 16814.41 23555.15 27005.10 28936.04 29738.85 29752.89 28226.86 26206.98 23658.14 21668.68
4760.65 16980.59 23810.27 27103.40 29355.00 29783.32 29986.94 28266.65 26300.60 23384.29 21869.97
4573.41 17060.16 23398.34 27145.53 28854.12 29535.22 29635.86 28086.43 26338.05 23651.11 21717.83
4447.02 17205.28 23428.76 27072.98 29022.64 29813.74 29853.53 28025.57 25909.73 23529.41 22026.78
4519.57 16781.64 23548.13 26977.01 28554.54 29553.94 30082.91 27999.83 26405.92 23569.19 21933.16
4704.48 16865.90 24053.69 27178.30 29060.09 29724.80 29696.72 28369.63 26253.79 23594.94 21792.73
4589.79 17057.82 23791.55 27225.11 28643.48 29788.00 30150.78 28084.09 26349.75 23372.59 22239.77
4615.54 17039.10 23866.44 27264.90 29193.50 29663.95 29972.90 28278.35 26424.65 23587.92 22127.42
4610.86 17043.78 23779.84 27000.42 29050.73 29986.94 29867.58 28299.42 26518.27 23573.88 21776.34
4617.88 17025.06 23929.64 26871.69 28730.08 29727.14 29745.87 27995.15 26382.52 23608.98 21928.48
4533.62 16798.02 23744.73 27147.87 28858.81 29652.25 29624.16 28194.09 26157.83 23379.61 21790.39
4667.03 17078.89 23733.03 26878.71 28652.84 29570.33 29706.08 28369.63 26043.14 23658.14 21942.52
4533.62 16805.05 23623.03 27229.79 28636.45 29778.64 29514.16 27920.25 26342.73 23627.71 22029.12
4512.55 16889.31 23644.09 26803.82 28720.71 30017.37 29626.50 28107.49 26293.58 23260.24 21942.52
4772.35 16989.95 23496.64 27007.44 28697.31 29544.58 29420.53 28072.39 26015.05 23489.62 21970.61
4514.89 16879.94 23784.52 27140.85 28865.83 29743.53 29673.31 28287.71 26572.10 23845.38 22031.46
4594.47 16634.19 23999.85 26492.52 29167.76 29708.42 29806.72 28102.81 26389.54 23489.62 21553.99
4512.55 16854.20 23878.15 27292.99 28914.98 29874.60 29610.12 27988.13 26164.85 23517.70 22017.42
4638.94 16968.88 23604.30 27129.15 29371.38 29713.10 29706.08 27812.59 26508.91 23641.75 21994.01
4655.33 17015.69 23948.36 27070.64 28893.91 29525.86 29993.97 28489.00 26235.06 23316.42 21961.25
4550.00 16592.06 23601.96 26824.88 28524.11 29504.79 29837.15 28105.15 26307.62 23566.85 21991.67
4702.14 16980.59 23634.73 26913.82 28975.83 29301.17 29907.37 28173.03 26134.42 23381.95 21741.24
4610.86 17268.47 23536.43 26831.90 28821.36 29652.25 29979.92 27868.76 26134.42 23161.94 21963.59
4580.43 16931.44 23452.17 27040.21 28924.34 29804.38 29956.52 28224.52 26279.54 23435.78 21888.69
4571.07 16816.75 23859.42 27084.68 29153.71 29928.43 29649.91 28098.13 26338.05 23630.05 22005.72
4587.45 16795.68 23779.84 27094.04 28762.84 29855.87 30057.16 27896.85 26396.56 23541.11 21865.28
4519.57 16856.54 23576.22 26579.12 28472.62 29837.15 29518.84 27894.50 26085.27 23461.53 21820.81
4601.49 16727.81 23545.79 26878.71 28720.71 29347.98 29556.28 27866.42 26331.03 22838.95 21570.38
4800.44 16992.29 23606.64 26703.17 28685.61 29242.65 29528.20 27927.27 26380.18 23281.31 21642.93
4554.68 16704.40 23414.72 26902.12 28655.18 29621.82 29329.25 27789.18 25935.48 23157.26 21935.50
4734.90 16776.96 23611.32 26827.22 28685.61 29652.25 29504.79 27885.14 25930.80 23440.47 21949.54
4477.44 16973.56 23763.46 26768.71 28870.51 29436.92 29390.11 27971.74 26071.23 23325.78 21991.67
4486.81 16704.40 23466.21 27091.70 29308.19 29841.83 29736.51 28151.96 26422.31 23227.48 21961.25
4498.51 16975.91 23470.89 26967.65 28781.57 29476.71 29362.02 27943.66 26202.30 23323.44 21532.93
4557.02 16858.88 23520.04 27178.30 29106.90 29509.47 29570.33 28119.20 26120.38 23587.92 21928.48
4655.33 16968.88 23531.75 27044.89 29067.11 29902.68 29830.13 28135.58 25916.75 23281.31 21806.77
4552.34 17106.98 23871.12 27206.39 28938.38 29582.03 29844.17 28226.86 26391.88 23220.45 22153.17
4606.17 16896.33 23754.10 27487.25 28957.11 29944.81 29759.91 28030.26 26370.82 23459.19 22057.21
4496.17 17128.04 23510.68 27316.39 29118.60 29748.21 30129.72 28102.81 26363.79 23417.06 22054.87
4547.66 16971.22 23716.65 27215.75 29090.52 29565.65 30167.16 28353.25 26298.26 23587.92 22125.08
4585.11 16980.59 24013.90 27241.50 28905.62 29565.65 29771.61 27943.66 26574.44 23449.83 21656.98
4489.15 16779.30 23594.94 27105.74 28496.02 29689.70 29497.77 27971.74 26075.91 23498.98 21572.72
4652.98 16931.44 23585.58 27110.43 28868.17 29830.13 30050.14 28362.61 26621.25 23995.17 22164.87
4521.92 16769.94 23906.23 27112.77 28870.51 29296.49 29369.04 27824.29 26415.29 23740.05 21748.26
4479.79 16929.09 23772.82 27080.00 29001.58 29860.55 29652.25 28086.43 26127.40 23386.63 21986.99
4533.62 17158.47 23660.48 26960.63 28856.46 29680.33 29448.62 27955.36 26038.46 23323.44 21603.14
4468.08 16875.26 23482.59 26778.07 28678.58 29383.09 29474.37 27655.77 26143.78 23309.40 21612.51
4568.73 16753.55 23360.89 26981.70 28830.72 29502.45 29996.31 28048.98 26284.22 23288.33 21673.36
4540.64 16709.08 23393.65 26850.63 28521.77 29366.70 29642.88 27807.90 26071.23 23304.71 21916.78
4432.97 16526.52 23445.15 26888.07 28627.09 29593.73 29687.36 27899.19 25841.85 23297.69 21727.19
4648.30 16791.00 23365.57 26726.58 28187.07 29647.57 29397.13 27765.78 25528.22 23012.15 21930.82
4489.15 16706.74 23700.26 26228.04 28629.43 29053.07 29336.27 27796.20 25935.48 23108.11 21565.70
4489.15 16898.67 23428.76 26810.84 28833.06 29132.65 29626.50 28006.85 26214.00 22979.38 21762.30
4463.40 16802.71 23393.65 26850.63 28753.48 29429.90 29481.39 27681.52 26045.48 23131.51 21876.99
4339.35 16968.88 23660.48 27285.97 28793.27 29785.66 29898.00 28067.70 26312.30 23711.97 22019.76
4674.05 16833.13 23779.84 27021.48 28552.20 29802.04 29809.06 28212.82 26141.44 23293.01 21795.07
4575.75 16802.71 23742.39 26871.69 28954.77 29460.32 29659.27 27798.54 26221.02 23637.07 21738.90
4496.17 17069.53 23681.54 26925.52 28816.68 29659.27 29977.58 27843.01 26473.80 23431.10 21834.86
4688.09 17102.29 23777.50 26775.73 28971.15 29661.61 29685.01 28100.47 25975.27 23194.71 21991.67
4514.89 17036.76 23585.58 27190.00 29041.37 29795.02 29935.45 27775.14 26087.61 23646.43 21759.96
4662.35 16758.24 23749.42 26991.06 28872.85 29729.48 29666.29 27992.81 26412.95 23473.23 21872.31
4531.28 16910.37 23709.63 26810.84 28854.12 29769.27 29418.19 28173.03 26401.24 23543.45 21895.71
4730.22 16769.94 23667.50 27028.51 29184.14 29469.69 29773.95 27971.74 26539.33 23735.37 22064.23
4582.77 16910.37 23529.41 26810.84 29207.55 29706.08 29598.41 27487.25 26214.00 23789.20 22319.35
4575.75 17062.51 23878.15 27239.15 29074.13 30087.59 29804.38 28318.14 26534.65 23632.39 22302.96
4610.86 17099.95 23524.72 27206.39 28833.06 29930.77 29614.80 28088.77 26302.94 23777.50 21741.24
4585.11 16936.12 24002.19 27283.62 28510.07 29905.02 30010.35 28140.26 26106.34 23580.90 21921.46
4725.54 16854.20 23957.72 27400.65 29017.96 29584.37 29905.02 28231.54 26539.33 23754.10 21696.77
4596.81 16826.11 23639.41 27222.77 28769.86 29989.28 29867.58 27875.78 26218.68 23625.37 21893.37
4594.47 17146.76 24077.09 27239.15 29076.48 29940.13 29902.68 28395.38 26387.20 23201.73 21968.27
4634.26 16875.26 23726.01 27225.11 28568.58 29848.85 29799.70 28023.23 26316.98 23597.28 22089.98
4547.66 16933.78 23517.70 26974.67 29013.28 29832.47 29500.11 27463.85 26022.08 23557.49 21750.60
4580.43 16830.79 23201.73 26883.39 28636.45 29567.99 29507.13 27653.43 26005.69 23503.66 21813.79
4638.94 16788.66 23789.20 26852.97 28816.68 29228.61 29434.58 27587.89 25921.43 23370.25 21703.79
4622.56 16823.77 23346.84 26764.03 28671.56 29692.04 29493.09 28158.99 25968.24 23307.05 21820.81
4674.05 16411.84 23445.15 26539.33 28531.13 29465.00 29788.00 27833.65 26132.08 23367.91 21781.03
4566.39 16596.74 23583.24 26974.67 28753.48 29359.68 29951.84 27714.28 26579.12 23108.11 21848.90
4423.61 16854.20 23688.56 27117.45 28666.88 29191.16 29310.53 28002.17 25905.05 23442.81 21720.17
4568.73 16842.50 23456.85 26941.91 28446.87 29509.47 29247.33 27604.28 26089.95 23283.65 21647.61
4554.68 16706.74 23351.52 26780.41 28512.41 29411.17 29415.85 27880.46 26010.37 23239.18 21383.13
4631.92 16865.90 23480.25 26256.13 28545.17 29331.59 29106.90 27620.66 25982.29 23005.13 21689.74
4622.56 16669.30 23403.02 26991.06 28496.02 29336.27 29076.48 27548.11 25851.22 23047.26 21649.96
4610.86 16746.53 23363.23 26850.63 28711.35 29113.92 29483.73 27803.22 25888.67 22930.23 21720.17
4517.23 16631.85 23632.39 26668.06 28734.76 29132.65 29259.04 27700.24 25647.59 23391.31 21359.73
4650.64 16835.47 23667.50 26923.18 28243.24 29024.98 29575.01 27793.86 26085.27 23239.18 21312.92
4568.73 16582.70 23166.62 26520.61 28236.22 29081.16 28957.11 27585.55 25977.61 22836.61 21525.91
4491.49 16685.68 23480.25 27014.46 28231.54 28734.76 29106.90 27728.33 25750.57 23094.07 21401.86
4489.15 16376.73 23143.22 26661.04 28510.07 29521.18 29177.12 27665.13 25708.44 23330.46 21488.46
4423.61 16407.16 23475.57 26679.77 28456.23 28959.45 29455.64 27388.95 25905.05 22960.66 21404.20
4557.02 16484.39 23274.29 26501.89 28416.44 29013.28 29373.72 27660.45 25865.26 23115.13 21855.92
4503.19 16531.20 23304.71 26824.88 28498.36 28631.77 29041.37 27339.80 26047.82 22986.40 21558.67
4580.43 16575.67 23150.24 26141.44 28292.40 29181.80 29067.11 27058.93 25619.50 22951.29 21411.22
4587.45 16615.46 23414.72 26157.83 28631.77 29081.16 28711.35 27470.87 25799.73 22960.66 21542.29
4566.39 16678.66 22984.06 26698.49 28243.24 29083.50 28907.96 27379.59 25764.62 23035.55 21373.77
4681.07 16732.49 23323.44 26752.32 28383.68 29198.18 29291.80 27510.66 25727.17 22944.27 21455.69
4608.51 16671.64 23438.12 26485.50 28641.14 28912.64 28952.43 27623.00 25806.75 22932.57 21502.50
4573.41 16437.58 23185.35 26806.16 28638.80 28830.72 29085.84 27466.19 25507.16 23180.67 21465.05
4425.95 16489.07 23374.93 26581.46 28259.63 28999.24 29001.58 27754.07 25839.51 23447.49 21692.08
4503.19 16690.36 23297.69 26424.65 28304.10 29104.56 29092.86 27220.43 25694.40 22946.61 21813.79
4561.70 16695.04 23370.25 26597.85 28142.60 29553.94 29383.09 27321.07 25694.40 23440.47 21825.50
4393.19 16833.13 23363.23 26426.99 28341.55 29364.36 29081.16 27534.06 25900.37 23056.62 21600.80
4521.92 17062.51 23335.14 26408.26 28481.98 29376.06 29244.99 27800.88 25598.44 23747.08 21359.73
4545.32 16650.57 23166.62 26841.26 28652.84 29254.36 29570.33 27639.39 26073.57 23000.44 21380.79
4603.83 16758.24 23662.82 26270.17 28800.29 29376.06 29322.23 27625.34 25954.20 22923.21 21610.17
4526.60 16741.85 23183.01 26876.37 28477.30 29039.03 29432.24 28006.85 26157.83 23260.24 21799.75
4571.07 16835.47 23293.01 26462.10 28432.83 29202.86 29160.73 27716.62 25773.98 23199.39 21809.11
4552.34 16622.48 23386.63 26864.67 28418.78 29462.66 29493.09 27608.96 25710.78 23241.52 21479.10
4559.36 16704.40 23697.92 27021.48 28479.64 29261.38 29074.13 27377.25 25891.01 23147.90 21303.56
4489.15 16475.03 23293.01 26852.97 28531.13 29296.49 28985.19 27585.55 25642.91 23117.47 21598.46
4557.02 16662.27 23398.34 26897.44 28231.54 29200.52 29652.25 27957.70 25961.22 22960.66 21638.25
4585.11 16601.42 23398.34 26848.29 28610.71 29401.81 28905.62 27718.96 25982.29 23309.40 21947.20
4589.79 16711.42 23548.13 26534.65 28287.71 29350.32 29446.28 27901.53 25785.68 23285.99 21926.14
4428.29 16685.68 23040.23 26658.70 28540.49 29525.86 29645.23 27786.84 25881.64 23293.01 21673.36
4610.86 16870.58 23222.80 26979.36 28877.53 29399.47 29731.83 27718.96 26040.80 23096.41 21692.08
4683.41 16903.35 23646.43 26984.04 28765.18 29483.73 29340.96 28142.60 26019.74 23253.22 21549.31
4505.53 16606.10 23480.25 26721.90 28732.42 29270.74 29359.68 27828.97 26106.34 23435.78 21708.47
4550.00 16695.04 23489.62 27047.23 28816.68 29488.41 29362.02 27749.39 26029.10 23484.94 21750.60
4603.83 16783.98 23908.57 26913.82 28526.45 29654.59 29539.90 28004.51 26258.47 23377.27 21703.79
4580.43 16781.64 23601.96 27035.53 28793.27 29530.54 29750.55 27847.69 26078.25 23145.56 21858.26
4643.62 16947.82 23665.16 27058.93 28673.90 29661.61 29902.68 27814.93 26235.06 23271.95 21589.10
4578.09 16798.02 23419.40 26998.08 28755.82 29603.10 29362.02 27887.48 26052.50 22941.93 21766.98
4617.88 16875.26 23831.33 26951.27 28573.26 29518.84 29359.68 27655.77 26019.74 23199.39 21759.96
4524.26 16901.01 23566.85 27028.51 28582.62 29345.64 29773.95 27957.70 25912.07 23269.61 21916.78
4697.46 16847.18 23496.64 26597.85 28884.55 29467.34 29553.94 27920.25 26223.36 23318.76 21757.62
4491.49 16762.92 23421.74 26822.54 29071.79 29291.80 29355.00 28112.17 26232.72 23557.49 21790.39
4454.04 16613.12 23435.78 26948.93 28844.76 29619.48 29474.37 28116.86 25841.85 23477.91 21844.22
4531.28 16723.13 23571.54 27061.27 28819.02 29530.54 29469.69 27920.25 26230.38 23594.94 21839.54
4725.54 16610.78 23833.68 26890.41 28552.20 29640.54 29656.93 27913.23 26309.96 23417.06 21797.41
4564.04 17011.01 23494.30 26960.63 28655.18 29816.08 29479.05 28428.15 26127.40 23686.22 21802.09
4524.26 17104.64 23370.25 27271.92 28875.19 29481.39 29640.54 27878.12 26338.05 23470.89 21797.41
4484.47 16947.82 23475.57 26656.36 28800.29 29420.53 29303.51 28128.56 25773.98 23307.05 22228.07
4697.46 16961.86 23693.24 26782.75 29172.44 29663.95 29677.99 27978.76 26143.78 23496.64 21851.24
4475.10 16688.02 23885.17 27103.40 28676.24 29500.11 29741.19 27899.19 26096.97 23323.44 22052.53
4582.77 16992.29 23997.51 26745.30 29024.98 29301.17 29883.96 28060.68 26417.63 23648.77 22092.32
4578.09 16706.74 23367.91 26995.74 29113.92 29612.46 29837.15 28151.96 26146.12 23365.57 21874.65
4655.33 16875.26 23807.93 27173.62 29071.79 29443.94 29694.38 27941.32 26705.51 23405.36 21766.98
4667.03 16769.94 23800.91 26944.25 28521.77 29947.15 29813.74 27985.79 26237.41 23456.85 21928.48
4779.37 16940.80 23655.79 27213.41 29123.29 29799.70 29895.66 28020.89 26068.89 23836.02 21991.67
4571.07 16973.56 24091.13 27145.53 29165.42 29738.85 30118.01 28222.18 26422.31 23529.41 21771.66
4695.11 17006.33 23433.44 27276.60 29081.16 29832.47 29766.93 28233.88 26199.96 23601.96 22214.02
4580.43 16945.48 23728.35 27035.53 29291.80 29825.45 29944.81 28222.18 26312.30 23707.29 22415.31
4697.46 17050.80 23971.77 27218.09 29095.20 30106.31 29612.46 28327.50 26466.78 23606.64 21935.50
4477.44 16985.27 23782.18 26988.72 28772.21 29778.64 29635.86 28009.19 26567.42 23405.36 21610.17
4709.16 16809.73 23744.73 26953.61 29064.77 29619.48 29645.23 28184.73 26291.24 23445.15 22043.17
4482.13 17055.48 23211.09 26855.31 28587.30 29563.31 29575.01 27793.86 26274.85 23285.99 21755.28
4465.74 16744.19 23665.16 26787.43 28851.78 29802.04 29647.57 27899.19 25811.43 23449.83 21832.52
4641.28 16898.67 23480.25 26647.00 28919.66 29493.09 29556.28 27875.78 26302.94 23501.32 21907.41
4493.83 16716.11 23653.45 26757.00 28631.77 29614.80 29659.27 27988.13 26120.38 23646.43 21855.92
4678.73 16891.65 23648.77 26993.40 28606.03 29481.39 29624.16 28261.97 26551.04 23632.39 22033.80
4561.70 16830.79 23819.63 26859.99 28929.02 29708.42 29912.05 27868.76 26089.95 23489.62 22073.59
4624.90 16929.09 23988.15 27274.26 28865.83 29832.47 30019.71 28004.51 26366.13 23639.41 22204.66
4645.96 17111.66 23473.23 27199.37 28872.85 29614.80 29577.35 28329.84 26221.02 23447.49 21935.50
4655.33 17111.66 23683.88 26934.88 28772.21 29474.37 30043.12 28350.91 26443.37 23477.91 22010.40
4596.81 17137.40 24032.62 27358.52 29252.02 29575.01 30003.33 28308.78 26593.17 23580.90 22108.70
4514.89 16985.27 23885.17 26747.64 28968.81 30073.54 30242.06 27950.68 26209.32 23470.89 21919.12
4634.26 17202.94 24063.05 26850.63 29132.65 29668.63 29893.32 28313.46 26312.30 23651.11 21867.63
4592.13 16865.90 23768.14 26904.46 29029.66 29720.12 29677.99 27861.74 26859.99 23625.37 22010.40
4580.43 16819.09 23803.25 27295.33 29088.18 29846.51 30043.12 28538.15 26125.06 23669.84 21958.91
4624.90 16823.77 23658.14 27070.64 29104.56 29839.49 29914.39 27913.23 26396.56 23501.32 21935.50
4645.96 17027.40 23569.19 27302.35 29172.44 29841.83 29968.22 28032.60 26443.37 23323.44 22061.89
4585.11 16898.67 23847.72 27143.19 28996.90 29741.19 29631.18 28315.80 26242.09 23857.08 21731.87
4702.14 16517.16 23843.04 27061.27 28631.77 30043.12 29872.26 28170.69 26094.63 23503.66 21813.79
4559.36 16744.19 23836.02 27023.83 28624.75 29441.60 29355.00 27852.38 26029.10 23452.17 21832.52
4575.75 16915.05 23601.96 27108.08 28966.47 29752.89 29942.47 27983.44 26263.15 23625.37 21963.59
4594.47 17039.10 23517.70 26831.90 28879.87 29706.08 29432.24 28222.18 26146.12 23447.49 21783.37
4706.82 16830.79 24006.87 27218.09 28594.32 29741.19 29640.54 28280.69 26410.60 23744.73 21820.81
4564.04 16877.60 23899.21 26869.35 28678.58 29366.70 29617.14 28023.23 26305.28 23515.36 22024.44
4475.10 16851.86 23627.71 27115.11 28924.34 29685.01 29928.43 28025.57 26174.21 23599.62 21951.88
4732.56 17011.01 23597.28 27323.41 28912.64 29708.42 30082.91 28261.97 26375.50 23564.51 21914.44
4603.83 16692.70 23456.85 27211.07 29048.39 30068.86 30047.80 28442.19 26686.79 23716.65 22302.96
4688.09 17095.27 24060.71 27234.47 29200.52 29685.01 30139.08 28016.21 26546.36 23403.02 22171.89
4535.96 17055.48 24072.41 27110.43 29518.84 29589.05 30342.70 28355.59 26375.50 23391.31 22094.66
4540.64 16936.12 23910.91 27615.98 29244.99 29916.73 30003.33 28886.89 26693.81 23931.98 22251.47
4744.27 17032.08 24173.05 26885.73 29500.11 30160.14 30345.05 28694.97 26707.85 23608.98 22466.80
4547.66 17177.19 23981.13 27344.48 28931.36 30066.52 30148.44 28376.66 26780.41 23861.76 22384.88
4580.43 17060.16 23482.59 27545.76 29275.42 30026.73 30162.48 28563.90 26794.45 23726.01 22309.99
4678.73 17163.15 23803.25 27243.84 29111.58 30213.98 30232.70 28477.30 26714.87 24030.28 22541.70
4755.97 16746.53 23814.95 27782.16 29359.68 30281.85 30132.06 28709.01 26955.95 23917.93 22277.22
4559.36 16989.95 23800.91 27381.93 29153.71 30082.91 29989.28 28056.00 26614.23 23679.20 22324.03
4552.34 17146.76 24238.59 27285.97 29352.66 30162.48 30235.04 28257.29 26822.54 23756.44 22246.79
4596.81 16982.93 23672.18 27344.48 29677.99 29720.12 30361.43 28517.09 26534.65 23892.19 22281.90
4676.39 17116.34 23985.81 27278.94 29244.99 29809.06 30331.00 28369.63 26309.96 24006.87 22312.33
4678.73 16975.91 23969.43 27288.31 29273.08 30223.34 30094.61 29022.64 26864.67 24135.60 22345.09
4844.91 17135.06 24081.77 27438.10 29015.62 30347.39 30188.23 28741.78 26487.84 23955.38 22286.58
4739.58 17048.46 23964.75 27559.81 29317.55 30171.85 30607.19 28423.47 26586.15 24109.86 22321.69
4507.87 16903.35 23978.79 27491.93 28779.23 30455.05 29879.28 28540.49 26675.09 23709.63 22050.19
4589.79 16730.15 23826.65 27171.28 28971.15 29930.77 29909.71 28271.33 26485.50 23885.17 22143.81
4610.86 16854.20 23772.82 27026.17 29076.48 30101.63 29926.09 28063.02 26305.28 23800.91 22359.14
4662.35 17165.49 23864.10 27122.13 29209.89 29825.45 29914.39 28353.25 26478.48 23676.86 22003.38
4571.07 16999.31 23784.52 27042.55 28943.06 30094.61 29785.66 28058.34 26536.99 23826.65 21956.57
4479.79 16858.88 23978.79 26761.69 29111.58 29446.28 29469.69 28198.77 26855.31 23452.17 21738.90
4475.10 17088.25 23700.26 26785.09 28587.30 29755.23 30050.14 28273.67 26558.06 23674.52 21858.26
4622.56 17078.89 23527.06 27080.00 28957.11 29848.85 29729.48 27978.76 26527.63 23449.83 22033.80
4521.92 16945.48 23557.49 27019.14 28697.31 29898.00 29556.28 27669.81 26143.78 23145.56 21830.18
4620.22 16879.94 23873.46 26946.59 29120.95 29575.01 29825.45 28357.93 26080.59 23470.89 22148.49
4503.19 16594.40 23620.69 26984.04 29120.95 29406.49 29666.29 27819.61 25900.37 23194.71 21792.73
4564.04 17104.64 23843.04 26740.62 28863.49 29575.01 29706.08 28481.98 26223.36 23377.27 22059.55
4475.10 16901.01 23861.76 27227.45 29013.28 30036.09 29858.21 28350.91 26476.14 23618.35 22300.62
4655.33 17174.85 23875.80 27054.25 28861.15 29806.72 29635.86 28137.92 26565.08 23590.26 21982.31
4578.09 17088.25 23819.63 27262.56 28922.00 29876.94 29834.81 28018.55 26845.94 23833.68 22164.87
4528.94 16985.27 24027.94 27466.19 29312.87 29631.18 29895.66 28594.32 26347.41 23665.16 22080.61
4554.68 17039.10 23838.36 27253.20 29151.37 29626.50 29869.92 28313.46 26377.84 24060.71 22398.93
4622.56 17095.27 23711.97 27030.85 29296.49 29855.87 30272.49 28360.27 26621.25 23536.43 22052.53
4643.62 17011.01 24084.11 27283.62 29408.83 30309.94 30031.41 28353.25 26328.69 23953.04 21951.88
4667.03 17048.46 23873.46 27239.15 28933.70 30319.30 30139.08 28655.18 26562.74 24011.56 22356.80
4547.66 17053.14 24147.31 27314.05 28971.15 30183.55 29883.96 28381.34 26668.06 24002.19 22370.84
4669.37 16989.95 23941.34 27360.86 29024.98 30513.56 30335.68 28439.85 26892.76 23833.68 22501.91
4624.90 17067.19 24112.20 27168.94 29146.69 30185.89 29886.30 28517.09 26799.13 23728.35 22459.78
4615.54 17163.15 24006.87 27552.79 29326.91 29972.90 30125.04 28952.43 26593.17 24084.11 22129.77
4582.77 17128.04 23711.97 27339.80 29312.87 30029.07 30494.84 28381.34 26881.05 24013.90 22403.61
4676.39 17029.74 24105.18 27445.12 29422.87 30382.49 29883.96 28409.42 26984.04 23857.08 22281.90
4620.22 17146.76 23726.01 27590.24 29214.57 30005.67 30033.75 28657.52 26625.93 24233.91 22281.90
4503.19 17111.66 23927.30 27082.34 29268.40 30244.40 30073.54 28409.42 26560.40 24159.01 22214.02
4585.11 17146.76 24170.71 27440.44 29453.30 29989.28 30274.83 28723.05 26890.41 24163.69 22342.75
4599.15 16919.73 23833.68 27042.55 29544.58 30195.25 30139.08 28542.83 26642.32 23957.72 22405.95
4645.96 17216.98 24149.65 27623.00 29149.03 30075.88 29888.64 28505.38 26841.26 24037.30 22239.77
4545.32 17319.96 23983.47 27297.67 29237.97 30230.36 30284.19 28826.04 26881.05 24606.05 22265.52
4662.35 17099.95 24254.97 27796.20 29610.12 30300.58 30251.42 28559.22 26965.31 23887.51 22342.75
4720.86 17214.64 24060.71 27402.99 29294.14 30008.01 30499.52 28467.94 26988.72 23943.68 22497.23
4535.96 17106.98 23976.45 27154.90 29385.43 30082.91 30333.34 28430.49 26733.60 23824.31 22417.65
4716.18 17312.94 23981.13 27342.14 29387.77 30192.91 30242.06 28629.43 26635.30 23824.31 22363.82
4760.65 16901.01 24166.03 27431.08 29631.18 30089.93 29986.94 28652.84 26529.97 23742.39 22312.33
4711.50 16856.54 23836.02 27363.20 29415.85 30291.21 30466.75 28327.50 26806.16 23791.55 22008.06
4557.02 17104.64 24280.72 27534.06 29104.56 30230.36 30267.81 28304.10 26675.09 23894.53 22230.41
4634.26 17137.40 23924.96 27248.52 29153.71 29750.55 30003.33 28126.22 26548.70 23805.59 22230.41
4706.82 16840.15 23805.59 27442.78 29392.45 29923.75 29963.54 28367.29 26775.73 23597.28 22398.93
4636.60 17130.38 23702.61 27379.59 29209.89 29933.11 30279.51 28332.18 26672.74 23812.61 22270.20
4636.60 17308.26 24006.87 27529.38 29247.33 30155.46 29898.00 28627.09 26466.78 23711.97 22349.78
4645.96 17001.65 23969.43 27400.65 28849.44 30106.31 30281.85 28383.68 26604.87 23836.02 22197.64
4585.11 17076.55 24072.41 27215.75 29214.57 29895.66 29963.54 28622.41 26316.98 23843.04 22141.47
4568.73 17064.85 23674.52 27115.11 28975.83 30019.71 30066.52 28240.90 26607.21 24095.82 21954.22
4589.79 16875.26 23695.58 27173.62 28816.68 30078.22 30061.84 28245.58 26436.35 23473.23 21841.88
4585.11 17095.27 23981.13 27236.81 28957.11 30071.20 30267.81 28346.23 26742.96 23936.66 22057.21
4688.09 17160.81 23576.22 27391.29 29043.71 29816.08 29687.36 28306.44 26654.02 23674.52 21977.63
4554.68 16844.84 23784.52 26857.65 28898.59 29766.93 29834.81 27995.15 25947.18 23552.81 21673.36
4648.30 16727.81 23887.51 26998.08 28762.84 29668.63 29741.19 28053.66 26576.78 23789.20 21610.17
4650.64 16746.53 23517.70 26885.73 28858.81 29546.92 29724.80 28105.15 26366.13 23618.35 21865.28
4587.45 17137.40 23857.08 26965.31 29041.37 29436.92 29701.40 28371.97 26057.18 23606.64 21984.65
4681.07 16933.78 23501.32 26927.86 28620.07 29586.71 29509.47 28112.17 26223.36 23597.28 22129.77
4470.42 16779.30 23473.23 26977.01 28650.50 29455.64 29947.15 27859.40 26066.55 23473.23 21717.83
4550.00 16898.67 24004.53 26834.24 28847.10 29727.14 29741.19 27892.16 25989.31 23264.92 21703.79
4425.95 16858.88 23538.77 26845.94 28783.91 29139.67 29521.18 27798.54 26211.66 23194.71 21862.94
4587.45 16643.55 23709.63 27089.36 28914.98 29415.85 29467.34 27789.18 25851.22 23398.34 21944.86
4542.98 16905.69 23896.87 26771.05 28706.67 29696.72 29734.17 28144.94 26190.59 23510.68 21745.92
4629.58 16882.28 23515.36 26969.99 28886.89 29511.81 29624.16 27702.58 26204.64 23372.59 22232.75
4507.87 16893.99 23747.08 27040.21 28929.02 30103.97 29773.95 28105.15 26253.79 23646.43 22174.24
4636.60 16886.97 23702.61 27264.90 28650.50 29670.97 29614.80 28032.60 26263.15 23353.87 22005.72
4533.62 17125.70 23758.78 27138.51 28732.42 29855.87 29993.97 28088.77 26466.78 23597.28 22108.70
4454.04 17195.92 23754.10 27009.78 28933.70 29900.34 29699.06 27807.90 26689.13 23707.29 22089.98
4465.74 16889.31 23770.48 27213.41 28835.40 29577.35 29965.88 28025.57 26094.63 23477.91 21816.13
4634.26 17003.99 23800.91 26904.46 28746.46 29563.31 29764.59 28147.28 26019.74 23101.09 21783.37
4650.64 16978.25 23550.47 26855.31 29092.86 29544.58 29755.23 27819.61 26321.66 23756.44 21678.04
4615.54 16678.66 23583.24 27393.63 29113.92 29862.90 29975.24 27957.70 26424.65 23386.63 22192.96
4461.06 16535.88 23711.97 27016.80 28870.51 29638.20 29535.22 28196.43 26429.33 23632.39 22295.94
4615.54 16650.57 23417.06 27019.14 28884.55 29874.60 29713.10 28048.98 26235.06 23623.03 21907.41
4540.64 17142.08 23824.31 26981.70 29076.48 29675.65 30019.71 28243.24 26237.41 23293.01 22024.44
4496.17 16908.03 23845.38 27257.88 29186.48 29989.28 29748.21 28257.29 26307.62 23843.04 22284.24
4685.75 17139.74 23934.32 27157.24 29205.20 29591.39 29961.20 27985.79 26515.93 23496.64 22260.84
4589.79 16851.86 23424.08 27049.57 29139.67 29902.68 30061.84 28229.20 26167.19 23491.96 22005.72
4622.56 17121.02 23887.51 26899.78 28823.70 30010.35 29675.65 28173.03 26333.37 23744.73 22267.86
4571.07 16978.25 23690.90 27054.25 29071.79 29855.87 29769.27 27985.79 26321.66 23374.93 21729.53
4648.30 16922.07 23875.80 27105.74 28961.79 29933.11 29528.20 28336.87 26590.83 23730.69 21972.95
4454.04 16996.97 23538.77 27295.33 29034.35 29837.15 29720.12 28037.28 26005.69 23908.57 22019.76
4655.33 17170.17 23765.80 26969.99 29067.11 29680.33 29788.00 28163.67 26483.16 23557.49 21774.00
4542.98 16886.97 23599.62 27269.58 29024.98 29703.74 29895.66 28229.20 26534.65 23969.43 22073.59
4627.24 16725.47 23709.63 26916.16 28980.51 29376.06 29940.13 28020.89 26136.76 23749.42 21970.61
4589.79 16926.75 23775.16 26969.99 29034.35 30143.76 29631.18 28292.40 26068.89 23775.16 22005.72
4662.35 16994.63 23733.03 27145.53 28938.38 29883.96 29923.75 28079.41 26581.46 23630.05 21902.73
4641.28 17102.29 23800.91 27005.10 29160.73 29640.54 29790.34 27983.44 26686.79 23723.67 21884.01
4512.55 16762.92 23527.06 26801.47 28641.14 29696.72 29757.57 28149.62 26424.65 23688.56 22005.72
4596.81 16905.69 23852.40 27051.91 29153.71 29612.46 29783.32 28032.60 26452.73 23824.31 22047.85
4777.03 17029.74 23648.77 27044.89 29120.95 29652.25 29841.83 28273.67 25968.24 23765.80 22288.92
4575.75 17109.32 23658.14 27208.73 29256.70 30036.09 30057.16 28056.00 26424.65 23300.03 21972.95
4547.66 16823.77 23779.84 27335.12 28992.22 29832.47 29876.94 28301.76 26279.54 23953.04 22197.64
4564.04 16767.60 23576.22 26789.77 28814.34 29799.70 29921.41 28311.12 26295.92 23571.54 21989.33
4606.17 16826.11 23747.08 26960.63 28975.83 29696.72 30176.53 27957.70 26665.72 23697.92 21869.97
4465.74 16767.60 23735.37 27180.64 29212.23 29991.62 29729.48 28435.17 26429.33 23330.46 22129.77
4517.23 16884.62 23709.63 27161.92 28699.65 29923.75 30064.18 28112.17 26410.60 23857.08 22129.77
4615.54 16915.05 23534.09 27328.10 28996.90 29656.93 29783.32 28283.03 26214.00 23761.12 22235.09
4582.77 17046.12 23824.31 27164.26 28837.74 30068.86 30471.43 28393.04 26621.25 24058.37 22113.38
4564.04 16835.47 23915.59 27098.72 29039.03 29757.57 30082.91 28121.54 26258.47 23431.10 21961.25
4484.47 16959.52 23648.77 27192.34 29120.95 29813.74 29933.11 28023.23 26307.62 23700.26 21942.52
4627.24 17195.92 23758.78 27105.74 29081.16 29579.69 29710.76 28222.18 26366.13 23672.18 21940.18
4465.74 16919.73 23847.72 27049.57 29039.03 30073.54 29661.61 28002.17 26462.10 23555.15 21846.56
4535.96 17011.01 23711.97 27117.45 29010.94 29591.39 29677.99 27782.16 26150.81 23761.12 22003.38
4592.13 16779.30 23634.73 26852.97 28943.06 29926.09 29537.56 28177.71 26328.69 23349.18 21949.54
4507.87 16854.20 23758.78 26932.54 28863.49 29589.05 29888.64 28051.32 26534.65 23616.01 21860.60
4727.88 17151.45 23894.53 27438.10 29010.94 29579.69 29687.36 28044.30 26277.19 23735.37 21994.01
4603.83 17240.39 24084.11 27047.23 28945.41 29666.29 30110.99 28294.74 26382.52 23903.89 21937.84
4554.68 17043.78 23735.37 27175.96 29015.62 29790.34 29558.63 28140.26 26647.00 23674.52 22087.64
4610.86 16938.46 23737.71 27058.93 29022.64 29453.30 29677.99 28250.27 26520.61 23555.15 22101.68
4573.41 17111.66 23917.93 27300.01 28971.15 30270.15 29696.72 28240.90 26518.27 24041.98 21937.84
4627.24 17298.90 23838.36 27173.62 28989.88 29883.96 29977.58 28376.66 26441.03 23630.05 22207.00
4610.86 16971.22 23791.55 27470.87 28912.64 29530.54 30036.09 28346.23 26387.20 23594.94 22031.46
4615.54 17125.70 23859.42 27438.10 29324.57 30143.76 30185.89 27988.13 26361.45 23513.02 21851.24
4695.11 16741.85 23805.59 27236.81 29048.39 29818.42 30022.05 28016.21 26469.12 23531.75 22122.74
4664.69 16992.29 23700.26 27180.64 29010.94 29703.74 30190.57 28222.18 26345.07 23866.44 22167.21
4599.15 16753.55 23934.32 27145.53 29092.86 29919.07 30185.89 28444.53 26499.55 23651.11 22080.61
4477.44 17277.83 23927.30 27513.00 29134.99 29710.76 29975.24 28238.56 26532.31 23686.22 22202.32
4655.33 17048.46 23990.49 27239.15 28900.94 29628.84 30192.91 28386.02 26328.69 23601.96 22127.42
4573.41 17266.13 23718.99 27630.02 29099.88 29954.18 29776.30 28142.60 26422.31 23955.38 22080.61
4779.37 16947.82 23948.36 27154.90 28769.86 29944.81 30108.65 28173.03 26284.22 23854.74 22209.34
4727.88 16954.84 23620.69 27187.66 29113.92 29919.07 30066.52 28231.54 26583.80 23578.56 22078.27
4634.26 16917.39 23976.45 27154.90 29067.11 30122.69 29575.01 28184.73 26146.12 23697.92 22202.32
4564.04 16858.88 23599.62 26930.20 29144.35 29757.57 29638.20 28610.71 26583.80 23777.50 22202.32
4671.71 16896.33 23480.25 26867.01 28931.36 30019.71 29989.28 27957.70 26555.72 23562.17 22230.41
4585.11 16893.99 23999.85 26801.47 29193.50 29717.78 29876.94 28362.61 26792.11 23971.77 22164.87
4573.41 17177.19 23726.01 27311.71 29153.71 29844.17 30080.56 28287.71 26415.29 23709.63 21905.07
4667.03 16992.29 24079.43 27033.19 29163.08 29968.22 29738.85 28374.31 26239.75 23831.33 22120.40
4657.67 16755.90 23819.63 27503.64 29301.17 30045.46 30136.74 28020.89 26370.82 23761.12 22106.36
4641.28 17025.06 23676.86 26911.48 29287.12 29689.70 29813.74 28070.04 26616.57 23552.81 22265.52
4601.49 17095.27 23981.13 27185.32 29125.63 29722.46 29759.91 28290.06 26677.43 23828.99 22281.90
4610.86 17165.49 23683.88 27122.13 29057.75 29865.24 29837.15 28346.23 26560.40 23695.58 21926.14
4524.26 16697.38 23950.70 26967.65 28746.46 29764.59 29851.19 28130.90 26485.50 23627.71 21741.24
4629.58 16884.62 23665.16 27316.39 29261.38 30139.08 29844.17 28409.42 26129.74 23623.03 22419.99
4571.07 17228.68 23943.68 27040.21 29043.71 29993.97 29710.76 28250.27 26693.81 23824.31 21872.31
4599.15 16793.34 23913.25 27047.23 29095.20 29993.97 30050.14 28294.74 26422.31 23819.63 22146.15
4671.71 17069.53 24027.94 27342.14 29125.63 29869.92 29968.22 28304.10 26478.48 23627.71 22356.80
4685.75 17053.14 23637.07 27009.78 28847.10 29544.58 29633.52 28261.97 26230.38 23400.68 21902.73
4645.96 17018.04 23803.25 26951.27 28919.66 29549.26 29895.66 28037.28 26438.69 23779.84 22120.40
4533.62 16828.45 23543.45 26941.91 29036.69 29912.05 29834.81 28554.54 26267.83 23564.51 21853.58
4596.81 16940.80 23828.99 26792.11 28734.76 29930.77 30167.16 28390.70 26146.12 23697.92 21919.12
4505.53 16908.03 23653.45 27190.00 29008.60 29984.60 29741.19 28102.81 26230.38 23634.73 22075.93
4599.15 16723.13 23381.95 27042.55 28893.91 29696.72 29642.88 28018.55 26103.99 23424.08 22061.89
4760.65 16950.16 24147.31 27103.40 28987.53 29511.81 29486.07 27887.48 26246.77 23515.36 22120.40
4526.60 16842.50 23520.04 26464.44 29029.66 29233.29 29560.97 28266.65 26434.01 23510.68 21839.54
4428.29 17020.38 23740.05 27278.94 29008.60 29516.50 29961.20 28210.48 26029.10 23590.26 22104.02
4657.67 17174.85 23721.33 27154.90 29181.80 29713.10 29972.90 28191.75 26331.03 23845.38 22125.08
4568.73 16966.54 24063.05 27171.28 28952.43 29528.20 30239.72 28287.71 26529.97 23740.05 21858.26
4685.75 16716.11 23761.12 27295.33 29207.55 29984.60 29659.27 28545.17 26412.95 23494.30 22263.18
4535.96 16908.03 23510.68 26630.62 28882.21 29624.16 29729.48 28210.48 26536.99 23388.97 22132.11
4589.79 17057.82 23480.25 26801.47 29315.21 29652.25 29869.92 27999.83 26361.45 23529.41 21977.63
4507.87 17032.08 23690.90 26852.97 28540.49 29434.58 29830.13 27819.61 26012.71 23704.95 21626.55
4594.47 16704.40 23653.45 27131.49 28739.44 29867.58 29567.99 27723.65 26347.41 23463.87 21785.71
4493.83 16980.59 23632.39 26757.00 28966.47 30092.27 29598.41 27962.38 26143.78 23491.96 21935.50
