0.00	781.74
1.00	781.74
2.00	781.74
3.00	760.67
4.00	671.73
5.00	784.08
6.00	669.39
7.00	681.10
8.00	681.10
9.00	737.27
10.00	702.16
11.00	695.14
12.00	725.57
13.00	706.84
14.00	723.23
15.00	669.39
16.00	723.23
17.00	695.14
18.00	692.80
19.00	706.84
20.00	676.41
21.00	744.29
22.00	788.76
23.00	779.40
24.00	3747.20
25.00	12453.99
26.00	13165.51
27.00	13778.73
28.00	12273.77
29.00	11482.67
30.00	11339.90
31.00	11463.94
32.00	12365.05
33.00	12802.73
34.00	12388.46
35.00	11459.26
36.00	10738.38
37.00	10167.29
38.00	10445.81
39.00	11435.86
40.00	12170.79
41.00	12063.12
42.00	11344.58
43.00	10689.23
44.00	11218.19
45.00	12451.65
46.00	14001.08
47.00	14328.76
48.00	14675.16
49.00	14214.07
50.00	13884.06
51.00	14214.07
52.00	14010.45
53.00	14569.83
54.00	14707.93
55.00	15665.21
56.00	16774.62
57.00	17895.74
58.00	18143.83
59.00	18771.10
60.00	19330.48
61.00	19358.57
62.00	18677.48
63.00	17404.22
64.00	16765.26
65.00	15985.86
66.00	15279.02
67.00	15351.57
68.00	14614.30
69.00	14986.45
70.00	15847.77
71.00	17160.81
72.00	17907.44
73.00	18366.18
74.00	18801.52
75.00	18272.56
76.00	17399.54
77.00	16500.78
78.00	15147.95
79.00	14281.95
80.00	13872.36
81.00	13273.18
82.00	12767.62
83.00	12011.63
84.00	11367.98
85.00	11119.89
86.00	11314.15
87.00	11185.42
88.00	11089.46
89.00	11393.73
90.00	12028.01
91.00	13385.52
92.00	14995.81
93.00	16264.38
94.00	17149.11
95.00	17310.60
96.00	17200.60
97.00	16276.09
98.00	15878.19
99.00	14977.09
100.00	14789.85
101.00	15002.83
102.00	16147.36
103.00	16912.71
104.00	17006.33
105.00	16409.50
106.00	15686.27
107.00	15889.90
108.00	16245.66
109.00	16840.15
110.00	16505.46
111.00	16322.90
112.00	16051.39
113.00	16042.03
114.00	16023.31
115.00	16603.76
116.00	17680.41
117.00	18647.05
118.00	19866.47
119.00	20690.34
120.00	21113.97
121.00	20608.42
122.00	20184.78
123.00	19824.34
124.00	20503.09
125.00	20973.54
126.00	21848.90
127.00	22782.77
128.00	23747.08
129.00	22948.95
130.00	22815.54
131.00	21319.94
132.00	20386.07
133.00	19271.97
134.00	18118.09
135.00	15686.27
136.00	13600.85
137.00	11080.10
138.00	9736.63
139.00	9736.63
140.00	10656.46
141.00	12975.93
142.00	15166.67
143.00	17149.11
144.00	19021.53
145.00	20393.09
146.00	22267.86
147.00	22808.52
148.00	23917.93
149.00	23791.55
150.00	23840.70
151.00	23225.14
152.00	21256.75
153.00	19066.00
154.00	16198.85
155.00	13584.47
156.00	11868.86
157.00	11555.22
158.00	13221.69
159.00	15672.23
160.00	19007.49
161.00	22387.22
162.00	24947.77
163.00	26277.19
164.00	27431.08
165.00	28353.25
166.00	28175.37
167.00	29476.71
168.00	29832.47
169.00	30656.34
170.00	31129.12
171.00	30792.09
172.00	30632.93
173.00	31496.59
174.00	32016.19
175.00	31405.31
176.00	31021.46
177.00	31517.65
178.00	32245.56
179.00	33289.44
180.00	33624.14
181.00	33324.55
182.00	33479.02
183.00	34188.21
184.00	34033.73
185.00	34366.09
186.00	34087.56
187.00	33338.59
188.00	33102.20
189.00	32095.77
190.00	31344.45
191.00	32009.17
192.00	33488.38
193.00	34307.57
194.00	34504.18
195.00	33741.16
196.00	31812.56
197.00	31133.81
198.00	31875.76
199.00	32505.36
200.00	33954.15
201.00	33109.22
202.00	33090.49
203.00	32268.97
204.00	31803.20
205.00	30724.21
206.00	30429.30
207.00	30635.27
208.00	31665.11
209.00	32559.19
210.00	33198.16
211.00	32584.94
212.00	30918.48
213.00	30920.82
214.00	32212.79
215.00	33940.11
216.00	34630.57
217.00	35070.59
218.00	35283.58
219.00	35845.30
220.00	36435.12
221.00	35405.28
222.00	34845.90
223.00	33259.01
224.00	31206.36
225.00	29823.11
226.00	29216.91
227.00	29626.50
228.00	31950.65
229.00	33923.72
230.00	34707.80
231.00	35503.59
232.00	36526.40
233.00	37483.68
234.00	38014.98
235.00	36877.48
236.00	38040.73
237.00	37017.91
238.00	36388.31
239.00	36821.31
240.00	36416.40
241.00	36062.97
242.00	35651.04
243.00	35959.99
244.00	36505.34
245.00	38981.62
246.00	38225.63
247.00	37443.89
248.00	37034.30
249.00	37046.00
250.00	37373.67
251.00	37783.27
252.00	37965.83
253.00	37518.79
254.00	37439.21
255.00	37373.67
256.00	38951.20
257.00	39777.40
258.00	40999.16
259.00	40638.72
260.00	40027.84
261.00	39278.87
262.00	38066.47
263.00	37621.77
264.00	36273.62
265.00	37296.44
266.00	37776.25
267.00	38014.98
268.00	38756.93
269.00	38321.59
270.00	37490.70
271.00	37823.06
272.00	38618.84
273.00	40170.61
274.00	39875.71
275.00	39271.85
276.00	38014.98
277.00	37006.21
278.00	36168.30
279.00	36783.86
280.00	38766.29
281.00	40467.86
282.00	40886.82
283.00	41378.33
284.00	41375.99
285.00	40851.71
286.00	40694.89
287.00	40650.42
288.00	39777.40
289.00	39693.15
290.00	37331.54
291.00	35173.57
292.00	34794.40
293.00	35894.46
294.00	38398.83
295.00	39234.40
296.00	38204.56
297.00	37750.50
298.00	37380.70
299.00	37778.59
300.00	38307.55
301.00	38057.11
302.00	35557.42
303.00	35419.33
304.00	35709.55
305.00	36514.70
306.00	36315.75
307.00	36346.18
308.00	35709.55
309.00	34707.80
310.00	34780.36
311.00	36229.15
312.00	37457.93
313.00	36463.21
314.00	35342.09
315.00	32835.38
316.00	31421.69
317.00	31960.02
318.00	33462.64
319.00	35218.04
320.00	34873.98
321.00	35489.54
322.00	34431.62
323.00	34448.00
324.00	33336.25
325.00	32641.11
326.00	32488.98
327.00	33228.59
328.00	32711.33
329.00	29748.21
330.00	28348.57
331.00	26225.70
332.00	24891.60
333.00	24334.55
334.00	24596.69
335.00	24664.57
336.00	25259.06
337.00	27676.83
338.00	31550.42
339.00	35534.01
340.00	38646.93
341.00	39070.56
342.00	38000.94
343.00	34742.91
344.00	33109.22
345.00	34485.45
346.00	36180.00
347.00	38197.54
348.00	38918.43
349.00	38656.29
350.00	35971.69
351.00	32570.90
352.00	31103.38
353.00	31503.61
354.00	33160.71
355.00	35810.20
356.00	37242.60
357.00	37373.67
358.00	36833.01
359.00	36989.83
360.00	37373.67
361.00	37851.14
362.00	39349.09
363.00	39402.92
364.00	40261.90
365.00	40727.66
366.00	40224.45
367.00	39473.13
368.00	38918.43
369.00	38473.73
370.00	36809.61
371.00	37743.48
372.00	36889.18
373.00	37523.47
374.00	35363.15
375.00	33228.59
376.00	32512.38
377.00	33570.30
378.00	34714.83
379.00	37329.20
380.00	37818.38
381.00	38377.76
382.00	39702.51
383.00	39995.07
384.00	39681.44
385.00	38859.91
386.00	37949.45
387.00	38272.44
388.00	38274.78
389.00	39557.39
390.00	41216.83
391.00	42506.47
392.00	41504.72
393.00	41790.27
394.00	43217.99
395.00	43445.02
396.00	43700.14
397.00	44320.38
398.00	44243.15
399.00	44437.41
400.00	43962.28
401.00	43276.51
402.00	43028.41
403.00	42972.24
404.00	44755.72
405.00	44306.34
406.00	44596.57
407.00	45113.83
408.00	43264.80
409.00	42801.38
410.00	44554.44
411.00	45160.64
412.00	43840.57
413.00	42113.26
414.00	40947.67
415.00	40208.06
416.00	39229.72
417.00	39796.13
418.00	41228.54
419.00	42665.63
420.00	42569.66
421.00	42080.49
422.00	42651.58
423.00	43735.25
424.00	43856.96
425.00	44311.02
426.00	44690.19
427.00	43229.69
428.00	41818.35
429.00	42698.39
430.00	43430.98
431.00	43707.16
432.00	43260.12
433.00	43192.25
434.00	42190.50
435.00	42501.79
436.00	43482.47
437.00	43728.23
438.00	44191.65
439.00	45237.87
440.00	45897.91
441.00	46183.45
442.00	46588.36
443.00	46639.86
444.00	45659.17
445.00	45200.43
446.00	44648.06
447.00	44898.50
448.00	44919.56
449.00	44257.19
450.00	43971.64
451.00	43243.74
452.00	42050.06
453.00	40966.40
454.00	39749.32
455.00	40198.70
456.00	40451.48
457.00	41146.62
458.00	42340.29
459.00	42703.07
460.00	43515.24
461.00	43789.08
462.00	42677.33
463.00	42160.07
464.00	41635.79
465.00	42197.52
466.00	41275.35
467.00	41979.85
468.00	41965.81
469.00	43260.12
470.00	44381.24
471.00	44804.88
472.00	44051.22
473.00	43878.02
474.00	43253.10
475.00	43931.86
476.00	44048.88
477.00	44610.61
478.00	45773.86
479.00	45158.30
480.00	45202.77
481.00	43533.96
482.00	43281.19
483.00	42487.74
484.00	42546.26
485.00	43817.17
486.00	43461.41
487.00	43906.11
488.00	43470.77
489.00	43194.59
490.00	43658.01
491.00	42777.97
492.00	43117.35
493.00	42075.81
494.00	42983.94
495.00	43737.59
496.00	44250.17
497.00	44671.46
498.00	44488.90
499.00	44488.90
500.00	44758.06
501.00	44404.64
502.00	44453.79
503.00	44194.00
504.00	44519.33
505.00	45607.68
506.00	44849.35
507.00	45181.70
508.00	45853.44
509.00	44844.66
510.00	44704.23
511.00	44608.27
512.00	43798.44
513.00	43667.37
514.00	44004.41
515.00	43882.70
516.00	43634.61
517.00	42188.16
518.00	41710.69
519.00	42143.69
520.00	41935.38
521.00	43824.19
522.00	42852.87
523.00	42368.38
524.00	43718.87
525.00	44226.76
526.00	44399.96
527.00	42895.00
528.00	41565.57
529.00	40165.93
530.00	39985.71
531.00	41439.18
532.00	41202.79
533.00	41771.54
534.00	42511.15
535.00	42323.91
536.00	42087.51
537.00	40933.63
538.00	41743.45
539.00	42698.39
540.00	42487.74
541.00	41942.40
542.00	42473.70
543.00	42316.89
544.00	41907.29
545.00	42836.48
546.00	42569.66
547.00	40481.91
548.00	41106.83
549.00	40421.05
550.00	40554.46
551.00	40849.37
552.00	40746.39
553.00	41890.91
554.00	41439.18
555.00	42209.22
556.00	43290.55
557.00	43030.75
558.00	44594.23
559.00	44739.34
560.00	45165.32
561.00	44615.29
562.00	44748.70
563.00	42415.19
564.00	42766.27
565.00	42789.67
566.00	43597.16
567.00	44648.06
568.00	42745.20
569.00	43768.02
570.00	43622.90
571.00	44488.90
572.00	45434.48
573.00	45240.21
574.00	45331.50
575.00	45090.42
576.00	44861.05
577.00	44699.55
578.00	44720.62
579.00	45074.04
580.00	44933.60
581.00	44643.38
582.00	43456.73
583.00	43702.48
584.00	43353.74
585.00	44758.06
586.00	45834.71
587.00	46176.43
588.00	46108.55
589.00	46883.27
590.00	47917.79
591.00	47650.97
592.00	47737.57
593.00	48011.41
594.00	47866.30
595.00	47353.72
596.00	47077.54
597.00	47475.43
598.00	48039.50
599.00	49343.17
600.00	49956.39
601.00	49904.90
602.00	49020.18
603.00	49689.57
604.00	49652.12
605.00	49748.09
606.00	50412.80
607.00	49462.54
608.00	50054.70
609.00	50110.87
610.00	49996.18
611.00	51019.00
612.00	51634.56
613.00	52133.09
614.00	52423.32
615.00	51531.57
616.00	51117.30
617.00	51599.45
618.00	51695.41
619.00	52062.88
620.00	52053.51
621.00	52301.61
622.00	52411.62
623.00	52285.23
624.00	52687.80
625.00	51955.21
626.00	51753.93
627.00	52250.12
628.00	52584.82
629.00	52863.34
630.00	52875.04
631.00	53439.11
632.00	52310.97
633.00	51550.30
634.00	50939.42
635.00	48956.99
636.00	45603.00
637.00	42988.62
638.00	44626.99
639.00	46873.91
640.00	48879.75
641.00	50478.33
642.00	50810.69
643.00	50838.78
644.00	51220.28
645.00	52933.56
646.00	53565.50
647.00	54630.44
648.00	54859.82
649.00	55615.81
650.00	54915.99
651.00	54504.06
652.00	53902.54
653.00	53923.60
654.00	54365.96
655.00	55536.23
656.00	56568.41
657.00	57272.91
658.00	57755.06
659.00	57324.40
660.00	57675.48
661.00	57668.46
662.00	57586.54
663.00	57790.17
664.00	57132.48
665.00	57120.77
666.00	57165.24
667.00	57893.15
668.00	57301.00
669.00	55992.64
670.00	55000.25
671.00	55138.34
672.00	55807.73
673.00	56853.95
674.00	57808.89
675.00	58805.96
676.00	58990.86
677.00	58569.57
678.00	58326.15
679.00	57813.57
680.00	57858.04
681.00	57738.68
682.00	58820.00
683.00	59302.15
684.00	59568.97
685.00	59671.96
686.00	60048.78
687.00	60041.76
688.00	60250.07
689.00	59952.82
690.00	58981.50
691.00	58637.44
692.00	58588.29
693.00	59519.82
694.00	60126.02
695.00	60500.51
696.00	60376.46
697.00	60189.22
698.00	60207.94
699.00	60645.62
700.00	60577.75
701.00	60680.73
702.00	60790.73
703.00	60247.73
704.00	59753.88
705.00	58908.94
706.00	58218.49
707.00	58885.54
708.00	59639.19
709.00	60037.08
710.00	60587.11
711.00	60458.38
712.00	60994.36
713.00	61050.53
714.00	60757.97
715.00	60306.24
716.00	59629.83
717.00	59276.41
718.00	59105.55
719.00	58969.80
720.00	59540.89
721.00	59583.02
722.00	59358.33
723.00	58843.41
724.00	58812.98
725.00	58775.53
726.00	58607.01
727.00	59260.02
728.00	59409.82
729.00	59585.36
730.00	60034.74
731.00	59894.31
732.00	60156.45
733.00	60945.21
734.00	60666.69
735.00	60236.03
736.00	60128.36
737.00	59196.83
738.00	58574.25
739.00	58134.23
740.00	59283.43
741.00	60317.95
742.00	60500.51
743.00	60182.19
744.00	60385.82
745.00	60416.25
746.00	60683.07
747.00	61057.56
748.00	61408.64
749.00	61663.75
750.00	61972.70
751.00	61729.29
752.00	61013.08
753.00	60753.29
754.00	60519.23
755.00	60399.86
756.00	60573.06
757.00	60563.70
758.00	60303.90
759.00	60296.88
760.00	59831.11
761.00	59398.12
762.00	59451.95
763.00	59636.85
764.00	60214.96
765.00	60619.88
766.00	60900.74
767.00	61249.48
768.00	61504.60
769.00	61469.49
770.00	60858.61
771.00	60491.15
772.00	60076.87
773.00	60250.07
774.00	60727.54
775.00	60912.44
776.00	60540.30
777.00	60353.05
778.00	60296.88
779.00	60816.48
780.00	61303.31
781.00	61506.94
782.00	61638.01
783.00	61984.41
784.00	61647.37
785.00	61006.06
786.00	60371.78
787.00	60126.02
788.00	59966.87
789.00	60310.92
790.00	60392.84
791.00	60301.56
792.00	60451.36
793.00	60294.54
794.00	59805.37
795.00	59484.72
796.00	59253.00
797.00	59655.57
798.00	59618.13
799.00	59812.39
800.00	59770.26
801.00	59756.22
802.00	59950.48
803.00	59929.42
804.00	60133.04
805.00	60331.99
806.00	60821.16
807.00	61043.51
808.00	60224.32
809.00	59213.21
810.00	57429.72
811.00	55559.64
812.00	54904.29
813.00	54169.36
814.00	53549.12
815.00	55124.30
816.00	57565.48
817.00	58848.09
818.00	59222.58
819.00	58190.40
820.00	56395.21
821.00	55056.42
822.00	56406.91
823.00	57820.59
824.00	58159.97
825.00	58253.59
826.00	58710.00
827.00	58536.80
828.00	58908.94
829.00	59370.03
830.00	60266.45
831.00	60357.74
832.00	59861.54
833.00	59274.07
834.00	58621.06
835.00	58892.56
836.00	59236.62
837.00	60104.96
838.00	60233.69
839.00	59950.48
840.00	59840.48
841.00	60207.94
842.00	60470.08
843.00	60580.09
844.00	59987.93
845.00	59089.16
846.00	58417.43
847.00	58766.17
848.00	59110.23
849.00	58885.54
850.00	59152.36
851.00	59550.25
852.00	60137.72
853.00	60303.90
854.00	60938.19
855.00	60804.78
856.00	60804.78
857.00	60678.39
858.00	60243.05
859.00	60275.82
860.00	60257.09
861.00	59793.67
862.00	60233.69
863.00	60418.59
864.00	60900.74
865.00	60205.60
866.00	59318.54
867.00	57893.15
868.00	57029.49
869.00	56154.13
870.00	56002.00
871.00	56032.42
872.00	56673.73
873.00	57420.36
874.00	58178.70
875.00	58913.62
876.00	59416.84
877.00	59550.25
878.00	59100.87
879.00	59199.17
880.00	59915.37
881.00	60238.37
882.00	60788.39
883.00	60842.23
884.00	61045.85
885.00	60397.52
886.00	59798.35
887.00	59316.20
888.00	58981.50
889.00	59353.65
890.00	59742.17
891.00	59880.27
892.00	60254.75
893.00	60231.35
894.00	60519.23
895.00	60458.38
896.00	60533.28
897.00	60240.71
898.00	60135.38
899.00	60001.97
900.00	60081.55
901.00	59576.00
902.00	59164.06
903.00	58277.00
904.00	57542.07
905.00	56835.23
906.00	57516.32
907.00	57996.13
908.00	58930.01
909.00	59253.00
910.00	59313.86
911.00	58995.54
912.00	58560.20
913.00	58372.96
914.00	58578.93
915.00	58852.77
916.00	59117.25
917.00	58850.43
918.00	59016.61
919.00	59217.89
920.00	59498.76
921.00	60083.89
922.00	60039.42
923.00	60247.73
924.00	60065.17
925.00	59700.04
926.00	59224.92
927.00	58639.78
928.00	58447.86
929.00	57733.99
930.00	57291.63
931.00	57499.94
932.00	58375.30
933.00	59040.01
934.00	59121.93
935.00	59150.02
936.00	58913.62
937.00	58782.55
938.00	58618.72
939.00	58571.91
940.00	58922.99
941.00	58742.77
942.00	57930.60
943.00	58014.86
944.00	57717.61
945.00	57673.14
946.00	56959.28
947.00	57347.81
948.00	57261.21
949.00	57169.93
950.00	56786.08
951.00	56306.27
952.00	56362.44
953.00	56662.03
954.00	56563.73
955.00	56926.51
956.00	57422.70
957.00	57537.39
958.00	57762.08
959.00	57937.62
960.00	57670.80
961.00	57165.24
962.00	57418.02
963.00	57687.18
964.00	57453.13
965.00	57207.37
966.00	57165.24
967.00	57120.77
968.00	57076.30
969.00	57436.75
970.00	58054.65
971.00	58590.63
972.00	58887.88
973.00	58159.97
974.00	57677.82
975.00	57064.60
976.00	57516.32
977.00	57787.83
978.00	58012.52
979.00	57844.00
980.00	57371.21
981.00	57607.61
982.00	57902.51
983.00	58316.79
984.00	57806.55
985.00	57474.20
986.00	57251.84
987.00	57256.53
988.00	57499.94
989.00	57750.38
990.00	57553.77
991.00	56961.62
992.00	56406.91
993.00	56109.66
994.00	55819.44
995.00	56336.69
996.00	56449.04
997.00	56959.28
998.00	57574.84
999.00	57219.08
1000.00	57284.61
1001.00	57277.59
1002.00	57078.64
1003.00	57092.69
1004.00	56832.89
1005.00	57111.41
1006.00	56952.26
1007.00	56924.17
1008.00	56919.49
1009.00	56795.44
1010.00	56355.42
1011.00	56633.94
1012.00	56245.41
1013.00	56329.67
1014.00	56020.72
1015.00	56193.92
1016.00	55908.38
1017.00	56521.60
1018.00	56858.63
1019.00	56926.51
1020.00	56853.95
1021.00	56439.68
1022.00	56652.67
1023.00	55447.29
1024.00	55306.86
1025.00	55426.23
1026.00	55807.73
1027.00	56149.45
1028.00	56135.41
1029.00	56432.66
1030.00	56072.21
1031.00	56109.66
1032.00	56437.34
1033.00	55906.04
1034.00	56523.94
1035.00	56324.99
1036.00	56238.39
1037.00	56835.23
1038.00	56591.81
1039.00	56266.48
1040.00	55849.86
1041.00	56037.11
1042.00	55664.96
1043.00	55760.92
1044.00	55454.31
1045.00	55222.60
1046.00	55398.14
1047.00	55138.34
1048.00	54780.24
1049.00	54644.49
1050.00	54305.11
1051.00	54115.53
1052.00	54504.06
1053.00	54712.36
1054.00	55000.25
1055.00	55023.65
1056.00	55124.30
1057.00	55061.10
1058.00	54141.27
1059.00	53249.53
1060.00	52566.09
1061.00	52643.33
1062.00	52818.87
1063.00	53240.17
1064.00	53113.78
1065.00	53539.75
1066.00	53750.40
1067.00	53521.03
1068.00	53209.74
1069.00	53254.21
1070.00	53567.84
1071.00	54415.11
1072.00	54712.36
1073.00	54925.35
1074.00	55077.49
1075.00	54876.20
1076.00	53787.85
1077.00	52865.68
1078.00	52655.03
1079.00	53322.08
1080.00	53375.92
1081.00	53251.87
1082.00	53144.20
1083.00	53270.59
1084.00	53418.05
1085.00	53925.94
1086.00	54293.41
1087.00	54143.61
1088.00	54108.50
1089.00	53176.97
1090.00	53567.84
1091.00	52875.04
1092.00	52678.44
1093.00	52865.68
1094.00	53031.86
1095.00	53773.81
1096.00	53102.07
1097.00	53326.77
1098.00	53609.97
1099.00	53090.37
1100.00	52783.76
1101.00	52156.50
1102.00	51140.71
1103.00	51070.49
1104.00	51189.86
1105.00	51391.14
1106.00	51105.60
1107.00	52357.78
1108.00	51976.28
1109.00	52376.51
1110.00	52577.79
1111.00	52582.48
1112.00	53017.82
1113.00	52767.38
1114.00	52697.16
1115.00	52701.84
1116.00	52184.58
1117.00	51742.22
1118.00	51409.87
1119.00	50543.87
1120.00	50564.93
1121.00	50759.20
1122.00	50349.60
1123.00	51114.96
1124.00	51114.96
1125.00	51199.22
1126.00	51112.62
1127.00	51229.65
1128.00	50904.31
1129.00	50880.91
1130.00	50499.40
1131.00	50700.68
1132.00	49502.33
1133.00	48718.25
1134.00	48233.76
1135.00	48233.76
1136.00	48596.54
1137.00	49654.47
1138.00	49724.68
1139.00	50309.82
1140.00	50637.49
1141.00	50473.65
1142.00	50761.54
1143.00	50841.12
1144.00	50782.60
1145.00	50983.89
1146.00	50913.67
1147.00	50845.80
1148.00	50192.79
1149.00	50375.35
1150.00	50447.91
1151.00	50733.45
1152.00	50365.99
1153.00	50401.10
1154.00	50192.79
1155.00	49635.74
1156.00	49624.04
1157.00	49509.35
1158.00	49893.20
1159.00	49446.16
1160.00	48781.45
1161.00	48664.42
1162.00	48491.22
1163.00	48495.90
1164.00	48264.19
1165.00	48676.12
1166.00	48378.87
1167.00	48069.92
1168.00	48081.63
1169.00	49263.60
1170.00	49097.42
1171.00	49230.83
1172.00	48973.37
1173.00	48535.69
1174.00	48449.09
1175.00	48432.71
1176.00	47969.28
1177.00	48285.25
1178.00	47089.24
1179.00	46476.02
1180.00	46288.77
1181.00	46768.58
1182.00	47171.16
1183.00	47292.86
1184.00	47327.97
1185.00	47552.66
1186.00	47587.77
1187.00	47594.79
1188.00	47803.10
1189.00	47391.17
1190.00	47814.80
1191.00	47828.85
1192.00	47819.49
1193.00	47185.20
1194.00	47562.03
1195.00	47437.98
1196.00	47473.09
1197.00	47374.78
1198.00	47676.71
1199.00	47309.25
1200.00	47468.40
1201.00	47566.71
1202.00	47878.00
1203.00	47782.04
1204.00	48540.37
1205.00	48322.70
1206.00	48603.56
1207.00	47920.13
1208.00	47805.44
1209.00	47634.58
1210.00	47634.58
1211.00	47571.39
1212.00	47290.52
1213.00	47491.81
1214.00	47847.57
1215.00	47760.97
1216.00	47667.35
1217.00	47494.15
1218.00	47477.77
1219.00	47262.44
1220.00	46820.08
1221.00	46897.31
1222.00	46511.13
1223.00	46529.85
1224.00	45879.18
1225.00	45172.34
1226.00	45354.90
1227.00	44818.92
1228.00	45272.98
1229.00	45544.48
1230.00	45579.59
1231.00	45944.72
1232.00	45537.46
1233.00	45823.01
1234.00	45462.57
1235.00	45839.39
1236.00	45846.41
1237.00	46003.23
1238.00	45544.48
1239.00	46007.91
1240.00	45209.79
1241.00	45081.06
1242.00	44081.65
1243.00	44226.76
1244.00	42234.97
1245.00	40133.17
1246.00	38583.73
1247.00	38183.50
1248.00	39061.20
1249.00	38307.55
1250.00	38197.54
1251.00	38726.50
1252.00	40013.80
1253.00	41024.91
1254.00	42307.52
1255.00	42712.44
1256.00	42925.42
1257.00	43021.39
1258.00	43751.63
1259.00	43171.18
1260.00	42911.38
1261.00	43129.05
1262.00	42557.96
1263.00	42131.98
1264.00	42422.21
1265.00	42178.79
1266.00	42443.27
1267.00	42021.98
1268.00	41958.78
1269.00	42260.71
1270.00	42801.38
1271.00	42485.40
1272.00	42012.62
1273.00	42597.75
1274.00	42995.64
1275.00	42820.10
1276.00	42466.68
1277.00	42436.25
1278.00	42117.94
1279.00	42101.56
1280.00	41551.53
1281.00	40891.50
1282.00	40912.56
1283.00	40690.21
1284.00	40432.75
1285.00	40840.01
1286.00	41310.46
1287.00	41654.51
1288.00	41619.41
1289.00	41434.50
1290.00	41237.90
1291.00	41853.46
1292.00	42401.14
1293.00	42366.04
1294.00	42227.95
1295.00	41523.44
1296.00	41502.38
1297.00	41895.59
1298.00	41741.11
1299.00	41387.69
1300.00	41193.43
1301.00	40673.83
1302.00	40692.55
1303.00	40769.79
1304.00	40825.96
1305.00	40825.96
1306.00	40114.44
1307.00	40233.81
1308.00	40325.09
1309.00	40589.57
1310.00	40177.64
1311.00	40928.95
1312.00	40383.60
1313.00	41123.21
1314.00	40570.85
1315.00	40884.48
1316.00	40673.83
1317.00	40311.05
1318.00	39962.31
1319.00	40229.13
1320.00	39896.77
1321.00	39882.73
1322.00	39639.31
1323.00	39913.16
1324.00	39777.40
1325.00	39452.07
1326.00	39501.22
1327.00	39061.20
1328.00	38974.60
1329.00	39154.82
1330.00	38869.28
1331.00	38572.03
1332.00	39103.33
1333.00	39426.32
1334.00	39557.39
1335.00	39894.43
1336.00	39435.69
1337.00	40072.31
1338.00	39611.23
1339.00	39997.41
1340.00	39688.46
1341.00	39571.44
1342.00	39763.36
1343.00	39484.84
1344.00	40081.67
1345.00	39248.44
1346.00	39807.83
1347.00	39519.95
1348.00	39791.45
1349.00	39143.12
1350.00	39285.89
1351.00	38724.16
1352.00	38333.29
1353.00	38300.53
1354.00	38983.96
1355.00	39136.10
1356.00	38932.47
1357.00	38541.60
1358.00	38370.74
1359.00	37991.58
1360.00	38675.01
1361.00	38649.27
1362.00	38410.53
1363.00	38459.68
1364.00	38457.34
1365.00	38085.20
1366.00	37968.17
1367.00	37488.36
1368.00	37830.08
1369.00	37778.59
1370.00	37998.60
1371.00	37694.33
1372.00	37233.24
1373.00	37474.32
1374.00	37282.39
1375.00	36835.35
1376.00	37141.96
1377.00	37467.30
1378.00	36985.15
1379.00	37329.20
1380.00	36823.65
1381.00	36418.74
1382.00	36243.20
1383.00	36240.86
1384.00	36194.04
1385.00	36683.22
1386.00	36732.37
1387.00	37008.55
1388.00	37095.15
1389.00	37209.84
1390.00	37130.26
1391.00	36950.04
1392.00	36842.37
1393.00	35981.06
1394.00	35725.94
1395.00	35480.18
1396.00	35770.41
1397.00	35618.27
1398.00	35744.66
1399.00	35721.26
1400.00	36046.59
1401.00	35903.82
1402.00	35253.15
1403.00	34731.21
1404.00	34059.48
1405.00	33963.51
1406.00	34487.79
1407.00	34373.11
1408.00	35077.61
1409.00	35267.19
1410.00	34960.58
1411.00	35204.00
1412.00	34871.64
1413.00	34930.16
1414.00	34789.72
1415.00	34522.90
1416.00	34213.95
1417.00	34279.49
1418.00	33970.54
1419.00	33223.90
1420.00	32378.97
1421.00	32510.04
1422.00	32542.81
1423.00	33244.97
1424.00	32727.71
1425.00	32720.69
1426.00	32858.78
1427.00	32528.77
1428.00	33111.56
1429.00	33240.29
1430.00	33120.92
1431.00	33483.70
1432.00	33464.98
1433.00	33703.71
1434.00	33909.68
1435.00	34176.50
1436.00	33860.53
1437.00	34015.01
1438.00	33167.73
1439.00	32701.96
1440.00	33090.49
1441.00	32606.00
1442.00	33172.41
1443.00	33457.96
1444.00	33528.17
1445.00	33179.43
1446.00	33067.09
1447.00	33579.67
1448.00	33195.82
1449.00	33195.82
1450.00	33319.87
1451.00	33387.74
1452.00	33177.09
1453.00	32755.80
1454.00	32692.60
1455.00	32187.05
1456.00	31693.19
1457.00	31409.99
1458.00	31775.11
1459.00	32259.60
1460.00	31831.29
1461.00	32301.73
1462.00	32187.05
1463.00	31924.91
1464.00	31484.89
1465.00	31115.08
1466.00	30630.59
1467.00	30637.61
1468.00	30911.46
1469.00	31009.76
1470.00	31049.55
1471.00	31194.66
1472.00	30815.49
1473.00	31051.89
1474.00	30576.76
1475.00	30464.41
1476.00	30363.77
1477.00	30305.26
1478.00	30539.31
1479.00	30373.13
1480.00	29666.29
1481.00	29556.28
1482.00	29291.80
1483.00	29617.14
1484.00	29457.98
1485.00	29823.11
1486.00	29715.44
1487.00	29544.58
1488.00	30129.72
1489.00	30209.29
1490.00	30511.22
1491.00	30213.98
1492.00	30054.82
1493.00	29717.78
1494.00	29502.45
1495.00	28945.41
1496.00	28793.27
1497.00	27545.76
1498.00	27353.84
1499.00	27693.22
1500.00	27903.87
1501.00	28245.58
1502.00	28746.46
1503.00	28734.76
1504.00	28840.08
1505.00	28947.75
1506.00	28507.72
1507.00	28421.13
1508.00	28451.55
1509.00	28041.96
1510.00	27805.56
1511.00	27447.46
1512.00	27557.47
1513.00	27311.71
1514.00	27821.95
1515.00	28184.73
1516.00	28332.18
1517.00	28545.17
1518.00	28386.02
1519.00	27894.50
1520.00	27873.44
1521.00	27672.15
1522.00	26941.91
1523.00	26939.57
1524.00	26764.03
1525.00	26712.53
1526.00	27328.10
1527.00	27981.10
1528.00	27707.26
1529.00	27960.04
1530.00	27772.80
1531.00	28091.11
1532.00	27971.74
1533.00	27667.47
1534.00	27143.19
1535.00	27026.17
1536.00	26565.08
1537.00	26871.69
1538.00	26792.11
1539.00	26462.10
1540.00	27147.87
1541.00	26871.69
1542.00	27065.96
1543.00	27220.43
1544.00	27063.61
1545.00	27623.00
1546.00	27569.17
1547.00	27302.35
1548.00	27091.70
1549.00	27290.65
1550.00	27068.30
1551.00	26614.23
1552.00	26202.30
1553.00	25902.71
1554.00	26183.57
1555.00	26260.81
1556.00	26513.59
1557.00	26536.99
1558.00	26405.92
1559.00	26625.93
1560.00	26962.97
1561.00	26984.04
1562.00	26988.72
1563.00	26806.16
1564.00	26735.94
1565.00	26630.62
1566.00	26279.54
1567.00	26546.36
1568.00	26579.12
1569.00	26366.13
1570.00	26331.03
1571.00	26551.04
1572.00	26094.63
1573.00	25762.28
1574.00	26047.82
1575.00	25902.71
1576.00	25993.99
1577.00	25671.00
1578.00	25326.94
1579.00	25357.36
1580.00	24877.55
1581.00	25350.34
1582.00	25474.39
1583.00	25233.32
1584.00	25151.40
1585.00	25221.61
1586.00	24957.13
1587.00	24830.74
1588.00	24828.40
1589.00	25364.39
1590.00	24912.66
1591.00	24872.87
1592.00	24620.10
1593.00	24713.72
1594.00	24444.56
1595.00	24734.78
1596.00	24840.11
1597.00	25156.08
1598.00	24720.74
1599.00	24603.71
1600.00	24599.03
1601.00	24500.73
1602.00	24739.46
1603.00	24706.70
1604.00	24430.51
1605.00	24238.59
1606.00	24177.73
1607.00	24299.44
1608.00	24304.12
1609.00	24559.24
1610.00	24254.97
1611.00	24128.58
1612.00	24081.77
1613.00	23651.11
1614.00	24093.47
1615.00	23934.32
1616.00	23782.18
1617.00	23880.49
1618.00	23803.25
1619.00	23651.11
1620.00	23150.24
1621.00	22967.68
1622.00	22998.10
1623.00	23005.13
1624.00	23101.09
1625.00	22675.11
1626.00	22904.48
1627.00	22721.92
1628.00	22380.20
1629.00	22618.94
1630.00	22249.13
1631.00	22642.34
1632.00	22623.62
1633.00	22682.13
1634.00	22291.26
1635.00	22265.52
1636.00	22623.62
1637.00	22494.89
1638.00	22675.11
1639.00	22127.42
1640.00	22302.96
1641.00	21795.07
1642.00	21521.23
1643.00	21259.09
1644.00	20816.72
1645.00	20758.21
1646.00	21060.14
1647.00	21635.91
1648.00	22155.51
1649.00	22129.77
1650.00	22515.95
1651.00	22305.31
1652.00	22457.44
1653.00	22434.03
1654.00	22293.60
1655.00	22553.40
1656.00	21944.86
1657.00	21858.26
1658.00	21390.16
1659.00	21202.91
1660.00	21572.72
1661.00	21572.72
1662.00	21968.27
1663.00	21893.37
1664.00	21682.72
1665.00	21844.22
1666.00	21884.01
1667.00	22092.32
1668.00	21687.40
1669.00	21537.61
1670.00	21511.86
1671.00	21369.09
1672.00	21680.38
1673.00	21600.80
1674.00	21724.85
1675.00	21802.09
1676.00	21418.24
1677.00	21284.83
1678.00	21256.75
1679.00	21177.17
1680.00	20718.42
1681.00	20402.45
1682.00	20503.09
1683.00	20252.66
1684.00	20102.86
1685.00	19726.04
1686.00	19508.37
1687.00	19250.91
1688.00	18024.47
1689.00	16744.19
1690.00	15903.94
1691.00	15704.99
1692.00	16367.37
1693.00	17202.94
1694.00	18015.10
1695.00	18494.91
1696.00	19101.11
1697.00	19459.21
1698.00	19290.70
1699.00	19889.87
1700.00	20311.17
1701.00	19948.39
1702.00	20067.75
1703.00	20372.02
1704.00	20269.04
1705.00	20107.54
1706.00	20259.68
1707.00	20098.18
1708.00	19922.64
1709.00	20414.15
1710.00	20161.37
1711.00	19805.61
1712.00	19878.17
1713.00	19749.44
1714.00	20049.03
1715.00	19915.62
1716.00	19995.20
1717.00	19723.69
1718.00	20219.89
1719.00	19852.42
1720.00	19669.86
1721.00	19662.84
1722.00	19627.73
1723.00	19421.77
1724.00	19873.49
1725.00	19667.52
1726.00	20121.59
1727.00	19751.78
1728.00	19648.80
1729.00	19847.74
1730.00	19651.14
1731.00	19695.61
1732.00	19695.61
1733.00	19463.90
1734.00	19459.21
1735.00	19438.15
1736.00	19302.40
1737.00	19274.31
1738.00	19164.31
1739.00	18888.12
1740.00	18663.43
1741.00	18714.92
1742.00	19101.11
1743.00	19047.28
1744.00	18745.35
1745.00	18801.52
1746.00	18710.24
1747.00	18780.46
1748.00	18633.00
1749.00	18647.05
1750.00	18649.39
1751.00	18789.82
1752.00	18838.97
1753.00	18707.90
1754.00	18824.93
1755.00	18558.11
1756.00	18689.18
1757.00	18574.49
1758.00	18677.48
1759.00	18162.56
1760.00	18295.97
1761.00	18293.63
1762.00	18377.89
1763.00	18331.08
1764.00	18157.88
1765.00	17923.82
1766.00	18118.09
1767.00	18134.47
1768.00	17860.63
1769.00	18085.32
1770.00	17975.31
1771.00	17956.59
1772.00	17689.77
1773.00	17692.11
1774.00	17877.01
1775.00	17764.67
1776.00	17942.55
1777.00	18057.23
1778.00	17748.28
1779.00	17844.24
1780.00	17673.39
1781.00	17668.70
1782.00	17563.38
1783.00	17380.82
1784.00	17397.20
1785.00	17259.11
1786.00	17413.59
1787.00	17212.30
1788.00	17240.39
1789.00	17666.36
1790.00	17008.67
1791.00	17249.75
1792.00	17074.21
1793.00	17256.77
1794.00	17123.36
1795.00	16802.71
1796.00	16697.38
1797.00	16652.91
1798.00	16800.37
1799.00	16240.98
1800.00	16180.12
1801.00	16006.92
1802.00	16329.92
1803.00	16311.19
1804.00	16615.46
1805.00	16262.04
1806.00	16369.71
1807.00	16535.88
1808.00	16287.79
1809.00	16390.77
1810.00	16184.80
1811.00	16287.79
1812.00	16229.27
1813.00	16231.62
1814.00	16187.14
1815.00	16020.97
1816.00	15791.59
1817.00	15917.98
1818.00	15943.73
1819.00	15791.59
1820.00	15503.71
1821.00	15571.58
1822.00	15669.89
1823.00	15854.79
1824.00	15503.71
1825.00	15337.53
1826.00	15492.01
1827.00	15728.40
1828.00	15641.80
1829.00	15246.25
1830.00	15316.47
1831.00	15117.52
1832.00	15344.55
1833.00	15330.51
1834.00	15040.28
1835.00	15098.80
1836.00	14817.93
1837.00	14597.92
1838.00	15112.84
1839.00	14813.25
1840.00	14712.61
1841.00	14817.93
1842.00	14824.95
1843.00	14588.56
1844.00	14501.96
1845.00	14516.00
1846.00	14616.65
1847.00	14391.95
1848.00	14225.78
1849.00	14267.91
1850.00	14335.78
1851.00	14106.41
1852.00	14136.84
1853.00	14146.20
1854.00	14050.24
1855.00	13935.55
1856.00	13776.39
1857.00	13879.38
1858.00	14108.75
1859.00	14061.94
1860.00	13923.85
1861.00	13841.93
1862.00	13902.78
1863.00	13722.56
1864.00	13912.14
1865.00	13586.81
1866.00	13465.10
1867.00	13231.05
1868.00	13350.42
1869.00	13266.16
1870.00	13324.67
1871.00	13542.34
1872.00	12931.46
1873.00	13202.96
1874.00	13434.68
1875.00	13039.12
1876.00	12936.14
1877.00	12910.40
1878.00	13057.85
1879.00	12847.20
1880.00	13001.68
1881.00	12894.01
1882.00	13114.02
1883.00	12772.30
1884.00	12732.51
1885.00	12723.15
1886.00	12592.08
1887.00	12336.96
1888.00	12126.32
1889.00	12020.99
1890.00	12112.27
1891.00	11943.75
1892.00	12065.46
1893.00	12032.69
1894.00	12182.49
1895.00	12173.13
1896.00	12355.69
1897.00	12278.45
1898.00	12065.46
1899.00	11850.13
1900.00	11889.92
1901.00	11815.02
1902.00	11482.67
1903.00	11728.42
1904.00	11632.46
1905.00	11461.60
1906.00	10916.26
1907.00	10340.49
1908.00	9284.91
1909.00	8589.77
1910.00	7861.86
1911.00	7693.34
1912.00	7812.71
1913.00	7812.71
1914.00	8131.02
1915.00	8446.99
1916.00	8870.63
1917.00	9153.84
1918.00	9736.63
1919.00	9811.53
1920.00	9846.63
1921.00	9776.42
1922.00	9224.05
1923.00	9254.48
1924.00	9231.07
1925.00	9048.51
1926.00	9144.47
1927.00	8997.02
1928.00	8903.40
1929.00	9177.24
1930.00	9207.67
1931.00	9280.22
1932.00	9284.91
1933.00	9249.80
1934.00	9277.88
1935.00	9177.24
1936.00	9263.84
1937.00	9324.69
1938.00	9303.63
1939.00	9448.74
1940.00	9191.28
1941.00	9341.08
1942.00	9291.93
1943.00	9191.28
1944.00	9256.82
1945.00	9074.26
1946.00	9053.19
1947.00	9411.29
1948.00	9177.24
1949.00	9364.48
1950.00	8990.00
1951.00	9149.15
1952.00	9100.00
1953.00	9018.08
1954.00	8943.19
1955.00	8791.05
1956.00	8933.82
1957.00	8802.75
1958.00	8844.88
1959.00	8784.03
1960.00	8739.56
1961.00	8601.47
1962.00	8292.52
1963.00	8273.79
1964.00	8477.42
1965.00	8624.87
1966.00	8507.85
1967.00	8224.64
1968.00	8390.82
1969.00	8393.16
1970.00	8203.58
1971.00	8809.78
1972.00	8559.34
1973.00	8519.55
1974.00	8257.41
1975.00	8468.06
1976.00	8109.96
1977.00	8397.84
1978.00	8180.17
1979.00	8439.97
1980.00	8241.03
1981.00	8299.54
1982.00	8451.67
1983.00	8367.42
1984.00	8482.10
1985.00	8414.23
1986.00	8549.98
1987.00	8484.44
1988.00	8416.57
1989.00	8121.66
1990.00	8131.02
1991.00	7941.44
1992.00	8063.15
1993.00	8131.02
1994.00	8084.21
1995.00	8109.96
1996.00	7859.52
1997.00	7576.31
1998.00	7569.29
1999.00	7309.49
2000.00	7449.93
2001.00	7625.47
2002.00	7456.95
2003.00	7405.46
2004.00	7435.88
2005.00	7501.42
2006.00	7424.18
2007.00	7442.90
2008.00	7501.42
2009.00	7363.33
2010.00	7250.98
2011.00	7103.53
2012.00	7150.34
2013.00	7260.34
2014.00	7183.10
2015.00	7157.36
2016.00	7080.12
2017.00	7045.01
2018.00	6949.05
2019.00	6902.24
2020.00	6848.41
2021.00	6876.49
2022.00	6956.07
2023.00	6874.15
2024.00	6890.54
2025.00	6747.76
2026.00	6604.99
2027.00	6637.76
2028.00	6729.04
2029.00	6696.27
2030.00	6874.15
2031.00	6780.53
2032.00	6881.18
2033.00	6841.39
2034.00	6881.18
2035.00	6724.36
2036.00	6670.53
2037.00	6469.24
2038.00	6464.56
2039.00	6551.16
2040.00	6443.49
2041.00	6665.85
2042.00	6626.06
2043.00	6483.28
2044.00	6705.63
2045.00	6310.08
2046.00	6420.09
2047.00	6317.11
