0.00	732.59
1.00	732.59
2.00	732.59
3.00	587.47
4.00	540.66
5.00	552.37
6.00	486.83
7.00	594.50
8.00	538.32
9.00	533.64
10.00	486.83
11.00	557.05
12.00	594.50
13.00	538.32
14.00	535.98
15.00	561.73
16.00	550.03
17.00	521.94
18.00	596.84
19.00	631.94
20.00	622.58
21.00	573.43
22.00	519.60
23.00	641.31
24.00	746.63
25.00	1198.35
26.00	1151.54
27.00	1177.29
28.00	1165.59
29.00	1200.69
30.00	1254.53
31.00	1207.72
32.00	1205.38
33.00	1221.76
34.00	1256.87
35.00	1235.80
36.00	1315.38
37.00	1280.27
38.00	1350.49
39.00	1238.14
40.00	1301.34
41.00	1345.81
42.00	1310.70
43.00	1390.28
44.00	1413.68
45.00	1308.36
46.00	1369.21
47.00	1336.45
48.00	1371.55
49.00	1376.24
50.00	1430.07
51.00	1418.36
52.00	1420.71
53.00	1486.24
54.00	1432.41
55.00	1460.49
56.00	1444.11
57.00	1390.28
58.00	1507.30
59.00	1406.66
60.00	1519.01
61.00	1495.60
62.00	1509.65
63.00	1502.62
64.00	1542.41
65.00	1528.37
66.00	1481.56
67.00	1514.33
68.00	1551.78
69.00	1439.43
70.00	1476.88
71.00	1603.27
72.00	1519.01
73.00	1542.41
74.00	1570.50
75.00	1593.90
76.00	1537.73
77.00	1593.90
78.00	1537.73
79.00	1624.33
80.00	1584.54
81.00	1647.74
82.00	1647.74
83.00	1661.78
84.00	1626.67
85.00	1652.42
86.00	1703.91
87.00	1619.65
88.00	1659.44
89.00	1727.32
90.00	1720.29
91.00	1722.63
92.00	1769.44
93.00	1739.02
94.00	1748.38
95.00	1736.68
96.00	1689.87
97.00	1708.59
98.00	1834.98
99.00	1760.08
100.00	1792.85
101.00	1834.98
102.00	1823.28
103.00	1830.30
104.00	1816.26
105.00	1811.57
106.00	1806.89
107.00	1827.96
108.00	1802.21
109.00	1888.81
110.00	1797.53
111.00	1764.76
112.00	1816.26
113.00	1998.82
114.00	1928.60
115.00	1970.73
116.00	1933.28
117.00	1893.49
118.00	2019.88
119.00	1895.83
120.00	1949.67
121.00	1982.43
122.00	2031.58
123.00	2132.23
124.00	2052.65
125.00	2054.99
126.00	2104.14
127.00	2015.20
128.00	2059.67
129.00	2176.70
130.00	2078.40
131.00	2094.78
132.00	2132.23
133.00	2125.21
134.00	2223.51
135.00	2195.42
136.00	2317.13
137.00	2099.46
138.00	2172.02
139.00	2150.95
140.00	2157.97
141.00	2181.38
142.00	2326.49
143.00	2228.19
144.00	2239.89
145.00	2275.00
146.00	2317.13
147.00	2300.75
148.00	2289.04
149.00	2263.30
150.00	2392.03
151.00	2340.54
152.00	2270.32
153.00	2401.39
154.00	2504.37
155.00	2450.54
156.00	2455.22
157.00	2443.52
158.00	2448.20
159.00	2562.89
160.00	2509.05
161.00	2511.39
162.00	2574.59
163.00	2614.38
164.00	2523.10
165.00	2569.91
166.00	2478.63
167.00	2574.59
168.00	2635.44
169.00	2729.06
170.00	2761.83
171.00	2705.66
172.00	2670.55
173.00	2675.23
174.00	2754.81
175.00	2686.94
176.00	2747.79
177.00	2813.32
178.00	2717.36
179.00	2949.08
180.00	2829.71
181.00	2747.79
182.00	2855.45
183.00	2930.35
184.00	2937.37
185.00	2881.20
186.00	2890.56
187.00	2972.48
188.00	2981.84
189.00	3047.38
190.00	3026.31
191.00	3119.93
192.00	3166.74
193.00	3084.83
194.00	3129.30
195.00	3251.00
196.00	3187.81
197.00	3253.34
198.00	3227.60
199.00	3084.83
200.00	3131.64
201.00	3349.31
202.00	3283.77
203.00	3302.50
204.00	3361.01
205.00	3375.05
206.00	3276.75
207.00	3293.13
208.00	3428.88
209.00	3398.46
210.00	3372.71
211.00	3503.78
212.00	3403.14
213.00	3389.10
214.00	3442.93
215.00	3655.92
216.00	3698.05
217.00	3660.60
218.00	3674.64
219.00	3541.23
220.00	3674.64
221.00	3655.92
222.00	3655.92
223.00	3836.14
224.00	3866.56
225.00	3775.28
226.00	3819.75
227.00	3885.29
228.00	3864.22
229.00	4002.32
230.00	3782.31
231.00	4037.42
232.00	3983.59
233.00	4091.26
234.00	4135.73
235.00	4156.79
236.00	4133.39
237.00	4049.13
238.00	4128.70
239.00	4147.43
240.00	4224.67
241.00	4365.10
242.00	4404.89
243.00	4297.22
244.00	4447.02
245.00	4678.73
246.00	4437.66
247.00	4400.21
248.00	4587.45
249.00	4587.45
250.00	4664.69
251.00	4753.63
252.00	4767.67
253.00	4744.27
254.00	4835.55
255.00	4849.59
256.00	4903.42
257.00	5071.94
258.00	4959.60
259.00	4997.04
260.00	4985.34
261.00	5130.45
262.00	5046.20
263.00	5158.54
264.00	5149.18
265.00	5200.67
266.00	5320.04
267.00	5280.25
268.00	5387.91
269.00	5479.19
270.00	5380.89
271.00	5408.98
272.00	5315.36
273.00	5542.39
274.00	5427.70
275.00	5537.71
276.00	5685.16
277.00	5619.63
278.00	5731.97
279.00	5530.69
280.00	5760.06
281.00	5921.56
282.00	5778.78
283.00	5874.74
284.00	5867.72
285.00	5846.66
286.00	5942.62
287.00	5949.64
288.00	5956.66
289.00	5940.28
290.00	5970.71
291.00	6059.65
292.00	6073.69
293.00	6127.52
294.00	6179.01
295.00	6153.27
296.00	6277.32
297.00	6132.20
298.00	6396.68
299.00	6181.35
300.00	6190.72
301.00	5940.28
302.00	5797.51
303.00	5905.17
304.00	6321.79
305.00	6176.67
306.00	6223.48
307.00	6223.48
308.00	6076.03
309.00	6239.87
310.00	6136.88
311.00	6139.23
312.00	6157.95
313.00	6265.61
314.00	6392.00
315.00	6289.02
316.00	6230.51
317.00	6368.60
318.00	6338.17
319.00	6321.79
320.00	6328.81
321.00	6551.16
322.00	6541.80
323.00	6492.65
324.00	6665.85
325.00	6675.21
326.00	6572.22
327.00	6888.20
328.00	6902.24
329.00	6658.82
330.00	6733.72
331.00	6932.67
332.00	6572.22
333.00	6562.86
334.00	6761.81
335.00	6930.33
336.00	6834.36
337.00	6958.41
338.00	6876.49
339.00	6949.05
340.00	7045.01
341.00	7019.27
342.00	7267.36
343.00	7059.06
344.00	7297.79
345.00	7349.28
346.00	7300.13
347.00	7318.86
348.00	7248.64
349.00	7428.86
350.00	7279.07
351.00	7386.73
352.00	7463.97
353.00	7531.84
354.00	7480.35
355.00	7515.46
356.00	7562.27
357.00	7751.85
358.00	7529.50
359.00	7630.15
360.00	7948.46
361.00	7770.58
362.00	7927.39
363.00	7688.66
364.00	7845.48
365.00	7866.54
366.00	7887.61
367.00	7756.54
368.00	7957.82
369.00	8074.85
370.00	7969.52
371.00	8182.51
372.00	7920.37
373.00	8163.79
374.00	7934.42
375.00	8283.16
376.00	8084.21
377.00	8336.99
378.00	8142.72
379.00	8554.66
380.00	8641.26
381.00	8322.94
382.00	8575.72
383.00	8737.22
384.00	8753.60
385.00	8891.70
386.00	8767.65
387.00	8950.21
388.00	8933.82
389.00	9048.51
390.00	9011.06
391.00	9200.65
392.00	9254.48
393.00	8975.95
394.00	9181.92
395.00	9420.66
396.00	9231.07
397.00	9490.87
398.00	9448.74
399.00	9619.60
400.00	9638.33
401.00	9542.36
402.00	9535.34
403.00	9631.30
404.00	9902.81
405.00	9785.78
406.00	10033.88
407.00	10045.58
408.00	9813.87
409.00	9413.63
410.00	9853.66
411.00	10045.58
412.00	9935.57
413.00	10003.45
414.00	10019.83
415.00	9841.95
416.00	9856.00
417.00	10113.45
418.00	10036.22
419.00	10331.12
420.00	10068.98
421.00	9848.97
422.00	10202.40
423.00	10204.74
424.00	9830.25
425.00	10015.15
426.00	10214.10
427.00	10284.31
428.00	10099.41
429.00	10258.57
430.00	10174.31
431.00	10352.19
432.00	10274.95
433.00	10445.81
434.00	10258.57
435.00	10260.91
436.00	10473.90
437.00	10359.21
438.00	10590.92
439.00	10796.89
440.00	11007.54
441.00	10799.23
442.00	10934.98
443.00	10820.30
444.00	10682.20
445.00	10789.87
446.00	10883.49
447.00	10850.72
448.00	10949.03
449.00	10925.62
450.00	10897.53
451.00	10855.40
452.00	11265.00
453.00	11101.16
454.00	11059.03
455.00	11218.19
456.00	11082.44
457.00	11290.74
458.00	11332.87
459.00	10956.05
460.00	11096.48
461.00	11456.92
462.00	11115.20
463.00	11215.85
464.00	11279.04
465.00	11410.11
466.00	11517.78
467.00	11747.15
468.00	11793.96
469.00	11613.74
470.00	11770.55
471.00	11981.20
472.00	11798.64
473.00	11873.54
474.00	11850.13
475.00	11906.31
476.00	11981.20
477.00	11925.03
478.00	12224.62
479.00	12278.45
480.00	12599.10
481.00	12318.24
482.00	12379.09
483.00	12535.91
484.00	12690.38
485.00	12851.88
486.00	12669.32
487.00	12947.84
488.00	12908.05
489.00	12760.60
490.00	12669.32
491.00	12800.39
492.00	12828.48
493.00	12837.84
494.00	13025.08
495.00	12954.87
496.00	12926.78
497.00	12931.46
498.00	13048.49
499.00	13242.75
500.00	13111.68
501.00	13322.33
502.00	13238.07
503.00	13373.82
504.00	13387.86
505.00	13570.43
506.00	13406.59
507.00	13586.81
508.00	13692.13
509.00	13479.15
510.00	13682.77
511.00	13811.50
512.00	13738.94
513.00	13715.54
514.00	13893.42
515.00	13951.93
516.00	13912.14
517.00	13870.01
518.00	13579.79
519.00	14101.73
520.00	13933.21
521.00	14115.77
522.00	14099.39
523.00	13870.01
524.00	14284.29
525.00	14333.44
526.00	14293.65
527.00	14523.02
528.00	14230.46
529.00	14471.53
530.00	14398.98
531.00	14906.87
532.00	14576.86
533.00	14586.22
534.00	14382.59
535.00	14506.64
536.00	14937.30
537.00	14204.71
538.00	14696.22
539.00	14998.15
540.00	14569.83
541.00	14677.50
542.00	14890.49
543.00	15070.71
544.00	14738.35
545.00	15199.44
546.00	15164.33
547.00	14813.25
548.00	15262.63
549.00	15676.91
550.00	15374.98
551.00	15667.55
552.00	15489.67
553.00	15910.96
554.00	15779.89
555.00	15578.61
556.00	15845.43
557.00	15480.30
558.00	15875.85
559.00	15953.09
560.00	16191.83
561.00	16198.85
562.00	16547.59
563.00	15784.57
564.00	15962.45
565.00	16545.25
566.00	16573.33
567.00	17011.01
568.00	16386.09
569.00	16760.58
570.00	16627.17
571.00	16739.51
572.00	17245.07
573.00	16896.33
574.00	17149.11
575.00	17380.82
576.00	17441.67
577.00	17462.74
578.00	17701.47
579.00	17661.68
580.00	17514.23
581.00	17624.23
582.00	17965.95
583.00	18192.98
584.00	18157.88
585.00	18436.40
586.00	18874.08
587.00	18806.20
588.00	18705.56
589.00	18738.33
590.00	19000.47
591.00	18817.91
592.00	18995.79
593.00	19360.91
594.00	19697.95
595.00	19726.04
596.00	19873.49
597.00	20100.52
598.00	19859.45
599.00	20463.30
600.00	20458.62
601.00	20556.93
602.00	20556.93
603.00	20786.30
604.00	21177.17
605.00	20999.29
606.00	21715.49
607.00	21406.54
608.00	22176.58
609.00	21844.22
610.00	21799.75
611.00	21844.22
612.00	21965.93
613.00	22403.61
614.00	22689.15
615.00	22827.24
616.00	22925.55
617.00	22970.02
618.00	23068.32
619.00	23545.79
620.00	23522.38
621.00	23665.16
622.00	23772.82
623.00	24290.08
624.00	24444.56
625.00	24229.23
626.00	24589.67
627.00	24774.57
628.00	24919.68
629.00	25296.51
630.00	25671.00
631.00	25724.83
632.00	25862.92
633.00	25937.82
634.00	26373.16
635.00	26448.05
636.00	26412.95
637.00	26883.39
638.00	27075.32
639.00	27070.64
640.00	27026.17
641.00	27236.81
642.00	27627.68
643.00	27901.53
644.00	27938.97
645.00	28552.20
646.00	28673.90
647.00	28734.76
648.00	29174.78
649.00	29493.09
650.00	29455.64
651.00	30122.69
652.00	30050.14
653.00	30569.74
654.00	30483.14
655.00	30373.13
656.00	31002.74
657.00	30876.35
658.00	31606.59
659.00	31679.15
660.00	32063.00
661.00	32161.30
662.00	32479.61
663.00	32481.95
664.00	32804.95
665.00	32687.92
666.00	32804.95
667.00	32975.81
668.00	32985.17
669.00	33661.58
670.00	33734.14
671.00	33556.26
672.00	34213.95
673.00	34272.46
674.00	34326.30
675.00	34876.32
676.00	34979.31
677.00	34888.03
678.00	34986.33
679.00	35426.35
680.00	35887.43
681.00	35936.59
682.00	36528.74
683.00	36257.24
684.00	37088.13
685.00	37081.11
686.00	37015.57
687.00	37017.91
688.00	37476.66
689.00	37493.04
690.00	37488.36
691.00	37565.60
692.00	38595.43
693.00	38293.50
694.00	38803.74
695.00	38487.77
696.00	38864.60
697.00	39161.84
698.00	38862.26
699.00	39981.03
700.00	39447.39
701.00	39782.09
702.00	40009.12
703.00	40137.85
704.00	40320.41
705.00	40781.49
706.00	40240.83
707.00	40804.90
708.00	41340.88
709.00	41743.45
710.00	41673.24
711.00	41542.17
712.00	42019.64
713.00	42014.96
714.00	42483.06
715.00	42192.84
716.00	42630.52
717.00	42394.12
718.00	43328.00
719.00	42623.50
720.00	43217.99
721.00	43070.54
722.00	43512.90
723.00	43203.95
724.00	43997.39
725.00	43821.85
726.00	43531.62
727.00	43782.06
728.00	43934.20
729.00	44257.19
730.00	44629.34
731.00	44568.48
732.00	44467.84
733.00	44708.91
734.00	44561.46
735.00	45092.76
736.00	45167.66
737.00	45492.99
738.00	45322.13
739.00	45525.76
740.00	45401.71
741.00	45528.10
742.00	46043.02
743.00	45544.48
744.00	46515.81
745.00	46646.88
746.00	47012.00
747.00	46471.34
748.00	46976.89
749.00	46824.76
750.00	46862.21
751.00	47168.82
752.00	47136.05
753.00	47330.31
754.00	47260.10
755.00	47416.91
756.00	47592.45
757.00	48086.31
758.00	47716.50
759.00	48210.35
760.00	48240.78
761.00	48240.78
762.00	48416.32
763.00	48245.46
764.00	48306.32
765.00	48526.33
766.00	48854.00
767.00	49364.24
768.00	49359.56
769.00	49083.37
770.00	49188.70
771.00	49411.05
772.00	49881.50
773.00	49652.12
774.00	49897.88
775.00	50155.34
776.00	49633.40
777.00	50621.11
778.00	50150.66
779.00	49865.11
780.00	50784.94
781.00	50164.70
782.00	50714.73
783.00	50754.52
784.00	50646.85
785.00	50944.10
786.00	50747.50
787.00	51248.37
788.00	51058.79
789.00	51468.38
790.00	51660.30
791.00	51648.60
792.00	51992.66
793.00	51477.74
794.00	51800.74
795.00	51882.66
796.00	51526.89
797.00	52023.09
798.00	51887.34
799.00	52346.08
800.00	52210.33
801.00	52226.71
802.00	52165.86
803.00	52573.11
804.00	52484.17
805.00	52666.73
806.00	52748.65
807.00	53092.71
808.00	52797.80
809.00	52898.45
810.00	53066.97
811.00	52973.34
812.00	53301.02
813.00	53478.90
814.00	53359.53
815.00	53525.71
816.00	53422.73
817.00	53581.88
818.00	53139.52
819.00	53698.91
820.00	53640.40
821.00	54007.86
822.00	53659.12
823.00	53991.48
824.00	53844.02
825.00	53741.04
826.00	53731.68
827.00	53928.28
828.00	54202.13
829.00	54162.34
830.00	54515.76
831.00	54857.48
832.00	54394.05
833.00	54834.07
834.00	54473.63
835.00	54688.96
836.00	54307.45
837.00	55000.25
838.00	54885.56
839.00	54857.48
840.00	55093.87
841.00	55112.59
842.00	55224.94
843.00	54937.05
844.00	55384.10
845.00	55522.19
846.00	55863.91
847.00	55723.47
848.00	55725.81
849.00	55683.69
850.00	55650.92
851.00	55529.21
852.00	55758.58
853.00	55679.00
854.00	55875.61
855.00	55765.60
856.00	56226.69
857.00	56116.68
858.00	56397.55
859.00	56205.62
860.00	56133.07
861.00	56175.20
862.00	56535.64
863.00	56512.23
864.00	56575.43
865.00	56673.73
866.00	56652.67
867.00	56837.57
868.00	56537.98
869.00	56343.72
870.00	56870.34
871.00	56626.92
872.00	56975.66
873.00	56994.39
874.00	57029.49
875.00	56842.25
876.00	57188.65
877.00	57141.84
878.00	57345.47
879.00	57244.82
880.00	57319.72
881.00	57373.55
882.00	57481.22
883.00	57062.26
884.00	57340.78
885.00	57092.69
886.00	57069.28
887.00	57425.04
888.00	57542.07
889.00	57570.16
890.00	57705.91
891.00	57876.77
892.00	57567.82
893.00	57696.55
894.00	57574.84
895.00	57757.40
896.00	57872.09
897.00	58019.54
898.00	58033.58
899.00	57979.75
900.00	58073.37
901.00	57836.98
902.00	58195.08
903.00	58117.84
904.00	58138.91
905.00	58244.23
906.00	58487.65
907.00	58504.03
908.00	58328.49
909.00	58489.99
910.00	58464.24
911.00	58557.86
912.00	58307.43
913.00	58204.44
914.00	58630.42
915.00	58672.55
916.00	58915.96
917.00	58688.93
918.00	58962.78
919.00	58756.81
920.00	58532.12
921.00	58607.01
922.00	58883.20
923.00	59091.51
924.00	58925.33
925.00	59135.98
926.00	59032.99
927.00	59288.11
928.00	59054.06
929.00	59112.57
930.00	59206.19
931.00	59070.44
932.00	59360.67
933.00	59536.21
934.00	59372.37
935.00	59147.68
936.00	59124.27
937.00	59344.28
938.00	59377.05
939.00	59360.67
940.00	59341.94
941.00	59758.56
942.00	59456.63
943.00	59283.43
944.00	59625.15
945.00	59580.68
946.00	59716.43
947.00	59763.24
948.00	59742.17
949.00	59938.78
950.00	60004.31
951.00	59852.18
952.00	59952.82
953.00	59976.23
954.00	59835.80
955.00	59943.46
956.00	59671.96
957.00	59908.35
958.00	59962.18
959.00	60081.55
960.00	60114.32
961.00	59891.97
962.00	60163.47
963.00	60313.26
964.00	60123.68
965.00	60090.91
966.00	60306.24
967.00	60388.16
968.00	60605.83
969.00	60760.31
970.00	60779.03
971.00	60858.61
972.00	60608.17
973.00	60521.57
974.00	60610.51
975.00	60764.99
976.00	60626.90
977.00	60669.03
978.00	60912.44
979.00	60683.07
980.00	60762.65
981.00	60903.08
982.00	60893.72
983.00	60905.42
984.00	60912.44
985.00	61064.58
986.00	60987.34
987.00	60853.93
988.00	61022.45
989.00	61179.26
990.00	60802.44
991.00	61090.32
992.00	60968.61
993.00	60987.34
994.00	60935.85
995.00	61490.55
996.00	61338.42
997.00	61483.53
998.00	61645.03
999.00	61303.31
1000.00	61570.13
1001.00	61207.35
1002.00	61481.19
1003.00	61375.87
1004.00	61298.63
1005.00	61446.08
1006.00	61429.70
1007.00	61682.48
1008.00	61523.32
1009.00	61616.94
1010.00	61338.42
1011.00	61595.88
1012.00	61509.28
1013.00	61712.91
1014.00	61403.95
1015.00	61829.93
1016.00	61670.78
1017.00	61780.78
1018.00	61946.96
1019.00	61703.54
1020.00	61776.10
1021.00	61762.06
1022.00	61879.08
1023.00	61656.73
1024.00	61975.05
1025.00	61818.23
1026.00	62056.96
1027.00	62150.59
1028.00	62157.61
1029.00	62120.16
1030.00	61963.34
1031.00	62145.90
1032.00	62192.72
1033.00	62209.10
1034.00	62253.57
1035.00	62265.27
1036.00	62354.21
1037.00	62309.74
1038.00	62246.55
1039.00	62312.08
1040.00	61986.75
1041.00	62141.22
1042.00	62012.49
1043.00	62276.97
1044.00	62382.30
1045.00	62335.49
1046.00	62714.65
1047.00	62482.94
1048.00	62487.62
1049.00	62354.21
1050.00	62372.94
1051.00	62606.99
1052.00	62534.43
1053.00	62592.95
1054.00	62850.41
1055.00	62475.92
1056.00	62742.74
1057.00	62382.30
1058.00	62482.94
1059.00	62635.08
1060.00	62363.57
1061.00	62740.40
1062.00	62808.28
1063.00	62663.16
1064.00	62859.77
1065.00	62646.78
1066.00	62883.17
1067.00	62702.95
1068.00	62635.08
1069.00	62906.58
1070.00	62555.50
1071.00	62611.67
1072.00	62937.01
1073.00	62951.05
1074.00	62946.37
1075.00	63072.76
1076.00	63025.95
1077.00	62810.62
1078.00	62890.19
1079.00	63011.90
1080.00	62845.72
1081.00	62812.96
1082.00	62990.84
1083.00	63028.29
1084.00	63320.85
1085.00	63182.76
1086.00	63175.74
1087.00	63035.31
1088.00	63077.44
1089.00	63032.97
1090.00	63075.10
1091.00	63028.29
1092.00	63147.65
1093.00	63217.87
1094.00	63058.71
1095.00	63161.70
1096.00	63185.10
1097.00	63065.73
1098.00	63138.29
1099.00	63138.29
1100.00	63124.25
1101.00	63318.51
1102.00	63175.74
1103.00	63290.43
1104.00	63119.57
1105.00	63412.13
1106.00	63309.15
1107.00	63056.37
1108.00	63119.57
1109.00	63079.78
1110.00	63243.62
1111.00	63379.37
1112.00	63149.99
1113.00	63463.63
1114.00	63241.28
1115.00	63480.01
1116.00	63657.89
1117.00	63428.52
1118.00	63407.45
1119.00	63487.03
1120.00	63348.94
1121.00	63334.90
1122.00	63370.00
1123.00	63510.44
1124.00	63374.69
1125.00	63482.35
1126.00	63370.00
1127.00	63327.87
1128.00	63582.99
1129.00	63409.79
1130.00	63234.25
1131.00	63114.89
1132.00	63231.91
1133.00	63487.03
1134.00	63358.30
1135.00	63423.84
1136.00	63545.54
1137.00	63746.83
1138.00	63550.23
1139.00	63472.99
1140.00	63599.38
1141.00	63285.75
1142.00	63421.50
1143.00	63585.33
1144.00	63475.33
1145.00	63547.89
1146.00	63693.00
1147.00	63735.13
1148.00	63604.06
1149.00	63650.87
1150.00	63585.33
1151.00	63559.59
1152.00	63398.09
1153.00	63634.48
1154.00	63611.08
1155.00	63650.87
1156.00	63669.59
1157.00	63660.23
1158.00	63716.40
1159.00	63735.13
1160.00	63835.77
1161.00	63688.32
1162.00	63718.74
1163.00	63505.76
1164.00	63407.45
1165.00	63826.41
1166.00	63723.43
1167.00	63702.36
1168.00	63964.50
1169.00	63746.83
1170.00	63716.40
1171.00	63592.36
1172.00	63714.06
1173.00	63508.10
1174.00	63489.37
1175.00	63681.30
1176.00	63671.93
1177.00	63648.53
1178.00	63920.03
1179.00	63770.24
1180.00	63714.06
1181.00	63664.91
1182.00	63606.40
1183.00	63697.68
1184.00	63597.04
1185.00	63889.60
1186.00	63746.83
1187.00	63557.25
1188.00	63760.87
1189.00	63903.65
1190.00	63693.00
1191.00	64008.97
1192.00	63931.73
1193.00	63552.57
1194.00	63484.69
1195.00	63772.58
1196.00	63854.50
1197.00	64013.65
1198.00	63852.15
1199.00	63896.62
1200.00	64006.63
1201.00	63833.43
1202.00	63847.47
1203.00	63657.89
1204.00	63929.39
1205.00	63817.05
1206.00	63898.97
1207.00	63632.14
1208.00	64004.29
1209.00	63870.88
1210.00	63950.46
1211.00	64062.80
1212.00	63955.14
1213.00	64048.76
1214.00	64032.38
1215.00	63838.11
1216.00	63859.18
1217.00	63718.74
1218.00	63913.01
1219.00	63910.67
1220.00	63880.24
1221.00	63833.43
1222.00	63791.30
1223.00	64175.15
1224.00	63959.82
1225.00	63898.97
1226.00	64030.04
1227.00	63746.83
1228.00	63835.77
1229.00	63695.34
1230.00	63948.12
1231.00	64004.29
1232.00	63952.80
1233.00	64151.74
1234.00	64051.10
1235.00	63856.84
1236.00	63746.83
1237.00	63882.58
1238.00	63927.05
1239.00	64088.55
1240.00	63978.54
1241.00	63966.84
1242.00	64027.70
1243.00	64083.87
1244.00	64039.40
1245.00	64090.89
1246.00	63992.59
1247.00	63948.12
1248.00	64128.34
1249.00	64044.08
1250.00	64093.23
1251.00	63994.93
1252.00	64240.68
1253.00	64062.80
1254.00	64114.29
1255.00	64280.47
1256.00	64322.60
1257.00	64233.66
1258.00	64205.58
1259.00	64257.07
1260.00	64053.44
1261.00	64184.51
1262.00	64317.92
1263.00	63999.61
1264.00	64544.95
1265.00	64301.54
1266.00	64264.09
1267.00	64273.45
1268.00	64383.46
1269.00	64341.33
1270.00	64243.02
1271.00	64310.90
1272.00	64282.81
1273.00	64144.72
1274.00	64151.74
1275.00	64140.04
1276.00	64219.62
1277.00	64376.43
1278.00	64392.82
1279.00	64448.99
1280.00	64409.20
1281.00	64324.94
1282.00	64383.46
1283.00	64346.01
1284.00	64104.93
1285.00	64282.81
1286.00	64493.46
1287.00	64257.07
1288.00	64439.63
1289.00	64441.97
1290.00	64264.09
1291.00	64390.48
1292.00	64573.04
1293.00	64439.63
1294.00	64292.18
1295.00	64273.45
1296.00	64133.02
1297.00	64448.99
1298.00	64306.22
1299.00	64348.35
1300.00	64413.88
1301.00	64456.01
1302.00	64605.81
1303.00	64577.72
1304.00	64397.50
1305.00	64626.87
1306.00	64463.03
1307.00	64381.12
1308.00	64383.46
1309.00	64484.10
1310.00	64207.92
1311.00	64308.56
1312.00	64385.80
1313.00	64584.74
1314.00	64460.69
1315.00	64591.76
1316.00	64530.91
1317.00	64692.41
1318.00	64650.28
1319.00	64313.24
1320.00	64374.09
1321.00	64481.76
1322.00	64397.50
1323.00	64507.50
1324.00	64554.32
1325.00	64673.68
1326.00	64654.96
1327.00	64626.87
1328.00	64493.46
1329.00	64465.38
1330.00	64671.34
1331.00	64498.14
1332.00	64189.19
1333.00	64507.50
1334.00	64423.25
1335.00	64484.10
1336.00	64252.39
1337.00	64493.46
1338.00	64554.32
1339.00	64661.98
1340.00	64514.53
1341.00	64549.63
1342.00	64697.09
1343.00	64631.55
1344.00	64713.47
1345.00	64448.99
1346.00	64406.86
1347.00	64544.95
1348.00	64687.73
1349.00	64631.55
1350.00	64418.56
1351.00	64549.63
1352.00	64533.25
1353.00	64355.37
1354.00	64406.86
1355.00	64463.03
1356.00	64303.88
1357.00	64392.82
1358.00	64622.19
1359.00	64289.84
1360.00	64418.56
1361.00	64505.16
1362.00	64371.75
1363.00	64584.74
1364.00	64568.36
1365.00	64657.30
1366.00	64420.90
1367.00	64402.18
1368.00	64362.39
1369.00	64406.86
1370.00	64474.74
1371.00	64357.71
1372.00	64432.61
1373.00	64439.63
1374.00	64526.23
1375.00	64306.22
1376.00	64390.48
1377.00	64381.12
1378.00	64189.19
1379.00	64448.99
1380.00	64463.03
1381.00	64376.43
1382.00	64266.43
1383.00	64278.13
1384.00	64348.35
1385.00	64086.21
1386.00	64268.77
1387.00	64231.32
1388.00	64250.05
1389.00	64514.53
1390.00	64425.59
1391.00	64397.50
1392.00	64331.96
1393.00	64252.39
1394.00	64362.39
1395.00	64233.66
1396.00	64076.85
1397.00	64200.89
1398.00	64051.10
1399.00	64371.75
1400.00	64329.62
1401.00	64292.18
1402.00	64144.72
1403.00	64320.26
1404.00	64100.25
1405.00	64163.45
1406.00	64058.12
1407.00	63955.14
1408.00	64104.93
1409.00	64186.85
1410.00	64090.89
1411.00	63964.50
1412.00	64184.51
1413.00	64074.51
1414.00	64154.08
1415.00	64198.55
1416.00	64392.82
1417.00	64243.02
1418.00	63959.82
1419.00	64065.14
1420.00	63950.46
1421.00	64090.89
1422.00	63927.05
1423.00	64006.63
1424.00	64107.27
1425.00	64079.19
1426.00	64065.14
1427.00	63941.10
1428.00	63966.84
1429.00	63819.39
1430.00	63786.62
1431.00	63875.56
1432.00	63915.35
1433.00	63704.70
1434.00	63746.83
1435.00	63826.41
1436.00	63842.79
1437.00	63749.17
1438.00	63739.81
1439.00	63817.05
1440.00	63770.24
1441.00	63781.94
1442.00	63779.60
1443.00	63859.18
1444.00	63777.26
1445.00	63426.18
1446.00	63756.19
1447.00	63690.66
1448.00	63629.80
1449.00	63531.50
1450.00	63770.24
1451.00	63884.92
1452.00	63868.54
1453.00	63810.03
1454.00	63817.05
1455.00	63772.58
1456.00	63697.68
1457.00	63449.58
1458.00	63636.83
1459.00	63648.53
1460.00	63515.12
1461.00	63533.84
1462.00	63491.71
1463.00	63365.32
1464.00	63372.34
1465.00	63599.38
1466.00	63405.11
1467.00	63575.97
1468.00	63430.86
1469.00	63346.60
1470.00	63398.09
1471.00	63618.10
1472.00	63395.75
1473.00	63463.63
1474.00	63248.30
1475.00	63325.53
1476.00	63398.09
1477.00	63480.01
1478.00	63229.57
1479.00	63362.98
1480.00	63409.79
1481.00	63433.20
1482.00	63547.89
1483.00	63302.13
1484.00	63201.49
1485.00	63180.42
1486.00	63089.14
1487.00	63182.76
1488.00	63154.68
1489.00	63058.71
1490.00	63044.67
1491.00	63054.03
1492.00	63318.51
1493.00	63047.01
1494.00	63229.57
1495.00	63107.86
1496.00	63082.12
1497.00	63056.37
1498.00	63018.92
1499.00	62979.14
1500.00	62862.11
1501.00	62929.98
1502.00	62738.06
1503.00	62892.54
1504.00	62927.64
1505.00	63007.22
1506.00	63206.17
1507.00	63047.01
1508.00	62990.84
1509.00	62969.77
1510.00	62866.79
1511.00	62845.72
1512.00	62672.52
1513.00	62679.55
1514.00	62733.38
1515.00	62726.36
1516.00	62447.83
1517.00	62508.69
1518.00	62637.42
1519.00	62599.97
1520.00	62707.63
1521.00	62667.84
1522.00	62763.81
1523.00	62670.18
1524.00	62714.65
1525.00	62644.44
1526.00	62674.87
1527.00	62520.39
1528.00	62546.14
1529.00	62667.84
1530.00	62513.37
1531.00	62632.74
1532.00	62394.00
1533.00	62501.67
1534.00	62567.20
1535.00	62541.45
1536.00	62571.88
1537.00	62485.28
1538.00	62461.88
1539.00	62363.57
1540.00	62323.78
1541.00	62340.17
1542.00	62344.85
1543.00	62368.26
1544.00	62316.76
1545.00	62468.90
1546.00	62394.00
1547.00	62468.90
1548.00	62445.49
1549.00	62583.58
1550.00	62468.90
1551.00	62211.44
1552.00	62279.31
1553.00	62082.71
1554.00	62033.56
1555.00	62085.05
1556.00	61914.19
1557.00	62096.75
1558.00	61897.81
1559.00	62148.24
1560.00	62003.13
1561.00	62059.30
1562.00	62136.54
1563.00	62181.01
1564.00	62078.03
1565.00	62162.29
1566.00	62202.08
1567.00	62234.84
1568.00	62066.33
1569.00	61893.13
1570.00	61916.53
1571.00	61712.91
1572.00	61649.71
1573.00	61825.25
1574.00	61951.64
1575.00	61876.74
1576.00	61972.70
1577.00	61731.63
1578.00	62019.52
1579.00	61956.32
1580.00	61876.74
1581.00	61820.57
1582.00	61893.13
1583.00	61682.48
1584.00	61546.73
1585.00	61806.53
1586.00	61841.63
1587.00	61467.15
1588.00	61516.30
1589.00	61724.61
1590.00	61509.28
1591.00	61638.01
1592.00	61783.12
1593.00	61572.47
1594.00	61392.25
1595.00	61602.90
1596.00	61317.35
1597.00	61450.77
1598.00	61453.11
1599.00	61474.17
1600.00	61539.71
1601.00	61310.33
1602.00	61153.52
1603.00	61408.64
1604.00	61296.29
1605.00	61441.40
1606.00	61385.23
1607.00	61703.54
1608.00	61284.59
1609.00	61179.26
1610.00	61123.09
1611.00	61132.45
1612.00	61293.95
1613.00	61205.01
1614.00	61022.45
1615.00	61076.28
1616.00	61202.67
1617.00	61024.79
1618.00	61125.43
1619.00	61167.56
1620.00	61284.59
1621.00	61270.54
1622.00	61214.37
1623.00	61146.50
1624.00	61045.85
1625.00	61099.68
1626.00	61141.81
1627.00	61146.50
1628.00	61006.06
1629.00	60966.27
1630.00	61064.58
1631.00	61137.13
1632.00	60896.06
1633.00	60999.04
1634.00	60891.38
1635.00	61029.47
1636.00	61247.14
1637.00	61062.24
1638.00	61006.06
1639.00	60835.20
1640.00	61055.21
1641.00	60889.04
1642.00	60774.35
1643.00	60563.70
1644.00	60863.29
1645.00	60664.35
1646.00	60814.14
1647.00	60774.35
1648.00	60425.61
1649.00	60907.76
1650.00	60760.31
1651.00	61064.58
1652.00	60711.16
1653.00	60872.65
1654.00	60879.67
1655.00	60867.97
1656.00	60697.11
1657.00	60601.15
1658.00	60654.98
1659.00	60392.84
1660.00	60491.15
1661.00	60594.13
1662.00	60406.89
1663.00	60575.40
1664.00	60381.14
1665.00	60764.99
1666.00	60645.62
1667.00	60458.38
1668.00	60259.43
1669.00	60781.37
1670.00	60411.57
1671.00	60474.76
1672.00	60390.50
1673.00	60233.69
1674.00	60282.84
1675.00	60404.55
1676.00	60502.85
1677.00	60427.95
1678.00	60334.33
1679.00	60549.66
1680.00	60322.63
1681.00	60743.92
1682.00	60411.57
1683.00	60451.36
1684.00	60299.22
1685.00	60240.71
1686.00	60144.75
1687.00	60186.88
1688.00	60168.15
1689.00	60142.41
1690.00	60268.79
1691.00	60037.08
1692.00	60158.79
1693.00	60116.66
1694.00	60060.49
1695.00	60074.53
1696.00	60030.06
1697.00	60198.58
1698.00	60041.76
1699.00	59999.63
1700.00	60034.74
1701.00	59863.88
1702.00	59894.31
1703.00	59803.03
1704.00	59543.23
1705.00	59742.17
1706.00	59774.94
1707.00	59735.15
1708.00	59671.96
1709.00	59648.55
1710.00	59723.45
1711.00	59702.38
1712.00	59655.57
1713.00	59667.28
1714.00	59484.72
1715.00	59643.87
1716.00	59531.53
1717.00	59618.13
1718.00	59391.09
1719.00	59442.59
1720.00	59217.89
1721.00	59629.83
1722.00	59288.11
1723.00	58986.18
1724.00	59274.07
1725.00	59348.96
1726.00	59126.61
1727.00	59173.42
1728.00	59072.78
1729.00	59112.57
1730.00	59070.44
1731.00	59105.55
1732.00	59196.83
1733.00	58810.64
1734.00	58904.26
1735.00	58990.86
1736.00	59035.33
1737.00	58663.19
1738.00	58712.34
1739.00	58611.70
1740.00	58674.89
1741.00	58497.01
1742.00	58656.17
1743.00	58901.92
1744.00	58611.70
1745.00	58862.13
1746.00	58452.54
1747.00	58918.31
1748.00	58494.67
1749.00	58387.00
1750.00	58169.33
1751.00	58370.62
1752.00	58230.19
1753.00	57961.03
1754.00	58230.19
1755.00	57993.79
1756.00	58134.23
1757.00	57771.44
1758.00	57881.45
1759.00	57769.10
1760.00	57961.03
1761.00	58059.33
1762.00	57909.53
1763.00	58190.40
1764.00	57710.59
1765.00	57703.57
1766.00	57614.63
1767.00	57834.64
1768.00	57457.81
1769.00	57535.05
1770.00	57420.36
1771.00	57581.86
1772.00	57462.49
1773.00	57378.23
1774.00	57396.96
1775.00	57677.82
1776.00	57284.61
1777.00	57684.84
1778.00	57427.38
1779.00	57546.75
1780.00	57677.82
1781.00	57216.74
1782.00	57319.72
1783.00	56940.55
1784.00	56554.36
1785.00	57015.45
1786.00	56875.02
1787.00	56587.13
1788.00	56577.77
1789.00	56559.05
1790.00	56549.68
1791.00	56500.53
1792.00	56793.10
1793.00	56647.99
1794.00	56545.00
1795.00	56755.65
1796.00	56378.82
1797.00	56402.23
1798.00	56486.49
1799.00	56568.41
1800.00	56430.32
1801.00	56397.55
1802.00	56081.58
1803.00	56009.02
1804.00	56114.34
1805.00	56025.40
1806.00	55941.14
1807.00	55950.51
1808.00	55667.30
1809.00	55772.63
1810.00	55842.84
1811.00	55863.91
1812.00	55868.59
1813.00	55847.52
1814.00	55767.94
1815.00	55454.31
1816.00	55875.61
1817.00	55313.88
1818.00	55168.77
1819.00	55236.64
1820.00	54869.18
1821.00	55112.59
1822.00	54829.39
1823.00	55000.25
1824.00	55082.17
1825.00	55131.32
1826.00	54838.75
1827.00	54852.80
1828.00	54803.64
1829.00	54791.94
1830.00	54773.22
1831.00	53947.01
1832.00	54426.82
1833.00	54335.54
1834.00	54218.51
1835.00	54265.32
1836.00	53893.18
1837.00	53326.77
1838.00	54120.21
1839.00	53846.36
1840.00	53621.67
1841.00	53392.30
1842.00	53455.50
1843.00	53420.39
1844.00	53308.04
1845.00	53415.71
1846.00	53279.96
1847.00	53057.60
1848.00	52823.55
1849.00	52591.84
1850.00	52411.62
1851.00	52554.39
1852.00	52598.86
1853.00	52430.34
1854.00	52163.52
1855.00	51936.49
1856.00	51384.12
1857.00	51737.54
1858.00	52069.90
1859.00	51496.47
1860.00	51657.96
1861.00	51332.63
1862.00	51819.46
1863.00	51388.80
1864.00	51510.51
1865.00	51178.15
1866.00	51297.52
1867.00	51435.61
1868.00	51164.11
1869.00	51072.83
1870.00	50560.25
1871.00	51166.45
1872.00	50492.38
1873.00	50461.95
1874.00	50197.47
1875.00	49729.36
1876.00	50223.22
1877.00	49993.84
1878.00	49996.18
1879.00	49177.00
1880.00	50080.44
1881.00	49631.06
1882.00	49537.44
1883.00	49607.65
1884.00	49270.62
1885.00	49478.92
1886.00	49453.18
1887.00	48835.28
1888.00	48303.98
1889.00	48486.54
1890.00	48446.75
1891.00	48147.16
1892.00	48086.31
1893.00	47945.87
1894.00	48123.75
1895.00	47688.42
1896.00	47735.23
1897.00	47625.22
1898.00	47332.65
1899.00	47185.20
1900.00	47103.28
1901.00	47105.62
1902.00	47496.49
1903.00	46525.17
1904.00	46351.97
1905.00	46110.89
1906.00	45961.10
1907.00	45638.11
1908.00	45790.24
1909.00	45762.15
1910.00	45280.00
1911.00	45886.20
1912.00	45666.19
1913.00	45331.50
1914.00	45289.37
1915.00	45001.48
1916.00	45762.15
1917.00	45099.78
1918.00	45221.49
1919.00	44875.09
1920.00	44800.19
1921.00	44549.76
1922.00	44044.20
1923.00	44016.11
1924.00	43566.73
1925.00	43482.47
1926.00	43948.24
1927.00	43693.12
1928.00	43117.35
1929.00	43168.84
1930.00	43091.60
1931.00	42543.92
1932.00	42548.60
1933.00	42546.26
1934.00	42857.55
1935.00	42625.84
1936.00	42689.03
1937.00	42293.48
1938.00	41926.02
1939.00	41684.94
1940.00	41769.20
1941.00	42394.12
1942.00	41446.21
1943.00	41113.85
1944.00	40882.14
1945.00	40722.98
1946.00	40467.86
1947.00	40430.41
1948.00	40378.92
1949.00	40034.86
1950.00	40603.61
1951.00	39995.07
1952.00	40107.42
1953.00	40147.21
1954.00	39833.58
1955.00	39573.78
1956.00	39344.41
1957.00	38873.96
1958.00	39044.82
1959.00	39349.09
1960.00	39185.25
1961.00	38864.60
1962.00	38667.99
1963.00	38543.94
1964.00	37839.44
1965.00	38316.91
1966.00	37647.52
1967.00	37556.24
1968.00	37584.32
1969.00	37912.00
1970.00	36954.72
1971.00	37401.76
1972.00	37434.53
1973.00	37240.26
1974.00	36957.06
1975.00	37198.13
1976.00	36428.10
1977.00	36811.95
1978.00	36442.14
1979.00	36786.20
1980.00	36311.07
1981.00	36062.97
1982.00	35845.30
1983.00	35517.63
1984.00	35629.98
1985.00	34960.58
1986.00	35075.27
1987.00	35229.74
1988.00	35035.48
1989.00	35229.74
1990.00	34639.93
1991.00	34361.40
1992.00	34550.99
1993.00	34387.15
1994.00	34127.35
1995.00	34178.84
1996.00	33942.45
1997.00	33481.36
1998.00	33200.50
1999.00	33322.21
2000.00	33097.52
2001.00	32982.83
2002.00	32802.61
2003.00	32917.29
2004.00	32301.73
2005.00	32194.07
2006.00	32102.79
2007.00	32308.76
2008.00	32910.27
2009.00	32615.37
2010.00	31943.63
2011.00	31990.44
2012.00	32215.13
2013.00	32313.44
2014.00	31842.99
2015.00	31447.44
2016.00	31131.47
2017.00	31103.38
2018.00	30735.92
2019.00	30529.95
2020.00	30286.53
2021.00	30541.65
2022.00	30354.41
2023.00	30242.06
2024.00	30015.03
2025.00	29972.90
2026.00	30267.81
2027.00	30115.67
2028.00	30038.44
2029.00	29809.06
2030.00	29315.21
2031.00	29266.06
2032.00	29425.22
2033.00	29500.11
2034.00	28914.98
2035.00	29055.41
2036.00	28535.81
2037.00	28620.07
2038.00	28783.91
2039.00	28168.35
2040.00	27866.42
2041.00	27548.11
2042.00	27590.24
2043.00	27438.10
2044.00	27164.26
2045.00	27541.08
2046.00	27395.97
2047.00	27026.17
