0.00	1088.35
1.00	1088.35
2.00	1088.35
3.00	1025.15
4.00	931.53
5.00	1020.47
6.00	1013.45
7.00	1046.22
8.00	985.37
9.00	1022.81
10.00	947.92
11.00	992.39
12.00	936.21
13.00	950.26
14.00	964.30
15.00	1001.75
16.00	908.13
17.00	940.90
18.00	997.07
19.00	943.24
20.00	987.71
21.00	1074.31
22.00	987.71
23.00	1069.62
24.00	1067.28
25.00	1416.02
26.00	1483.90
27.00	1432.41
28.00	1542.41
29.00	1516.67
30.00	1504.96
31.00	1530.71
32.00	1600.93
33.00	1565.82
34.00	1474.54
35.00	1624.33
36.00	1519.01
37.00	1586.88
38.00	1596.25
39.00	1614.97
40.00	1657.10
41.00	1540.07
42.00	1659.44
43.00	1619.65
44.00	1647.74
45.00	1661.78
46.00	1605.61
47.00	1654.76
48.00	1664.12
49.00	1701.57
50.00	1706.25
51.00	1732.00
52.00	1638.38
53.00	1732.00
54.00	1689.87
55.00	1717.95
56.00	1720.29
57.00	1734.34
58.00	1668.80
59.00	1689.87
60.00	1689.87
61.00	1732.00
62.00	1750.72
63.00	1776.47
64.00	1748.38
65.00	1729.66
66.00	1781.15
67.00	1797.53
68.00	1818.60
69.00	1708.59
70.00	1760.08
71.00	1832.64
72.00	1792.85
73.00	1846.68
74.00	1806.89
75.00	1832.64
76.00	1895.83
77.00	1741.36
78.00	1776.47
79.00	1844.34
80.00	1755.40
81.00	1774.13
82.00	1856.04
83.00	1804.55
84.00	1788.17
85.00	1769.44
86.00	1816.26
87.00	1942.64
88.00	1858.39
89.00	1930.94
90.00	1966.05
91.00	1959.03
92.00	1872.43
93.00	1935.62
94.00	1923.92
95.00	1968.39
96.00	2003.50
97.00	1942.64
98.00	1968.39
99.00	1942.64
100.00	1933.28
101.00	1935.62
102.00	1874.77
103.00	2071.37
104.00	2036.27
105.00	2008.18
106.00	1980.09
107.00	2024.56
108.00	2043.29
109.00	2083.08
110.00	2026.90
111.00	2043.29
112.00	2120.53
113.00	2012.86
114.00	2094.78
115.00	2033.93
116.00	2118.18
117.00	2148.61
118.00	2099.46
119.00	2183.72
120.00	2136.91
121.00	2165.00
122.00	2132.23
123.00	2186.06
124.00	2230.53
125.00	2132.23
126.00	2160.31
127.00	2190.74
128.00	2157.97
129.00	2211.81
130.00	2284.36
131.00	2239.89
132.00	2258.62
133.00	2242.23
134.00	2377.98
135.00	2246.91
136.00	2333.51
137.00	2326.49
138.00	2361.60
139.00	2399.05
140.00	2239.89
141.00	2319.47
142.00	2417.77
143.00	2291.38
144.00	2349.90
145.00	2424.80
146.00	2363.94
147.00	2270.32
148.00	2422.45
149.00	2448.20
150.00	2499.69
151.00	2513.74
152.00	2424.80
153.00	2438.84
154.00	2523.10
155.00	2516.08
156.00	2534.80
157.00	2457.56
158.00	2478.63
159.00	2459.90
160.00	2480.97
161.00	2527.78
162.00	2530.12
163.00	2527.78
164.00	2530.12
165.00	2565.23
166.00	2572.25
167.00	2654.17
168.00	2607.36
169.00	2630.76
170.00	2689.28
171.00	2672.89
172.00	2745.45
173.00	2691.62
174.00	2743.11
175.00	2719.70
176.00	2719.70
177.00	2726.72
178.00	2787.58
179.00	2803.96
180.00	2815.66
181.00	2736.09
182.00	2832.05
183.00	2965.46
184.00	2904.60
185.00	2808.64
186.00	2796.94
187.00	2897.58
188.00	2913.97
189.00	2995.89
190.00	2963.12
191.00	2878.86
192.00	3002.91
193.00	2998.23
194.00	3026.31
195.00	3068.44
196.00	3152.70
197.00	3061.42
198.00	3159.72
199.00	3136.32
200.00	3082.49
201.00	3152.70
202.00	3204.19
203.00	3201.85
204.00	3194.83
205.00	3176.11
206.00	3227.60
207.00	3162.06
208.00	3272.07
209.00	3279.09
210.00	3328.24
211.00	3283.77
212.00	3173.77
213.00	3283.77
214.00	3251.00
215.00	3351.65
216.00	3382.07
217.00	3382.07
218.00	3358.67
219.00	3407.82
220.00	3508.46
221.00	3534.21
222.00	3536.55
223.00	3515.48
224.00	3672.30
225.00	3641.87
226.00	3602.08
227.00	3548.25
228.00	3592.72
229.00	3599.74
230.00	3679.32
231.00	3716.77
232.00	3709.75
233.00	3733.15
234.00	3871.25
235.00	3651.24
236.00	3822.09
237.00	3796.35
238.00	3796.35
239.00	3836.14
240.00	3978.91
241.00	3957.85
242.00	3995.29
243.00	3969.55
244.00	3983.59
245.00	4079.55
246.00	4135.73
247.00	4109.98
248.00	4257.43
249.00	4283.18
250.00	4222.33
251.00	4140.41
252.00	4215.30
253.00	4222.33
254.00	4285.52
255.00	4241.05
256.00	4229.35
257.00	4383.82
258.00	4552.34
259.00	4430.63
260.00	4397.87
261.00	4423.61
262.00	4468.08
263.00	4643.62
264.00	4435.32
265.00	4608.51
266.00	4596.81
267.00	4643.62
268.00	4805.12
269.00	4678.73
270.00	4704.48
271.00	4770.01
272.00	4938.53
273.00	4968.96
274.00	4788.74
275.00	4702.14
276.00	4947.89
277.00	4971.30
278.00	4901.08
279.00	5001.72
280.00	5008.75
281.00	5067.26
282.00	5020.45
283.00	4905.76
284.00	5167.90
285.00	5034.49
286.00	5207.69
287.00	5224.08
288.00	5046.20
289.00	5287.27
290.00	5423.02
291.00	5294.29
292.00	5224.08
293.00	5184.29
294.00	5427.70
295.00	5406.64
296.00	5116.41
297.00	5254.50
298.00	5343.44
299.00	5233.44
300.00	5394.93
301.00	5184.29
302.00	5067.26
303.00	5200.67
304.00	5383.23
305.00	5291.95
306.00	5518.98
307.00	5352.81
308.00	5289.61
309.00	5245.14
310.00	5224.08
311.00	5380.89
312.00	5322.38
313.00	5380.89
314.00	5394.93
315.00	5296.63
316.00	5420.68
317.00	5371.53
318.00	5444.09
319.00	5675.80
320.00	5476.85
321.00	5657.07
322.00	5518.98
323.00	5638.35
324.00	5619.63
325.00	5673.46
326.00	5523.66
327.00	5776.44
328.00	5708.57
329.00	5605.58
330.00	5720.27
331.00	5767.08
332.00	5568.13
333.00	5626.65
334.00	5776.44
335.00	5877.09
336.00	5940.28
337.00	5994.11
338.00	6015.18
339.00	5853.68
340.00	6040.92
341.00	5996.45
342.00	5980.07
343.00	6064.33
344.00	6289.02
345.00	6040.92
346.00	6122.84
347.00	6024.54
348.00	6160.29
349.00	6148.59
350.00	6207.10
351.00	6183.70
352.00	6249.23
353.00	6338.17
354.00	6324.13
355.00	6260.93
356.00	6174.33
357.00	6380.30
358.00	6445.84
359.00	6396.68
360.00	6429.45
361.00	6312.42
362.00	6590.95
363.00	6513.71
364.00	6363.92
365.00	6455.20
366.00	6354.55
367.00	6572.22
368.00	6572.22
369.00	6761.81
370.00	6539.46
371.00	6626.06
372.00	6630.74
373.00	6759.47
374.00	6923.30
375.00	6794.58
376.00	6743.08
377.00	6853.09
378.00	6672.87
379.00	6984.16
380.00	6848.41
381.00	6773.51
382.00	7208.85
383.00	7131.61
384.00	7178.42
385.00	7314.17
386.00	7164.38
387.00	7236.94
388.00	7325.88
389.00	7227.57
390.00	7279.07
391.00	7693.34
392.00	7356.30
393.00	7555.25
394.00	7534.18
395.00	7597.38
396.00	7639.51
397.00	7712.07
398.00	7864.20
399.00	7826.75
400.00	7829.09
401.00	7801.01
402.00	7789.30
403.00	7971.86
404.00	8011.65
405.00	7915.69
406.00	7913.35
407.00	8187.19
408.00	8025.70
409.00	7590.36
410.00	7887.61
411.00	8156.77
412.00	8058.46
413.00	7740.15
414.00	8180.17
415.00	8210.60
416.00	7922.71
417.00	8166.13
418.00	8095.91
419.00	8119.32
420.00	8107.62
421.00	8084.21
422.00	8133.36
423.00	8276.13
424.00	7915.69
425.00	8116.98
426.00	8278.47
427.00	8201.24
428.00	8252.73
429.00	8217.62
430.00	8219.96
431.00	8084.21
432.00	8147.40
433.00	8166.13
434.00	8304.22
435.00	8472.74
436.00	8166.13
437.00	8114.64
438.00	8388.48
439.00	8514.87
440.00	8552.32
441.00	8479.76
442.00	8580.40
443.00	8510.19
444.00	8652.96
445.00	8730.20
446.00	8688.07
447.00	8734.88
448.00	8683.39
449.00	8641.26
450.00	8542.96
451.00	8805.10
452.00	8870.63
453.00	8966.59
454.00	8697.43
455.00	8870.63
456.00	8849.57
457.00	8872.97
458.00	9128.09
459.00	8954.89
460.00	8947.87
461.00	8762.97
462.00	8903.40
463.00	8952.55
464.00	9060.21
465.00	8978.30
466.00	8931.48
467.00	8964.25
468.00	9165.54
469.00	9284.91
470.00	9217.03
471.00	9144.47
472.00	9177.24
473.00	9399.59
474.00	9397.25
475.00	9401.93
476.00	9439.38
477.00	9544.70
478.00	9544.70
479.00	9579.81
480.00	9572.79
481.00	9521.30
482.00	9743.65
483.00	9776.42
484.00	9860.68
485.00	9919.19
486.00	9631.30
487.00	9860.68
488.00	9980.04
489.00	9989.41
490.00	9626.62
491.00	9947.28
492.00	9919.19
493.00	9874.72
494.00	10083.03
495.00	10162.61
496.00	10003.45
497.00	9961.32
498.00	10190.69
499.00	10221.12
500.00	10497.30
501.00	10394.32
502.00	10338.15
503.00	10211.76
504.00	10195.37
505.00	10429.43
506.00	10478.58
507.00	10614.33
508.00	10686.89
509.00	10637.73
510.00	10415.38
511.00	10731.36
512.00	10654.12
513.00	10616.67
514.00	10593.26
515.00	10483.26
516.00	10572.20
517.00	10520.71
518.00	10614.33
519.00	10780.51
520.00	10611.99
521.00	11005.20
522.00	10794.55
523.00	10523.05
524.00	10806.25
525.00	10902.22
526.00	10909.24
527.00	10897.53
528.00	10942.00
529.00	11009.88
530.00	10813.28
531.00	10951.37
532.00	11021.58
533.00	10918.60
534.00	10960.73
535.00	10934.98
536.00	11201.80
537.00	11033.29
538.00	11056.69
539.00	11384.37
540.00	11131.59
541.00	11066.05
542.00	11091.80
543.00	11391.39
544.00	11463.94
545.00	11389.05
546.00	11506.07
547.00	11180.74
548.00	11517.78
549.00	11576.29
550.00	11648.85
551.00	11438.20
552.00	11620.76
553.00	11747.15
554.00	11620.76
555.00	11880.56
556.00	11840.77
557.00	11578.63
558.00	11857.15
559.00	11927.37
560.00	11892.26
561.00	12086.53
562.00	12416.54
563.00	12400.16
564.00	12091.21
565.00	12266.75
566.00	12222.28
567.00	12648.26
568.00	12400.16
569.00	12351.01
570.00	12540.59
571.00	12580.38
572.00	12685.70
573.00	12650.60
574.00	12840.18
575.00	12814.43
576.00	13174.88
577.00	13107.00
578.00	13205.30
579.00	13142.11
580.00	13137.43
581.00	13261.48
582.00	13249.77
583.00	13469.78
584.00	13359.78
585.00	13483.83
586.00	13699.16
587.00	13731.92
588.00	13844.27
589.00	13902.78
590.00	13867.67
591.00	13961.30
592.00	14178.97
593.00	14478.55
594.00	14668.14
595.00	14422.38
596.00	14864.74
597.00	14998.15
598.00	14794.53
599.00	15152.63
600.00	14831.97
601.00	15040.28
602.00	14960.70
603.00	15410.09
604.00	15506.05
605.00	15655.84
606.00	16032.67
607.00	15445.20
608.00	15826.70
609.00	16030.33
610.00	15913.30
611.00	15997.56
612.00	16072.46
613.00	16271.40
614.00	16732.49
615.00	16620.14
616.00	16669.30
617.00	17111.66
618.00	16737.17
619.00	17114.00
620.00	17050.80
621.00	17474.44
622.00	17200.60
623.00	17446.35
624.00	17869.99
625.00	17621.89
626.00	17799.77
627.00	17759.98
628.00	17823.18
629.00	18312.35
630.00	18574.49
631.00	19068.34
632.00	18602.58
633.00	18838.97
634.00	19063.66
635.00	19201.76
636.00	19021.53
637.00	19417.08
638.00	19817.32
639.00	19604.33
640.00	19660.50
641.00	19983.49
642.00	20030.30
643.00	20191.80
644.00	20365.00
645.00	20510.11
646.00	20538.20
647.00	20748.85
648.00	21085.89
649.00	21163.12
650.00	21453.35
651.00	21656.98
652.00	21476.76
653.00	21689.74
654.00	21872.31
655.00	22174.24
656.00	22026.78
657.00	22356.80
658.00	22317.01
659.00	22607.23
660.00	22611.92
661.00	22682.13
662.00	22986.40
663.00	23075.34
664.00	23496.64
665.00	23501.32
666.00	23309.40
667.00	23459.19
668.00	23702.61
669.00	23775.16
670.00	24187.10
671.00	24084.11
672.00	24676.27
673.00	24226.89
674.00	24741.80
675.00	24776.91
676.00	24573.28
677.00	24580.31
678.00	25500.14
679.00	25575.03
680.00	25514.18
681.00	25579.71
682.00	25755.26
683.00	25509.50
684.00	26120.38
685.00	26099.31
686.00	26412.95
687.00	26558.06
688.00	26647.00
689.00	26677.43
690.00	26719.56
691.00	26822.54
692.00	27220.43
693.00	26967.65
694.00	27417.04
695.00	27484.91
696.00	27632.36
697.00	27482.57
698.00	27393.63
699.00	28240.90
700.00	27758.75
701.00	28304.10
702.00	28388.36
703.00	28276.01
704.00	28545.17
705.00	28545.17
706.00	28594.32
707.00	28971.15
708.00	29298.83
709.00	29771.61
710.00	29266.06
711.00	29010.94
712.00	29408.83
713.00	29607.78
714.00	29537.56
715.00	29876.94
716.00	30113.33
717.00	30118.01
718.00	30185.89
719.00	30073.54
720.00	30466.75
721.00	30436.33
722.00	30281.85
723.00	30452.71
724.00	30939.54
725.00	31096.36
726.00	30934.86
727.00	30852.94
728.00	31264.88
729.00	30855.28
730.00	30881.03
731.00	31356.16
732.00	31543.40
733.00	31742.35
734.00	31421.69
735.00	31267.22
736.00	31562.12
737.00	31548.08
738.00	31941.29
739.00	32165.98
740.00	32453.87
741.00	32353.23
742.00	31871.07
743.00	32201.09
744.00	32566.21
745.00	32563.87
746.00	33240.29
747.00	33036.66
748.00	33310.50
749.00	32725.37
750.00	32886.87
751.00	33010.92
752.00	33120.92
753.00	33350.29
754.00	33406.47
755.00	33811.38
756.00	33560.94
757.00	34125.01
758.00	33322.21
759.00	33745.84
760.00	33715.42
761.00	34347.36
762.00	34380.13
763.00	33996.28
764.00	34031.39
765.00	34511.20
766.00	34520.56
767.00	34249.06
768.00	34855.26
769.00	34576.73
770.00	34927.81
771.00	35463.80
772.00	35108.04
773.00	35157.19
774.00	35388.90
775.00	35246.13
776.00	35105.70
777.00	35707.21
778.00	35606.57
779.00	36163.62
780.00	35861.69
781.00	35758.70
782.00	35447.41
783.00	36201.07
784.00	35737.64
785.00	36137.87
786.00	36350.86
787.00	36690.24
788.00	36615.34
789.00	36636.41
790.00	36701.94
791.00	36495.97
792.00	37230.90
793.00	37256.65
794.00	37123.24
795.00	37020.25
796.00	36730.03
797.00	37165.37
798.00	37141.96
799.00	37401.76
800.00	37181.75
801.00	37488.36
802.00	37471.98
803.00	37729.44
804.00	37727.10
805.00	37677.94
806.00	37930.72
807.00	38227.97
808.00	37811.35
809.00	38160.09
810.00	38546.28
811.00	38115.62
812.00	38824.81
813.00	37998.60
814.00	37912.00
815.00	38667.99
816.00	38815.44
817.00	38782.68
818.00	38639.90
819.00	38841.19
820.00	38862.26
821.00	38511.17
822.00	38616.50
823.00	39007.37
824.00	39388.88
825.00	38937.15
826.00	39288.23
827.00	39693.15
828.00	39384.19
829.00	38965.24
830.00	39964.65
831.00	39622.93
832.00	39962.31
833.00	39796.13
834.00	39681.44
835.00	39910.82
836.00	39594.84
837.00	39943.58
838.00	40287.64
839.00	39952.94
840.00	40219.77
841.00	40168.27
842.00	40495.95
843.00	40568.51
844.00	40746.39
845.00	40474.88
846.00	40172.96
847.00	40741.71
848.00	40538.08
849.00	40814.26
850.00	41375.99
851.00	40938.31
852.00	41516.42
853.00	40945.33
854.00	41118.53
855.00	41205.13
856.00	41041.29
857.00	41151.30
858.00	41357.27
859.00	41942.40
860.00	41659.20
861.00	41600.68
862.00	41553.87
863.00	41567.91
864.00	41794.95
865.00	41867.50
866.00	42150.71
867.00	42408.17
868.00	42057.09
869.00	42518.17
870.00	42712.44
871.00	41918.99
872.00	42686.69
873.00	41911.97
874.00	42066.45
875.00	42188.16
876.00	42651.58
877.00	42579.03
878.00	42892.66
879.00	42148.37
880.00	42864.57
881.00	42426.89
882.00	42674.99
883.00	42871.59
884.00	42658.60
885.00	42827.12
886.00	43082.24
887.00	42857.55
888.00	42895.00
889.00	42953.51
890.00	42866.91
891.00	42934.79
892.00	43065.86
893.00	43271.82
894.00	42967.55
895.00	43173.52
896.00	43615.88
897.00	43119.69
898.00	43217.99
899.00	43456.73
900.00	43578.43
901.00	43440.34
902.00	43992.71
903.00	44126.12
904.00	43445.02
905.00	44016.11
906.00	43723.55
907.00	44083.99
908.00	43620.56
909.00	44247.83
910.00	44687.85
911.00	45038.93
912.00	44559.12
913.00	44119.10
914.00	44292.30
915.00	44470.18
916.00	44800.19
917.00	44758.06
918.00	44741.68
919.00	44842.32
920.00	44652.74
921.00	44343.79
922.00	44964.03
923.00	44680.83
924.00	44732.32
925.00	44748.70
926.00	44816.58
927.00	45319.79
928.00	45221.49
929.00	45123.19
930.00	44914.88
931.00	45240.21
932.00	45336.18
933.00	45010.84
934.00	45432.14
935.00	45146.59
936.00	45298.73
937.00	45492.99
938.00	45666.19
939.00	45336.18
940.00	45736.41
941.00	45808.96
942.00	45504.70
943.00	45301.07
944.00	45698.96
945.00	45783.22
946.00	45951.74
947.00	46085.15
948.00	45766.84
949.00	46227.92
950.00	45757.47
951.00	45853.44
952.00	46061.74
953.00	45996.21
954.00	45883.86
955.00	46515.81
956.00	46347.29
957.00	46185.79
958.00	45745.77
959.00	45947.06
960.00	45968.12
961.00	45607.68
962.00	45911.95
963.00	46590.70
964.00	46511.13
965.00	46890.29
966.00	46969.87
967.00	47122.01
968.00	47199.24
969.00	46787.31
970.00	46972.21
971.00	47063.49
972.00	47129.03
973.00	46976.89
974.00	46885.61
975.00	47587.77
976.00	47398.19
977.00	46932.42
978.00	47021.36
979.00	47124.35
980.00	47161.79
981.00	47061.15
982.00	47447.34
983.00	47873.32
984.00	47889.70
985.00	47545.64
986.00	47515.22
987.00	47257.76
988.00	46902.00
989.00	47440.32
990.00	47175.84
991.00	47604.16
992.00	47770.33
993.00	47875.66
994.00	47573.73
995.00	48119.07
996.00	47632.24
997.00	47821.83
998.00	47873.32
999.00	47510.53
1000.00	47758.63
1001.00	48130.78
1002.00	47791.40
1003.00	48107.37
1004.00	48212.70
1005.00	48547.39
1006.00	47798.42
1007.00	47985.66
1008.00	47966.94
1009.00	48023.11
1010.00	48083.97
1011.00	48416.32
1012.00	48418.66
1013.00	48718.25
1014.00	47966.94
1015.00	48308.66
1016.00	48172.91
1017.00	48037.16
1018.00	48041.84
1019.00	48397.60
1020.00	48889.11
1021.00	48762.72
1022.00	48486.54
1023.00	48694.85
1024.00	48334.40
1025.00	48243.12
1026.00	48774.42
1027.00	48439.73
1028.00	49038.90
1029.00	49153.59
1030.00	49003.80
1031.00	48924.22
1032.00	49312.75
1033.00	49193.38
1034.00	49034.22
1035.00	48521.65
1036.00	48540.37
1037.00	49088.06
1038.00	48711.23
1039.00	49336.15
1040.00	48926.56
1041.00	48814.21
1042.00	49134.87
1043.00	49041.24
1044.00	49027.20
1045.00	49064.65
1046.00	48858.68
1047.00	49134.87
1048.00	48877.41
1049.00	49483.61
1050.00	49230.83
1051.00	49710.64
1052.00	49635.74
1053.00	49579.57
1054.00	49200.40
1055.00	49317.43
1056.00	49368.92
1057.00	49389.98
1058.00	49404.03
1059.00	49439.14
1060.00	49240.19
1061.00	49757.45
1062.00	49034.22
1063.00	49645.10
1064.00	49137.21
1065.00	49050.61
1066.00	49502.33
1067.00	49350.20
1068.00	49738.72
1069.00	49712.98
1070.00	49715.32
1071.00	49581.91
1072.00	49645.10
1073.00	49691.91
1074.00	49783.19
1075.00	49546.80
1076.00	49574.89
1077.00	49462.54
1078.00	49642.76
1079.00	49883.84
1080.00	50075.76
1081.00	49998.52
1082.00	50005.55
1083.00	49546.80
1084.00	49434.45
1085.00	49577.23
1086.00	49822.98
1087.00	49588.93
1088.00	50164.70
1089.00	49804.26
1090.00	50248.96
1091.00	50113.21
1092.00	50225.56
1093.00	50050.02
1094.00	49720.00
1095.00	49731.70
1096.00	49982.14
1097.00	49694.25
1098.00	49932.99
1099.00	50089.80
1100.00	50403.44
1101.00	50026.61
1102.00	49890.86
1103.00	49886.18
1104.00	49879.16
1105.00	49914.26
1106.00	50080.44
1107.00	49759.79
1108.00	49890.86
1109.00	49888.52
1110.00	50543.87
1111.00	50396.42
1112.00	50520.46
1113.00	50286.41
1114.00	50101.51
1115.00	50190.45
1116.00	49982.14
1117.00	49848.73
1118.00	49991.50
1119.00	49710.64
1120.00	50499.40
1121.00	50096.83
1122.00	50164.70
1123.00	50213.85
1124.00	50202.15
1125.00	49867.45
1126.00	49902.56
1127.00	49392.33
1128.00	50019.59
1129.00	50138.96
1130.00	50021.93
1131.00	50272.37
1132.00	50188.11
1133.00	50143.64
1134.00	50293.43
1135.00	50167.04
1136.00	49895.54
1137.00	49792.56
1138.00	50073.42
1139.00	50052.36
1140.00	49904.90
1141.00	50101.51
1142.00	50103.85
1143.00	50426.84
1144.00	50513.44
1145.00	50089.80
1146.00	50157.68
1147.00	50288.75
1148.00	49956.39
1149.00	49710.64
1150.00	50162.36
1151.00	50270.03
1152.00	50246.62
1153.00	50703.03
1154.00	50253.64
1155.00	50089.80
1156.00	50003.20
1157.00	49911.92
1158.00	49972.78
1159.00	50272.37
1160.00	50265.34
1161.00	50232.58
1162.00	50225.56
1163.00	50223.22
1164.00	50429.18
1165.00	50422.16
1166.00	50536.85
1167.00	49904.90
1168.00	50089.80
1169.00	49883.84
1170.00	49890.86
1171.00	49979.80
1172.00	49815.96
1173.00	50302.79
1174.00	50054.70
1175.00	50501.74
1176.00	50267.69
1177.00	50099.17
1178.00	50110.87
1179.00	49911.92
1180.00	49989.16
1181.00	50230.24
1182.00	50071.08
1183.00	50351.94
1184.00	50190.45
1185.00	50574.30
1186.00	50183.43
1187.00	49914.26
1188.00	50351.94
1189.00	50447.91
1190.00	49841.71
1191.00	50003.20
1192.00	49989.16
1193.00	49888.52
1194.00	49834.69
1195.00	50017.25
1196.00	50251.30
1197.00	50291.09
1198.00	50258.32
1199.00	50003.20
1200.00	50211.51
1201.00	49698.94
1202.00	49701.28
1203.00	49441.48
1204.00	50248.96
1205.00	49961.08
1206.00	50597.70
1207.00	50536.85
1208.00	50415.14
1209.00	50567.27
1210.00	50253.64
1211.00	49956.39
1212.00	49642.76
1213.00	49930.65
1214.00	50096.83
1215.00	49738.72
1216.00	50052.36
1217.00	49958.73
1218.00	50085.12
1219.00	49958.73
1220.00	50223.22
1221.00	49970.44
1222.00	50092.15
1223.00	50141.30
1224.00	50160.02
1225.00	50183.43
1226.00	49862.77
1227.00	50019.59
1228.00	50328.54
1229.00	49975.12
1230.00	50607.06
1231.00	50358.97
1232.00	49773.83
1233.00	50361.31
1234.00	49968.10
1235.00	49687.23
1236.00	49762.13
1237.00	49811.28
1238.00	49633.40
1239.00	50054.70
1240.00	50541.53
1241.00	50497.06
1242.00	50993.25
1243.00	50724.09
1244.00	50138.96
1245.00	50085.12
1246.00	49916.61
1247.00	49886.18
1248.00	49867.45
1249.00	49705.96
1250.00	50202.15
1251.00	49911.92
1252.00	50424.50
1253.00	50712.39
1254.00	50461.95
1255.00	50801.33
1256.00	50483.01
1257.00	50017.25
1258.00	50078.10
1259.00	49727.02
1260.00	50073.42
1261.00	50010.23
1262.00	50749.84
1263.00	50745.15
1264.00	50838.78
1265.00	50644.51
1266.00	50260.66
1267.00	50274.71
1268.00	49961.08
1269.00	50766.22
1270.00	50141.30
1271.00	50206.83
1272.00	49574.89
1273.00	50515.78
1274.00	50190.45
1275.00	50176.40
1276.00	50525.14
1277.00	50246.62
1278.00	50012.57
1279.00	50370.67
1280.00	50410.46
1281.00	50057.04
1282.00	50209.17
1283.00	50461.95
1284.00	50183.43
1285.00	50115.55
1286.00	50363.65
1287.00	50527.48
1288.00	50651.53
1289.00	50644.51
1290.00	50134.28
1291.00	50246.62
1292.00	49968.10
1293.00	49911.92
1294.00	50354.29
1295.00	50167.04
1296.00	50007.89
1297.00	50539.19
1298.00	49991.50
1299.00	50241.94
1300.00	50471.31
1301.00	50457.27
1302.00	50628.13
1303.00	50199.81
1304.00	50108.53
1305.00	50246.62
1306.00	49738.72
1307.00	49932.99
1308.00	49904.90
1309.00	50351.94
1310.00	50190.45
1311.00	50457.27
1312.00	50281.73
1313.00	50431.52
1314.00	50464.29
1315.00	49949.37
1316.00	50145.98
1317.00	50019.59
1318.00	50279.39
1319.00	50012.57
1320.00	50085.12
1321.00	50092.15
1322.00	50602.38
1323.00	50770.90
1324.00	50412.80
1325.00	50403.44
1326.00	50515.78
1327.00	50281.73
1328.00	50197.47
1329.00	49907.24
1330.00	50373.01
1331.00	49799.58
1332.00	50396.42
1333.00	50003.20
1334.00	50438.54
1335.00	50401.10
1336.00	50277.05
1337.00	50237.26
1338.00	50260.66
1339.00	50155.34
1340.00	50358.97
1341.00	49977.46
1342.00	50396.42
1343.00	49975.12
1344.00	50307.47
1345.00	49879.16
1346.00	50302.79
1347.00	50300.45
1348.00	50316.84
1349.00	49783.19
1350.00	50052.36
1351.00	50089.80
1352.00	49696.59
1353.00	49605.31
1354.00	49455.52
1355.00	49977.46
1356.00	50061.72
1357.00	49972.78
1358.00	49799.58
1359.00	49710.64
1360.00	50101.51
1361.00	49867.45
1362.00	49923.63
1363.00	49961.08
1364.00	49602.97
1365.00	49579.57
1366.00	49518.71
1367.00	49698.94
1368.00	49397.01
1369.00	49476.58
1370.00	49282.32
1371.00	49401.69
1372.00	49778.51
1373.00	49815.96
1374.00	50007.89
1375.00	49830.01
1376.00	49448.50
1377.00	49698.94
1378.00	49148.91
1379.00	49610.00
1380.00	49581.91
1381.00	49806.60
1382.00	49282.32
1383.00	49338.49
1384.00	49565.52
1385.00	49787.88
1386.00	49525.74
1387.00	49404.03
1388.00	49141.89
1389.00	49464.88
1390.00	49085.72
1391.00	49361.90
1392.00	48861.02
1393.00	49212.10
1394.00	48959.33
1395.00	49214.44
1396.00	49226.15
1397.00	49010.82
1398.00	49481.27
1399.00	49509.35
1400.00	48851.66
1401.00	49556.16
1402.00	49153.59
1403.00	49265.94
1404.00	49160.61
1405.00	48285.25
1406.00	48828.26
1407.00	48823.58
1408.00	49237.85
1409.00	49118.48
1410.00	48678.46
1411.00	49013.16
1412.00	49092.74
1413.00	49024.86
1414.00	49275.30
1415.00	48566.12
1416.00	48680.80
1417.00	49254.23
1418.00	48575.48
1419.00	48023.11
1420.00	48449.09
1421.00	48746.34
1422.00	48413.98
1423.00	48863.36
1424.00	48678.46
1425.00	48507.60
1426.00	48877.41
1427.00	48748.68
1428.00	48102.69
1429.00	48332.06
1430.00	47906.08
1431.00	48456.11
1432.00	48163.54
1433.00	48231.42
1434.00	48191.63
1435.00	48612.93
1436.00	48252.48
1437.00	48406.96
1438.00	48341.42
1439.00	48341.42
1440.00	48140.14
1441.00	48121.41
1442.00	47995.03
1443.00	48009.07
1444.00	47831.19
1445.00	47456.70
1446.00	47447.34
1447.00	48081.63
1448.00	47824.17
1449.00	47138.39
1450.00	47634.58
1451.00	48030.13
1452.00	47983.32
1453.00	48154.18
1454.00	47749.27
1455.00	47669.69
1456.00	47861.61
1457.00	47334.99
1458.00	47171.16
1459.00	47564.37
1460.00	47590.11
1461.00	47159.45
1462.00	47503.51
1463.00	47732.89
1464.00	47370.10
1465.00	47906.08
1466.00	47318.61
1467.00	47723.52
1468.00	47276.48
1469.00	47220.31
1470.00	47068.17
1471.00	47274.14
1472.00	47047.11
1473.00	47302.23
1474.00	47002.64
1475.00	46642.20
1476.00	47573.73
1477.00	47122.01
1478.00	47026.04
1479.00	47456.70
1480.00	47419.25
1481.00	47056.47
1482.00	47051.79
1483.00	47323.29
1484.00	46639.86
1485.00	46309.84
1486.00	46241.96
1487.00	46263.03
1488.00	46534.53
1489.00	46522.83
1490.00	46616.45
1491.00	46735.82
1492.00	47004.98
1493.00	46621.13
1494.00	46536.87
1495.00	46415.16
1496.00	46417.50
1497.00	46286.43
1498.00	46272.39
1499.00	46047.70
1500.00	46335.59
1501.00	46171.75
1502.00	46136.64
1503.00	46190.47
1504.00	46590.70
1505.00	46658.58
1506.00	46410.48
1507.00	45752.79
1508.00	46199.83
1509.00	46117.92
1510.00	46244.30
1511.00	46127.28
1512.00	46033.66
1513.00	45324.47
1514.00	45830.03
1515.00	45785.56
1516.00	45804.28
1517.00	45343.20
1518.00	45918.97
1519.00	45778.54
1520.00	45205.11
1521.00	45876.84
1522.00	46106.21
1523.00	45401.71
1524.00	45710.66
1525.00	45329.16
1526.00	45045.95
1527.00	45507.04
1528.00	45265.96
1529.00	45595.98
1530.00	44900.84
1531.00	45511.72
1532.00	45258.94
1533.00	45528.10
1534.00	45139.57
1535.00	45364.26
1536.00	45523.42
1537.00	45565.55
1538.00	44971.05
1539.00	44788.49
1540.00	44608.27
1541.00	44809.56
1542.00	44961.69
1543.00	45132.55
1544.00	45165.32
1545.00	44491.24
1546.00	44708.91
1547.00	45280.00
1548.00	44769.77
1549.00	45097.44
1550.00	44634.02
1551.00	44828.28
1552.00	44591.89
1553.00	44680.83
1554.00	44634.02
1555.00	44374.22
1556.00	44299.32
1557.00	44615.29
1558.00	44076.97
1559.00	44048.88
1560.00	44402.30
1561.00	44547.42
1562.00	44884.45
1563.00	44994.46
1564.00	44643.38
1565.00	44009.09
1566.00	43758.66
1567.00	44025.48
1568.00	44296.98
1569.00	43791.42
1570.00	44013.77
1571.00	44568.48
1572.00	43573.75
1573.00	44100.37
1574.00	44095.69
1575.00	43648.65
1576.00	43962.28
1577.00	43973.98
1578.00	44121.44
1579.00	44250.17
1580.00	43999.73
1581.00	43889.73
1582.00	43639.29
1583.00	43831.21
1584.00	43496.52
1585.00	43590.14
1586.00	43756.32
1587.00	43243.74
1588.00	42904.36
1589.00	43718.87
1590.00	43559.71
1591.00	43484.81
1592.00	43798.44
1593.00	43606.52
1594.00	43215.65
1595.00	43276.51
1596.00	42794.36
1597.00	43302.25
1598.00	42990.96
1599.00	43065.86
1600.00	43185.22
1601.00	42930.11
1602.00	42866.91
1603.00	43136.07
1604.00	42930.11
1605.00	43438.00
1606.00	42909.04
1607.00	42916.06
1608.00	42787.33
1609.00	43009.68
1610.00	42422.21
1611.00	43054.15
1612.00	42431.57
1613.00	42321.57
1614.00	42913.72
1615.00	42232.63
1616.00	42864.57
1617.00	42745.20
1618.00	42789.67
1619.00	42595.41
1620.00	43005.00
1621.00	42895.00
1622.00	42799.04
1623.00	43058.84
1624.00	42546.26
1625.00	42576.69
1626.00	42649.24
1627.00	42459.66
1628.00	42490.09
1629.00	42337.95
1630.00	42218.58
1631.00	42366.04
1632.00	42038.36
1633.00	41816.01
1634.00	42167.09
1635.00	42113.26
1636.00	42029.00
1637.00	42197.52
1638.00	42405.83
1639.00	41935.38
1640.00	42178.79
1641.00	41734.09
1642.00	41996.23
1643.00	42127.30
1644.00	42059.43
1645.00	41450.89
1646.00	41926.02
1647.00	41954.10
1648.00	41663.88
1649.00	41975.17
1650.00	41811.33
1651.00	42057.09
1652.00	41621.75
1653.00	41584.30
1654.00	42178.79
1655.00	41851.12
1656.00	41638.13
1657.00	41514.08
1658.00	41537.49
1659.00	41120.87
1660.00	41319.82
1661.00	40982.78
1662.00	41399.40
1663.00	41455.57
1664.00	40900.86
1665.00	41221.52
1666.00	41284.71
1667.00	41345.56
1668.00	41167.68
1669.00	41453.23
1670.00	40701.92
1671.00	41055.34
1672.00	40793.20
1673.00	40800.22
1674.00	40760.43
1675.00	40507.65
1676.00	40727.66
1677.00	40856.39
1678.00	40994.48
1679.00	40786.18
1680.00	40872.78
1681.00	40767.45
1682.00	40706.60
1683.00	40877.46
1684.00	40931.29
1685.00	40734.68
1686.00	40744.05
1687.00	40336.79
1688.00	40367.22
1689.00	40446.80
1690.00	39988.05
1691.00	40081.67
1692.00	40287.64
1693.00	40346.15
1694.00	40280.62
1695.00	39871.03
1696.00	40329.77
1697.00	40418.71
1698.00	40156.57
1699.00	40212.74
1700.00	40259.55
1701.00	39878.05
1702.00	39730.59
1703.00	39875.71
1704.00	39646.33
1705.00	39580.80
1706.00	39372.49
1707.00	39716.55
1708.00	39543.35
1709.00	39833.58
1710.00	39091.63
1711.00	39618.25
1712.00	39718.89
1713.00	39861.66
1714.00	39669.74
1715.00	39817.19
1716.00	39482.50
1717.00	39206.31
1718.00	39407.60
1719.00	39529.31
1720.00	39157.16
1721.00	39054.18
1722.00	38850.55
1723.00	38333.29
1724.00	38492.45
1725.00	38607.14
1726.00	38703.10
1727.00	38618.84
1728.00	38733.53
1729.00	38981.62
1730.00	38953.54
1731.00	38983.96
1732.00	38464.36
1733.00	38972.26
1734.00	38644.59
1735.00	38298.19
1736.00	38073.49
1737.00	38323.93
1738.00	38073.49
1739.00	37713.05
1740.00	38239.67
1741.00	38234.99
1742.00	38277.12
1743.00	38202.22
1744.00	38225.63
1745.00	37736.46
1746.00	37677.94
1747.00	37954.13
1748.00	37682.62
1749.00	37603.05
1750.00	37755.18
1751.00	37813.70
1752.00	37832.42
1753.00	37684.97
1754.00	37570.28
1755.00	37153.66
1756.00	37326.86
1757.00	37125.58
1758.00	37273.03
1759.00	37158.34
1760.00	37406.44
1761.00	37291.76
1762.00	37146.64
1763.00	37516.45
1764.00	36690.24
1765.00	36725.35
1766.00	36620.02
1767.00	37127.92
1768.00	36985.15
1769.00	36655.13
1770.00	36847.05
1771.00	36425.76
1772.00	36446.82
1773.00	36835.35
1774.00	36533.42
1775.00	36514.70
1776.00	36465.55
1777.00	36112.13
1778.00	35999.78
1779.00	35896.80
1780.00	35852.33
1781.00	36037.23
1782.00	36161.28
1783.00	35903.82
1784.00	35772.75
1785.00	35821.90
1786.00	35526.99
1787.00	35447.41
1788.00	35201.66
1789.00	35381.88
1790.00	35075.27
1791.00	35117.40
1792.00	35459.12
1793.00	35213.36
1794.00	35136.12
1795.00	35428.69
1796.00	35077.61
1797.00	35138.46
1798.00	35122.08
1799.00	34817.81
1800.00	35599.55
1801.00	34558.01
1802.00	34562.69
1803.00	34497.16
1804.00	34213.95
1805.00	34164.80
1806.00	34036.07
1807.00	34419.92
1808.00	34258.42
1809.00	34211.61
1810.00	34185.86
1811.00	34345.02
1812.00	34227.99
1813.00	34078.20
1814.00	34143.74
1815.00	33977.56
1816.00	33921.38
1817.00	33687.33
1818.00	33567.96
1819.00	33668.61
1820.00	33357.32
1821.00	33345.61
1822.00	33263.69
1823.00	33001.55
1824.00	32971.13
1825.00	33170.07
1826.00	32992.19
1827.00	32933.68
1828.00	32985.17
1829.00	33024.96
1830.00	32505.36
1831.00	32086.40
1832.00	32868.14
1833.00	32816.65
1834.00	33006.23
1835.00	32751.12
1836.00	32645.79
1837.00	31892.14
1838.00	32275.99
1839.00	31854.69
1840.00	31779.79
1841.00	31435.74
1842.00	31725.96
1843.00	31702.56
1844.00	31576.17
1845.00	31536.38
1846.00	31037.84
1847.00	31180.62
1848.00	31307.01
1849.00	31002.74
1850.00	31058.91
1851.00	30691.44
1852.00	30441.01
1853.00	30801.45
1854.00	30384.83
1855.00	29942.47
1856.00	30513.56
1857.00	30410.58
1858.00	30352.07
1859.00	30239.72
1860.00	30146.10
1861.00	29755.23
1862.00	30043.12
1863.00	30099.29
1864.00	30096.95
1865.00	29958.86
1866.00	30059.50
1867.00	29420.53
1868.00	29352.66
1869.00	29596.07
1870.00	29612.46
1871.00	29507.13
1872.00	29263.72
1873.00	28851.78
1874.00	29034.35
1875.00	28945.41
1876.00	28844.76
1877.00	28659.86
1878.00	28690.29
1879.00	28917.32
1880.00	28727.74
1881.00	28580.28
1882.00	28343.89
1883.00	28039.62
1884.00	28201.11
1885.00	28449.21
1886.00	27967.06
1887.00	28088.77
1888.00	27452.14
1889.00	27264.90
1890.00	27658.11
1891.00	27651.09
1892.00	27623.00
1893.00	27267.24
1894.00	27323.41
1895.00	27157.24
1896.00	27070.64
1897.00	27190.00
1898.00	26852.97
1899.00	27257.88
1900.00	26995.74
1901.00	26838.92
1902.00	26438.69
1903.00	26499.55
1904.00	26871.69
1905.00	26125.06
1906.00	26253.79
1907.00	25951.86
1908.00	25823.13
1909.00	25748.23
1910.00	25448.64
1911.00	25722.49
1912.00	25837.17
1913.00	25748.23
1914.00	25898.03
1915.00	25720.15
1916.00	25455.67
1917.00	25600.78
1918.00	25352.68
1919.00	25369.07
1920.00	25458.01
1921.00	25238.00
1922.00	25067.14
1923.00	24933.73
1924.00	24711.38
1925.00	24694.99
1926.00	24786.27
1927.00	24240.93
1928.00	23828.99
1929.00	23981.13
1930.00	24489.03
1931.00	24119.22
1932.00	24102.84
1933.00	24063.05
1934.00	24037.30
1935.00	24184.76
1936.00	24280.72
1937.00	23716.65
1938.00	23976.45
1939.00	23587.92
1940.00	24056.03
1941.00	23751.76
1942.00	23381.95
1943.00	23056.62
1944.00	23119.81
1945.00	23147.90
1946.00	23096.41
1947.00	22691.49
1948.00	22565.10
1949.00	22434.03
1950.00	22228.07
1951.00	22419.99
1952.00	22443.40
1953.00	22209.34
1954.00	22309.99
1955.00	22487.87
1956.00	22464.46
1957.00	22118.06
1958.00	22272.54
1959.00	22139.13
1960.00	22057.21
1961.00	21855.92
1962.00	21556.33
1963.00	21387.82
1964.00	21486.12
1965.00	21139.72
1966.00	21216.96
1967.00	21020.35
1968.00	21118.65
1969.00	21270.79
1970.00	20999.29
1971.00	20788.64
1972.00	20704.38
1973.00	20938.43
1974.00	20856.51
1975.00	20753.53
1976.00	20671.61
1977.00	20526.50
1978.00	20580.33
1979.00	20357.98
1980.00	20613.10
1981.00	20133.29
1982.00	20032.65
1983.00	20086.48
1984.00	19833.70
1985.00	19924.98
1986.00	19786.89
1987.00	19456.87
1988.00	19424.11
1989.00	19473.26
1990.00	19286.01
1991.00	19468.58
1992.00	19349.21
1993.00	19215.80
1994.00	19370.27
1995.00	19136.22
1996.00	19126.86
1997.00	18827.27
1998.00	18843.65
1999.00	18675.13
2000.00	18705.56
2001.00	18768.76
2002.00	18670.45
2003.00	18527.68
2004.00	18246.82
2005.00	18019.78
2006.00	18040.85
2007.00	17862.97
2008.00	18029.15
2009.00	17823.18
2010.00	17893.40
2011.00	17994.04
2012.00	17998.72
2013.00	17673.39
2014.00	17666.36
2015.00	17554.02
2016.00	17509.55
2017.00	17518.91
2018.00	17521.25
2019.00	17039.10
2020.00	17308.26
2021.00	17032.08
2022.00	16999.31
2023.00	16936.12
2024.00	16819.09
2025.00	16615.46
2026.00	16395.45
2027.00	16458.65
2028.00	16538.23
2029.00	16437.58
2030.00	16430.56
2031.00	16432.90
2032.00	16645.89
2033.00	16568.65
2034.00	16306.51
2035.00	16049.05
2036.00	16070.12
2037.00	16053.73
2038.00	15985.86
2039.00	16074.80
2040.00	15950.75
2041.00	15871.17
2042.00	15578.61
2043.00	15751.81
2044.00	15330.51
2045.00	15611.37
2046.00	15452.22
2047.00	15293.06
