0.00	1111.75
1.00	1111.75
2.00	1111.75
3.00	1022.81
4.00	1046.22
5.00	1090.69
6.00	901.11
7.00	997.07
8.00	990.05
9.00	1039.20
10.00	985.37
11.00	945.58
12.00	990.05
13.00	973.66
14.00	943.24
15.00	997.07
16.00	1001.75
17.00	961.96
18.00	1060.26
19.00	943.24
20.00	1013.45
21.00	1048.56
22.00	1015.79
23.00	976.00
24.00	1156.22
25.00	1371.55
26.00	1411.34
27.00	1467.52
28.00	1476.88
29.00	1570.50
30.00	1479.22
31.00	1495.60
32.00	1535.39
33.00	1570.50
34.00	1547.09
35.00	1500.28
36.00	1633.69
37.00	1593.90
38.00	1563.48
39.00	1643.06
40.00	1652.42
41.00	1612.63
42.00	1542.41
43.00	1607.95
44.00	1610.29
45.00	1661.78
46.00	1565.82
47.00	1626.67
48.00	1617.31
49.00	1717.95
50.00	1685.19
51.00	1717.95
52.00	1699.23
53.00	1673.48
54.00	1678.16
55.00	1732.00
56.00	1631.35
57.00	1668.80
58.00	1753.06
59.00	1788.17
60.00	1734.34
61.00	1741.36
62.00	1706.25
63.00	1722.63
64.00	1734.34
65.00	1867.75
66.00	1689.87
67.00	1853.70
68.00	1781.15
69.00	1694.55
70.00	1907.54
71.00	1724.97
72.00	1853.70
73.00	1755.40
74.00	1764.76
75.00	1799.87
76.00	1830.30
77.00	1769.44
78.00	1820.94
79.00	1811.57
80.00	1886.47
81.00	1879.45
82.00	1865.41
83.00	1856.04
84.00	1959.03
85.00	1839.66
86.00	1872.43
87.00	1933.28
88.00	1806.89
89.00	1914.56
90.00	1921.58
91.00	1928.60
92.00	1905.20
93.00	1884.13
94.00	1923.92
95.00	1956.69
96.00	1926.26
97.00	1954.35
98.00	1996.48
99.00	1963.71
100.00	2073.71
101.00	1966.05
102.00	1991.80
103.00	2069.03
104.00	2047.97
105.00	1909.88
106.00	2026.90
107.00	2073.71
108.00	1961.37
109.00	1980.09
110.00	2064.35
111.00	2040.95
112.00	2078.40
113.00	2024.56
114.00	2106.48
115.00	2115.84
116.00	2148.61
117.00	2090.10
118.00	2097.12
119.00	2113.50
120.00	2043.29
121.00	2207.13
122.00	2176.70
123.00	2181.38
124.00	2155.63
125.00	2204.78
126.00	2115.84
127.00	2132.23
128.00	2216.49
129.00	2073.71
130.00	2244.57
131.00	2249.25
132.00	2307.77
133.00	2256.28
134.00	2279.68
135.00	2216.49
136.00	2338.20
137.00	2310.11
138.00	2239.89
139.00	2298.41
140.00	2263.30
141.00	2253.94
142.00	2326.49
143.00	2352.24
144.00	2361.60
145.00	2401.39
146.00	2401.39
147.00	2305.43
148.00	2438.84
149.00	2513.74
150.00	2452.88
151.00	2495.01
152.00	2286.70
153.00	2408.41
154.00	2450.54
155.00	2413.09
156.00	2518.42
157.00	2588.63
158.00	2590.97
159.00	2565.23
160.00	2626.08
161.00	2583.95
162.00	2588.63
163.00	2574.59
164.00	2651.83
165.00	2567.57
166.00	2684.59
167.00	2686.94
168.00	2621.40
169.00	2630.76
170.00	2654.17
171.00	2654.17
172.00	2626.08
173.00	2633.10
174.00	2789.92
175.00	2605.02
176.00	2672.89
177.00	2719.70
178.00	2745.45
179.00	2810.98
180.00	2860.13
181.00	2796.94
182.00	2864.82
183.00	2883.54
184.00	2836.73
185.00	2930.35
186.00	2848.43
187.00	2949.08
188.00	2942.05
189.00	2958.44
190.00	3019.29
191.00	2864.82
192.00	2925.67
193.00	3040.36
194.00	2951.42
195.00	3110.57
196.00	3087.17
197.00	3066.10
198.00	3077.80
199.00	3166.74
200.00	3152.70
201.00	3035.67
202.00	3197.17
203.00	3201.85
204.00	3115.25
205.00	3199.51
206.00	3337.60
207.00	3176.11
208.00	3236.96
209.00	3304.84
210.00	3267.39
211.00	3318.88
212.00	3379.73
213.00	3309.52
214.00	3260.37
215.00	3325.90
216.00	3304.84
217.00	3419.52
218.00	3475.70
219.00	3407.82
220.00	3410.16
221.00	3487.40
222.00	3442.93
223.00	3459.31
224.00	3595.06
225.00	3574.00
226.00	3466.33
227.00	3489.74
228.00	3747.20
229.00	3634.85
230.00	3655.92
231.00	3686.34
232.00	3641.87
233.00	3735.50
234.00	3702.73
235.00	3674.64
236.00	3777.62
237.00	3817.41
238.00	3838.48
239.00	3723.79
240.00	3885.29
241.00	3868.91
242.00	4002.32
243.00	4044.45
244.00	3960.19
245.00	3988.27
246.00	4056.15
247.00	4058.49
248.00	4194.24
249.00	4227.01
250.00	4266.80
251.00	4166.15
252.00	4252.75
253.00	4273.82
254.00	4334.67
255.00	4461.06
256.00	4353.40
257.00	4491.49
258.00	4542.98
259.00	4514.89
260.00	4493.83
261.00	4440.00
262.00	4437.66
263.00	4517.23
264.00	4526.60
265.00	4564.04
266.00	4812.14
267.00	4627.24
268.00	4692.77
269.00	4688.09
270.00	4739.58
271.00	4784.06
272.00	4837.89
273.00	4922.15
274.00	4781.71
275.00	4882.36
276.00	4936.19
277.00	5032.15
278.00	4945.55
279.00	4847.25
280.00	4933.85
281.00	5034.49
282.00	5062.58
283.00	4924.49
284.00	5060.24
285.00	5100.03
286.00	5233.44
287.00	5181.95
288.00	4961.94
289.00	5284.93
290.00	5420.68
291.00	5238.12
292.00	5123.43
293.00	5268.55
294.00	5238.12
295.00	5205.35
296.00	5287.27
297.00	5373.87
298.00	5359.83
299.00	5301.31
300.00	5397.28
301.00	5263.86
302.00	4980.66
303.00	5102.37
304.00	5284.93
305.00	5469.83
306.00	5432.38
307.00	5317.70
308.00	5362.17
309.00	5401.96
310.00	5200.67
311.00	5284.93
312.00	5453.45
313.00	5362.17
314.00	5399.62
315.00	5324.72
316.00	5444.09
317.00	5343.44
318.00	5385.57
319.00	5607.92
320.00	5533.03
321.00	5385.57
322.00	5565.79
323.00	5579.84
324.00	5561.11
325.00	5661.76
326.00	5418.34
327.00	5729.63
328.00	5729.63
329.00	5570.48
330.00	5710.91
331.00	5680.48
332.00	5640.69
333.00	5624.31
334.00	5881.77
335.00	5975.39
336.00	5813.89
337.00	5767.08
338.00	5863.04
339.00	5736.65
340.00	6045.60
341.00	5947.30
342.00	6029.22
343.00	6031.56
344.00	5984.75
345.00	6106.46
346.00	6186.04
347.00	6050.28
348.00	6108.80
349.00	6223.48
350.00	6307.74
351.00	6052.63
352.00	6258.59
353.00	6380.30
354.00	6197.74
355.00	6340.51
356.00	6258.59
357.00	6356.90
358.00	6441.15
359.00	6214.12
360.00	6464.56
361.00	6394.34
362.00	6469.24
363.00	6490.31
364.00	6595.63
365.00	6567.54
366.00	6530.09
367.00	6663.51
368.00	6707.98
369.00	6654.14
370.00	6719.68
371.00	6724.36
372.00	6417.75
373.00	6579.25
374.00	6722.02
375.00	6651.80
376.00	6855.43
377.00	6693.93
378.00	6689.25
379.00	7052.03
380.00	7012.24
381.00	6951.39
382.00	7112.89
383.00	7045.01
384.00	7087.14
385.00	7232.26
386.00	7157.36
387.00	7269.70
388.00	7269.70
389.00	7274.38
390.00	7440.56
391.00	7508.44
392.00	7335.24
393.00	7632.49
394.00	7276.73
395.00	7482.69
396.00	7709.72
397.00	7723.77
398.00	7789.30
399.00	7829.09
400.00	7871.22
401.00	7641.85
402.00	7861.86
403.00	7798.66
404.00	7969.52
405.00	7981.23
406.00	7889.95
407.00	8226.98
408.00	7808.03
409.00	7564.61
410.00	7915.69
411.00	8196.56
412.00	8028.04
413.00	8124.00
414.00	8077.19
415.00	8088.89
416.00	7908.67
417.00	8126.34
418.00	8292.52
419.00	8154.43
420.00	7946.12
421.00	8067.83
422.00	8219.96
423.00	8250.39
424.00	8131.02
425.00	8131.02
426.00	8114.64
427.00	7999.95
428.00	8105.28
429.00	8191.88
430.00	8292.52
431.00	8236.35
432.00	8219.96
433.00	8250.39
434.00	8226.98
435.00	8315.92
436.00	8306.56
437.00	8322.94
438.00	8465.72
439.00	8428.27
440.00	8559.34
441.00	8369.76
442.00	8554.66
443.00	8500.83
444.00	8432.95
445.00	8652.96
446.00	8669.34
447.00	8706.79
448.00	8538.27
449.00	8737.22
450.00	8578.06
451.00	8667.00
452.00	8826.16
453.00	8835.52
454.00	8723.18
455.00	8858.93
456.00	8741.90
457.00	8849.57
458.00	8903.40
459.00	8781.69
460.00	8952.55
461.00	8828.50
462.00	9060.21
463.00	9153.84
464.00	8875.31
465.00	9109.36
466.00	9163.20
467.00	9125.75
468.00	9092.98
469.00	9036.81
470.00	9315.33
471.00	9076.60
472.00	9177.24
473.00	9336.40
474.00	9259.16
475.00	9331.72
476.00	9394.91
477.00	9542.36
478.00	9661.73
479.00	9603.22
480.00	9748.33
481.00	9659.39
482.00	9767.06
483.00	9685.14
484.00	9675.77
485.00	9713.22
486.00	9671.09
487.00	9832.59
488.00	9774.08
489.00	10022.17
490.00	9951.96
491.00	9977.70
492.00	10076.01
493.00	9940.26
494.00	10080.69
495.00	10087.71
496.00	10045.58
497.00	10167.29
498.00	9958.98
499.00	10253.89
500.00	10256.23
501.00	10204.74
502.00	10251.55
503.00	10207.08
504.00	10277.29
505.00	10473.90
506.00	10024.51
507.00	10464.54
508.00	10611.99
509.00	10672.84
510.00	10356.87
511.00	10576.88
512.00	10527.73
513.00	10600.29
514.00	10532.41
515.00	10574.54
516.00	10656.46
517.00	10546.45
518.00	10544.11
519.00	10733.70
520.00	10544.11
521.00	10864.77
522.00	10789.87
523.00	10452.83
524.00	10710.29
525.00	10942.00
526.00	11016.90
527.00	11002.86
528.00	10897.53
529.00	11108.18
530.00	11140.95
531.00	11089.46
532.00	11059.03
533.00	11047.33
534.00	10923.28
535.00	11016.90
536.00	11192.44
537.00	10956.05
538.00	11021.58
539.00	10963.07
540.00	11047.33
541.00	10909.24
542.00	11178.40
543.00	11367.98
544.00	11344.58
545.00	11384.37
546.00	11566.93
547.00	11290.74
548.00	11356.28
549.00	11655.87
550.00	11559.91
551.00	11559.91
552.00	11812.68
553.00	11733.11
554.00	11726.08
555.00	11597.35
556.00	12091.21
557.00	11550.54
558.00	12056.10
559.00	12020.99
560.00	11978.86
561.00	12035.03
562.00	12245.68
563.00	12212.92
564.00	12205.89
565.00	12299.52
566.00	12437.61
567.00	12652.94
568.00	12229.30
569.00	12643.57
570.00	12421.22
571.00	12613.15
572.00	12823.80
573.00	12741.88
574.00	12753.58
575.00	12711.45
576.00	13186.58
577.00	13001.68
578.00	13050.83
579.00	13069.55
580.00	12875.29
581.00	13406.59
582.00	13298.92
583.00	13008.70
584.00	13184.24
585.00	13558.72
586.00	13582.13
587.00	13877.04
588.00	13598.51
589.00	13806.82
590.00	13914.48
591.00	13907.46
592.00	14026.83
593.00	14143.86
594.00	14565.15
595.00	14691.54
596.00	14537.07
597.00	14766.44
598.00	14892.83
599.00	14665.80
600.00	15082.41
601.00	15204.12
602.00	15131.56
603.00	15288.38
604.00	15644.14
605.00	15288.38
606.00	15939.05
607.00	15772.87
608.00	15953.09
609.00	16154.38
610.00	15597.33
611.00	16154.38
612.00	16233.96
613.00	16102.89
614.00	16320.56
615.00	16739.51
616.00	16652.91
617.00	17048.46
618.00	16741.85
619.00	17202.94
620.00	17305.92
621.00	17195.92
622.00	17350.39
623.00	17556.36
624.00	17797.43
625.00	17717.86
626.00	17654.66
627.00	18064.25
628.00	17848.93
629.00	18532.36
630.00	18520.66
631.00	18747.69
632.00	18677.48
633.00	18948.98
634.00	18836.63
635.00	19461.55
636.00	19290.70
637.00	19171.33
638.00	19709.65
639.00	19707.31
640.00	19903.92
641.00	19616.03
642.00	19924.98
643.00	20318.19
644.00	20507.77
645.00	20786.30
646.00	20493.73
647.00	20554.58
648.00	20725.44
649.00	21146.74
650.00	21256.75
651.00	21523.57
652.00	21399.52
653.00	21682.72
654.00	21848.90
655.00	21996.35
656.00	21881.67
657.00	21879.33
658.00	22522.98
659.00	22445.74
660.00	22965.34
661.00	22871.72
662.00	22670.43
663.00	23117.47
664.00	23304.71
665.00	23562.17
666.00	23356.21
667.00	23915.59
668.00	23789.20
669.00	23847.72
670.00	23913.25
671.00	23702.61
672.00	24346.25
673.00	24484.34
674.00	24245.61
675.00	24592.01
676.00	25036.71
677.00	24535.84
678.00	25195.87
679.00	25137.35
680.00	25792.70
681.00	25509.50
682.00	25724.83
683.00	25500.14
684.00	26118.04
685.00	26197.62
686.00	26375.50
687.00	26515.93
688.00	26501.89
689.00	26721.90
690.00	26485.50
691.00	26408.26
692.00	26801.47
693.00	27103.40
694.00	27185.32
695.00	27555.13
696.00	27105.74
697.00	27297.67
698.00	27665.13
699.00	28203.46
700.00	27590.24
701.00	28371.97
702.00	28294.74
703.00	28290.06
704.00	28327.50
705.00	29071.79
706.00	28762.84
707.00	28797.95
708.00	29179.46
709.00	29563.31
710.00	29947.15
711.00	28996.90
712.00	29352.66
713.00	29638.20
714.00	29633.52
715.00	30136.74
716.00	30043.12
717.00	30108.65
718.00	30110.99
719.00	30134.40
720.00	29890.98
721.00	30068.86
722.00	30286.53
723.00	30593.14
724.00	30937.20
725.00	31061.25
726.00	30705.49
727.00	30960.61
728.00	31157.21
729.00	31007.42
730.00	31393.61
731.00	31452.12
732.00	31143.17
733.00	31630.00
734.00	31285.94
735.00	31274.24
736.00	31632.34
737.00	31737.66
738.00	32128.53
739.00	32156.62
740.00	32055.98
741.00	32121.51
742.00	32100.45
743.00	32091.09
744.00	32498.34
745.00	32580.26
746.00	32512.38
747.00	32844.74
748.00	33008.58
749.00	33095.18
750.00	32751.12
751.00	33039.00
752.00	32957.08
753.00	33432.21
754.00	33310.50
755.00	33654.56
756.00	33488.38
757.00	33654.56
758.00	33338.59
759.00	33869.89
760.00	33876.91
761.00	34293.53
762.00	34220.97
763.00	33731.80
764.00	34033.73
765.00	34473.75
766.00	34181.18
767.00	34363.75
768.00	34265.44
769.00	34349.70
770.00	34857.60
771.00	34845.90
772.00	35503.59
773.00	34838.87
774.00	35285.92
775.00	35356.13
776.00	35234.42
777.00	35536.35
778.00	35456.78
779.00	35683.81
780.00	36425.76
781.00	35613.59
782.00	35587.85
783.00	35903.82
784.00	35789.13
785.00	36566.19
786.00	36133.19
787.00	36128.51
788.00	36025.53
789.00	36432.78
790.00	36404.69
791.00	36617.68
792.00	36893.86
793.00	36781.52
794.00	36802.58
795.00	37195.79
796.00	36837.69
797.00	36828.33
798.00	36814.29
799.00	37055.36
800.00	37617.09
801.00	37441.55
802.00	37364.31
803.00	37961.15
804.00	37535.17
805.00	37263.67
806.00	37376.01
807.00	37916.68
808.00	37799.65
809.00	37827.74
810.00	38115.62
811.00	38518.20
812.00	38450.32
813.00	37944.76
814.00	38403.51
815.00	38562.67
816.00	38604.80
817.00	38656.29
818.00	38572.03
819.00	38897.36
820.00	38602.46
821.00	39016.73
822.00	38211.59
823.00	38586.07
824.00	38721.82
825.00	39007.37
826.00	39227.38
827.00	39199.29
828.00	39367.81
829.00	39281.21
830.00	39761.02
831.00	39533.99
832.00	39388.88
833.00	39672.08
834.00	39241.42
835.00	39611.23
836.00	39651.02
837.00	40055.93
838.00	39896.77
839.00	39917.84
840.00	39962.31
841.00	40011.46
842.00	40416.37
843.00	40486.59
844.00	40620.00
845.00	40341.47
846.00	40446.80
847.00	40039.54
848.00	40500.63
849.00	40821.28
850.00	41111.51
851.00	40451.48
852.00	41024.91
853.00	40854.05
854.00	40961.72
855.00	40507.65
856.00	41195.77
857.00	41490.68
858.00	41104.49
859.00	41500.04
860.00	41205.13
861.00	41549.19
862.00	41462.59
863.00	41668.56
864.00	41806.65
865.00	41626.43
866.00	42103.90
867.00	42307.52
868.00	42061.77
869.00	42347.31
870.00	42300.50
871.00	42223.26
872.00	42260.71
873.00	41956.44
874.00	42777.97
875.00	42611.79
876.00	42485.40
877.00	42890.32
878.00	42993.30
879.00	42469.02
880.00	42284.12
881.00	42490.09
882.00	42902.02
883.00	42761.59
884.00	43002.66
885.00	42766.27
886.00	42885.64
887.00	42930.11
888.00	42904.36
889.00	42473.70
890.00	42885.64
891.00	43243.74
892.00	43185.22
893.00	43220.33
894.00	42981.60
895.00	43367.79
896.00	43260.12
897.00	43023.73
898.00	43449.70
899.00	43351.40
900.00	43812.49
901.00	43686.10
902.00	43854.62
903.00	43779.72
904.00	44261.87
905.00	43826.53
906.00	43981.01
907.00	43643.97
908.00	43679.08
909.00	43810.15
910.00	44308.68
911.00	44556.78
912.00	44140.16
913.00	44203.36
914.00	44168.25
915.00	44119.10
916.00	44395.28
917.00	44264.21
918.00	44905.52
919.00	44842.32
920.00	44519.33
921.00	44535.71
922.00	44865.73
923.00	44652.74
924.00	44493.58
925.00	44664.44
926.00	44751.04
927.00	45137.23
928.00	45397.03
929.00	45195.74
930.00	45106.80
931.00	44566.14
932.00	45045.95
933.00	45216.81
934.00	45235.53
935.00	44746.36
936.00	45226.17
937.00	45469.59
938.00	45261.28
939.00	45258.94
940.00	45624.06
941.00	45762.15
942.00	45141.91
943.00	45661.51
944.00	45970.46
945.00	45879.18
946.00	45801.94
947.00	45783.22
948.00	45935.35
949.00	46113.23
950.00	45951.74
951.00	45551.51
952.00	45848.75
953.00	45947.06
954.00	45832.37
955.00	46258.35
956.00	46164.73
957.00	45940.04
958.00	46244.30
959.00	45846.41
960.00	46375.37
961.00	45705.98
962.00	45996.21
963.00	46396.44
964.00	46473.68
965.00	46665.60
966.00	46850.50
967.00	46932.42
968.00	47000.30
969.00	46791.99
970.00	46576.66
971.00	46787.31
972.00	46721.77
973.00	46972.21
974.00	47051.79
975.00	47187.54
976.00	47222.65
977.00	47131.37
978.00	46887.95
979.00	47019.02
980.00	47047.11
981.00	47016.68
982.00	47693.10
983.00	47643.94
984.00	47370.10
985.00	47585.43
986.00	47182.86
987.00	46927.74
988.00	46911.36
989.00	47227.33
990.00	47028.38
991.00	47180.52
992.00	47634.58
993.00	47620.54
994.00	48149.50
995.00	48299.30
996.00	48306.32
997.00	47955.24
998.00	47697.78
999.00	47744.59
1000.00	48048.86
1001.00	47980.98
1002.00	47805.44
1003.00	47852.25
1004.00	47653.31
1005.00	47679.05
1006.00	48020.77
1007.00	47908.43
1008.00	47695.44
1009.00	47826.51
1010.00	47716.50
1011.00	47988.00
1012.00	48561.44
1013.00	48067.58
1014.00	47980.98
1015.00	48055.88
1016.00	47674.37
1017.00	47917.79
1018.00	48285.25
1019.00	48369.51
1020.00	48669.10
1021.00	48392.92
1022.00	48416.32
1023.00	48402.28
1024.00	48493.56
1025.00	48020.77
1026.00	48481.86
1027.00	48633.99
1028.00	48629.31
1029.00	48690.16
1030.00	48739.32
1031.00	49008.48
1032.00	49036.56
1033.00	49125.50
1034.00	48865.70
1035.00	48800.17
1036.00	48605.91
1037.00	49081.03
1038.00	48669.10
1039.00	48952.30
1040.00	49024.86
1041.00	49413.39
1042.00	49244.87
1043.00	48692.50
1044.00	48711.23
1045.00	49174.66
1046.00	48945.28
1047.00	48807.19
1048.00	49413.39
1049.00	49301.04
1050.00	48924.22
1051.00	49752.77
1052.00	49371.26
1053.00	49354.88
1054.00	49450.84
1055.00	48615.27
1056.00	48776.76
1057.00	48971.03
1058.00	48966.35
1059.00	49291.68
1060.00	49296.36
1061.00	49507.01
1062.00	49340.83
1063.00	49530.42
1064.00	49048.27
1065.00	49212.10
1066.00	49078.69
1067.00	49357.22
1068.00	49469.56
1069.00	49818.30
1070.00	49525.74
1071.00	49497.65
1072.00	49064.65
1073.00	49666.17
1074.00	49731.70
1075.00	49549.14
1076.00	49511.69
1077.00	49612.34
1078.00	49359.56
1079.00	49556.16
1080.00	49727.02
1081.00	49708.30
1082.00	49890.86
1083.00	49214.44
1084.00	49689.57
1085.00	49551.48
1086.00	49542.12
1087.00	49282.32
1088.00	49869.79
1089.00	49586.59
1090.00	50169.38
1091.00	50216.19
1092.00	49640.42
1093.00	49991.50
1094.00	49354.88
1095.00	50028.95
1096.00	49588.93
1097.00	49830.01
1098.00	49595.95
1099.00	49982.14
1100.00	49776.17
1101.00	49918.95
1102.00	50232.58
1103.00	50239.60
1104.00	49804.26
1105.00	50141.30
1106.00	49851.07
1107.00	49806.60
1108.00	49750.43
1109.00	49993.84
1110.00	49928.31
1111.00	50143.64
1112.00	49858.09
1113.00	50653.87
1114.00	50094.49
1115.00	49764.47
1116.00	49944.69
1117.00	49801.92
1118.00	50270.03
1119.00	49921.29
1120.00	50087.46
1121.00	50019.59
1122.00	50248.96
1123.00	50045.33
1124.00	49932.99
1125.00	49677.87
1126.00	49729.36
1127.00	50216.19
1128.00	49935.33
1129.00	49977.46
1130.00	49937.67
1131.00	50295.77
1132.00	50028.95
1133.00	49909.58
1134.00	50085.12
1135.00	49808.94
1136.00	49893.20
1137.00	49900.22
1138.00	49621.70
1139.00	49888.52
1140.00	50017.25
1141.00	50150.66
1142.00	50150.66
1143.00	50096.83
1144.00	50050.02
1145.00	49958.73
1146.00	50284.07
1147.00	50260.66
1148.00	50190.45
1149.00	50321.52
1150.00	50394.07
1151.00	50038.31
1152.00	50457.27
1153.00	50611.74
1154.00	50398.76
1155.00	50188.11
1156.00	50181.09
1157.00	50302.79
1158.00	50141.30
1159.00	50197.47
1160.00	50185.77
1161.00	50316.84
1162.00	50356.63
1163.00	49923.63
1164.00	49958.73
1165.00	50108.53
1166.00	50202.15
1167.00	50033.63
1168.00	49818.30
1169.00	50024.27
1170.00	50279.39
1171.00	50031.29
1172.00	50099.17
1173.00	50319.18
1174.00	50122.57
1175.00	50162.36
1176.00	50255.98
1177.00	50068.74
1178.00	49909.58
1179.00	49680.21
1180.00	50155.34
1181.00	49869.79
1182.00	50239.60
1183.00	49846.39
1184.00	50335.56
1185.00	50508.76
1186.00	50349.60
1187.00	49935.33
1188.00	50557.91
1189.00	49897.88
1190.00	50007.89
1191.00	49944.69
1192.00	49759.79
1193.00	50195.13
1194.00	50408.12
1195.00	49979.80
1196.00	50134.28
1197.00	50131.93
1198.00	50216.19
1199.00	49925.97
1200.00	50464.29
1201.00	49778.51
1202.00	50057.04
1203.00	49925.97
1204.00	50326.20
1205.00	50038.31
1206.00	50223.22
1207.00	50169.38
1208.00	50007.89
1209.00	50061.72
1210.00	49879.16
1211.00	49621.70
1212.00	49968.10
1213.00	50017.25
1214.00	50225.56
1215.00	49420.41
1216.00	49909.58
1217.00	49694.25
1218.00	50349.60
1219.00	50265.34
1220.00	50239.60
1221.00	50284.07
1222.00	49975.12
1223.00	50178.75
1224.00	49979.80
1225.00	49607.65
1226.00	50000.86
1227.00	49876.82
1228.00	50124.91
1229.00	49963.42
1230.00	50274.71
1231.00	50195.13
1232.00	50209.17
1233.00	50351.94
1234.00	49827.66
1235.00	49748.09
1236.00	49771.49
1237.00	49572.55
1238.00	49551.48
1239.00	50515.78
1240.00	50569.61
1241.00	49925.97
1242.00	50384.71
1243.00	50122.57
1244.00	50148.32
1245.00	50160.02
1246.00	49741.06
1247.00	50110.87
1248.00	50131.93
1249.00	49787.88
1250.00	50291.09
1251.00	50033.63
1252.00	50349.60
1253.00	50181.09
1254.00	50527.48
1255.00	50443.23
1256.00	50335.56
1257.00	50433.86
1258.00	50124.91
1259.00	50033.63
1260.00	49556.16
1261.00	49965.76
1262.00	50106.19
1263.00	50288.75
1264.00	51068.15
1265.00	50658.56
1266.00	50445.57
1267.00	50038.31
1268.00	50485.36
1269.00	50209.17
1270.00	50073.42
1271.00	50028.95
1272.00	49888.52
1273.00	50010.23
1274.00	50195.13
1275.00	50733.45
1276.00	50426.84
1277.00	49949.37
1278.00	50541.53
1279.00	50370.67
1280.00	50064.06
1281.00	50124.91
1282.00	50248.96
1283.00	50094.49
1284.00	50244.28
1285.00	50024.27
1286.00	50356.63
1287.00	50087.46
1288.00	50436.20
1289.00	50319.18
1290.00	50635.15
1291.00	50223.22
1292.00	50068.74
1293.00	50202.15
1294.00	50333.22
1295.00	49951.71
1296.00	49963.42
1297.00	50527.48
1298.00	50499.40
1299.00	50471.31
1300.00	50160.02
1301.00	50206.83
1302.00	50681.96
1303.00	50508.76
1304.00	50092.15
1305.00	50452.59
1306.00	49825.32
1307.00	49914.26
1308.00	50265.34
1309.00	50216.19
1310.00	49738.72
1311.00	50323.86
1312.00	50326.20
1313.00	50440.89
1314.00	50192.79
1315.00	50080.44
1316.00	50309.82
1317.00	50347.26
1318.00	49996.18
1319.00	49806.60
1320.00	50094.49
1321.00	50351.94
1322.00	50000.86
1323.00	50717.07
1324.00	50504.08
1325.00	50639.83
1326.00	50284.07
1327.00	50244.28
1328.00	50251.30
1329.00	49944.69
1330.00	49921.29
1331.00	50017.25
1332.00	49977.46
1333.00	50305.13
1334.00	50323.86
1335.00	50007.89
1336.00	50220.87
1337.00	50209.17
1338.00	50124.91
1339.00	50241.94
1340.00	50398.76
1341.00	49715.32
1342.00	49958.73
1343.00	50031.29
1344.00	49691.91
1345.00	49949.37
1346.00	49790.22
1347.00	49729.36
1348.00	50209.17
1349.00	49984.48
1350.00	50438.54
1351.00	50211.51
1352.00	49893.20
1353.00	49724.68
1354.00	49769.15
1355.00	49949.37
1356.00	49619.36
1357.00	50061.72
1358.00	50080.44
1359.00	49738.72
1360.00	49975.12
1361.00	50089.80
1362.00	49972.78
1363.00	49858.09
1364.00	50024.27
1365.00	50050.02
1366.00	49904.90
1367.00	49610.00
1368.00	49291.68
1369.00	49448.50
1370.00	49645.10
1371.00	49698.94
1372.00	49497.65
1373.00	49443.82
1374.00	49780.85
1375.00	49834.69
1376.00	49322.11
1377.00	49867.45
1378.00	49380.62
1379.00	49219.13
1380.00	49172.31
1381.00	49132.53
1382.00	49745.75
1383.00	49488.29
1384.00	49345.51
1385.00	49462.54
1386.00	49389.98
1387.00	49275.30
1388.00	49432.11
1389.00	49090.40
1390.00	49249.55
1391.00	49191.04
1392.00	49249.55
1393.00	48846.98
1394.00	49177.00
1395.00	49127.84
1396.00	49191.04
1397.00	49427.43
1398.00	49134.87
1399.00	49574.89
1400.00	49193.38
1401.00	49464.88
1402.00	49188.70
1403.00	49066.99
1404.00	48736.98
1405.00	48655.06
1406.00	48753.36
1407.00	49006.14
1408.00	48809.53
1409.00	49052.95
1410.00	48774.42
1411.00	48839.96
1412.00	48910.17
1413.00	48718.25
1414.00	49022.52
1415.00	48669.10
1416.00	49097.42
1417.00	48926.56
1418.00	48636.33
1419.00	48598.88
1420.00	47936.51
1421.00	48912.52
1422.00	48390.58
1423.00	48512.28
1424.00	48451.43
1425.00	48645.69
1426.00	48868.05
1427.00	48374.19
1428.00	48009.07
1429.00	48119.07
1430.00	48062.90
1431.00	48062.90
1432.00	47910.77
1433.00	47908.43
1434.00	47910.77
1435.00	48079.28
1436.00	48175.25
1437.00	48051.20
1438.00	48081.63
1439.00	47948.21
1440.00	48107.37
1441.00	48240.78
1442.00	47639.26
1443.00	48123.75
1444.00	47697.78
1445.00	47608.84
1446.00	47419.25
1447.00	47760.97
1448.00	47662.67
1449.00	47395.85
1450.00	47758.63
1451.00	48048.86
1452.00	47922.47
1453.00	47711.82
1454.00	47812.46
1455.00	47693.10
1456.00	47611.18
1457.00	47473.09
1458.00	46997.96
1459.00	47627.56
1460.00	47079.88
1461.00	47482.45
1462.00	47093.92
1463.00	47662.67
1464.00	47756.29
1465.00	47653.31
1466.00	47454.36
1467.00	47182.86
1468.00	47395.85
1469.00	47285.84
1470.00	46939.44
1471.00	46791.99
1472.00	46864.55
1473.00	47030.72
1474.00	46581.34
1475.00	46775.61
1476.00	47489.47
1477.00	47185.20
1478.00	47278.82
1479.00	47112.64
1480.00	47234.35
1481.00	46775.61
1482.00	47180.52
1483.00	46869.23
1484.00	47049.45
1485.00	46230.26
1486.00	46401.12
1487.00	46490.06
1488.00	46518.15
1489.00	46536.87
1490.00	46801.35
1491.00	46693.69
1492.00	46831.78
1493.00	46387.08
1494.00	46550.91
1495.00	46579.00
1496.00	45914.29
1497.00	46412.82
1498.00	45823.01
1499.00	45961.10
1500.00	46089.83
1501.00	45846.41
1502.00	45710.66
1503.00	45748.11
1504.00	46043.02
1505.00	46480.70
1506.00	46518.15
1507.00	45907.27
1508.00	45715.34
1509.00	46057.06
1510.00	45970.46
1511.00	45984.51
1512.00	46000.89
1513.00	45448.52
1514.00	45687.26
1515.00	45549.17
1516.00	45631.08
1517.00	45317.45
1518.00	45806.62
1519.00	45984.51
1520.00	45186.38
1521.00	46256.01
1522.00	45666.19
1523.00	45490.65
1524.00	45801.94
1525.00	45563.21
1526.00	45315.11
1527.00	44732.32
1528.00	45333.84
1529.00	45591.30
1530.00	45036.59
1531.00	45427.46
1532.00	45127.87
1533.00	45713.00
1534.00	45525.76
1535.00	45162.98
1536.00	45422.78
1537.00	45298.73
1538.00	45102.12
1539.00	44788.49
1540.00	44849.35
1541.00	44910.20
1542.00	44968.71
1543.00	44818.92
1544.00	44404.64
1545.00	44744.02
1546.00	45123.19
1547.00	45041.27
1548.00	44706.57
1549.00	45230.85
1550.00	44994.46
1551.00	44629.34
1552.00	44542.74
1553.00	44680.83
1554.00	44697.21
1555.00	44194.00
1556.00	44596.57
1557.00	44472.52
1558.00	44215.06
1559.00	44481.88
1560.00	44676.15
1561.00	44203.36
1562.00	44863.39
1563.00	44348.47
1564.00	44226.76
1565.00	43779.72
1566.00	44278.25
1567.00	44254.85
1568.00	43966.96
1569.00	44055.90
1570.00	43477.79
1571.00	44053.56
1572.00	43819.51
1573.00	43484.81
1574.00	44048.88
1575.00	43938.88
1576.00	44271.23
1577.00	43636.95
1578.00	44175.27
1579.00	43983.35
1580.00	43667.37
1581.00	43540.99
1582.00	43693.12
1583.00	43536.30
1584.00	43388.85
1585.00	43700.14
1586.00	43257.78
1587.00	43157.14
1588.00	43400.55
1589.00	43725.89
1590.00	43711.84
1591.00	43388.85
1592.00	43737.59
1593.00	43491.83
1594.00	43278.85
1595.00	43250.76
1596.00	43110.33
1597.00	43196.93
1598.00	43241.40
1599.00	42955.85
1600.00	42927.77
1601.00	42834.14
1602.00	43199.27
1603.00	43023.73
1604.00	42696.05
1605.00	42951.17
1606.00	42838.83
1607.00	43138.41
1608.00	42476.04
1609.00	43122.03
1610.00	42794.36
1611.00	42703.07
1612.00	42738.18
1613.00	42185.82
1614.00	42487.74
1615.00	42426.89
1616.00	42799.04
1617.00	42604.77
1618.00	42485.40
1619.00	42717.12
1620.00	42583.71
1621.00	42632.86
1622.00	42946.49
1623.00	42752.23
1624.00	42068.79
1625.00	42092.19
1626.00	42443.27
1627.00	42370.72
1628.00	42185.82
1629.00	41935.38
1630.00	42176.45
1631.00	42328.59
1632.00	42139.00
1633.00	42068.79
1634.00	41701.32
1635.00	41883.89
1636.00	42604.77
1637.00	42174.11
1638.00	42316.89
1639.00	42014.96
1640.00	41759.84
1641.00	41481.31
1642.00	41177.04
1643.00	41525.78
1644.00	41965.81
1645.00	41628.77
1646.00	41890.91
1647.00	41687.28
1648.00	41415.78
1649.00	41703.67
1650.00	41570.25
1651.00	41865.16
1652.00	41113.85
1653.00	41727.07
1654.00	41359.61
1655.00	41680.26
1656.00	41132.57
1657.00	41387.69
1658.00	41102.15
1659.00	41097.47
1660.00	41340.88
1661.00	40957.03
1662.00	41015.55
1663.00	41373.65
1664.00	41139.60
1665.00	41200.45
1666.00	41331.52
1667.00	40914.90
1668.00	40865.75
1669.00	41312.80
1670.00	40863.41
1671.00	40854.05
1672.00	40774.47
1673.00	41027.25
1674.00	40641.06
1675.00	40683.19
1676.00	40545.10
1677.00	40825.96
1678.00	40823.62
1679.00	40549.78
1680.00	40678.51
1681.00	40919.59
1682.00	40535.74
1683.00	40708.94
1684.00	40870.43
1685.00	40605.95
1686.00	40889.16
1687.00	40575.53
1688.00	40451.48
1689.00	40137.85
1690.00	40353.18
1691.00	40161.25
1692.00	40306.37
1693.00	40051.25
1694.00	40011.46
1695.00	40392.97
1696.00	40233.81
1697.00	40205.72
1698.00	40023.16
1699.00	40121.46
1700.00	40119.12
1701.00	40004.44
1702.00	39917.84
1703.00	39945.92
1704.00	39777.40
1705.00	39772.72
1706.00	39641.65
1707.00	39629.95
1708.00	39337.38
1709.00	39449.73
1710.00	39732.93
1711.00	39494.20
1712.00	39819.53
1713.00	39622.93
1714.00	39632.29
1715.00	39578.46
1716.00	39613.57
1717.00	39447.39
1718.00	39466.11
1719.00	39386.54
1720.00	38719.48
1721.00	38705.44
1722.00	38227.97
1723.00	38534.58
1724.00	38733.53
1725.00	38644.59
1726.00	38813.10
1727.00	38848.21
1728.00	39058.86
1729.00	38380.10
1730.00	38789.70
1731.00	38644.59
1732.00	38525.22
1733.00	38422.23
1734.00	38073.49
1735.00	38588.41
1736.00	38490.11
1737.00	38227.97
1738.00	37813.70
1739.00	37621.77
1740.00	38003.28
1741.00	38185.84
1742.00	38185.84
1743.00	37879.23
1744.00	38132.01
1745.00	38153.07
1746.00	37745.82
1747.00	38307.55
1748.00	37633.47
1749.00	37823.06
1750.00	37776.25
1751.00	37441.55
1752.00	37886.25
1753.00	37441.55
1754.00	37298.78
1755.00	37064.72
1756.00	37088.13
1757.00	36741.73
1758.00	37198.13
1759.00	36924.29
1760.00	36935.99
1761.00	36872.80
1762.00	37076.43
1763.00	37242.60
1764.00	36521.72
1765.00	36811.95
1766.00	37116.22
1767.00	36554.49
1768.00	36596.62
1769.00	36491.29
1770.00	36456.18
1771.00	36350.86
1772.00	36065.31
1773.00	36505.34
1774.00	36180.00
1775.00	36339.16
1776.00	36151.91
1777.00	35990.42
1778.00	36002.12
1779.00	35807.86
1780.00	35896.80
1781.00	35990.42
1782.00	36222.13
1783.00	35569.12
1784.00	35519.97
1785.00	35510.61
1786.00	35248.47
1787.00	34897.39
1788.00	35353.79
1789.00	35412.31
1790.00	35377.20
1791.00	35084.63
1792.00	35140.80
1793.00	35086.97
1794.00	35365.49
1795.00	35166.55
1796.00	34906.75
1797.00	34909.09
1798.00	34852.92
1799.00	35000.37
1800.00	35138.46
1801.00	34572.05
1802.00	34787.38
1803.00	34068.84
1804.00	34342.68
1805.00	34253.74
1806.00	33991.60
1807.00	34178.84
1808.00	34047.77
1809.00	34452.69
1810.00	33895.64
1811.00	33979.90
1812.00	33776.27
1813.00	34230.33
1814.00	33853.51
1815.00	33731.80
1816.00	33553.92
1817.00	33823.08
1818.00	33371.36
1819.00	33399.44
1820.00	33752.87
1821.00	33336.25
1822.00	33081.13
1823.00	33273.06
1824.00	33090.49
1825.00	33158.37
1826.00	32732.39
1827.00	33120.92
1828.00	32980.49
1829.00	33081.13
1830.00	33184.12
1831.00	31805.54
1832.00	32716.01
1833.00	32598.98
1834.00	32573.24
1835.00	32407.06
1836.00	32184.71
1837.00	31957.67
1838.00	31814.90
1839.00	31854.69
1840.00	32034.91
1841.00	31711.92
1842.00	31419.35
1843.00	31239.13
1844.00	31398.29
1845.00	31229.77
1846.00	31126.78
1847.00	31391.26
1848.00	31515.31
1849.00	30766.34
1850.00	30874.01
1851.00	30808.47
1852.00	30735.92
1853.00	30869.33
1854.00	30567.40
1855.00	30235.04
1856.00	30075.88
1857.00	30192.91
1858.00	30167.16
1859.00	29874.60
1860.00	30003.33
1861.00	30242.06
1862.00	30160.14
1863.00	29713.10
1864.00	29965.88
1865.00	29993.97
1866.00	29977.58
1867.00	29570.33
1868.00	29743.53
1869.00	29287.12
1870.00	29647.57
1871.00	29198.18
1872.00	29240.31
1873.00	29270.74
1874.00	29184.14
1875.00	29132.65
1876.00	28926.68
1877.00	28451.55
1878.00	28304.10
1879.00	28655.18
1880.00	28268.99
1881.00	28418.78
1882.00	28580.28
1883.00	28460.91
1884.00	28353.25
1885.00	28364.95
1886.00	27889.82
1887.00	27824.29
1888.00	27665.13
1889.00	27517.68
1890.00	27325.75
1891.00	27110.43
1892.00	27447.46
1893.00	27204.05
1894.00	27311.71
1895.00	26822.54
1896.00	27012.12
1897.00	26876.37
1898.00	27112.77
1899.00	26745.30
1900.00	26838.92
1901.00	26775.73
1902.00	26682.11
1903.00	26228.04
1904.00	26635.30
1905.00	26473.80
1906.00	26192.94
1907.00	26087.61
1908.00	25900.37
1909.00	26029.10
1910.00	25366.73
1911.00	25219.27
1912.00	25961.22
1913.00	25654.61
1914.00	25532.90
1915.00	25558.65
1916.00	25350.34
1917.00	25252.04
1918.00	25366.73
1919.00	25233.32
1920.00	25039.05
1921.00	25200.55
1922.00	25001.60
1923.00	24947.77
1924.00	24812.02
1925.00	24687.97
1926.00	24533.50
1927.00	24599.03
1928.00	24025.60
1929.00	24107.52
1930.00	24126.24
1931.00	23665.16
1932.00	23852.40
1933.00	24065.39
1934.00	24194.12
1935.00	23702.61
1936.00	23910.91
1937.00	23704.95
1938.00	23761.12
1939.00	23740.05
1940.00	23520.04
1941.00	23726.01
1942.00	23185.35
1943.00	23358.55
1944.00	23529.41
1945.00	23410.04
1946.00	22897.46
1947.00	22462.12
1948.00	22649.36
1949.00	22347.44
1950.00	22473.82
1951.00	22190.62
1952.00	22759.37
1953.00	22377.86
1954.00	22396.59
1955.00	22412.97
1956.00	22417.65
1957.00	22178.92
1958.00	22178.92
1959.00	21703.79
1960.00	21982.31
1961.00	22073.59
1962.00	21539.95
1963.00	21493.14
1964.00	21553.99
1965.00	21378.45
1966.00	20908.01
1967.00	21081.21
1968.00	21046.10
1969.00	21003.97
1970.00	20889.28
1971.00	21043.76
1972.00	20893.96
1973.00	20959.50
1974.00	20854.17
1975.00	20999.29
1976.00	20301.81
1977.00	20545.22
1978.00	20463.30
1979.00	20357.98
1980.00	20276.06
1981.00	19927.32
1982.00	20198.82
1983.00	19885.19
1984.00	19927.32
1985.00	19508.37
1986.00	19690.93
1987.00	19346.87
1988.00	19587.94
1989.00	19475.60
1990.00	19370.27
1991.00	19187.71
1992.00	19360.91
1993.00	19302.40
1994.00	19147.92
1995.00	19222.82
1996.00	19168.99
1997.00	19012.17
1998.00	18932.59
1999.00	18878.76
2000.00	18438.74
2001.00	18532.36
2002.00	18541.72
2003.00	18328.74
2004.00	18054.89
2005.00	18075.96
2006.00	18218.73
2007.00	17858.29
2008.00	17867.65
2009.00	18036.17
2010.00	17696.79
2011.00	17851.27
2012.00	17729.56
2013.00	17982.34
2014.00	17923.82
2015.00	17474.44
2016.00	17776.37
2017.00	17298.90
2018.00	17638.28
2019.00	17224.00
2020.00	17338.69
2021.00	17029.74
2022.00	17029.74
2023.00	16819.09
2024.00	16507.80
2025.00	16727.81
2026.00	16627.17
2027.00	16592.06
2028.00	16493.76
2029.00	16306.51
2030.00	16533.54
2031.00	16517.16
2032.00	16304.17
2033.00	16685.68
2034.00	16025.65
2035.00	16327.58
2036.00	16074.80
2037.00	16212.89
2038.00	15751.81
2039.00	16119.27
2040.00	15831.38
2041.00	15807.98
2042.00	15782.23
2043.00	15552.86
2044.00	15391.36
2045.00	15382.00
2046.00	15239.23
2047.00	15098.80
