0.00	1029.84
1.00	1029.84
2.00	1029.84
3.00	877.70
4.00	940.90
5.00	866.00
6.00	929.19
7.00	931.53
8.00	875.36
9.00	922.17
10.00	938.55
11.00	905.79
12.00	884.72
13.00	915.15
14.00	912.81
15.00	1015.79
16.00	980.68
17.00	971.32
18.00	915.15
19.00	978.34
20.00	971.32
21.00	936.21
22.00	950.26
23.00	994.73
24.00	1107.07
25.00	1394.96
26.00	1385.60
27.00	1451.13
28.00	1504.96
29.00	1483.90
30.00	1416.02
31.00	1446.45
32.00	1516.67
33.00	1483.90
34.00	1493.26
35.00	1476.88
36.00	1404.32
37.00	1490.92
38.00	1530.71
39.00	1535.39
40.00	1643.06
41.00	1483.90
42.00	1610.29
43.00	1598.59
44.00	1654.76
45.00	1619.65
46.00	1589.22
47.00	1547.09
48.00	1568.16
49.00	1619.65
50.00	1652.42
51.00	1650.08
52.00	1572.84
53.00	1694.55
54.00	1724.97
55.00	1659.44
56.00	1682.85
57.00	1727.32
58.00	1643.06
59.00	1748.38
60.00	1673.48
61.00	1701.57
62.00	1673.48
63.00	1715.61
64.00	1708.59
65.00	1701.57
66.00	1748.38
67.00	1750.72
68.00	1703.91
69.00	1692.21
70.00	1689.87
71.00	1703.91
72.00	1813.92
73.00	1762.42
74.00	1820.94
75.00	1741.36
76.00	1673.48
77.00	1783.49
78.00	1774.13
79.00	1825.62
80.00	1870.09
81.00	1795.19
82.00	1884.13
83.00	1825.62
84.00	1816.26
85.00	1858.39
86.00	1827.96
87.00	1856.04
88.00	1846.68
89.00	1825.62
90.00	1853.70
91.00	1879.45
92.00	1923.92
93.00	1860.73
94.00	1842.00
95.00	1830.30
96.00	1895.83
97.00	1919.24
98.00	1907.54
99.00	1870.09
100.00	1900.52
101.00	1952.01
102.00	1900.52
103.00	1959.03
104.00	2108.82
105.00	2036.27
106.00	1991.80
107.00	1973.07
108.00	1996.48
109.00	1970.73
110.00	1963.71
111.00	1968.39
112.00	1994.14
113.00	2038.61
114.00	2005.84
115.00	2052.65
116.00	2059.67
117.00	2038.61
118.00	2085.42
119.00	2106.48
120.00	2127.55
121.00	2078.40
122.00	2059.67
123.00	2162.66
124.00	2155.63
125.00	2179.04
126.00	2125.21
127.00	2181.38
128.00	2202.44
129.00	2129.89
130.00	2165.00
131.00	2153.29
132.00	2232.87
133.00	2188.40
134.00	2029.24
135.00	2244.57
136.00	2207.13
137.00	2188.40
138.00	2186.06
139.00	2335.85
140.00	2183.72
141.00	2209.47
142.00	2349.90
143.00	2251.60
144.00	2282.02
145.00	2363.94
146.00	2326.49
147.00	2331.17
148.00	2399.05
149.00	2270.32
150.00	2434.16
151.00	2399.05
152.00	2377.98
153.00	2380.32
154.00	2504.37
155.00	2377.98
156.00	2527.78
157.00	2359.26
158.00	2544.16
159.00	2534.80
160.00	2413.09
161.00	2506.71
162.00	2417.77
163.00	2576.93
164.00	2450.54
165.00	2586.29
166.00	2672.89
167.00	2588.63
168.00	2537.14
169.00	2560.55
170.00	2654.17
171.00	2602.68
172.00	2607.36
173.00	2609.70
174.00	2726.72
175.00	2626.08
176.00	2693.96
177.00	2729.06
178.00	2700.98
179.00	2719.70
180.00	2808.64
181.00	2764.17
182.00	2757.15
183.00	2864.82
184.00	2888.22
185.00	2794.60
186.00	2810.98
187.00	2768.85
188.00	2876.52
189.00	2848.43
190.00	2925.67
191.00	2958.44
192.00	2857.79
193.00	2965.46
194.00	3061.42
195.00	2963.12
196.00	2998.23
197.00	3038.02
198.00	3005.25
199.00	2986.52
200.00	3162.06
201.00	3131.64
202.00	3105.89
203.00	3169.09
204.00	3267.39
205.00	3199.51
206.00	3185.47
207.00	3077.80
208.00	3148.02
209.00	3133.98
210.00	3349.31
211.00	3311.86
212.00	3124.62
213.00	3220.58
214.00	3295.47
215.00	3323.56
216.00	3253.34
217.00	3328.24
218.00	3386.76
219.00	3384.41
220.00	3356.33
221.00	3426.54
222.00	3398.46
223.00	3531.87
224.00	3506.12
225.00	3499.10
226.00	3545.91
227.00	3508.46
228.00	3529.53
229.00	3716.77
230.00	3559.95
231.00	3742.52
232.00	3803.37
233.00	3728.47
234.00	3810.39
235.00	3693.37
236.00	3786.99
237.00	3878.27
238.00	3782.31
239.00	3803.37
240.00	3939.12
241.00	4049.13
242.00	3969.55
243.00	4011.68
244.00	3896.99
245.00	3962.53
246.00	4156.79
247.00	4091.26
248.00	4196.58
249.00	4107.64
250.00	4142.75
251.00	4236.37
252.00	4121.68
253.00	4299.56
254.00	4322.97
255.00	4266.80
256.00	4276.16
257.00	4519.57
258.00	4402.55
259.00	4374.46
260.00	4617.88
261.00	4367.44
262.00	4519.57
263.00	4636.60
264.00	4400.21
265.00	4645.96
266.00	4629.58
267.00	4657.67
268.00	4650.64
269.00	4758.31
270.00	4779.37
271.00	4711.50
272.00	4765.33
273.00	4919.81
274.00	4821.50
275.00	4844.91
276.00	4994.70
277.00	4905.76
278.00	5001.72
279.00	4788.74
280.00	4912.78
281.00	5055.56
282.00	5093.01
283.00	4901.08
284.00	5104.71
285.00	5125.77
286.00	5004.07
287.00	4964.28
288.00	4903.42
289.00	5125.77
290.00	5191.31
291.00	5151.52
292.00	5114.07
293.00	5102.37
294.00	5249.82
295.00	5296.63
296.00	5294.29
297.00	5315.36
298.00	5317.70
299.00	5291.95
300.00	5282.59
301.00	5188.97
302.00	4985.34
303.00	5191.31
304.00	5322.38
305.00	5280.25
306.00	5310.68
307.00	5394.93
308.00	5214.71
309.00	5310.68
310.00	5210.03
311.00	5156.20
312.00	5327.06
313.00	5320.04
314.00	5348.12
315.00	5282.59
316.00	5338.76
317.00	5516.64
318.00	5387.91
319.00	5364.51
320.00	5502.60
321.00	5600.90
322.00	5535.37
323.00	5577.50
324.00	5598.56
325.00	5661.76
326.00	5406.64
327.00	5682.82
328.00	5743.67
329.00	5781.12
330.00	5547.07
331.00	5825.59
332.00	5652.39
333.00	5591.54
334.00	5706.23
335.00	6003.47
336.00	5877.09
337.00	5856.02
338.00	5738.99
339.00	5928.58
340.00	5947.30
341.00	5935.60
342.00	6134.54
343.00	5898.15
344.00	5907.51
345.00	5994.11
346.00	6099.44
347.00	6129.86
348.00	6080.71
349.00	6101.78
350.00	6129.86
351.00	6253.91
352.00	6260.93
353.00	6284.34
354.00	6221.14
355.00	6183.70
356.00	6181.35
357.00	6347.53
358.00	6321.79
359.00	6179.01
360.00	6392.00
361.00	6272.64
362.00	6698.61
363.00	6422.43
364.00	6576.91
365.00	6483.28
366.00	6551.16
367.00	6373.28
368.00	6455.20
369.00	6675.21
370.00	6525.41
371.00	6630.74
372.00	6509.03
373.00	6698.61
374.00	6600.31
375.00	6733.72
376.00	6869.47
377.00	6876.49
378.00	6576.91
379.00	6918.62
380.00	7157.36
381.00	6927.99
382.00	7089.48
383.00	7059.06
384.00	7009.90
385.00	7035.65
386.00	7131.61
387.00	7066.08
388.00	7342.26
389.00	7204.17
390.00	7258.00
391.00	7634.83
392.00	7370.35
393.00	7534.18
394.00	7618.44
395.00	7604.40
396.00	7592.70
397.00	7875.90
398.00	7850.16
399.00	7864.20
400.00	7894.63
401.00	7892.29
402.00	7805.69
403.00	7988.25
404.00	8079.53
405.00	7857.18
406.00	8138.04
407.00	8049.10
408.00	7810.37
409.00	7536.52
410.00	7955.48
411.00	8004.63
412.00	7988.25
413.00	8133.36
414.00	8301.88
415.00	7953.14
416.00	8072.51
417.00	8315.92
418.00	8053.78
419.00	8126.34
420.00	8079.53
421.00	8044.42
422.00	8212.94
423.00	8243.37
424.00	8049.10
425.00	7995.27
426.00	8243.37
427.00	8283.16
428.00	8095.91
429.00	8231.66
430.00	8021.02
431.00	8201.24
432.00	8285.50
433.00	8184.85
434.00	8219.96
435.00	8222.30
436.00	8194.22
437.00	8091.23
438.00	8411.89
439.00	8435.29
440.00	8699.77
441.00	8465.72
442.00	8411.89
443.00	8767.65
444.00	8535.93
445.00	8521.89
446.00	8498.49
447.00	8692.75
448.00	8702.11
449.00	8568.70
450.00	8575.72
451.00	8573.38
452.00	8863.61
453.00	8861.27
454.00	8444.65
455.00	8732.54
456.00	8755.94
457.00	8798.07
458.00	8903.40
459.00	8863.61
460.00	8837.86
461.00	8950.21
462.00	8915.10
463.00	8966.59
464.00	8959.57
465.00	9004.04
466.00	9125.75
467.00	8931.48
468.00	9254.48
469.00	9226.39
470.00	9228.73
471.00	9153.84
472.00	9359.80
473.00	9387.89
474.00	9350.44
475.00	9369.16
476.00	9411.29
477.00	9638.33
478.00	9600.88
479.00	9710.88
480.00	9661.73
481.00	9511.94
482.00	9518.96
483.00	9631.30
484.00	9638.33
485.00	9905.15
486.00	9659.39
487.00	9860.68
488.00	9956.64
489.00	9963.66
490.00	10036.22
491.00	9881.74
492.00	9902.81
493.00	9804.50
494.00	9958.98
495.00	10153.24
496.00	10281.97
497.00	10099.41
498.00	9942.60
499.00	10382.62
500.00	10141.54
501.00	10167.29
502.00	10136.86
503.00	10153.24
504.00	10265.59
505.00	10413.04
506.00	10263.25
507.00	10609.65
508.00	10703.27
509.00	10509.01
510.00	10389.64
511.00	10647.10
512.00	10637.73
513.00	10555.82
514.00	10712.63
515.00	10349.85
516.00	10778.17
517.00	10621.35
518.00	10733.70
519.00	10703.27
520.00	10501.98
521.00	10878.81
522.00	10839.02
523.00	10640.08
524.00	10885.83
525.00	10963.07
526.00	11080.10
527.00	10897.53
528.00	10761.78
529.00	10986.47
530.00	11119.89
531.00	11208.83
532.00	10862.43
533.00	11005.20
534.00	11070.73
535.00	11080.10
536.00	11211.17
537.00	10909.24
538.00	11087.12
539.00	11325.85
540.00	11009.88
541.00	11115.20
542.00	11321.17
543.00	11323.51
544.00	11255.64
545.00	11604.38
546.00	11625.44
547.00	11349.26
548.00	11276.70
549.00	11805.66
550.00	11740.13
551.00	11676.93
552.00	11515.44
553.00	11695.66
554.00	11761.19
555.00	11669.91
556.00	11953.12
557.00	11587.99
558.00	11971.84
559.00	12102.91
560.00	11981.20
561.00	12018.65
562.00	12479.74
563.00	11999.93
564.00	12203.55
565.00	12259.73
566.00	12367.39
567.00	12767.62
568.00	12500.80
569.00	12383.77
570.00	12484.42
571.00	12545.27
572.00	12739.54
573.00	12704.43
574.00	12849.54
575.00	13013.38
576.00	13001.68
577.00	13034.44
578.00	13032.10
579.00	12877.63
580.00	12856.56
581.00	13132.75
582.00	13291.90
583.00	13378.50
584.00	13535.32
585.00	13469.78
586.00	14008.11
587.00	13760.01
588.00	13891.08
589.00	13752.99
590.00	13909.80
591.00	14139.18
592.00	14012.79
593.00	14342.80
594.00	14607.28
595.00	14520.68
596.00	14714.95
597.00	14726.65
598.00	14703.25
599.00	14864.74
600.00	14799.21
601.00	15063.69
602.00	15206.46
603.00	15552.86
604.00	15435.83
605.00	15492.01
606.00	16016.29
607.00	15852.45
608.00	16009.26
609.00	15974.16
610.00	15740.10
611.00	16133.31
612.00	16264.38
613.00	16297.15
614.00	16100.55
615.00	16458.65
616.00	16868.24
617.00	16819.09
618.00	16978.25
619.00	17074.21
620.00	17146.76
621.00	17249.75
622.00	17617.21
623.00	17642.96
624.00	17905.10
625.00	17593.81
626.00	17935.53
627.00	18160.22
628.00	18111.07
629.00	18324.05
630.00	18661.09
631.00	18834.29
632.00	18480.87
633.00	19016.85
634.00	19077.71
635.00	19150.26
636.00	19276.65
637.00	19576.24
638.00	19871.15
639.00	19805.61
640.00	19737.74
641.00	19606.67
642.00	19992.86
643.00	20032.65
644.00	20369.68
645.00	20819.07
646.00	20556.93
647.00	20734.81
648.00	21179.51
649.00	21167.80
650.00	21111.63
651.00	21685.06
652.00	21619.53
653.00	21731.87
654.00	21841.88
655.00	21846.56
656.00	22068.91
657.00	22345.09
658.00	22553.40
659.00	22291.26
660.00	22728.94
661.00	22560.42
662.00	23295.35
663.00	23257.90
664.00	23506.00
665.00	23534.09
666.00	23667.50
667.00	23744.73
668.00	23763.46
669.00	23859.42
670.00	24107.52
671.00	24379.02
672.00	24386.04
673.00	24692.65
674.00	24566.26
675.00	24587.33
676.00	24606.05
677.00	25013.31
678.00	24996.92
679.00	25170.12
680.00	25446.30
681.00	25397.15
682.00	25834.83
683.00	25439.28
684.00	25986.97
685.00	26106.34
686.00	26508.91
687.00	26693.81
688.00	26696.15
689.00	26258.47
690.00	26464.44
691.00	27009.78
692.00	27150.21
693.00	27105.74
694.00	27641.73
695.00	27709.60
696.00	27695.56
697.00	27679.18
698.00	27793.86
699.00	28030.26
700.00	27864.08
701.00	28346.23
702.00	28105.15
703.00	28603.69
704.00	28444.53
705.00	28734.76
706.00	28816.68
707.00	28959.45
708.00	29357.34
709.00	29043.71
710.00	29874.60
711.00	29200.52
712.00	29795.02
713.00	29401.81
714.00	29563.31
715.00	29631.18
716.00	29869.92
717.00	30359.09
718.00	30462.07
719.00	30089.93
720.00	30155.46
721.00	29963.54
722.00	30192.91
723.00	31000.40
724.00	31150.19
725.00	30827.20
726.00	31061.25
727.00	30761.66
728.00	31122.10
729.00	31271.90
730.00	31328.07
731.00	31578.51
732.00	31225.09
733.00	31695.53
734.00	31693.19
735.00	31475.52
736.00	31903.84
737.00	32074.70
738.00	32212.79
739.00	32156.62
740.00	32264.28
741.00	32535.79
742.00	32240.88
743.00	31899.16
744.00	32680.90
745.00	32797.93
746.00	32973.47
747.00	33151.35
748.00	33120.92
749.00	33153.69
750.00	33144.33
751.00	33324.55
752.00	33067.09
753.00	33247.31
754.00	33457.96
755.00	33607.75
756.00	33518.81
757.00	33563.28
758.00	33638.18
759.00	33642.86
760.00	33830.10
761.00	34291.19
762.00	34480.77
763.00	34225.65
764.00	34188.21
765.00	33900.32
766.00	34251.40
767.00	34316.93
768.00	34981.65
769.00	35000.37
770.00	35143.14
771.00	35166.55
772.00	35524.65
773.00	35009.73
774.00	35367.84
775.00	35552.74
776.00	35402.94
777.00	35517.63
778.00	35732.96
779.00	35704.87
780.00	35812.54
781.00	35431.03
782.00	35901.48
783.00	36154.26
784.00	36088.72
785.00	36446.82
786.00	36446.82
787.00	36587.25
788.00	36109.78
789.00	36531.08
790.00	36261.92
791.00	36582.57
792.00	36940.68
793.00	36830.67
794.00	36957.06
795.00	37193.45
796.00	36947.70
797.00	37212.18
798.00	37174.73
799.00	37343.25
800.00	37549.21
801.00	37537.51
802.00	37511.77
803.00	37659.22
804.00	37539.85
805.00	37722.41
806.00	37797.31
807.00	37844.12
808.00	38092.22
809.00	38340.32
810.00	38696.08
811.00	38237.33
812.00	38813.10
813.00	38176.48
814.00	38040.73
815.00	38553.30
816.00	38543.94
817.00	38883.32
818.00	38801.40
819.00	39070.56
820.00	38623.52
821.00	39030.77
822.00	38829.49
823.00	38796.72
824.00	38778.00
825.00	39269.51
826.00	39374.83
827.00	39702.51
828.00	39360.79
829.00	39503.56
830.00	39559.73
831.00	39580.80
832.00	39306.96
833.00	39597.18
834.00	39653.36
835.00	39887.41
836.00	39711.87
837.00	40481.91
838.00	40439.78
839.00	39454.41
840.00	39962.31
841.00	40308.71
842.00	40531.06
843.00	40706.60
844.00	40809.58
845.00	40463.18
846.00	40685.53
847.00	40524.04
848.00	40708.94
849.00	40687.87
850.00	41502.38
851.00	40893.84
852.00	41244.92
853.00	40987.46
854.00	41174.70
855.00	40514.67
856.00	41502.38
857.00	41420.46
858.00	41570.25
859.00	41291.73
860.00	41397.06
861.00	41621.75
862.00	41563.23
863.00	41745.80
864.00	42071.13
865.00	41715.37
866.00	42237.31
867.00	42122.62
868.00	42052.41
869.00	42246.67
870.00	42089.85
871.00	42108.58
872.00	42031.34
873.00	42440.93
874.00	42405.83
875.00	42557.96
876.00	42775.63
877.00	42838.83
878.00	42967.55
879.00	42593.07
880.00	42321.57
881.00	42693.71
882.00	42380.08
883.00	42824.78
884.00	42897.34
885.00	43014.37
886.00	42572.00
887.00	42974.58
888.00	42866.91
889.00	42906.70
890.00	43147.78
891.00	43316.29
892.00	43126.71
893.00	43461.41
894.00	43681.42
895.00	43196.93
896.00	43749.29
897.00	43126.71
898.00	43248.42
899.00	43468.43
900.00	43735.25
901.00	44144.84
902.00	44105.06
903.00	44278.25
904.00	44025.48
905.00	43372.47
906.00	44275.91
907.00	43683.76
908.00	44002.07
909.00	44268.89
910.00	44257.19
911.00	44818.92
912.00	44289.96
913.00	43845.26
914.00	44348.47
915.00	44201.02
916.00	44282.94
917.00	44392.94
918.00	44715.93
919.00	44729.98
920.00	44634.02
921.00	44905.52
922.00	45113.83
923.00	44912.54
924.00	44194.00
925.00	45188.72
926.00	45088.08
927.00	45635.77
928.00	45282.34
929.00	45434.48
930.00	45001.48
931.00	44994.46
932.00	45277.66
933.00	45177.02
934.00	45315.11
935.00	45357.24
936.00	45134.89
937.00	45745.77
938.00	45460.23
939.00	45464.91
940.00	45502.35
941.00	45951.74
942.00	45783.22
943.00	45390.01
944.00	46387.08
945.00	45907.27
946.00	45766.84
947.00	46026.63
948.00	45734.07
949.00	46064.08
950.00	45940.04
951.00	45799.60
952.00	46164.73
953.00	46150.68
954.00	46176.43
955.00	46167.07
956.00	46174.09
957.00	46153.02
958.00	45986.85
959.00	46085.15
960.00	46143.66
961.00	46073.45
962.00	46478.36
963.00	46302.82
964.00	46808.37
965.00	46436.23
966.00	46880.93
967.00	47281.16
968.00	46628.15
969.00	46876.25
970.00	46567.30
971.00	47035.41
972.00	46902.00
973.00	47239.03
974.00	47222.65
975.00	47391.17
976.00	47538.62
977.00	47353.72
978.00	46857.52
979.00	46890.29
980.00	46569.64
981.00	47194.56
982.00	47594.79
983.00	47547.98
984.00	47590.11
985.00	47615.86
986.00	47573.73
987.00	47421.59
988.00	47056.47
989.00	47751.61
990.00	46799.01
991.00	47585.43
992.00	47828.85
993.00	47562.03
994.00	47704.80
995.00	48240.78
996.00	47524.58
997.00	47931.83
998.00	47889.70
999.00	48023.11
1000.00	48336.74
1001.00	48081.63
1002.00	48399.94
1003.00	48121.41
1004.00	48065.24
1005.00	48226.74
1006.00	47922.47
1007.00	48079.28
1008.00	47885.02
1009.00	47995.03
1010.00	48163.54
1011.00	48491.22
1012.00	48938.26
1013.00	48523.99
1014.00	48210.35
1015.00	48725.27
1016.00	48250.14
1017.00	48168.22
1018.00	48355.47
1019.00	48552.07
1020.00	48760.38
1021.00	48985.07
1022.00	49059.97
1023.00	48348.45
1024.00	48893.79
1025.00	48329.72
1026.00	48451.43
1027.00	48776.76
1028.00	48879.75
1029.00	49052.95
1030.00	48868.05
1031.00	49055.29
1032.00	49450.84
1033.00	49319.77
1034.00	48931.24
1035.00	48952.30
1036.00	48985.07
1037.00	48666.76
1038.00	49296.36
1039.00	49062.31
1040.00	48917.20
1041.00	49275.30
1042.00	48666.76
1043.00	49038.90
1044.00	49010.82
1045.00	48989.75
1046.00	49148.91
1047.00	49338.49
1048.00	49303.38
1049.00	49535.10
1050.00	49345.51
1051.00	49647.44
1052.00	49563.18
1053.00	49015.50
1054.00	49460.20
1055.00	49216.78
1056.00	49022.52
1057.00	49013.16
1058.00	49074.01
1059.00	49694.25
1060.00	49710.64
1061.00	50071.08
1062.00	49429.77
1063.00	49581.91
1064.00	49427.43
1065.00	49614.68
1066.00	49366.58
1067.00	49631.06
1068.00	49940.01
1069.00	49635.74
1070.00	49378.28
1071.00	49804.26
1072.00	49837.03
1073.00	49820.64
1074.00	49904.90
1075.00	50021.93
1076.00	49495.31
1077.00	49556.16
1078.00	49759.79
1079.00	49605.31
1080.00	49734.04
1081.00	50468.97
1082.00	50150.66
1083.00	49928.31
1084.00	49705.96
1085.00	50014.91
1086.00	49626.38
1087.00	49621.70
1088.00	50319.18
1089.00	49904.90
1090.00	50202.15
1091.00	49928.31
1092.00	50005.55
1093.00	50380.03
1094.00	49858.09
1095.00	50162.36
1096.00	49652.12
1097.00	50113.21
1098.00	50251.30
1099.00	50150.66
1100.00	50401.10
1101.00	50073.42
1102.00	50157.68
1103.00	50089.80
1104.00	50281.73
1105.00	49869.79
1106.00	49687.23
1107.00	50319.18
1108.00	49869.79
1109.00	50279.39
1110.00	50370.67
1111.00	50681.96
1112.00	50181.09
1113.00	50454.93
1114.00	50258.32
1115.00	50127.25
1116.00	49872.14
1117.00	50321.52
1118.00	49928.31
1119.00	50021.93
1120.00	50124.91
1121.00	50230.24
1122.00	50209.17
1123.00	50653.87
1124.00	50150.66
1125.00	50078.10
1126.00	49844.05
1127.00	49923.63
1128.00	50220.87
1129.00	50539.19
1130.00	49907.24
1131.00	50087.46
1132.00	50494.72
1133.00	50054.70
1134.00	50454.93
1135.00	50094.49
1136.00	50227.90
1137.00	50277.05
1138.00	50141.30
1139.00	50127.25
1140.00	50483.01
1141.00	50160.02
1142.00	50302.79
1143.00	50515.78
1144.00	50270.03
1145.00	50527.48
1146.00	50033.63
1147.00	50176.40
1148.00	49804.26
1149.00	50131.93
1150.00	50246.62
1151.00	50532.17
1152.00	50384.71
1153.00	50742.81
1154.00	50454.93
1155.00	50457.27
1156.00	50192.79
1157.00	50344.92
1158.00	49961.08
1159.00	50246.62
1160.00	50408.12
1161.00	50337.90
1162.00	50438.54
1163.00	50349.60
1164.00	50513.44
1165.00	50478.33
1166.00	50642.17
1167.00	49996.18
1168.00	50239.60
1169.00	50260.66
1170.00	50148.32
1171.00	49776.17
1172.00	50693.66
1173.00	50291.09
1174.00	50609.40
1175.00	50342.58
1176.00	50227.90
1177.00	49996.18
1178.00	50293.43
1179.00	49921.29
1180.00	50103.85
1181.00	50164.70
1182.00	50213.85
1183.00	50124.91
1184.00	50127.25
1185.00	50770.90
1186.00	50218.53
1187.00	50066.40
1188.00	50415.14
1189.00	50272.37
1190.00	49860.43
1191.00	50054.70
1192.00	50387.05
1193.00	50026.61
1194.00	50223.22
1195.00	49846.39
1196.00	50548.55
1197.00	50478.33
1198.00	50401.10
1199.00	50134.28
1200.00	50202.15
1201.00	50267.69
1202.00	49848.73
1203.00	49837.03
1204.00	50000.86
1205.00	50234.92
1206.00	50314.50
1207.00	50181.09
1208.00	50443.23
1209.00	50094.49
1210.00	50408.12
1211.00	50202.15
1212.00	49698.94
1213.00	50145.98
1214.00	50199.81
1215.00	50061.72
1216.00	50459.61
1217.00	50398.76
1218.00	50438.54
1219.00	50103.85
1220.00	50625.79
1221.00	50232.58
1222.00	50085.12
1223.00	49900.22
1224.00	50377.69
1225.00	49741.06
1226.00	50246.62
1227.00	50279.39
1228.00	50333.22
1229.00	50071.08
1230.00	50632.81
1231.00	50417.48
1232.00	50267.69
1233.00	50548.55
1234.00	50312.16
1235.00	50143.64
1236.00	49940.01
1237.00	50171.72
1238.00	50134.28
1239.00	50452.59
1240.00	50642.17
1241.00	50475.99
1242.00	50747.50
1243.00	50567.27
1244.00	50328.54
1245.00	50562.59
1246.00	49638.08
1247.00	50248.96
1248.00	50057.04
1249.00	50466.63
1250.00	50279.39
1251.00	50513.44
1252.00	50227.90
1253.00	50688.98
1254.00	50586.00
1255.00	50639.83
1256.00	50358.97
1257.00	50876.22
1258.00	50358.97
1259.00	50183.43
1260.00	49862.77
1261.00	50054.70
1262.00	50136.62
1263.00	50319.18
1264.00	50602.38
1265.00	50504.08
1266.00	50691.32
1267.00	50127.25
1268.00	50597.70
1269.00	50539.19
1270.00	50370.67
1271.00	50089.80
1272.00	50248.96
1273.00	50431.52
1274.00	49982.14
1275.00	50651.53
1276.00	50848.14
1277.00	50688.98
1278.00	50284.07
1279.00	50628.13
1280.00	50251.30
1281.00	50286.41
1282.00	50155.34
1283.00	49949.37
1284.00	50340.24
1285.00	50253.64
1286.00	51126.66
1287.00	50438.54
1288.00	50712.39
1289.00	50429.18
1290.00	50365.99
1291.00	50347.26
1292.00	50206.83
1293.00	49993.84
1294.00	50403.44
1295.00	50010.23
1296.00	50527.48
1297.00	50412.80
1298.00	50220.87
1299.00	50298.11
1300.00	50511.10
1301.00	50447.91
1302.00	50754.52
1303.00	50396.42
1304.00	49937.67
1305.00	50220.87
1306.00	49731.70
1307.00	50162.36
1308.00	50174.06
1309.00	50380.03
1310.00	50335.56
1311.00	50452.59
1312.00	50389.39
1313.00	50976.87
1314.00	50335.56
1315.00	50466.63
1316.00	49961.08
1317.00	50536.85
1318.00	50113.21
1319.00	50314.50
1320.00	50066.40
1321.00	50155.34
1322.00	50466.63
1323.00	50487.70
1324.00	50092.15
1325.00	50752.18
1326.00	50586.00
1327.00	50405.78
1328.00	50309.82
1329.00	50464.29
1330.00	50003.20
1331.00	50309.82
1332.00	50092.15
1333.00	50094.49
1334.00	50443.23
1335.00	50848.14
1336.00	50305.13
1337.00	50024.27
1338.00	50506.42
1339.00	50349.60
1340.00	50099.17
1341.00	49944.69
1342.00	50300.45
1343.00	50237.26
1344.00	50358.97
1345.00	50239.60
1346.00	50106.19
1347.00	50108.53
1348.00	50391.73
1349.00	49890.86
1350.00	49965.76
1351.00	50075.76
1352.00	50234.92
1353.00	49626.38
1354.00	49832.35
1355.00	49619.36
1356.00	50103.85
1357.00	50167.04
1358.00	50312.16
1359.00	50127.25
1360.00	50153.00
1361.00	50012.57
1362.00	49652.12
1363.00	49652.12
1364.00	49890.86
1365.00	49729.36
1366.00	49839.37
1367.00	49605.31
1368.00	49345.51
1369.00	49064.65
1370.00	49546.80
1371.00	49832.35
1372.00	49694.25
1373.00	49734.04
1374.00	50309.82
1375.00	49825.32
1376.00	49738.72
1377.00	50040.65
1378.00	49457.86
1379.00	49717.66
1380.00	49275.30
1381.00	49022.52
1382.00	49727.02
1383.00	49392.33
1384.00	49717.66
1385.00	49397.01
1386.00	49633.40
1387.00	49696.59
1388.00	49558.50
1389.00	48975.71
1390.00	49141.89
1391.00	49240.19
1392.00	49020.18
1393.00	49319.77
1394.00	48938.26
1395.00	49050.61
1396.00	49312.75
1397.00	49502.33
1398.00	49261.26
1399.00	49677.87
1400.00	49270.62
1401.00	49509.35
1402.00	49275.30
1403.00	49233.17
1404.00	48877.41
1405.00	48577.82
1406.00	48671.44
1407.00	49043.59
1408.00	49092.74
1409.00	49282.32
1410.00	48643.35
1411.00	49104.44
1412.00	48854.00
1413.00	48631.65
1414.00	49411.05
1415.00	48942.94
1416.00	48800.17
1417.00	48945.28
1418.00	48271.21
1419.00	48488.88
1420.00	48935.92
1421.00	48514.62
1422.00	48961.67
1423.00	48732.29
1424.00	48856.34
1425.00	48776.76
1426.00	48463.13
1427.00	48397.60
1428.00	48495.90
1429.00	48463.13
1430.00	48432.71
1431.00	48444.41
1432.00	48046.52
1433.00	48460.79
1434.00	48292.27
1435.00	48395.26
1436.00	48231.42
1437.00	48662.08
1438.00	48516.96
1439.00	48109.71
1440.00	48509.94
1441.00	48238.44
1442.00	48147.16
1443.00	48109.71
1444.00	47957.58
1445.00	47990.34
1446.00	47716.50
1447.00	48034.81
1448.00	47868.64
1449.00	47540.96
1450.00	47721.18
1451.00	48334.40
1452.00	48140.14
1453.00	47999.71
1454.00	48105.03
1455.00	47985.66
1456.00	47302.23
1457.00	47618.20
1458.00	47278.82
1459.00	47517.56
1460.00	47529.26
1461.00	47819.49
1462.00	47679.05
1463.00	47695.44
1464.00	47386.49
1465.00	47547.98
1466.00	47800.76
1467.00	47655.65
1468.00	47381.80
1469.00	47304.57
1470.00	47386.49
1471.00	47260.10
1472.00	47220.31
1473.00	47110.30
1474.00	47222.65
1475.00	47550.32
1476.00	47166.48
1477.00	47693.10
1478.00	47583.09
1479.00	47735.23
1480.00	47189.88
1481.00	47047.11
1482.00	47735.23
1483.00	46831.78
1484.00	46752.20
1485.00	46506.44
1486.00	46937.10
1487.00	46656.24
1488.00	46890.29
1489.00	46553.26
1490.00	46562.62
1491.00	46948.81
1492.00	46667.94
1493.00	46279.41
1494.00	46564.96
1495.00	46742.84
1496.00	46284.09
1497.00	46279.41
1498.00	46445.59
1499.00	46534.53
1500.00	46469.00
1501.00	46174.09
1502.00	46459.63
1503.00	46450.27
1504.00	45918.97
1505.00	46761.56
1506.00	46564.96
1507.00	46511.13
1508.00	46637.51
1509.00	46036.00
1510.00	46267.71
1511.00	46424.53
1512.00	45834.71
1513.00	45698.96
1514.00	45888.54
1515.00	45724.71
1516.00	45813.65
1517.00	45481.29
1518.00	45638.11
1519.00	45911.95
1520.00	45844.07
1521.00	45844.07
1522.00	45874.50
1523.00	45668.53
1524.00	45530.44
1525.00	45839.39
1526.00	46117.92
1527.00	45310.43
1528.00	45120.85
1529.00	45474.27
1530.00	45120.85
1531.00	45408.73
1532.00	45296.39
1533.00	45780.88
1534.00	45055.31
1535.00	45453.20
1536.00	45518.74
1537.00	45111.49
1538.00	45448.52
1539.00	45095.10
1540.00	44577.84
1541.00	44643.38
1542.00	44804.88
1543.00	45240.21
1544.00	45076.38
1545.00	45387.67
1546.00	44699.55
1547.00	44863.39
1548.00	44795.51
1549.00	44868.07
1550.00	44942.97
1551.00	44690.19
1552.00	44994.46
1553.00	44774.45
1554.00	44444.43
1555.00	44315.70
1556.00	43908.45
1557.00	44591.89
1558.00	44179.95
1559.00	44715.93
1560.00	44767.43
1561.00	44753.38
1562.00	44755.72
1563.00	44830.62
1564.00	44631.68
1565.00	44795.51
1566.00	44156.55
1567.00	44615.29
1568.00	44273.57
1569.00	44474.86
1570.00	43971.64
1571.00	44076.97
1572.00	43550.35
1573.00	43931.86
1574.00	44140.16
1575.00	44053.56
1576.00	44472.52
1577.00	44086.33
1578.00	43973.98
1579.00	44339.11
1580.00	43564.39
1581.00	44062.93
1582.00	43477.79
1583.00	43461.41
1584.00	43632.27
1585.00	43828.87
1586.00	43529.28
1587.00	43335.02
1588.00	43147.78
1589.00	43985.69
1590.00	43583.12
1591.00	43852.28
1592.00	43618.22
1593.00	44027.82
1594.00	43562.05
1595.00	43522.26
1596.00	43271.82
1597.00	43578.43
1598.00	42944.15
1599.00	42962.87
1600.00	43346.72
1601.00	43203.95
1602.00	43187.56
1603.00	43227.35
1604.00	42899.68
1605.00	43613.54
1606.00	43346.72
1607.00	43325.66
1608.00	42752.23
1609.00	42733.50
1610.00	42298.16
1611.00	42768.61
1612.00	42590.73
1613.00	42941.81
1614.00	42972.24
1615.00	42813.08
1616.00	42616.47
1617.00	42682.01
1618.00	42937.13
1619.00	42707.76
1620.00	42944.15
1621.00	43117.35
1622.00	42691.37
1623.00	42871.59
1624.00	42616.47
1625.00	42529.87
1626.00	42857.55
1627.00	42096.88
1628.00	42188.16
1629.00	41839.42
1630.00	42272.42
1631.00	42078.15
1632.00	41986.87
1633.00	41804.31
1634.00	42391.78
1635.00	42349.65
1636.00	42693.71
1637.00	42190.50
1638.00	42417.53
1639.00	42054.75
1640.00	41984.53
1641.00	41720.05
1642.00	41869.84
1643.00	41846.44
1644.00	41453.23
1645.00	41827.71
1646.00	41579.62
1647.00	42113.26
1648.00	41453.23
1649.00	42476.04
1650.00	41298.75
1651.00	41715.37
1652.00	41757.50
1653.00	41722.39
1654.00	41933.04
1655.00	41593.66
1656.00	41532.81
1657.00	41268.33
1658.00	41619.41
1659.00	41102.15
1660.00	41483.66
1661.00	41205.13
1662.00	41045.97
1663.00	41083.42
1664.00	41038.95
1665.00	41429.82
1666.00	41750.48
1667.00	41867.50
1668.00	41219.17
1669.00	41588.98
1670.00	40879.80
1671.00	41350.24
1672.00	41120.87
1673.00	40964.06
1674.00	40641.06
1675.00	40610.64
1676.00	40308.71
1677.00	40905.54
1678.00	40854.05
1679.00	41228.54
1680.00	40823.62
1681.00	40594.25
1682.00	40692.55
1683.00	40863.41
1684.00	40477.22
1685.00	40456.16
1686.00	41158.32
1687.00	40442.12
1688.00	40421.05
1689.00	40631.70
1690.00	40610.64
1691.00	39908.47
1692.00	40114.44
1693.00	40374.24
1694.00	40648.08
1695.00	40053.59
1696.00	40100.40
1697.00	40467.86
1698.00	41305.77
1699.00	40378.92
1700.00	39889.75
1701.00	40081.67
1702.00	40128.48
1703.00	39962.31
1704.00	39613.57
1705.00	40430.41
1706.00	39482.50
1707.00	39962.31
1708.00	39491.86
1709.00	39856.98
1710.00	39758.68
1711.00	39784.43
1712.00	39620.59
1713.00	40112.10
1714.00	39632.29
1715.00	39660.38
1716.00	39335.04
1717.00	39363.13
1718.00	39367.81
1719.00	39409.94
1720.00	39688.46
1721.00	39377.17
1722.00	39119.71
1723.00	39103.33
1724.00	38873.96
1725.00	38588.41
1726.00	38677.35
1727.00	39152.48
1728.00	39082.27
1729.00	38721.82
1730.00	38850.55
1731.00	38857.57
1732.00	39161.84
1733.00	38569.69
1734.00	38277.12
1735.00	38373.08
1736.00	38394.15
1737.00	38150.73
1738.00	38185.84
1739.00	37928.38
1740.00	37731.78
1741.00	37982.21
1742.00	38213.93
1743.00	38354.36
1744.00	37689.65
1745.00	38108.60
1746.00	37848.80
1747.00	38274.78
1748.00	37881.57
1749.00	37649.86
1750.00	37708.37
1751.00	37916.68
1752.00	37806.67
1753.00	36907.91
1754.00	37647.52
1755.00	37567.94
1756.00	37329.20
1757.00	37312.82
1758.00	37165.37
1759.00	36769.82
1760.00	37556.24
1761.00	37301.12
1762.00	37659.22
1763.00	37509.43
1764.00	37041.32
1765.00	37125.58
1766.00	36723.01
1767.00	36655.13
1768.00	36282.98
1769.00	36999.19
1770.00	36666.83
1771.00	36711.30
1772.00	36533.42
1773.00	36364.90
1774.00	37036.64
1775.00	36392.99
1776.00	36198.73
1777.00	36369.58
1778.00	35990.42
1779.00	36411.71
1780.00	36280.64
1781.00	35915.52
1782.00	36041.91
1783.00	35819.56
1784.00	35529.33
1785.00	35330.39
1786.00	35604.23
1787.00	35204.00
1788.00	35416.99
1789.00	35576.14
1790.00	35679.13
1791.00	35522.31
1792.00	35473.16
1793.00	35409.96
1794.00	35414.65
1795.00	35625.29
1796.00	35255.49
1797.00	35182.93
1798.00	35255.49
1799.00	35227.40
1800.00	35194.64
1801.00	34801.43
1802.00	34408.22
1803.00	34476.09
1804.00	34668.02
1805.00	34279.49
1806.00	34618.86
1807.00	34333.32
1808.00	34136.71
1809.00	34602.48
1810.00	34230.33
1811.00	33823.08
1812.00	34005.64
1813.00	34319.28
1814.00	33944.79
1815.00	34150.76
1816.00	33813.72
1817.00	33787.97
1818.00	34122.67
1819.00	33596.05
1820.00	33542.22
1821.00	33589.03
1822.00	33429.87
1823.00	32786.22
1824.00	33172.41
1825.00	32861.12
1826.00	32987.51
1827.00	33345.61
1828.00	33067.09
1829.00	32671.54
1830.00	33188.80
1831.00	31838.31
1832.00	32772.18
1833.00	32884.53
1834.00	32683.24
1835.00	32491.32
1836.00	32804.95
1837.00	32004.49
1838.00	32196.41
1839.00	31613.62
1840.00	32184.71
1841.00	31889.80
1842.00	31824.26
1843.00	31512.97
1844.00	31356.16
1845.00	31384.24
1846.00	31431.05
1847.00	31601.91
1848.00	31541.06
1849.00	31222.75
1850.00	30883.37
1851.00	31028.48
1852.00	30848.26
1853.00	30543.99
1854.00	30520.59
1855.00	30291.21
1856.00	30342.70
1857.00	30237.38
1858.00	30272.49
1859.00	29895.66
1860.00	29982.26
1861.00	30230.36
1862.00	29905.02
1863.00	30015.03
1864.00	30199.93
1865.00	29755.23
1866.00	29633.52
1867.00	29724.80
1868.00	29738.85
1869.00	29322.23
1870.00	29429.90
1871.00	29432.24
1872.00	29099.88
1873.00	29294.14
1874.00	28973.49
1875.00	28746.46
1876.00	28882.21
1877.00	28533.47
1878.00	28603.69
1879.00	28528.79
1880.00	28694.97
1881.00	28559.22
1882.00	28615.39
1883.00	28315.80
1884.00	28252.61
1885.00	28421.13
1886.00	28180.05
1887.00	28173.03
1888.00	27608.96
1889.00	27875.78
1890.00	27435.76
1891.00	27440.44
1892.00	27520.02
1893.00	27407.67
1894.00	27147.87
1895.00	26902.12
1896.00	27112.77
1897.00	27068.30
1898.00	26984.04
1899.00	27061.27
1900.00	26930.20
1901.00	26841.26
1902.00	26848.29
1903.00	26443.37
1904.00	26265.49
1905.00	26162.51
1906.00	26677.43
1907.00	25933.14
1908.00	25991.65
1909.00	25692.06
1910.00	25792.70
1911.00	25727.17
1912.00	25455.67
1913.00	25804.41
1914.00	25729.51
1915.00	25539.93
1916.00	25654.61
1917.00	25572.69
1918.00	25312.89
1919.00	25359.70
1920.00	25450.99
1921.00	25509.50
1922.00	25139.69
1923.00	25369.07
1924.00	24802.66
1925.00	24479.66
1926.00	24479.66
1927.00	24233.91
1928.00	24173.05
1929.00	24156.67
1930.00	24044.32
1931.00	24474.98
1932.00	24023.26
1933.00	24208.16
1934.00	24116.88
1935.00	24201.14
1936.00	23906.23
1937.00	23941.34
1938.00	24086.45
1939.00	23672.18
1940.00	23772.82
1941.00	23491.96
1942.00	23695.58
1943.00	23381.95
1944.00	23136.20
1945.00	22988.74
1946.00	22848.31
1947.00	22714.90
1948.00	22602.55
1949.00	22375.52
1950.00	22593.19
1951.00	22572.13
1952.00	22284.24
1953.00	22284.24
1954.00	22518.29
1955.00	22466.80
1956.00	22305.31
1957.00	22314.67
1958.00	22129.77
1959.00	22513.61
1960.00	22078.27
1961.00	21645.27
1962.00	22022.10
1963.00	21752.94
1964.00	21556.33
1965.00	21310.58
1966.00	21263.77
1967.00	21034.39
1968.00	20812.04
1969.00	21319.94
1970.00	21118.65
1971.00	21074.18
1972.00	21130.36
1973.00	21081.21
1974.00	20837.79
1975.00	20964.18
1976.00	20772.25
1977.00	20725.44
1978.00	20350.96
1979.00	20802.68
1980.00	20620.12
1981.00	20095.84
1982.00	20130.95
1983.00	19845.40
1984.00	19981.15
1985.00	19690.93
1986.00	19592.62
1987.00	19459.21
1988.00	19688.59
1989.00	19405.38
1990.00	19187.71
1991.00	19417.08
1992.00	19307.08
1993.00	19243.88
1994.00	19075.37
1995.00	19466.24
1996.00	18988.77
1997.00	19253.25
1998.00	19161.97
1999.00	18752.37
2000.00	18658.75
2001.00	18703.22
2002.00	18384.91
2003.00	18471.51
2004.00	18501.93
2005.00	18031.49
2006.00	18064.25
2007.00	18129.79
2008.00	18038.51
2009.00	18141.49
2010.00	17853.61
2011.00	17914.46
2012.00	18113.41
2013.00	17792.75
2014.00	17640.62
2015.00	17331.67
2016.00	17497.84
2017.00	17469.76
2018.00	17301.24
2019.00	17116.34
2020.00	17249.75
2021.00	17039.10
2022.00	17090.59
2023.00	16840.15
2024.00	16748.87
2025.00	16573.33
2026.00	16786.32
2027.00	16594.40
2028.00	16444.60
2029.00	16395.45
2030.00	16659.93
2031.00	16622.48
2032.00	16552.27
2033.00	16704.40
2034.00	16159.06
2035.00	16177.78
2036.00	16060.76
2037.00	15995.22
2038.00	16039.69
2039.00	15939.05
2040.00	16177.78
2041.00	15737.76
2042.00	15646.48
2043.00	15665.21
2044.00	15529.45
2045.00	15353.91
2046.00	15742.44
2047.00	15424.13
