0.00	1032.18
1.00	1032.18
2.00	1032.18
3.00	917.49
4.00	924.51
5.00	959.62
6.00	952.60
7.00	976.00
8.00	910.47
9.00	929.19
10.00	971.32
11.00	973.66
12.00	889.40
13.00	929.19
14.00	917.49
15.00	1071.97
16.00	980.68
17.00	971.32
18.00	999.41
19.00	940.90
20.00	1008.77
21.00	1004.09
22.00	945.58
23.00	1011.11
24.00	1086.01
25.00	1343.47
26.00	1385.60
27.00	1483.90
28.00	1418.36
29.00	1432.41
30.00	1423.05
31.00	1376.24
32.00	1523.69
33.00	1446.45
34.00	1481.56
35.00	1504.96
36.00	1483.90
37.00	1591.56
38.00	1591.56
39.00	1558.80
40.00	1565.82
41.00	1575.18
42.00	1507.30
43.00	1575.18
44.00	1589.22
45.00	1638.38
46.00	1633.69
47.00	1610.29
48.00	1577.52
49.00	1589.22
50.00	1631.35
51.00	1607.95
52.00	1600.93
53.00	1713.27
54.00	1657.10
55.00	1631.35
56.00	1671.14
57.00	1706.25
58.00	1682.85
59.00	1732.00
60.00	1675.82
61.00	1767.10
62.00	1673.48
63.00	1692.21
64.00	1678.16
65.00	1732.00
66.00	1710.93
67.00	1746.04
68.00	1717.95
69.00	1764.76
70.00	1788.17
71.00	1732.00
72.00	1757.74
73.00	1732.00
74.00	1818.60
75.00	1799.87
76.00	1762.42
77.00	1774.13
78.00	1729.66
79.00	1863.07
80.00	1858.39
81.00	1729.66
82.00	1834.98
83.00	1827.96
84.00	1856.04
85.00	1764.76
86.00	1825.62
87.00	1844.34
88.00	1902.86
89.00	1900.52
90.00	1834.98
91.00	1820.94
92.00	1933.28
93.00	1933.28
94.00	1891.15
95.00	1872.43
96.00	1912.22
97.00	1879.45
98.00	1968.39
99.00	1902.86
100.00	1900.52
101.00	1933.28
102.00	1860.73
103.00	2047.97
104.00	1991.80
105.00	1947.33
106.00	1952.01
107.00	1977.75
108.00	1963.71
109.00	1987.11
110.00	2036.27
111.00	2033.93
112.00	2012.86
113.00	2064.35
114.00	2031.58
115.00	2092.44
116.00	2029.24
117.00	2033.93
118.00	1982.43
119.00	2076.06
120.00	2062.01
121.00	2080.74
122.00	2167.34
123.00	2092.44
124.00	2069.03
125.00	2115.84
126.00	2235.21
127.00	2113.50
128.00	2162.66
129.00	2111.16
130.00	2186.06
131.00	2279.68
132.00	2195.42
133.00	2312.45
134.00	2146.27
135.00	2125.21
136.00	2277.34
137.00	2239.89
138.00	2331.17
139.00	2312.45
140.00	2275.00
141.00	2263.30
142.00	2282.02
143.00	2214.15
144.00	2333.51
145.00	2326.49
146.00	2312.45
147.00	2335.85
148.00	2392.03
149.00	2436.50
150.00	2401.39
151.00	2356.92
152.00	2272.66
153.00	2415.43
154.00	2450.54
155.00	2424.80
156.00	2581.61
157.00	2485.65
158.00	2434.16
159.00	2539.48
160.00	2441.18
161.00	2455.22
162.00	2527.78
163.00	2551.18
164.00	2455.22
165.00	2612.04
166.00	2544.16
167.00	2628.42
168.00	2565.23
169.00	2616.72
170.00	2731.41
171.00	2595.65
172.00	2651.83
173.00	2693.96
174.00	2668.21
175.00	2675.23
176.00	2658.85
177.00	2693.96
178.00	2677.57
179.00	2764.17
180.00	2743.11
181.00	2717.36
182.00	2857.79
183.00	2848.43
184.00	2829.71
185.00	2780.56
186.00	2825.03
187.00	2853.11
188.00	2834.39
189.00	2843.75
190.00	2850.77
191.00	2920.99
192.00	2970.14
193.00	2951.42
194.00	2960.78
195.00	2998.23
196.00	3136.32
197.00	3045.04
198.00	3014.61
199.00	3047.38
200.00	3014.61
201.00	3178.45
202.00	3112.91
203.00	3220.58
204.00	3180.79
205.00	3166.74
206.00	3133.98
207.00	3094.19
208.00	3206.53
209.00	3248.66
210.00	3290.79
211.00	3265.05
212.00	3225.26
213.00	3241.64
214.00	3337.60
215.00	3335.26
216.00	3351.65
217.00	3363.35
218.00	3335.26
219.00	3351.65
220.00	3405.48
221.00	3426.54
222.00	3405.48
223.00	3475.70
224.00	3466.33
225.00	3604.42
226.00	3449.95
227.00	3503.78
228.00	3548.25
229.00	3501.44
230.00	3506.12
231.00	3585.70
232.00	3770.60
233.00	3676.98
234.00	3653.58
235.00	3660.60
236.00	3637.19
237.00	3775.28
238.00	3852.52
239.00	3831.46
240.00	3913.38
241.00	4056.15
242.00	3974.23
243.00	3990.61
244.00	3901.67
245.00	4028.06
246.00	4011.68
247.00	4091.26
248.00	4091.26
249.00	4053.81
250.00	4201.26
251.00	4273.82
252.00	4231.69
253.00	4301.90
254.00	4194.24
255.00	4430.63
256.00	4397.87
257.00	4311.27
258.00	4383.82
259.00	4372.12
260.00	4571.07
261.00	4425.95
262.00	4425.95
263.00	4622.56
264.00	4376.80
265.00	4638.94
266.00	4615.54
267.00	4535.96
268.00	4746.61
269.00	4706.82
270.00	4713.84
271.00	4816.82
272.00	4830.87
273.00	5062.58
274.00	4835.55
275.00	5027.47
276.00	4924.49
277.00	4973.64
278.00	4952.57
279.00	4873.00
280.00	5011.09
281.00	4924.49
282.00	5025.13
283.00	4858.95
284.00	5207.69
285.00	5163.22
286.00	5018.11
287.00	5317.70
288.00	5102.37
289.00	5041.51
290.00	5088.32
291.00	5221.74
292.00	5153.86
293.00	5123.43
294.00	5245.14
295.00	5245.14
296.00	5287.27
297.00	5362.17
298.00	5219.39
299.00	5287.27
300.00	5226.42
301.00	5149.18
302.00	5135.14
303.00	5104.71
304.00	5268.55
305.00	5322.38
306.00	5448.77
307.00	5334.08
308.00	5254.50
309.00	5336.42
310.00	5313.02
311.00	5371.53
312.00	5320.04
313.00	5385.57
314.00	5345.78
315.00	5448.77
316.00	5343.44
317.00	5607.92
318.00	5303.65
319.00	5540.05
320.00	5476.85
321.00	5600.90
322.00	5556.43
323.00	5558.77
324.00	5703.89
325.00	5729.63
326.00	5518.98
327.00	5825.59
328.00	5778.78
329.00	5448.77
330.00	5640.69
331.00	5657.07
332.00	5673.46
333.00	5563.45
334.00	5680.48
335.00	5860.70
336.00	6031.56
337.00	5753.04
338.00	5811.55
339.00	5738.99
340.00	5853.68
341.00	5961.34
342.00	6036.24
343.00	6003.47
344.00	6038.58
345.00	5940.28
346.00	6080.71
347.00	5996.45
348.00	6106.46
349.00	6195.40
350.00	6249.23
351.00	6080.71
352.00	6164.97
353.00	6136.88
354.00	6218.80
355.00	6291.36
356.00	6274.98
357.00	6333.49
358.00	6232.85
359.00	6532.44
360.00	6480.94
361.00	6392.00
362.00	6417.75
363.00	6471.58
364.00	6377.96
365.00	6396.68
366.00	6359.24
367.00	6541.80
368.00	6504.35
369.00	6761.81
370.00	6387.32
371.00	6487.96
372.00	6497.33
373.00	6707.98
374.00	6654.14
375.00	6738.40
376.00	6857.77
377.00	6817.98
378.00	6693.93
379.00	7009.90
380.00	6923.30
381.00	6909.26
382.00	7082.46
383.00	7037.99
384.00	7316.51
385.00	7255.66
386.00	7225.23
387.00	7372.69
388.00	7353.96
389.00	7290.77
390.00	7396.09
391.00	7424.18
392.00	7435.88
393.00	7510.78
394.00	7520.14
395.00	7590.36
396.00	7761.22
397.00	7470.99
398.00	7850.16
399.00	7747.17
400.00	7817.39
401.00	7777.60
402.00	7782.28
403.00	7880.58
404.00	7896.97
405.00	7967.18
406.00	8042.08
407.00	8147.40
408.00	7822.07
409.00	7625.47
410.00	7932.08
411.00	8086.55
412.00	8018.68
413.00	7927.39
414.00	8121.66
415.00	8145.06
416.00	7950.80
417.00	8018.68
418.00	8161.45
419.00	8173.15
420.00	8161.45
421.00	8053.78
422.00	8102.93
423.00	8327.63
424.00	8023.36
425.00	8095.91
426.00	8318.26
427.00	7932.08
428.00	8042.08
429.00	8091.23
430.00	8142.72
431.00	8116.98
432.00	8264.43
433.00	8292.52
434.00	8262.09
435.00	8344.01
436.00	8383.80
437.00	8355.71
438.00	8402.52
439.00	8547.64
440.00	8659.98
441.00	8512.53
442.00	8557.00
443.00	8477.42
444.00	8538.27
445.00	8718.50
446.00	8645.94
447.00	8739.56
448.00	8615.51
449.00	8655.30
450.00	8589.77
451.00	8786.37
452.00	8753.60
453.00	8575.72
454.00	8589.77
455.00	8823.82
456.00	8929.14
457.00	8987.66
458.00	8999.36
459.00	8922.12
460.00	8863.61
461.00	8870.63
462.00	8872.97
463.00	8851.91
464.00	8837.86
465.00	9212.35
466.00	9057.87
467.00	8973.61
468.00	9205.33
469.00	9212.35
470.00	9378.53
471.00	9188.94
472.00	9151.49
473.00	9413.63
474.00	9327.03
475.00	9298.95
476.00	9516.62
477.00	9427.68
478.00	9797.48
479.00	9666.41
480.00	9802.16
481.00	9561.09
482.00	9736.63
483.00	9839.61
484.00	9638.33
485.00	10022.17
486.00	9682.80
487.00	9816.21
488.00	9731.95
489.00	9844.29
490.00	9856.00
491.00	9844.29
492.00	9795.14
493.00	10017.49
494.00	10083.03
495.00	10289.00
496.00	9949.62
497.00	9937.91
498.00	9921.53
499.00	10040.90
500.00	10300.70
501.00	10298.36
502.00	10183.67
503.00	10104.09
504.00	10263.25
505.00	10361.55
506.00	10272.61
507.00	10476.24
508.00	10457.51
509.00	10560.50
510.00	10642.42
511.00	10590.92
512.00	10450.49
513.00	10382.62
514.00	10806.25
515.00	10487.94
516.00	10789.87
517.00	10626.03
518.00	10633.05
519.00	10640.08
520.00	10579.22
521.00	10934.98
522.00	10878.81
523.00	10630.71
524.00	10780.51
525.00	10820.30
526.00	11117.54
527.00	10895.19
528.00	10890.51
529.00	11154.99
530.00	10813.28
531.00	11262.66
532.00	10759.44
533.00	11005.20
534.00	11035.63
535.00	11199.46
536.00	11281.38
537.00	10796.89
538.00	11176.06
539.00	11115.20
540.00	11131.59
541.00	11105.84
542.00	11241.59
543.00	11424.15
544.00	11468.62
545.00	11417.13
546.00	11353.94
547.00	11400.75
548.00	11564.59
549.00	11485.01
550.00	11428.84
551.00	11571.61
552.00	11665.23
553.00	11625.44
554.00	11548.20
555.00	11637.14
556.00	11997.59
557.00	11480.33
558.00	12079.50
559.00	11995.25
560.00	12035.03
561.00	12313.56
562.00	12428.24
563.00	12063.12
564.00	12360.37
565.00	12166.10
566.00	12191.85
567.00	12781.67
568.00	12477.40
569.00	12400.16
570.00	12578.04
571.00	12765.28
572.00	12755.92
573.00	12762.94
574.00	12727.83
575.00	12769.96
576.00	13053.17
577.00	13050.83
578.00	13149.13
579.00	13027.42
580.00	13205.30
581.00	13362.12
582.00	13163.17
583.00	13434.68
584.00	13357.44
585.00	13584.47
586.00	13701.50
587.00	13671.07
588.00	13846.61
589.00	13654.69
590.00	13832.57
591.00	14200.03
592.00	13839.59
593.00	14087.68
594.00	14780.48
595.00	14398.98
596.00	14637.71
597.00	14665.80
598.00	14661.12
599.00	14576.86
600.00	15178.37
601.00	15105.82
602.00	15232.21
603.00	15283.70
604.00	15431.15
605.00	15475.62
606.00	15957.77
607.00	15679.25
608.00	15784.57
609.00	15988.20
610.00	15510.73
611.00	16161.40
612.00	16119.27
613.00	16018.63
614.00	16264.38
615.00	16629.51
616.00	16662.27
617.00	17039.10
618.00	16734.83
619.00	17090.59
620.00	16844.84
621.00	17186.55
622.00	17551.68
623.00	17916.80
624.00	17961.27
625.00	17668.70
626.00	18099.36
627.00	18122.77
628.00	17947.23
629.00	18366.18
630.00	18572.15
631.00	18728.97
632.00	18630.66
633.00	18878.76
634.00	18815.57
635.00	19199.41
636.00	19187.71
637.00	19541.13
638.00	19761.14
639.00	19571.56
640.00	19707.31
641.00	19964.77
642.00	19812.63
643.00	20322.87
644.00	20313.51
645.00	20704.38
646.00	20507.77
647.00	20699.70
648.00	21034.39
649.00	21289.51
650.00	21071.84
651.00	21621.87
652.00	21528.25
653.00	21518.89
654.00	21970.61
655.00	22036.14
656.00	22118.06
657.00	22101.68
658.00	22485.53
659.00	22391.91
660.00	23075.34
661.00	23168.96
662.00	22841.29
663.00	23051.94
664.00	23419.40
665.00	23337.48
666.00	23056.62
667.00	23817.29
668.00	23850.06
669.00	23639.41
670.00	23885.17
671.00	24154.33
672.00	24517.11
673.00	24917.34
674.00	24620.10
675.00	25195.87
676.00	24767.55
677.00	25003.94
678.00	24947.77
679.00	25226.29
680.00	25256.72
681.00	25495.46
682.00	25692.06
683.00	25633.55
684.00	26092.29
685.00	25626.53
686.00	26242.09
687.00	26256.13
688.00	26572.10
689.00	26527.63
690.00	26366.13
691.00	26824.88
692.00	27016.80
693.00	27243.84
694.00	27360.86
695.00	27543.42
696.00	27821.95
697.00	27852.38
698.00	27646.41
699.00	28554.54
700.00	28194.09
701.00	28238.56
702.00	28369.63
703.00	28276.01
704.00	28315.80
705.00	28821.36
706.00	28580.28
707.00	28929.02
708.00	29291.80
709.00	29137.33
710.00	29734.17
711.00	29106.90
712.00	29212.23
713.00	29593.73
714.00	29652.25
715.00	29610.12
716.00	30366.11
717.00	30192.91
718.00	30284.19
719.00	30120.35
720.00	30195.25
721.00	30455.05
722.00	30520.59
723.00	30551.01
724.00	31182.96
725.00	30976.99
726.00	30930.18
727.00	31072.95
728.00	31318.71
729.00	30927.84
730.00	31187.64
731.00	31531.70
732.00	31475.52
733.00	31665.11
734.00	31786.82
735.00	31182.96
736.00	31988.10
737.00	31775.11
738.00	31779.79
739.00	32341.52
740.00	32163.64
741.00	32446.85
742.00	31803.20
743.00	32357.91
744.00	32713.67
745.00	32870.48
746.00	32959.42
747.00	33331.57
748.00	33394.76
749.00	33022.62
750.00	33039.00
751.00	33060.07
752.00	32811.97
753.00	33886.28
754.00	33413.49
755.00	33656.90
756.00	33717.76
757.00	33687.33
758.00	33315.19
759.00	33750.52
760.00	33921.38
761.00	34389.49
762.00	34539.29
763.00	34239.70
764.00	34480.77
765.00	34267.78
766.00	34686.74
767.00	34658.65
768.00	34457.37
769.00	34684.40
770.00	34827.17
771.00	35213.36
772.00	35129.10
773.00	34930.16
774.00	34998.03
775.00	34857.60
776.00	34958.24
777.00	35723.60
778.00	35601.89
779.00	35899.14
780.00	35903.82
781.00	35569.12
782.00	35878.07
783.00	36149.57
784.00	35952.97
785.00	36374.27
786.00	36409.37
787.00	36119.15
788.00	36210.43
789.00	36961.74
790.00	36477.25
791.00	36875.14
792.00	37078.77
793.00	37116.22
794.00	37078.77
795.00	36807.26
796.00	37085.79
797.00	37401.76
798.00	36844.71
799.00	36945.36
800.00	37677.94
801.00	37319.84
802.00	37483.68
803.00	37998.60
804.00	37605.39
805.00	37752.84
806.00	37949.45
807.00	38007.96
808.00	37879.23
809.00	38199.88
810.00	38483.09
811.00	38323.93
812.00	38546.28
813.00	38447.98
814.00	38045.41
815.00	38387.13
816.00	38611.82
817.00	38843.53
818.00	38534.58
819.00	38866.94
820.00	38927.79
821.00	39360.79
822.00	38660.97
823.00	38953.54
824.00	39168.87
825.00	38815.44
826.00	39517.60
827.00	39075.24
828.00	39522.29
829.00	39206.31
830.00	39676.76
831.00	39447.39
832.00	39246.10
833.00	40060.61
834.00	39636.97
835.00	40203.38
836.00	39826.56
837.00	39683.78
838.00	40130.83
839.00	40076.99
840.00	39842.94
841.00	40446.80
842.00	40580.21
843.00	40697.24
844.00	40800.22
845.00	40388.28
846.00	40479.57
847.00	40472.54
848.00	40292.32
849.00	40566.16
850.00	41518.76
851.00	41116.19
852.00	40898.52
853.00	41230.88
854.00	41347.90
855.00	41123.21
856.00	41034.27
857.00	41221.52
858.00	41839.42
859.00	41666.22
860.00	41642.81
861.00	41680.26
862.00	41383.01
863.00	42422.21
864.00	41890.91
865.00	41525.78
866.00	42480.72
867.00	42316.89
868.00	42590.73
869.00	42066.45
870.00	42447.96
871.00	41944.74
872.00	42227.95
873.00	42120.28
874.00	42447.96
875.00	42623.50
876.00	42663.28
877.00	42988.62
878.00	42953.51
879.00	42719.46
880.00	42703.07
881.00	42834.14
882.00	42539.24
883.00	42373.06
884.00	42614.13
885.00	42843.51
886.00	43068.20
887.00	42925.42
888.00	43203.95
889.00	43236.72
890.00	43386.51
891.00	43187.56
892.00	43194.59
893.00	43957.60
894.00	43430.98
895.00	43040.11
896.00	43519.92
897.00	43564.39
898.00	43234.38
899.00	43775.04
900.00	43847.60
901.00	44163.57
902.00	43746.95
903.00	43585.46
904.00	43941.22
905.00	44203.36
906.00	44013.77
907.00	43835.89
908.00	44535.71
909.00	43601.84
910.00	44313.36
911.00	44755.72
912.00	44212.72
913.00	44018.46
914.00	44250.17
915.00	43983.35
916.00	44519.33
917.00	44442.09
918.00	45092.76
919.00	44872.75
920.00	44715.93
921.00	44875.09
922.00	44872.75
923.00	44774.45
924.00	44589.55
925.00	45081.06
926.00	45308.09
927.00	45160.64
928.00	45481.29
929.00	45214.47
930.00	45340.86
931.00	45308.09
932.00	45118.51
933.00	45251.92
934.00	45193.40
935.00	45191.06
936.00	45074.04
937.00	45783.22
938.00	45537.46
939.00	45118.51
940.00	45368.94
941.00	45841.73
942.00	45270.64
943.00	45762.15
944.00	45654.49
945.00	45720.02
946.00	45773.86
947.00	45780.88
948.00	45872.16
949.00	46309.84
950.00	45759.81
951.00	45989.19
952.00	46155.36
953.00	46192.81
954.00	46141.32
955.00	46398.78
956.00	46267.71
957.00	46511.13
958.00	45958.76
959.00	45888.54
960.00	46141.32
961.00	45401.71
962.00	46094.51
963.00	46314.52
964.00	46270.05
965.00	46841.14
966.00	46508.79
967.00	46796.67
968.00	47014.34
969.00	46478.36
970.00	46801.35
971.00	47253.08
972.00	47070.51
973.00	47236.69
974.00	47182.86
975.00	47271.80
976.00	47641.60
977.00	47042.43
978.00	47035.41
979.00	46756.88
980.00	47117.32
981.00	46909.02
982.00	47878.00
983.00	47419.25
984.00	47372.44
985.00	47913.11
986.00	47096.26
987.00	47068.17
988.00	47009.66
989.00	47653.31
990.00	46745.18
991.00	47594.79
992.00	47365.42
993.00	48376.53
994.00	47938.85
995.00	47952.90
996.00	47531.60
997.00	47445.00
998.00	47730.54
999.00	48027.79
1000.00	47870.98
1001.00	47924.81
1002.00	48098.01
1003.00	48219.72
1004.00	48240.78
1005.00	48161.20
1006.00	47704.80
1007.00	47983.32
1008.00	47714.16
1009.00	48170.57
1010.00	48261.85
1011.00	48484.20
1012.00	48713.57
1013.00	48346.11
1014.00	48041.84
1015.00	48402.28
1016.00	47992.68
1017.00	48224.40
1018.00	48446.75
1019.00	48732.29
1020.00	48446.75
1021.00	48779.10
1022.00	48882.09
1023.00	48509.94
1024.00	48875.07
1025.00	48348.45
1026.00	48421.00
1027.00	48863.36
1028.00	48573.14
1029.00	48605.91
1030.00	48926.56
1031.00	49132.53
1032.00	49333.81
1033.00	49242.53
1034.00	48554.41
1035.00	48734.63
1036.00	49008.48
1037.00	48493.56
1038.00	48978.05
1039.00	48751.02
1040.00	49132.53
1041.00	49008.48
1042.00	49109.12
1043.00	49209.76
1044.00	49191.04
1045.00	48727.61
1046.00	49158.27
1047.00	49406.37
1048.00	49106.78
1049.00	49378.28
1050.00	48921.88
1051.00	49694.25
1052.00	49890.86
1053.00	49312.75
1054.00	49738.72
1055.00	48996.77
1056.00	49460.20
1057.00	49305.73
1058.00	49661.49
1059.00	49460.20
1060.00	49563.18
1061.00	49523.40
1062.00	49647.44
1063.00	49418.07
1064.00	49308.07
1065.00	49516.37
1066.00	49408.71
1067.00	49420.41
1068.00	49148.91
1069.00	49862.77
1070.00	49867.45
1071.00	49715.32
1072.00	49815.96
1073.00	49647.44
1074.00	49879.16
1075.00	49703.62
1076.00	49621.70
1077.00	49230.83
1078.00	49731.70
1079.00	49909.58
1080.00	50115.55
1081.00	49825.32
1082.00	49827.66
1083.00	49656.81
1084.00	49977.46
1085.00	49333.81
1086.00	49975.12
1087.00	49502.33
1088.00	50375.35
1089.00	50117.89
1090.00	50054.70
1091.00	50117.89
1092.00	49694.25
1093.00	50347.26
1094.00	49773.83
1095.00	49577.23
1096.00	50000.86
1097.00	50012.57
1098.00	49900.22
1099.00	50429.18
1100.00	49881.50
1101.00	50129.59
1102.00	50192.79
1103.00	50073.42
1104.00	49876.82
1105.00	49879.16
1106.00	50082.78
1107.00	50167.04
1108.00	50129.59
1109.00	50239.60
1110.00	50356.63
1111.00	50529.83
1112.00	49975.12
1113.00	50321.52
1114.00	50042.99
1115.00	50206.83
1116.00	50099.17
1117.00	50185.77
1118.00	50185.77
1119.00	49766.81
1120.00	50241.94
1121.00	50117.89
1122.00	50110.87
1123.00	50560.25
1124.00	50155.34
1125.00	50068.74
1126.00	49862.77
1127.00	49542.12
1128.00	50241.94
1129.00	50365.99
1130.00	50047.68
1131.00	50511.10
1132.00	49865.11
1133.00	50131.93
1134.00	50075.76
1135.00	50085.12
1136.00	50096.83
1137.00	50155.34
1138.00	49916.61
1139.00	50131.93
1140.00	50286.41
1141.00	50480.67
1142.00	50216.19
1143.00	50557.91
1144.00	50621.11
1145.00	50522.80
1146.00	50117.89
1147.00	50520.46
1148.00	50309.82
1149.00	50218.53
1150.00	50017.25
1151.00	50323.86
1152.00	50520.46
1153.00	50714.73
1154.00	50356.63
1155.00	50593.02
1156.00	50197.47
1157.00	50178.75
1158.00	50248.96
1159.00	50251.30
1160.00	50326.20
1161.00	50752.18
1162.00	50066.40
1163.00	50337.90
1164.00	50181.09
1165.00	50810.69
1166.00	50494.72
1167.00	50431.52
1168.00	50447.91
1169.00	50136.62
1170.00	49792.56
1171.00	49930.65
1172.00	50213.85
1173.00	49928.31
1174.00	50490.04
1175.00	50461.95
1176.00	50586.00
1177.00	50330.88
1178.00	50050.02
1179.00	50012.57
1180.00	49579.57
1181.00	49888.52
1182.00	50101.51
1183.00	50059.38
1184.00	50094.49
1185.00	50635.15
1186.00	50555.57
1187.00	50539.19
1188.00	50438.54
1189.00	50195.13
1190.00	50127.25
1191.00	50527.48
1192.00	49640.42
1193.00	50298.11
1194.00	50085.12
1195.00	50227.90
1196.00	50480.67
1197.00	50752.18
1198.00	50630.47
1199.00	50010.23
1200.00	50284.07
1201.00	50255.98
1202.00	49764.47
1203.00	49860.43
1204.00	50403.44
1205.00	50017.25
1206.00	50108.53
1207.00	50258.32
1208.00	49944.69
1209.00	50225.56
1210.00	50536.85
1211.00	50052.36
1212.00	49673.19
1213.00	50131.93
1214.00	50106.19
1215.00	50059.38
1216.00	49984.48
1217.00	50162.36
1218.00	50569.61
1219.00	50246.62
1220.00	50604.72
1221.00	50220.87
1222.00	50005.55
1223.00	50337.90
1224.00	50106.19
1225.00	50131.93
1226.00	50059.38
1227.00	50349.60
1228.00	50103.85
1229.00	50106.19
1230.00	50047.68
1231.00	50307.47
1232.00	49918.95
1233.00	50047.68
1234.00	50101.51
1235.00	49720.00
1236.00	50124.91
1237.00	50277.05
1238.00	50197.47
1239.00	50391.73
1240.00	50075.76
1241.00	50450.25
1242.00	50375.35
1243.00	50838.78
1244.00	50330.88
1245.00	50244.28
1246.00	50045.33
1247.00	50237.26
1248.00	50307.47
1249.00	49937.67
1250.00	50033.63
1251.00	50321.52
1252.00	50749.84
1253.00	50227.90
1254.00	50518.12
1255.00	50623.45
1256.00	50553.23
1257.00	50447.91
1258.00	50471.31
1259.00	50181.09
1260.00	50150.66
1261.00	50178.75
1262.00	50618.77
1263.00	50527.48
1264.00	50752.18
1265.00	50541.53
1266.00	50480.67
1267.00	50270.03
1268.00	50564.93
1269.00	50625.79
1270.00	50202.15
1271.00	50363.65
1272.00	50541.53
1273.00	50567.27
1274.00	50319.18
1275.00	50307.47
1276.00	50878.57
1277.00	50335.56
1278.00	50333.22
1279.00	50515.78
1280.00	50398.76
1281.00	50181.09
1282.00	50550.89
1283.00	50475.99
1284.00	50141.30
1285.00	50307.47
1286.00	50632.81
1287.00	50246.62
1288.00	50972.19
1289.00	50286.41
1290.00	50525.14
1291.00	50281.73
1292.00	50047.68
1293.00	50382.37
1294.00	50454.93
1295.00	49820.64
1296.00	50134.28
1297.00	50693.66
1298.00	50475.99
1299.00	50363.65
1300.00	50518.12
1301.00	50038.31
1302.00	50831.75
1303.00	50358.97
1304.00	50260.66
1305.00	50138.96
1306.00	50223.22
1307.00	50181.09
1308.00	50286.41
1309.00	50223.22
1310.00	50174.06
1311.00	50190.45
1312.00	50468.97
1313.00	50590.68
1314.00	50553.23
1315.00	50246.62
1316.00	50398.76
1317.00	50239.60
1318.00	50211.51
1319.00	50246.62
1320.00	50178.75
1321.00	50808.35
1322.00	50270.03
1323.00	50534.51
1324.00	50351.94
1325.00	50576.64
1326.00	50553.23
1327.00	50501.74
1328.00	50361.31
1329.00	50223.22
1330.00	50124.91
1331.00	50078.10
1332.00	50389.39
1333.00	50183.43
1334.00	50440.89
1335.00	50710.05
1336.00	50452.59
1337.00	50274.71
1338.00	50457.27
1339.00	50197.47
1340.00	49918.95
1341.00	50019.59
1342.00	50323.86
1343.00	49617.02
1344.00	50326.20
1345.00	50150.66
1346.00	49918.95
1347.00	50234.92
1348.00	50270.03
1349.00	49968.10
1350.00	50061.72
1351.00	50094.49
1352.00	50059.38
1353.00	49544.46
1354.00	49780.85
1355.00	49834.69
1356.00	49633.40
1357.00	49610.00
1358.00	49961.08
1359.00	49993.84
1360.00	50096.83
1361.00	49811.28
1362.00	50042.99
1363.00	49851.07
1364.00	50164.70
1365.00	49851.07
1366.00	50181.09
1367.00	49359.56
1368.00	49577.23
1369.00	49249.55
1370.00	49617.02
1371.00	49811.28
1372.00	49837.03
1373.00	50064.06
1374.00	49890.86
1375.00	49776.17
1376.00	49570.21
1377.00	49822.98
1378.00	49052.95
1379.00	49628.72
1380.00	49757.45
1381.00	49109.12
1382.00	49638.08
1383.00	49771.49
1384.00	49441.48
1385.00	49469.56
1386.00	49272.96
1387.00	49595.95
1388.00	49392.33
1389.00	49249.55
1390.00	49464.88
1391.00	49294.02
1392.00	49357.22
1393.00	49099.76
1394.00	48760.38
1395.00	49193.38
1396.00	49272.96
1397.00	49380.62
1398.00	49298.70
1399.00	49577.23
1400.00	49385.30
1401.00	49382.96
1402.00	48870.39
1403.00	49141.89
1404.00	49045.93
1405.00	48488.88
1406.00	49052.95
1407.00	48964.01
1408.00	49382.96
1409.00	48725.27
1410.00	49017.84
1411.00	49745.75
1412.00	48912.52
1413.00	49193.38
1414.00	48912.52
1415.00	48762.72
1416.00	48854.00
1417.00	48725.27
1418.00	48664.42
1419.00	48959.33
1420.00	48285.25
1421.00	48870.39
1422.00	48355.47
1423.00	48519.31
1424.00	48596.54
1425.00	48884.43
1426.00	48608.25
1427.00	48804.85
1428.00	48383.55
1429.00	48095.67
1430.00	48275.89
1431.00	48622.29
1432.00	48186.95
1433.00	47952.90
1434.00	48189.29
1435.00	48460.79
1436.00	48612.93
1437.00	48252.48
1438.00	48739.32
1439.00	48311.00
1440.00	48325.04
1441.00	48196.31
1442.00	48280.57
1443.00	48453.77
1444.00	47629.90
1445.00	47522.24
1446.00	47559.69
1447.00	47810.12
1448.00	48105.03
1449.00	47721.18
1450.00	48081.63
1451.00	48034.81
1452.00	48273.55
1453.00	47714.16
1454.00	48030.13
1455.00	47941.19
1456.00	47632.24
1457.00	47388.83
1458.00	47381.80
1459.00	47613.52
1460.00	47578.41
1461.00	47531.60
1462.00	48112.05
1463.00	47800.76
1464.00	47484.79
1465.00	47622.88
1466.00	47695.44
1467.00	47351.38
1468.00	47672.03
1469.00	46934.76
1470.00	47157.11
1471.00	47161.79
1472.00	47112.64
1473.00	47292.86
1474.00	46742.84
1475.00	47157.11
1476.00	46920.72
1477.00	47320.95
1478.00	47311.59
1479.00	47002.64
1480.00	47330.31
1481.00	46969.87
1482.00	46829.44
1483.00	47040.09
1484.00	46719.43
1485.00	46691.35
1486.00	46223.24
1487.00	46480.70
1488.00	46426.87
1489.00	46712.41
1490.00	46483.04
1491.00	46955.83
1492.00	46705.39
1493.00	46443.25
1494.00	46555.60
1495.00	46880.93
1496.00	46525.17
1497.00	46340.27
1498.00	46419.84
1499.00	46452.61
1500.00	46302.82
1501.00	46197.49
1502.00	46342.61
1503.00	46557.94
1504.00	45942.38
1505.00	46630.49
1506.00	46476.02
1507.00	46511.13
1508.00	45918.97
1509.00	46190.47
1510.00	45553.85
1511.00	45935.35
1512.00	45565.55
1513.00	45935.35
1514.00	46415.16
1515.00	45731.73
1516.00	45598.32
1517.00	45855.78
1518.00	46057.06
1519.00	45827.69
1520.00	45556.19
1521.00	45993.87
1522.00	46087.49
1523.00	45443.84
1524.00	45420.44
1525.00	45574.91
1526.00	45074.04
1527.00	45698.96
1528.00	45258.94
1529.00	45907.27
1530.00	45034.25
1531.00	45436.82
1532.00	45794.92
1533.00	45378.31
1534.00	45324.47
1535.00	45476.61
1536.00	45397.03
1537.00	45455.54
1538.00	44734.66
1539.00	44832.96
1540.00	45057.65
1541.00	45272.98
1542.00	44949.99
1543.00	44809.56
1544.00	44994.46
1545.00	44896.16
1546.00	45010.84
1547.00	44898.50
1548.00	44928.92
1549.00	45474.27
1550.00	45041.27
1551.00	45116.17
1552.00	44631.68
1553.00	44584.86
1554.00	44392.94
1555.00	44404.64
1556.00	44545.08
1557.00	44666.78
1558.00	44282.94
1559.00	44259.53
1560.00	44816.58
1561.00	44460.82
1562.00	44760.40
1563.00	44690.19
1564.00	44587.21
1565.00	44423.37
1566.00	43959.94
1567.00	44336.77
1568.00	44130.80
1569.00	44488.90
1570.00	43885.04
1571.00	44135.48
1572.00	43622.90
1573.00	43992.71
1574.00	43604.18
1575.00	44032.50
1576.00	44465.50
1577.00	44060.58
1578.00	44210.38
1579.00	44275.91
1580.00	44060.58
1581.00	44009.09
1582.00	43835.89
1583.00	43887.39
1584.00	43278.85
1585.00	43227.35
1586.00	43695.46
1587.00	43203.95
1588.00	43250.76
1589.00	43805.47
1590.00	43477.79
1591.00	43964.62
1592.00	43761.00
1593.00	43508.22
1594.00	43276.51
1595.00	43641.63
1596.00	43669.72
1597.00	43367.79
1598.00	43133.73
1599.00	43269.48
1600.00	43091.60
1601.00	43304.59
1602.00	42965.21
1603.00	43040.11
1604.00	42749.88
1605.00	42873.93
1606.00	42733.50
1607.00	43098.62
1608.00	42923.08
1609.00	43138.41
1610.00	42740.52
1611.00	42518.17
1612.00	42670.31
1613.00	43014.37
1614.00	42775.63
1615.00	42962.87
1616.00	42721.80
1617.00	42684.35
1618.00	42602.43
1619.00	43007.34
1620.00	43131.39
1621.00	42892.66
1622.00	42822.44
1623.00	42651.58
1624.00	42216.24
1625.00	42773.29
1626.00	42333.27
1627.00	42623.50
1628.00	42092.19
1629.00	42019.64
1630.00	42071.13
1631.00	42153.05
1632.00	42412.85
1633.00	42017.30
1634.00	42674.99
1635.00	42139.00
1636.00	42593.07
1637.00	42260.71
1638.00	42450.30
1639.00	42064.11
1640.00	42089.85
1641.00	41689.62
1642.00	41577.28
1643.00	41823.03
1644.00	42029.00
1645.00	41572.60
1646.00	41684.94
1647.00	41748.14
1648.00	41998.57
1649.00	42017.30
1650.00	41333.86
1651.00	42036.02
1652.00	41827.71
1653.00	42319.23
1654.00	42057.09
1655.00	41565.57
1656.00	41827.71
1657.00	41205.13
1658.00	41083.42
1659.00	41008.53
1660.00	41120.87
1661.00	41455.57
1662.00	41343.22
1663.00	41027.25
1664.00	41469.61
1665.00	41598.34
1666.00	41270.67
1667.00	41209.81
1668.00	41275.35
1669.00	41368.97
1670.00	41137.26
1671.00	41153.64
1672.00	41315.14
1673.00	40781.49
1674.00	40786.18
1675.00	40851.71
1676.00	41043.63
1677.00	40840.01
1678.00	41251.94
1679.00	41139.60
1680.00	41027.25
1681.00	41254.28
1682.00	40739.36
1683.00	41067.04
1684.00	40797.88
1685.00	40624.68
1686.00	40758.09
1687.00	40500.63
1688.00	40306.37
1689.00	40472.54
1690.00	40535.74
1691.00	40392.97
1692.00	40254.87
1693.00	40142.53
1694.00	40034.86
1695.00	40041.88
1696.00	40144.87
1697.00	40498.29
1698.00	40219.77
1699.00	40030.18
1700.00	40128.48
1701.00	40084.01
1702.00	39709.53
1703.00	39548.03
1704.00	39786.77
1705.00	39934.22
1706.00	40037.20
1707.00	40006.78
1708.00	39449.73
1709.00	39761.02
1710.00	39533.99
1711.00	39578.46
1712.00	39686.12
1713.00	39854.64
1714.00	39833.58
1715.00	39782.09
1716.00	39732.93
1717.00	39138.44
1718.00	39264.83
1719.00	39714.21
1720.00	39126.74
1721.00	39398.24
1722.00	39203.97
1723.00	38948.85
1724.00	39108.01
1725.00	38438.62
1726.00	38988.64
1727.00	38864.60
1728.00	38873.96
1729.00	38967.58
1730.00	39225.04
1731.00	38986.30
1732.00	38749.91
1733.00	38424.57
1734.00	38541.60
1735.00	39098.65
1736.00	38380.10
1737.00	38188.18
1738.00	38195.20
1739.00	37762.20
1740.00	37970.51
1741.00	37809.01
1742.00	38321.59
1743.00	37949.45
1744.00	38040.73
1745.00	37979.87
1746.00	38017.32
1747.00	38323.93
1748.00	38071.15
1749.00	37687.31
1750.00	38223.29
1751.00	37275.37
1752.00	37804.33
1753.00	37085.79
1754.00	37385.38
1755.00	37219.20
1756.00	37450.91
1757.00	37319.84
1758.00	37069.40
1759.00	37425.17
1760.00	37813.70
1761.00	37638.15
1762.00	37390.06
1763.00	37591.34
1764.00	37048.34
1765.00	36760.45
1766.00	37230.90
1767.00	37127.92
1768.00	36828.33
1769.00	36641.09
1770.00	36360.22
1771.00	36706.62
1772.00	36458.52
1773.00	36601.30
1774.00	36247.88
1775.00	36182.34
1776.00	36126.17
1777.00	36147.23
1778.00	36252.56
1779.00	36100.42
1780.00	36194.04
1781.00	36140.21
1782.00	35786.79
1783.00	35796.15
1784.00	35655.72
1785.00	35709.55
1786.00	35360.81
1787.00	35365.49
1788.00	35974.03
1789.00	35487.20
1790.00	35646.36
1791.00	35424.01
1792.00	35388.90
1793.00	34892.71
1794.00	35297.62
1795.00	35271.87
1796.00	35646.36
1797.00	34983.99
1798.00	35412.31
1799.00	34969.94
1800.00	35199.32
1801.00	35028.46
1802.00	34873.98
1803.00	34471.41
1804.00	34298.21
1805.00	33778.61
1806.00	34546.31
1807.00	34492.47
1808.00	34120.33
1809.00	34494.82
1810.00	34302.89
1811.00	34377.79
1812.00	34199.91
1813.00	33961.17
1814.00	34279.49
1815.00	33731.80
1816.00	33776.27
1817.00	33544.56
1818.00	34033.73
1819.00	33507.11
1820.00	33298.80
1821.00	33359.66
1822.00	33149.01
1823.00	33085.81
1824.00	32662.18
1825.00	33099.86
1826.00	33046.02
1827.00	33165.39
1828.00	32891.55
1829.00	33118.58
1830.00	32952.40
1831.00	32044.27
1832.00	32840.06
1833.00	32921.98
1834.00	32524.08
1835.00	32404.72
1836.00	32367.27
1837.00	31814.90
1838.00	32149.60
1839.00	31847.67
1840.00	31945.97
1841.00	31800.86
1842.00	31793.84
1843.00	31674.47
1844.00	31669.79
1845.00	31709.58
1846.00	31325.73
1847.00	31325.73
1848.00	31625.32
1849.00	31103.38
1850.00	31000.40
1851.00	30855.28
1852.00	30934.86
1853.00	30773.36
1854.00	30405.90
1855.00	30132.06
1856.00	30431.65
1857.00	30309.94
1858.00	30319.30
1859.00	29795.02
1860.00	30218.66
1861.00	30160.14
1862.00	30036.09
1863.00	29961.20
1864.00	30244.40
1865.00	29872.26
1866.00	29933.11
1867.00	29350.32
1868.00	29553.94
1869.00	29893.32
1870.00	29315.21
1871.00	29579.69
1872.00	29076.48
1873.00	29181.80
1874.00	28666.88
1875.00	28802.63
1876.00	28950.09
1877.00	28673.90
1878.00	28636.45
1879.00	28243.24
1880.00	28367.29
1881.00	28601.35
1882.00	28503.04
1883.00	28393.04
1884.00	28133.24
1885.00	28297.08
1886.00	27723.65
1887.00	27882.80
1888.00	27754.07
1889.00	27779.82
1890.00	27555.13
1891.00	27363.20
1892.00	27421.72
1893.00	27552.79
1894.00	27314.05
1895.00	26969.99
1896.00	27028.51
1897.00	26911.48
1898.00	26789.77
1899.00	26941.91
1900.00	27407.67
1901.00	26801.47
1902.00	26761.69
1903.00	26464.44
1904.00	26471.46
1905.00	25977.61
1906.00	26118.04
1907.00	25759.94
1908.00	25759.94
1909.00	25813.77
1910.00	25764.62
1911.00	25781.00
1912.00	25710.78
1913.00	25699.08
1914.00	25589.08
1915.00	25806.75
1916.00	25710.78
1917.00	25497.80
1918.00	25092.88
1919.00	25577.37
1920.00	25404.17
1921.00	25434.60
1922.00	24966.49
1923.00	24975.86
1924.00	24615.41
1925.00	24313.48
1926.00	24491.37
1927.00	24240.93
1928.00	24107.52
1929.00	24114.54
1930.00	24236.25
1931.00	23990.49
1932.00	24329.87
1933.00	23976.45
1934.00	24018.58
1935.00	23953.04
1936.00	23953.04
1937.00	23693.24
1938.00	23709.63
1939.00	23826.65
1940.00	23765.80
1941.00	23543.45
1942.00	23515.36
1943.00	23215.77
1944.00	23049.60
1945.00	23206.41
1946.00	22852.99
1947.00	23005.13
1948.00	22609.58
1949.00	22305.31
1950.00	22342.75
1951.00	22499.57
1952.00	22448.08
1953.00	22410.63
1954.00	22324.03
1955.00	22373.18
1956.00	22490.21
1957.00	22403.61
1958.00	21834.86
1959.00	21790.39
1960.00	21879.33
1961.00	21979.97
1962.00	21848.90
1963.00	21579.74
1964.00	21727.19
1965.00	21120.99
1966.00	21142.06
1967.00	21069.50
1968.00	21280.15
1969.00	20896.30
1970.00	21113.97
1971.00	20968.86
1972.00	21050.78
1973.00	20858.85
1974.00	20992.26
1975.00	21078.86
1976.00	20786.30
1977.00	20528.84
1978.00	20542.88
1979.00	20292.44
1980.00	20327.55
1981.00	20217.55
1982.00	20163.72
1983.00	19847.74
1984.00	19850.08
1985.00	19679.22
1986.00	19601.99
1987.00	19616.03
1988.00	19513.05
1989.00	19389.00
1990.00	19461.55
1991.00	19206.44
1992.00	19405.38
1993.00	19260.27
1994.00	19344.53
1995.00	19304.74
1996.00	19185.37
1997.00	18799.18
1998.00	19016.85
1999.00	19154.94
2000.00	18635.35
2001.00	18785.14
2002.00	18548.75
2003.00	18434.06
2004.00	18410.65
2005.00	18005.74
2006.00	18008.08
2007.00	18108.72
2008.00	17942.55
2009.00	17884.03
2010.00	17994.04
2011.00	17996.38
2012.00	17799.77
2013.00	18108.72
2014.00	17844.24
2015.00	17621.89
2016.00	17750.62
2017.00	17378.48
2018.00	17706.15
2019.00	17413.59
2020.00	17582.10
2021.00	17226.34
2022.00	16884.62
2023.00	16943.14
2024.00	16753.55
2025.00	16723.13
2026.00	16603.76
2027.00	16648.23
2028.00	16575.67
2029.00	16409.50
2030.00	16666.95
2031.00	16622.48
2032.00	16673.98
2033.00	16554.61
2034.00	16376.73
2035.00	16388.43
2036.00	16184.80
2037.00	16306.51
2038.00	15915.64
2039.00	16149.70
2040.00	15913.30
2041.00	15889.90
2042.00	15641.80
2043.00	15896.92
2044.00	15594.99
2045.00	15147.95
2046.00	15419.45
2047.00	15293.06
