0.00	1107.07
1.00	1107.07
2.00	1107.07
3.00	1053.24
4.00	976.00
5.00	968.98
6.00	959.62
7.00	980.68
8.00	908.13
9.00	940.90
10.00	940.90
11.00	887.06
12.00	943.24
13.00	915.15
14.00	924.51
15.00	952.60
16.00	924.51
17.00	912.81
18.00	898.77
19.00	976.00
20.00	966.64
21.00	983.02
22.00	1022.81
23.00	1001.75
24.00	1186.65
25.00	1472.20
26.00	1432.41
27.00	1469.86
28.00	1519.01
29.00	1547.09
30.00	1577.52
31.00	1547.09
32.00	1453.47
33.00	1561.14
34.00	1561.14
35.00	1519.01
36.00	1533.05
37.00	1521.35
38.00	1584.54
39.00	1584.54
40.00	1556.46
41.00	1596.25
42.00	1633.69
43.00	1523.69
44.00	1666.46
45.00	1631.35
46.00	1584.54
47.00	1659.44
48.00	1605.61
49.00	1685.19
50.00	1607.95
51.00	1603.27
52.00	1727.32
53.00	1694.55
54.00	1636.03
55.00	1706.25
56.00	1750.72
57.00	1673.48
58.00	1666.46
59.00	1703.91
60.00	1729.66
61.00	1689.87
62.00	1774.13
63.00	1739.02
64.00	1694.55
65.00	1739.02
66.00	1739.02
67.00	1713.27
68.00	1732.00
69.00	1760.08
70.00	1781.15
71.00	1767.10
72.00	1830.30
73.00	1760.08
74.00	1809.23
75.00	1783.49
76.00	1865.41
77.00	1778.81
78.00	1764.76
79.00	1884.13
80.00	1914.56
81.00	1816.26
82.00	1806.89
83.00	1860.73
84.00	1856.04
85.00	1895.83
86.00	1830.30
87.00	1968.39
88.00	1825.62
89.00	1769.44
90.00	1811.57
91.00	1881.79
92.00	1902.86
93.00	1909.88
94.00	1902.86
95.00	1942.64
96.00	1912.22
97.00	1991.80
98.00	2043.29
99.00	1879.45
100.00	2059.67
101.00	2005.84
102.00	1968.39
103.00	1989.46
104.00	2012.86
105.00	1982.43
106.00	2010.52
107.00	2052.65
108.00	2073.71
109.00	2019.88
110.00	2029.24
111.00	1961.37
112.00	2066.69
113.00	2012.86
114.00	2064.35
115.00	1996.48
116.00	2019.88
117.00	2087.76
118.00	2132.23
119.00	2047.97
120.00	2165.00
121.00	2186.06
122.00	2235.21
123.00	2129.89
124.00	2202.44
125.00	2228.19
126.00	2193.08
127.00	2169.68
128.00	2134.57
129.00	2228.19
130.00	2265.64
131.00	2228.19
132.00	2172.02
133.00	2293.72
134.00	2279.68
135.00	2242.23
136.00	2218.83
137.00	2279.68
138.00	2307.77
139.00	2277.34
140.00	2193.08
141.00	2300.75
142.00	2293.72
143.00	2331.17
144.00	2291.38
145.00	2321.81
146.00	2368.62
147.00	2312.45
148.00	2382.67
149.00	2368.62
150.00	2485.65
151.00	2401.39
152.00	2399.05
153.00	2389.69
154.00	2459.90
155.00	2551.18
156.00	2445.86
157.00	2356.92
158.00	2478.63
159.00	2413.09
160.00	2525.44
161.00	2527.78
162.00	2527.78
163.00	2511.39
164.00	2579.27
165.00	2588.63
166.00	2658.85
167.00	2567.57
168.00	2616.72
169.00	2569.91
170.00	2759.49
171.00	2726.72
172.00	2722.04
173.00	2661.19
174.00	2841.41
175.00	2738.43
176.00	2785.24
177.00	2787.58
178.00	2726.72
179.00	2761.83
180.00	2785.24
181.00	2752.47
182.00	2768.85
183.00	2841.41
184.00	2759.49
185.00	2916.31
186.00	2881.20
187.00	2850.77
188.00	2836.73
189.00	2869.50
190.00	2810.98
191.00	2843.75
192.00	2984.18
193.00	3035.67
194.00	2970.14
195.00	3054.40
196.00	3131.64
197.00	3063.76
198.00	3028.65
199.00	3077.80
200.00	3054.40
201.00	3012.27
202.00	3290.79
203.00	3108.23
204.00	3119.93
205.00	3136.32
206.00	3157.38
207.00	3124.62
208.00	3283.77
209.00	3269.73
210.00	3318.88
211.00	3412.50
212.00	3272.07
213.00	3129.30
214.00	3302.50
215.00	3311.86
216.00	3433.57
217.00	3410.16
218.00	3286.11
219.00	3314.20
220.00	3419.52
221.00	3410.16
222.00	3452.29
223.00	3499.10
224.00	3559.95
225.00	3438.25
226.00	3559.95
227.00	3557.61
228.00	3592.72
229.00	3655.92
230.00	3705.07
231.00	3599.74
232.00	3709.75
233.00	3695.71
234.00	3644.21
235.00	3861.88
236.00	3871.25
237.00	3779.97
238.00	3852.52
239.00	3925.08
240.00	3756.56
241.00	3866.56
242.00	3838.48
243.00	3969.55
244.00	3978.91
245.00	4126.36
246.00	4021.04
247.00	4135.73
248.00	4105.30
249.00	4236.37
250.00	4035.08
251.00	4177.86
252.00	4205.94
253.00	4170.83
254.00	4276.16
255.00	4276.16
256.00	4414.25
257.00	4386.16
258.00	4355.74
259.00	4409.57
260.00	4545.32
261.00	4552.34
262.00	4442.34
263.00	4568.73
264.00	4503.19
265.00	4641.28
266.00	4863.63
267.00	4847.25
268.00	4711.50
269.00	4688.09
270.00	4681.07
271.00	4891.72
272.00	4821.50
273.00	4978.32
274.00	4865.97
275.00	4912.78
276.00	4936.19
277.00	4931.51
278.00	4973.64
279.00	4826.18
280.00	5011.09
281.00	5057.90
282.00	5111.73
283.00	4959.60
284.00	5144.50
285.00	5102.37
286.00	5200.67
287.00	5102.37
288.00	5015.77
289.00	5071.94
290.00	5132.79
291.00	5149.18
292.00	5100.03
293.00	5195.99
294.00	5259.18
295.00	5448.77
296.00	5247.48
297.00	5345.78
298.00	5320.04
299.00	5301.31
300.00	5221.74
301.00	5336.42
302.00	5062.58
303.00	5102.37
304.00	5345.78
305.00	5373.87
306.00	5266.21
307.00	5181.95
308.00	5355.15
309.00	5210.03
310.00	5322.38
311.00	5277.91
312.00	5465.15
313.00	5259.18
314.00	5518.98
315.00	5345.78
316.00	5458.13
317.00	5364.51
318.00	5408.98
319.00	5528.35
320.00	5416.00
321.00	5673.46
322.00	5392.59
323.00	5511.96
324.00	5659.42
325.00	5654.73
326.00	5533.03
327.00	5856.02
328.00	5671.12
329.00	5661.76
330.00	5603.24
331.00	5858.36
332.00	5556.43
333.00	5666.44
334.00	5626.65
335.00	5860.70
336.00	5923.90
337.00	5834.96
338.00	5886.45
339.00	5799.85
340.00	5811.55
341.00	5982.41
342.00	6057.31
343.00	5977.73
344.00	6019.86
345.00	6125.18
346.00	6230.51
347.00	6132.20
348.00	6293.70
349.00	6345.19
350.00	6176.67
351.00	6286.68
352.00	6188.38
353.00	6307.74
354.00	6324.13
355.00	6464.56
356.00	6260.93
357.00	6335.83
358.00	6406.05
359.00	6291.36
360.00	6455.20
361.00	6422.43
362.00	6452.86
363.00	6558.18
364.00	6588.61
365.00	6406.05
366.00	6569.88
367.00	6532.44
368.00	6677.55
369.00	6780.53
370.00	6532.44
371.00	6593.29
372.00	6455.20
373.00	6579.25
374.00	6693.93
375.00	6876.49
376.00	6703.29
377.00	6773.51
378.00	6710.32
379.00	6963.09
380.00	6998.20
381.00	6904.58
382.00	7087.14
383.00	7110.55
384.00	7236.94
385.00	7096.50
386.00	7463.97
387.00	7215.87
388.00	7412.48
389.00	7241.62
390.00	7379.71
391.00	7581.00
392.00	7459.29
393.00	7445.24
394.00	7648.87
395.00	7609.08
396.00	7683.98
397.00	7723.77
398.00	7875.90
399.00	7903.99
400.00	7836.11
401.00	7892.29
402.00	7758.88
403.00	8037.40
404.00	8006.97
405.00	7971.86
406.00	8287.84
407.00	8142.72
408.00	7866.54
409.00	7653.55
410.00	7838.45
411.00	8145.06
412.00	8030.38
413.00	8095.91
414.00	8074.85
415.00	8121.66
416.00	7995.27
417.00	8109.96
418.00	8358.05
419.00	8187.19
420.00	8201.24
421.00	8177.83
422.00	8140.38
423.00	8170.81
424.00	7929.74
425.00	8245.71
426.00	8362.73
427.00	8035.06
428.00	7967.18
429.00	8074.85
430.00	8372.10
431.00	8224.64
432.00	8327.63
433.00	8285.50
434.00	8372.10
435.00	8273.79
436.00	8362.73
437.00	8388.48
438.00	8365.07
439.00	8610.83
440.00	8725.52
441.00	8557.00
442.00	8816.80
443.00	8610.83
444.00	8568.70
445.00	8540.61
446.00	8842.54
447.00	8973.61
448.00	8809.78
449.00	8716.16
450.00	8601.47
451.00	8774.67
452.00	8919.78
453.00	8732.54
454.00	8788.71
455.00	8863.61
456.00	8861.27
457.00	8872.97
458.00	8868.29
459.00	8912.76
460.00	8627.21
461.00	8905.74
462.00	8858.93
463.00	9006.38
464.00	8940.85
465.00	9132.77
466.00	8945.53
467.00	8919.78
468.00	9104.68
469.00	9181.92
470.00	9357.46
471.00	9446.40
472.00	9507.26
473.00	9289.59
474.00	9413.63
475.00	9509.60
476.00	9411.29
477.00	9645.35
478.00	9549.39
479.00	9469.81
480.00	9827.91
481.00	9722.59
482.00	9731.95
483.00	9713.22
484.00	9647.69
485.00	9797.48
486.00	9785.78
487.00	9874.72
488.00	9848.97
489.00	9856.00
490.00	9886.42
491.00	9713.22
492.00	10015.15
493.00	9851.31
494.00	10214.10
495.00	10054.94
496.00	10001.11
497.00	10050.26
498.00	10097.07
499.00	10076.01
500.00	10214.10
501.00	10265.59
502.00	10312.40
503.00	10251.55
504.00	10333.47
505.00	10523.05
506.00	10572.20
507.00	10509.01
508.00	10424.75
509.00	10525.39
510.00	10469.22
511.00	10527.73
512.00	10712.63
513.00	10583.90
514.00	10590.92
515.00	10698.59
516.00	10623.69
517.00	10600.29
518.00	10628.37
519.00	10633.05
520.00	10684.55
521.00	10855.40
522.00	11005.20
523.00	10485.60
524.00	10911.58
525.00	10876.47
526.00	10909.24
527.00	10864.77
528.00	11061.37
529.00	11033.29
530.00	11110.52
531.00	11143.29
532.00	11082.44
533.00	11023.92
534.00	10813.28
535.00	11002.86
536.00	11026.26
537.00	10801.57
538.00	11194.78
539.00	11274.36
540.00	11026.26
541.00	11117.54
542.00	11520.12
543.00	11367.98
544.00	11276.70
545.00	11463.94
546.00	11609.06
547.00	11316.49
548.00	11494.37
549.00	11770.55
550.00	11463.94
551.00	11573.95
552.00	11800.98
553.00	11833.75
554.00	11800.98
555.00	11726.08
556.00	12168.45
557.00	11585.65
558.00	11941.41
559.00	11810.34
560.00	12128.66
561.00	11995.25
562.00	12585.06
563.00	12241.00
564.00	12280.79
565.00	12346.33
566.00	12395.48
567.00	12645.91
568.00	12142.70
569.00	12706.77
570.00	12657.62
571.00	12769.96
572.00	12678.68
573.00	12655.28
574.00	13097.64
575.00	12840.18
576.00	13064.87
577.00	12847.20
578.00	12954.87
579.00	13327.01
580.00	13039.12
581.00	13081.25
582.00	13137.43
583.00	13596.17
584.00	13617.24
585.00	13654.69
586.00	13900.44
587.00	13619.58
588.00	13605.53
589.00	13879.38
590.00	13933.21
591.00	13928.53
592.00	14139.18
593.00	14312.38
594.00	14384.93
595.00	14597.92
596.00	14876.44
597.00	15073.05
598.00	14705.59
599.00	14846.02
600.00	15096.46
601.00	15337.53
602.00	15248.59
603.00	15407.75
604.00	15218.16
605.00	15627.76
606.00	15819.68
607.00	15679.25
608.00	15721.38
609.00	15901.60
610.00	15822.02
611.00	16287.79
612.00	16149.70
613.00	16334.60
614.00	16402.47
615.00	16753.55
616.00	16568.65
617.00	17160.81
618.00	17109.32
619.00	17277.83
620.00	17385.50
621.00	17411.25
622.00	17582.10
623.00	17598.49
624.00	17717.86
625.00	17823.18
626.00	18214.05
627.00	18155.54
628.00	17994.04
629.00	18305.33
630.00	18424.70
631.00	18995.79
632.00	18537.04
633.00	18607.26
634.00	19136.22
635.00	18995.79
636.00	19204.10
637.00	19683.91
638.00	19936.68
639.00	19499.00
640.00	19896.89
641.00	19700.29
642.00	19990.52
643.00	20283.08
644.00	20561.61
645.00	20570.97
646.00	20695.02
647.00	20746.51
648.00	20840.13
649.00	21078.86
650.00	21376.11
651.00	21795.07
652.00	21841.88
653.00	21942.52
654.00	21699.11
655.00	21811.45
656.00	22092.32
657.00	22347.44
658.00	22735.96
659.00	22405.95
660.00	23026.19
661.00	22876.40
662.00	22930.23
663.00	23480.25
664.00	23452.17
665.00	23501.32
666.00	23557.49
667.00	23735.37
668.00	23924.96
669.00	23936.66
670.00	24088.79
671.00	24346.25
672.00	24402.43
673.00	24692.65
674.00	24584.99
675.00	24898.62
676.00	24828.40
677.00	25067.14
678.00	25191.19
679.00	25060.12
680.00	25560.99
681.00	25553.97
682.00	25769.30
683.00	25654.61
684.00	25872.28
685.00	26094.63
686.00	26576.78
687.00	26927.86
688.00	26305.28
689.00	26302.94
690.00	26714.87
691.00	26820.20
692.00	26946.59
693.00	27271.92
694.00	27456.82
695.00	27290.65
696.00	27831.31
697.00	27285.97
698.00	27953.02
699.00	28493.68
700.00	28294.74
701.00	28191.75
702.00	28636.45
703.00	28713.69
704.00	28362.61
705.00	29097.54
706.00	28657.52
707.00	29172.44
708.00	29085.84
709.00	29411.17
710.00	29944.81
711.00	29385.43
712.00	29261.38
713.00	29706.08
714.00	29551.60
715.00	30071.20
716.00	30302.92
717.00	30185.89
718.00	30457.39
719.00	30345.05
720.00	30417.60
721.00	30164.82
722.00	30125.04
723.00	30595.48
724.00	30925.50
725.00	31213.38
726.00	30487.82
727.00	30756.98
728.00	31033.16
729.00	31215.72
730.00	30953.58
731.00	31519.99
732.00	31646.38
733.00	31747.03
734.00	31276.58
735.00	31700.22
736.00	31454.46
737.00	31716.60
738.00	32053.64
739.00	32283.01
740.00	32060.66
741.00	32250.24
742.00	32353.23
743.00	32222.16
744.00	32580.26
745.00	33242.63
746.00	33160.71
747.00	32957.08
748.00	33172.41
749.00	33123.26
750.00	33062.41
751.00	32982.83
752.00	32863.46
753.00	33411.15
754.00	33453.28
755.00	33338.59
756.00	33563.28
757.00	33778.61
758.00	33198.16
759.00	33984.58
760.00	33827.76
761.00	34113.31
762.00	34785.04
763.00	33991.60
764.00	34569.71
765.00	34073.52
766.00	34235.02
767.00	34120.33
768.00	34967.60
769.00	34815.47
770.00	34859.94
771.00	35459.12
772.00	35105.70
773.00	35063.57
774.00	35384.22
775.00	35026.12
776.00	35241.45
777.00	35353.79
778.00	35992.76
779.00	35798.49
780.00	36009.14
781.00	35824.24
782.00	35866.37
783.00	36266.60
784.00	35915.52
785.00	36121.49
786.00	36446.82
787.00	36400.01
788.00	36479.59
789.00	36715.98
790.00	36552.15
791.00	36432.78
792.00	36886.84
793.00	37163.03
794.00	37294.10
795.00	37195.79
796.00	36921.95
797.00	36891.52
798.00	37048.34
799.00	37537.51
800.00	37394.74
801.00	37722.41
802.00	37631.13
803.00	37867.53
804.00	37834.76
805.00	37666.24
806.00	38057.11
807.00	38155.41
808.00	38110.94
809.00	38066.47
810.00	38663.31
811.00	38398.83
812.00	38625.86
813.00	38089.88
814.00	38169.46
815.00	38684.37
816.00	38693.74
817.00	38998.01
818.00	38586.07
819.00	38988.64
820.00	39000.35
821.00	38677.35
822.00	38747.57
823.00	39182.91
824.00	38906.73
825.00	39047.16
826.00	39498.88
827.00	39576.12
828.00	39548.03
829.00	39431.01
830.00	39559.73
831.00	39250.78
832.00	39606.55
833.00	40133.17
834.00	39414.62
835.00	39929.54
836.00	39821.87
837.00	39959.97
838.00	40060.61
839.00	39936.56
840.00	40289.98
841.00	40748.73
842.00	40189.34
843.00	40491.27
844.00	40933.63
845.00	40453.82
846.00	40774.47
847.00	40718.30
848.00	40722.98
849.00	40959.38
850.00	41249.60
851.00	40596.59
852.00	41207.47
853.00	40598.93
854.00	41469.61
855.00	41165.34
856.00	40879.80
857.00	41287.05
858.00	41687.28
859.00	41460.25
860.00	42106.24
861.00	41645.15
862.00	41928.36
863.00	41841.76
864.00	42167.09
865.00	41965.81
866.00	42464.34
867.00	42623.50
868.00	42370.72
869.00	42719.46
870.00	42546.26
871.00	42206.88
872.00	42052.41
873.00	41694.30
874.00	42525.19
875.00	42965.21
876.00	42511.15
877.00	43306.93
878.00	43203.95
879.00	42693.71
880.00	42356.67
881.00	42777.97
882.00	42756.91
883.00	43423.96
884.00	42946.49
885.00	43159.48
886.00	43208.63
887.00	42990.96
888.00	42876.27
889.00	43342.04
890.00	43482.47
891.00	43157.14
892.00	43208.63
893.00	43540.99
894.00	43594.82
895.00	43793.76
896.00	43672.06
897.00	43583.12
898.00	43405.23
899.00	43185.22
900.00	43442.68
901.00	43407.58
902.00	44320.38
903.00	43938.88
904.00	44367.20
905.00	43903.77
906.00	44442.09
907.00	44091.01
908.00	44105.06
909.00	44062.93
910.00	44491.24
911.00	44509.97
912.00	44463.16
913.00	44336.77
914.00	44474.86
915.00	44273.57
916.00	44685.51
917.00	44603.59
918.00	44931.26
919.00	44809.56
920.00	45071.70
921.00	44891.48
922.00	45177.02
923.00	45024.89
924.00	44678.49
925.00	44788.49
926.00	45102.12
927.00	45614.70
928.00	45649.81
929.00	45443.84
930.00	45331.50
931.00	44935.95
932.00	45268.30
933.00	45617.04
934.00	45097.44
935.00	45511.72
936.00	45514.06
937.00	45696.62
938.00	45495.33
939.00	45170.00
940.00	45497.67
941.00	45855.78
942.00	45399.37
943.00	45509.38
944.00	45954.08
945.00	45429.80
946.00	45886.20
947.00	46050.04
948.00	46267.71
949.00	45986.85
950.00	46330.90
951.00	45687.26
952.00	46141.32
953.00	45715.34
954.00	46040.68
955.00	46649.22
956.00	46681.98
957.00	46220.90
958.00	45785.56
959.00	45921.31
960.00	45942.38
961.00	45947.06
962.00	46464.32
963.00	46590.70
964.00	46621.13
965.00	46712.41
966.00	46665.60
967.00	47133.71
968.00	46972.21
969.00	46946.47
970.00	46731.14
971.00	47077.54
972.00	47082.22
973.00	47126.69
974.00	47695.44
975.00	47269.46
976.00	47398.19
977.00	47384.15
978.00	47007.32
979.00	46845.82
980.00	47599.47
981.00	47653.31
982.00	47494.15
983.00	47594.79
984.00	47756.29
985.00	47325.63
986.00	47302.23
987.00	47150.09
988.00	47482.45
989.00	47564.37
990.00	47227.33
991.00	47435.64
992.00	47566.71
993.00	48126.10
994.00	47831.19
995.00	48189.29
996.00	47931.83
997.00	47873.32
998.00	48222.06
999.00	47758.63
1000.00	48378.87
1001.00	48325.04
1002.00	48222.06
1003.00	48339.08
1004.00	47964.60
1005.00	48102.69
1006.00	48058.22
1007.00	48140.14
1008.00	48219.72
1009.00	48002.05
1010.00	48357.81
1011.00	48491.22
1012.00	48776.76
1013.00	48449.09
1014.00	48224.40
1015.00	48453.77
1016.00	48252.48
1017.00	48130.78
1018.00	48713.57
1019.00	48875.07
1020.00	48973.37
1021.00	48542.71
1022.00	48933.58
1023.00	48381.21
1024.00	48854.00
1025.00	48601.22
1026.00	48762.72
1027.00	48755.70
1028.00	48495.90
1029.00	48685.48
1030.00	48980.39
1031.00	48704.21
1032.00	49219.13
1033.00	48809.53
1034.00	48704.21
1035.00	49062.31
1036.00	49120.82
1037.00	49181.68
1038.00	49387.64
1039.00	49048.27
1040.00	49169.97
1041.00	49368.92
1042.00	48816.55
1043.00	49151.25
1044.00	49198.06
1045.00	49062.31
1046.00	49375.94
1047.00	49116.14
1048.00	49322.11
1049.00	49497.65
1050.00	49413.39
1051.00	49633.40
1052.00	49455.52
1053.00	49345.51
1054.00	49528.08
1055.00	49258.91
1056.00	49305.73
1057.00	49127.84
1058.00	49563.18
1059.00	49495.31
1060.00	49659.15
1061.00	49148.91
1062.00	49666.17
1063.00	49481.27
1064.00	49425.09
1065.00	49570.21
1066.00	49228.49
1067.00	49642.76
1068.00	49801.92
1069.00	49806.60
1070.00	49769.15
1071.00	49715.32
1072.00	49668.51
1073.00	49687.23
1074.00	49832.35
1075.00	50284.07
1076.00	49860.43
1077.00	49979.80
1078.00	49586.59
1079.00	49916.61
1080.00	50094.49
1081.00	50017.25
1082.00	50239.60
1083.00	49776.17
1084.00	50176.40
1085.00	49827.66
1086.00	49837.03
1087.00	49797.24
1088.00	50059.38
1089.00	49586.59
1090.00	50314.50
1091.00	49977.46
1092.00	49858.09
1093.00	49942.35
1094.00	49684.89
1095.00	49804.26
1096.00	50026.61
1097.00	49911.92
1098.00	50195.13
1099.00	50028.95
1100.00	50150.66
1101.00	50213.85
1102.00	49991.50
1103.00	50223.22
1104.00	49846.39
1105.00	50064.06
1106.00	50167.04
1107.00	50066.40
1108.00	49813.62
1109.00	50335.56
1110.00	50211.51
1111.00	50375.35
1112.00	50330.88
1113.00	50344.92
1114.00	50342.58
1115.00	50415.14
1116.00	50082.78
1117.00	49642.76
1118.00	50220.87
1119.00	50110.87
1120.00	50337.90
1121.00	50274.71
1122.00	50176.40
1123.00	50443.23
1124.00	50164.70
1125.00	50087.46
1126.00	49954.05
1127.00	50059.38
1128.00	50040.65
1129.00	50099.17
1130.00	50241.94
1131.00	50267.69
1132.00	50295.77
1133.00	50440.89
1134.00	50258.32
1135.00	50045.33
1136.00	50227.90
1137.00	50195.13
1138.00	49956.39
1139.00	49961.08
1140.00	50153.00
1141.00	50422.16
1142.00	50291.09
1143.00	50593.02
1144.00	50625.79
1145.00	50506.42
1146.00	50162.36
1147.00	50546.21
1148.00	49944.69
1149.00	50190.45
1150.00	50525.14
1151.00	50349.60
1152.00	50550.89
1153.00	50644.51
1154.00	50639.83
1155.00	50342.58
1156.00	50506.42
1157.00	49947.03
1158.00	50136.62
1159.00	50356.63
1160.00	50471.31
1161.00	50443.23
1162.00	50733.45
1163.00	50155.34
1164.00	50412.80
1165.00	50494.72
1166.00	50405.78
1167.00	50120.23
1168.00	50300.45
1169.00	50344.92
1170.00	50073.42
1171.00	50433.86
1172.00	50377.69
1173.00	49937.67
1174.00	50279.39
1175.00	50178.75
1176.00	50220.87
1177.00	50038.31
1178.00	49940.01
1179.00	50108.53
1180.00	50000.86
1181.00	49822.98
1182.00	50071.08
1183.00	50124.91
1184.00	50394.07
1185.00	50178.75
1186.00	50897.29
1187.00	50244.28
1188.00	50419.82
1189.00	50361.31
1190.00	50169.38
1191.00	50501.74
1192.00	50073.42
1193.00	50380.03
1194.00	50066.40
1195.00	50209.17
1196.00	50679.62
1197.00	50291.09
1198.00	50337.90
1199.00	50630.47
1200.00	50314.50
1201.00	50199.81
1202.00	50169.38
1203.00	49785.54
1204.00	50473.65
1205.00	50459.61
1206.00	50096.83
1207.00	50136.62
1208.00	50569.61
1209.00	50295.77
1210.00	50040.65
1211.00	50265.34
1212.00	50206.83
1213.00	50202.15
1214.00	50188.11
1215.00	49965.76
1216.00	50431.52
1217.00	49890.86
1218.00	50541.53
1219.00	50255.98
1220.00	50454.93
1221.00	50038.31
1222.00	50094.49
1223.00	50298.11
1224.00	50080.44
1225.00	49642.76
1226.00	50480.67
1227.00	50447.91
1228.00	50567.27
1229.00	50141.30
1230.00	50391.73
1231.00	50321.52
1232.00	50141.30
1233.00	50490.04
1234.00	50312.16
1235.00	49940.01
1236.00	49780.85
1237.00	49820.64
1238.00	50305.13
1239.00	50291.09
1240.00	50497.06
1241.00	50494.72
1242.00	50248.96
1243.00	50382.37
1244.00	50108.53
1245.00	50082.78
1246.00	49968.10
1247.00	50178.75
1248.00	50199.81
1249.00	50316.84
1250.00	50082.78
1251.00	50237.26
1252.00	50403.44
1253.00	50103.85
1254.00	50717.07
1255.00	50550.89
1256.00	50707.71
1257.00	50569.61
1258.00	50197.47
1259.00	50078.10
1260.00	49909.58
1261.00	50534.51
1262.00	50417.48
1263.00	50735.79
1264.00	50979.21
1265.00	50438.54
1266.00	50810.69
1267.00	50752.18
1268.00	50066.40
1269.00	50684.30
1270.00	50277.05
1271.00	49846.39
1272.00	50326.20
1273.00	50209.17
1274.00	49947.03
1275.00	50511.10
1276.00	51051.76
1277.00	50468.97
1278.00	50248.96
1279.00	50707.71
1280.00	50131.93
1281.00	50466.63
1282.00	50307.47
1283.00	50344.92
1284.00	50389.39
1285.00	50267.69
1286.00	50721.75
1287.00	50270.03
1288.00	50838.78
1289.00	50548.55
1290.00	50454.93
1291.00	50368.33
1292.00	50305.13
1293.00	50302.79
1294.00	50380.03
1295.00	50248.96
1296.00	50300.45
1297.00	50220.87
1298.00	50499.40
1299.00	50284.07
1300.00	50642.17
1301.00	50728.77
1302.00	50958.14
1303.00	50412.80
1304.00	50450.25
1305.00	50464.29
1306.00	50038.31
1307.00	50202.15
1308.00	50312.16
1309.00	50464.29
1310.00	49958.73
1311.00	50354.29
1312.00	50824.73
1313.00	50756.86
1314.00	50667.92
1315.00	50553.23
1316.00	50279.39
1317.00	50223.22
1318.00	49961.08
1319.00	50391.73
1320.00	50525.14
1321.00	50419.82
1322.00	50525.14
1323.00	50490.04
1324.00	50972.19
1325.00	50595.36
1326.00	50595.36
1327.00	50377.69
1328.00	50499.40
1329.00	50298.11
1330.00	50686.64
1331.00	49977.46
1332.00	50356.63
1333.00	50571.96
1334.00	50330.88
1335.00	50693.66
1336.00	50604.72
1337.00	50068.74
1338.00	50550.89
1339.00	50433.86
1340.00	50164.70
1341.00	50436.20
1342.00	50326.20
1343.00	50298.11
1344.00	50408.12
1345.00	50239.60
1346.00	49890.86
1347.00	50384.71
1348.00	50759.20
1349.00	50124.91
1350.00	50506.42
1351.00	50368.33
1352.00	49612.34
1353.00	49855.75
1354.00	50057.04
1355.00	49687.23
1356.00	50094.49
1357.00	49771.49
1358.00	50188.11
1359.00	49989.16
1360.00	50160.02
1361.00	50424.50
1362.00	49914.26
1363.00	50031.29
1364.00	50291.09
1365.00	49996.18
1366.00	49909.58
1367.00	49607.65
1368.00	49584.25
1369.00	49787.88
1370.00	50040.65
1371.00	49865.11
1372.00	49605.31
1373.00	50197.47
1374.00	50061.72
1375.00	49932.99
1376.00	49595.95
1377.00	49998.52
1378.00	49326.79
1379.00	49752.77
1380.00	49406.37
1381.00	49539.78
1382.00	49490.63
1383.00	49738.72
1384.00	49507.01
1385.00	49345.51
1386.00	49380.62
1387.00	49813.62
1388.00	49429.77
1389.00	49542.12
1390.00	49364.24
1391.00	49242.53
1392.00	49312.75
1393.00	49083.37
1394.00	49130.19
1395.00	48795.49
1396.00	49265.94
1397.00	49160.61
1398.00	49226.15
1399.00	49457.86
1400.00	49268.28
1401.00	49055.29
1402.00	49188.70
1403.00	49179.34
1404.00	49205.08
1405.00	49151.25
1406.00	48947.62
1407.00	49275.30
1408.00	49111.46
1409.00	49308.07
1410.00	49043.59
1411.00	49441.48
1412.00	49317.43
1413.00	48865.70
1414.00	49364.24
1415.00	48928.90
1416.00	48722.93
1417.00	48896.13
1418.00	48603.56
1419.00	48449.09
1420.00	48406.96
1421.00	48650.38
1422.00	48751.02
1423.00	49279.98
1424.00	49167.63
1425.00	48540.37
1426.00	48479.52
1427.00	48580.16
1428.00	48779.10
1429.00	48280.57
1430.00	48079.28
1431.00	48701.87
1432.00	48523.99
1433.00	48325.04
1434.00	48002.05
1435.00	48327.38
1436.00	48203.33
1437.00	48521.65
1438.00	48854.00
1439.00	48690.16
1440.00	48528.67
1441.00	48200.99
1442.00	48037.16
1443.00	48126.10
1444.00	47505.85
1445.00	47791.40
1446.00	47533.94
1447.00	47964.60
1448.00	47929.49
1449.00	47805.44
1450.00	48004.39
1451.00	48711.23
1452.00	48411.64
1453.00	47498.83
1454.00	47782.04
1455.00	47922.47
1456.00	47819.49
1457.00	47625.22
1458.00	47625.22
1459.00	47707.14
1460.00	47667.35
1461.00	47543.30
1462.00	47784.38
1463.00	47480.11
1464.00	47817.14
1465.00	48051.20
1466.00	47503.51
1467.00	47608.84
1468.00	47503.51
1469.00	47349.04
1470.00	47302.23
1471.00	47484.79
1472.00	47449.68
1473.00	47295.21
1474.00	47360.74
1475.00	47213.29
1476.00	47461.38
1477.00	47430.96
1478.00	47079.88
1479.00	47140.73
1480.00	47292.86
1481.00	46689.01
1482.00	46913.70
1483.00	47040.09
1484.00	46899.65
1485.00	46710.07
1486.00	46843.48
1487.00	46791.99
1488.00	46356.65
1489.00	47154.77
1490.00	46639.86
1491.00	46616.45
1492.00	47004.98
1493.00	47028.38
1494.00	46845.82
1495.00	46876.25
1496.00	46335.59
1497.00	46476.02
1498.00	46447.93
1499.00	45663.85
1500.00	46195.15
1501.00	46368.35
1502.00	46057.06
1503.00	46490.06
1504.00	46527.51
1505.00	46527.51
1506.00	46508.79
1507.00	46248.99
1508.00	46195.15
1509.00	45769.18
1510.00	45977.48
1511.00	46007.91
1512.00	45514.06
1513.00	45373.63
1514.00	45958.76
1515.00	46117.92
1516.00	45694.28
1517.00	45736.41
1518.00	46047.70
1519.00	46073.45
1520.00	46241.96
1521.00	45755.13
1522.00	45265.96
1523.00	45373.63
1524.00	45478.95
1525.00	45638.11
1526.00	45464.91
1527.00	45544.48
1528.00	45116.17
1529.00	45102.12
1530.00	45422.78
1531.00	45357.24
1532.00	45406.39
1533.00	45841.73
1534.00	45139.57
1535.00	45352.56
1536.00	45539.80
1537.00	45024.89
1538.00	45193.40
1539.00	44966.37
1540.00	44994.46
1541.00	44472.52
1542.00	45010.84
1543.00	44938.29
1544.00	44914.88
1545.00	45249.58
1546.00	45345.54
1547.00	45186.38
1548.00	44931.26
1549.00	44900.84
1550.00	45184.04
1551.00	45200.43
1552.00	44526.35
1553.00	44533.37
1554.00	44512.31
1555.00	44264.21
1556.00	44229.10
1557.00	44545.08
1558.00	44847.00
1559.00	44659.76
1560.00	44418.69
1561.00	44561.46
1562.00	44868.07
1563.00	44917.22
1564.00	44704.23
1565.00	44025.48
1566.00	44397.62
1567.00	44208.04
1568.00	44519.33
1569.00	44250.17
1570.00	44278.25
1571.00	43922.49
1572.00	43997.39
1573.00	44093.35
1574.00	44069.95
1575.00	43758.66
1576.00	44601.25
1577.00	44395.28
1578.00	44055.90
1579.00	44233.78
1580.00	43459.07
1581.00	43824.19
1582.00	43519.92
1583.00	43753.97
1584.00	43430.98
1585.00	43449.70
1586.00	43903.77
1587.00	43297.57
1588.00	43316.29
1589.00	43878.02
1590.00	43442.68
1591.00	43548.01
1592.00	43700.14
1593.00	43533.96
1594.00	43253.10
1595.00	43641.63
1596.00	43461.41
1597.00	43393.53
1598.00	43463.75
1599.00	43035.43
1600.00	43103.31
1601.00	43274.16
1602.00	43435.66
1603.00	42866.91
1604.00	43107.99
1605.00	42586.05
1606.00	42724.14
1607.00	43402.89
1608.00	43122.03
1609.00	42696.05
1610.00	42801.38
1611.00	42707.76
1612.00	42602.43
1613.00	42368.38
1614.00	42899.68
1615.00	42653.92
1616.00	42363.70
1617.00	42887.98
1618.00	42646.90
1619.00	43115.01
1620.00	43192.25
1621.00	42588.39
1622.00	42873.93
1623.00	42637.54
1624.00	42546.26
1625.00	42979.26
1626.00	42595.41
1627.00	42754.57
1628.00	42052.41
1629.00	42073.47
1630.00	42319.23
1631.00	41879.21
1632.00	42047.72
1633.00	41806.65
1634.00	41680.26
1635.00	42405.83
1636.00	42234.97
1637.00	42532.22
1638.00	42572.00
1639.00	42171.77
1640.00	41874.52
1641.00	41455.57
1642.00	41455.57
1643.00	41851.12
1644.00	41881.55
1645.00	41869.84
1646.00	41647.49
1647.00	41773.88
1648.00	41471.95
1649.00	42557.96
1650.00	42213.90
1651.00	41993.89
1652.00	41748.14
1653.00	41696.64
1654.00	41752.82
1655.00	41581.96
1656.00	41617.07
1657.00	41469.61
1658.00	41216.83
1659.00	41392.37
1660.00	41497.70
1661.00	41703.67
1662.00	41041.29
1663.00	41125.55
1664.00	41223.86
1665.00	41364.29
1666.00	41436.84
1667.00	41085.76
1668.00	41603.02
1669.00	41378.33
1670.00	41181.73
1671.00	41237.90
1672.00	40865.75
1673.00	40774.47
1674.00	40713.62
1675.00	40699.58
1676.00	40456.16
1677.00	40940.65
1678.00	40896.18
1679.00	40886.82
1680.00	40687.87
1681.00	40950.01
1682.00	40814.26
1683.00	40999.16
1684.00	40889.16
1685.00	40842.35
1686.00	40837.67
1687.00	40636.38
1688.00	40781.49
1689.00	40411.69
1690.00	40629.36
1691.00	40184.66
1692.00	40226.79
1693.00	40109.76
1694.00	40676.17
1695.00	40741.71
1696.00	40318.07
1697.00	40362.54
1698.00	40940.65
1699.00	40074.65
1700.00	40271.26
1701.00	40334.45
1702.00	39950.60
1703.00	40320.41
1704.00	39966.99
1705.00	40437.44
1706.00	39487.18
1707.00	39611.23
1708.00	39349.09
1709.00	39552.71
1710.00	39468.45
1711.00	39859.32
1712.00	39817.19
1713.00	39728.25
1714.00	39585.48
1715.00	39833.58
1716.00	39421.64
1717.00	39391.22
1718.00	39358.45
1719.00	39648.68
1720.00	39316.32
1721.00	39335.04
1722.00	39321.00
1723.00	38855.23
1724.00	39086.95
1725.00	38677.35
1726.00	38965.24
1727.00	38686.71
1728.00	39112.69
1729.00	39084.61
1730.00	38337.98
1731.00	38859.91
1732.00	38740.55
1733.00	38459.68
1734.00	38464.36
1735.00	38728.84
1736.00	39012.05
1737.00	38279.46
1738.00	38373.08
1739.00	37860.51
1740.00	38117.96
1741.00	38202.22
1742.00	38237.33
1743.00	38169.46
1744.00	37902.64
1745.00	38029.02
1746.00	37996.26
1747.00	38541.60
1748.00	37982.21
1749.00	37792.63
1750.00	37862.85
1751.00	37359.63
1752.00	37383.04
1753.00	37467.30
1754.00	37589.00
1755.00	37270.69
1756.00	37127.92
1757.00	37280.05
1758.00	37390.06
1759.00	37090.47
1760.00	37368.99
1761.00	37647.52
1762.00	37156.00
1763.00	36659.81
1764.00	36943.02
1765.00	36910.25
1766.00	37062.38
1767.00	37064.72
1768.00	36563.85
1769.00	36833.01
1770.00	36617.68
1771.00	36130.85
1772.00	36573.21
1773.00	36517.04
1774.00	36376.61
1775.00	36652.79
1776.00	36767.48
1777.00	36381.29
1778.00	35828.92
1779.00	36114.47
1780.00	36465.55
1781.00	36016.16
1782.00	35988.08
1783.00	35948.29
1784.00	35608.91
1785.00	35662.74
1786.00	35730.62
1787.00	35550.40
1788.00	35728.28
1789.00	35461.46
1790.00	35292.94
1791.00	35407.62
1792.00	35475.50
1793.00	35225.06
1794.00	35253.15
1795.00	35028.46
1796.00	35225.06
1797.00	35054.20
1798.00	35049.52
1799.00	35473.16
1800.00	34962.92
1801.00	34513.54
1802.00	34609.50
1803.00	34567.37
1804.00	34583.76
1805.00	34052.45
1806.00	34448.00
1807.00	34122.67
1808.00	34300.55
1809.00	34160.12
1810.00	34377.79
1811.00	34632.91
1812.00	34328.64
1813.00	34043.09
1814.00	33930.75
1815.00	34129.69
1816.00	33837.12
1817.00	33752.87
1818.00	33965.85
1819.00	33521.15
1820.00	33631.16
1821.00	33340.93
1822.00	33731.80
1823.00	33624.14
1824.00	33104.54
1825.00	33074.11
1826.00	33486.04
1827.00	33132.62
1828.00	33226.24
1829.00	32772.18
1830.00	33123.26
1831.00	32154.28
1832.00	32947.72
1833.00	32814.31
1834.00	32554.51
1835.00	32779.20
1836.00	32559.19
1837.00	31852.35
1838.00	31985.76
1839.00	31754.05
1840.00	31683.83
1841.00	31725.96
1842.00	32144.92
1843.00	31494.25
1844.00	31583.19
1845.00	31824.26
1846.00	31510.63
1847.00	31297.64
1848.00	30993.37
1849.00	31079.97
1850.00	31384.24
1851.00	31395.95
1852.00	30707.83
1853.00	30778.04
1854.00	30836.56
1855.00	30209.29
1856.00	30387.18
1857.00	30497.18
1858.00	30155.46
1859.00	30309.94
1860.00	30316.96
1861.00	30075.88
1862.00	30349.73
1863.00	30635.27
1864.00	29813.74
1865.00	30178.87
1866.00	29734.17
1867.00	29890.98
1868.00	29315.21
1869.00	29516.50
1870.00	29710.76
1871.00	29301.17
1872.00	28922.00
1873.00	28865.83
1874.00	29062.43
1875.00	29039.03
1876.00	28828.38
1877.00	28386.02
1878.00	28636.45
1879.00	28374.31
1880.00	28252.61
1881.00	28622.41
1882.00	28390.70
1883.00	28725.39
1884.00	28381.34
1885.00	28451.55
1886.00	28233.88
1887.00	27960.04
1888.00	27903.87
1889.00	27754.07
1890.00	27473.21
1891.00	27601.94
1892.00	27087.02
1893.00	27208.73
1894.00	27264.90
1895.00	27262.56
1896.00	26967.65
1897.00	27087.02
1898.00	26656.36
1899.00	26675.09
1900.00	27358.52
1901.00	26869.35
1902.00	26689.13
1903.00	26946.59
1904.00	26536.99
1905.00	26230.38
1906.00	26766.37
1907.00	26228.04
1908.00	25703.76
1909.00	25865.26
1910.00	25759.94
1911.00	25785.68
1912.00	25617.16
1913.00	25572.69
1914.00	25750.57
1915.00	25539.93
1916.00	25806.75
1917.00	25546.95
1918.00	25355.02
1919.00	25120.97
1920.00	25671.00
1921.00	25240.34
1922.00	25022.67
1923.00	24676.27
1924.00	24851.81
1925.00	24854.15
1926.00	24456.26
1927.00	24201.14
1928.00	24201.14
1929.00	23964.75
1930.00	24463.28
1931.00	24400.08
1932.00	24322.85
1933.00	24095.82
1934.00	24072.41
1935.00	24374.34
1936.00	24044.32
1937.00	23929.64
1938.00	23946.02
1939.00	24011.56
1940.00	23625.37
1941.00	23740.05
1942.00	23325.78
1943.00	23290.67
1944.00	23147.90
1945.00	23311.74
1946.00	22794.48
1947.00	22836.61
1948.00	22810.86
1949.00	22347.44
1950.00	22558.08
1951.00	22852.99
1952.00	22366.16
1953.00	22530.00
1954.00	22499.57
1955.00	22647.02
1956.00	22150.83
1957.00	21944.86
1958.00	22146.15
1959.00	22185.94
1960.00	21757.62
1961.00	21654.64
1962.00	22017.42
1963.00	21745.92
1964.00	21502.50
1965.00	21415.90
1966.00	21109.29
1967.00	21256.75
1968.00	21139.72
1969.00	21191.21
1970.00	20912.69
1971.00	21104.61
1972.00	20893.96
1973.00	20688.00
1974.00	20849.49
1975.00	20924.39
1976.00	20788.64
1977.00	20589.69
1978.00	20475.01
1979.00	20365.00
1980.00	20510.11
1981.00	20451.60
1982.00	20163.72
1983.00	19786.89
1984.00	19812.63
1985.00	19800.93
1986.00	19857.10
1987.00	19360.91
1988.00	19520.07
1989.00	19522.41
1990.00	19531.77
1991.00	19644.12
1992.00	19583.26
1993.00	19190.05
1994.00	19281.33
1995.00	19000.47
1996.00	19157.28
1997.00	18977.06
1998.00	18768.76
1999.00	18913.87
2000.00	18530.02
2001.00	18801.52
2002.00	18405.97
2003.00	18534.70
2004.00	18340.44
2005.00	18052.55
2006.00	18125.11
2007.00	17935.53
2008.00	18153.20
2009.00	18008.08
2010.00	17912.12
2011.00	17743.60
2012.00	17998.72
2013.00	17844.24
2014.00	17696.79
2015.00	17563.38
2016.00	17809.14
2017.00	17774.03
2018.00	17521.25
2019.00	17467.42
2020.00	17343.37
2021.00	17097.61
2022.00	17252.09
2023.00	16613.12
2024.00	16744.19
2025.00	16795.68
2026.00	16589.72
2027.00	16540.57
2028.00	16716.11
2029.00	16498.44
2030.00	16524.18
2031.00	16161.40
2032.00	16304.17
2033.00	16266.72
2034.00	16526.52
2035.00	16236.30
2036.00	16379.07
2037.00	16009.26
2038.00	16128.63
2039.00	15953.09
2040.00	15899.26
2041.00	15948.41
2042.00	15908.62
2043.00	15697.97
2044.00	15578.61
2045.00	15648.82
2046.00	15325.83
2047.00	15098.80
