0.00	1076.65
1.00	1076.65
2.00	1076.65
3.00	997.07
4.00	1020.47
5.00	1053.24
6.00	973.66
7.00	903.45
8.00	954.94
9.00	992.39
10.00	940.90
11.00	1008.77
12.00	915.15
13.00	1011.11
14.00	933.87
15.00	1081.33
16.00	985.37
17.00	973.66
18.00	992.39
19.00	992.39
20.00	1048.56
21.00	1034.52
22.00	1034.52
23.00	1039.20
24.00	1151.54
25.00	1448.79
26.00	1404.32
27.00	1394.96
28.00	1490.92
29.00	1444.11
30.00	1502.62
31.00	1500.28
32.00	1509.65
33.00	1528.37
34.00	1549.43
35.00	1596.25
36.00	1675.82
37.00	1593.90
38.00	1582.20
39.00	1636.03
40.00	1561.14
41.00	1486.24
42.00	1596.25
43.00	1640.72
44.00	1596.25
45.00	1629.01
46.00	1629.01
47.00	1678.16
48.00	1675.82
49.00	1678.16
50.00	1645.40
51.00	1650.08
52.00	1614.97
53.00	1696.89
54.00	1636.03
55.00	1643.06
56.00	1659.44
57.00	1729.66
58.00	1715.61
59.00	1703.91
60.00	1776.47
61.00	1739.02
62.00	1624.33
63.00	1710.93
64.00	1743.70
65.00	1717.95
66.00	1743.70
67.00	1778.81
68.00	1776.47
69.00	1802.21
70.00	1746.04
71.00	1781.15
72.00	1732.00
73.00	1727.32
74.00	1799.87
75.00	1783.49
76.00	1790.51
77.00	1792.85
78.00	1781.15
79.00	1830.30
80.00	1827.96
81.00	1851.36
82.00	1863.07
83.00	1797.53
84.00	1898.17
85.00	1914.56
86.00	1842.00
87.00	1853.70
88.00	1902.86
89.00	1919.24
90.00	1865.41
91.00	1947.33
92.00	1933.28
93.00	1881.79
94.00	1940.30
95.00	1867.75
96.00	1977.75
97.00	2001.16
98.00	1933.28
99.00	1977.75
100.00	2008.18
101.00	1984.77
102.00	2073.71
103.00	2047.97
104.00	1980.09
105.00	1984.77
106.00	2031.58
107.00	2024.56
108.00	1944.99
109.00	2005.84
110.00	2052.65
111.00	2057.33
112.00	2085.42
113.00	2083.08
114.00	2040.95
115.00	2022.22
116.00	2066.69
117.00	2167.34
118.00	2118.18
119.00	2134.57
120.00	2143.93
121.00	2052.65
122.00	2143.93
123.00	2146.27
124.00	2174.36
125.00	2200.10
126.00	2172.02
127.00	2165.00
128.00	2080.74
129.00	2258.62
130.00	2188.40
131.00	2305.43
132.00	2242.23
133.00	2253.94
134.00	2200.10
135.00	2293.72
136.00	2338.20
137.00	2204.78
138.00	2340.54
139.00	2284.36
140.00	2265.64
141.00	2326.49
142.00	2328.83
143.00	2403.73
144.00	2352.24
145.00	2324.15
146.00	2328.83
147.00	2368.62
148.00	2363.94
149.00	2441.18
150.00	2448.20
151.00	2424.80
152.00	2359.26
153.00	2438.84
154.00	2452.88
155.00	2492.67
156.00	2551.18
157.00	2527.78
158.00	2511.39
159.00	2415.43
160.00	2513.74
161.00	2607.36
162.00	2513.74
163.00	2541.82
164.00	2473.95
165.00	2605.02
166.00	2532.46
167.00	2565.23
168.00	2623.74
169.00	2630.76
170.00	2700.98
171.00	2644.81
172.00	2710.34
173.00	2712.68
174.00	2869.50
175.00	2717.36
176.00	2822.69
177.00	2832.05
178.00	2733.75
179.00	2752.47
180.00	2771.19
181.00	2761.83
182.00	2703.32
183.00	2855.45
184.00	2897.58
185.00	2890.56
186.00	2897.58
187.00	2949.08
188.00	2895.24
189.00	2904.60
190.00	2963.12
191.00	2981.84
192.00	3000.57
193.00	3012.27
194.00	3000.57
195.00	3084.83
196.00	3014.61
197.00	3054.40
198.00	2986.52
199.00	2958.44
200.00	3082.49
201.00	2920.99
202.00	3201.85
203.00	3173.77
204.00	3274.41
205.00	3295.47
206.00	3211.22
207.00	3258.03
208.00	3227.60
209.00	3351.65
210.00	3353.99
211.00	3262.71
212.00	3241.64
213.00	3171.43
214.00	3295.47
215.00	3342.28
216.00	3288.45
217.00	3255.69
218.00	3419.52
219.00	3318.88
220.00	3480.38
221.00	3379.73
222.00	3562.30
223.00	3545.91
224.00	3459.31
225.00	3503.78
226.00	3604.42
227.00	3599.74
228.00	3571.66
229.00	3648.90
230.00	3627.83
231.00	3641.87
232.00	3770.60
233.00	3669.96
234.00	3754.22
235.00	3749.54
236.00	3794.01
237.00	3845.50
238.00	3833.80
239.00	3829.12
240.00	3819.75
241.00	3925.08
242.00	3904.01
243.00	3920.40
244.00	4042.11
245.00	4088.92
246.00	3957.85
247.00	4119.34
248.00	4196.58
249.00	4175.52
250.00	4133.39
251.00	4142.75
252.00	4208.28
253.00	4198.92
254.00	4322.97
255.00	4318.29
256.00	4435.32
257.00	4351.06
258.00	4477.44
259.00	4285.52
260.00	4458.72
261.00	4425.95
262.00	4575.75
263.00	4510.21
264.00	4507.87
265.00	4704.48
266.00	4678.73
267.00	4667.03
268.00	4865.97
269.00	4744.27
270.00	4645.96
271.00	4784.06
272.00	4737.24
273.00	4884.70
274.00	4985.34
275.00	5008.75
276.00	4835.55
277.00	5022.79
278.00	4915.12
279.00	4884.70
280.00	5018.11
281.00	4966.62
282.00	4940.87
283.00	4936.19
284.00	5210.03
285.00	5179.61
286.00	5114.07
287.00	5313.02
288.00	5275.57
289.00	5128.11
290.00	5226.42
291.00	5160.88
292.00	5200.67
293.00	5263.86
294.00	5352.81
295.00	5284.93
296.00	5380.89
297.00	5298.97
298.00	5193.65
299.00	5338.76
300.00	5268.55
301.00	5151.52
302.00	5001.72
303.00	5107.05
304.00	5322.38
305.00	5500.26
306.00	5465.15
307.00	5465.15
308.00	5350.46
309.00	5210.03
310.00	5465.15
311.00	5343.44
312.00	5495.58
313.00	5310.68
314.00	5371.53
315.00	5404.30
316.00	5416.00
317.00	5357.49
318.00	5390.25
319.00	5467.49
320.00	5334.08
321.00	5720.27
322.00	5565.79
323.00	5570.48
324.00	5640.69
325.00	5600.90
326.00	5633.67
327.00	5753.04
328.00	5631.33
329.00	5523.66
330.00	5624.31
331.00	5783.46
332.00	5645.37
333.00	5619.63
334.00	5753.04
335.00	5926.24
336.00	6029.22
337.00	5881.77
338.00	5799.85
339.00	5888.79
340.00	5991.77
341.00	5921.56
342.00	6155.61
343.00	5872.40
344.00	6047.94
345.00	6076.03
346.00	5966.03
347.00	6186.04
348.00	6087.73
349.00	6167.31
350.00	6277.32
351.00	6099.44
352.00	6214.12
353.00	6260.93
354.00	6221.14
355.00	6228.17
356.00	6141.57
357.00	6380.30
358.00	6401.37
359.00	6312.42
360.00	6333.49
361.00	6438.81
362.00	6539.46
363.00	6452.86
364.00	6431.79
365.00	6492.65
366.00	6511.37
367.00	6417.75
368.00	6675.21
369.00	6590.95
370.00	6539.46
371.00	6609.67
372.00	6581.59
373.00	6832.02
374.00	6609.67
375.00	6670.53
376.00	6689.25
377.00	6920.96
378.00	6626.06
379.00	7056.72
380.00	6958.41
381.00	6984.16
382.00	7119.91
383.00	7089.48
384.00	7140.97
385.00	7080.12
386.00	7260.34
387.00	7274.38
388.00	7405.46
389.00	7260.34
390.00	7344.60
391.00	7407.80
392.00	7669.94
393.00	7440.56
394.00	7325.88
395.00	7679.30
396.00	7658.23
397.00	7679.30
398.00	7653.55
399.00	7868.88
400.00	7810.37
401.00	7665.25
402.00	8112.30
403.00	8056.12
404.00	7997.61
405.00	7962.50
406.00	8145.06
407.00	8255.07
408.00	7847.82
409.00	7702.70
410.00	7779.94
411.00	8095.91
412.00	8252.73
413.00	8159.11
414.00	8140.38
415.00	8212.94
416.00	7939.10
417.00	7868.88
418.00	8121.66
419.00	8161.45
420.00	7953.14
421.00	8226.98
422.00	8219.96
423.00	8264.43
424.00	8049.10
425.00	8163.79
426.00	8297.20
427.00	8189.53
428.00	8119.32
429.00	8187.19
430.00	8348.69
431.00	8215.28
432.00	8173.15
433.00	8182.51
434.00	8091.23
435.00	8222.30
436.00	8280.82
437.00	8297.20
438.00	8477.42
439.00	8280.82
440.00	8697.43
441.00	8549.98
442.00	8596.79
443.00	8606.15
444.00	8568.70
445.00	8564.02
446.00	8463.38
447.00	8807.44
448.00	8624.87
449.00	8702.11
450.00	8671.68
451.00	8872.97
452.00	8730.20
453.00	8739.56
454.00	8674.03
455.00	8926.80
456.00	8863.61
457.00	8823.82
458.00	9011.06
459.00	8769.99
460.00	8751.26
461.00	8922.12
462.00	8905.74
463.00	8943.19
464.00	8905.74
465.00	9032.13
466.00	9015.74
467.00	9116.39
468.00	9078.94
469.00	9036.81
470.00	9158.52
471.00	9083.62
472.00	9294.27
473.00	9493.21
474.00	9334.06
475.00	9455.76
476.00	9411.29
477.00	9504.92
478.00	9696.84
479.00	9511.94
480.00	9652.37
481.00	9598.54
482.00	9675.77
483.00	9722.59
484.00	9570.45
485.00	9982.38
486.00	9680.46
487.00	9839.61
488.00	9687.48
489.00	9872.38
490.00	9851.31
491.00	9650.03
492.00	9834.93
493.00	9743.65
494.00	10120.48
495.00	10090.05
496.00	9987.07
497.00	9905.15
498.00	10066.64
499.00	10270.27
500.00	10267.93
501.00	10300.70
502.00	10193.03
503.00	10106.43
504.00	9893.44
505.00	10345.17
506.00	10349.85
507.00	10497.30
508.00	10586.24
509.00	10422.41
510.00	10483.26
511.00	10696.25
512.00	10635.39
513.00	10485.60
514.00	10626.03
515.00	10785.19
516.00	10789.87
517.00	10499.64
518.00	10628.37
519.00	10670.50
520.00	10586.24
521.00	11012.22
522.00	10843.70
523.00	10569.86
524.00	10768.80
525.00	10752.42
526.00	10857.75
527.00	10775.83
528.00	10815.62
529.00	11014.56
530.00	10967.75
531.00	11047.33
532.00	10944.34
533.00	11112.86
534.00	10918.60
535.00	10923.28
536.00	11262.66
537.00	11049.67
538.00	11157.33
539.00	11288.40
540.00	11002.86
541.00	11056.69
542.00	11211.17
543.00	11176.06
544.00	11211.17
545.00	11206.48
546.00	11365.64
547.00	11206.48
548.00	11314.15
549.00	11482.67
550.00	11580.97
551.00	11852.47
552.00	11585.65
553.00	11850.13
554.00	11700.34
555.00	11761.19
556.00	11845.45
557.00	11592.67
558.00	11910.99
559.00	11740.13
560.00	11910.99
561.00	12109.93
562.00	12236.32
563.00	11892.26
564.00	12327.60
565.00	12407.18
566.00	12521.87
567.00	12711.45
568.00	12299.52
569.00	12343.99
570.00	12521.87
571.00	12402.50
572.00	12624.85
573.00	12798.05
574.00	12851.88
575.00	12863.58
576.00	12854.22
577.00	13015.72
578.00	12915.08
579.00	13062.53
580.00	13095.30
581.00	13303.60
582.00	13118.70
583.00	13221.69
584.00	13343.39
585.00	13535.32
586.00	13968.32
587.00	14118.11
588.00	13671.07
589.00	13675.75
590.00	14033.85
591.00	14127.47
592.00	14087.68
593.00	14160.24
594.00	14728.99
595.00	14452.81
596.00	14684.52
597.00	14752.40
598.00	14457.49
599.00	15110.50
600.00	14909.21
601.00	15229.87
602.00	15070.71
603.00	15356.25
604.00	15192.42
605.00	15564.56
606.00	15843.09
607.00	15597.33
608.00	15815.00
609.00	15917.98
610.00	15632.44
611.00	15910.96
612.00	16006.92
613.00	16233.96
614.00	16514.82
615.00	16334.60
616.00	16301.83
617.00	17008.67
618.00	16964.20
619.00	17193.58
620.00	17081.23
621.00	17387.84
622.00	17310.60
623.00	17633.60
624.00	18059.57
625.00	17598.49
626.00	17701.47
627.00	18085.32
628.00	17708.49
629.00	18534.70
630.00	18647.05
631.00	19094.09
632.00	18611.94
633.00	18771.10
634.00	18848.33
635.00	19051.96
636.00	19248.57
637.00	19613.69
638.00	19477.94
639.00	19447.51
640.00	19929.66
641.00	19651.14
642.00	19997.54
643.00	20044.35
644.00	19985.83
645.00	20262.02
646.00	20500.75
647.00	20664.59
648.00	20985.24
649.00	21198.23
650.00	21443.99
651.00	21467.39
652.00	21291.85
653.00	21713.15
654.00	21764.64
655.00	21998.70
656.00	21762.30
657.00	22242.11
658.00	22277.22
659.00	22742.99
660.00	23028.53
661.00	22714.90
662.00	22742.99
663.00	23192.37
664.00	23040.23
665.00	23384.29
666.00	23161.94
667.00	23625.37
668.00	23906.23
669.00	24102.84
670.00	24252.63
671.00	23943.68
672.00	24404.77
673.00	24238.59
674.00	24704.35
675.00	24257.31
676.00	24463.28
677.00	24797.98
678.00	25109.27
679.00	25219.27
680.00	25624.18
681.00	25401.83
682.00	25717.81
683.00	25476.73
684.00	25771.64
685.00	25799.73
686.00	25998.67
687.00	26457.42
688.00	26553.38
689.00	26490.18
690.00	26574.44
691.00	26932.54
692.00	26867.01
693.00	27082.34
694.00	27077.66
695.00	27667.47
696.00	27449.80
697.00	27400.65
698.00	27634.71
699.00	28011.53
700.00	28226.86
701.00	28229.20
702.00	28350.91
703.00	28432.83
704.00	28350.91
705.00	28393.04
706.00	28496.02
707.00	28811.99
708.00	28809.65
709.00	29214.57
710.00	29453.30
711.00	29584.37
712.00	29333.93
713.00	29542.24
714.00	29502.45
715.00	29720.12
716.00	29851.19
717.00	29996.31
718.00	30356.75
719.00	30080.56
720.00	30178.87
721.00	30146.10
722.00	30590.80
723.00	30476.12
724.00	30998.06
725.00	30820.17
726.00	30705.49
727.00	30810.81
728.00	30848.26
729.00	30984.01
730.00	31157.21
731.00	31440.42
732.00	31482.55
733.00	31227.43
734.00	31531.70
735.00	31412.33
736.00	31557.44
737.00	31805.54
738.00	32161.30
739.00	31906.18
740.00	32133.21
741.00	32121.51
742.00	32439.82
743.00	32039.59
744.00	32072.36
745.00	32713.67
746.00	32793.25
747.00	33149.01
748.00	33287.10
749.00	32542.81
750.00	33001.55
751.00	33104.54
752.00	32683.24
753.00	32987.51
754.00	32643.45
755.00	33500.09
756.00	33432.21
757.00	33280.08
758.00	33331.57
759.00	33790.31
760.00	33886.28
761.00	33865.21
762.00	34550.99
763.00	33780.95
764.00	34164.80
765.00	34141.39
766.00	34387.15
767.00	34375.45
768.00	34398.85
769.00	34660.99
770.00	34890.37
771.00	35044.84
772.00	34820.15
773.00	35023.78
774.00	35005.05
775.00	35068.25
776.00	35405.28
777.00	35037.82
778.00	35967.01
779.00	35620.61
780.00	35491.88
781.00	35356.13
782.00	35721.26
783.00	35707.21
784.00	35679.13
785.00	36004.46
786.00	35981.06
787.00	36463.21
788.00	36493.63
789.00	36404.69
790.00	36397.67
791.00	36577.89
792.00	36825.99
793.00	36753.43
794.00	36840.03
795.00	37460.27
796.00	37043.66
797.00	37244.94
798.00	36814.29
799.00	37291.76
800.00	36905.57
801.00	37647.52
802.00	37656.88
803.00	37703.69
804.00	37310.48
805.00	37076.43
806.00	37848.80
807.00	37479.00
808.00	37565.60
809.00	38005.62
810.00	38478.41
811.00	37888.59
812.00	38270.10
813.00	38010.30
814.00	38045.41
815.00	38190.52
816.00	38087.54
817.00	38218.61
818.00	38679.69
819.00	38677.35
820.00	38234.99
821.00	38323.93
822.00	38511.17
823.00	38763.95
824.00	38649.27
825.00	38969.92
826.00	39164.18
827.00	39072.90
828.00	39409.94
829.00	39377.17
830.00	39426.32
831.00	39229.72
832.00	39864.00
833.00	40046.57
834.00	39548.03
835.00	39819.53
836.00	39840.60
837.00	40088.70
838.00	39702.51
839.00	39690.80
840.00	39697.83
841.00	40137.85
842.00	39999.76
843.00	40531.06
844.00	40318.07
845.00	40788.52
846.00	40524.04
847.00	40517.01
848.00	40744.05
849.00	41015.55
850.00	41137.26
851.00	40893.84
852.00	41188.75
853.00	40893.84
854.00	40549.78
855.00	40774.47
856.00	41123.21
857.00	41158.32
858.00	41586.64
859.00	41642.81
860.00	41729.41
861.00	41256.62
862.00	41563.23
863.00	41275.35
864.00	41701.32
865.00	41315.14
866.00	42225.60
867.00	41984.53
868.00	42670.31
869.00	42047.72
870.00	42033.68
871.00	41909.63
872.00	42071.13
873.00	41563.23
874.00	42160.07
875.00	42237.31
876.00	42209.22
877.00	43084.58
878.00	42712.44
879.00	42398.80
880.00	42408.17
881.00	42611.79
882.00	42756.91
883.00	42513.49
884.00	42721.80
885.00	42705.41
886.00	42574.34
887.00	42660.94
888.00	43026.07
889.00	42955.85
890.00	43077.56
891.00	42866.91
892.00	43379.49
893.00	43227.35
894.00	43260.12
895.00	43023.73
896.00	43117.35
897.00	43330.34
898.00	43091.60
899.00	43285.87
900.00	43653.33
901.00	43800.79
902.00	43648.65
903.00	43945.90
904.00	43669.72
905.00	43456.73
906.00	43653.33
907.00	44044.20
908.00	43714.19
909.00	43978.67
910.00	44203.36
911.00	44067.61
912.00	44264.21
913.00	44067.61
914.00	44041.86
915.00	43709.50
916.00	43988.03
917.00	44191.65
918.00	44486.56
919.00	44615.29
920.00	44334.43
921.00	44376.56
922.00	44687.85
923.00	45008.50
924.00	44315.70
925.00	44325.07
926.00	44474.86
927.00	44898.50
928.00	45350.22
929.00	44980.42
930.00	44832.96
931.00	45057.65
932.00	44732.32
933.00	44921.90
934.00	44898.50
935.00	45074.04
936.00	45050.63
937.00	45464.91
938.00	45830.03
939.00	45184.04
940.00	45305.75
941.00	45958.76
942.00	45153.62
943.00	45413.41
944.00	45579.59
945.00	45205.11
946.00	45975.14
947.00	45808.96
948.00	45574.91
949.00	46141.32
950.00	45991.53
951.00	45570.23
952.00	45813.65
953.00	45780.88
954.00	45577.25
955.00	46061.74
956.00	45853.44
957.00	45982.16
958.00	45785.56
959.00	45834.71
960.00	45755.13
961.00	45996.21
962.00	45867.48
963.00	45989.19
964.00	46403.46
965.00	46562.62
966.00	46511.13
967.00	46667.94
968.00	46843.48
969.00	46602.41
970.00	46518.15
971.00	46766.24
972.00	46958.17
973.00	47248.39
974.00	46869.23
975.00	47250.74
976.00	47215.63
977.00	46920.72
978.00	47100.94
979.00	46787.31
980.00	47077.54
981.00	46824.76
982.00	47302.23
983.00	47276.48
984.00	47569.05
985.00	47536.28
986.00	47276.48
987.00	47107.96
988.00	46834.12
989.00	47299.89
990.00	46887.95
991.00	47526.92
992.00	47833.53
993.00	48069.92
994.00	47690.76
995.00	47566.71
996.00	47592.45
997.00	47749.27
998.00	47730.54
999.00	47540.96
1000.00	47878.00
1001.00	47976.30
1002.00	48215.04
1003.00	48210.35
1004.00	47702.46
1005.00	47765.65
1006.00	47683.73
1007.00	47622.88
1008.00	47812.46
1009.00	48051.20
1010.00	48212.70
1011.00	48273.55
1012.00	48481.86
1013.00	48222.06
1014.00	47838.21
1015.00	48109.71
1016.00	47646.29
1017.00	48219.72
1018.00	48060.56
1019.00	48294.61
1020.00	48203.33
1021.00	48299.30
1022.00	48568.46
1023.00	48573.14
1024.00	48531.01
1025.00	47934.17
1026.00	48198.65
1027.00	48149.50
1028.00	48697.19
1029.00	48540.37
1030.00	48893.79
1031.00	48610.59
1032.00	49027.20
1033.00	48949.96
1034.00	48704.21
1035.00	48975.71
1036.00	48734.63
1037.00	48861.02
1038.00	48512.28
1039.00	48547.39
1040.00	49205.08
1041.00	48767.40
1042.00	48788.47
1043.00	48954.64
1044.00	48811.87
1045.00	48870.39
1046.00	48903.15
1047.00	48793.15
1048.00	48945.28
1049.00	49127.84
1050.00	48769.74
1051.00	49212.10
1052.00	49263.60
1053.00	49137.21
1054.00	49338.49
1055.00	48954.64
1056.00	49205.08
1057.00	48978.05
1058.00	49272.96
1059.00	49373.60
1060.00	49034.22
1061.00	49483.61
1062.00	49574.89
1063.00	49385.30
1064.00	49305.73
1065.00	49055.29
1066.00	49088.06
1067.00	49595.95
1068.00	49488.29
1069.00	49507.01
1070.00	49352.54
1071.00	49481.27
1072.00	49291.68
1073.00	49097.42
1074.00	49279.98
1075.00	49881.50
1076.00	49499.99
1077.00	48900.81
1078.00	49345.51
1079.00	49633.40
1080.00	49663.83
1081.00	49680.21
1082.00	49799.58
1083.00	49247.21
1084.00	49242.53
1085.00	49673.19
1086.00	49825.32
1087.00	49752.77
1088.00	49958.73
1089.00	49708.30
1090.00	50251.30
1091.00	50108.53
1092.00	49780.85
1093.00	49951.71
1094.00	49949.37
1095.00	49757.45
1096.00	49940.01
1097.00	49694.25
1098.00	49956.39
1099.00	49968.10
1100.00	49780.85
1101.00	50122.57
1102.00	49869.79
1103.00	50274.71
1104.00	49610.00
1105.00	49680.21
1106.00	49958.73
1107.00	49710.64
1108.00	49698.94
1109.00	49619.36
1110.00	49705.96
1111.00	50241.94
1112.00	50230.24
1113.00	50408.12
1114.00	49928.31
1115.00	50042.99
1116.00	50248.96
1117.00	49602.97
1118.00	49902.56
1119.00	49837.03
1120.00	50092.15
1121.00	49736.38
1122.00	50333.22
1123.00	50213.85
1124.00	50071.08
1125.00	49862.77
1126.00	49635.74
1127.00	49528.08
1128.00	49970.44
1129.00	50160.02
1130.00	50101.51
1131.00	50174.06
1132.00	49949.37
1133.00	50174.06
1134.00	49914.26
1135.00	50408.12
1136.00	49888.52
1137.00	49911.92
1138.00	49986.82
1139.00	49638.08
1140.00	50080.44
1141.00	50181.09
1142.00	50499.40
1143.00	50424.50
1144.00	50162.36
1145.00	50085.12
1146.00	49886.18
1147.00	50108.53
1148.00	49516.37
1149.00	49888.52
1150.00	49794.90
1151.00	49972.78
1152.00	50223.22
1153.00	50457.27
1154.00	50181.09
1155.00	50312.16
1156.00	49883.84
1157.00	49844.05
1158.00	49741.06
1159.00	50108.53
1160.00	50153.00
1161.00	50258.32
1162.00	50363.65
1163.00	50162.36
1164.00	50234.92
1165.00	50679.62
1166.00	49977.46
1167.00	49918.95
1168.00	50199.81
1169.00	50054.70
1170.00	49673.19
1171.00	49759.79
1172.00	50244.28
1173.00	50138.96
1174.00	50005.55
1175.00	50138.96
1176.00	50237.26
1177.00	50073.42
1178.00	50045.33
1179.00	49792.56
1180.00	49846.39
1181.00	49846.39
1182.00	50178.75
1183.00	49776.17
1184.00	50131.93
1185.00	50314.50
1186.00	50291.09
1187.00	50052.36
1188.00	49902.56
1189.00	50267.69
1190.00	49712.98
1191.00	50035.97
1192.00	50010.23
1193.00	50143.64
1194.00	49902.56
1195.00	50050.02
1196.00	50309.82
1197.00	50305.13
1198.00	50419.82
1199.00	49944.69
1200.00	50190.45
1201.00	49780.85
1202.00	49827.66
1203.00	49539.78
1204.00	50019.59
1205.00	49977.46
1206.00	50333.22
1207.00	50321.52
1208.00	50361.31
1209.00	50417.48
1210.00	50206.83
1211.00	50141.30
1212.00	50000.86
1213.00	49705.96
1214.00	50183.43
1215.00	50237.26
1216.00	49907.24
1217.00	49708.30
1218.00	50396.42
1219.00	50305.13
1220.00	50281.73
1221.00	49998.52
1222.00	49818.30
1223.00	50274.71
1224.00	49930.65
1225.00	49724.68
1226.00	49703.62
1227.00	49944.69
1228.00	49895.54
1229.00	49797.24
1230.00	50101.51
1231.00	49862.77
1232.00	50117.89
1233.00	49834.69
1234.00	50103.85
1235.00	49972.78
1236.00	49738.72
1237.00	50174.06
1238.00	49689.57
1239.00	50267.69
1240.00	49661.49
1241.00	50263.00
1242.00	50300.45
1243.00	50337.90
1244.00	49750.43
1245.00	49806.60
1246.00	49743.41
1247.00	50003.20
1248.00	49677.87
1249.00	50178.75
1250.00	50028.95
1251.00	50220.87
1252.00	50316.84
1253.00	50085.12
1254.00	50686.64
1255.00	50190.45
1256.00	50480.67
1257.00	50183.43
1258.00	50160.02
1259.00	50195.13
1260.00	49514.03
1261.00	49734.04
1262.00	50398.76
1263.00	50284.07
1264.00	50314.50
1265.00	50454.93
1266.00	50485.36
1267.00	50218.53
1268.00	50199.81
1269.00	50424.50
1270.00	50017.25
1271.00	50232.58
1272.00	49762.13
1273.00	49947.03
1274.00	50138.96
1275.00	50253.64
1276.00	50632.81
1277.00	50466.63
1278.00	50464.29
1279.00	50293.43
1280.00	50408.12
1281.00	50602.38
1282.00	49982.14
1283.00	49532.76
1284.00	50019.59
1285.00	49764.47
1286.00	50024.27
1287.00	50195.13
1288.00	50202.15
1289.00	50190.45
1290.00	50593.02
1291.00	50190.45
1292.00	50209.17
1293.00	49837.03
1294.00	50110.87
1295.00	49949.37
1296.00	49956.39
1297.00	50099.17
1298.00	50286.41
1299.00	50068.74
1300.00	50681.96
1301.00	50560.25
1302.00	50387.05
1303.00	50337.90
1304.00	50134.28
1305.00	50356.63
1306.00	49886.18
1307.00	50096.83
1308.00	50007.89
1309.00	50274.71
1310.00	50188.11
1311.00	50143.64
1312.00	50000.86
1313.00	50504.08
1314.00	50206.83
1315.00	50190.45
1316.00	50356.63
1317.00	50412.80
1318.00	50185.77
1319.00	50017.25
1320.00	50080.44
1321.00	50059.38
1322.00	50244.28
1323.00	50141.30
1324.00	50370.67
1325.00	50218.53
1326.00	50248.96
1327.00	50300.45
1328.00	50265.34
1329.00	49715.32
1330.00	50248.96
1331.00	49954.05
1332.00	49656.81
1333.00	50096.83
1334.00	50330.88
1335.00	50344.92
1336.00	50141.30
1337.00	50436.20
1338.00	50031.29
1339.00	49998.52
1340.00	50248.96
1341.00	50005.55
1342.00	50124.91
1343.00	49951.71
1344.00	49998.52
1345.00	49673.19
1346.00	49762.13
1347.00	49925.97
1348.00	50361.31
1349.00	49911.92
1350.00	50042.99
1351.00	49979.80
1352.00	49635.74
1353.00	49607.65
1354.00	49855.75
1355.00	49677.87
1356.00	49855.75
1357.00	50000.86
1358.00	50145.98
1359.00	49867.45
1360.00	49801.92
1361.00	49963.42
1362.00	49635.74
1363.00	49668.51
1364.00	49965.76
1365.00	49560.84
1366.00	49717.66
1367.00	49528.08
1368.00	49188.70
1369.00	49258.91
1370.00	49539.78
1371.00	49209.76
1372.00	48980.39
1373.00	49542.12
1374.00	49701.28
1375.00	49818.30
1376.00	49488.29
1377.00	49525.74
1378.00	49104.44
1379.00	49256.57
1380.00	49301.04
1381.00	49343.17
1382.00	49169.97
1383.00	49415.73
1384.00	48828.26
1385.00	49385.30
1386.00	49249.55
1387.00	49099.76
1388.00	49200.40
1389.00	49411.05
1390.00	49366.58
1391.00	49247.21
1392.00	48971.03
1393.00	48875.07
1394.00	48767.40
1395.00	49106.78
1396.00	49195.72
1397.00	48945.28
1398.00	49010.82
1399.00	49235.51
1400.00	49406.37
1401.00	49483.61
1402.00	48978.05
1403.00	49010.82
1404.00	48835.28
1405.00	48729.95
1406.00	48285.25
1407.00	49048.27
1408.00	48552.07
1409.00	49193.38
1410.00	48835.28
1411.00	49298.70
1412.00	48809.53
1413.00	48905.49
1414.00	48626.97
1415.00	48383.55
1416.00	48975.71
1417.00	48851.66
1418.00	48353.13
1419.00	48076.94
1420.00	48128.44
1421.00	48486.54
1422.00	48516.96
1423.00	48432.71
1424.00	48465.47
1425.00	48360.15
1426.00	48664.42
1427.00	48603.56
1428.00	48395.26
1429.00	48385.89
1430.00	47964.60
1431.00	48559.09
1432.00	48264.19
1433.00	47901.40
1434.00	48112.05
1435.00	48215.04
1436.00	47969.28
1437.00	47791.40
1438.00	48371.85
1439.00	48631.65
1440.00	48177.59
1441.00	48645.69
1442.00	47569.05
1443.00	47840.55
1444.00	47557.35
1445.00	47725.86
1446.00	47938.85
1447.00	47423.93
1448.00	47821.83
1449.00	47337.33
1450.00	47800.76
1451.00	48034.81
1452.00	47627.56
1453.00	47700.12
1454.00	47810.12
1455.00	47929.49
1456.00	47173.50
1457.00	47334.99
1458.00	47566.71
1459.00	47105.62
1460.00	47461.38
1461.00	47573.73
1462.00	47386.49
1463.00	47555.00
1464.00	47798.42
1465.00	47625.22
1466.00	47456.70
1467.00	47208.61
1468.00	47089.24
1469.00	47246.05
1470.00	47320.95
1471.00	46766.24
1472.00	46843.48
1473.00	47103.28
1474.00	46822.42
1475.00	47082.22
1476.00	47334.99
1477.00	46803.69
1478.00	47093.92
1479.00	47250.74
1480.00	47119.66
1481.00	47260.10
1482.00	47236.69
1483.00	46815.40
1484.00	46190.47
1485.00	46272.39
1486.00	46417.50
1487.00	46501.76
1488.00	46651.56
1489.00	46050.04
1490.00	46483.04
1491.00	46153.02
1492.00	46796.67
1493.00	46366.01
1494.00	46429.21
1495.00	46471.34
1496.00	46000.89
1497.00	46202.18
1498.00	46153.02
1499.00	46007.91
1500.00	46021.95
1501.00	46036.00
1502.00	46010.25
1503.00	46150.68
1504.00	45806.62
1505.00	46595.38
1506.00	46195.15
1507.00	45958.76
1508.00	46328.56
1509.00	45830.03
1510.00	45921.31
1511.00	45507.04
1512.00	45530.44
1513.00	45684.92
1514.00	45343.20
1515.00	45848.75
1516.00	45879.18
1517.00	45684.92
1518.00	45928.33
1519.00	45411.07
1520.00	45390.01
1521.00	45830.03
1522.00	45221.49
1523.00	45471.93
1524.00	45820.67
1525.00	45483.63
1526.00	45284.68
1527.00	45420.44
1528.00	44854.03
1529.00	45090.42
1530.00	45057.65
1531.00	45296.39
1532.00	45186.38
1533.00	45134.89
1534.00	45406.39
1535.00	44985.10
1536.00	45263.62
1537.00	45242.56
1538.00	45057.65
1539.00	44783.81
1540.00	44748.70
1541.00	44776.79
1542.00	44797.85
1543.00	44847.00
1544.00	44713.59
1545.00	44638.70
1546.00	44797.85
1547.00	45223.83
1548.00	44741.68
1549.00	44949.99
1550.00	44800.19
1551.00	44624.65
1552.00	44509.97
1553.00	44381.24
1554.00	44399.96
1555.00	44439.75
1556.00	44208.04
1557.00	43962.28
1558.00	44217.40
1559.00	44226.76
1560.00	44357.83
1561.00	44509.97
1562.00	44149.53
1563.00	44662.10
1564.00	44348.47
1565.00	43819.51
1566.00	44137.82
1567.00	43683.76
1568.00	43636.95
1569.00	44032.50
1570.00	44076.97
1571.00	43604.18
1572.00	43938.88
1573.00	43828.87
1574.00	43772.70
1575.00	43943.56
1576.00	44044.20
1577.00	44222.08
1578.00	43929.51
1579.00	44102.71
1580.00	43761.00
1581.00	43871.00
1582.00	43498.86
1583.00	43859.30
1584.00	43503.54
1585.00	43695.46
1586.00	43386.51
1587.00	42899.68
1588.00	43154.80
1589.00	43559.71
1590.00	43463.75
1591.00	43140.75
1592.00	43660.35
1593.00	43433.32
1594.00	43454.39
1595.00	43517.58
1596.00	43007.34
1597.00	43208.63
1598.00	42703.07
1599.00	42763.93
1600.00	43157.14
1601.00	42766.27
1602.00	42897.34
1603.00	42705.41
1604.00	43147.78
1605.00	42904.36
1606.00	42794.36
1607.00	42955.85
1608.00	42913.72
1609.00	42925.42
1610.00	42103.90
1611.00	42445.62
1612.00	42665.63
1613.00	42595.41
1614.00	42639.88
1615.00	42380.08
1616.00	42473.70
1617.00	42923.08
1618.00	42672.65
1619.00	42370.72
1620.00	42674.99
1621.00	42375.40
1622.00	42768.61
1623.00	42770.95
1624.00	42246.67
1625.00	42632.86
1626.00	42529.87
1627.00	42642.22
1628.00	42036.02
1629.00	42277.10
1630.00	42405.83
1631.00	41846.44
1632.00	42010.28
1633.00	41930.70
1634.00	42642.22
1635.00	41942.40
1636.00	41827.71
1637.00	42490.09
1638.00	42209.22
1639.00	41605.36
1640.00	42113.26
1641.00	42000.91
1642.00	41626.43
1643.00	41495.36
1644.00	41436.84
1645.00	41790.27
1646.00	41790.27
1647.00	41790.27
1648.00	41500.04
1649.00	42127.30
1650.00	41378.33
1651.00	41696.64
1652.00	41577.28
1653.00	41537.49
1654.00	41521.10
1655.00	41504.72
1656.00	41235.56
1657.00	41324.50
1658.00	41034.27
1659.00	40942.99
1660.00	40935.97
1661.00	41167.68
1662.00	40772.13
1663.00	40722.98
1664.00	40975.76
1665.00	40903.20
1666.00	41401.74
1667.00	41331.52
1668.00	41247.26
1669.00	41200.45
1670.00	40914.90
1671.00	40898.52
1672.00	40982.78
1673.00	41029.59
1674.00	40905.54
1675.00	40512.33
1676.00	40589.57
1677.00	40385.94
1678.00	40203.38
1679.00	40781.49
1680.00	40519.35
1681.00	40790.86
1682.00	40849.37
1683.00	40327.43
1684.00	40444.46
1685.00	40610.64
1686.00	40346.15
1687.00	40112.10
1688.00	40449.14
1689.00	40334.45
1690.00	40292.32
1691.00	39641.65
1692.00	40308.71
1693.00	40128.48
1694.00	40018.48
1695.00	39859.32
1696.00	40250.19
1697.00	40018.48
1698.00	40498.29
1699.00	40055.93
1700.00	39772.72
1701.00	40013.80
1702.00	39498.88
1703.00	39672.08
1704.00	39679.10
1705.00	39468.45
1706.00	39337.38
1707.00	39655.70
1708.00	39449.73
1709.00	39538.67
1710.00	39887.41
1711.00	39367.81
1712.00	39173.55
1713.00	39721.23
1714.00	39529.31
1715.00	39398.24
1716.00	39349.09
1717.00	39108.01
1718.00	39342.06
1719.00	39416.96
1720.00	39349.09
1721.00	39084.61
1722.00	38824.81
1723.00	38511.17
1724.00	38824.81
1725.00	38361.38
1726.00	38747.57
1727.00	38349.68
1728.00	38763.95
1729.00	38693.74
1730.00	38232.65
1731.00	38398.83
1732.00	38607.14
1733.00	38501.81
1734.00	38206.90
1735.00	38614.16
1736.00	38429.26
1737.00	37998.60
1738.00	37879.23
1739.00	38066.47
1740.00	38277.12
1741.00	38019.66
1742.00	38326.27
1743.00	38050.09
1744.00	37633.47
1745.00	37897.95
1746.00	38000.94
1747.00	38050.09
1748.00	37539.85
1749.00	37738.80
1750.00	37680.28
1751.00	37514.11
1752.00	37785.61
1753.00	36903.23
1754.00	36978.12
1755.00	37085.79
1756.00	37319.84
1757.00	36676.19
1758.00	37354.95
1759.00	36643.43
1760.00	36938.33
1761.00	36921.95
1762.00	37055.36
1763.00	37317.50
1764.00	37226.22
1765.00	36622.36
1766.00	36779.18
1767.00	36690.24
1768.00	36615.34
1769.00	36430.44
1770.00	36140.21
1771.00	36601.30
1772.00	36456.18
1773.00	36397.67
1774.00	36407.03
1775.00	36100.42
1776.00	36341.50
1777.00	36348.52
1778.00	36079.36
1779.00	35725.94
1780.00	36114.47
1781.00	35644.02
1782.00	35749.34
1783.00	35653.38
1784.00	35388.90
1785.00	35541.03
1786.00	35264.85
1787.00	35505.93
1788.00	35262.51
1789.00	35370.18
1790.00	35227.40
1791.00	34948.88
1792.00	35201.66
1793.00	34883.34
1794.00	35157.19
1795.00	35145.48
1796.00	35089.31
1797.00	35318.68
1798.00	35168.89
1799.00	35229.74
1800.00	34810.79
1801.00	34471.41
1802.00	34731.21
1803.00	35108.04
1804.00	34560.35
1805.00	34153.10
1806.00	34576.73
1807.00	33701.37
1808.00	34026.71
1809.00	34508.86
1810.00	34265.44
1811.00	33752.87
1812.00	33914.36
1813.00	33802.02
1814.00	33645.20
1815.00	33916.70
1816.00	33631.16
1817.00	33923.72
1818.00	33816.06
1819.00	33869.89
1820.00	32926.66
1821.00	33263.69
1822.00	33263.69
1823.00	33076.45
1824.00	33017.94
1825.00	32767.50
1826.00	33247.31
1827.00	32865.80
1828.00	33020.28
1829.00	32917.29
1830.00	33057.73
1831.00	32114.49
1832.00	32921.98
1833.00	32680.90
1834.00	32615.37
1835.00	32446.85
1836.00	32390.67
1837.00	31585.53
1838.00	31990.44
1839.00	31747.03
1840.00	31597.23
1841.00	31744.69
1842.00	31625.32
1843.00	31789.16
1844.00	31651.06
1845.00	31833.63
1846.00	31501.27
1847.00	31002.74
1848.00	31047.21
1849.00	31021.46
1850.00	30845.92
1851.00	30572.08
1852.00	30518.25
1853.00	30604.84
1854.00	30581.44
1855.00	30513.56
1856.00	30441.01
1857.00	30246.74
1858.00	30382.49
1859.00	29804.38
1860.00	30110.99
1861.00	30171.85
1862.00	30057.16
1863.00	30263.13
1864.00	29986.94
1865.00	29692.04
1866.00	29397.13
1867.00	29453.30
1868.00	29481.39
1869.00	29467.34
1870.00	29277.76
1871.00	29184.14
1872.00	28940.72
1873.00	29092.86
1874.00	28671.56
1875.00	28804.97
1876.00	28893.91
1877.00	28877.53
1878.00	28294.74
1879.00	28575.60
1880.00	28070.04
1881.00	28442.19
1882.00	28540.49
1883.00	28570.92
1884.00	28154.30
1885.00	28158.99
1886.00	27920.25
1887.00	27978.76
1888.00	27681.52
1889.00	27751.73
1890.00	27377.25
1891.00	27447.46
1892.00	26972.33
1893.00	27030.85
1894.00	27147.87
1895.00	27056.59
1896.00	26897.44
1897.00	26965.31
1898.00	26946.59
1899.00	27129.15
1900.00	27360.86
1901.00	26740.62
1902.00	26782.75
1903.00	27009.78
1904.00	26771.05
1905.00	25970.58
1906.00	26052.50
1907.00	25745.89
1908.00	25504.82
1909.00	25972.92
1910.00	25443.96
1911.00	25420.56
1912.00	25678.02
1913.00	25401.83
1914.00	25568.01
1915.00	25696.74
1916.00	25404.17
1917.00	25413.54
1918.00	25488.43
1919.00	25092.88
1920.00	25418.22
1921.00	25294.17
1922.00	25010.96
1923.00	24812.02
1924.00	25008.62
1925.00	24402.43
1926.00	24797.98
1927.00	24149.65
1928.00	23864.10
1929.00	24060.71
1930.00	24121.56
1931.00	24121.56
1932.00	24098.16
1933.00	23726.01
1934.00	24067.73
1935.00	24203.48
1936.00	23995.17
1937.00	23913.25
1938.00	23885.17
1939.00	23559.83
1940.00	23580.90
1941.00	23527.06
1942.00	23349.18
1943.00	23204.07
1944.00	23178.33
1945.00	22904.48
1946.00	22937.25
1947.00	22895.12
1948.00	22656.39
1949.00	22602.55
1950.00	22614.26
1951.00	22242.11
1952.00	22480.85
1953.00	22438.72
1954.00	22118.06
1955.00	22625.96
1956.00	22214.02
1957.00	21989.33
1958.00	22143.81
1959.00	22104.02
1960.00	21933.16
1961.00	21965.93
1962.00	21869.97
1963.00	21455.69
1964.00	21610.17
1965.00	21303.56
1966.00	21195.89
1967.00	20844.81
1968.00	21123.33
1969.00	20891.62
1970.00	20821.41
1971.00	20987.58
1972.00	21053.12
1973.00	20952.48
1974.00	20655.23
1975.00	20837.79
1976.00	20531.18
1977.00	20683.31
1978.00	20240.95
1979.00	20559.27
1980.00	20545.22
1981.00	20388.41
1982.00	19864.13
1983.00	19756.46
1984.00	19658.16
1985.00	19651.14
1986.00	19644.12
1987.00	19344.53
1988.00	19335.17
1989.00	19309.42
1990.00	19606.67
1991.00	19559.86
1992.00	19166.65
1993.00	19143.24
1994.00	19213.46
1995.00	19559.86
1996.00	19213.46
1997.00	18958.34
1998.00	19019.19
1999.00	18731.31
2000.00	18483.21
2001.00	18719.60
2002.00	18614.28
2003.00	18387.25
2004.00	18480.87
2005.00	17898.08
2006.00	18068.94
2007.00	17874.67
2008.00	17872.33
2009.00	17689.77
2010.00	17745.94
2011.00	17881.69
2012.00	17916.80
2013.00	17727.22
2014.00	17797.43
2015.00	17738.92
2016.00	17465.08
2017.00	17305.92
2018.00	17649.98
2019.00	17282.52
2020.00	17153.79
2021.00	17219.32
2022.00	17104.64
2023.00	16599.08
2024.00	16716.11
2025.00	16606.10
2026.00	16723.13
2027.00	16746.53
2028.00	16388.43
2029.00	16468.01
2030.00	16760.58
2031.00	16311.19
2032.00	16336.94
2033.00	16470.35
2034.00	16505.46
2035.00	16170.76
2036.00	16016.29
2037.00	15910.96
2038.00	16123.95
2039.00	16116.93
2040.00	15807.98
2041.00	15812.66
2042.00	15683.93
2043.00	15660.52
2044.00	15620.74
2045.00	15651.16
2046.00	15463.92
2047.00	15150.29
