0.00	1053.24
1.00	1053.24
2.00	1053.24
3.00	915.15
4.00	924.51
5.00	931.53
6.00	968.98
7.00	933.87
8.00	971.32
9.00	933.87
10.00	950.26
11.00	898.77
12.00	950.26
13.00	966.64
14.00	863.66
15.00	894.08
16.00	983.02
17.00	987.71
18.00	992.39
19.00	1022.81
20.00	931.53
21.00	1001.75
22.00	1006.43
23.00	1034.52
24.00	1107.07
25.00	1331.76
26.00	1418.36
27.00	1446.45
28.00	1432.41
29.00	1509.65
30.00	1458.15
31.00	1488.58
32.00	1413.68
33.00	1526.03
34.00	1556.46
35.00	1509.65
36.00	1500.28
37.00	1584.54
38.00	1542.41
39.00	1556.46
40.00	1542.41
41.00	1549.43
42.00	1640.72
43.00	1570.50
44.00	1593.90
45.00	1682.85
46.00	1612.63
47.00	1605.61
48.00	1605.61
49.00	1640.72
50.00	1582.20
51.00	1610.29
52.00	1666.46
53.00	1661.78
54.00	1633.69
55.00	1603.27
56.00	1619.65
57.00	1664.12
58.00	1701.57
59.00	1762.42
60.00	1689.87
61.00	1708.59
62.00	1619.65
63.00	1631.35
64.00	1710.93
65.00	1650.08
66.00	1701.57
67.00	1739.02
68.00	1713.27
69.00	1614.97
70.00	1687.53
71.00	1736.68
72.00	1778.81
73.00	1743.70
74.00	1755.40
75.00	1727.32
76.00	1795.19
77.00	1837.32
78.00	1799.87
79.00	1806.89
80.00	1781.15
81.00	1797.53
82.00	1874.77
83.00	1856.04
84.00	1830.30
85.00	1905.20
86.00	1912.22
87.00	1823.28
88.00	1914.56
89.00	1884.13
90.00	1820.94
91.00	1858.39
92.00	1928.60
93.00	1891.15
94.00	1959.03
95.00	1933.28
96.00	2022.22
97.00	1928.60
98.00	1891.15
99.00	1919.24
100.00	1970.73
101.00	1905.20
102.00	1966.05
103.00	1998.82
104.00	1919.24
105.00	2022.22
106.00	1937.96
107.00	1982.43
108.00	2015.20
109.00	2045.63
110.00	2003.50
111.00	2167.34
112.00	2036.27
113.00	2062.01
114.00	1975.41
115.00	2022.22
116.00	2003.50
117.00	2125.21
118.00	2012.86
119.00	2043.29
120.00	2111.16
121.00	2085.42
122.00	2122.87
123.00	2083.08
124.00	2080.74
125.00	2111.16
126.00	2146.27
127.00	2150.95
128.00	2120.53
129.00	2246.91
130.00	2202.44
131.00	2244.57
132.00	2134.57
133.00	2181.38
134.00	2209.47
135.00	2190.74
136.00	2272.66
137.00	2223.51
138.00	2249.25
139.00	2246.91
140.00	2272.66
141.00	2300.75
142.00	2286.70
143.00	2282.02
144.00	2314.79
145.00	2363.94
146.00	2392.03
147.00	2417.77
148.00	2375.64
149.00	2373.30
150.00	2464.58
151.00	2429.48
152.00	2380.32
153.00	2462.24
154.00	2464.58
155.00	2370.96
156.00	2415.43
157.00	2476.29
158.00	2588.63
159.00	2532.46
160.00	2546.50
161.00	2630.76
162.00	2544.16
163.00	2565.23
164.00	2593.31
165.00	2658.85
166.00	2572.25
167.00	2651.83
168.00	2628.42
169.00	2729.06
170.00	2574.59
171.00	2607.36
172.00	2642.46
173.00	2712.68
174.00	2675.23
175.00	2752.47
176.00	2675.23
177.00	2766.51
178.00	2656.51
179.00	2775.88
180.00	2712.68
181.00	2754.81
182.00	2855.45
183.00	2913.97
184.00	2796.94
185.00	2836.73
186.00	2803.96
187.00	2925.67
188.00	2864.82
189.00	2789.92
190.00	2967.80
191.00	2899.92
192.00	2890.56
193.00	2916.31
194.00	2991.20
195.00	3073.12
196.00	3002.91
197.00	3023.97
198.00	3087.17
199.00	3023.97
200.00	3150.36
201.00	3126.96
202.00	3164.40
203.00	3152.70
204.00	3152.70
205.00	3061.42
206.00	3227.60
207.00	3225.26
208.00	3328.24
209.00	3229.94
210.00	3229.94
211.00	3361.01
212.00	3246.32
213.00	3227.60
214.00	3239.30
215.00	3337.60
216.00	3351.65
217.00	3389.10
218.00	3346.97
219.00	3424.20
220.00	3342.28
221.00	3407.82
222.00	3623.15
223.00	3494.42
224.00	3578.68
225.00	3588.04
226.00	3550.59
227.00	3534.21
228.00	3623.15
229.00	3676.98
230.00	3585.70
231.00	3616.13
232.00	3770.60
233.00	3786.99
234.00	3794.01
235.00	3597.40
236.00	3763.58
237.00	3768.26
238.00	3878.27
239.00	3836.14
240.00	3840.82
241.00	3885.29
242.00	4025.72
243.00	4018.70
244.00	3976.57
245.00	4088.92
246.00	3932.10
247.00	4072.53
248.00	4180.20
249.00	4114.66
250.00	4107.64
251.00	4241.05
252.00	4177.86
253.00	4278.50
254.00	4269.14
255.00	4187.22
256.00	4318.29
257.00	4411.91
258.00	4470.42
259.00	4510.21
260.00	4503.19
261.00	4456.38
262.00	4456.38
263.00	4510.21
264.00	4507.87
265.00	4528.94
266.00	4582.77
267.00	4617.88
268.00	4793.42
269.00	4662.35
270.00	4755.97
271.00	4854.27
272.00	4753.63
273.00	4795.76
274.00	4936.19
275.00	4978.32
276.00	4772.35
277.00	4718.52
278.00	5081.30
279.00	4772.35
280.00	4929.17
281.00	5198.33
282.00	5057.90
283.00	5083.64
284.00	5083.64
285.00	5149.18
286.00	5139.82
287.00	5163.22
288.00	5071.94
289.00	5064.92
290.00	5179.61
291.00	5214.71
292.00	5114.07
293.00	5298.97
294.00	5322.38
295.00	5364.51
296.00	5305.99
297.00	5329.40
298.00	5399.62
299.00	5109.39
300.00	5369.19
301.00	5273.23
302.00	5088.32
303.00	5123.43
304.00	5394.93
305.00	5378.55
306.00	5254.50
307.00	5282.59
308.00	5273.23
309.00	5376.21
310.00	5280.25
311.00	5418.34
312.00	5235.78
313.00	5315.36
314.00	5343.44
315.00	5327.06
316.00	5411.32
317.00	5420.68
318.00	5369.19
319.00	5448.77
320.00	5401.96
321.00	5526.00
322.00	5509.62
323.00	5518.98
324.00	5523.66
325.00	5640.69
326.00	5619.63
327.00	5722.61
328.00	5579.84
329.00	5736.65
330.00	5570.48
331.00	5682.82
332.00	5764.74
333.00	5636.01
334.00	5806.87
335.00	5902.83
336.00	5839.64
337.00	5760.06
338.00	5944.96
339.00	5937.94
340.00	5951.98
341.00	5919.21
342.00	6010.50
343.00	5933.26
344.00	6160.29
345.00	5982.41
346.00	6106.46
347.00	6209.44
348.00	6022.20
349.00	6111.14
350.00	6141.57
351.00	6246.89
352.00	6216.46
353.00	6106.46
354.00	6384.98
355.00	6169.65
356.00	6347.53
357.00	6443.49
358.00	6347.53
359.00	6469.24
360.00	6401.37
361.00	6396.68
362.00	6597.97
363.00	6523.07
364.00	6480.94
365.00	6455.20
366.00	6520.73
367.00	6686.91
368.00	6609.67
369.00	6689.25
370.00	6548.82
371.00	6544.14
372.00	6504.35
373.00	6780.53
374.00	6541.80
375.00	6693.93
376.00	6778.19
377.00	6640.10
378.00	6759.47
379.00	6923.30
380.00	6956.07
381.00	6841.39
382.00	7047.35
383.00	7178.42
384.00	7143.32
385.00	7297.79
386.00	7304.81
387.00	7150.34
388.00	7281.41
389.00	7166.72
390.00	7454.61
391.00	7583.34
392.00	7342.26
393.00	7527.16
394.00	7435.88
395.00	7569.29
396.00	7669.94
397.00	7686.32
398.00	7784.62
399.00	7667.60
400.00	7826.75
401.00	7864.20
402.00	7700.36
403.00	7896.97
404.00	7939.10
405.00	7929.74
406.00	8004.63
407.00	8189.53
408.00	7735.47
409.00	7637.17
410.00	7899.31
411.00	8159.11
412.00	7992.93
413.00	7985.91
414.00	8212.94
415.00	8032.72
416.00	7936.76
417.00	7992.93
418.00	8142.72
419.00	8037.40
420.00	8156.77
421.00	8215.28
422.00	8138.04
423.00	7964.84
424.00	8154.43
425.00	8159.11
426.00	8091.23
427.00	8208.26
428.00	7992.93
429.00	8264.43
430.00	8152.09
431.00	8013.99
432.00	8161.45
433.00	8161.45
434.00	8145.06
435.00	8351.03
436.00	8290.18
437.00	8196.56
438.00	8514.87
439.00	8428.27
440.00	8610.83
441.00	8409.54
442.00	8524.23
443.00	8575.72
444.00	8432.95
445.00	8482.10
446.00	8734.88
447.00	8812.12
448.00	8629.56
449.00	8667.00
450.00	8540.61
451.00	8648.28
452.00	8851.91
453.00	8760.63
454.00	8917.44
455.00	8835.52
456.00	8681.05
457.00	8800.41
458.00	8882.33
459.00	8793.39
460.00	8774.67
461.00	9114.05
462.00	8882.33
463.00	8924.46
464.00	8734.88
465.00	9062.55
466.00	8999.36
467.00	9102.34
468.00	9151.49
469.00	9057.87
470.00	9303.63
471.00	9214.69
472.00	9275.54
473.00	9331.72
474.00	9338.74
475.00	9315.33
476.00	9516.62
477.00	9411.29
478.00	9591.52
479.00	9458.10
480.00	9788.12
481.00	9469.81
482.00	9851.31
483.00	9813.87
484.00	9713.22
485.00	9790.46
486.00	9703.86
487.00	9966.00
488.00	9851.31
489.00	9823.23
490.00	9870.04
491.00	9846.63
492.00	9935.57
493.00	9769.40
494.00	9968.34
495.00	10157.92
496.00	10108.77
497.00	9956.64
498.00	9954.30
499.00	10164.95
500.00	10202.40
501.00	10183.67
502.00	10265.59
503.00	10204.74
504.00	10153.24
505.00	10469.22
506.00	10176.65
507.00	10274.95
508.00	10558.16
509.00	10494.96
510.00	10485.60
511.00	10672.84
512.00	10586.24
513.00	10752.42
514.00	10661.14
515.00	10455.17
516.00	10663.48
517.00	10588.58
518.00	10544.11
519.00	10815.62
520.00	10452.83
521.00	10860.09
522.00	10824.98
523.00	10764.12
524.00	10731.36
525.00	10841.36
526.00	10960.73
527.00	10995.84
528.00	11073.07
529.00	10839.02
530.00	10848.38
531.00	11154.99
532.00	10867.11
533.00	11026.26
534.00	11112.86
535.00	11019.24
536.00	10995.84
537.00	10789.87
538.00	11000.52
539.00	11234.57
540.00	11164.36
541.00	11070.73
542.00	11096.48
543.00	11337.56
544.00	11281.38
545.00	11482.67
546.00	11405.43
547.00	11293.08
548.00	11414.79
549.00	11651.19
550.00	11545.86
551.00	11740.13
552.00	11648.85
553.00	11655.87
554.00	11721.40
555.00	11723.74
556.00	12009.29
557.00	11641.82
558.00	12091.21
559.00	11918.01
560.00	11805.66
561.00	12187.17
562.00	12241.00
563.00	12028.01
564.00	12170.79
565.00	12358.03
566.00	12468.03
567.00	12542.93
568.00	12416.54
569.00	12453.99
570.00	12472.71
571.00	12388.46
572.00	12699.75
573.00	12589.74
574.00	12737.20
575.00	12652.94
576.00	13020.40
577.00	13130.41
578.00	13107.00
579.00	13165.51
580.00	12954.87
581.00	13195.94
582.00	13219.35
583.00	13530.64
584.00	13502.55
585.00	13750.65
586.00	13767.03
587.00	13886.40
588.00	13586.81
589.00	13734.26
590.00	14078.32
591.00	14190.67
592.00	14171.94
593.00	14113.43
594.00	14607.28
595.00	14373.23
596.00	14590.90
597.00	14588.56
598.00	14677.50
599.00	15124.54
600.00	14834.32
601.00	15477.96
602.00	15051.99
603.00	15353.91
604.00	15255.61
605.00	15257.95
606.00	15978.84
607.00	15566.90
608.00	15719.04
609.00	15786.91
610.00	15775.21
611.00	15941.39
612.00	16315.87
613.00	16191.83
614.00	16313.53
615.00	16477.37
616.00	16805.05
617.00	16819.09
618.00	16542.91
619.00	17149.11
620.00	17114.00
621.00	17352.73
622.00	17591.47
623.00	17738.92
624.00	17823.18
625.00	17729.56
626.00	17813.82
627.00	17928.50
628.00	17989.36
629.00	18408.31
630.00	18520.66
631.00	19000.47
632.00	18885.78
633.00	18892.80
634.00	19014.51
635.00	19047.28
636.00	19241.54
637.00	19290.70
638.00	19651.14
639.00	19438.15
640.00	19517.73
641.00	19845.40
642.00	19833.70
643.00	20341.60
644.00	20662.25
645.00	20608.42
646.00	20442.24
647.00	20690.34
648.00	21078.86
649.00	20980.56
650.00	21338.66
651.00	21539.95
652.00	21399.52
653.00	21996.35
654.00	21834.86
655.00	21776.34
656.00	21846.56
657.00	22211.68
658.00	22583.83
659.00	22562.76
660.00	22750.01
661.00	22948.95
662.00	23087.04
663.00	23330.46
664.00	23239.18
665.00	23644.09
666.00	23349.18
667.00	24336.89
668.00	23632.39
669.00	23555.15
670.00	24226.89
671.00	24306.46
672.00	24088.79
673.00	24463.28
674.00	24329.87
675.00	24854.15
676.00	24694.99
677.00	24718.40
678.00	25081.18
679.00	25032.03
680.00	25355.02
681.00	25343.32
682.00	25680.36
683.00	25397.15
684.00	26230.38
685.00	26202.30
686.00	25841.85
687.00	26221.02
688.00	26183.57
689.00	26316.98
690.00	26499.55
691.00	26808.50
692.00	27166.60
693.00	27302.35
694.00	27276.60
695.00	27435.76
696.00	27721.30
697.00	27641.73
698.00	27658.11
699.00	27922.59
700.00	27803.22
701.00	28158.99
702.00	28435.17
703.00	28542.83
704.00	28636.45
705.00	28748.80
706.00	28704.33
707.00	28599.01
708.00	29137.33
709.00	29343.30
710.00	29303.51
711.00	29151.37
712.00	29743.53
713.00	29013.28
714.00	29546.92
715.00	29619.48
716.00	30169.51
717.00	30134.40
718.00	30361.43
719.00	29825.45
720.00	30064.18
721.00	30368.45
722.00	29979.92
723.00	30567.40
724.00	30803.79
725.00	31178.28
726.00	30927.84
727.00	30574.42
728.00	31250.83
729.00	31292.96
730.00	31047.21
731.00	31428.71
732.00	31637.02
733.00	31651.06
734.00	31447.44
735.00	31519.99
736.00	31644.04
737.00	31700.22
738.00	31938.95
739.00	32273.65
740.00	31964.70
741.00	32456.21
742.00	32109.81
743.00	32009.17
744.00	32940.70
745.00	32594.30
746.00	32854.10
747.00	33001.55
748.00	33198.16
749.00	32797.93
750.00	33139.65
751.00	33261.35
752.00	32697.28
753.00	33469.66
754.00	33425.19
755.00	33802.02
756.00	33310.50
757.00	33970.54
758.00	33727.12
759.00	33764.57
760.00	34281.83
761.00	34405.88
762.00	34272.46
763.00	34019.69
764.00	34394.17
765.00	34183.52
766.00	34347.36
767.00	34476.09
768.00	34553.33
769.00	35000.37
770.00	34663.33
771.00	35054.20
772.00	35351.45
773.00	35229.74
774.00	34937.18
775.00	35047.18
776.00	35344.43
777.00	35393.58
778.00	35594.87
779.00	35674.45
780.00	36030.21
781.00	35967.01
782.00	35791.47
783.00	36074.68
784.00	35995.10
785.00	36563.85
786.00	36116.81
787.00	36575.55
788.00	36725.35
789.00	36774.50
790.00	36341.50
791.00	36687.90
792.00	36982.80
793.00	36531.08
794.00	36954.72
795.00	36774.50
796.00	37127.92
797.00	36823.65
798.00	36914.93
799.00	37188.77
800.00	37418.14
801.00	37673.26
802.00	37593.68
803.00	37553.90
804.00	37661.56
805.00	37596.03
806.00	37736.46
807.00	37790.29
808.00	38213.93
809.00	38279.46
810.00	38501.81
811.00	38244.35
812.00	38689.06
813.00	38447.98
814.00	38270.10
815.00	38359.04
816.00	38440.96
817.00	38707.78
818.00	38763.95
819.00	38305.21
820.00	38766.29
821.00	38864.60
822.00	38843.53
823.00	38452.66
824.00	39173.55
825.00	38892.68
826.00	39618.25
827.00	39313.98
828.00	39454.41
829.00	39414.62
830.00	39533.99
831.00	39302.28
832.00	39082.27
833.00	39541.01
834.00	39662.72
835.00	39770.38
836.00	39798.47
837.00	40121.46
838.00	39629.95
839.00	39688.46
840.00	40079.33
841.00	39915.50
842.00	40341.47
843.00	40847.03
844.00	40835.33
845.00	40470.20
846.00	40463.18
847.00	40357.86
848.00	41085.76
849.00	40577.87
850.00	41010.87
851.00	41123.21
852.00	41055.34
853.00	40821.28
854.00	40933.63
855.00	41045.97
856.00	41123.21
857.00	41251.94
858.00	41738.77
859.00	42188.16
860.00	41771.54
861.00	41383.01
862.00	41443.87
863.00	41429.82
864.00	41654.51
865.00	41862.82
866.00	41825.37
867.00	42117.94
868.00	41881.55
869.00	42291.14
870.00	42178.79
871.00	41942.40
872.00	42108.58
873.00	42190.50
874.00	42370.72
875.00	42511.15
876.00	42848.19
877.00	42920.74
878.00	42948.83
879.00	42452.64
880.00	42712.44
881.00	42387.10
882.00	42724.14
883.00	42651.58
884.00	42876.27
885.00	43407.58
886.00	42658.60
887.00	42974.58
888.00	42962.87
889.00	42623.50
890.00	43154.80
891.00	43732.91
892.00	42974.58
893.00	43309.27
894.00	43487.15
895.00	43475.45
896.00	43739.93
897.00	43311.61
898.00	43578.43
899.00	43775.04
900.00	43999.73
901.00	43681.42
902.00	44329.75
903.00	44048.88
904.00	43835.89
905.00	44163.57
906.00	44025.48
907.00	43962.28
908.00	44240.81
909.00	44416.35
910.00	44133.14
911.00	44612.95
912.00	44690.19
913.00	44034.84
914.00	44144.84
915.00	43695.46
916.00	44957.01
917.00	44509.97
918.00	45052.97
919.00	44868.07
920.00	44341.45
921.00	44825.94
922.00	44645.72
923.00	44767.43
924.00	44425.71
925.00	44751.04
926.00	44486.56
927.00	45343.20
928.00	45815.99
929.00	45331.50
930.00	45162.98
931.00	44863.39
932.00	45268.30
933.00	45226.17
934.00	45382.99
935.00	45179.36
936.00	45333.84
937.00	46003.23
938.00	45612.36
939.00	45518.74
940.00	45605.34
941.00	45724.71
942.00	45272.98
943.00	45539.80
944.00	45904.93
945.00	45528.10
946.00	45895.56
947.00	46012.59
948.00	45698.96
949.00	46546.23
950.00	45825.35
951.00	46017.27
952.00	45815.99
953.00	46110.89
954.00	46082.81
955.00	46134.30
956.00	46515.81
957.00	46241.96
958.00	46426.87
959.00	45853.44
960.00	46307.50
961.00	45626.40
962.00	46373.03
963.00	46277.07
964.00	46534.53
965.00	46543.89
966.00	46667.94
967.00	47129.03
968.00	46820.08
969.00	46609.43
970.00	46913.70
971.00	47098.60
972.00	47285.84
973.00	47283.50
974.00	47194.56
975.00	46990.94
976.00	47550.32
977.00	46866.89
978.00	46836.46
979.00	46742.84
980.00	46850.50
981.00	47370.10
982.00	47643.94
983.00	47821.83
984.00	47632.24
985.00	47732.89
986.00	47379.46
987.00	47367.76
988.00	46930.08
989.00	47318.61
990.00	46918.38
991.00	47863.96
992.00	47313.93
993.00	47550.32
994.00	47931.83
995.00	47938.85
996.00	47856.93
997.00	47906.08
998.00	47969.28
999.00	47522.24
1000.00	47805.44
1001.00	48442.07
1002.00	48526.33
1003.00	47922.47
1004.00	48086.31
1005.00	47510.53
1006.00	47784.38
1007.00	47870.98
1008.00	47742.25
1009.00	48156.52
1010.00	47742.25
1011.00	48495.90
1012.00	48350.79
1013.00	48523.99
1014.00	48011.41
1015.00	48313.34
1016.00	48004.39
1017.00	48193.97
1018.00	48477.18
1019.00	48610.59
1020.00	48729.95
1021.00	48421.00
1022.00	48811.87
1023.00	48561.44
1024.00	48676.12
1025.00	48673.78
1026.00	48531.01
1027.00	48865.70
1028.00	48676.12
1029.00	48900.81
1030.00	48954.64
1031.00	49155.93
1032.00	49090.40
1033.00	48453.77
1034.00	48842.30
1035.00	48914.86
1036.00	48680.80
1037.00	48949.96
1038.00	48818.89
1039.00	49322.11
1040.00	49434.45
1041.00	49092.74
1042.00	48942.94
1043.00	48755.70
1044.00	48921.88
1045.00	49123.16
1046.00	48917.20
1047.00	48949.96
1048.00	48875.07
1049.00	49558.50
1050.00	49134.87
1051.00	49642.76
1052.00	49865.11
1053.00	49389.98
1054.00	49120.82
1055.00	49001.46
1056.00	49134.87
1057.00	49118.48
1058.00	49570.21
1059.00	49710.64
1060.00	49734.04
1061.00	49818.30
1062.00	49378.28
1063.00	49153.59
1064.00	49553.82
1065.00	49507.01
1066.00	49251.89
1067.00	49408.71
1068.00	49654.47
1069.00	49904.90
1070.00	49729.36
1071.00	49577.23
1072.00	49645.10
1073.00	49563.18
1074.00	49890.86
1075.00	49712.98
1076.00	49427.43
1077.00	49900.22
1078.00	49446.16
1079.00	49663.83
1080.00	49801.92
1081.00	49956.39
1082.00	49743.41
1083.00	49586.59
1084.00	49607.65
1085.00	49420.41
1086.00	49888.52
1087.00	49600.63
1088.00	50213.85
1089.00	49764.47
1090.00	50059.38
1091.00	49982.14
1092.00	49659.15
1093.00	50185.77
1094.00	49804.26
1095.00	49954.05
1096.00	49537.44
1097.00	49928.31
1098.00	50169.38
1099.00	50232.58
1100.00	50071.08
1101.00	50021.93
1102.00	50082.78
1103.00	50185.77
1104.00	49598.29
1105.00	49724.68
1106.00	49471.90
1107.00	49780.85
1108.00	49937.67
1109.00	49961.08
1110.00	50396.42
1111.00	50691.32
1112.00	50145.98
1113.00	50700.68
1114.00	50195.13
1115.00	49883.84
1116.00	50197.47
1117.00	49635.74
1118.00	50136.62
1119.00	49652.12
1120.00	50071.08
1121.00	50373.01
1122.00	50204.49
1123.00	50363.65
1124.00	49954.05
1125.00	50138.96
1126.00	50244.28
1127.00	49799.58
1128.00	50176.40
1129.00	50017.25
1130.00	50160.02
1131.00	50457.27
1132.00	49801.92
1133.00	50382.37
1134.00	50293.43
1135.00	49794.90
1136.00	49954.05
1137.00	49825.32
1138.00	49743.41
1139.00	50131.93
1140.00	50031.29
1141.00	50209.17
1142.00	50277.05
1143.00	50501.74
1144.00	50391.73
1145.00	50216.19
1146.00	50042.99
1147.00	50513.44
1148.00	49900.22
1149.00	49776.17
1150.00	50370.67
1151.00	50209.17
1152.00	50548.55
1153.00	50707.71
1154.00	50284.07
1155.00	50176.40
1156.00	50138.96
1157.00	49911.92
1158.00	50218.53
1159.00	50344.92
1160.00	50532.17
1161.00	50642.17
1162.00	50274.71
1163.00	50405.78
1164.00	50424.50
1165.00	50405.78
1166.00	50375.35
1167.00	49773.83
1168.00	50223.22
1169.00	50363.65
1170.00	49780.85
1171.00	50017.25
1172.00	49944.69
1173.00	50113.21
1174.00	50363.65
1175.00	50031.29
1176.00	50064.06
1177.00	50148.32
1178.00	49869.79
1179.00	49975.12
1180.00	49977.46
1181.00	49996.18
1182.00	50110.87
1183.00	50274.71
1184.00	50047.68
1185.00	50777.92
1186.00	50485.36
1187.00	49778.51
1188.00	50375.35
1189.00	50344.92
1190.00	49785.54
1191.00	50145.98
1192.00	49993.84
1193.00	49874.48
1194.00	50204.49
1195.00	50660.90
1196.00	50129.59
1197.00	50541.53
1198.00	50480.67
1199.00	50122.57
1200.00	50047.68
1201.00	49797.24
1202.00	49944.69
1203.00	49687.23
1204.00	50263.00
1205.00	50138.96
1206.00	50291.09
1207.00	50068.74
1208.00	50475.99
1209.00	50419.82
1210.00	50021.93
1211.00	50288.75
1212.00	49940.01
1213.00	49682.55
1214.00	50295.77
1215.00	50134.28
1216.00	49991.50
1217.00	50021.93
1218.00	50492.38
1219.00	50216.19
1220.00	50323.86
1221.00	49738.72
1222.00	49881.50
1223.00	50155.34
1224.00	49790.22
1225.00	49755.11
1226.00	50263.00
1227.00	49914.26
1228.00	50073.42
1229.00	49553.82
1230.00	50286.41
1231.00	50202.15
1232.00	50281.73
1233.00	50365.99
1234.00	50031.29
1235.00	49389.98
1236.00	49633.40
1237.00	49986.82
1238.00	49949.37
1239.00	50096.83
1240.00	50328.54
1241.00	50312.16
1242.00	50443.23
1243.00	50492.38
1244.00	50361.31
1245.00	49827.66
1246.00	49865.11
1247.00	50323.86
1248.00	50307.47
1249.00	49982.14
1250.00	49780.85
1251.00	50333.22
1252.00	50597.70
1253.00	50436.20
1254.00	50387.05
1255.00	50080.44
1256.00	50501.74
1257.00	50333.22
1258.00	50354.29
1259.00	50134.28
1260.00	50157.68
1261.00	49872.14
1262.00	50342.58
1263.00	50258.32
1264.00	50981.55
1265.00	50433.86
1266.00	50358.97
1267.00	50316.84
1268.00	50494.72
1269.00	50005.55
1270.00	50225.56
1271.00	50138.96
1272.00	50192.79
1273.00	50461.95
1274.00	50174.06
1275.00	50607.06
1276.00	50859.84
1277.00	50497.06
1278.00	50403.44
1279.00	50506.42
1280.00	50251.30
1281.00	50071.08
1282.00	50403.44
1283.00	49879.16
1284.00	49888.52
1285.00	50401.10
1286.00	50312.16
1287.00	50436.20
1288.00	50726.43
1289.00	50703.03
1290.00	50506.42
1291.00	50457.27
1292.00	50363.65
1293.00	49935.33
1294.00	50181.09
1295.00	50174.06
1296.00	50314.50
1297.00	50443.23
1298.00	50012.57
1299.00	50183.43
1300.00	50394.07
1301.00	49956.39
1302.00	50274.71
1303.00	50042.99
1304.00	50218.53
1305.00	50225.56
1306.00	49682.55
1307.00	50012.57
1308.00	50251.30
1309.00	50525.14
1310.00	50085.12
1311.00	50307.47
1312.00	50475.99
1313.00	50770.90
1314.00	50607.06
1315.00	50417.48
1316.00	50213.85
1317.00	50450.25
1318.00	50403.44
1319.00	50028.95
1320.00	50192.79
1321.00	50373.01
1322.00	50213.85
1323.00	50611.74
1324.00	50614.08
1325.00	50749.84
1326.00	50134.28
1327.00	50131.93
1328.00	50534.51
1329.00	50160.02
1330.00	50483.01
1331.00	50164.70
1332.00	50171.72
1333.00	50468.97
1334.00	50525.14
1335.00	50557.91
1336.00	50628.13
1337.00	50284.07
1338.00	50270.03
1339.00	50700.68
1340.00	50124.91
1341.00	49712.98
1342.00	49989.16
1343.00	50101.51
1344.00	50138.96
1345.00	50057.04
1346.00	50094.49
1347.00	50298.11
1348.00	50185.77
1349.00	49867.45
1350.00	50080.44
1351.00	49961.08
1352.00	50408.12
1353.00	49825.32
1354.00	49722.34
1355.00	49741.06
1356.00	49544.46
1357.00	49769.15
1358.00	50092.15
1359.00	49895.54
1360.00	50202.15
1361.00	50176.40
1362.00	50059.38
1363.00	49911.92
1364.00	49785.54
1365.00	50092.15
1366.00	49986.82
1367.00	49312.75
1368.00	49399.35
1369.00	49516.37
1370.00	50031.29
1371.00	49830.01
1372.00	49610.00
1373.00	49654.47
1374.00	49640.42
1375.00	49605.31
1376.00	49621.70
1377.00	50003.20
1378.00	49020.18
1379.00	49216.78
1380.00	49434.45
1381.00	49198.06
1382.00	49364.24
1383.00	49448.50
1384.00	49605.31
1385.00	49364.24
1386.00	49654.47
1387.00	49605.31
1388.00	49488.29
1389.00	49261.26
1390.00	48882.09
1391.00	48921.88
1392.00	48903.15
1393.00	49148.91
1394.00	49132.53
1395.00	49174.66
1396.00	49212.10
1397.00	49359.56
1398.00	49303.38
1399.00	49317.43
1400.00	49425.09
1401.00	49645.10
1402.00	49219.13
1403.00	49090.40
1404.00	48980.39
1405.00	48662.08
1406.00	49078.69
1407.00	48732.29
1408.00	49165.29
1409.00	49184.02
1410.00	49287.00
1411.00	49275.30
1412.00	48884.43
1413.00	48832.94
1414.00	48935.92
1415.00	48739.32
1416.00	48589.52
1417.00	48650.38
1418.00	48460.79
1419.00	48779.10
1420.00	48348.45
1421.00	48938.26
1422.00	48545.05
1423.00	48884.43
1424.00	49038.90
1425.00	48591.86
1426.00	48727.61
1427.00	48465.47
1428.00	48413.98
1429.00	48348.45
1430.00	48254.82
1431.00	48224.40
1432.00	48025.45
1433.00	48449.09
1434.00	48123.75
1435.00	48378.87
1436.00	48498.24
1437.00	48147.16
1438.00	48034.81
1439.00	48385.89
1440.00	48156.52
1441.00	48200.99
1442.00	47880.34
1443.00	48264.19
1444.00	47760.97
1445.00	47751.61
1446.00	47697.78
1447.00	47929.49
1448.00	47316.27
1449.00	47430.96
1450.00	48147.16
1451.00	47814.80
1452.00	48062.90
1453.00	48098.01
1454.00	47767.99
1455.00	47487.13
1456.00	47501.17
1457.00	47290.52
1458.00	47552.66
1459.00	47983.32
1460.00	47510.53
1461.00	47217.97
1462.00	47833.53
1463.00	47562.03
1464.00	47402.87
1465.00	47784.38
1466.00	47753.95
1467.00	47957.58
1468.00	47304.57
1469.00	46897.31
1470.00	47407.55
1471.00	47103.28
1472.00	47166.48
1473.00	47213.29
1474.00	46925.40
1475.00	47112.64
1476.00	47199.24
1477.00	47255.42
1478.00	47480.11
1479.00	47171.16
1480.00	47466.06
1481.00	46866.89
1482.00	47063.49
1483.00	46878.59
1484.00	46560.28
1485.00	46476.02
1486.00	46375.37
1487.00	46319.20
1488.00	46628.15
1489.00	46588.36
1490.00	46962.85
1491.00	46253.67
1492.00	46543.89
1493.00	46845.82
1494.00	46366.01
1495.00	46176.43
1496.00	46260.69
1497.00	46363.67
1498.00	46340.27
1499.00	45404.05
1500.00	46120.26
1501.00	46326.22
1502.00	46052.38
1503.00	46319.20
1504.00	46469.00
1505.00	46651.56
1506.00	46871.57
1507.00	46220.90
1508.00	46300.48
1509.00	46141.32
1510.00	45752.79
1511.00	45970.46
1512.00	45577.25
1513.00	45982.16
1514.00	45319.79
1515.00	46012.59
1516.00	45556.19
1517.00	45570.23
1518.00	45305.75
1519.00	46071.10
1520.00	45593.64
1521.00	45780.88
1522.00	45715.34
1523.00	45638.11
1524.00	45600.66
1525.00	45633.42
1526.00	45256.60
1527.00	45251.92
1528.00	45244.90
1529.00	45525.76
1530.00	45209.79
1531.00	45502.35
1532.00	45422.78
1533.00	45605.34
1534.00	45191.06
1535.00	45275.32
1536.00	45801.94
1537.00	45457.88
1538.00	44753.38
1539.00	44917.22
1540.00	44877.43
1541.00	44781.47
1542.00	44952.33
1543.00	44989.78
1544.00	44591.89
1545.00	44790.83
1546.00	45338.52
1547.00	44966.37
1548.00	45074.04
1549.00	44889.13
1550.00	44961.69
1551.00	44891.48
1552.00	44545.08
1553.00	44535.71
1554.00	44481.88
1555.00	44294.64
1556.00	44502.95
1557.00	44648.06
1558.00	44601.25
1559.00	44088.67
1560.00	44488.90
1561.00	44098.03
1562.00	44463.16
1563.00	44631.68
1564.00	44334.43
1565.00	43906.11
1566.00	44212.72
1567.00	44268.89
1568.00	44287.62
1569.00	43721.21
1570.00	43924.83
1571.00	43784.40
1572.00	44093.35
1573.00	44114.42
1574.00	43995.05
1575.00	44442.09
1576.00	44100.37
1577.00	44285.28
1578.00	44009.09
1579.00	44458.48
1580.00	43868.66
1581.00	43709.50
1582.00	43632.27
1583.00	43573.75
1584.00	43599.50
1585.00	43552.69
1586.00	43468.43
1587.00	43421.62
1588.00	43117.35
1589.00	43908.45
1590.00	43810.15
1591.00	43599.50
1592.00	43276.51
1593.00	43260.12
1594.00	43194.59
1595.00	43536.30
1596.00	43206.29
1597.00	43384.17
1598.00	42962.87
1599.00	43068.20
1600.00	42817.76
1601.00	42719.46
1602.00	43147.78
1603.00	43021.39
1604.00	43063.52
1605.00	43253.10
1606.00	42698.39
1607.00	42721.80
1608.00	43086.92
1609.00	42609.45
1610.00	42768.61
1611.00	42801.38
1612.00	42637.54
1613.00	42616.47
1614.00	42424.55
1615.00	42665.63
1616.00	42284.12
1617.00	42307.52
1618.00	42689.03
1619.00	42841.17
1620.00	42829.46
1621.00	42382.42
1622.00	42813.08
1623.00	42820.10
1624.00	42672.65
1625.00	42700.73
1626.00	42499.45
1627.00	42230.29
1628.00	42108.58
1629.00	42139.00
1630.00	42314.55
1631.00	42108.58
1632.00	42141.35
1633.00	42513.49
1634.00	42178.79
1635.00	42239.65
1636.00	42230.29
1637.00	42333.27
1638.00	42674.99
1639.00	42220.92
1640.00	41940.06
1641.00	41956.44
1642.00	41544.51
1643.00	41375.99
1644.00	41883.89
1645.00	41504.72
1646.00	42167.09
1647.00	41717.71
1648.00	41425.14
1649.00	41904.95
1650.00	41811.33
1651.00	41715.37
1652.00	41874.52
1653.00	42209.22
1654.00	41469.61
1655.00	41336.20
1656.00	41514.08
1657.00	41235.56
1658.00	41354.93
1659.00	40772.13
1660.00	41188.75
1661.00	40634.04
1662.00	41439.18
1663.00	41167.68
1664.00	41223.86
1665.00	41010.87
1666.00	41390.03
1667.00	41476.63
1668.00	41354.93
1669.00	41399.40
1670.00	40755.75
1671.00	41078.74
1672.00	40945.33
1673.00	40708.94
1674.00	40341.47
1675.00	40884.48
1676.00	40945.33
1677.00	40484.25
1678.00	40879.80
1679.00	40734.68
1680.00	40545.10
1681.00	40905.54
1682.00	40804.90
1683.00	40849.37
1684.00	40648.08
1685.00	40285.30
1686.00	40767.45
1687.00	40582.55
1688.00	40301.68
1689.00	40210.40
1690.00	40156.57
1691.00	40336.79
1692.00	40399.99
1693.00	40308.71
1694.00	40084.01
1695.00	40238.49
1696.00	40165.93
1697.00	40095.72
1698.00	40437.44
1699.00	40512.33
1700.00	40116.78
1701.00	40278.28
1702.00	39756.34
1703.00	39541.01
1704.00	39999.76
1705.00	39817.19
1706.00	39601.86
1707.00	39360.79
1708.00	39335.04
1709.00	39674.42
1710.00	40016.14
1711.00	39618.25
1712.00	40105.08
1713.00	39412.28
1714.00	39878.05
1715.00	39501.22
1716.00	39882.73
1717.00	39206.31
1718.00	38962.90
1719.00	38895.02
1720.00	39068.22
1721.00	39220.36
1722.00	39033.11
1723.00	38724.16
1724.00	39154.82
1725.00	38546.28
1726.00	38536.92
1727.00	38656.29
1728.00	38876.30
1729.00	39220.36
1730.00	38955.88
1731.00	38700.76
1732.00	38792.04
1733.00	38438.62
1734.00	38438.62
1735.00	38490.11
1736.00	38323.93
1737.00	38000.94
1738.00	37764.54
1739.00	37684.97
1740.00	38415.21
1741.00	38010.30
1742.00	38408.19
1743.00	38246.69
1744.00	37893.27
1745.00	37874.55
1746.00	37823.06
1747.00	38387.13
1748.00	38249.03
1749.00	37551.56
1750.00	37450.91
1751.00	37511.77
1752.00	37722.41
1753.00	37064.72
1754.00	37184.09
1755.00	36961.74
1756.00	37291.76
1757.00	36973.44
1758.00	37310.48
1759.00	36589.59
1760.00	37099.83
1761.00	37528.15
1762.00	36870.46
1763.00	36961.74
1764.00	37015.57
1765.00	36800.24
1766.00	36510.02
1767.00	36919.61
1768.00	36339.16
1769.00	36425.76
1770.00	36170.64
1771.00	36425.76
1772.00	36730.03
1773.00	36673.85
1774.00	35990.42
1775.00	36467.89
1776.00	36102.76
1777.00	36392.99
1778.00	35901.48
1779.00	35725.94
1780.00	36360.22
1781.00	35910.84
1782.00	35913.18
1783.00	35938.93
1784.00	35487.20
1785.00	35974.03
1786.00	35723.60
1787.00	35288.26
1788.00	35082.29
1789.00	35227.40
1790.00	35292.94
1791.00	35285.92
1792.00	35384.22
1793.00	34848.24
1794.00	35278.89
1795.00	35393.58
1796.00	35393.58
1797.00	35026.12
1798.00	34998.03
1799.00	35101.01
1800.00	35290.60
1801.00	34675.04
1802.00	34363.75
1803.00	34408.22
1804.00	34417.58
1805.00	34050.11
1806.00	34246.72
1807.00	34167.14
1808.00	34068.84
1809.00	34338.00
1810.00	33968.19
1811.00	34092.24
1812.00	34022.03
1813.00	34036.07
1814.00	34099.26
1815.00	33900.32
1816.00	33638.18
1817.00	33446.26
1818.00	33783.29
1819.00	33567.96
1820.00	33259.01
1821.00	33291.78
1822.00	33385.40
1823.00	33060.07
1824.00	33041.34
1825.00	33240.29
1826.00	32811.97
1827.00	33067.09
1828.00	33205.18
1829.00	33099.86
1830.00	32818.99
1831.00	31978.74
1832.00	32617.71
1833.00	32875.16
1834.00	32470.25
1835.00	32252.58
1836.00	32556.85
1837.00	31803.20
1838.00	31981.08
1839.00	31871.07
1840.00	31819.58
1841.00	32114.49
1842.00	31864.05
1843.00	31819.58
1844.00	31445.10
1845.00	31618.30
1846.00	31218.07
1847.00	31639.36
1848.00	31295.30
1849.00	31234.45
1850.00	31047.21
1851.00	31101.04
1852.00	30672.72
1853.00	30635.27
1854.00	30705.49
1855.00	30663.36
1856.00	30270.15
1857.00	29993.97
1858.00	30015.03
1859.00	30319.30
1860.00	30127.38
1861.00	29876.94
1862.00	30080.56
1863.00	29893.32
1864.00	29682.67
1865.00	30026.73
1866.00	29654.59
1867.00	29614.80
1868.00	29790.34
1869.00	29457.98
1870.00	29769.27
1871.00	28917.32
1872.00	29167.76
1873.00	28870.51
1874.00	28854.12
1875.00	29237.97
1876.00	28552.20
1877.00	28882.21
1878.00	28254.95
1879.00	28549.85
1880.00	28383.68
1881.00	28566.24
1882.00	28528.79
1883.00	28650.50
1884.00	28376.66
1885.00	28552.20
1886.00	28250.27
1887.00	27990.47
1888.00	27669.81
1889.00	27681.52
1890.00	27538.74
1891.00	27393.63
1892.00	27288.31
1893.00	27449.80
1894.00	27292.99
1895.00	27194.68
1896.00	26962.97
1897.00	26946.59
1898.00	27094.04
1899.00	27117.45
1900.00	27037.87
1901.00	26764.03
1902.00	26630.62
1903.00	26689.13
1904.00	26733.60
1905.00	26398.90
1906.00	26054.84
1907.00	25933.14
1908.00	26078.25
1909.00	25738.87
1910.00	25687.38
1911.00	25825.47
1912.00	25654.61
1913.00	25708.44
1914.00	25605.46
1915.00	25284.81
1916.00	25624.18
1917.00	25682.70
1918.00	25348.00
1919.00	25350.34
1920.00	25369.07
1921.00	25109.27
1922.00	25263.74
1923.00	25088.20
1924.00	24678.61
1925.00	24283.06
1926.00	24276.04
1927.00	24229.23
1928.00	24058.37
1929.00	24128.58
1930.00	24023.26
1931.00	24229.23
1932.00	24006.87
1933.00	24247.95
1934.00	23901.55
1935.00	24173.05
1936.00	24245.61
1937.00	23899.21
1938.00	23770.48
1939.00	23611.32
1940.00	23805.59
1941.00	23391.31
1942.00	23498.98
1943.00	23206.41
1944.00	23372.59
1945.00	22979.38
1946.00	22888.10
1947.00	23012.15
1948.00	22801.50
1949.00	22506.59
1950.00	22567.45
1951.00	22176.58
1952.00	22614.26
1953.00	22513.61
1954.00	22387.22
1955.00	22146.15
1956.00	22558.08
1957.00	22052.53
1958.00	22127.42
1959.00	21860.60
1960.00	21933.16
1961.00	21708.47
1962.00	21846.56
1963.00	21502.50
1964.00	21589.10
1965.00	21514.20
1966.00	21242.70
1967.00	20837.79
1968.00	21046.10
1969.00	20933.75
1970.00	21020.35
1971.00	21111.63
1972.00	20739.49
1973.00	20683.31
1974.00	20851.83
1975.00	20758.21
1976.00	20585.01
1977.00	20666.93
1978.00	20622.46
1979.00	20369.68
1980.00	20383.73
1981.00	20308.83
1982.00	20070.09
1983.00	19864.13
1984.00	19946.05
1985.00	19826.68
1986.00	19824.34
1987.00	19737.74
1988.00	19456.87
1989.00	19346.87
1990.00	19632.41
1991.00	19360.91
1992.00	19290.70
1993.00	19267.29
1994.00	19016.85
1995.00	19232.18
1996.00	19007.49
1997.00	18583.85
1998.00	18869.40
1999.00	18838.97
2000.00	18743.01
2001.00	18443.42
2002.00	18387.25
2003.00	18642.37
2004.00	18223.41
2005.00	18087.66
2006.00	18078.30
2007.00	18176.60
2008.00	18001.06
2009.00	18003.40
2010.00	17884.03
2011.00	17640.62
2012.00	17972.97
2013.00	17818.50
2014.00	17781.05
2015.00	17444.01
2016.00	17734.24
2017.00	17240.39
2018.00	17696.79
2019.00	17495.50
2020.00	17422.95
2021.00	17312.94
2022.00	17137.40
2023.00	16877.60
2024.00	16697.38
2025.00	16570.99
2026.00	16678.66
2027.00	16603.76
2028.00	16350.98
2029.00	16458.65
2030.00	16468.01
2031.00	16372.05
2032.00	16596.74
2033.00	16273.74
2034.00	16210.55
2035.00	16468.01
2036.00	16137.99
2037.00	15964.79
2038.00	15962.45
2039.00	15967.13
2040.00	16060.76
2041.00	15974.16
2042.00	15676.91
2043.00	15634.78
2044.00	15506.05
2045.00	15342.21
2046.00	15215.82
2047.00	15470.94
