0.00	1123.46
1.00	1123.46
2.00	1123.46
3.00	980.68
4.00	1011.11
5.00	1004.09
6.00	901.11
7.00	961.96
8.00	959.62
9.00	964.30
10.00	1006.43
11.00	985.37
12.00	978.34
13.00	961.96
14.00	999.41
15.00	976.00
16.00	945.58
17.00	926.85
18.00	973.66
19.00	968.98
20.00	882.38
21.00	1088.35
22.00	943.24
23.00	1008.77
24.00	1156.22
25.00	1399.64
26.00	1526.03
27.00	1453.47
28.00	1493.26
29.00	1488.58
30.00	1441.77
31.00	1490.92
32.00	1423.05
33.00	1511.99
34.00	1488.58
35.00	1549.43
36.00	1465.18
37.00	1577.52
38.00	1556.46
39.00	1584.54
40.00	1551.78
41.00	1589.22
42.00	1558.80
43.00	1589.22
44.00	1640.72
45.00	1643.06
46.00	1614.97
47.00	1717.95
48.00	1694.55
49.00	1636.03
50.00	1572.84
51.00	1636.03
52.00	1645.40
53.00	1741.36
54.00	1629.01
55.00	1694.55
56.00	1743.70
57.00	1652.42
58.00	1699.23
59.00	1661.78
60.00	1701.57
61.00	1762.42
62.00	1724.97
63.00	1746.04
64.00	1741.36
65.00	1675.82
66.00	1746.04
67.00	1701.57
68.00	1701.57
69.00	1673.48
70.00	1809.23
71.00	1767.10
72.00	1783.49
73.00	1774.13
74.00	1820.94
75.00	1802.21
76.00	1790.51
77.00	1797.53
78.00	1842.00
79.00	1870.09
80.00	1846.68
81.00	1849.02
82.00	1818.60
83.00	1874.77
84.00	1792.85
85.00	1816.26
86.00	1827.96
87.00	1827.96
88.00	1905.20
89.00	1935.62
90.00	1849.02
91.00	1907.54
92.00	1940.30
93.00	1888.81
94.00	1930.94
95.00	1937.96
96.00	1949.67
97.00	2022.22
98.00	1980.09
99.00	1942.64
100.00	1898.17
101.00	1973.07
102.00	1942.64
103.00	1984.77
104.00	2073.71
105.00	2012.86
106.00	1954.35
107.00	2043.29
108.00	2003.50
109.00	2064.35
110.00	2052.65
111.00	2047.97
112.00	2031.58
113.00	2090.10
114.00	2111.16
115.00	2085.42
116.00	2122.87
117.00	2134.57
118.00	2174.36
119.00	2047.97
120.00	2162.66
121.00	2162.66
122.00	2092.44
123.00	2127.55
124.00	2181.38
125.00	2120.53
126.00	2104.14
127.00	2127.55
128.00	2190.74
129.00	2071.37
130.00	2143.93
131.00	2251.60
132.00	2214.15
133.00	2216.49
134.00	2258.62
135.00	2202.44
136.00	2246.91
137.00	2335.85
138.00	2319.47
139.00	2359.26
140.00	2296.07
141.00	2312.45
142.00	2366.28
143.00	2335.85
144.00	2298.41
145.00	2289.04
146.00	2356.92
147.00	2389.69
148.00	2436.50
149.00	2298.41
150.00	2368.62
151.00	2478.63
152.00	2452.88
153.00	2511.39
154.00	2399.05
155.00	2525.44
156.00	2471.61
157.00	2443.52
158.00	2471.61
159.00	2537.14
160.00	2597.99
161.00	2476.29
162.00	2537.14
163.00	2654.17
164.00	2583.95
165.00	2546.50
166.00	2651.83
167.00	2630.76
168.00	2525.44
169.00	2656.51
170.00	2766.51
171.00	2672.89
172.00	2612.04
173.00	2642.46
174.00	2782.90
175.00	2771.19
176.00	2785.24
177.00	2731.41
178.00	2794.60
179.00	2752.47
180.00	2818.00
181.00	2724.38
182.00	2780.56
183.00	2935.03
184.00	2843.75
185.00	2771.19
186.00	2843.75
187.00	2932.69
188.00	2836.73
189.00	2857.79
190.00	2895.24
191.00	2979.50
192.00	2899.92
193.00	2918.65
194.00	2998.23
195.00	3042.70
196.00	2897.58
197.00	3026.31
198.00	2986.52
199.00	3087.17
200.00	3141.00
201.00	2942.05
202.00	3035.67
203.00	3229.94
204.00	3206.53
205.00	3148.02
206.00	3141.00
207.00	3108.23
208.00	3073.12
209.00	3274.41
210.00	3309.52
211.00	3262.71
212.00	3199.51
213.00	3138.66
214.00	3262.71
215.00	3382.07
216.00	3375.05
217.00	3323.56
218.00	3314.20
219.00	3375.05
220.00	3325.90
221.00	3478.04
222.00	3494.42
223.00	3449.95
224.00	3515.48
225.00	3482.72
226.00	3599.74
227.00	3522.51
228.00	3674.64
229.00	3744.86
230.00	3641.87
231.00	3543.57
232.00	3740.18
233.00	3744.86
234.00	3782.31
235.00	3761.24
236.00	3768.26
237.00	3730.81
238.00	3882.95
239.00	3932.10
240.00	3936.78
241.00	3985.93
242.00	4028.06
243.00	3976.57
244.00	4028.06
245.00	4107.64
246.00	4037.42
247.00	4081.89
248.00	4065.51
249.00	4161.47
250.00	4109.98
251.00	4149.77
252.00	4198.92
253.00	4248.07
254.00	4388.50
255.00	4315.95
256.00	4264.46
257.00	4334.67
258.00	4411.91
259.00	4372.12
260.00	4430.63
261.00	4496.17
262.00	4514.89
263.00	4507.87
264.00	4533.62
265.00	4510.21
266.00	4456.38
267.00	4660.01
268.00	4798.10
269.00	4702.14
270.00	4601.49
271.00	4748.95
272.00	4851.93
273.00	4910.44
274.00	4718.52
275.00	4915.12
276.00	5020.45
277.00	4933.85
278.00	4917.47
279.00	4800.44
280.00	5008.75
281.00	4929.17
282.00	4968.96
283.00	4966.62
284.00	5163.22
285.00	5097.69
286.00	5090.67
287.00	5142.16
288.00	5074.28
289.00	5067.26
290.00	5125.77
291.00	5107.05
292.00	5156.20
293.00	5242.80
294.00	5231.10
295.00	5313.02
296.00	5315.36
297.00	5341.10
298.00	5387.91
299.00	5259.18
300.00	5186.63
301.00	5385.57
302.00	5043.85
303.00	5149.18
304.00	5348.12
305.00	5277.91
306.00	5563.45
307.00	5259.18
308.00	5270.89
309.00	5359.83
310.00	5352.81
311.00	5331.74
312.00	5313.02
313.00	5465.15
314.00	5455.79
315.00	5266.21
316.00	5460.47
317.00	5345.78
318.00	5359.83
319.00	5514.30
320.00	5462.81
321.00	5460.47
322.00	5504.94
323.00	5680.48
324.00	5626.65
325.00	5802.19
326.00	5547.07
327.00	5774.10
328.00	5706.23
329.00	5675.80
330.00	5743.67
331.00	5577.50
332.00	5584.52
333.00	5640.69
334.00	5753.04
335.00	5863.04
336.00	5877.09
337.00	5771.76
338.00	5956.66
339.00	5825.59
340.00	5942.62
341.00	5870.06
342.00	6003.47
343.00	5933.26
344.00	5954.32
345.00	6059.65
346.00	5996.45
347.00	6043.26
348.00	6134.54
349.00	6190.72
350.00	6143.91
351.00	6043.26
352.00	6204.76
353.00	6167.31
354.00	6246.89
355.00	6291.36
356.00	6373.28
357.00	6277.32
358.00	6375.62
359.00	6349.87
360.00	6338.17
361.00	6406.05
362.00	6523.07
363.00	6392.00
364.00	6642.44
365.00	6476.26
366.00	6462.22
367.00	6445.84
368.00	6640.10
369.00	6649.46
370.00	6382.64
371.00	6647.12
372.00	6654.14
373.00	6661.16
374.00	6677.55
375.00	6752.45
376.00	6642.44
377.00	6757.13
378.00	6768.83
379.00	7009.90
380.00	6895.22
381.00	7045.01
382.00	7157.36
383.00	7052.03
384.00	7232.26
385.00	7033.31
386.00	7183.10
387.00	7192.47
388.00	7171.40
389.00	7410.14
390.00	7353.96
391.00	7332.90
392.00	7417.16
393.00	7494.40
394.00	7478.01
395.00	7669.94
396.00	7639.51
397.00	7585.68
398.00	7653.55
399.00	7676.96
400.00	7686.32
401.00	7932.08
402.00	7758.88
403.00	8023.36
404.00	8051.44
405.00	7793.98
406.00	7918.03
407.00	8175.49
408.00	7779.94
409.00	7721.43
410.00	8107.62
411.00	8126.34
412.00	7960.16
413.00	7908.67
414.00	8152.09
415.00	8095.91
416.00	8035.06
417.00	7995.27
418.00	8070.17
419.00	8358.05
420.00	8098.25
421.00	8112.30
422.00	8205.92
423.00	8138.04
424.00	7950.80
425.00	8058.46
426.00	8273.79
427.00	8056.12
428.00	8107.62
429.00	8184.85
430.00	8205.92
431.00	7997.61
432.00	8203.58
433.00	8360.39
434.00	8119.32
435.00	8287.84
436.00	8381.46
437.00	8262.09
438.00	8339.33
439.00	8496.14
440.00	8734.88
441.00	8498.49
442.00	8573.38
443.00	8620.19
444.00	8627.21
445.00	8479.76
446.00	8524.23
447.00	8704.45
448.00	8524.23
449.00	8573.38
450.00	8596.79
451.00	8662.32
452.00	8716.16
453.00	8837.86
454.00	8589.77
455.00	8805.10
456.00	8753.60
457.00	8709.13
458.00	8961.91
459.00	8816.80
460.00	8748.92
461.00	8966.59
462.00	8887.01
463.00	9004.04
464.00	8856.59
465.00	9174.90
466.00	9111.71
467.00	8901.06
468.00	9130.43
469.00	9195.96
470.00	9104.68
471.00	9163.20
472.00	9259.16
473.00	9174.90
474.00	9165.54
475.00	9210.01
476.00	9357.46
477.00	9441.72
478.00	9671.09
479.00	9535.34
480.00	9635.99
481.00	9617.26
482.00	9640.67
483.00	9621.94
484.00	9511.94
485.00	9783.44
486.00	9652.37
487.00	9928.55
488.00	9888.76
489.00	9832.59
490.00	9926.21
491.00	9895.78
492.00	9717.90
493.00	9975.36
494.00	10129.84
495.00	10097.07
496.00	10054.94
497.00	9996.43
498.00	10099.41
499.00	10068.98
500.00	10361.55
501.00	10272.61
502.00	10181.33
503.00	10141.54
504.00	10235.16
505.00	10324.10
506.00	10270.27
507.00	10452.83
508.00	10305.38
509.00	10209.42
510.00	10377.94
511.00	10373.25
512.00	10420.06
513.00	10565.18
514.00	10490.28
515.00	10476.24
516.00	10661.14
517.00	10539.43
518.00	10562.84
519.00	10832.00
520.00	10649.44
521.00	10923.28
522.00	10878.81
523.00	10551.14
524.00	10806.25
525.00	10871.79
526.00	10810.93
527.00	10824.98
528.00	10878.81
529.00	10913.92
530.00	10967.75
531.00	11042.65
532.00	11063.71
533.00	11044.99
534.00	11070.73
535.00	10934.98
536.00	11176.06
537.00	10853.06
538.00	11094.14
539.00	11164.36
540.00	11026.26
541.00	11033.29
542.00	11431.18
543.00	11286.06
544.00	11183.08
545.00	11627.78
546.00	11442.88
547.00	11405.43
548.00	11377.34
549.00	11634.80
550.00	11634.80
551.00	11613.74
552.00	11620.76
553.00	11936.73
554.00	11529.48
555.00	11585.65
556.00	12079.50
557.00	11683.95
558.00	11899.28
559.00	11754.17
560.00	12037.38
561.00	11992.90
562.00	12430.59
563.00	12255.04
564.00	12362.71
565.00	12683.36
566.00	12215.26
567.00	12716.13
568.00	12238.66
569.00	12376.75
570.00	12266.75
571.00	12650.60
572.00	12643.57
573.00	12631.87
574.00	12683.36
575.00	12938.48
576.00	13074.23
577.00	13022.74
578.00	13064.87
579.00	13144.45
580.00	12915.08
581.00	13235.73
582.00	13165.51
583.00	13207.64
584.00	13364.46
585.00	13451.06
586.00	13734.26
587.00	13813.84
588.00	13956.61
589.00	13577.45
590.00	13998.74
591.00	14195.35
592.00	14043.21
593.00	14193.01
594.00	14455.15
595.00	14338.12
596.00	14560.47
597.00	14911.55
598.00	14817.93
599.00	14951.34
600.00	14906.87
601.00	15339.87
602.00	15318.81
603.00	15391.36
604.00	15208.80
605.00	15335.19
606.00	16011.60
607.00	15580.95
608.00	16023.31
609.00	15782.23
610.00	16016.29
611.00	15887.56
612.00	16135.65
613.00	16358.00
614.00	16350.98
615.00	16641.21
616.00	16561.63
617.00	16809.73
618.00	16769.94
619.00	16926.75
620.00	16905.69
621.00	17455.72
622.00	17579.76
623.00	17528.27
624.00	17912.12
625.00	17713.17
626.00	17891.06
627.00	17963.61
628.00	17928.50
629.00	18377.89
630.00	18295.97
631.00	18576.83
632.00	18689.18
633.00	18677.48
634.00	18925.57
635.00	19276.65
636.00	19159.63
637.00	19281.33
638.00	19606.67
639.00	19592.62
640.00	19461.55
641.00	19667.52
642.00	19838.38
643.00	20170.74
644.00	20533.52
645.00	20269.04
646.00	20547.56
647.00	20730.12
648.00	20760.55
649.00	20954.82
650.00	21137.38
651.00	21521.23
652.00	21371.43
653.00	21561.02
654.00	21532.93
655.00	22003.38
656.00	22017.42
657.00	22155.51
658.00	22588.51
659.00	22164.87
660.00	22740.64
661.00	22775.75
662.00	22686.81
663.00	22963.00
664.00	23204.07
665.00	23410.04
666.00	23353.87
667.00	23524.72
668.00	23644.09
669.00	23885.17
670.00	24107.52
671.00	24088.79
672.00	24306.46
673.00	24498.39
674.00	24582.65
675.00	24449.24
676.00	24629.46
677.00	24884.58
678.00	25252.04
679.00	24861.17
680.00	25179.48
681.00	25261.40
682.00	25516.52
683.00	25551.63
684.00	25703.76
685.00	25935.48
686.00	26092.29
687.00	26244.43
688.00	26572.10
689.00	26391.88
690.00	26930.20
691.00	26742.96
692.00	26836.58
693.00	27260.22
694.00	27246.18
695.00	27417.04
696.00	27143.19
697.00	27487.25
698.00	27503.64
699.00	28034.94
700.00	27735.35
701.00	28278.35
702.00	28254.95
703.00	27810.25
704.00	28594.32
705.00	28531.13
706.00	28807.31
707.00	28971.15
708.00	28746.46
709.00	29214.57
710.00	29214.57
711.00	29029.66
712.00	29352.66
713.00	29420.53
714.00	29701.40
715.00	29703.74
716.00	29628.84
717.00	29874.60
718.00	29898.00
719.00	30312.28
720.00	30195.25
721.00	30431.65
722.00	30422.28
723.00	30546.33
724.00	30909.11
725.00	30707.83
726.00	30520.59
727.00	30881.03
728.00	31035.50
729.00	31211.04
730.00	31234.45
731.00	31309.35
732.00	31393.61
733.00	31393.61
734.00	31365.52
735.00	31101.04
736.00	32088.74
737.00	31732.98
738.00	31718.94
739.00	32177.68
740.00	31901.50
741.00	32414.08
742.00	32189.39
743.00	31920.23
744.00	32446.85
745.00	32472.59
746.00	32957.08
747.00	32744.09
748.00	32938.36
749.00	32734.73
750.00	32772.18
751.00	33013.26
752.00	32929.00
753.00	33429.87
754.00	33237.95
755.00	33432.21
756.00	33427.53
757.00	33385.40
758.00	33200.50
759.00	33680.31
760.00	33593.71
761.00	34043.09
762.00	34356.72
763.00	34169.48
764.00	33909.68
765.00	34033.73
766.00	33954.15
767.00	34448.00
768.00	34649.29
769.00	34600.14
770.00	34352.04
771.00	35204.00
772.00	34946.54
773.00	34838.87
774.00	34857.60
775.00	35014.41
776.00	35204.00
777.00	35194.64
778.00	35683.81
779.00	35571.46
780.00	35814.88
781.00	35360.81
782.00	35587.85
783.00	35910.84
784.00	35723.60
785.00	36198.73
786.00	36016.16
787.00	36486.61
788.00	35997.44
789.00	36744.07
790.00	36215.11
791.00	36685.56
792.00	37015.57
793.00	36643.43
794.00	37010.89
795.00	37008.55
796.00	36706.62
797.00	36952.38
798.00	36840.03
799.00	37067.06
800.00	37123.24
801.00	37441.55
802.00	37354.95
803.00	37769.22
804.00	37331.54
805.00	37425.17
806.00	37736.46
807.00	38188.18
808.00	37855.82
809.00	38003.28
810.00	38696.08
811.00	38094.56
812.00	38153.07
813.00	38050.09
814.00	38066.47
815.00	38361.38
816.00	38572.03
817.00	38562.67
818.00	38330.95
819.00	38789.70
820.00	38883.32
821.00	38834.17
822.00	38663.31
823.00	38602.46
824.00	38981.62
825.00	38792.04
826.00	38754.59
827.00	39154.82
828.00	38871.62
829.00	39033.11
830.00	39110.35
831.00	39246.10
832.00	39246.10
833.00	39763.36
834.00	39250.78
835.00	39742.30
836.00	39702.51
837.00	39702.51
838.00	40201.04
839.00	39686.12
840.00	39599.52
841.00	40299.34
842.00	40774.47
843.00	40547.44
844.00	40502.97
845.00	40493.61
846.00	40168.27
847.00	40542.76
848.00	40517.01
849.00	40266.58
850.00	41397.06
851.00	40643.40
852.00	40968.74
853.00	41015.55
854.00	41045.97
855.00	40627.02
856.00	40905.54
857.00	40861.07
858.00	41284.71
859.00	41331.52
860.00	41443.87
861.00	41820.69
862.00	41174.70
863.00	41326.84
864.00	41347.90
865.00	41750.48
866.00	42101.56
867.00	41762.18
868.00	41923.68
869.00	41930.70
870.00	42389.44
871.00	41769.20
872.00	41839.42
873.00	41921.34
874.00	42146.03
875.00	42424.55
876.00	42796.70
877.00	42476.04
878.00	42316.89
879.00	42164.75
880.00	42462.00
881.00	42174.11
882.00	42471.36
883.00	42450.30
884.00	42960.53
885.00	42997.98
886.00	42623.50
887.00	42916.06
888.00	42672.65
889.00	42899.68
890.00	43122.03
891.00	42813.08
892.00	43189.91
893.00	43550.35
894.00	43030.75
895.00	43077.56
896.00	43154.80
897.00	43119.69
898.00	43150.12
899.00	43435.66
900.00	43468.43
901.00	43339.70
902.00	43746.95
903.00	43739.93
904.00	43737.59
905.00	44046.54
906.00	44100.37
907.00	43711.84
908.00	43838.23
909.00	44025.48
910.00	43976.33
911.00	44435.07
912.00	44318.04
913.00	43871.00
914.00	43817.17
915.00	44086.33
916.00	44575.50
917.00	44360.17
918.00	44655.08
919.00	44491.24
920.00	44346.13
921.00	44992.12
922.00	44655.08
923.00	44336.77
924.00	43803.13
925.00	44168.25
926.00	44545.08
927.00	45205.11
928.00	45027.23
929.00	45139.57
930.00	44788.49
931.00	45106.80
932.00	45059.99
933.00	44945.31
934.00	44928.92
935.00	44856.37
936.00	45022.54
937.00	45743.43
938.00	45500.01
939.00	45127.87
940.00	45457.88
941.00	45734.07
942.00	45193.40
943.00	45233.19
944.00	45298.73
945.00	45626.40
946.00	45928.33
947.00	45755.13
948.00	45689.60
949.00	45743.43
950.00	45783.22
951.00	45935.35
952.00	45958.76
953.00	45563.21
954.00	46213.88
955.00	45956.42
956.00	46007.91
957.00	45717.68
958.00	46005.57
959.00	45963.44
960.00	45647.47
961.00	45642.79
962.00	45659.17
963.00	46106.21
964.00	46646.88
965.00	46703.05
966.00	46834.12
967.00	47072.85
968.00	47124.35
969.00	46227.92
970.00	46667.94
971.00	47164.14
972.00	46927.74
973.00	47311.59
974.00	47065.83
975.00	46887.95
976.00	46918.38
977.00	46841.14
978.00	46787.31
979.00	46883.27
980.00	47248.39
981.00	47402.87
982.00	47943.53
983.00	47601.82
984.00	47091.58
985.00	47129.03
986.00	47487.13
987.00	47152.43
988.00	46667.94
989.00	47477.77
990.00	46941.78
991.00	47529.26
992.00	47646.29
993.00	47672.03
994.00	47742.25
995.00	47934.17
996.00	47641.60
997.00	47674.37
998.00	47732.89
999.00	47192.22
1000.00	47924.81
1001.00	48030.13
1002.00	47955.24
1003.00	47775.02
1004.00	47885.02
1005.00	47360.74
1006.00	47519.90
1007.00	47833.53
1008.00	47751.61
1009.00	47957.58
1010.00	47690.76
1011.00	47962.26
1012.00	47973.96
1013.00	48369.51
1014.00	48039.50
1015.00	47948.21
1016.00	47622.88
1017.00	47838.21
1018.00	48098.01
1019.00	48147.16
1020.00	48343.77
1021.00	48381.21
1022.00	48474.84
1023.00	48189.29
1024.00	48512.28
1025.00	48226.74
1026.00	48477.18
1027.00	48566.12
1028.00	48318.02
1029.00	48563.78
1030.00	48418.66
1031.00	49055.29
1032.00	48949.96
1033.00	48854.00
1034.00	48435.05
1035.00	48786.13
1036.00	48746.34
1037.00	48879.75
1038.00	48844.64
1039.00	48652.72
1040.00	48788.47
1041.00	48687.82
1042.00	49111.46
1043.00	48992.09
1044.00	48940.60
1045.00	48900.81
1046.00	49439.14
1047.00	48924.22
1048.00	48949.96
1049.00	49174.66
1050.00	48959.33
1051.00	49188.70
1052.00	49570.21
1053.00	49158.27
1054.00	49436.80
1055.00	48591.86
1056.00	49008.48
1057.00	48685.48
1058.00	48942.94
1059.00	49401.69
1060.00	49471.90
1061.00	49113.80
1062.00	49237.85
1063.00	49619.36
1064.00	49366.58
1065.00	49294.02
1066.00	49462.54
1067.00	49511.69
1068.00	49617.02
1069.00	50028.95
1070.00	49155.93
1071.00	49579.57
1072.00	49766.81
1073.00	49378.28
1074.00	49368.92
1075.00	49647.44
1076.00	49200.40
1077.00	49389.98
1078.00	49478.92
1079.00	49593.61
1080.00	49689.57
1081.00	49886.18
1082.00	49729.36
1083.00	49661.49
1084.00	49418.07
1085.00	49846.39
1086.00	49516.37
1087.00	49462.54
1088.00	49895.54
1089.00	49825.32
1090.00	49951.71
1091.00	50012.57
1092.00	49869.79
1093.00	49712.98
1094.00	50101.51
1095.00	49689.57
1096.00	49305.73
1097.00	49558.50
1098.00	49822.98
1099.00	49904.90
1100.00	49762.13
1101.00	50061.72
1102.00	50255.98
1103.00	50014.91
1104.00	49862.77
1105.00	49677.87
1106.00	49947.03
1107.00	49354.88
1108.00	49942.35
1109.00	50136.62
1110.00	50447.91
1111.00	50195.13
1112.00	49872.14
1113.00	50401.10
1114.00	50174.06
1115.00	49963.42
1116.00	49780.85
1117.00	49708.30
1118.00	50040.65
1119.00	49766.81
1120.00	50263.00
1121.00	50185.77
1122.00	50258.32
1123.00	50347.26
1124.00	50115.55
1125.00	50225.56
1126.00	49844.05
1127.00	49799.58
1128.00	49722.34
1129.00	49720.00
1130.00	49872.14
1131.00	50480.67
1132.00	50213.85
1133.00	50007.89
1134.00	50071.08
1135.00	50220.87
1136.00	49925.97
1137.00	49972.78
1138.00	49577.23
1139.00	49694.25
1140.00	50026.61
1141.00	50113.21
1142.00	50169.38
1143.00	50286.41
1144.00	50387.05
1145.00	49811.28
1146.00	50127.25
1147.00	50045.33
1148.00	49970.44
1149.00	50045.33
1150.00	49921.29
1151.00	50092.15
1152.00	50122.57
1153.00	50150.66
1154.00	49705.96
1155.00	50057.04
1156.00	50066.40
1157.00	49869.79
1158.00	49890.86
1159.00	50035.97
1160.00	50314.50
1161.00	49890.86
1162.00	50429.18
1163.00	50141.30
1164.00	49841.71
1165.00	50543.87
1166.00	50356.63
1167.00	50216.19
1168.00	50480.67
1169.00	50073.42
1170.00	49617.02
1171.00	49893.20
1172.00	50171.72
1173.00	49769.15
1174.00	50057.04
1175.00	50192.79
1176.00	49801.92
1177.00	50129.59
1178.00	49380.62
1179.00	49797.24
1180.00	50028.95
1181.00	49738.72
1182.00	50019.59
1183.00	50005.55
1184.00	50272.37
1185.00	50499.40
1186.00	50712.39
1187.00	50267.69
1188.00	50061.72
1189.00	50368.33
1190.00	50040.65
1191.00	49932.99
1192.00	49977.46
1193.00	49865.11
1194.00	50064.06
1195.00	49649.78
1196.00	50674.94
1197.00	50113.21
1198.00	50075.76
1199.00	50019.59
1200.00	50113.21
1201.00	49949.37
1202.00	49628.72
1203.00	49668.51
1204.00	50185.77
1205.00	50167.04
1206.00	50160.02
1207.00	50106.19
1208.00	50012.57
1209.00	49907.24
1210.00	50213.85
1211.00	49937.67
1212.00	49937.67
1213.00	49911.92
1214.00	49565.52
1215.00	49471.90
1216.00	50120.23
1217.00	49895.54
1218.00	50178.75
1219.00	50033.63
1220.00	50059.38
1221.00	50005.55
1222.00	49701.28
1223.00	50131.93
1224.00	49745.75
1225.00	49804.26
1226.00	49652.12
1227.00	50277.05
1228.00	50122.57
1229.00	49872.14
1230.00	49958.73
1231.00	50101.51
1232.00	49879.16
1233.00	49848.73
1234.00	50141.30
1235.00	49429.77
1236.00	49932.99
1237.00	50003.20
1238.00	49607.65
1239.00	50012.57
1240.00	50232.58
1241.00	50410.46
1242.00	50223.22
1243.00	50532.17
1244.00	50047.68
1245.00	50101.51
1246.00	50230.24
1247.00	49867.45
1248.00	50225.56
1249.00	49797.24
1250.00	50089.80
1251.00	50487.70
1252.00	50487.70
1253.00	50593.02
1254.00	50382.37
1255.00	50543.87
1256.00	50197.47
1257.00	49949.37
1258.00	49968.10
1259.00	49949.37
1260.00	49806.60
1261.00	50405.78
1262.00	50054.70
1263.00	50464.29
1264.00	50571.96
1265.00	50637.49
1266.00	50344.92
1267.00	50246.62
1268.00	50026.61
1269.00	50263.00
1270.00	50127.25
1271.00	49925.97
1272.00	49776.17
1273.00	50452.59
1274.00	50106.19
1275.00	50553.23
1276.00	50696.00
1277.00	50426.84
1278.00	50656.21
1279.00	50241.94
1280.00	50483.01
1281.00	50288.75
1282.00	50047.68
1283.00	49876.82
1284.00	50288.75
1285.00	49998.52
1286.00	50471.31
1287.00	50188.11
1288.00	50707.71
1289.00	50258.32
1290.00	50258.32
1291.00	50169.38
1292.00	50529.83
1293.00	49897.88
1294.00	49886.18
1295.00	49741.06
1296.00	49883.84
1297.00	50227.90
1298.00	49972.78
1299.00	50485.36
1300.00	50557.91
1301.00	50581.32
1302.00	50255.98
1303.00	49675.53
1304.00	49558.50
1305.00	50099.17
1306.00	49916.61
1307.00	49893.20
1308.00	50042.99
1309.00	50035.97
1310.00	50365.99
1311.00	50422.16
1312.00	50007.89
1313.00	50745.15
1314.00	50452.59
1315.00	50136.62
1316.00	50026.61
1317.00	50443.23
1318.00	50316.84
1319.00	50066.40
1320.00	49975.12
1321.00	50253.64
1322.00	50136.62
1323.00	50667.92
1324.00	50506.42
1325.00	50246.62
1326.00	50487.70
1327.00	50248.96
1328.00	50014.91
1329.00	49696.59
1330.00	50422.16
1331.00	50328.54
1332.00	50260.66
1333.00	49488.29
1334.00	50333.22
1335.00	50199.81
1336.00	49935.33
1337.00	50021.93
1338.00	50457.27
1339.00	50059.38
1340.00	50129.59
1341.00	49963.42
1342.00	50204.49
1343.00	49502.33
1344.00	49975.12
1345.00	49916.61
1346.00	50019.59
1347.00	49989.16
1348.00	50487.70
1349.00	50220.87
1350.00	49815.96
1351.00	50218.53
1352.00	49911.92
1353.00	50021.93
1354.00	49921.29
1355.00	49345.51
1356.00	50148.32
1357.00	50038.31
1358.00	49624.04
1359.00	50000.86
1360.00	49961.08
1361.00	49923.63
1362.00	49780.85
1363.00	50005.55
1364.00	49778.51
1365.00	49785.54
1366.00	49612.34
1367.00	49518.71
1368.00	49422.75
1369.00	49474.24
1370.00	49666.17
1371.00	49598.29
1372.00	49380.62
1373.00	49701.28
1374.00	49633.40
1375.00	49846.39
1376.00	49567.87
1377.00	49408.71
1378.00	49265.94
1379.00	49415.73
1380.00	49642.76
1381.00	49174.66
1382.00	49301.04
1383.00	49296.36
1384.00	49284.66
1385.00	49375.94
1386.00	49354.88
1387.00	49230.83
1388.00	48982.73
1389.00	49602.97
1390.00	48959.33
1391.00	49371.26
1392.00	48830.60
1393.00	48608.25
1394.00	49258.91
1395.00	48678.46
1396.00	49057.63
1397.00	49556.16
1398.00	49031.88
1399.00	49076.35
1400.00	49481.27
1401.00	49209.76
1402.00	49209.76
1403.00	48999.12
1404.00	48924.22
1405.00	48502.92
1406.00	48697.19
1407.00	48353.13
1408.00	48931.24
1409.00	48823.58
1410.00	48907.83
1411.00	48891.45
1412.00	48736.98
1413.00	48793.15
1414.00	48854.00
1415.00	48914.86
1416.00	48589.52
1417.00	48322.70
1418.00	48423.34
1419.00	48348.45
1420.00	48402.28
1421.00	48706.55
1422.00	48781.45
1423.00	48512.28
1424.00	48472.49
1425.00	48477.18
1426.00	48685.48
1427.00	48369.51
1428.00	48350.79
1429.00	48196.31
1430.00	48332.06
1431.00	48058.22
1432.00	48076.94
1433.00	48107.37
1434.00	48116.73
1435.00	48186.95
1436.00	48315.68
1437.00	47997.37
1438.00	47856.93
1439.00	48268.87
1440.00	48107.37
1441.00	48186.95
1442.00	47803.10
1443.00	48154.18
1444.00	47784.38
1445.00	47882.68
1446.00	47517.56
1447.00	47597.13
1448.00	47679.05
1449.00	47150.09
1450.00	48018.43
1451.00	48144.82
1452.00	47758.63
1453.00	47812.46
1454.00	47725.86
1455.00	47136.05
1456.00	47526.92
1457.00	47358.40
1458.00	47217.97
1459.00	47632.24
1460.00	47026.04
1461.00	47140.73
1462.00	47730.54
1463.00	47426.28
1464.00	47695.44
1465.00	47908.43
1466.00	47550.32
1467.00	47468.40
1468.00	47360.74
1469.00	46777.95
1470.00	47175.84
1471.00	47150.09
1472.00	47012.00
1473.00	47299.89
1474.00	47040.09
1475.00	47098.60
1476.00	47379.46
1477.00	46890.29
1478.00	47000.30
1479.00	46880.93
1480.00	46656.24
1481.00	46831.78
1482.00	46941.78
1483.00	46866.89
1484.00	46546.23
1485.00	46438.57
1486.00	46377.72
1487.00	46356.65
1488.00	46408.14
1489.00	46511.13
1490.00	46768.58
1491.00	46461.97
1492.00	46333.24
1493.00	46810.71
1494.00	46616.45
1495.00	46621.13
1496.00	46632.83
1497.00	45925.99
1498.00	45895.56
1499.00	45954.08
1500.00	46424.53
1501.00	46284.09
1502.00	45928.33
1503.00	46014.93
1504.00	46321.54
1505.00	46368.35
1506.00	46354.31
1507.00	45897.91
1508.00	46480.70
1509.00	46272.39
1510.00	45741.09
1511.00	45883.86
1512.00	45603.00
1513.00	45628.74
1514.00	45925.99
1515.00	45825.35
1516.00	45778.54
1517.00	45631.08
1518.00	45764.49
1519.00	45783.22
1520.00	45586.61
1521.00	45937.69
1522.00	45626.40
1523.00	45127.87
1524.00	45577.25
1525.00	45586.61
1526.00	45226.17
1527.00	45207.45
1528.00	45137.23
1529.00	45155.96
1530.00	44877.43
1531.00	45392.35
1532.00	45284.68
1533.00	45455.54
1534.00	44758.06
1535.00	45258.94
1536.00	45174.68
1537.00	44662.10
1538.00	45287.03
1539.00	45104.46
1540.00	45034.25
1541.00	44638.70
1542.00	44889.13
1543.00	44809.56
1544.00	44781.47
1545.00	44758.06
1546.00	44753.38
1547.00	45284.68
1548.00	44769.77
1549.00	45174.68
1550.00	44713.59
1551.00	44500.61
1552.00	44854.03
1553.00	44212.72
1554.00	44357.83
1555.00	44137.82
1556.00	44170.59
1557.00	44308.68
1558.00	44226.76
1559.00	44175.27
1560.00	44236.12
1561.00	44364.85
1562.00	44573.16
1563.00	44381.24
1564.00	44692.53
1565.00	43838.23
1566.00	44268.89
1567.00	44112.08
1568.00	43985.69
1569.00	44275.91
1570.00	43454.39
1571.00	44067.61
1572.00	43835.89
1573.00	43871.00
1574.00	43941.22
1575.00	43871.00
1576.00	43742.27
1577.00	43608.86
1578.00	43936.54
1579.00	44304.00
1580.00	43358.42
1581.00	43810.15
1582.00	43805.47
1583.00	43423.96
1584.00	43203.95
1585.00	43372.47
1586.00	43098.62
1587.00	43311.61
1588.00	42873.93
1589.00	43683.76
1590.00	43875.68
1591.00	43243.74
1592.00	43449.70
1593.00	43236.72
1594.00	42962.87
1595.00	43524.60
1596.00	42944.15
1597.00	42679.67
1598.00	42766.27
1599.00	42815.42
1600.00	42689.03
1601.00	43166.50
1602.00	42808.40
1603.00	42976.92
1604.00	43030.75
1605.00	43236.72
1606.00	42862.23
1607.00	42660.94
1608.00	43096.28
1609.00	42843.51
1610.00	42768.61
1611.00	42157.73
1612.00	42789.67
1613.00	42450.30
1614.00	42691.37
1615.00	42960.53
1616.00	42773.29
1617.00	42169.43
1618.00	42595.41
1619.00	42595.41
1620.00	42993.30
1621.00	42459.66
1622.00	42756.91
1623.00	42726.48
1624.00	42557.96
1625.00	42506.47
1626.00	42651.58
1627.00	42195.18
1628.00	42050.06
1629.00	42047.72
1630.00	41935.38
1631.00	42005.59
1632.00	42033.68
1633.00	41965.81
1634.00	42244.33
1635.00	42054.75
1636.00	42792.01
1637.00	42110.92
1638.00	42052.41
1639.00	42136.66
1640.00	41975.17
1641.00	41724.73
1642.00	41338.54
1643.00	41532.81
1644.00	41532.81
1645.00	41621.75
1646.00	41172.36
1647.00	42026.66
1648.00	41624.09
1649.00	41935.38
1650.00	41853.46
1651.00	41841.76
1652.00	41371.31
1653.00	41720.05
1654.00	42064.11
1655.00	41432.16
1656.00	41371.31
1657.00	41558.55
1658.00	41017.89
1659.00	41273.01
1660.00	41333.86
1661.00	40832.99
1662.00	40933.63
1663.00	41195.77
1664.00	41188.75
1665.00	41291.73
1666.00	41308.11
1667.00	41123.21
1668.00	41427.48
1669.00	41371.31
1670.00	40921.93
1671.00	41071.72
1672.00	40982.78
1673.00	40870.43
1674.00	40334.45
1675.00	40725.32
1676.00	41076.40
1677.00	40704.26
1678.00	40498.29
1679.00	40844.69
1680.00	40821.28
1681.00	40708.94
1682.00	41062.36
1683.00	41001.50
1684.00	40505.31
1685.00	40570.85
1686.00	40226.79
1687.00	40126.14
1688.00	40130.83
1689.00	40343.81
1690.00	40325.09
1691.00	40107.42
1692.00	40336.79
1693.00	40348.50
1694.00	40304.02
1695.00	40322.75
1696.00	40140.19
1697.00	40163.59
1698.00	40208.06
1699.00	39906.13
1700.00	39976.35
1701.00	40135.51
1702.00	39651.02
1703.00	39782.09
1704.00	39590.16
1705.00	39812.51
1706.00	39192.27
1707.00	39833.58
1708.00	39203.97
1709.00	39548.03
1710.00	39739.96
1711.00	39435.69
1712.00	39353.77
1713.00	39620.59
1714.00	39431.01
1715.00	39821.87
1716.00	39915.50
1717.00	39257.81
1718.00	39089.29
1719.00	39388.88
1720.00	38822.47
1721.00	38995.67
1722.00	38899.70
1723.00	38745.23
1724.00	38742.89
1725.00	38417.55
1726.00	38473.73
1727.00	38689.06
1728.00	38810.76
1729.00	38520.54
1730.00	39218.02
1731.00	38581.39
1732.00	38611.82
1733.00	38321.59
1734.00	38309.89
1735.00	38466.70
1736.00	38356.70
1737.00	38038.39
1738.00	37738.80
1739.00	37785.61
1740.00	38014.98
1741.00	37687.31
1742.00	38047.75
1743.00	37949.45
1744.00	37909.66
1745.00	37762.20
1746.00	37790.29
1747.00	38143.71
1748.00	37495.38
1749.00	37780.93
1750.00	37305.80
1751.00	37661.56
1752.00	37570.28
1753.00	37024.93
1754.00	37233.24
1755.00	37333.89
1756.00	37263.67
1757.00	36760.45
1758.00	37116.22
1759.00	36715.98
1760.00	37153.66
1761.00	37483.68
1762.00	37277.71
1763.00	36975.78
1764.00	36786.20
1765.00	36943.02
1766.00	36414.05
1767.00	36715.98
1768.00	36673.85
1769.00	36451.50
1770.00	36360.22
1771.00	36474.91
1772.00	36287.67
1773.00	36669.17
1774.00	36566.19
1775.00	36664.49
1776.00	36580.23
1777.00	36437.46
1778.00	35934.24
1779.00	36430.44
1780.00	36002.12
1781.00	35580.82
1782.00	35793.81
1783.00	36093.40
1784.00	35159.53
1785.00	35718.92
1786.00	35370.18
1787.00	35007.39
1788.00	35318.68
1789.00	34916.11
1790.00	35143.14
1791.00	35344.43
1792.00	35505.93
1793.00	35007.39
1794.00	35065.91
1795.00	34824.83
1796.00	35014.41
1797.00	34909.09
1798.00	35299.96
1799.00	34829.51
1800.00	34745.25
1801.00	34162.46
1802.00	34443.32
1803.00	34913.77
1804.00	34136.71
1805.00	34281.83
1806.00	34611.84
1807.00	34206.93
1808.00	33926.07
1809.00	34239.70
1810.00	34085.22
1811.00	34202.25
1812.00	34115.65
1813.00	33750.52
1814.00	34092.24
1815.00	33603.07
1816.00	33631.16
1817.00	33881.60
1818.00	33120.92
1819.00	33460.30
1820.00	33137.30
1821.00	33380.72
1822.00	33109.22
1823.00	33214.54
1824.00	32613.02
1825.00	32627.07
1826.00	33076.45
1827.00	32936.02
1828.00	33160.71
1829.00	33223.90
1830.00	32872.82
1831.00	32063.00
1832.00	32952.40
1833.00	33027.30
1834.00	32950.06
1835.00	32568.55
1836.00	32046.62
1837.00	32004.49
1838.00	32011.51
1839.00	31798.52
1840.00	31250.83
1841.00	31894.48
1842.00	31630.00
1843.00	31590.21
1844.00	31374.88
1845.00	31438.08
1846.00	31466.16
1847.00	31388.92
1848.00	31536.38
1849.00	31037.84
1850.00	31365.52
1851.00	30796.77
1852.00	30801.45
1853.00	30331.00
1854.00	30696.13
1855.00	30167.16
1856.00	30375.47
1857.00	30108.65
1858.00	30071.20
1859.00	29874.60
1860.00	29876.94
1861.00	29465.00
1862.00	29830.13
1863.00	29778.64
1864.00	29968.22
1865.00	29694.38
1866.00	29872.26
1867.00	29434.58
1868.00	29575.01
1869.00	29439.26
1870.00	29502.45
1871.00	29099.88
1872.00	29046.05
1873.00	28952.43
1874.00	28987.53
1875.00	28999.24
1876.00	28912.64
1877.00	28563.90
1878.00	28505.38
1879.00	28191.75
1880.00	28800.29
1881.00	28641.14
1882.00	28168.35
1883.00	28266.65
1884.00	28219.84
1885.00	28044.30
1886.00	28072.39
1887.00	27833.65
1888.00	27791.52
1889.00	27538.74
1890.00	27424.06
1891.00	27615.98
1892.00	27234.47
1893.00	26911.48
1894.00	27473.21
1895.00	27082.34
1896.00	27049.57
1897.00	27264.90
1898.00	27051.91
1899.00	27061.27
1900.00	26965.31
1901.00	26518.27
1902.00	26150.81
1903.00	26412.95
1904.00	26787.43
1905.00	26092.29
1906.00	26368.48
1907.00	25862.92
1908.00	25926.11
1909.00	25972.92
1910.00	25476.73
1911.00	25661.63
1912.00	25752.91
1913.00	25769.30
1914.00	25509.50
1915.00	25523.54
1916.00	25355.02
1917.00	25184.16
1918.00	25132.67
1919.00	25102.25
1920.00	25546.95
1921.00	25120.97
1922.00	24992.24
1923.00	24943.09
1924.00	24744.14
1925.00	24669.25
1926.00	24599.03
1927.00	24224.54
1928.00	23836.02
1929.00	24201.14
1930.00	24201.14
1931.00	23936.66
1932.00	23964.75
1933.00	23826.65
1934.00	23721.33
1935.00	24044.32
1936.00	24133.26
1937.00	23737.71
1938.00	24060.71
1939.00	23653.45
1940.00	23597.28
1941.00	23517.70
1942.00	23264.92
1943.00	23316.42
1944.00	23056.62
1945.00	22963.00
1946.00	23077.68
1947.00	22368.50
1948.00	22356.80
1949.00	22267.86
1950.00	22506.59
1951.00	22228.07
1952.00	22398.93
1953.00	22471.48
1954.00	22473.82
1955.00	22253.81
1956.00	22094.66
1957.00	22265.52
1958.00	21956.57
1959.00	21963.59
1960.00	22012.74
1961.00	21776.34
1962.00	21736.56
1963.00	21476.76
1964.00	21371.43
1965.00	21151.42
1966.00	21097.59
1967.00	21130.36
1968.00	20725.44
1969.00	20994.61
1970.00	20863.54
1971.00	21008.65
1972.00	20823.75
1973.00	20903.32
1974.00	20755.87
1975.00	20645.87
1976.00	20629.48
1977.00	20472.67
1978.00	20540.54
1979.00	20357.98
1980.00	20437.56
1981.00	19953.07
1982.00	20121.59
1983.00	20034.99
1984.00	20011.58
1985.00	19915.62
1986.00	19847.74
1987.00	19367.93
1988.00	19257.93
1989.00	19342.19
1990.00	19283.67
1991.00	19192.39
1992.00	19236.86
1993.00	19094.09
1994.00	18939.62
1995.00	19133.88
1996.00	19197.07
1997.00	18883.44
1998.00	19002.81
1999.00	18651.73
2000.00	18595.56
2001.00	18611.94
2002.00	18518.32
2003.00	18511.30
2004.00	18335.76
2005.00	18064.25
2006.00	18160.22
2007.00	18153.20
2008.00	17951.91
2009.00	17727.22
2010.00	17947.23
2011.00	17811.48
2012.00	17905.10
2013.00	17923.82
2014.00	17577.42
2015.00	17645.30
2016.00	17743.60
2017.00	17394.86
2018.00	17727.22
2019.00	17242.73
2020.00	17139.74
2021.00	17261.45
2022.00	17294.22
2023.00	16758.24
2024.00	16561.63
2025.00	16781.64
2026.00	16484.39
2027.00	16760.58
2028.00	16758.24
2029.00	16255.02
2030.00	16444.60
2031.00	16358.00
2032.00	16519.50
2033.00	16365.03
2034.00	16414.18
2035.00	16147.36
2036.00	16180.12
2037.00	15892.24
2038.00	16091.18
2039.00	16271.40
2040.00	16074.80
2041.00	16035.01
2042.00	15712.02
2043.00	15492.01
2044.00	15407.75
2045.00	15583.29
2046.00	15255.61
2047.00	15365.62
