0.00	1032.18
1.00	1032.18
2.00	1032.18
3.00	1029.84
4.00	1027.50
5.00	1025.15
6.00	1008.77
7.00	1006.43
8.00	976.00
9.00	877.70
10.00	917.49
11.00	1015.79
12.00	957.28
13.00	990.05
14.00	905.79
15.00	959.62
16.00	919.83
17.00	994.73
18.00	1046.22
19.00	1013.45
20.00	992.39
21.00	1029.84
22.00	964.30
23.00	1076.65
24.00	1118.78
25.00	1458.15
26.00	1406.66
27.00	1495.60
28.00	1458.15
29.00	1460.49
30.00	1486.24
31.00	1495.60
32.00	1535.39
33.00	1519.01
34.00	1488.58
35.00	1570.50
36.00	1542.41
37.00	1610.29
38.00	1507.30
39.00	1593.90
40.00	1621.99
41.00	1612.63
42.00	1561.14
43.00	1696.89
44.00	1666.46
45.00	1596.25
46.00	1619.65
47.00	1650.08
48.00	1664.12
49.00	1680.50
50.00	1614.97
51.00	1657.10
52.00	1657.10
53.00	1675.82
54.00	1565.82
55.00	1682.85
56.00	1724.97
57.00	1739.02
58.00	1722.63
59.00	1692.21
60.00	1795.19
61.00	1757.74
62.00	1689.87
63.00	1762.42
64.00	1767.10
65.00	1717.95
66.00	1720.29
67.00	1734.34
68.00	1710.93
69.00	1839.66
70.00	1682.85
71.00	1706.25
72.00	1785.83
73.00	1811.57
74.00	1823.28
75.00	1806.89
76.00	1816.26
77.00	1729.66
78.00	1788.17
79.00	1846.68
80.00	1909.88
81.00	1825.62
82.00	1872.43
83.00	1914.56
84.00	1884.13
85.00	1966.05
86.00	1811.57
87.00	1834.98
88.00	1916.90
89.00	1933.28
90.00	1888.81
91.00	1930.94
92.00	1947.33
93.00	1914.56
94.00	1856.04
95.00	1963.71
96.00	1970.73
97.00	1923.92
98.00	1916.90
99.00	1949.67
100.00	2005.84
101.00	1977.75
102.00	2022.22
103.00	1935.62
104.00	2106.48
105.00	2045.63
106.00	1930.94
107.00	2040.95
108.00	2022.22
109.00	2099.46
110.00	2059.67
111.00	2043.29
112.00	2132.23
113.00	2120.53
114.00	2120.53
115.00	2134.57
116.00	2162.66
117.00	2073.71
118.00	2022.22
119.00	2069.03
120.00	2139.25
121.00	2099.46
122.00	2132.23
123.00	2127.55
124.00	2101.80
125.00	2160.31
126.00	2136.91
127.00	2211.81
128.00	2183.72
129.00	2143.93
130.00	2221.17
131.00	2225.85
132.00	2221.17
133.00	2216.49
134.00	2258.62
135.00	2232.87
136.00	2296.07
137.00	2326.49
138.00	2258.62
139.00	2272.66
140.00	2314.79
141.00	2303.09
142.00	2380.32
143.00	2413.09
144.00	2377.98
145.00	2347.56
146.00	2413.09
147.00	2377.98
148.00	2480.97
149.00	2410.75
150.00	2436.50
151.00	2359.26
152.00	2401.39
153.00	2525.44
154.00	2434.16
155.00	2497.35
156.00	2455.22
157.00	2532.46
158.00	2569.91
159.00	2525.44
160.00	2525.44
161.00	2534.80
162.00	2562.89
163.00	2553.52
164.00	2478.63
165.00	2572.25
166.00	2609.70
167.00	2712.68
168.00	2544.16
169.00	2689.28
170.00	2715.02
171.00	2700.98
172.00	2747.79
173.00	2757.15
174.00	2691.62
175.00	2733.75
176.00	2590.97
177.00	2782.90
178.00	2729.06
179.00	2792.26
180.00	2827.37
181.00	2787.58
182.00	2822.69
183.00	2771.19
184.00	2864.82
185.00	2876.52
186.00	2864.82
187.00	2818.00
188.00	2878.86
189.00	2860.13
190.00	2984.18
191.00	2984.18
192.00	2937.37
193.00	2972.48
194.00	2967.80
195.00	3035.67
196.00	3047.38
197.00	2972.48
198.00	3040.36
199.00	2946.73
200.00	3129.30
201.00	3159.72
202.00	3096.53
203.00	3110.57
204.00	3129.30
205.00	3108.23
206.00	3136.32
207.00	3269.73
208.00	3197.17
209.00	3222.92
210.00	3328.24
211.00	3274.41
212.00	3143.34
213.00	3274.41
214.00	3290.79
215.00	3400.80
216.00	3342.28
217.00	3393.78
218.00	3379.73
219.00	3356.33
220.00	3426.54
221.00	3468.67
222.00	3508.46
223.00	3515.48
224.00	3412.50
225.00	3454.63
226.00	3454.63
227.00	3529.53
228.00	3585.70
229.00	3592.72
230.00	3641.87
231.00	3576.34
232.00	3665.28
233.00	3805.71
234.00	3684.00
235.00	3712.09
236.00	3911.04
237.00	3873.59
238.00	3866.56
239.00	3712.09
240.00	3845.50
241.00	3899.33
242.00	3871.25
243.00	4081.89
244.00	3918.06
245.00	4133.39
246.00	3922.74
247.00	4117.00
248.00	4205.94
249.00	4100.62
250.00	4245.73
251.00	4257.43
252.00	4229.35
253.00	4341.69
254.00	4248.07
255.00	4418.93
256.00	4421.27
257.00	4266.80
258.00	4400.21
259.00	4449.36
260.00	4491.49
261.00	4489.15
262.00	4519.57
263.00	4641.28
264.00	4524.26
265.00	4603.83
266.00	4685.75
267.00	4683.41
268.00	4711.50
269.00	4723.20
270.00	4725.54
271.00	4681.07
272.00	4634.26
273.00	4938.53
274.00	4770.01
275.00	4844.91
276.00	4887.04
277.00	4926.83
278.00	4933.85
279.00	4898.74
280.00	5004.07
281.00	5125.77
282.00	5121.09
283.00	4971.30
284.00	5116.41
285.00	5146.84
286.00	5242.80
287.00	5001.72
288.00	5022.79
289.00	5228.76
290.00	5181.95
291.00	5090.67
292.00	5139.82
293.00	5256.84
294.00	5362.17
295.00	5315.36
296.00	5336.42
297.00	5359.83
298.00	5334.08
299.00	5376.21
300.00	5249.82
301.00	5144.50
302.00	4973.64
303.00	5184.29
304.00	5298.97
305.00	5327.06
306.00	5385.57
307.00	5268.55
308.00	5401.96
309.00	5249.82
310.00	5212.37
311.00	5289.61
312.00	5366.85
313.00	5263.86
314.00	5441.75
315.00	5392.59
316.00	5401.96
317.00	5483.88
318.00	5434.72
319.00	5369.19
320.00	5460.47
321.00	5570.48
322.00	5408.98
323.00	5554.09
324.00	5605.58
325.00	5633.67
326.00	5589.20
327.00	5834.96
328.00	5734.31
329.00	5579.84
330.00	5612.60
331.00	5638.35
332.00	5600.90
333.00	5511.96
334.00	5776.44
335.00	5860.70
336.00	5788.14
337.00	5813.89
338.00	5811.55
339.00	5746.02
340.00	5898.15
341.00	5944.96
342.00	5949.64
343.00	5921.56
344.00	6092.41
345.00	6085.39
346.00	6218.80
347.00	6146.25
348.00	6087.73
349.00	6061.99
350.00	6146.25
351.00	6085.39
352.00	6312.42
353.00	6338.17
354.00	6190.72
355.00	6270.30
356.00	6244.55
357.00	6389.66
358.00	6242.21
359.00	6256.25
360.00	6567.54
361.00	6438.81
362.00	6532.44
363.00	6441.15
364.00	6581.59
365.00	6579.25
366.00	6513.71
367.00	6516.05
368.00	6497.33
369.00	6630.74
370.00	6377.96
371.00	6651.80
372.00	6539.46
373.00	6689.25
374.00	6707.98
375.00	6640.10
376.00	6712.66
377.00	6621.38
378.00	6834.36
379.00	6981.82
380.00	6911.60
381.00	6988.84
382.00	7176.08
383.00	7232.26
384.00	7164.38
385.00	7016.93
386.00	7272.04
387.00	7211.19
388.00	7124.59
389.00	7297.79
390.00	7522.48
391.00	7644.19
392.00	7405.46
393.00	7375.03
394.00	7534.18
395.00	7417.16
396.00	7524.82
397.00	7824.41
398.00	7627.81
399.00	7915.69
400.00	8028.04
401.00	7880.58
402.00	7836.11
403.00	7857.18
404.00	7894.63
405.00	8002.29
406.00	8016.33
407.00	8161.45
408.00	7768.24
409.00	7655.89
410.00	7765.90
411.00	8187.19
412.00	8121.66
413.00	8114.64
414.00	8002.29
415.00	8119.32
416.00	8042.08
417.00	8219.96
418.00	8131.02
419.00	8217.62
420.00	8098.25
421.00	8126.34
422.00	8217.62
423.00	8196.56
424.00	7960.16
425.00	8004.63
426.00	8262.09
427.00	8084.21
428.00	8161.45
429.00	8107.62
430.00	8152.09
431.00	8009.31
432.00	8124.00
433.00	8273.79
434.00	8301.88
435.00	8285.50
436.00	8329.97
437.00	8142.72
438.00	8177.83
439.00	8393.16
440.00	8601.47
441.00	8505.51
442.00	8629.56
443.00	8549.98
444.00	8594.45
445.00	8599.13
446.00	8601.47
447.00	8889.35
448.00	8587.43
449.00	8704.45
450.00	8603.81
451.00	8652.96
452.00	8805.10
453.00	8800.41
454.00	8627.21
455.00	8823.82
456.00	8814.46
457.00	8863.61
458.00	8896.38
459.00	8861.27
460.00	8837.86
461.00	8774.67
462.00	8894.04
463.00	8938.51
464.00	8858.93
465.00	9069.58
466.00	8879.99
467.00	8919.78
468.00	9039.15
469.00	9205.33
470.00	9425.34
471.00	9364.48
472.00	9011.06
473.00	9177.24
474.00	9387.89
475.00	9270.86
476.00	9439.38
477.00	9556.41
478.00	9516.62
479.00	9582.15
480.00	9844.29
481.00	9626.62
482.00	9867.70
483.00	9790.46
484.00	9689.82
485.00	9879.40
486.00	9783.44
487.00	9792.80
488.00	9905.15
489.00	9856.00
490.00	10064.30
491.00	9928.55
492.00	9846.63
493.00	9958.98
494.00	10043.24
495.00	10054.94
496.00	9980.04
497.00	10071.33
498.00	10064.30
499.00	10281.97
500.00	10368.57
501.00	10289.00
502.00	10073.67
503.00	10094.73
504.00	10157.92
505.00	10466.88
506.00	10349.85
507.00	10455.17
508.00	10663.48
509.00	10221.12
510.00	10462.19
511.00	10509.01
512.00	10633.05
513.00	10462.19
514.00	10588.58
515.00	10721.99
516.00	10497.30
517.00	10464.54
518.00	10551.14
519.00	10747.74
520.00	10551.14
521.00	10782.85
522.00	10911.58
523.00	10551.14
524.00	10820.30
525.00	10846.04
526.00	10813.28
527.00	11052.01
528.00	10815.62
529.00	10843.70
530.00	10913.92
531.00	11185.42
532.00	11068.39
533.00	10841.36
534.00	10824.98
535.00	11145.63
536.00	11290.74
537.00	10911.58
538.00	11068.39
539.00	11192.44
540.00	11204.14
541.00	11178.40
542.00	11293.08
543.00	11330.53
544.00	11412.45
545.00	11309.47
546.00	11318.83
547.00	11344.58
548.00	11466.28
549.00	11756.51
550.00	11742.47
551.00	11815.02
552.00	11646.51
553.00	11824.39
554.00	11571.61
555.00	11721.40
556.00	11992.90
557.00	11522.46
558.00	11747.15
559.00	11929.71
560.00	12100.57
561.00	12056.10
562.00	12278.45
563.00	12191.85
564.00	12229.30
565.00	12219.94
566.00	12241.00
567.00	12528.89
568.00	12187.17
569.00	12351.01
570.00	12301.86
571.00	12674.00
572.00	12671.66
573.00	12779.32
574.00	12774.64
575.00	12723.15
576.00	12903.37
577.00	12872.95
578.00	13224.03
579.00	13228.71
580.00	13004.02
581.00	13090.62
582.00	13085.94
583.00	13429.99
584.00	13259.13
585.00	13453.40
586.00	13879.38
587.00	13600.85
588.00	13703.84
589.00	13610.22
590.00	13984.70
591.00	13980.02
592.00	13970.66
593.00	14073.64
594.00	14483.24
595.00	14377.91
596.00	14728.99
597.00	14824.95
598.00	14796.87
599.00	14909.21
600.00	14988.79
601.00	15370.30
602.00	15440.51
603.00	15281.36
604.00	15201.78
605.00	15496.69
606.00	15964.79
607.00	15576.27
608.00	15831.38
609.00	16126.29
610.00	15878.19
611.00	15978.84
612.00	16147.36
613.00	16358.00
614.00	16369.71
615.00	16514.82
616.00	16718.45
617.00	16898.67
618.00	16849.52
619.00	17319.96
620.00	16889.31
621.00	17174.85
622.00	17626.57
623.00	17584.44
624.00	17937.87
625.00	17666.36
626.00	17809.14
627.00	18104.04
628.00	17951.91
629.00	18235.11
630.00	18307.67
631.00	18707.90
632.00	18586.19
633.00	19028.56
634.00	18829.61
635.00	19428.79
636.00	19314.10
637.00	19522.41
638.00	19538.79
639.00	19494.32
640.00	19384.32
641.00	19618.37
642.00	20180.10
643.00	20306.49
644.00	20353.30
645.00	20484.37
646.00	20727.78
647.00	20915.03
648.00	20624.80
649.00	20910.35
650.00	21411.22
651.00	21575.06
652.00	21441.65
653.00	21788.05
654.00	22066.57
655.00	21788.05
656.00	22197.64
657.00	22185.94
658.00	22408.29
659.00	22155.51
660.00	22855.33
661.00	22824.90
662.00	22696.17
663.00	23307.05
664.00	23374.93
665.00	23431.10
666.00	23604.30
667.00	23936.66
668.00	23686.22
669.00	23875.80
670.00	24088.79
671.00	24339.23
672.00	24386.04
673.00	24451.58
674.00	24542.86
675.00	24362.64
676.00	24711.38
677.00	25008.62
678.00	24919.68
679.00	25055.43
680.00	25200.55
681.00	25582.06
682.00	25846.54
683.00	25291.83
684.00	26181.23
685.00	26003.35
686.00	26417.63
687.00	26391.88
688.00	26412.95
689.00	26455.08
690.00	26787.43
691.00	27037.87
692.00	26768.71
693.00	26953.61
694.00	27199.37
695.00	27456.82
696.00	27365.54
697.00	27365.54
698.00	27810.25
699.00	28044.30
700.00	27838.33
701.00	28100.47
702.00	28589.64
703.00	28425.81
704.00	28524.11
705.00	28914.98
706.00	28671.56
707.00	28872.85
708.00	29179.46
709.00	29111.58
710.00	29516.50
711.00	29118.60
712.00	29252.02
713.00	29123.29
714.00	29535.22
715.00	30052.48
716.00	30106.31
717.00	30120.35
718.00	30513.56
719.00	30162.48
720.00	30256.11
721.00	30298.23
722.00	30417.60
723.00	30328.66
724.00	30993.37
725.00	30654.00
726.00	30778.04
727.00	30939.54
728.00	31487.23
729.00	30953.58
730.00	31124.44
731.00	31447.44
732.00	31522.34
733.00	31594.89
734.00	31321.05
735.00	31126.78
736.00	31615.96
737.00	31491.91
738.00	32105.13
739.00	32430.46
740.00	31765.75
741.00	32285.35
742.00	32271.31
743.00	31969.38
744.00	32329.82
745.00	32598.98
746.00	32957.08
747.00	32531.11
748.00	32830.69
749.00	32488.98
750.00	32980.49
751.00	33202.84
752.00	33057.73
753.00	33139.65
754.00	33383.06
755.00	33305.82
756.00	34146.08
757.00	33757.55
758.00	33645.20
759.00	33350.29
760.00	33799.68
761.00	34375.45
762.00	34314.59
763.00	33879.25
764.00	33546.90
765.00	34244.38
766.00	34319.28
767.00	34469.07
768.00	34864.62
769.00	34480.77
770.00	34810.79
771.00	35159.53
772.00	35115.06
773.00	34902.07
774.00	34899.73
775.00	35302.30
776.00	34909.09
777.00	35702.53
778.00	35800.83
779.00	35665.08
780.00	35875.73
781.00	35512.95
782.00	35723.60
783.00	35723.60
784.00	36025.53
785.00	36189.36
786.00	36212.77
787.00	36201.07
788.00	36521.72
789.00	36231.49
790.00	36205.75
791.00	36739.39
792.00	37123.24
793.00	37368.99
794.00	37195.79
795.00	36748.75
796.00	36907.91
797.00	36800.24
798.00	36655.13
799.00	37092.81
800.00	37338.57
801.00	37474.32
802.00	37294.10
803.00	37724.75
804.00	37720.07
805.00	37359.63
806.00	37701.35
807.00	38085.20
808.00	37586.66
809.00	37914.34
810.00	38085.20
811.00	38036.05
812.00	38150.73
813.00	38050.09
814.00	37975.19
815.00	38167.12
816.00	38293.50
817.00	38607.14
818.00	38621.18
819.00	38314.57
820.00	38466.70
821.00	38426.92
822.00	38855.23
823.00	38609.48
824.00	38848.21
825.00	38511.17
826.00	39648.68
827.00	39178.23
828.00	39505.90
829.00	39086.95
830.00	39484.84
831.00	39423.98
832.00	39377.17
833.00	39648.68
834.00	39452.07
835.00	39824.22
836.00	39655.70
837.00	39789.11
838.00	39976.35
839.00	39707.19
840.00	39885.07
841.00	40105.08
842.00	40271.26
843.00	40072.31
844.00	40531.06
845.00	40446.80
846.00	40439.78
847.00	40837.67
848.00	40872.78
849.00	40769.79
850.00	41106.83
851.00	41022.57
852.00	41029.59
853.00	40816.60
854.00	41434.50
855.00	40816.60
856.00	41193.43
857.00	41078.74
858.00	41460.25
859.00	41668.56
860.00	41977.51
861.00	41886.23
862.00	41579.62
863.00	41298.75
864.00	41755.16
865.00	41926.02
866.00	41911.97
867.00	42319.23
868.00	42131.98
869.00	42272.42
870.00	42644.56
871.00	41816.01
872.00	42150.71
873.00	42131.98
874.00	41865.16
875.00	42564.98
876.00	42466.68
877.00	42738.18
878.00	42513.49
879.00	42499.45
880.00	42347.31
881.00	42344.97
882.00	42450.30
883.00	42382.42
884.00	43096.28
885.00	43009.68
886.00	42686.69
887.00	42892.66
888.00	42766.27
889.00	43002.66
890.00	42731.16
891.00	43232.04
892.00	43217.99
893.00	43435.66
894.00	43229.69
895.00	43112.67
896.00	43229.69
897.00	43508.22
898.00	43402.89
899.00	43349.06
900.00	43665.03
901.00	43943.56
902.00	43889.73
903.00	43861.64
904.00	43566.73
905.00	43751.63
906.00	43856.96
907.00	43606.52
908.00	43871.00
909.00	43866.32
910.00	44067.61
911.00	44208.04
912.00	44584.86
913.00	43966.96
914.00	44016.11
915.00	44282.94
916.00	44406.98
917.00	44456.14
918.00	44598.91
919.00	44570.82
920.00	44563.80
921.00	44615.29
922.00	45127.87
923.00	44683.17
924.00	44430.39
925.00	44891.48
926.00	45045.95
927.00	44837.64
928.00	45193.40
929.00	45205.11
930.00	45385.33
931.00	45172.34
932.00	45146.59
933.00	45331.50
934.00	44652.74
935.00	45467.25
936.00	45308.09
937.00	45312.77
938.00	45858.12
939.00	45303.41
940.00	45298.73
941.00	45509.38
942.00	45104.46
943.00	45832.37
944.00	45815.99
945.00	45703.64
946.00	46066.42
947.00	46150.68
948.00	45656.83
949.00	45970.46
950.00	45865.14
951.00	46185.79
952.00	45460.23
953.00	46220.90
954.00	45949.40
955.00	45865.14
956.00	45958.76
957.00	45860.46
958.00	45872.16
959.00	45930.67
960.00	46047.70
961.00	46054.72
962.00	46527.51
963.00	46581.34
964.00	46040.68
965.00	46806.03
966.00	46550.91
967.00	47250.74
968.00	46855.18
969.00	47126.69
970.00	46527.51
971.00	47019.02
972.00	47002.64
973.00	47271.80
974.00	47126.69
975.00	47477.77
976.00	46831.78
977.00	47054.13
978.00	47269.46
979.00	46564.96
980.00	46873.91
981.00	47065.83
982.00	47992.68
983.00	47555.00
984.00	47215.63
985.00	47775.02
986.00	47058.81
987.00	47519.90
988.00	46806.03
989.00	47213.29
990.00	47065.83
991.00	47653.31
992.00	47833.53
993.00	47634.58
994.00	47578.41
995.00	48200.99
996.00	47814.80
997.00	47775.02
998.00	47924.81
999.00	47522.24
1000.00	48170.57
1001.00	47800.76
1002.00	48072.26
1003.00	47831.19
1004.00	47887.36
1005.00	47800.76
1006.00	47899.06
1007.00	48067.58
1008.00	47739.91
1009.00	48130.78
1010.00	48200.99
1011.00	48563.78
1012.00	48222.06
1013.00	48392.92
1014.00	47753.95
1015.00	48191.63
1016.00	48079.28
1017.00	48133.12
1018.00	47756.29
1019.00	48339.08
1020.00	48818.89
1021.00	48275.89
1022.00	48619.95
1023.00	48348.45
1024.00	48652.72
1025.00	48186.95
1026.00	48292.27
1027.00	48662.08
1028.00	48299.30
1029.00	48795.49
1030.00	48577.82
1031.00	49050.61
1032.00	49010.82
1033.00	48802.51
1034.00	48399.94
1035.00	48961.67
1036.00	48428.02
1037.00	49368.92
1038.00	49118.48
1039.00	48706.55
1040.00	48685.48
1041.00	49244.87
1042.00	48846.98
1043.00	49148.91
1044.00	48823.58
1045.00	48964.01
1046.00	49230.83
1047.00	49373.60
1048.00	49146.57
1049.00	49368.92
1050.00	49184.02
1051.00	49162.95
1052.00	49514.03
1053.00	49420.41
1054.00	49492.97
1055.00	48786.13
1056.00	48938.26
1057.00	49188.70
1058.00	49361.90
1059.00	49385.30
1060.00	49425.09
1061.00	49593.61
1062.00	49642.76
1063.00	49109.12
1064.00	49118.48
1065.00	49649.78
1066.00	49184.02
1067.00	49359.56
1068.00	49778.51
1069.00	49602.97
1070.00	48968.69
1071.00	49619.36
1072.00	49696.59
1073.00	49490.63
1074.00	49497.65
1075.00	49626.38
1076.00	49368.92
1077.00	49549.14
1078.00	49804.26
1079.00	49511.69
1080.00	49322.11
1081.00	49497.65
1082.00	49972.78
1083.00	49626.38
1084.00	49420.41
1085.00	49301.04
1086.00	49511.69
1087.00	49492.97
1088.00	49764.47
1089.00	49579.57
1090.00	50017.25
1091.00	49970.44
1092.00	50026.61
1093.00	50213.85
1094.00	49481.27
1095.00	50110.87
1096.00	49794.90
1097.00	49537.44
1098.00	49804.26
1099.00	49979.80
1100.00	50085.12
1101.00	49794.90
1102.00	49586.59
1103.00	50155.34
1104.00	49659.15
1105.00	49684.89
1106.00	50071.08
1107.00	49832.35
1108.00	49514.03
1109.00	49956.39
1110.00	50302.79
1111.00	49991.50
1112.00	49883.84
1113.00	50679.62
1114.00	50108.53
1115.00	50007.89
1116.00	50073.42
1117.00	49759.79
1118.00	49766.81
1119.00	49804.26
1120.00	50246.62
1121.00	50284.07
1122.00	50005.55
1123.00	49869.79
1124.00	49734.04
1125.00	49815.96
1126.00	49682.55
1127.00	49827.66
1128.00	49874.48
1129.00	49855.75
1130.00	50340.24
1131.00	50150.66
1132.00	49570.21
1133.00	49918.95
1134.00	50185.77
1135.00	49975.12
1136.00	49521.05
1137.00	49996.18
1138.00	49773.83
1139.00	49965.76
1140.00	50064.06
1141.00	50005.55
1142.00	50176.40
1143.00	50539.19
1144.00	50356.63
1145.00	50323.86
1146.00	50075.76
1147.00	50073.42
1148.00	49853.41
1149.00	49607.65
1150.00	49818.30
1151.00	50195.13
1152.00	50003.20
1153.00	50607.06
1154.00	50333.22
1155.00	50326.20
1156.00	50384.71
1157.00	50431.52
1158.00	50106.19
1159.00	49991.50
1160.00	50183.43
1161.00	50190.45
1162.00	50354.29
1163.00	50363.65
1164.00	50014.91
1165.00	50473.65
1166.00	50417.48
1167.00	49815.96
1168.00	50047.68
1169.00	50192.79
1170.00	50007.89
1171.00	49507.01
1172.00	50438.54
1173.00	49514.03
1174.00	50356.63
1175.00	49942.35
1176.00	49797.24
1177.00	50064.06
1178.00	49923.63
1179.00	49837.03
1180.00	49991.50
1181.00	49581.91
1182.00	49872.14
1183.00	50000.86
1184.00	50394.07
1185.00	50316.84
1186.00	50464.29
1187.00	50061.72
1188.00	50160.02
1189.00	50195.13
1190.00	50047.68
1191.00	50209.17
1192.00	49808.94
1193.00	49799.58
1194.00	49865.11
1195.00	49979.80
1196.00	50000.86
1197.00	50248.96
1198.00	50169.38
1199.00	50155.34
1200.00	49883.84
1201.00	50057.04
1202.00	49830.01
1203.00	49593.61
1204.00	49984.48
1205.00	49949.37
1206.00	50307.47
1207.00	50188.11
1208.00	50342.58
1209.00	50054.70
1210.00	49944.69
1211.00	50167.04
1212.00	49911.92
1213.00	50333.22
1214.00	49888.52
1215.00	49619.36
1216.00	50108.53
1217.00	49886.18
1218.00	50082.78
1219.00	50024.27
1220.00	50216.19
1221.00	50258.32
1222.00	50197.47
1223.00	49989.16
1224.00	49778.51
1225.00	49453.18
1226.00	49715.32
1227.00	49956.39
1228.00	50096.83
1229.00	49420.41
1230.00	50267.69
1231.00	50047.68
1232.00	49869.79
1233.00	50197.47
1234.00	49879.16
1235.00	49708.30
1236.00	49935.33
1237.00	50220.87
1238.00	50024.27
1239.00	50028.95
1240.00	50181.09
1241.00	49902.56
1242.00	50480.67
1243.00	50443.23
1244.00	50274.71
1245.00	50251.30
1246.00	49544.46
1247.00	49780.85
1248.00	50014.91
1249.00	50082.78
1250.00	50010.23
1251.00	50019.59
1252.00	50438.54
1253.00	50471.31
1254.00	50408.12
1255.00	50108.53
1256.00	50291.09
1257.00	50277.05
1258.00	50260.66
1259.00	50422.16
1260.00	49832.35
1261.00	50035.97
1262.00	50548.55
1263.00	49900.22
1264.00	50515.78
1265.00	50054.70
1266.00	50475.99
1267.00	50026.61
1268.00	50190.45
1269.00	50038.31
1270.00	49830.01
1271.00	50216.19
1272.00	50167.04
1273.00	50169.38
1274.00	50019.59
1275.00	50328.54
1276.00	50614.08
1277.00	50487.70
1278.00	50688.98
1279.00	50286.41
1280.00	50471.31
1281.00	50064.06
1282.00	50131.93
1283.00	50089.80
1284.00	49914.26
1285.00	50176.40
1286.00	50433.86
1287.00	50454.93
1288.00	50834.10
1289.00	50171.72
1290.00	50391.73
1291.00	50272.37
1292.00	50377.69
1293.00	50302.79
1294.00	49865.11
1295.00	49556.16
1296.00	50169.38
1297.00	50153.00
1298.00	50192.79
1299.00	50412.80
1300.00	50487.70
1301.00	50567.27
1302.00	50520.46
1303.00	50101.51
1304.00	50342.58
1305.00	49947.03
1306.00	49867.45
1307.00	49673.19
1308.00	50007.89
1309.00	50131.93
1310.00	49675.53
1311.00	50309.82
1312.00	49570.21
1313.00	50817.71
1314.00	50532.17
1315.00	50401.10
1316.00	50176.40
1317.00	50363.65
1318.00	50246.62
1319.00	49989.16
1320.00	50052.36
1321.00	50447.91
1322.00	50349.60
1323.00	50361.31
1324.00	50373.01
1325.00	50497.06
1326.00	50401.10
1327.00	49930.65
1328.00	50349.60
1329.00	49947.03
1330.00	49989.16
1331.00	49984.48
1332.00	50096.83
1333.00	50103.85
1334.00	50279.39
1335.00	50089.80
1336.00	50248.96
1337.00	50169.38
1338.00	50571.96
1339.00	50316.84
1340.00	49963.42
1341.00	49834.69
1342.00	49886.18
1343.00	50110.87
1344.00	50042.99
1345.00	49703.62
1346.00	49378.28
1347.00	49890.86
1348.00	50562.59
1349.00	49834.69
1350.00	50316.84
1351.00	49741.06
1352.00	50033.63
1353.00	49216.78
1354.00	49675.53
1355.00	49591.27
1356.00	49727.02
1357.00	49911.92
1358.00	49935.33
1359.00	49956.39
1360.00	49694.25
1361.00	49883.84
1362.00	49839.37
1363.00	50057.04
1364.00	50101.51
1365.00	49670.85
1366.00	49635.74
1367.00	49287.00
1368.00	49329.13
1369.00	49565.52
1370.00	49202.74
1371.00	49780.85
1372.00	49808.94
1373.00	49406.37
1374.00	49780.85
1375.00	49485.95
1376.00	49940.01
1377.00	49794.90
1378.00	49055.29
1379.00	49499.99
1380.00	49457.86
1381.00	49118.48
1382.00	49123.16
1383.00	49434.45
1384.00	49490.63
1385.00	49240.19
1386.00	49151.25
1387.00	49319.77
1388.00	49315.09
1389.00	48987.41
1390.00	48875.07
1391.00	49165.29
1392.00	48938.26
1393.00	48788.47
1394.00	48924.22
1395.00	49193.38
1396.00	48683.14
1397.00	49139.55
1398.00	49265.94
1399.00	49455.52
1400.00	49074.01
1401.00	49139.55
1402.00	49045.93
1403.00	48837.62
1404.00	48638.67
1405.00	48540.37
1406.00	48905.49
1407.00	48732.29
1408.00	49024.86
1409.00	49134.87
1410.00	49062.31
1411.00	48884.43
1412.00	49209.76
1413.00	48863.36
1414.00	49074.01
1415.00	48736.98
1416.00	48439.73
1417.00	48594.20
1418.00	48025.45
1419.00	48411.64
1420.00	48395.26
1421.00	48390.58
1422.00	48636.33
1423.00	48992.09
1424.00	48446.75
1425.00	48498.24
1426.00	48718.25
1427.00	47948.21
1428.00	48762.72
1429.00	48306.32
1430.00	48425.68
1431.00	48428.02
1432.00	48484.20
1433.00	48044.18
1434.00	48046.52
1435.00	48224.40
1436.00	48114.39
1437.00	47889.70
1438.00	48058.22
1439.00	47880.34
1440.00	47955.24
1441.00	48172.91
1442.00	47643.94
1443.00	48023.11
1444.00	47559.69
1445.00	47349.04
1446.00	47468.40
1447.00	47557.35
1448.00	47470.75
1449.00	47503.51
1450.00	47770.33
1451.00	48189.29
1452.00	48215.04
1453.00	47812.46
1454.00	48388.24
1455.00	47665.01
1456.00	47669.69
1457.00	47332.65
1458.00	47316.27
1459.00	47253.08
1460.00	47274.14
1461.00	47047.11
1462.00	47676.71
1463.00	47498.83
1464.00	47576.07
1465.00	47744.59
1466.00	47494.15
1467.00	47445.00
1468.00	47049.45
1469.00	47372.44
1470.00	47023.70
1471.00	47477.77
1472.00	47143.07
1473.00	47096.26
1474.00	46621.13
1475.00	47143.07
1476.00	47267.12
1477.00	47325.63
1478.00	47587.77
1479.00	47318.61
1480.00	46850.50
1481.00	46904.34
1482.00	47494.15
1483.00	46855.18
1484.00	46543.89
1485.00	46614.11
1486.00	46525.17
1487.00	46483.04
1488.00	46632.83
1489.00	46773.27
1490.00	46440.91
1491.00	46586.02
1492.00	46522.83
1493.00	46483.04
1494.00	46597.73
1495.00	46918.38
1496.00	46136.64
1497.00	45942.38
1498.00	45907.27
1499.00	46181.11
1500.00	45832.37
1501.00	46167.07
1502.00	45710.66
1503.00	45965.78
1504.00	45975.14
1505.00	46436.23
1506.00	46225.58
1507.00	46323.88
1508.00	45911.95
1509.00	45900.25
1510.00	45656.83
1511.00	46073.45
1512.00	45638.11
1513.00	45720.02
1514.00	45588.95
1515.00	45645.13
1516.00	45853.44
1517.00	45347.88
1518.00	45368.94
1519.00	45476.61
1520.00	45673.21
1521.00	45544.48
1522.00	45411.07
1523.00	45397.03
1524.00	45661.51
1525.00	45492.99
1526.00	45256.60
1527.00	45411.07
1528.00	45544.48
1529.00	45406.39
1530.00	45282.34
1531.00	45359.58
1532.00	45247.24
1533.00	45595.98
1534.00	45148.93
1535.00	45471.93
1536.00	45326.81
1537.00	45352.56
1538.00	44748.70
1539.00	44959.35
1540.00	44622.31
1541.00	44425.71
1542.00	44704.23
1543.00	44891.48
1544.00	44987.44
1545.00	44755.72
1546.00	44577.84
1547.00	44842.32
1548.00	44734.66
1549.00	45008.50
1550.00	45102.12
1551.00	45315.11
1552.00	44512.31
1553.00	44634.02
1554.00	44222.08
1555.00	44334.43
1556.00	44666.78
1557.00	44343.79
1558.00	44329.75
1559.00	44271.23
1560.00	44418.69
1561.00	44238.47
1562.00	44414.01
1563.00	44692.53
1564.00	44643.38
1565.00	44102.71
1566.00	43793.76
1567.00	44233.78
1568.00	44292.30
1569.00	43868.66
1570.00	43765.68
1571.00	43669.72
1572.00	43922.49
1573.00	43620.56
1574.00	43725.89
1575.00	43625.25
1576.00	44076.97
1577.00	44053.56
1578.00	43695.46
1579.00	43892.07
1580.00	43973.98
1581.00	43650.99
1582.00	43913.13
1583.00	43189.91
1584.00	43311.61
1585.00	43714.19
1586.00	43819.51
1587.00	43316.29
1588.00	42997.98
1589.00	43707.16
1590.00	43821.85
1591.00	43676.74
1592.00	43538.65
1593.00	43318.64
1594.00	43199.27
1595.00	43297.57
1596.00	43178.20
1597.00	43093.94
1598.00	42625.84
1599.00	43253.10
1600.00	42916.06
1601.00	43044.79
1602.00	42590.73
1603.00	42693.71
1604.00	42962.87
1605.00	42866.91
1606.00	43147.78
1607.00	42822.44
1608.00	42705.41
1609.00	42337.95
1610.00	42768.61
1611.00	42518.17
1612.00	42412.85
1613.00	42553.28
1614.00	42375.40
1615.00	42429.23
1616.00	42389.44
1617.00	42396.46
1618.00	42543.92
1619.00	42412.85
1620.00	42651.58
1621.00	42405.83
1622.00	43068.20
1623.00	42712.44
1624.00	42361.36
1625.00	42370.72
1626.00	42602.43
1627.00	42071.13
1628.00	42162.41
1629.00	41942.40
1630.00	42302.84
1631.00	41848.78
1632.00	42092.19
1633.00	41860.48
1634.00	42321.57
1635.00	42312.20
1636.00	42494.77
1637.00	42583.71
1638.00	41907.29
1639.00	41757.50
1640.00	41930.70
1641.00	41766.86
1642.00	42071.13
1643.00	41684.94
1644.00	41371.31
1645.00	41539.83
1646.00	41521.10
1647.00	41750.48
1648.00	41914.31
1649.00	41982.19
1650.00	41518.76
1651.00	41921.34
1652.00	41799.63
1653.00	41986.87
1654.00	41869.84
1655.00	41528.13
1656.00	41263.64
1657.00	41453.23
1658.00	41467.27
1659.00	40980.44
1660.00	40870.43
1661.00	41275.35
1662.00	40938.31
1663.00	41130.23
1664.00	41083.42
1665.00	41481.31
1666.00	41247.26
1667.00	41193.43
1668.00	40835.33
1669.00	41179.39
1670.00	41008.53
1671.00	40879.80
1672.00	41055.34
1673.00	40524.04
1674.00	40872.78
1675.00	40512.33
1676.00	40903.20
1677.00	40851.71
1678.00	40362.54
1679.00	40563.82
1680.00	40538.08
1681.00	40877.46
1682.00	40737.02
1683.00	40959.38
1684.00	40926.61
1685.00	40357.86
1686.00	40708.94
1687.00	40399.99
1688.00	40091.04
1689.00	40641.06
1690.00	40044.23
1691.00	39936.56
1692.00	39971.67
1693.00	40123.80
1694.00	40346.15
1695.00	40488.93
1696.00	40215.08
1697.00	39936.56
1698.00	40414.03
1699.00	40399.99
1700.00	40030.18
1701.00	40535.74
1702.00	40093.38
1703.00	39304.62
1704.00	39737.62
1705.00	39477.82
1706.00	39201.63
1707.00	39412.28
1708.00	39655.70
1709.00	39597.18
1710.00	39784.43
1711.00	39299.94
1712.00	39765.70
1713.00	39730.59
1714.00	39749.32
1715.00	39468.45
1716.00	39791.45
1717.00	39147.80
1718.00	39356.11
1719.00	39409.94
1720.00	38841.19
1721.00	39164.18
1722.00	38967.58
1723.00	38660.97
1724.00	39145.46
1725.00	38380.10
1726.00	38920.77
1727.00	38728.84
1728.00	38284.14
1729.00	38536.92
1730.00	38759.27
1731.00	38810.76
1732.00	38859.91
1733.00	38562.67
1734.00	38281.80
1735.00	38581.39
1736.00	38288.82
1737.00	37811.35
1738.00	37462.61
1739.00	37680.28
1740.00	38171.80
1741.00	37907.32
1742.00	38354.36
1743.00	38319.25
1744.00	38057.11
1745.00	37982.21
1746.00	37949.45
1747.00	38270.10
1748.00	37764.54
1749.00	37907.32
1750.00	37649.86
1751.00	37563.26
1752.00	37488.36
1753.00	37289.42
1754.00	37394.74
1755.00	37064.72
1756.00	37205.16
1757.00	36687.90
1758.00	37366.65
1759.00	36975.78
1760.00	37277.71
1761.00	37280.05
1762.00	37291.76
1763.00	37071.75
1764.00	36741.73
1765.00	36542.78
1766.00	36891.52
1767.00	36704.28
1768.00	36278.30
1769.00	36533.42
1770.00	36411.71
1771.00	36662.15
1772.00	36561.51
1773.00	36416.40
1774.00	36041.91
1775.00	36294.69
1776.00	36463.21
1777.00	36154.26
1778.00	35709.55
1779.00	35700.19
1780.00	35995.10
1781.00	36187.02
1782.00	35686.15
1783.00	36119.15
1784.00	35721.26
1785.00	35536.35
1786.00	35665.08
1787.00	34988.67
1788.00	35168.89
1789.00	35653.38
1790.00	35285.92
1791.00	35388.90
1792.00	35070.59
1793.00	35084.63
1794.00	34976.97
1795.00	35337.41
1796.00	35239.11
1797.00	35276.55
1798.00	35033.14
1799.00	35042.50
1800.00	34841.21
1801.00	34522.90
1802.00	34520.56
1803.00	34962.92
1804.00	34235.02
1805.00	34110.97
1806.00	34359.06
1807.00	34260.76
1808.00	33954.15
1809.00	34064.16
1810.00	34249.06
1811.00	34213.95
1812.00	34520.56
1813.00	34103.95
1814.00	33942.45
1815.00	33813.72
1816.00	33427.53
1817.00	33752.87
1818.00	33610.09
1819.00	33633.50
1820.00	33504.77
1821.00	33371.36
1822.00	33163.05
1823.00	33394.76
1824.00	32921.98
1825.00	32493.66
1826.00	32973.47
1827.00	33060.07
1828.00	32973.47
1829.00	32903.25
1830.00	32580.26
1831.00	31597.23
1832.00	32847.08
1833.00	32987.51
1834.00	32730.05
1835.00	32669.20
1836.00	32545.15
1837.00	31498.93
1838.00	31639.36
1839.00	31751.71
1840.00	31613.62
1841.00	31676.81
1842.00	31889.80
1843.00	31538.72
1844.00	31098.70
1845.00	31512.97
1846.00	31398.29
1847.00	30991.03
1848.00	31351.48
1849.00	31112.74
1850.00	31098.70
1851.00	30857.62
1852.00	30747.62
1853.00	30639.95
1854.00	30384.83
1855.00	30094.61
1856.00	30197.59
1857.00	30246.74
1858.00	30473.78
1859.00	29916.73
1860.00	30043.12
1861.00	29788.00
1862.00	30338.02
1863.00	29708.42
1864.00	29855.87
1865.00	29685.01
1866.00	30099.29
1867.00	29364.36
1868.00	29542.24
1869.00	29406.49
1870.00	29228.61
1871.00	29191.16
1872.00	28940.72
1873.00	29163.08
1874.00	28779.23
1875.00	29029.66
1876.00	28900.94
1877.00	28519.43
1878.00	28683.27
1879.00	28240.90
1880.00	28451.55
1881.00	28283.03
1882.00	28379.00
1883.00	27960.04
1884.00	28212.82
1885.00	27981.10
1886.00	27981.10
1887.00	27770.46
1888.00	27590.24
1889.00	27950.68
1890.00	27824.29
1891.00	27211.07
1892.00	27229.79
1893.00	27211.07
1894.00	27119.79
1895.00	27061.27
1896.00	26969.99
1897.00	26969.99
1898.00	26981.70
1899.00	26787.43
1900.00	27072.98
1901.00	26934.88
1902.00	26621.25
1903.00	26448.05
1904.00	26462.10
1905.00	26160.17
1906.00	26476.14
1907.00	26047.82
1908.00	25359.70
1909.00	25666.31
1910.00	25422.90
1911.00	25839.51
1912.00	25717.81
1913.00	25743.55
1914.00	25467.37
1915.00	25706.10
1916.00	25530.56
1917.00	25364.39
1918.00	25184.16
1919.00	25439.28
1920.00	25497.80
1921.00	25252.04
1922.00	25064.80
1923.00	24889.26
1924.00	24858.83
1925.00	24608.39
1926.00	24226.89
1927.00	24442.21
1928.00	23974.11
1929.00	24320.51
1930.00	24093.47
1931.00	24320.51
1932.00	23800.91
1933.00	24020.92
1934.00	24341.57
1935.00	24226.89
1936.00	24020.92
1937.00	23936.66
1938.00	23730.69
1939.00	23882.83
1940.00	23742.39
1941.00	23758.78
1942.00	23552.81
1943.00	23150.24
1944.00	23016.83
1945.00	22970.02
1946.00	22852.99
1947.00	22630.64
1948.00	22625.96
1949.00	22104.02
1950.00	22333.39
1951.00	22324.03
1952.00	22649.36
1953.00	22314.67
1954.00	22324.03
1955.00	22225.73
1956.00	22335.73
1957.00	22066.57
1958.00	21834.86
1959.00	22305.31
1960.00	21914.44
1961.00	21481.44
1962.00	21713.15
1963.00	21472.07
1964.00	21296.53
1965.00	21212.28
1966.00	21282.49
1967.00	20896.30
1968.00	20950.14
1969.00	21158.44
1970.00	20812.04
1971.00	20903.32
1972.00	20556.93
1973.00	20809.70
1974.00	20748.85
1975.00	20671.61
1976.00	20491.39
1977.00	20479.69
1978.00	20528.84
1979.00	20456.28
1980.00	20341.60
1981.00	20091.16
1982.00	19960.09
1983.00	20140.31
1984.00	20123.93
1985.00	19929.66
1986.00	19470.92
1987.00	19372.61
1988.00	19487.30
1989.00	19435.81
1990.00	19545.81
1991.00	19428.79
1992.00	19136.22
1993.00	19370.27
1994.00	19176.01
1995.00	19332.82
1996.00	19166.65
1997.00	19051.96
1998.00	18888.12
1999.00	19122.18
2000.00	18352.14
2001.00	18885.78
2002.00	18483.21
2003.00	18424.70
2004.00	18501.93
2005.00	18111.07
2006.00	17987.02
2007.00	17799.77
2008.00	18068.94
2009.00	17914.46
2010.00	17951.91
2011.00	17612.53
2012.00	17900.42
2013.00	18150.85
2014.00	17713.17
2015.00	17731.90
2016.00	17486.14
2017.00	17364.43
2018.00	17654.66
2019.00	17174.85
2020.00	17399.54
2021.00	16910.37
2022.00	16966.54
2023.00	17050.80
2024.00	16723.13
2025.00	16961.86
2026.00	16695.04
2027.00	16409.50
2028.00	16465.67
2029.00	16416.52
2030.00	16388.43
2031.00	16547.59
2032.00	16615.46
2033.00	16212.89
2034.00	16458.65
2035.00	16149.70
2036.00	16205.87
2037.00	15955.43
2038.00	16184.80
2039.00	15927.35
2040.00	15854.79
2041.00	15817.34
2042.00	15700.31
2043.00	15609.03
2044.00	15524.77
2045.00	15503.71
2046.00	15321.15
2047.00	15269.66
