0.00	1015.79
1.00	1015.79
2.00	1015.79
3.00	924.51
4.00	875.36
5.00	957.28
6.00	997.07
7.00	964.30
8.00	966.64
9.00	973.66
10.00	947.92
11.00	999.41
12.00	926.85
13.00	971.32
14.00	931.53
15.00	968.98
16.00	898.77
17.00	922.17
18.00	889.40
19.00	971.32
20.00	997.07
21.00	964.30
22.00	985.37
23.00	1011.11
24.00	1121.12
25.00	1369.21
26.00	1394.96
27.00	1469.86
28.00	1493.26
29.00	1420.71
30.00	1448.79
31.00	1446.45
32.00	1514.33
33.00	1432.41
34.00	1500.28
35.00	1497.94
36.00	1551.78
37.00	1514.33
38.00	1586.88
39.00	1610.29
40.00	1523.69
41.00	1556.46
42.00	1572.84
43.00	1647.74
44.00	1582.20
45.00	1542.41
46.00	1572.84
47.00	1605.61
48.00	1577.52
49.00	1678.16
50.00	1657.10
51.00	1764.76
52.00	1703.91
53.00	1732.00
54.00	1619.65
55.00	1666.46
56.00	1694.55
57.00	1680.50
58.00	1624.33
59.00	1717.95
60.00	1689.87
61.00	1736.68
62.00	1636.03
63.00	1685.19
64.00	1696.89
65.00	1755.40
66.00	1685.19
67.00	1706.25
68.00	1689.87
69.00	1776.47
70.00	1685.19
71.00	1783.49
72.00	1734.34
73.00	1757.74
74.00	1806.89
75.00	1849.02
76.00	1785.83
77.00	1816.26
78.00	1720.29
79.00	1748.38
80.00	1820.94
81.00	1844.34
82.00	1937.96
83.00	1827.96
84.00	1860.73
85.00	1870.09
86.00	1895.83
87.00	1816.26
88.00	1923.92
89.00	1877.11
90.00	1926.26
91.00	1879.45
92.00	1949.67
93.00	1942.64
94.00	1886.47
95.00	1888.81
96.00	1944.99
97.00	1942.64
98.00	1881.79
99.00	1961.37
100.00	1954.35
101.00	1914.56
102.00	2001.16
103.00	1975.41
104.00	2036.27
105.00	2036.27
106.00	1994.14
107.00	1928.60
108.00	1989.46
109.00	1959.03
110.00	2024.56
111.00	2059.67
112.00	2073.71
113.00	2045.63
114.00	2076.06
115.00	2057.33
116.00	2005.84
117.00	2029.24
118.00	2136.91
119.00	2069.03
120.00	2111.16
121.00	2092.44
122.00	2148.61
123.00	2083.08
124.00	2258.62
125.00	2101.80
126.00	2218.83
127.00	2181.38
128.00	2153.29
129.00	2216.49
130.00	2204.78
131.00	2214.15
132.00	2193.08
133.00	2256.28
134.00	2253.94
135.00	2298.41
136.00	2188.40
137.00	2239.89
138.00	2368.62
139.00	2237.55
140.00	2176.70
141.00	2303.09
142.00	2377.98
143.00	2345.22
144.00	2335.85
145.00	2303.09
146.00	2239.89
147.00	2370.96
148.00	2396.71
149.00	2373.30
150.00	2354.58
151.00	2459.90
152.00	2363.94
153.00	2459.90
154.00	2429.48
155.00	2441.18
156.00	2499.69
157.00	2523.10
158.00	2553.52
159.00	2394.37
160.00	2406.07
161.00	2471.61
162.00	2616.72
163.00	2597.99
164.00	2581.61
165.00	2743.11
166.00	2623.74
167.00	2663.53
168.00	2605.02
169.00	2609.70
170.00	2745.45
171.00	2656.51
172.00	2768.85
173.00	2616.72
174.00	2705.66
175.00	2743.11
176.00	2689.28
177.00	2661.19
178.00	2696.30
179.00	2778.22
180.00	2745.45
181.00	2722.04
182.00	2810.98
183.00	2825.03
184.00	2754.81
185.00	2818.00
186.00	2878.86
187.00	2839.07
188.00	2897.58
189.00	2850.77
190.00	3023.97
191.00	2857.79
192.00	2932.69
193.00	2904.60
194.00	3045.04
195.00	3129.30
196.00	3094.19
197.00	3059.08
198.00	2972.48
199.00	3047.38
200.00	3180.79
201.00	3014.61
202.00	3047.38
203.00	3199.51
204.00	3180.79
205.00	3246.32
206.00	3169.09
207.00	3276.75
208.00	3166.74
209.00	3159.72
210.00	3279.09
211.00	3143.34
212.00	3229.94
213.00	3176.11
214.00	3339.94
215.00	3332.92
216.00	3325.90
217.00	3435.91
218.00	3248.66
219.00	3267.39
220.00	3309.52
221.00	3372.71
222.00	3424.20
223.00	3482.72
224.00	3611.45
225.00	3707.41
226.00	3574.00
227.00	3557.61
228.00	3613.79
229.00	3646.55
230.00	3552.93
231.00	3585.70
232.00	3672.30
233.00	3676.98
234.00	3658.26
235.00	3817.41
236.00	3786.99
237.00	3716.77
238.00	3822.09
239.00	3904.01
240.00	3843.16
241.00	3915.72
242.00	4037.42
243.00	4070.19
244.00	3854.86
245.00	4156.79
246.00	4128.70
247.00	3992.95
248.00	4208.28
249.00	4128.70
250.00	4133.39
251.00	4264.46
252.00	4180.20
253.00	4264.46
254.00	4386.16
255.00	4308.93
256.00	4383.82
257.00	4568.73
258.00	4407.23
259.00	4568.73
260.00	4542.98
261.00	4489.15
262.00	4554.68
263.00	4521.92
264.00	4496.17
265.00	4531.28
266.00	4573.41
267.00	4688.09
268.00	4603.83
269.00	4770.01
270.00	4755.97
271.00	4652.98
272.00	4695.11
273.00	4884.70
274.00	4894.06
275.00	4793.42
276.00	5034.49
277.00	4940.87
278.00	5015.77
279.00	5022.79
280.00	5055.56
281.00	4999.38
282.00	5076.62
283.00	5032.15
284.00	5177.26
285.00	5008.75
286.00	5064.92
287.00	5254.50
288.00	5128.11
289.00	5149.18
290.00	5214.71
291.00	5210.03
292.00	5062.58
293.00	5132.79
294.00	5184.29
295.00	5228.76
296.00	5249.82
297.00	5327.06
298.00	5315.36
299.00	5177.26
300.00	5282.59
301.00	5151.52
302.00	5100.03
303.00	5125.77
304.00	5273.23
305.00	5507.28
306.00	5413.66
307.00	5256.84
308.00	5174.92
309.00	5151.52
310.00	5273.23
311.00	5242.80
312.00	5490.90
313.00	5193.65
314.00	5383.23
315.00	5373.87
316.00	5303.65
317.00	5493.24
318.00	5373.87
319.00	5472.17
320.00	5439.40
321.00	5523.66
322.00	5514.30
323.00	5521.32
324.00	5554.09
325.00	5535.37
326.00	5621.97
327.00	5659.42
328.00	5696.86
329.00	5586.86
330.00	5556.43
331.00	5614.95
332.00	5633.67
333.00	5724.95
334.00	5755.38
335.00	5825.59
336.00	5937.94
337.00	5877.09
338.00	5841.98
339.00	5806.87
340.00	6022.20
341.00	6015.18
342.00	6071.35
343.00	5858.36
344.00	6040.92
345.00	6033.90
346.00	6122.84
347.00	6132.20
348.00	6094.76
349.00	6307.74
350.00	6193.06
351.00	6195.40
352.00	6139.23
353.00	6223.48
354.00	6284.34
355.00	6298.38
356.00	6069.01
357.00	6387.32
358.00	6359.24
359.00	6338.17
360.00	6406.05
361.00	6310.08
362.00	6693.93
363.00	6380.30
364.00	6562.86
365.00	6565.20
366.00	6464.56
367.00	6459.88
368.00	6567.54
369.00	6757.13
370.00	6544.14
371.00	6541.80
372.00	6487.96
373.00	6644.78
374.00	6813.30
375.00	6855.43
376.00	6745.42
377.00	6738.40
378.00	6642.44
379.00	6958.41
380.00	7096.50
381.00	7009.90
382.00	7091.82
383.00	7155.02
384.00	7176.08
385.00	7176.08
386.00	7227.57
387.00	7082.46
388.00	7185.44
389.00	7384.39
390.00	7445.24
391.00	7562.27
392.00	7419.50
393.00	7424.18
394.00	7513.12
395.00	7510.78
396.00	7588.02
397.00	7791.64
398.00	7934.42
399.00	7740.15
400.00	8002.29
401.00	7707.38
402.00	7810.37
403.00	7992.93
404.00	8084.21
405.00	7805.69
406.00	8138.04
407.00	8252.73
408.00	7864.20
409.00	7665.25
410.00	7833.77
411.00	8030.38
412.00	7985.91
413.00	7871.22
414.00	8152.09
415.00	7969.52
416.00	8154.43
417.00	8084.21
418.00	8201.24
419.00	8147.40
420.00	8116.98
421.00	8119.32
422.00	8044.42
423.00	8095.91
424.00	8032.72
425.00	7967.18
426.00	8084.21
427.00	7868.88
428.00	7981.23
429.00	8212.94
430.00	8032.72
431.00	8142.72
432.00	8114.64
433.00	8290.18
434.00	8112.30
435.00	8184.85
436.00	8131.02
437.00	8229.32
438.00	8367.42
439.00	8383.80
440.00	8594.45
441.00	8432.95
442.00	8528.91
443.00	8482.10
444.00	8451.67
445.00	8486.78
446.00	8559.34
447.00	8629.56
448.00	8531.25
449.00	8538.27
450.00	8655.30
451.00	8617.85
452.00	8716.16
453.00	8833.18
454.00	8704.45
455.00	8791.05
456.00	8795.73
457.00	8725.52
458.00	8945.53
459.00	8697.43
460.00	8884.67
461.00	8805.10
462.00	8854.25
463.00	8849.57
464.00	8828.50
465.00	9015.74
466.00	9170.22
467.00	9018.08
468.00	9149.15
469.00	9048.51
470.00	9221.71
471.00	9273.20
472.00	9202.99
473.00	9221.71
474.00	9050.85
475.00	9317.67
476.00	9317.67
477.00	9530.66
478.00	9502.58
479.00	9507.26
480.00	9797.48
481.00	9469.81
482.00	9774.08
483.00	9699.18
484.00	9640.67
485.00	9832.59
486.00	9797.48
487.00	9900.47
488.00	9942.60
489.00	9720.24
490.00	9898.13
491.00	9802.16
492.00	9816.21
493.00	9935.57
494.00	9966.00
495.00	9994.09
496.00	10031.54
497.00	10001.11
498.00	10029.20
499.00	10305.38
500.00	10284.31
501.00	10181.33
502.00	10296.02
503.00	10113.45
504.00	10256.23
505.00	10382.62
506.00	10253.89
507.00	10410.70
508.00	10588.58
509.00	10204.74
510.00	10408.36
511.00	10581.56
512.00	10665.82
513.00	10614.33
514.00	10637.73
515.00	10527.73
516.00	10614.33
517.00	10581.56
518.00	10569.86
519.00	10623.69
520.00	10640.08
521.00	10829.66
522.00	10803.91
523.00	10354.53
524.00	10743.06
525.00	10796.89
526.00	10934.98
527.00	10759.44
528.00	10991.16
529.00	10869.45
530.00	11033.29
531.00	11108.18
532.00	10967.75
533.00	10855.40
534.00	11150.31
535.00	11044.99
536.00	11227.55
537.00	10850.72
538.00	11124.57
539.00	11386.71
540.00	11101.16
541.00	11084.78
542.00	11255.64
543.00	11316.49
544.00	11126.91
545.00	11482.67
546.00	11492.03
547.00	11159.67
548.00	11524.80
549.00	11644.17
550.00	11742.47
551.00	11716.72
552.00	11665.23
553.00	11779.92
554.00	11517.78
555.00	11569.27
556.00	12107.59
557.00	11793.96
558.00	11798.64
559.00	11950.78
560.00	12067.80
561.00	12098.23
562.00	12538.25
563.00	12056.10
564.00	12095.89
565.00	12243.34
566.00	12334.62
567.00	12645.91
568.00	12198.87
569.00	12393.14
570.00	12360.37
571.00	12617.83
572.00	12748.90
573.00	12674.00
574.00	12917.42
575.00	12664.64
576.00	13097.64
577.00	13013.38
578.00	13032.10
579.00	13376.16
580.00	12989.97
581.00	13202.96
582.00	13259.13
583.00	13284.88
584.00	13547.02
585.00	13891.08
586.00	13823.20
587.00	13701.50
588.00	13584.47
589.00	13706.18
590.00	13965.98
591.00	14258.54
592.00	14031.51
593.00	14064.28
594.00	14555.79
595.00	14501.96
596.00	14520.68
597.00	14829.63
598.00	14633.03
599.00	15365.62
600.00	15040.28
601.00	15042.62
602.00	15391.36
603.00	15293.06
604.00	15330.51
605.00	15559.88
606.00	15704.99
607.00	15557.54
608.00	15967.13
609.00	16032.67
610.00	15845.43
611.00	16332.26
612.00	16039.69
613.00	16287.79
614.00	16592.06
615.00	16847.18
616.00	16851.86
617.00	16854.20
618.00	16627.17
619.00	17270.81
620.00	16957.18
621.00	17158.47
622.00	17490.82
623.00	17645.30
624.00	17846.58
625.00	17657.00
626.00	17706.15
627.00	18054.89
628.00	17994.04
629.00	18478.53
630.00	18476.19
631.00	18864.72
632.00	18691.52
633.00	19110.47
634.00	19173.67
635.00	19484.96
636.00	19372.61
637.00	19447.51
638.00	19826.68
639.00	19573.90
640.00	19693.27
641.00	19618.37
642.00	19910.94
643.00	19985.83
644.00	20348.62
645.00	20592.03
646.00	20711.40
647.00	20556.93
648.00	20596.71
649.00	21095.25
650.00	21025.03
651.00	21537.61
652.00	21558.67
653.00	21593.78
654.00	21535.27
655.00	21963.59
656.00	22211.68
657.00	22249.13
658.00	22649.36
659.00	22515.95
660.00	23133.86
661.00	22705.54
662.00	23012.15
663.00	22972.36
664.00	23253.22
665.00	23456.85
666.00	23644.09
667.00	23779.84
668.00	23946.02
669.00	24182.42
670.00	23833.68
671.00	24032.62
672.00	24383.70
673.00	24542.86
674.00	24734.78
675.00	24575.62
676.00	24868.19
677.00	25022.67
678.00	25207.57
679.00	25200.55
680.00	25521.20
681.00	25600.78
682.00	25858.24
683.00	25687.38
684.00	25773.98
685.00	26125.06
686.00	26307.62
687.00	26375.50
688.00	26616.57
689.00	26307.62
690.00	26471.46
691.00	27016.80
692.00	26930.20
693.00	27096.38
694.00	27363.20
695.00	27646.41
696.00	27599.60
697.00	27559.81
698.00	27700.24
699.00	28037.28
700.00	28072.39
701.00	28048.98
702.00	28439.85
703.00	28500.70
704.00	28479.64
705.00	28945.41
706.00	28404.74
707.00	28493.68
708.00	29064.77
709.00	29109.24
710.00	29184.14
711.00	29296.49
712.00	29429.90
713.00	29289.46
714.00	29483.73
715.00	29895.66
716.00	30455.05
717.00	29883.96
718.00	30288.87
719.00	30267.81
720.00	30436.33
721.00	30246.74
722.00	30136.74
723.00	30752.30
724.00	30869.33
725.00	30668.04
726.00	30773.36
727.00	30923.16
728.00	31227.43
729.00	30960.61
730.00	31328.07
731.00	31601.91
732.00	31473.18
733.00	31676.81
734.00	31683.83
735.00	31414.67
736.00	31744.69
737.00	31850.01
738.00	32173.00
739.00	32018.53
740.00	32074.70
741.00	32107.47
742.00	32217.47
743.00	32325.14
744.00	32219.81
745.00	32854.10
746.00	33097.52
747.00	33013.26
748.00	33443.91
749.00	32910.27
750.00	33352.63
751.00	32533.45
752.00	33046.02
753.00	33373.70
754.00	33223.90
755.00	33530.51
756.00	33593.71
757.00	33633.50
758.00	33771.59
759.00	33818.40
760.00	33787.97
761.00	34031.39
762.00	34583.76
763.00	33504.77
764.00	34284.17
765.00	34396.51
766.00	34487.79
767.00	34618.86
768.00	34698.44
769.00	35220.38
770.00	34796.74
771.00	35040.16
772.00	35189.95
773.00	35529.33
774.00	35288.26
775.00	35138.46
776.00	35405.28
777.00	35138.46
778.00	35304.64
779.00	36182.34
780.00	36154.26
781.00	35620.61
782.00	35683.81
783.00	36505.34
784.00	35845.30
785.00	36245.54
786.00	36355.54
787.00	36409.37
788.00	36385.97
789.00	36744.07
790.00	36540.44
791.00	36900.89
792.00	36999.19
793.00	36748.75
794.00	37013.23
795.00	37053.02
796.00	37195.79
797.00	37317.50
798.00	37022.59
799.00	37493.04
800.00	37703.69
801.00	37607.73
802.00	37677.94
803.00	37900.29
804.00	38029.02
805.00	37991.58
806.00	37883.91
807.00	38185.84
808.00	38066.47
809.00	38476.07
810.00	38026.68
811.00	37942.42
812.00	38604.80
813.00	38394.15
814.00	37996.26
815.00	38272.44
816.00	38803.74
817.00	38588.41
818.00	38653.95
819.00	39023.75
820.00	38822.47
821.00	38883.32
822.00	38658.63
823.00	38724.16
824.00	38796.72
825.00	38576.71
826.00	39356.11
827.00	39517.60
828.00	39459.09
829.00	39524.63
830.00	39505.90
831.00	39365.47
832.00	39473.13
833.00	39721.23
834.00	39409.94
835.00	40020.82
836.00	39346.75
837.00	40194.02
838.00	40165.93
839.00	40135.51
840.00	40512.33
841.00	40130.83
842.00	40175.30
843.00	40341.47
844.00	40680.85
845.00	40381.26
846.00	40650.42
847.00	40973.42
848.00	40802.56
849.00	40304.02
850.00	41151.30
851.00	41151.30
852.00	41008.53
853.00	40795.54
854.00	41214.49
855.00	40786.18
856.00	41022.57
857.00	41397.06
858.00	41663.88
859.00	41457.91
860.00	41413.44
861.00	41303.43
862.00	41371.31
863.00	41642.81
864.00	41832.39
865.00	41603.02
866.00	41958.78
867.00	42195.18
868.00	42085.17
869.00	42124.96
870.00	42232.63
871.00	41914.31
872.00	42326.25
873.00	42190.50
874.00	42078.15
875.00	42696.05
876.00	42682.01
877.00	43091.60
878.00	42497.11
879.00	42178.79
880.00	42183.48
881.00	42419.87
882.00	42773.29
883.00	42850.53
884.00	42770.95
885.00	42450.30
886.00	43077.56
887.00	42953.51
888.00	42930.11
889.00	43136.07
890.00	43430.98
891.00	43030.75
892.00	43047.13
893.00	43051.81
894.00	42637.54
895.00	43278.85
896.00	43550.35
897.00	43529.28
898.00	43157.14
899.00	43655.67
900.00	43538.65
901.00	43702.48
902.00	44313.36
903.00	43978.67
904.00	43772.70
905.00	44107.40
906.00	43676.74
907.00	43798.44
908.00	43863.98
909.00	43988.03
910.00	44041.86
911.00	44774.45
912.00	44619.97
913.00	44086.33
914.00	44612.95
915.00	44226.76
916.00	44524.01
917.00	44685.51
918.00	45050.63
919.00	44650.40
920.00	44669.12
921.00	44634.02
922.00	44526.35
923.00	45045.95
924.00	44484.22
925.00	44552.10
926.00	45064.67
927.00	45331.50
928.00	45422.78
929.00	45432.14
930.00	45357.24
931.00	44315.70
932.00	45233.19
933.00	45230.85
934.00	45181.70
935.00	45373.63
936.00	45394.69
937.00	45478.95
938.00	45893.22
939.00	45233.19
940.00	45600.66
941.00	45879.18
942.00	45453.20
943.00	45404.05
944.00	45895.56
945.00	45900.25
946.00	45834.71
947.00	46415.16
948.00	46171.75
949.00	46302.82
950.00	46220.90
951.00	45801.94
952.00	46085.15
953.00	45963.44
954.00	45881.52
955.00	45869.82
956.00	46223.24
957.00	45741.09
958.00	46036.00
959.00	46394.10
960.00	45783.22
961.00	45993.87
962.00	45834.71
963.00	46223.24
964.00	46733.48
965.00	46829.44
966.00	46316.86
967.00	47194.56
968.00	46742.84
969.00	46611.77
970.00	46684.33
971.00	47262.44
972.00	47276.48
973.00	47194.56
974.00	47309.25
975.00	47339.68
976.00	47096.26
977.00	46871.57
978.00	47290.52
979.00	46906.68
980.00	47353.72
981.00	47306.91
982.00	47461.38
983.00	47735.23
984.00	47672.03
985.00	47468.40
986.00	47564.37
987.00	47037.75
988.00	46707.73
989.00	47655.65
990.00	47065.83
991.00	47665.01
992.00	47718.84
993.00	47653.31
994.00	48126.10
995.00	48140.14
996.00	47938.85
997.00	47945.87
998.00	47821.83
999.00	47714.16
1000.00	48385.89
1001.00	48133.12
1002.00	47915.45
1003.00	48128.44
1004.00	47973.96
1005.00	48142.48
1006.00	47934.17
1007.00	47980.98
1008.00	47931.83
1009.00	48179.93
1010.00	48025.45
1011.00	48346.11
1012.00	48395.26
1013.00	48446.75
1014.00	48126.10
1015.00	48463.13
1016.00	48390.58
1017.00	47662.67
1018.00	48507.60
1019.00	48381.21
1020.00	48830.60
1021.00	48655.06
1022.00	48872.73
1023.00	48596.54
1024.00	48535.69
1025.00	48240.78
1026.00	48648.03
1027.00	48800.17
1028.00	48526.33
1029.00	48973.37
1030.00	49179.34
1031.00	49106.78
1032.00	49027.20
1033.00	49057.63
1034.00	48924.22
1035.00	48315.68
1036.00	48854.00
1037.00	48954.64
1038.00	49263.60
1039.00	48966.35
1040.00	48968.69
1041.00	49184.02
1042.00	49364.24
1043.00	49162.95
1044.00	49055.29
1045.00	49235.51
1046.00	49432.11
1047.00	49279.98
1048.00	49226.15
1049.00	49249.55
1050.00	48458.45
1051.00	49127.84
1052.00	49485.95
1053.00	49399.35
1054.00	49310.41
1055.00	48786.13
1056.00	49228.49
1057.00	49607.65
1058.00	49612.34
1059.00	49343.17
1060.00	49340.83
1061.00	49649.78
1062.00	49743.41
1063.00	49336.15
1064.00	49041.24
1065.00	49516.37
1066.00	49195.72
1067.00	49469.56
1068.00	49844.05
1069.00	49769.15
1070.00	49411.05
1071.00	49610.00
1072.00	49530.42
1073.00	49394.67
1074.00	49666.17
1075.00	49855.75
1076.00	49612.34
1077.00	49343.17
1078.00	49712.98
1079.00	49628.72
1080.00	49890.86
1081.00	49485.95
1082.00	49813.62
1083.00	49680.21
1084.00	49734.04
1085.00	49935.33
1086.00	49588.93
1087.00	49600.63
1088.00	50321.52
1089.00	49921.29
1090.00	50375.35
1091.00	50169.38
1092.00	50026.61
1093.00	50160.02
1094.00	49720.00
1095.00	49904.90
1096.00	49902.56
1097.00	49710.64
1098.00	49968.10
1099.00	49865.11
1100.00	50124.91
1101.00	50305.13
1102.00	49923.63
1103.00	50073.42
1104.00	49682.55
1105.00	49666.17
1106.00	49808.94
1107.00	49724.68
1108.00	49720.00
1109.00	49904.90
1110.00	50284.07
1111.00	50595.36
1112.00	50050.02
1113.00	50539.19
1114.00	50244.28
1115.00	50312.16
1116.00	50347.26
1117.00	49902.56
1118.00	50115.55
1119.00	50120.23
1120.00	50543.87
1121.00	50375.35
1122.00	50263.00
1123.00	49918.95
1124.00	49727.02
1125.00	50398.76
1126.00	50028.95
1127.00	49586.59
1128.00	50124.91
1129.00	49972.78
1130.00	50232.58
1131.00	50384.71
1132.00	49869.79
1133.00	50117.89
1134.00	49984.48
1135.00	49930.65
1136.00	49914.26
1137.00	50101.51
1138.00	49666.17
1139.00	50148.32
1140.00	50508.76
1141.00	50145.98
1142.00	50473.65
1143.00	50293.43
1144.00	50141.30
1145.00	50047.68
1146.00	50382.37
1147.00	50059.38
1148.00	50174.06
1149.00	49855.75
1150.00	49961.08
1151.00	50302.79
1152.00	50637.49
1153.00	50658.56
1154.00	50588.34
1155.00	50164.70
1156.00	50204.49
1157.00	49904.90
1158.00	50007.89
1159.00	50387.05
1160.00	50396.42
1161.00	50405.78
1162.00	50377.69
1163.00	50347.26
1164.00	50344.92
1165.00	50286.41
1166.00	50145.98
1167.00	50220.87
1168.00	50251.30
1169.00	50010.23
1170.00	49925.97
1171.00	49687.23
1172.00	50424.50
1173.00	49914.26
1174.00	50021.93
1175.00	49998.52
1176.00	50368.33
1177.00	50075.76
1178.00	50007.89
1179.00	49888.52
1180.00	50136.62
1181.00	50108.53
1182.00	50347.26
1183.00	50138.96
1184.00	50047.68
1185.00	50953.46
1186.00	50653.87
1187.00	50129.59
1188.00	50209.17
1189.00	50485.36
1190.00	49963.42
1191.00	49972.78
1192.00	50211.51
1193.00	49874.48
1194.00	50202.15
1195.00	50403.44
1196.00	50408.12
1197.00	50480.67
1198.00	50120.23
1199.00	50071.08
1200.00	50260.66
1201.00	49631.06
1202.00	49881.50
1203.00	50124.91
1204.00	50302.79
1205.00	49904.90
1206.00	50534.51
1207.00	50113.21
1208.00	49963.42
1209.00	50525.14
1210.00	50103.85
1211.00	50253.64
1212.00	50487.70
1213.00	49900.22
1214.00	49986.82
1215.00	50005.55
1216.00	50223.22
1217.00	49944.69
1218.00	50138.96
1219.00	50115.55
1220.00	50225.56
1221.00	49698.94
1222.00	50209.17
1223.00	49986.82
1224.00	50300.45
1225.00	49633.40
1226.00	50017.25
1227.00	49881.50
1228.00	50625.79
1229.00	49911.92
1230.00	50307.47
1231.00	50134.28
1232.00	50459.61
1233.00	50087.46
1234.00	50192.79
1235.00	49783.19
1236.00	49635.74
1237.00	49881.50
1238.00	50131.93
1239.00	50024.27
1240.00	50319.18
1241.00	50583.66
1242.00	50487.70
1243.00	50670.26
1244.00	50351.94
1245.00	50068.74
1246.00	50490.04
1247.00	49628.72
1248.00	50066.40
1249.00	50199.81
1250.00	50134.28
1251.00	50518.12
1252.00	50738.13
1253.00	50302.79
1254.00	50513.44
1255.00	50618.77
1256.00	50199.81
1257.00	50480.67
1258.00	50344.92
1259.00	50005.55
1260.00	50085.12
1261.00	50464.29
1262.00	50284.07
1263.00	50274.71
1264.00	50693.66
1265.00	50567.27
1266.00	50347.26
1267.00	50312.16
1268.00	50408.12
1269.00	50506.42
1270.00	50216.19
1271.00	49757.45
1272.00	50291.09
1273.00	50368.33
1274.00	50417.48
1275.00	50267.69
1276.00	50330.88
1277.00	50843.46
1278.00	50459.61
1279.00	50588.34
1280.00	50387.05
1281.00	50293.43
1282.00	50176.40
1283.00	49757.45
1284.00	49872.14
1285.00	50199.81
1286.00	50578.98
1287.00	50564.93
1288.00	50380.03
1289.00	50300.45
1290.00	50412.80
1291.00	50061.72
1292.00	49968.10
1293.00	50263.00
1294.00	50349.60
1295.00	50164.70
1296.00	50197.47
1297.00	50625.79
1298.00	50134.28
1299.00	50351.94
1300.00	50494.72
1301.00	50532.17
1302.00	50464.29
1303.00	50071.08
1304.00	49930.65
1305.00	50241.94
1306.00	49827.66
1307.00	50033.63
1308.00	50038.31
1309.00	50248.96
1310.00	50277.05
1311.00	50209.17
1312.00	50143.64
1313.00	50499.40
1314.00	50206.83
1315.00	50520.46
1316.00	50068.74
1317.00	50365.99
1318.00	49975.12
1319.00	50305.13
1320.00	50351.94
1321.00	50263.00
1322.00	50529.83
1323.00	50536.85
1324.00	50520.46
1325.00	50817.71
1326.00	50595.36
1327.00	50141.30
1328.00	50452.59
1329.00	49954.05
1330.00	50373.01
1331.00	50452.59
1332.00	50134.28
1333.00	50178.75
1334.00	50288.75
1335.00	50586.00
1336.00	50124.91
1337.00	50693.66
1338.00	50267.69
1339.00	50494.72
1340.00	50185.77
1341.00	50073.42
1342.00	49958.73
1343.00	49841.71
1344.00	50255.98
1345.00	49579.57
1346.00	50433.86
1347.00	50410.46
1348.00	50195.13
1349.00	50026.61
1350.00	50333.22
1351.00	50445.57
1352.00	50096.83
1353.00	49682.55
1354.00	50199.81
1355.00	49638.08
1356.00	49986.82
1357.00	49689.57
1358.00	50225.56
1359.00	49705.96
1360.00	50525.14
1361.00	50038.31
1362.00	49869.79
1363.00	50136.62
1364.00	50085.12
1365.00	49736.38
1366.00	49806.60
1367.00	49888.52
1368.00	49621.70
1369.00	49434.45
1370.00	49703.62
1371.00	49804.26
1372.00	49558.50
1373.00	49897.88
1374.00	50026.61
1375.00	49874.48
1376.00	49691.91
1377.00	49523.40
1378.00	49223.81
1379.00	49151.25
1380.00	49881.50
1381.00	49048.27
1382.00	49387.64
1383.00	49736.38
1384.00	49567.87
1385.00	49661.49
1386.00	49425.09
1387.00	49256.57
1388.00	49036.56
1389.00	49600.63
1390.00	49214.44
1391.00	49184.02
1392.00	49113.80
1393.00	49270.62
1394.00	48636.33
1395.00	49436.80
1396.00	49050.61
1397.00	49698.94
1398.00	49336.15
1399.00	49621.70
1400.00	49373.60
1401.00	49659.15
1402.00	49532.76
1403.00	49205.08
1404.00	48968.69
1405.00	48769.74
1406.00	48938.26
1407.00	48980.39
1408.00	49563.18
1409.00	49427.43
1410.00	48797.83
1411.00	49144.23
1412.00	49090.40
1413.00	49111.46
1414.00	48598.88
1415.00	48706.55
1416.00	48596.54
1417.00	48758.04
1418.00	48423.34
1419.00	48378.87
1420.00	48435.05
1421.00	48924.22
1422.00	48643.35
1423.00	48823.58
1424.00	48816.55
1425.00	48350.79
1426.00	49066.99
1427.00	48369.51
1428.00	48886.77
1429.00	48683.14
1430.00	48172.91
1431.00	48041.84
1432.00	47892.04
1433.00	48243.12
1434.00	48114.39
1435.00	48016.09
1436.00	48563.78
1437.00	48423.34
1438.00	48245.46
1439.00	48439.73
1440.00	48259.51
1441.00	48002.05
1442.00	47856.93
1443.00	47917.79
1444.00	47590.11
1445.00	47838.21
1446.00	47807.78
1447.00	48264.19
1448.00	48076.94
1449.00	47597.13
1450.00	47936.51
1451.00	48177.59
1452.00	47826.51
1453.00	48076.94
1454.00	48032.47
1455.00	48055.88
1456.00	47484.79
1457.00	47442.66
1458.00	47681.39
1459.00	47718.84
1460.00	47175.84
1461.00	47367.76
1462.00	47477.77
1463.00	47573.73
1464.00	47821.83
1465.00	47611.18
1466.00	47407.55
1467.00	47873.32
1468.00	47695.44
1469.00	47435.64
1470.00	47051.79
1471.00	47400.53
1472.00	47229.67
1473.00	47456.70
1474.00	46962.85
1475.00	47440.32
1476.00	47150.09
1477.00	47372.44
1478.00	47129.03
1479.00	47182.86
1480.00	47370.10
1481.00	47023.70
1482.00	47103.28
1483.00	46820.08
1484.00	46649.22
1485.00	46726.46
1486.00	46869.23
1487.00	46836.46
1488.00	46546.23
1489.00	46520.49
1490.00	46267.71
1491.00	46237.28
1492.00	46817.74
1493.00	46370.69
1494.00	46689.01
1495.00	46609.43
1496.00	46265.37
1497.00	46394.10
1498.00	46230.26
1499.00	45918.97
1500.00	46293.46
1501.00	46564.96
1502.00	46010.25
1503.00	46763.90
1504.00	46270.05
1505.00	46337.93
1506.00	46583.68
1507.00	46387.08
1508.00	46103.87
1509.00	46143.66
1510.00	45577.25
1511.00	46120.26
1512.00	45729.39
1513.00	45808.96
1514.00	45574.91
1515.00	45993.87
1516.00	45703.64
1517.00	45677.90
1518.00	45600.66
1519.00	45607.68
1520.00	45785.56
1521.00	45954.08
1522.00	45380.65
1523.00	44921.90
1524.00	45886.20
1525.00	46043.02
1526.00	45537.46
1527.00	45326.81
1528.00	45474.27
1529.00	45481.29
1530.00	44992.12
1531.00	45797.26
1532.00	45481.29
1533.00	45949.40
1534.00	45324.47
1535.00	45441.50
1536.00	45219.15
1537.00	45205.11
1538.00	44978.07
1539.00	44942.97
1540.00	44697.21
1541.00	44720.62
1542.00	44662.10
1543.00	44919.56
1544.00	44783.81
1545.00	45062.33
1546.00	45380.65
1547.00	45324.47
1548.00	45111.49
1549.00	45352.56
1550.00	45078.72
1551.00	44678.49
1552.00	44856.37
1553.00	44971.05
1554.00	44453.79
1555.00	44479.54
1556.00	44591.89
1557.00	44636.36
1558.00	44428.05
1559.00	44570.82
1560.00	44474.86
1561.00	44472.52
1562.00	44594.23
1563.00	44575.50
1564.00	44596.57
1565.00	44179.95
1566.00	44252.51
1567.00	44065.27
1568.00	44030.16
1569.00	44320.38
1570.00	43885.04
1571.00	44168.25
1572.00	43592.48
1573.00	43533.96
1574.00	44170.59
1575.00	43903.77
1576.00	44177.61
1577.00	43810.15
1578.00	43868.66
1579.00	44406.98
1580.00	43503.54
1581.00	44034.84
1582.00	43566.73
1583.00	43543.33
1584.00	43306.93
1585.00	43508.22
1586.00	43295.23
1587.00	43299.91
1588.00	42955.85
1589.00	43917.81
1590.00	43468.43
1591.00	43798.44
1592.00	43604.18
1593.00	43187.56
1594.00	43070.54
1595.00	43632.27
1596.00	43381.83
1597.00	43442.68
1598.00	43124.37
1599.00	43175.86
1600.00	43335.02
1601.00	43061.18
1602.00	42756.91
1603.00	43079.90
1604.00	43292.89
1605.00	43180.54
1606.00	43103.31
1607.00	42979.26
1608.00	42962.87
1609.00	43178.20
1610.00	42810.74
1611.00	42834.14
1612.00	42714.78
1613.00	42691.37
1614.00	42607.11
1615.00	42485.40
1616.00	42878.61
1617.00	42719.46
1618.00	42644.56
1619.00	42997.98
1620.00	42909.04
1621.00	42777.97
1622.00	43217.99
1623.00	42878.61
1624.00	42298.16
1625.00	42742.86
1626.00	42604.77
1627.00	42749.88
1628.00	42199.86
1629.00	42321.57
1630.00	42148.37
1631.00	41911.97
1632.00	42050.06
1633.00	42026.66
1634.00	42501.79
1635.00	41862.82
1636.00	42368.38
1637.00	42333.27
1638.00	42464.34
1639.00	41951.76
1640.00	41944.74
1641.00	41706.01
1642.00	42162.41
1643.00	41670.90
1644.00	41549.19
1645.00	41715.37
1646.00	41265.99
1647.00	42127.30
1648.00	41380.67
1649.00	42094.53
1650.00	41490.68
1651.00	41928.36
1652.00	41750.48
1653.00	41902.61
1654.00	41792.61
1655.00	41612.38
1656.00	41521.10
1657.00	41219.17
1658.00	41324.50
1659.00	40879.80
1660.00	40896.18
1661.00	41429.82
1662.00	40816.60
1663.00	40950.01
1664.00	41680.26
1665.00	41153.64
1666.00	40989.80
1667.00	41401.74
1668.00	41186.41
1669.00	41392.37
1670.00	40741.71
1671.00	41067.04
1672.00	41125.55
1673.00	41106.83
1674.00	41090.44
1675.00	40823.62
1676.00	40662.13
1677.00	41029.59
1678.00	40720.64
1679.00	40964.06
1680.00	41113.85
1681.00	41158.32
1682.00	40343.81
1683.00	41092.79
1684.00	41055.34
1685.00	40699.58
1686.00	40545.10
1687.00	40280.62
1688.00	40744.05
1689.00	40343.81
1690.00	40011.46
1691.00	40100.40
1692.00	40308.71
1693.00	40182.32
1694.00	40259.55
1695.00	39981.03
1696.00	40013.80
1697.00	40404.67
1698.00	40449.14
1699.00	40470.20
1700.00	40360.20
1701.00	40041.88
1702.00	40116.78
1703.00	39770.38
1704.00	39983.37
1705.00	39309.30
1706.00	40034.86
1707.00	40048.91
1708.00	39599.52
1709.00	39564.42
1710.00	39744.64
1711.00	39615.91
1712.00	39398.24
1713.00	39887.41
1714.00	39913.16
1715.00	39725.91
1716.00	39498.88
1717.00	39175.89
1718.00	39536.33
1719.00	39503.56
1720.00	38986.30
1721.00	39267.17
1722.00	39138.44
1723.00	39016.73
1724.00	38848.21
1725.00	38597.77
1726.00	38653.95
1727.00	38768.63
1728.00	38775.66
1729.00	38670.33
1730.00	38939.49
1731.00	38576.71
1732.00	39145.46
1733.00	38684.37
1734.00	38967.58
1735.00	38539.26
1736.00	38422.23
1737.00	37694.33
1738.00	38153.07
1739.00	37708.37
1740.00	37958.81
1741.00	37855.82
1742.00	38005.62
1743.00	38213.93
1744.00	38178.82
1745.00	38337.98
1746.00	37813.70
1747.00	37940.08
1748.00	37989.24
1749.00	37635.81
1750.00	37610.07
1751.00	37139.62
1752.00	37855.82
1753.00	37275.37
1754.00	37233.24
1755.00	37368.99
1756.00	37254.31
1757.00	37446.23
1758.00	37207.50
1759.00	37542.19
1760.00	37488.36
1761.00	37551.56
1762.00	37191.11
1763.00	37165.37
1764.00	36636.41
1765.00	37034.30
1766.00	36622.36
1767.00	36746.41
1768.00	36369.58
1769.00	36811.95
1770.00	36491.29
1771.00	36191.70
1772.00	36318.09
1773.00	36837.69
1774.00	36271.28
1775.00	36367.24
1776.00	36177.66
1777.00	36528.74
1778.00	35959.99
1779.00	35690.83
1780.00	36458.52
1781.00	36116.81
1782.00	35519.97
1783.00	36062.97
1784.00	35690.83
1785.00	35246.13
1786.00	35655.72
1787.00	35512.95
1788.00	35314.00
1789.00	35454.44
1790.00	35241.45
1791.00	35185.27
1792.00	35400.60
1793.00	34845.90
1794.00	35641.68
1795.00	35398.26
1796.00	35295.28
1797.00	35143.14
1798.00	35180.59
1799.00	34972.28
1800.00	34955.90
1801.00	34560.35
1802.00	34831.85
1803.00	34616.52
1804.00	34485.45
1805.00	34445.66
1806.00	34216.29
1807.00	34188.21
1808.00	33947.13
1809.00	34204.59
1810.00	34230.33
1811.00	34141.39
1812.00	34511.20
1813.00	34244.38
1814.00	34300.55
1815.00	33848.83
1816.00	33867.55
1817.00	33869.89
1818.00	33883.94
1819.00	33874.57
1820.00	33266.03
1821.00	33259.01
1822.00	33635.84
1823.00	33277.74
1824.00	33357.32
1825.00	32903.25
1826.00	33385.40
1827.00	32816.65
1828.00	33186.46
1829.00	33373.70
1830.00	33174.75
1831.00	31845.33
1832.00	33116.24
1833.00	32755.80
1834.00	32430.46
1835.00	32594.30
1836.00	32521.74
1837.00	31707.24
1838.00	31852.35
1839.00	32048.96
1840.00	31630.00
1841.00	31821.92
1842.00	31777.45
1843.00	31934.27
1844.00	31431.05
1845.00	31714.26
1846.00	31531.70
1847.00	31381.90
1848.00	31180.62
1849.00	31042.53
1850.00	30885.71
1851.00	31257.85
1852.00	30981.67
1853.00	30850.60
1854.00	30597.82
1855.00	30146.10
1856.00	30235.04
1857.00	30565.06
1858.00	30377.81
1859.00	30164.82
1860.00	30003.33
1861.00	30230.36
1862.00	30164.82
1863.00	30206.95
1864.00	30326.32
1865.00	29996.31
1866.00	29617.14
1867.00	29654.59
1868.00	29556.28
1869.00	29544.58
1870.00	29778.64
1871.00	29462.66
1872.00	28999.24
1873.00	29369.04
1874.00	28994.56
1875.00	29235.63
1876.00	28863.49
1877.00	28870.51
1878.00	28194.09
1879.00	28498.36
1880.00	28570.92
1881.00	28322.82
1882.00	28793.27
1883.00	28748.80
1884.00	28250.27
1885.00	28638.80
1886.00	28163.67
1887.00	28107.49
1888.00	27971.74
1889.00	27431.08
1890.00	27445.12
1891.00	27370.22
1892.00	27412.35
1893.00	27131.49
1894.00	27234.47
1895.00	27047.23
1896.00	26813.18
1897.00	27117.45
1898.00	27117.45
1899.00	27040.21
1900.00	27344.48
1901.00	26616.57
1902.00	26405.92
1903.00	26635.30
1904.00	26281.88
1905.00	26307.62
1906.00	26551.04
1907.00	25781.00
1908.00	25462.69
1909.00	25975.27
1910.00	25727.17
1911.00	25413.54
1912.00	25710.78
1913.00	25764.62
1914.00	25937.82
1915.00	25734.19
1916.00	25809.09
1917.00	25633.55
1918.00	25467.37
1919.00	25462.69
1920.00	25614.82
1921.00	25230.98
1922.00	25074.16
1923.00	24858.83
1924.00	24786.27
1925.00	24524.13
1926.00	24280.72
1927.00	24397.74
1928.00	24407.11
1929.00	24362.64
1930.00	24177.73
1931.00	24009.22
1932.00	23985.81
1933.00	24142.63
1934.00	24369.66
1935.00	24006.87
1936.00	24100.50
1937.00	23955.38
1938.00	23995.17
1939.00	23878.15
1940.00	24287.74
1941.00	23658.14
1942.00	23241.52
1943.00	23421.74
1944.00	23168.96
1945.00	23065.98
1946.00	22822.56
1947.00	22801.50
1948.00	22455.10
1949.00	22672.77
1950.00	22326.37
1951.00	22560.42
1952.00	22328.71
1953.00	22139.13
1954.00	22267.86
1955.00	22181.26
1956.00	22466.80
1957.00	22108.70
1958.00	22237.43
1959.00	21853.58
1960.00	22185.94
1961.00	21961.25
1962.00	21741.24
1963.00	21427.60
1964.00	21640.59
1965.00	21406.54
1966.00	21242.70
1967.00	21333.98
1968.00	20961.84
1969.00	20985.24
1970.00	20807.36
1971.00	21128.02
1972.00	20755.87
1973.00	20945.45
1974.00	20718.42
1975.00	20521.82
1976.00	20762.89
1977.00	20652.89
1978.00	20547.56
1979.00	20505.43
1980.00	20297.13
1981.00	20306.49
1982.00	20032.65
1983.00	19763.48
1984.00	19728.38
1985.00	19796.25
1986.00	19674.54
1987.00	19550.49
1988.00	19487.30
1989.00	19482.62
1990.00	19271.97
1991.00	19545.81
1992.00	19164.31
1993.00	19262.61
1994.00	19227.50
1995.00	19330.48
1996.00	18916.21
1997.00	19028.56
1998.00	18932.59
1999.00	19002.81
2000.00	18625.98
2001.00	18485.55
2002.00	18506.62
2003.00	18485.55
2004.00	18171.92
2005.00	18054.89
2006.00	18160.22
2007.00	18134.47
2008.00	18029.15
2009.00	18146.17
2010.00	17891.06
2011.00	17802.11
2012.00	17895.74
2013.00	17771.69
2014.00	17696.79
2015.00	17631.26
2016.00	17610.19
2017.00	17528.27
2018.00	17493.16
2019.00	17366.78
2020.00	17214.64
2021.00	17181.87
2022.00	16809.73
2023.00	16737.17
2024.00	16566.31
2025.00	16954.84
2026.00	16339.28
2027.00	16407.16
2028.00	16432.90
2029.00	16428.22
2030.00	16786.32
2031.00	16435.24
2032.00	16468.01
2033.00	16327.58
2034.00	16573.33
2035.00	16128.63
2036.00	16238.64
2037.00	15899.26
2038.00	16168.42
2039.00	15836.06
2040.00	15892.24
2041.00	15630.10
2042.00	15791.59
2043.00	15552.86
2044.00	15367.96
2045.00	15220.50
2046.00	15407.75
2047.00	15220.50
