0.00	1022.81
1.00	1022.81
2.00	1022.81
3.00	1034.52
4.00	990.05
5.00	954.94
6.00	1025.15
7.00	901.11
8.00	933.87
9.00	983.02
10.00	908.13
11.00	957.28
12.00	931.53
13.00	936.21
14.00	938.55
15.00	933.87
16.00	990.05
17.00	947.92
18.00	978.34
19.00	950.26
20.00	987.71
21.00	1043.88
22.00	990.05
23.00	1001.75
24.00	1142.18
25.00	1462.83
26.00	1409.00
27.00	1430.07
28.00	1500.28
29.00	1486.24
30.00	1537.73
31.00	1535.39
32.00	1467.52
33.00	1504.96
34.00	1521.35
35.00	1519.01
36.00	1547.09
37.00	1561.14
38.00	1577.52
39.00	1554.12
40.00	1547.09
41.00	1577.52
42.00	1645.40
43.00	1565.82
44.00	1551.78
45.00	1621.99
46.00	1722.63
47.00	1586.88
48.00	1675.82
49.00	1657.10
50.00	1610.29
51.00	1713.27
52.00	1598.59
53.00	1689.87
54.00	1654.76
55.00	1675.82
56.00	1661.78
57.00	1647.74
58.00	1685.19
59.00	1666.46
60.00	1753.06
61.00	1736.68
62.00	1783.49
63.00	1689.87
64.00	1682.85
65.00	1638.38
66.00	1727.32
67.00	1760.08
68.00	1769.44
69.00	1753.06
70.00	1668.80
71.00	1846.68
72.00	1790.51
73.00	1769.44
74.00	1844.34
75.00	1771.79
76.00	1769.44
77.00	1792.85
78.00	1846.68
79.00	1825.62
80.00	1872.43
81.00	1778.81
82.00	1914.56
83.00	1863.07
84.00	1919.24
85.00	1834.98
86.00	1923.92
87.00	1837.32
88.00	1877.11
89.00	1851.36
90.00	1881.79
91.00	1799.87
92.00	1959.03
93.00	1870.09
94.00	1916.90
95.00	1844.34
96.00	1884.13
97.00	1966.05
98.00	1970.73
99.00	1916.90
100.00	1968.39
101.00	1975.41
102.00	1980.09
103.00	1968.39
104.00	2043.29
105.00	2078.40
106.00	1933.28
107.00	1996.48
108.00	2022.22
109.00	1994.14
110.00	2043.29
111.00	1914.56
112.00	2073.71
113.00	2071.37
114.00	2031.58
115.00	2071.37
116.00	2054.99
117.00	2083.08
118.00	1991.80
119.00	2057.33
120.00	2136.91
121.00	2047.97
122.00	2141.59
123.00	2118.18
124.00	2139.25
125.00	2190.74
126.00	2094.78
127.00	2223.51
128.00	2155.63
129.00	2132.23
130.00	2235.21
131.00	2246.91
132.00	2286.70
133.00	2225.85
134.00	2267.98
135.00	2216.49
136.00	2230.53
137.00	2277.34
138.00	2258.62
139.00	2235.21
140.00	2305.43
141.00	2204.78
142.00	2310.11
143.00	2303.09
144.00	2239.89
145.00	2324.15
146.00	2321.81
147.00	2356.92
148.00	2377.98
149.00	2289.04
150.00	2328.83
151.00	2464.58
152.00	2424.80
153.00	2424.80
154.00	2478.63
155.00	2672.89
156.00	2459.90
157.00	2385.01
158.00	2495.01
159.00	2492.67
160.00	2520.76
161.00	2572.25
162.00	2399.05
163.00	2560.55
164.00	2485.65
165.00	2609.70
166.00	2567.57
167.00	2588.63
168.00	2567.57
169.00	2658.85
170.00	2621.40
171.00	2640.12
172.00	2614.38
173.00	2640.12
174.00	2715.02
175.00	2708.00
176.00	2738.43
177.00	2719.70
178.00	2750.13
179.00	2698.64
180.00	2890.56
181.00	2796.94
182.00	2794.60
183.00	2855.45
184.00	2855.45
185.00	2773.53
186.00	2890.56
187.00	2862.48
188.00	2988.86
189.00	2810.98
190.00	2876.52
191.00	2911.63
192.00	2956.10
193.00	3002.91
194.00	3045.04
195.00	2977.16
196.00	2953.76
197.00	3073.12
198.00	3009.93
199.00	3117.59
200.00	3098.87
201.00	3066.10
202.00	3138.66
203.00	3122.27
204.00	3183.13
205.00	3208.87
206.00	3241.64
207.00	3138.66
208.00	3171.43
209.00	3276.75
210.00	3330.58
211.00	3316.54
212.00	3234.62
213.00	3260.37
214.00	3311.86
215.00	3220.58
216.00	3435.91
217.00	3300.16
218.00	3356.33
219.00	3321.22
220.00	3321.22
221.00	3475.70
222.00	3426.54
223.00	3456.97
224.00	3545.91
225.00	3524.85
226.00	3538.89
227.00	3550.59
228.00	3588.04
229.00	3719.11
230.00	3531.87
231.00	3723.79
232.00	3660.60
233.00	3693.37
234.00	3789.33
235.00	3740.18
236.00	3810.39
237.00	3836.14
238.00	3885.29
239.00	3953.16
240.00	3974.23
241.00	4032.74
242.00	3964.87
243.00	3838.48
244.00	3889.97
245.00	3985.93
246.00	3967.21
247.00	4077.21
248.00	4128.70
249.00	4173.18
250.00	4304.25
251.00	4105.30
252.00	4138.07
253.00	4390.84
254.00	4187.22
255.00	4262.12
256.00	4280.84
257.00	4313.61
258.00	4322.97
259.00	4383.82
260.00	4470.42
261.00	4381.48
262.00	4468.08
263.00	4542.98
264.00	4463.40
265.00	4449.36
266.00	4610.86
267.00	4606.17
268.00	4713.84
269.00	4692.77
270.00	4734.90
271.00	4842.57
272.00	4943.21
273.00	5001.72
274.00	4830.87
275.00	4931.51
276.00	5041.51
277.00	4997.04
278.00	4961.94
279.00	4971.30
280.00	5001.72
281.00	5041.51
282.00	5156.20
283.00	4957.25
284.00	5008.75
285.00	5022.79
286.00	5090.67
287.00	5170.24
288.00	5067.26
289.00	5174.92
290.00	5233.44
291.00	5203.01
292.00	5235.78
293.00	5284.93
294.00	5123.43
295.00	5385.57
296.00	5282.59
297.00	5313.02
298.00	5219.39
299.00	5338.76
300.00	5275.57
301.00	5303.65
302.00	4957.25
303.00	5114.07
304.00	5284.93
305.00	5476.85
306.00	5423.02
307.00	5493.24
308.00	5121.09
309.00	5188.97
310.00	5266.21
311.00	5238.12
312.00	5341.10
313.00	5493.24
314.00	5451.11
315.00	5387.91
316.00	5465.15
317.00	5310.68
318.00	5479.19
319.00	5598.56
320.00	5526.00
321.00	5657.07
322.00	5598.56
323.00	5462.81
324.00	5678.14
325.00	5617.29
326.00	5551.75
327.00	5877.09
328.00	5849.00
329.00	5518.98
330.00	5668.78
331.00	5799.85
332.00	5678.14
333.00	5757.72
334.00	5664.10
335.00	5818.57
336.00	5717.93
337.00	5893.47
338.00	5748.36
339.00	5809.21
340.00	5937.94
341.00	6012.84
342.00	5959.00
343.00	5818.57
344.00	5865.38
345.00	6188.38
346.00	6071.35
347.00	5998.79
348.00	6118.16
349.00	6134.54
350.00	6174.33
351.00	6216.46
352.00	6251.57
353.00	6218.80
354.00	6120.50
355.00	6251.57
356.00	6174.33
357.00	6361.58
358.00	6373.28
359.00	6408.39
360.00	6406.05
361.00	6450.52
362.00	6597.97
363.00	6415.41
364.00	6504.35
365.00	6490.31
366.00	6356.90
367.00	6422.43
368.00	6668.19
369.00	6586.27
370.00	6661.16
371.00	6548.82
372.00	6656.48
373.00	6562.86
374.00	6558.18
375.00	6640.10
376.00	6855.43
377.00	6899.90
378.00	6883.52
379.00	6918.62
380.00	7068.42
381.00	6923.30
382.00	7091.82
383.00	7279.07
384.00	7129.27
385.00	6974.80
386.00	7204.17
387.00	7180.76
388.00	7243.96
389.00	7304.81
390.00	7419.50
391.00	7527.16
392.00	7538.87
393.00	7368.01
394.00	7566.95
395.00	7569.29
396.00	7613.76
397.00	7801.01
398.00	7597.38
399.00	7698.02
400.00	7925.05
401.00	7634.83
402.00	7911.01
403.00	7969.52
404.00	7967.18
405.00	7995.27
406.00	7859.52
407.00	8222.30
408.00	7864.20
409.00	7747.17
410.00	7796.32
411.00	8037.40
412.00	7920.37
413.00	8121.66
414.00	7941.44
415.00	8135.70
416.00	7915.69
417.00	8175.49
418.00	8177.83
419.00	8152.09
420.00	8018.68
421.00	8177.83
422.00	8152.09
423.00	8154.43
424.00	8112.30
425.00	8084.21
426.00	7915.69
427.00	8210.60
428.00	8196.56
429.00	8205.92
430.00	8159.11
431.00	8095.91
432.00	7997.61
433.00	8194.22
434.00	8133.36
435.00	8266.77
436.00	8414.23
437.00	8180.17
438.00	8442.31
439.00	8671.68
440.00	8671.68
441.00	8519.55
442.00	8547.64
443.00	8505.51
444.00	8404.86
445.00	8557.00
446.00	8613.17
447.00	8765.31
448.00	8793.39
449.00	8751.26
450.00	8624.87
451.00	8592.11
452.00	8690.41
453.00	8730.20
454.00	8519.55
455.00	8828.50
456.00	8690.41
457.00	8954.89
458.00	8678.71
459.00	8685.73
460.00	8744.24
461.00	8798.07
462.00	8800.41
463.00	8919.78
464.00	9020.42
465.00	9128.09
466.00	9114.05
467.00	9011.06
468.00	9011.06
469.00	9025.11
470.00	9378.53
471.00	9249.80
472.00	9231.07
473.00	9289.59
474.00	9312.99
475.00	9352.78
476.00	9336.40
477.00	9582.15
478.00	9640.67
479.00	9458.10
480.00	9518.96
481.00	9582.15
482.00	9884.08
483.00	9753.01
484.00	9547.05
485.00	9708.54
486.00	9769.40
487.00	9879.40
488.00	9731.95
489.00	9664.07
490.00	9830.25
491.00	9722.59
492.00	9956.64
493.00	9870.04
494.00	10111.11
495.00	10164.95
496.00	10146.22
497.00	9926.21
498.00	10113.45
499.00	10242.18
500.00	10279.63
501.00	10345.17
502.00	10162.61
503.00	10303.04
504.00	10237.50
505.00	10326.44
506.00	10450.49
507.00	10464.54
508.00	10523.05
509.00	10492.62
510.00	10375.59
511.00	10380.28
512.00	10548.79
513.00	10663.48
514.00	10677.52
515.00	10710.29
516.00	10663.48
517.00	10331.12
518.00	10490.28
519.00	10551.14
520.00	10256.23
521.00	10820.30
522.00	10895.19
523.00	10527.73
524.00	10714.97
525.00	10794.55
526.00	10792.21
527.00	10862.43
528.00	11016.90
529.00	10949.03
530.00	10918.60
531.00	11014.56
532.00	10960.73
533.00	10892.85
534.00	11023.92
535.00	11042.65
536.00	11143.29
537.00	10960.73
538.00	11143.29
539.00	11185.42
540.00	10881.15
541.00	11080.10
542.00	11346.92
543.00	11269.68
544.00	11087.12
545.00	11356.28
546.00	11599.70
547.00	11339.90
548.00	11651.19
549.00	11693.32
550.00	11793.96
551.00	11838.43
552.00	11676.93
553.00	11639.48
554.00	11597.35
555.00	11536.50
556.00	12224.62
557.00	11541.18
558.00	12028.01
559.00	11932.05
560.00	12163.76
561.00	12020.99
562.00	12395.48
563.00	12020.99
564.00	12243.34
565.00	12257.39
566.00	12341.64
567.00	12659.96
568.00	12259.73
569.00	12652.94
570.00	12402.50
571.00	12697.41
572.00	12615.49
573.00	12610.81
574.00	12468.03
575.00	12451.65
576.00	13043.81
577.00	12989.97
578.00	13186.58
579.00	12982.95
580.00	12978.27
581.00	13125.72
582.00	13018.06
583.00	13437.02
584.00	13575.11
585.00	13633.62
586.00	13624.26
587.00	13736.60
588.00	13767.03
589.00	13724.90
590.00	13935.55
591.00	14073.64
592.00	13792.78
593.00	14230.46
594.00	14705.59
595.00	14415.36
596.00	14733.67
597.00	14656.43
598.00	14738.35
599.00	14834.32
600.00	14857.72
601.00	14972.41
602.00	15264.97
603.00	15241.57
604.00	15414.77
605.00	15351.57
606.00	15962.45
607.00	15562.22
608.00	15983.52
609.00	15910.96
610.00	15683.93
611.00	15929.69
612.00	16037.35
613.00	16152.04
614.00	16475.03
615.00	16673.98
616.00	16678.66
617.00	16980.59
618.00	16870.58
619.00	17039.10
620.00	16992.29
621.00	17399.54
622.00	17336.35
623.00	17689.77
624.00	17788.07
625.00	17493.16
626.00	17823.18
627.00	17912.12
628.00	17898.08
629.00	18031.49
630.00	18483.21
631.00	18759.39
632.00	18693.86
633.00	18625.98
634.00	19166.65
635.00	19159.63
636.00	19229.84
637.00	19098.77
638.00	19513.05
639.00	19611.35
640.00	19758.80
641.00	19754.12
642.00	20049.03
643.00	20315.85
644.00	20414.15
645.00	20376.70
646.00	20762.89
647.00	20650.55
648.00	20922.05
649.00	21135.04
650.00	21216.96
651.00	21834.86
652.00	21359.73
653.00	21783.37
654.00	21617.19
655.00	21916.78
656.00	21968.27
657.00	22015.08
658.00	22260.84
659.00	22309.99
660.00	22855.33
661.00	22960.66
662.00	22707.88
663.00	22761.71
664.00	23426.42
665.00	23159.60
666.00	23475.57
667.00	23803.25
668.00	23768.14
669.00	23733.03
670.00	23978.79
671.00	24088.79
672.00	24084.11
673.00	24545.20
674.00	24638.82
675.00	24797.98
676.00	24830.74
677.00	24964.15
678.00	24933.73
679.00	24964.15
680.00	25678.02
681.00	25336.30
682.00	25544.61
683.00	25675.68
684.00	25727.17
685.00	25968.24
686.00	26148.46
687.00	26366.13
688.00	26700.83
689.00	26504.23
690.00	26434.01
691.00	26906.80
692.00	26815.52
693.00	27021.48
694.00	27498.95
695.00	27323.41
696.00	27637.05
697.00	27758.75
698.00	27440.44
699.00	28388.36
700.00	27910.89
701.00	27974.08
702.00	28449.21
703.00	28491.34
704.00	28142.60
705.00	28821.36
706.00	28577.94
707.00	28868.17
708.00	29399.47
709.00	29357.34
710.00	29172.44
711.00	29371.38
712.00	29399.47
713.00	29252.02
714.00	29504.79
715.00	29649.91
716.00	30059.50
717.00	30426.96
718.00	30038.44
719.00	29820.77
720.00	29872.26
721.00	30228.02
722.00	30213.98
723.00	30700.81
724.00	30738.26
725.00	31185.30
726.00	30934.86
727.00	30766.34
728.00	31285.94
729.00	30857.62
730.00	31145.51
731.00	31454.46
732.00	31543.40
733.00	31592.55
734.00	31908.52
735.00	31489.57
736.00	32189.39
737.00	31576.17
738.00	31864.05
739.00	31854.69
740.00	31957.67
741.00	32493.66
742.00	31943.63
743.00	32067.68
744.00	32479.61
745.00	32568.55
746.00	32472.59
747.00	33043.68
748.00	33048.36
749.00	32617.71
750.00	33043.68
751.00	32954.74
752.00	32790.91
753.00	33336.25
754.00	33312.84
755.00	33319.87
756.00	33170.07
757.00	33469.66
758.00	33177.09
759.00	33558.60
760.00	33855.85
761.00	33752.87
762.00	34555.67
763.00	34195.23
764.00	34181.18
765.00	34478.43
766.00	34595.46
767.00	34160.12
768.00	34387.15
769.00	34417.58
770.00	34841.21
771.00	35234.42
772.00	35119.74
773.00	34829.51
774.00	34937.18
775.00	35225.06
776.00	35250.81
777.00	35452.09
778.00	35859.35
779.00	35541.03
780.00	35936.59
781.00	35608.91
782.00	35658.06
783.00	35704.87
784.00	35885.09
785.00	36547.47
786.00	36287.67
787.00	36170.64
788.00	35934.24
789.00	36196.38
790.00	36205.75
791.00	36875.14
792.00	36959.40
793.00	36559.17
794.00	36776.84
795.00	37223.88
796.00	36835.35
797.00	36690.24
798.00	36741.73
799.00	36982.80
800.00	37256.65
801.00	37490.70
802.00	37691.99
803.00	37621.77
804.00	37471.98
805.00	37071.75
806.00	37308.14
807.00	37919.02
808.00	37298.78
809.00	38043.07
810.00	38129.67
811.00	37979.87
812.00	37930.72
813.00	38092.22
814.00	37654.54
815.00	38190.52
816.00	38595.43
817.00	38452.66
818.00	38476.07
819.00	38773.31
820.00	38457.34
821.00	38792.04
822.00	38579.05
823.00	39021.41
824.00	38876.30
825.00	38845.87
826.00	39351.43
827.00	39042.48
828.00	39873.37
829.00	39374.83
830.00	39056.52
831.00	39597.18
832.00	39402.92
833.00	39889.75
834.00	39449.73
835.00	39519.95
836.00	39526.97
837.00	39999.76
838.00	39906.13
839.00	40091.04
840.00	40158.91
841.00	40208.06
842.00	40086.36
843.00	40098.06
844.00	40322.75
845.00	40552.12
846.00	40638.72
847.00	40568.51
848.00	40711.28
849.00	40612.98
850.00	41244.92
851.00	40676.17
852.00	41233.22
853.00	40261.90
854.00	41209.81
855.00	40538.08
856.00	41193.43
857.00	41404.08
858.00	41495.36
859.00	41666.22
860.00	41717.71
861.00	41254.28
862.00	41563.23
863.00	41818.35
864.00	41626.43
865.00	41626.43
866.00	41823.03
867.00	41706.01
868.00	41684.94
869.00	42117.94
870.00	42251.35
871.00	41848.78
872.00	42036.02
873.00	42113.26
874.00	42340.29
875.00	42499.45
876.00	42667.97
877.00	42586.05
878.00	42733.50
879.00	42316.89
880.00	42815.42
881.00	42658.60
882.00	43026.07
883.00	42864.57
884.00	42941.81
885.00	42859.89
886.00	43014.37
887.00	42899.68
888.00	42827.12
889.00	42660.94
890.00	42766.27
891.00	42885.64
892.00	43091.60
893.00	42986.28
894.00	43253.10
895.00	43035.43
896.00	43196.93
897.00	43157.14
898.00	43112.67
899.00	43194.59
900.00	43290.55
901.00	43700.14
902.00	43840.57
903.00	43938.88
904.00	44030.16
905.00	43831.21
906.00	43934.20
907.00	43543.33
908.00	43861.64
909.00	44107.40
910.00	44346.13
911.00	44201.02
912.00	44282.94
913.00	43810.15
914.00	44011.43
915.00	43821.85
916.00	44144.84
917.00	44041.86
918.00	44577.84
919.00	44381.24
920.00	44383.58
921.00	44762.75
922.00	44608.27
923.00	44493.58
924.00	44531.03
925.00	44458.48
926.00	44655.08
927.00	45413.41
928.00	45015.52
929.00	44989.78
930.00	45329.16
931.00	44882.11
932.00	44898.50
933.00	45368.94
934.00	45010.84
935.00	44816.58
936.00	45436.82
937.00	45855.78
938.00	45158.30
939.00	45134.89
940.00	45570.23
941.00	45457.88
942.00	45382.99
943.00	45247.24
944.00	45731.73
945.00	45705.98
946.00	45783.22
947.00	46454.95
948.00	45876.84
949.00	45890.88
950.00	45605.34
951.00	46321.54
952.00	45670.87
953.00	45734.07
954.00	45890.88
955.00	46131.96
956.00	45769.18
957.00	45925.99
958.00	46080.47
959.00	45839.39
960.00	46045.36
961.00	45776.20
962.00	45652.15
963.00	46183.45
964.00	46351.97
965.00	46653.90
966.00	46307.50
967.00	46887.95
968.00	47079.88
969.00	46417.50
970.00	46770.93
971.00	47016.68
972.00	47250.74
973.00	46749.86
974.00	46967.53
975.00	47084.56
976.00	47098.60
977.00	46841.14
978.00	46934.76
979.00	46965.19
980.00	46625.81
981.00	46841.14
982.00	47681.39
983.00	47433.30
984.00	47419.25
985.00	47604.16
986.00	47033.07
987.00	47152.43
988.00	47037.75
989.00	47657.99
990.00	46719.43
991.00	47576.07
992.00	47232.01
993.00	47475.43
994.00	47662.67
995.00	47295.21
996.00	47627.56
997.00	47611.18
998.00	47721.18
999.00	47746.93
1000.00	48095.67
1001.00	48058.22
1002.00	48058.22
1003.00	47842.89
1004.00	48088.65
1005.00	47753.95
1006.00	47707.14
1007.00	47789.06
1008.00	48006.73
1009.00	47622.88
1010.00	47988.00
1011.00	48294.61
1012.00	48072.26
1013.00	48186.95
1014.00	47627.56
1015.00	48060.56
1016.00	47728.20
1017.00	48039.50
1018.00	48479.52
1019.00	48402.28
1020.00	48432.71
1021.00	48381.21
1022.00	48949.96
1023.00	48374.19
1024.00	48561.44
1025.00	48289.93
1026.00	48680.80
1027.00	48790.81
1028.00	48671.44
1029.00	48938.26
1030.00	48956.99
1031.00	49078.69
1032.00	49118.48
1033.00	48610.59
1034.00	48685.48
1035.00	48804.85
1036.00	48582.50
1037.00	49045.93
1038.00	49081.03
1039.00	49099.76
1040.00	48720.59
1041.00	48938.26
1042.00	49059.97
1043.00	48662.08
1044.00	48711.23
1045.00	49048.27
1046.00	49305.73
1047.00	48835.28
1048.00	48914.86
1049.00	49209.76
1050.00	48968.69
1051.00	49481.27
1052.00	49317.43
1053.00	49368.92
1054.00	49347.86
1055.00	48772.08
1056.00	49045.93
1057.00	48816.55
1058.00	49340.83
1059.00	49574.89
1060.00	49134.87
1061.00	49366.58
1062.00	49066.99
1063.00	49340.83
1064.00	48985.07
1065.00	49279.98
1066.00	49048.27
1067.00	49495.31
1068.00	49326.79
1069.00	49607.65
1070.00	49181.68
1071.00	49357.22
1072.00	49546.80
1073.00	49497.65
1074.00	49612.34
1075.00	49525.74
1076.00	49375.94
1077.00	49858.09
1078.00	49289.34
1079.00	49780.85
1080.00	49841.71
1081.00	49846.39
1082.00	49539.78
1083.00	49422.75
1084.00	49759.79
1085.00	49413.39
1086.00	49848.73
1087.00	49331.47
1088.00	50330.88
1089.00	49619.36
1090.00	50422.16
1091.00	49930.65
1092.00	49897.88
1093.00	49617.02
1094.00	49654.47
1095.00	49649.78
1096.00	49469.56
1097.00	49947.03
1098.00	49570.21
1099.00	50148.32
1100.00	50281.73
1101.00	50099.17
1102.00	49551.48
1103.00	49998.52
1104.00	49523.40
1105.00	50122.57
1106.00	49600.63
1107.00	49851.07
1108.00	49537.44
1109.00	50131.93
1110.00	50171.72
1111.00	50316.84
1112.00	50085.12
1113.00	49975.12
1114.00	50014.91
1115.00	49979.80
1116.00	50017.25
1117.00	49811.28
1118.00	50129.59
1119.00	49904.90
1120.00	50417.48
1121.00	49895.54
1122.00	50057.04
1123.00	50110.87
1124.00	50003.20
1125.00	49869.79
1126.00	49729.36
1127.00	49645.10
1128.00	50288.75
1129.00	49551.48
1130.00	49965.76
1131.00	50522.80
1132.00	50054.70
1133.00	50050.02
1134.00	50171.72
1135.00	50014.91
1136.00	49848.73
1137.00	49808.94
1138.00	50117.89
1139.00	49687.23
1140.00	49970.44
1141.00	50347.26
1142.00	50475.99
1143.00	50300.45
1144.00	50494.72
1145.00	50321.52
1146.00	49731.70
1147.00	50373.01
1148.00	49972.78
1149.00	50075.76
1150.00	50174.06
1151.00	49977.46
1152.00	50340.24
1153.00	50431.52
1154.00	49935.33
1155.00	50223.22
1156.00	49876.82
1157.00	49862.77
1158.00	50265.34
1159.00	49921.29
1160.00	50319.18
1161.00	50588.34
1162.00	49757.45
1163.00	49776.17
1164.00	50124.91
1165.00	50389.39
1166.00	50377.69
1167.00	50419.82
1168.00	50108.53
1169.00	50167.04
1170.00	49729.36
1171.00	49874.48
1172.00	49982.14
1173.00	50087.46
1174.00	50167.04
1175.00	50124.91
1176.00	50499.40
1177.00	49764.47
1178.00	49956.39
1179.00	49897.88
1180.00	50014.91
1181.00	49638.08
1182.00	49895.54
1183.00	50052.36
1184.00	49984.48
1185.00	50288.75
1186.00	50330.88
1187.00	49881.50
1188.00	50171.72
1189.00	50073.42
1190.00	49448.50
1191.00	50260.66
1192.00	49961.08
1193.00	49712.98
1194.00	50234.92
1195.00	50284.07
1196.00	50349.60
1197.00	50340.24
1198.00	50019.59
1199.00	50188.11
1200.00	50246.62
1201.00	49808.94
1202.00	49827.66
1203.00	49785.54
1204.00	49935.33
1205.00	49783.19
1206.00	49965.76
1207.00	50131.93
1208.00	50621.11
1209.00	50188.11
1210.00	49855.75
1211.00	50153.00
1212.00	49923.63
1213.00	49869.79
1214.00	50007.89
1215.00	49879.16
1216.00	50099.17
1217.00	49965.76
1218.00	50293.43
1219.00	49897.88
1220.00	50169.38
1221.00	50263.00
1222.00	49984.48
1223.00	50117.89
1224.00	49942.35
1225.00	49860.43
1226.00	49797.24
1227.00	49951.71
1228.00	50398.76
1229.00	49638.08
1230.00	50272.37
1231.00	49902.56
1232.00	50246.62
1233.00	50206.83
1234.00	49797.24
1235.00	49724.68
1236.00	50145.98
1237.00	49986.82
1238.00	49684.89
1239.00	50291.09
1240.00	50515.78
1241.00	50358.97
1242.00	50492.38
1243.00	50232.58
1244.00	49813.62
1245.00	49724.68
1246.00	49832.35
1247.00	49900.22
1248.00	49888.52
1249.00	49977.46
1250.00	49963.42
1251.00	50415.14
1252.00	50176.40
1253.00	50616.43
1254.00	50356.63
1255.00	50396.42
1256.00	50213.85
1257.00	50248.96
1258.00	50218.53
1259.00	50080.44
1260.00	49771.49
1261.00	50108.53
1262.00	50639.83
1263.00	50162.36
1264.00	50600.04
1265.00	50361.31
1266.00	50319.18
1267.00	50485.36
1268.00	50380.03
1269.00	50316.84
1270.00	50209.17
1271.00	50314.50
1272.00	50150.66
1273.00	50094.49
1274.00	49944.69
1275.00	50590.68
1276.00	50480.67
1277.00	50791.97
1278.00	50314.50
1279.00	50791.97
1280.00	50211.51
1281.00	50075.76
1282.00	50426.84
1283.00	49979.80
1284.00	50068.74
1285.00	49773.83
1286.00	50525.14
1287.00	49921.29
1288.00	50618.77
1289.00	50445.57
1290.00	50419.82
1291.00	49907.24
1292.00	49951.71
1293.00	50167.04
1294.00	49895.54
1295.00	49560.84
1296.00	50321.52
1297.00	50300.45
1298.00	49963.42
1299.00	50323.86
1300.00	50635.15
1301.00	50457.27
1302.00	50246.62
1303.00	50253.64
1304.00	49815.96
1305.00	50358.97
1306.00	49698.94
1307.00	50094.49
1308.00	49907.24
1309.00	50204.49
1310.00	50190.45
1311.00	50391.73
1312.00	50293.43
1313.00	50824.73
1314.00	50190.45
1315.00	50171.72
1316.00	50216.19
1317.00	50117.89
1318.00	49951.71
1319.00	50050.02
1320.00	49865.11
1321.00	49937.67
1322.00	50050.02
1323.00	50621.11
1324.00	50307.47
1325.00	50340.24
1326.00	50468.97
1327.00	50185.77
1328.00	50031.29
1329.00	49951.71
1330.00	50162.36
1331.00	49610.00
1332.00	49970.44
1333.00	50202.15
1334.00	50040.65
1335.00	50281.73
1336.00	50199.81
1337.00	50342.58
1338.00	50272.37
1339.00	49785.54
1340.00	50124.91
1341.00	49975.12
1342.00	50241.94
1343.00	49911.92
1344.00	49745.75
1345.00	49635.74
1346.00	49853.41
1347.00	49968.10
1348.00	50265.34
1349.00	50211.51
1350.00	50014.91
1351.00	50155.34
1352.00	49954.05
1353.00	49439.14
1354.00	49172.31
1355.00	49382.96
1356.00	49663.83
1357.00	49916.61
1358.00	50548.55
1359.00	49745.75
1360.00	50052.36
1361.00	50099.17
1362.00	49696.59
1363.00	50246.62
1364.00	49832.35
1365.00	49652.12
1366.00	49703.62
1367.00	49624.04
1368.00	49322.11
1369.00	49324.45
1370.00	49357.22
1371.00	49427.43
1372.00	49523.40
1373.00	49504.67
1374.00	49900.22
1375.00	49834.69
1376.00	49649.78
1377.00	49771.49
1378.00	49247.21
1379.00	49462.54
1380.00	49378.28
1381.00	49310.41
1382.00	49521.05
1383.00	49258.91
1384.00	49141.89
1385.00	49322.11
1386.00	49184.02
1387.00	49305.73
1388.00	49237.85
1389.00	48982.73
1390.00	48940.60
1391.00	48697.19
1392.00	48781.45
1393.00	48736.98
1394.00	49074.01
1395.00	48823.58
1396.00	48701.87
1397.00	48811.87
1398.00	49160.61
1399.00	49219.13
1400.00	49074.01
1401.00	49460.20
1402.00	49031.88
1403.00	49092.74
1404.00	48701.87
1405.00	48856.34
1406.00	48879.75
1407.00	48821.23
1408.00	48711.23
1409.00	49024.86
1410.00	48844.64
1411.00	48823.58
1412.00	48725.27
1413.00	48961.67
1414.00	48989.75
1415.00	48945.28
1416.00	49081.03
1417.00	48563.78
1418.00	48390.58
1419.00	48416.32
1420.00	48023.11
1421.00	48512.28
1422.00	48732.29
1423.00	48933.58
1424.00	48648.03
1425.00	48374.19
1426.00	48479.52
1427.00	48437.39
1428.00	48535.69
1429.00	48177.59
1430.00	47950.56
1431.00	48060.56
1432.00	48165.88
1433.00	48048.86
1434.00	48088.65
1435.00	48090.99
1436.00	48252.48
1437.00	48135.46
1438.00	48081.63
1439.00	48538.03
1440.00	47945.87
1441.00	48142.48
1442.00	47824.17
1443.00	48018.43
1444.00	47234.35
1445.00	47058.81
1446.00	47674.37
1447.00	47428.62
1448.00	47435.64
1449.00	47494.15
1450.00	47786.72
1451.00	47779.70
1452.00	48238.44
1453.00	48065.24
1454.00	47777.36
1455.00	47627.56
1456.00	47290.52
1457.00	47091.58
1458.00	47323.29
1459.00	47473.09
1460.00	46902.00
1461.00	47250.74
1462.00	47157.11
1463.00	47449.68
1464.00	47288.18
1465.00	47772.67
1466.00	47459.04
1467.00	47180.52
1468.00	47232.01
1469.00	47079.88
1470.00	47433.30
1471.00	47047.11
1472.00	47133.71
1473.00	47147.75
1474.00	47203.92
1475.00	47213.29
1476.00	47082.22
1477.00	47346.70
1478.00	47213.29
1479.00	47337.33
1480.00	47098.60
1481.00	46635.17
1482.00	47157.11
1483.00	46791.99
1484.00	46429.21
1485.00	46457.29
1486.00	46302.82
1487.00	46394.10
1488.00	46171.75
1489.00	46623.47
1490.00	46419.84
1491.00	46244.30
1492.00	46590.70
1493.00	46539.21
1494.00	46405.80
1495.00	46438.57
1496.00	45977.48
1497.00	46515.81
1498.00	45813.65
1499.00	46000.89
1500.00	46005.57
1501.00	46061.74
1502.00	46038.34
1503.00	46260.69
1504.00	46253.67
1505.00	46443.25
1506.00	46653.90
1507.00	46361.33
1508.00	46017.27
1509.00	46003.23
1510.00	45984.51
1511.00	45563.21
1512.00	45715.34
1513.00	45500.01
1514.00	45570.23
1515.00	45895.56
1516.00	45698.96
1517.00	45240.21
1518.00	45303.41
1519.00	45010.84
1520.00	45460.23
1521.00	46302.82
1522.00	45698.96
1523.00	45577.25
1524.00	45474.27
1525.00	45507.04
1526.00	45413.41
1527.00	45249.58
1528.00	45436.82
1529.00	44971.05
1530.00	44910.20
1531.00	45453.20
1532.00	45233.19
1533.00	45675.55
1534.00	45345.54
1535.00	45378.31
1536.00	45177.02
1537.00	45102.12
1538.00	44893.82
1539.00	44788.49
1540.00	44516.99
1541.00	44636.36
1542.00	44767.43
1543.00	45191.06
1544.00	44526.35
1545.00	44540.39
1546.00	44634.02
1547.00	44982.76
1548.00	44781.47
1549.00	45385.33
1550.00	44631.68
1551.00	44914.88
1552.00	44287.62
1553.00	44498.26
1554.00	44657.42
1555.00	44399.96
1556.00	44294.64
1557.00	44121.44
1558.00	44428.05
1559.00	44252.51
1560.00	43938.88
1561.00	44126.12
1562.00	44027.82
1563.00	44360.17
1564.00	44229.10
1565.00	44025.48
1566.00	44126.12
1567.00	43873.34
1568.00	44109.74
1569.00	44105.06
1570.00	44093.35
1571.00	44093.35
1572.00	43824.19
1573.00	43791.42
1574.00	44184.63
1575.00	43583.12
1576.00	43770.36
1577.00	43863.98
1578.00	44313.36
1579.00	44121.44
1580.00	44039.52
1581.00	43576.09
1582.00	43782.06
1583.00	44079.31
1584.00	43522.26
1585.00	43756.32
1586.00	43672.06
1587.00	43360.76
1588.00	42859.89
1589.00	43646.31
1590.00	43564.39
1591.00	43339.70
1592.00	43693.12
1593.00	43379.49
1594.00	43227.35
1595.00	43522.26
1596.00	42958.19
1597.00	43009.68
1598.00	43089.26
1599.00	42639.88
1600.00	42988.62
1601.00	42934.79
1602.00	42686.69
1603.00	42925.42
1604.00	42801.38
1605.00	43044.79
1606.00	42850.53
1607.00	42595.41
1608.00	42569.66
1609.00	42960.53
1610.00	42588.39
1611.00	42473.70
1612.00	42497.11
1613.00	42588.39
1614.00	42349.65
1615.00	42696.05
1616.00	42342.63
1617.00	42719.46
1618.00	42499.45
1619.00	42333.27
1620.00	42440.93
1621.00	42911.38
1622.00	43086.92
1623.00	42759.25
1624.00	42555.62
1625.00	42298.16
1626.00	42267.73
1627.00	42113.26
1628.00	42174.11
1629.00	42232.63
1630.00	42153.05
1631.00	41996.23
1632.00	42106.24
1633.00	41993.89
1634.00	41581.96
1635.00	42454.98
1636.00	42693.71
1637.00	42174.11
1638.00	42225.60
1639.00	42085.17
1640.00	41780.90
1641.00	41741.11
1642.00	41851.12
1643.00	41663.88
1644.00	41476.63
1645.00	41448.55
1646.00	41504.72
1647.00	41727.07
1648.00	41652.17
1649.00	41862.82
1650.00	41551.53
1651.00	42021.98
1652.00	41579.62
1653.00	41783.24
1654.00	41310.46
1655.00	41759.84
1656.00	41038.95
1657.00	41160.66
1658.00	41130.23
1659.00	41148.96
1660.00	40851.71
1661.00	41141.94
1662.00	41233.22
1663.00	41490.68
1664.00	41303.43
1665.00	41081.08
1666.00	41397.06
1667.00	41111.51
1668.00	40807.24
1669.00	41446.21
1670.00	40947.67
1671.00	41043.63
1672.00	41031.93
1673.00	40802.56
1674.00	40442.12
1675.00	40514.67
1676.00	40444.46
1677.00	40554.46
1678.00	40404.67
1679.00	40243.17
1680.00	40704.26
1681.00	40491.27
1682.00	40591.91
1683.00	40669.15
1684.00	40732.34
1685.00	40617.66
1686.00	40381.26
1687.00	40357.86
1688.00	40479.57
1689.00	40072.31
1690.00	40182.32
1691.00	40271.26
1692.00	40074.65
1693.00	40278.28
1694.00	40254.87
1695.00	40233.81
1696.00	40191.68
1697.00	40109.76
1698.00	40568.51
1699.00	39882.73
1700.00	39810.17
1701.00	39524.63
1702.00	39468.45
1703.00	39756.34
1704.00	39597.18
1705.00	39496.54
1706.00	39772.72
1707.00	39945.92
1708.00	39384.19
1709.00	39512.92
1710.00	39548.03
1711.00	39758.68
1712.00	39672.08
1713.00	39833.58
1714.00	40163.59
1715.00	39522.29
1716.00	39419.30
1717.00	39311.64
1718.00	38822.47
1719.00	39482.50
1720.00	39220.36
1721.00	38864.60
1722.00	38700.76
1723.00	38895.02
1724.00	38689.06
1725.00	38330.95
1726.00	38469.04
1727.00	38813.10
1728.00	39033.11
1729.00	38803.74
1730.00	38724.16
1731.00	38333.29
1732.00	38565.01
1733.00	38895.02
1734.00	38504.15
1735.00	38675.01
1736.00	38913.75
1737.00	38272.44
1738.00	38206.90
1739.00	38139.03
1740.00	37912.00
1741.00	38335.63
1742.00	38087.54
1743.00	37956.47
1744.00	37876.89
1745.00	38183.50
1746.00	37947.11
1747.00	37514.11
1748.00	37647.52
1749.00	37481.34
1750.00	37659.22
1751.00	37567.94
1752.00	37352.61
1753.00	36809.61
1754.00	36858.76
1755.00	37134.94
1756.00	37207.50
1757.00	37137.28
1758.00	37141.96
1759.00	36952.38
1760.00	37120.90
1761.00	37507.08
1762.00	37244.94
1763.00	36622.36
1764.00	37008.55
1765.00	36849.39
1766.00	37027.28
1767.00	36879.82
1768.00	36840.03
1769.00	36615.34
1770.00	36467.89
1771.00	36514.70
1772.00	36074.68
1773.00	36793.22
1774.00	36233.83
1775.00	36238.51
1776.00	36329.80
1777.00	36341.50
1778.00	35700.19
1779.00	36100.42
1780.00	36355.54
1781.00	35878.07
1782.00	35594.87
1783.00	36041.91
1784.00	35629.98
1785.00	35709.55
1786.00	35433.37
1787.00	35601.89
1788.00	35117.40
1789.00	35204.00
1790.00	35651.04
1791.00	35241.45
1792.00	35480.18
1793.00	34986.33
1794.00	35129.10
1795.00	35285.92
1796.00	34855.26
1797.00	35501.25
1798.00	35037.82
1799.00	35028.46
1800.00	34951.22
1801.00	34160.12
1802.00	34293.53
1803.00	34279.49
1804.00	34483.11
1805.00	34192.89
1806.00	33993.94
1807.00	34450.35
1808.00	34047.77
1809.00	34632.91
1810.00	34010.32
1811.00	34197.57
1812.00	34356.72
1813.00	33916.70
1814.00	33989.26
1815.00	33804.36
1816.00	33881.60
1817.00	33261.35
1818.00	33479.02
1819.00	33720.10
1820.00	33315.19
1821.00	33347.95
1822.00	33212.20
1823.00	33020.28
1824.00	33127.94
1825.00	32849.42
1826.00	32776.86
1827.00	33200.50
1828.00	33261.35
1829.00	33109.22
1830.00	32678.56
1831.00	32037.25
1832.00	32730.05
1833.00	33006.23
1834.00	32554.51
1835.00	32348.54
1836.00	32187.05
1837.00	31864.05
1838.00	31758.73
1839.00	31908.52
1840.00	31566.81
1841.00	31931.93
1842.00	31826.60
1843.00	31594.89
1844.00	31510.63
1845.00	31211.04
1846.00	31299.98
1847.00	31112.74
1848.00	31049.55
1849.00	30941.88
1850.00	31075.29
1851.00	30960.61
1852.00	30815.49
1853.00	30574.42
1854.00	30338.02
1855.00	30558.03
1856.00	30363.77
1857.00	29912.05
1858.00	29867.58
1859.00	30146.10
1860.00	29757.57
1861.00	29986.94
1862.00	30068.86
1863.00	30110.99
1864.00	29919.07
1865.00	29773.95
1866.00	29949.50
1867.00	29694.38
1868.00	29240.31
1869.00	29486.07
1870.00	29551.60
1871.00	29523.52
1872.00	29263.72
1873.00	29256.70
1874.00	29048.39
1875.00	29062.43
1876.00	29078.82
1877.00	28638.80
1878.00	28276.01
1879.00	28343.89
1880.00	28088.77
1881.00	28673.90
1882.00	28411.76
1883.00	28484.32
1884.00	28287.71
1885.00	28238.56
1886.00	28058.34
1887.00	27934.29
1888.00	27653.43
1889.00	27803.22
1890.00	27391.29
1891.00	27463.85
1892.00	27318.73
1893.00	27424.06
1894.00	27311.71
1895.00	27220.43
1896.00	27232.13
1897.00	26754.66
1898.00	26848.29
1899.00	26775.73
1900.00	27311.71
1901.00	26918.50
1902.00	26623.59
1903.00	26405.92
1904.00	26342.73
1905.00	26024.42
1906.00	26443.37
1907.00	25989.31
1908.00	25935.48
1909.00	25717.81
1910.00	25696.74
1911.00	25928.45
1912.00	25521.20
1913.00	25687.38
1914.00	25511.84
1915.00	25617.16
1916.00	26108.68
1917.00	25333.96
1918.00	25406.52
1919.00	25186.50
1920.00	25441.62
1921.00	25055.43
1922.00	25081.18
1923.00	24893.94
1924.00	24835.42
1925.00	24482.00
1926.00	24428.17
1927.00	23934.32
1928.00	23950.70
1929.00	24013.90
1930.00	24222.20
1931.00	24109.86
1932.00	23934.32
1933.00	24180.07
1934.00	24240.93
1935.00	23957.72
1936.00	24243.27
1937.00	23520.04
1938.00	23831.33
1939.00	23786.86
1940.00	23709.63
1941.00	23658.14
1942.00	23442.81
1943.00	23447.49
1944.00	23183.01
1945.00	23073.00
1946.00	22941.93
1947.00	22321.69
1948.00	22618.94
1949.00	22270.20
1950.00	22387.22
1951.00	22581.49
1952.00	22235.09
1953.00	22068.91
1954.00	22218.71
1955.00	22185.94
1956.00	22595.53
1957.00	22108.70
1958.00	22118.06
1959.00	21949.54
1960.00	22148.49
1961.00	21614.85
1962.00	21612.51
1963.00	21394.84
1964.00	21486.12
1965.00	21333.98
1966.00	21476.76
1967.00	21027.37
1968.00	20922.05
1969.00	20774.60
1970.00	20910.35
1971.00	20896.30
1972.00	20882.26
1973.00	20821.41
1974.00	20833.11
1975.00	20713.74
1976.00	20678.63
1977.00	20479.69
1978.00	20762.89
1979.00	20210.53
1980.00	20077.12
1981.00	20325.21
1982.00	20091.16
1983.00	20058.39
1984.00	19929.66
1985.00	19829.02
1986.00	19585.60
1987.00	19379.64
1988.00	19480.28
1989.00	19339.85
1990.00	19417.08
1991.00	19061.32
1992.00	19234.52
1993.00	19049.62
1994.00	19358.57
1995.00	19314.10
1996.00	18991.11
1997.00	18604.92
1998.00	18834.29
1999.00	18869.40
2000.00	18431.72
2001.00	18581.51
2002.00	18499.59
2003.00	18251.50
2004.00	18272.56
2005.00	17905.10
2006.00	18052.55
2007.00	18043.19
2008.00	17926.16
2009.00	17841.90
2010.00	17619.55
2011.00	17813.82
2012.00	17825.52
2013.00	17790.41
2014.00	17862.97
2015.00	17694.45
2016.00	17575.08
2017.00	17776.37
2018.00	17355.07
2019.00	17514.23
2020.00	17317.62
2021.00	17142.08
2022.00	16788.66
2023.00	16805.05
2024.00	16540.57
2025.00	16435.24
2026.00	16482.05
2027.00	16615.46
2028.00	16599.08
2029.00	16634.19
2030.00	16390.77
2031.00	16556.95
2032.00	16341.62
2033.00	16318.22
2034.00	16423.54
2035.00	16109.91
2036.00	16163.74
2037.00	15957.77
2038.00	15847.77
2039.00	15878.19
2040.00	15531.80
2041.00	15559.88
2042.00	15791.59
2043.00	15531.80
2044.00	15487.32
2045.00	15342.21
2046.00	15208.80
2047.00	15353.91
