0.00	1064.94
1.00	1064.94
2.00	1064.94
3.00	1029.84
4.00	1013.45
5.00	990.05
6.00	936.21
7.00	1008.77
8.00	952.60
9.00	966.64
10.00	968.98
11.00	1011.11
12.00	938.55
13.00	971.32
14.00	903.45
15.00	1022.81
16.00	943.24
17.00	971.32
18.00	938.55
19.00	999.41
20.00	1004.09
21.00	1097.71
22.00	915.15
23.00	1053.24
24.00	1181.97
25.00	1401.98
26.00	1451.13
27.00	1404.32
28.00	1481.56
29.00	1371.55
30.00	1509.65
31.00	1502.62
32.00	1465.18
33.00	1523.69
34.00	1572.84
35.00	1586.88
36.00	1535.39
37.00	1526.03
38.00	1561.14
39.00	1556.46
40.00	1600.93
41.00	1650.08
42.00	1563.48
43.00	1589.22
44.00	1619.65
45.00	1650.08
46.00	1680.50
47.00	1636.03
48.00	1582.20
49.00	1638.38
50.00	1659.44
51.00	1650.08
52.00	1631.35
53.00	1666.46
54.00	1645.40
55.00	1715.61
56.00	1715.61
57.00	1701.57
58.00	1739.02
59.00	1727.32
60.00	1682.85
61.00	1748.38
62.00	1748.38
63.00	1708.59
64.00	1776.47
65.00	1767.10
66.00	1654.76
67.00	1825.62
68.00	1717.95
69.00	1767.10
70.00	1781.15
71.00	1795.19
72.00	1827.96
73.00	1792.85
74.00	1818.60
75.00	1849.02
76.00	1785.83
77.00	1879.45
78.00	1891.15
79.00	1823.28
80.00	1816.26
81.00	1842.00
82.00	1856.04
83.00	1863.07
84.00	1902.86
85.00	1884.13
86.00	1825.62
87.00	1912.22
88.00	1916.90
89.00	1863.07
90.00	1863.07
91.00	1860.73
92.00	1930.94
93.00	1968.39
94.00	1956.69
95.00	2015.20
96.00	1980.09
97.00	1952.01
98.00	1937.96
99.00	2022.22
100.00	1923.92
101.00	1928.60
102.00	1928.60
103.00	1916.90
104.00	2019.88
105.00	1980.09
106.00	2022.22
107.00	2001.16
108.00	1994.14
109.00	2045.63
110.00	2118.18
111.00	2008.18
112.00	2045.63
113.00	2005.84
114.00	2057.33
115.00	2150.95
116.00	2127.55
117.00	2052.65
118.00	2064.35
119.00	2134.57
120.00	2139.25
121.00	2104.14
122.00	2120.53
123.00	2176.70
124.00	2155.63
125.00	2193.08
126.00	2157.97
127.00	2167.34
128.00	2120.53
129.00	2125.21
130.00	2179.04
131.00	2225.85
132.00	2193.08
133.00	2183.72
134.00	2291.38
135.00	2279.68
136.00	2289.04
137.00	2326.49
138.00	2328.83
139.00	2324.15
140.00	2356.92
141.00	2289.04
142.00	2399.05
143.00	2361.60
144.00	2272.66
145.00	2340.54
146.00	2375.64
147.00	2387.35
148.00	2399.05
149.00	2427.14
150.00	2408.41
151.00	2410.75
152.00	2499.69
153.00	2487.99
154.00	2490.33
155.00	2553.52
156.00	2457.56
157.00	2469.27
158.00	2621.40
159.00	2574.59
160.00	2630.76
161.00	2534.80
162.00	2562.89
163.00	2541.82
164.00	2532.46
165.00	2588.63
166.00	2588.63
167.00	2621.40
168.00	2579.27
169.00	2642.46
170.00	2595.65
171.00	2740.77
172.00	2593.31
173.00	2665.87
174.00	2787.58
175.00	2747.79
176.00	2670.55
177.00	2778.22
178.00	2705.66
179.00	2642.46
180.00	2745.45
181.00	2787.58
182.00	2761.83
183.00	2876.52
184.00	2871.84
185.00	2928.01
186.00	2878.86
187.00	2829.71
188.00	2874.18
189.00	2876.52
190.00	2895.24
191.00	3009.93
192.00	2958.44
193.00	2960.78
194.00	2960.78
195.00	2972.48
196.00	2972.48
197.00	3049.72
198.00	3096.53
199.00	3068.44
200.00	3103.55
201.00	3073.12
202.00	3141.00
203.00	3155.04
204.00	3152.70
205.00	3152.70
206.00	3124.62
207.00	3105.89
208.00	3321.22
209.00	3267.39
210.00	3267.39
211.00	3421.86
212.00	3255.69
213.00	3356.33
214.00	3258.03
215.00	3339.94
216.00	3403.14
217.00	3414.84
218.00	3456.97
219.00	3403.14
220.00	3428.88
221.00	3375.05
222.00	3353.99
223.00	3562.30
224.00	3536.55
225.00	3510.80
226.00	3588.04
227.00	3609.11
228.00	3639.53
229.00	3639.53
230.00	3534.21
231.00	3761.24
232.00	3618.47
233.00	3758.90
234.00	3805.71
235.00	3747.20
236.00	3751.88
237.00	3784.65
238.00	3831.46
239.00	3847.84
240.00	3995.29
241.00	3976.57
242.00	3978.91
243.00	3997.64
244.00	3939.12
245.00	4142.75
246.00	4058.49
247.00	3985.93
248.00	4205.94
249.00	4203.60
250.00	4208.28
251.00	4224.67
252.00	4222.33
253.00	4215.30
254.00	4348.72
255.00	4360.42
256.00	4407.23
257.00	4386.16
258.00	4329.99
259.00	4456.38
260.00	4528.94
261.00	4397.87
262.00	4442.34
263.00	4606.17
264.00	4510.21
265.00	4643.62
266.00	4545.32
267.00	4697.46
268.00	4713.84
269.00	4812.14
270.00	4734.90
271.00	4863.63
272.00	4830.87
273.00	4910.44
274.00	4826.18
275.00	4819.16
276.00	4908.10
277.00	5088.32
278.00	5048.54
279.00	4901.08
280.00	5139.82
281.00	5053.22
282.00	5020.45
283.00	5020.45
284.00	5116.41
285.00	5139.82
286.00	5233.44
287.00	5193.65
288.00	5121.09
289.00	5090.67
290.00	5165.56
291.00	5011.09
292.00	5242.80
293.00	5341.10
294.00	5207.69
295.00	5284.93
296.00	5289.61
297.00	5476.85
298.00	5455.79
299.00	5408.98
300.00	5373.87
301.00	5226.42
302.00	5006.41
303.00	5322.38
304.00	5387.91
305.00	5526.00
306.00	5411.32
307.00	5394.93
308.00	5416.00
309.00	5416.00
310.00	5280.25
311.00	5181.95
312.00	5357.49
313.00	5432.38
314.00	5437.06
315.00	5416.00
316.00	5348.12
317.00	5390.25
318.00	5427.70
319.00	5387.91
320.00	5465.15
321.00	5612.60
322.00	5460.47
323.00	5551.75
324.00	5605.58
325.00	5577.50
326.00	5636.01
327.00	5802.19
328.00	5645.37
329.00	5645.37
330.00	5738.99
331.00	5816.23
332.00	5626.65
333.00	5657.07
334.00	5673.46
335.00	5818.57
336.00	5954.32
337.00	5923.90
338.00	5834.96
339.00	5989.43
340.00	5916.87
341.00	5982.41
342.00	5994.11
343.00	5998.79
344.00	6059.65
345.00	6153.27
346.00	6078.37
347.00	6113.48
348.00	6303.06
349.00	6153.27
350.00	6197.74
351.00	6155.61
352.00	6340.51
353.00	6328.81
354.00	6375.62
355.00	6366.26
356.00	6092.41
357.00	6445.84
358.00	6296.04
359.00	6307.74
360.00	6392.00
361.00	6331.15
362.00	6604.99
363.00	6509.03
364.00	6621.38
365.00	6696.27
366.00	6600.31
367.00	6441.15
368.00	6558.18
369.00	6874.15
370.00	6516.05
371.00	6539.46
372.00	6642.44
373.00	6705.63
374.00	6555.84
375.00	6761.81
376.00	6658.82
377.00	6848.41
378.00	6693.93
379.00	7023.95
380.00	6932.67
381.00	6925.65
382.00	7204.17
383.00	7218.21
384.00	7243.96
385.00	7131.61
386.00	7311.83
387.00	7407.80
388.00	7206.51
389.00	7243.96
390.00	7588.02
391.00	7522.48
392.00	7407.80
393.00	7513.12
394.00	7311.83
395.00	7440.56
396.00	7754.19
397.00	7833.77
398.00	7726.11
399.00	7559.93
400.00	7892.29
401.00	7737.81
402.00	7892.29
403.00	7847.82
404.00	7915.69
405.00	7999.95
406.00	7971.86
407.00	8032.72
408.00	7957.82
409.00	7616.10
410.00	7810.37
411.00	8039.74
412.00	8100.59
413.00	8084.21
414.00	8266.77
415.00	8184.85
416.00	7992.93
417.00	8088.89
418.00	8035.06
419.00	8262.09
420.00	8224.64
421.00	8042.08
422.00	8079.53
423.00	8280.82
424.00	8021.02
425.00	8121.66
426.00	8119.32
427.00	8112.30
428.00	8088.89
429.00	8215.28
430.00	8114.64
431.00	8116.98
432.00	8163.79
433.00	8201.24
434.00	8285.50
435.00	8287.84
436.00	8219.96
437.00	8175.49
438.00	8374.44
439.00	8489.12
440.00	8608.49
441.00	8816.80
442.00	8685.73
443.00	8681.05
444.00	8449.33
445.00	8676.37
446.00	8369.76
447.00	8816.80
448.00	8636.58
449.00	8711.47
450.00	8552.32
451.00	8549.98
452.00	8819.14
453.00	8765.31
454.00	8819.14
455.00	8812.12
456.00	8643.60
457.00	8879.99
458.00	8982.98
459.00	8882.33
460.00	8690.41
461.00	9224.05
462.00	8879.99
463.00	9041.49
464.00	8762.97
465.00	9004.04
466.00	9107.02
467.00	8982.98
468.00	9078.94
469.00	9202.99
470.00	9198.31
471.00	9179.58
472.00	9195.96
473.00	9420.66
474.00	9355.12
475.00	9394.91
476.00	9380.87
477.00	9563.43
478.00	9680.46
479.00	9479.17
480.00	9781.10
481.00	9731.95
482.00	9788.12
483.00	9600.88
484.00	9745.99
485.00	9963.66
486.00	9797.48
487.00	9900.47
488.00	9762.37
489.00	9797.48
490.00	9769.40
491.00	9671.09
492.00	10012.81
493.00	9839.61
494.00	9893.44
495.00	10265.59
496.00	10066.64
497.00	9853.66
498.00	10010.47
499.00	10272.61
500.00	10092.39
501.00	10300.70
502.00	10183.67
503.00	10230.48
504.00	10129.84
505.00	10242.18
506.00	10228.14
507.00	10572.20
508.00	10457.51
509.00	10700.93
510.00	10370.91
511.00	10602.63
512.00	10431.77
513.00	10537.09
514.00	10501.98
515.00	10642.42
516.00	10869.45
517.00	10604.97
518.00	10616.67
519.00	10693.91
520.00	10487.94
521.00	10836.68
522.00	10836.68
523.00	10630.71
524.00	11052.01
525.00	11096.48
526.00	10869.45
527.00	11047.33
528.00	10913.92
529.00	10787.53
530.00	10932.64
531.00	11187.76
532.00	11124.57
533.00	10965.41
534.00	10993.50
535.00	11037.97
536.00	11234.57
537.00	10892.85
538.00	11190.10
539.00	11073.07
540.00	11073.07
541.00	11052.01
542.00	11314.15
543.00	11356.28
544.00	11370.32
545.00	11372.66
546.00	11473.31
547.00	11396.07
548.00	11510.75
549.00	11700.34
550.00	11665.23
551.00	11683.95
552.00	11716.72
553.00	11791.62
554.00	11908.65
555.00	11609.06
556.00	11882.90
557.00	11517.78
558.00	11707.36
559.00	11817.36
560.00	11988.22
561.00	12208.23
562.00	12390.80
563.00	12226.96
564.00	12264.41
565.00	12109.93
566.00	12521.87
567.00	12793.37
568.00	12065.46
569.00	12465.69
570.00	12360.37
571.00	12287.81
572.00	12699.75
573.00	12713.79
574.00	12704.43
575.00	12666.98
576.00	13032.10
577.00	12947.84
578.00	12954.87
579.00	13069.55
580.00	13242.75
581.00	13476.80
582.00	13268.50
583.00	13523.62
584.00	13259.13
585.00	13678.09
586.00	13848.95
587.00	13921.51
588.00	13870.01
589.00	13818.52
590.00	14260.88
591.00	13984.70
592.00	14148.54
593.00	14274.93
594.00	14724.31
595.00	14661.12
596.00	14555.79
597.00	14822.61
598.00	14831.97
599.00	14946.66
600.00	15157.31
601.00	15407.75
602.00	15213.48
603.00	15206.46
604.00	15056.67
605.00	15756.49
606.00	15999.90
607.00	15620.74
608.00	15894.58
609.00	15927.35
610.00	15627.76
611.00	16081.82
612.00	16163.74
613.00	16430.56
614.00	16435.24
615.00	16573.33
616.00	16765.26
617.00	16830.79
618.00	16627.17
619.00	17153.79
620.00	17146.76
621.00	17207.62
622.00	17352.73
623.00	17549.34
624.00	17837.22
625.00	17790.41
626.00	17738.92
627.00	18197.67
628.00	18008.08
629.00	18197.67
630.00	18721.95
631.00	18906.85
632.00	18764.07
633.00	18757.05
634.00	18937.27
635.00	19278.99
636.00	19454.53
637.00	19566.88
638.00	19506.02
639.00	19367.93
640.00	19784.55
641.00	19974.13
642.00	19929.66
643.00	20350.96
644.00	20542.88
645.00	20622.46
646.00	20601.40
647.00	20830.77
648.00	20458.62
649.00	21249.72
650.00	21219.30
651.00	21671.02
652.00	21664.00
653.00	21738.90
654.00	21759.96
655.00	21881.67
656.00	21771.66
657.00	22115.72
658.00	22539.36
659.00	22464.46
660.00	22780.43
661.00	22682.13
662.00	22874.06
663.00	23178.33
664.00	23391.31
665.00	23285.99
666.00	23337.48
667.00	23634.73
668.00	23665.16
669.00	23971.77
670.00	24173.05
671.00	23871.12
672.00	24285.40
673.00	24851.81
674.00	24517.11
675.00	24662.22
676.00	24758.19
677.00	24922.02
678.00	24875.21
679.00	24875.21
680.00	25071.82
681.00	25436.94
682.00	25802.07
683.00	25530.56
684.00	25935.48
685.00	26010.37
686.00	26274.85
687.00	26595.51
688.00	26714.87
689.00	26452.73
690.00	26651.68
691.00	26813.18
692.00	26962.97
693.00	27108.08
694.00	27367.88
695.00	27435.76
696.00	27620.66
697.00	27433.42
698.00	27456.82
699.00	28182.39
700.00	27999.83
701.00	28203.46
702.00	28521.77
703.00	28276.01
704.00	28507.72
705.00	28594.32
706.00	28278.35
707.00	29036.69
708.00	29237.97
709.00	29226.27
710.00	29689.70
711.00	29263.72
712.00	29661.61
713.00	29883.96
714.00	29640.54
715.00	30043.12
716.00	30073.54
717.00	29748.21
718.00	30029.07
719.00	29991.62
720.00	29874.60
721.00	30232.70
722.00	30476.12
723.00	30696.13
724.00	30960.61
725.00	30906.77
726.00	30728.89
727.00	30506.54
728.00	31061.25
729.00	30656.34
730.00	31789.16
731.00	31140.83
732.00	31433.39
733.00	31365.52
734.00	31377.22
735.00	31337.43
736.00	31950.65
737.00	31880.44
738.00	31931.93
739.00	32261.94
740.00	31992.78
741.00	31967.04
742.00	32224.50
743.00	31948.31
744.00	32608.34
745.00	32872.82
746.00	33310.50
747.00	32865.80
748.00	33062.41
749.00	32938.36
750.00	33179.43
751.00	32914.95
752.00	32973.47
753.00	33799.68
754.00	33123.26
755.00	33663.93
756.00	33699.03
757.00	33816.06
758.00	33434.55
759.00	33504.77
760.00	33734.14
761.00	33832.44
762.00	34536.94
763.00	33921.38
764.00	34277.15
765.00	34155.44
766.00	34190.55
767.00	34373.11
768.00	34508.86
769.00	34731.21
770.00	35068.25
771.00	34780.36
772.00	35234.42
773.00	35075.27
774.00	34696.10
775.00	35140.80
776.00	35044.84
777.00	35487.20
778.00	35744.66
779.00	36060.63
780.00	35995.10
781.00	35543.38
782.00	35576.14
783.00	35861.69
784.00	35742.32
785.00	36364.90
786.00	36023.19
787.00	36493.63
788.00	36397.67
789.00	36907.91
790.00	36690.24
791.00	36348.52
792.00	36723.01
793.00	37287.07
794.00	37160.69
795.00	36802.58
796.00	36699.60
797.00	36891.52
798.00	36947.70
799.00	37043.66
800.00	37261.33
801.00	37670.92
802.00	37645.18
803.00	37764.54
804.00	37584.32
805.00	37717.73
806.00	37441.55
807.00	38096.90
808.00	37989.24
809.00	37902.64
810.00	38253.72
811.00	38148.39
812.00	38209.25
813.00	38195.20
814.00	37956.47
815.00	38398.83
816.00	38237.33
817.00	38827.15
818.00	39133.76
819.00	38462.02
820.00	38698.42
821.00	38574.37
822.00	38438.62
823.00	38607.14
824.00	38972.26
825.00	38920.77
826.00	39232.06
827.00	39412.28
828.00	39328.02
829.00	39262.49
830.00	39159.50
831.00	39449.73
832.00	39585.48
833.00	39545.69
834.00	39531.65
835.00	39885.07
836.00	39737.62
837.00	40170.61
838.00	40430.41
839.00	39866.34
840.00	40123.80
841.00	40294.66
842.00	39997.41
843.00	40559.14
844.00	40687.87
845.00	40725.32
846.00	40875.12
847.00	40374.24
848.00	40245.51
849.00	40825.96
850.00	41436.84
851.00	40715.96
852.00	41219.17
853.00	40343.81
854.00	41233.22
855.00	41221.52
856.00	40935.97
857.00	41170.02
858.00	41160.66
859.00	41921.34
860.00	41448.55
861.00	41408.76
862.00	41230.88
863.00	41324.50
864.00	41551.53
865.00	41380.67
866.00	41729.41
867.00	41844.10
868.00	42202.20
869.00	42316.89
870.00	42033.68
871.00	42033.68
872.00	41926.02
873.00	42038.36
874.00	42117.94
875.00	42590.73
876.00	42497.11
877.00	43089.26
878.00	42614.13
879.00	42438.59
880.00	42747.54
881.00	42398.80
882.00	43072.88
883.00	42316.89
884.00	42572.00
885.00	43061.18
886.00	43112.67
887.00	42932.45
888.00	42880.95
889.00	42775.63
890.00	43096.28
891.00	42822.44
892.00	42902.02
893.00	43555.03
894.00	43374.81
895.00	43072.88
896.00	43330.34
897.00	43143.09
898.00	43175.86
899.00	43040.11
900.00	43402.89
901.00	43585.46
902.00	43936.54
903.00	43695.46
904.00	44048.88
905.00	43859.30
906.00	44074.63
907.00	43702.48
908.00	43971.64
909.00	43653.33
910.00	44505.29
911.00	44598.91
912.00	44231.44
913.00	43686.10
914.00	43908.45
915.00	44456.14
916.00	44762.75
917.00	44402.30
918.00	44648.06
919.00	44809.56
920.00	45003.82
921.00	44505.29
922.00	44849.35
923.00	44835.30
924.00	44357.83
925.00	45041.27
926.00	44580.18
927.00	44973.39
928.00	45235.53
929.00	45188.72
930.00	45380.65
931.00	44921.90
932.00	45249.58
933.00	45200.43
934.00	45078.72
935.00	45326.81
936.00	45268.30
937.00	45790.24
938.00	46024.29
939.00	45565.55
940.00	45261.28
941.00	46038.34
942.00	45240.21
943.00	45565.55
944.00	45916.63
945.00	45972.80
946.00	45710.66
947.00	45844.07
948.00	45867.48
949.00	46464.32
950.00	45752.79
951.00	45954.08
952.00	45853.44
953.00	45823.01
954.00	45886.20
955.00	45830.03
956.00	45631.08
957.00	46300.48
958.00	46281.75
959.00	46127.28
960.00	46012.59
961.00	45790.24
962.00	46045.36
963.00	46131.96
964.00	46513.47
965.00	46525.17
966.00	46691.35
967.00	46958.17
968.00	47122.01
969.00	46370.69
970.00	46637.51
971.00	47391.17
972.00	47255.42
973.00	47084.56
974.00	46981.57
975.00	46990.94
976.00	47676.71
977.00	47145.41
978.00	47138.39
979.00	46829.44
980.00	46909.02
981.00	47051.79
982.00	47288.18
983.00	47522.24
984.00	47913.11
985.00	47999.71
986.00	47695.44
987.00	47199.24
988.00	47019.02
989.00	47253.08
990.00	47014.34
991.00	47311.59
992.00	47515.22
993.00	47203.92
994.00	48229.08
995.00	47962.26
996.00	47985.66
997.00	48018.43
998.00	47791.40
999.00	47627.56
1000.00	47945.87
1001.00	47718.84
1002.00	47901.40
1003.00	47667.35
1004.00	47672.03
1005.00	47899.06
1006.00	47810.12
1007.00	47770.33
1008.00	47634.58
1009.00	48154.18
1010.00	47945.87
1011.00	48168.22
1012.00	48421.00
1013.00	48247.80
1014.00	48090.99
1015.00	48268.87
1016.00	47856.93
1017.00	48067.58
1018.00	48652.72
1019.00	48266.53
1020.00	48802.51
1021.00	48769.74
1022.00	48540.37
1023.00	48315.68
1024.00	48516.96
1025.00	48327.38
1026.00	48397.60
1027.00	48720.59
1028.00	48779.10
1029.00	49162.95
1030.00	48891.45
1031.00	48931.24
1032.00	48907.83
1033.00	48940.60
1034.00	48563.78
1035.00	48832.94
1036.00	48561.44
1037.00	48664.42
1038.00	49144.23
1039.00	48718.25
1040.00	48720.59
1041.00	48949.96
1042.00	49249.55
1043.00	48837.62
1044.00	48854.00
1045.00	48605.91
1046.00	49263.60
1047.00	48835.28
1048.00	49202.74
1049.00	49469.56
1050.00	49301.04
1051.00	49523.40
1052.00	49279.98
1053.00	49338.49
1054.00	49516.37
1055.00	49167.63
1056.00	49214.44
1057.00	49041.24
1058.00	49279.98
1059.00	49532.76
1060.00	49132.53
1061.00	49560.84
1062.00	49448.50
1063.00	49088.06
1064.00	49251.89
1065.00	49188.70
1066.00	49382.96
1067.00	49731.70
1068.00	49495.31
1069.00	50155.34
1070.00	49132.53
1071.00	49794.90
1072.00	49565.52
1073.00	49432.11
1074.00	49759.79
1075.00	49638.08
1076.00	49464.88
1077.00	49483.61
1078.00	49411.05
1079.00	49574.89
1080.00	49745.75
1081.00	49633.40
1082.00	50042.99
1083.00	49614.68
1084.00	49705.96
1085.00	49542.12
1086.00	49670.85
1087.00	49645.10
1088.00	50169.38
1089.00	49476.58
1090.00	50358.97
1091.00	49844.05
1092.00	49705.96
1093.00	49965.76
1094.00	49757.45
1095.00	49853.41
1096.00	49783.19
1097.00	49750.43
1098.00	49883.84
1099.00	50157.68
1100.00	49954.05
1101.00	50199.81
1102.00	49956.39
1103.00	49996.18
1104.00	49954.05
1105.00	50080.44
1106.00	49720.00
1107.00	49780.85
1108.00	49848.73
1109.00	50012.57
1110.00	50099.17
1111.00	50681.96
1112.00	50019.59
1113.00	50075.76
1114.00	50050.02
1115.00	49769.15
1116.00	50085.12
1117.00	49991.50
1118.00	50143.64
1119.00	49822.98
1120.00	50042.99
1121.00	50312.16
1122.00	50157.68
1123.00	50157.68
1124.00	49734.04
1125.00	50057.04
1126.00	49790.22
1127.00	49745.75
1128.00	49867.45
1129.00	49921.29
1130.00	50312.16
1131.00	50461.95
1132.00	49474.24
1133.00	50365.99
1134.00	49806.60
1135.00	50033.63
1136.00	49504.67
1137.00	49951.71
1138.00	49909.58
1139.00	49359.56
1140.00	49984.48
1141.00	49783.19
1142.00	50176.40
1143.00	50330.88
1144.00	50298.11
1145.00	50054.70
1146.00	49975.12
1147.00	50288.75
1148.00	50127.25
1149.00	50071.08
1150.00	50012.57
1151.00	50155.34
1152.00	49666.17
1153.00	50450.25
1154.00	50094.49
1155.00	50281.73
1156.00	49996.18
1157.00	49996.18
1158.00	49771.49
1159.00	49975.12
1160.00	50387.05
1161.00	50272.37
1162.00	50674.94
1163.00	50169.38
1164.00	50246.62
1165.00	50604.72
1166.00	50246.62
1167.00	49909.58
1168.00	50373.01
1169.00	49979.80
1170.00	50073.42
1171.00	49937.67
1172.00	49853.41
1173.00	50124.91
1174.00	50403.44
1175.00	50057.04
1176.00	50377.69
1177.00	50230.24
1178.00	50246.62
1179.00	49907.24
1180.00	50007.89
1181.00	50014.91
1182.00	49661.49
1183.00	50190.45
1184.00	50263.00
1185.00	50740.47
1186.00	50270.03
1187.00	50085.12
1188.00	50052.36
1189.00	50511.10
1190.00	50342.58
1191.00	49886.18
1192.00	50054.70
1193.00	49766.81
1194.00	49949.37
1195.00	50274.71
1196.00	50459.61
1197.00	50515.78
1198.00	50408.12
1199.00	50351.94
1200.00	50183.43
1201.00	50073.42
1202.00	49649.78
1203.00	49804.26
1204.00	49731.70
1205.00	50230.24
1206.00	50253.64
1207.00	50328.54
1208.00	50817.71
1209.00	50356.63
1210.00	49914.26
1211.00	50061.72
1212.00	49853.41
1213.00	50038.31
1214.00	49949.37
1215.00	49822.98
1216.00	50113.21
1217.00	50185.77
1218.00	49921.29
1219.00	49965.76
1220.00	50106.19
1221.00	49844.05
1222.00	50017.25
1223.00	50277.05
1224.00	50279.39
1225.00	49752.77
1226.00	50356.63
1227.00	50312.16
1228.00	50064.06
1229.00	49612.34
1230.00	50174.06
1231.00	50532.17
1232.00	50347.26
1233.00	49769.15
1234.00	49830.01
1235.00	49614.68
1236.00	50000.86
1237.00	50333.22
1238.00	50328.54
1239.00	50059.38
1240.00	50211.51
1241.00	50733.45
1242.00	50087.46
1243.00	50445.57
1244.00	50101.51
1245.00	50145.98
1246.00	49537.44
1247.00	49785.54
1248.00	49469.56
1249.00	49996.18
1250.00	49825.32
1251.00	50127.25
1252.00	50101.51
1253.00	50312.16
1254.00	50541.53
1255.00	50356.63
1256.00	50148.32
1257.00	49869.79
1258.00	50202.15
1259.00	50000.86
1260.00	49614.68
1261.00	50263.00
1262.00	50798.99
1263.00	50677.28
1264.00	50597.70
1265.00	50361.31
1266.00	50384.71
1267.00	50466.63
1268.00	50571.96
1269.00	50284.07
1270.00	50239.60
1271.00	50185.77
1272.00	50239.60
1273.00	50244.28
1274.00	50057.04
1275.00	50717.07
1276.00	50553.23
1277.00	50454.93
1278.00	50543.87
1279.00	50630.47
1280.00	50656.21
1281.00	50244.28
1282.00	50183.43
1283.00	49909.58
1284.00	50066.40
1285.00	49818.30
1286.00	50085.12
1287.00	50192.79
1288.00	50784.94
1289.00	50457.27
1290.00	50564.93
1291.00	49780.85
1292.00	50431.52
1293.00	49872.14
1294.00	50124.91
1295.00	50101.51
1296.00	49853.41
1297.00	50333.22
1298.00	50284.07
1299.00	50216.19
1300.00	50108.53
1301.00	50410.46
1302.00	50651.53
1303.00	50354.29
1304.00	50188.11
1305.00	50019.59
1306.00	50106.19
1307.00	49893.20
1308.00	50064.06
1309.00	50258.32
1310.00	50206.83
1311.00	50333.22
1312.00	50078.10
1313.00	50625.79
1314.00	50848.14
1315.00	50635.15
1316.00	50232.58
1317.00	49958.73
1318.00	50679.62
1319.00	50150.66
1320.00	50185.77
1321.00	50534.51
1322.00	50347.26
1323.00	50010.23
1324.00	50401.10
1325.00	50958.14
1326.00	50351.94
1327.00	50511.10
1328.00	50286.41
1329.00	50038.31
1330.00	50167.04
1331.00	50197.47
1332.00	49958.73
1333.00	49972.78
1334.00	50124.91
1335.00	50227.90
1336.00	50333.22
1337.00	50499.40
1338.00	50464.29
1339.00	50167.04
1340.00	50176.40
1341.00	49839.37
1342.00	50293.43
1343.00	49734.04
1344.00	50064.06
1345.00	50190.45
1346.00	49727.02
1347.00	50230.24
1348.00	50494.72
1349.00	49801.92
1350.00	49883.84
1351.00	50153.00
1352.00	49734.04
1353.00	50031.29
1354.00	50255.98
1355.00	49368.92
1356.00	49935.33
1357.00	49670.85
1358.00	50122.57
1359.00	49940.01
1360.00	50108.53
1361.00	50171.72
1362.00	50134.28
1363.00	50291.09
1364.00	50003.20
1365.00	49645.10
1366.00	49771.49
1367.00	49478.92
1368.00	49701.28
1369.00	49193.38
1370.00	49570.21
1371.00	49851.07
1372.00	49797.24
1373.00	49539.78
1374.00	49916.61
1375.00	49839.37
1376.00	49584.25
1377.00	49993.84
1378.00	49368.92
1379.00	49752.77
1380.00	49230.83
1381.00	49066.99
1382.00	49502.33
1383.00	49216.78
1384.00	49701.28
1385.00	49593.61
1386.00	49511.69
1387.00	49305.73
1388.00	49485.95
1389.00	49312.75
1390.00	49214.44
1391.00	49642.76
1392.00	49027.20
1393.00	49111.46
1394.00	49078.69
1395.00	48987.41
1396.00	48751.02
1397.00	49153.59
1398.00	48973.37
1399.00	49521.05
1400.00	49382.96
1401.00	49595.95
1402.00	48982.73
1403.00	48900.81
1404.00	49057.63
1405.00	48800.17
1406.00	48917.20
1407.00	48921.88
1408.00	48697.19
1409.00	49057.63
1410.00	48631.65
1411.00	49017.84
1412.00	48980.39
1413.00	48748.68
1414.00	48982.73
1415.00	49083.37
1416.00	48903.15
1417.00	48603.56
1418.00	47978.64
1419.00	48538.03
1420.00	48184.61
1421.00	48755.70
1422.00	48889.11
1423.00	48704.21
1424.00	48910.17
1425.00	48893.79
1426.00	48900.81
1427.00	48587.18
1428.00	48582.50
1429.00	48378.87
1430.00	48149.50
1431.00	48655.06
1432.00	48226.74
1433.00	48203.33
1434.00	48140.14
1435.00	48189.29
1436.00	48193.97
1437.00	48151.84
1438.00	48526.33
1439.00	48418.66
1440.00	48119.07
1441.00	48240.78
1442.00	47990.34
1443.00	47894.38
1444.00	47510.53
1445.00	47557.35
1446.00	47625.22
1447.00	47899.06
1448.00	47580.75
1449.00	47716.50
1450.00	47777.36
1451.00	47777.36
1452.00	48060.56
1453.00	48041.84
1454.00	47751.61
1455.00	47798.42
1456.00	47327.97
1457.00	47484.79
1458.00	47477.77
1459.00	47386.49
1460.00	47704.80
1461.00	47278.82
1462.00	47433.30
1463.00	47435.64
1464.00	47714.16
1465.00	47459.04
1466.00	47260.10
1467.00	47653.31
1468.00	47370.10
1469.00	47084.56
1470.00	47416.91
1471.00	47107.96
1472.00	47189.88
1473.00	46885.61
1474.00	46913.70
1475.00	47283.50
1476.00	46997.96
1477.00	47145.41
1478.00	47639.26
1479.00	47536.28
1480.00	47220.31
1481.00	46623.47
1482.00	46770.93
1483.00	46724.11
1484.00	46480.70
1485.00	46464.32
1486.00	46354.31
1487.00	46389.42
1488.00	46712.41
1489.00	46635.17
1490.00	46728.80
1491.00	46597.73
1492.00	46628.15
1493.00	46281.75
1494.00	46305.16
1495.00	46330.90
1496.00	46251.33
1497.00	46265.37
1498.00	46223.24
1499.00	46052.38
1500.00	46153.02
1501.00	46218.56
1502.00	46115.58
1503.00	46478.36
1504.00	46366.01
1505.00	46459.63
1506.00	46281.75
1507.00	45806.62
1508.00	45993.87
1509.00	45876.84
1510.00	45563.21
1511.00	45911.95
1512.00	46038.34
1513.00	45565.55
1514.00	45804.28
1515.00	45841.73
1516.00	45546.82
1517.00	45296.39
1518.00	45406.39
1519.00	45371.28
1520.00	45928.33
1521.00	46010.25
1522.00	45516.40
1523.00	45413.41
1524.00	45460.23
1525.00	45359.58
1526.00	45514.06
1527.00	44961.69
1528.00	45226.17
1529.00	45242.56
1530.00	45170.00
1531.00	45120.85
1532.00	45249.58
1533.00	45525.76
1534.00	45394.69
1535.00	45247.24
1536.00	45146.59
1537.00	45193.40
1538.00	45050.63
1539.00	44765.09
1540.00	45296.39
1541.00	44849.35
1542.00	45237.87
1543.00	44933.60
1544.00	44669.12
1545.00	45064.67
1546.00	45097.44
1547.00	44825.94
1548.00	44912.54
1549.00	45090.42
1550.00	45125.53
1551.00	44856.37
1552.00	44907.86
1553.00	44378.90
1554.00	44524.01
1555.00	44067.61
1556.00	44563.80
1557.00	44418.69
1558.00	44779.13
1559.00	44392.94
1560.00	44580.18
1561.00	44505.29
1562.00	44514.65
1563.00	44659.76
1564.00	44474.86
1565.00	43920.15
1566.00	44350.81
1567.00	44273.57
1568.00	44067.61
1569.00	43768.02
1570.00	44037.18
1571.00	43697.80
1572.00	43768.02
1573.00	44346.13
1574.00	43889.73
1575.00	44299.32
1576.00	44041.86
1577.00	44208.04
1578.00	44397.62
1579.00	44240.81
1580.00	43683.76
1581.00	43592.48
1582.00	43936.54
1583.00	43709.50
1584.00	43203.95
1585.00	43744.61
1586.00	43384.17
1587.00	43461.41
1588.00	43079.90
1589.00	43732.91
1590.00	43484.81
1591.00	43545.67
1592.00	43873.34
1593.00	43276.51
1594.00	43487.15
1595.00	44009.09
1596.00	43456.73
1597.00	43278.85
1598.00	43227.35
1599.00	43082.24
1600.00	42918.40
1601.00	43175.86
1602.00	43332.68
1603.00	43374.81
1604.00	42958.19
1605.00	43276.51
1606.00	42642.22
1607.00	42923.08
1608.00	42726.48
1609.00	42546.26
1610.00	42787.33
1611.00	42564.98
1612.00	42368.38
1613.00	42485.40
1614.00	42494.77
1615.00	42469.02
1616.00	42649.24
1617.00	42686.69
1618.00	42504.13
1619.00	42607.11
1620.00	42583.71
1621.00	42897.34
1622.00	42834.14
1623.00	43210.97
1624.00	42429.23
1625.00	42330.93
1626.00	42202.20
1627.00	42939.47
1628.00	42225.60
1629.00	42342.63
1630.00	42064.11
1631.00	41968.15
1632.00	42375.40
1633.00	41525.78
1634.00	41991.55
1635.00	42480.72
1636.00	42447.96
1637.00	42108.58
1638.00	42438.59
1639.00	42307.52
1640.00	42129.64
1641.00	41471.95
1642.00	41549.19
1643.00	41792.61
1644.00	41453.23
1645.00	41600.68
1646.00	41638.13
1647.00	41748.14
1648.00	41820.69
1649.00	42340.29
1650.00	41853.46
1651.00	41867.50
1652.00	41605.36
1653.00	42075.81
1654.00	41628.77
1655.00	40879.80
1656.00	41244.92
1657.00	41490.68
1658.00	40847.03
1659.00	41015.55
1660.00	41474.29
1661.00	41167.68
1662.00	41603.02
1663.00	40851.71
1664.00	41104.49
1665.00	41387.69
1666.00	41394.71
1667.00	41146.62
1668.00	41359.61
1669.00	41429.82
1670.00	41361.95
1671.00	40992.14
1672.00	41125.55
1673.00	40973.42
1674.00	40519.35
1675.00	41151.30
1676.00	40713.62
1677.00	40807.24
1678.00	40762.77
1679.00	40706.60
1680.00	40505.31
1681.00	40741.71
1682.00	40933.63
1683.00	40589.57
1684.00	40694.89
1685.00	40809.58
1686.00	40699.58
1687.00	40250.19
1688.00	40179.98
1689.00	40334.45
1690.00	40095.72
1691.00	40018.48
1692.00	39952.94
1693.00	40187.00
1694.00	40353.18
1695.00	40198.70
1696.00	39864.00
1697.00	40561.48
1698.00	40367.22
1699.00	39887.41
1700.00	40023.16
1701.00	40009.12
1702.00	39992.73
1703.00	39655.70
1704.00	39887.41
1705.00	39805.49
1706.00	39463.77
1707.00	39695.49
1708.00	39475.48
1709.00	39243.76
1710.00	39709.53
1711.00	39587.82
1712.00	39810.17
1713.00	39763.36
1714.00	39583.14
1715.00	39721.23
1716.00	39524.63
1717.00	39309.30
1718.00	39199.29
1719.00	39456.75
1720.00	39161.84
1721.00	39005.03
1722.00	38775.66
1723.00	38850.55
1724.00	38534.58
1725.00	38679.69
1726.00	38455.00
1727.00	38738.21
1728.00	38890.34
1729.00	38796.72
1730.00	38466.70
1731.00	38829.49
1732.00	38679.69
1733.00	38352.02
1734.00	38644.59
1735.00	38476.07
1736.00	38490.11
1737.00	37970.51
1738.00	37965.83
1739.00	37963.49
1740.00	38279.46
1741.00	37713.05
1742.00	38625.86
1743.00	38197.54
1744.00	37797.31
1745.00	37553.90
1746.00	38150.73
1747.00	38363.72
1748.00	37586.66
1749.00	37638.15
1750.00	37846.46
1751.00	37741.14
1752.00	37270.69
1753.00	37001.53
1754.00	37174.73
1755.00	37198.13
1756.00	37106.85
1757.00	36968.76
1758.00	36833.01
1759.00	37048.34
1760.00	37345.59
1761.00	37368.99
1762.00	37390.06
1763.00	37184.09
1764.00	36694.92
1765.00	36657.47
1766.00	36933.65
1767.00	36744.07
1768.00	36318.09
1769.00	36718.32
1770.00	36531.08
1771.00	36629.38
1772.00	36395.33
1773.00	36388.31
1774.00	36231.49
1775.00	36154.26
1776.00	36201.07
1777.00	36091.06
1778.00	36163.62
1779.00	36325.11
1780.00	36027.87
1781.00	35864.03
1782.00	35747.00
1783.00	36224.47
1784.00	35480.18
1785.00	35894.46
1786.00	35683.81
1787.00	35112.72
1788.00	35086.97
1789.00	35435.71
1790.00	35447.41
1791.00	35119.74
1792.00	35316.34
1793.00	35138.46
1794.00	35204.00
1795.00	35147.82
1796.00	35187.61
1797.00	34911.43
1798.00	34946.54
1799.00	34789.72
1800.00	34787.38
1801.00	34616.52
1802.00	34543.97
1803.00	34668.02
1804.00	34225.65
1805.00	33853.51
1806.00	34508.86
1807.00	33998.62
1808.00	34424.60
1809.00	34686.74
1810.00	34403.53
1811.00	34382.47
1812.00	34155.44
1813.00	33790.31
1814.00	33832.44
1815.00	34143.74
1816.00	33860.53
1817.00	33865.21
1818.00	33289.44
1819.00	33504.77
1820.00	33567.96
1821.00	33022.62
1822.00	33479.02
1823.00	33076.45
1824.00	33319.87
1825.00	33212.20
1826.00	33001.55
1827.00	32980.49
1828.00	33212.20
1829.00	32833.04
1830.00	33036.66
1831.00	31901.50
1832.00	32893.89
1833.00	32844.74
1834.00	32425.78
1835.00	32205.77
1836.00	32350.88
1837.00	31894.48
1838.00	31812.56
1839.00	31709.58
1840.00	31697.88
1841.00	31627.66
1842.00	31316.37
1843.00	31395.95
1844.00	31620.64
1845.00	31400.63
1846.00	31381.90
1847.00	31489.57
1848.00	30927.84
1849.00	31243.81
1850.00	31030.82
1851.00	31218.07
1852.00	31096.36
1853.00	30501.86
1854.00	30508.88
1855.00	30504.20
1856.00	30136.74
1857.00	30419.94
1858.00	30352.07
1859.00	30022.05
1860.00	29685.01
1861.00	30019.71
1862.00	30132.06
1863.00	29652.25
1864.00	30096.95
1865.00	29715.44
1866.00	29785.66
1867.00	29654.59
1868.00	29673.31
1869.00	29511.81
1870.00	29050.73
1871.00	29322.23
1872.00	29406.49
1873.00	28884.55
1874.00	28800.29
1875.00	28725.39
1876.00	28701.99
1877.00	28884.55
1878.00	28610.71
1879.00	28273.67
1880.00	28278.35
1881.00	28423.47
1882.00	28582.62
1883.00	28584.96
1884.00	28376.66
1885.00	28320.48
1886.00	28018.55
1887.00	27903.87
1888.00	27817.27
1889.00	27936.63
1890.00	27325.75
1891.00	27255.54
1892.00	27288.31
1893.00	27295.33
1894.00	27019.14
1895.00	27124.47
1896.00	26867.01
1897.00	26740.62
1898.00	27051.91
1899.00	26794.45
1900.00	27047.23
1901.00	26764.03
1902.00	26256.13
1903.00	26888.07
1904.00	26469.12
1905.00	26256.13
1906.00	26211.66
1907.00	25926.11
1908.00	25607.80
1909.00	25589.08
1910.00	25790.36
1911.00	25301.19
1912.00	25364.39
1913.00	25635.89
1914.00	25448.64
1915.00	25357.36
1916.00	25387.79
1917.00	25359.70
1918.00	25408.86
1919.00	25408.86
1920.00	25397.15
1921.00	25565.67
1922.00	25186.50
1923.00	24851.81
1924.00	24854.15
1925.00	24655.20
1926.00	24545.20
1927.00	24299.44
1928.00	24023.26
1929.00	24245.61
1930.00	24318.17
1931.00	24156.67
1932.00	23985.81
1933.00	24121.56
1934.00	23995.17
1935.00	24388.38
1936.00	24254.97
1937.00	23833.68
1938.00	23721.33
1939.00	23660.48
1940.00	23819.63
1941.00	23339.82
1942.00	23674.52
1943.00	23281.31
1944.00	23414.72
1945.00	23012.15
1946.00	22693.83
1947.00	23065.98
1948.00	22682.13
1949.00	22490.21
1950.00	22810.86
1951.00	22321.69
1952.00	22082.95
1953.00	22506.59
1954.00	22064.23
1955.00	22443.40
1956.00	22338.07
1957.00	22127.42
1958.00	22211.68
1959.00	22031.46
1960.00	21755.28
1961.00	21717.83
1962.00	21776.34
1963.00	21532.93
1964.00	21418.24
1965.00	21528.25
1966.00	21305.90
1967.00	21315.26
1968.00	21200.57
1969.00	20861.19
1970.00	20748.85
1971.00	20882.26
1972.00	21062.48
1973.00	20671.61
1974.00	20751.19
1975.00	20477.35
1976.00	20273.72
1977.00	20435.22
1978.00	20360.32
1979.00	20367.34
1980.00	20301.81
1981.00	20175.42
1982.00	19805.61
1983.00	19896.89
1984.00	19840.72
1985.00	19829.02
1986.00	19515.39
1987.00	19599.65
1988.00	19449.85
1989.00	19583.26
1990.00	19185.37
1991.00	19499.00
1992.00	19335.17
1993.00	19164.31
1994.00	19173.67
1995.00	19358.57
1996.00	19248.57
1997.00	18710.24
1998.00	18963.02
1999.00	19026.21
2000.00	18586.19
2001.00	18525.34
2002.00	18635.35
2003.00	18431.72
2004.00	18663.43
2005.00	18111.07
2006.00	18185.96
2007.00	18218.73
2008.00	17930.84
2009.00	18003.40
2010.00	17851.27
2011.00	17678.07
2012.00	17703.81
2013.00	18010.42
2014.00	17778.71
2015.00	17759.98
2016.00	17516.57
2017.00	17579.76
2018.00	17570.40
2019.00	17312.94
2020.00	17242.73
2021.00	17235.70
2022.00	16999.31
2023.00	16964.20
2024.00	16615.46
2025.00	16805.05
2026.00	16617.80
2027.00	16248.00
2028.00	16599.08
2029.00	16659.93
2030.00	16585.04
2031.00	16517.16
2032.00	16554.61
2033.00	16531.20
2034.00	16233.96
2035.00	16173.10
2036.00	15995.22
2037.00	15910.96
2038.00	16177.78
2039.00	15786.91
2040.00	15730.74
2041.00	15953.09
2042.00	15639.46
2043.00	15552.86
2044.00	15318.81
2045.00	15382.00
2046.00	15538.82
2047.00	15398.38
