0.00	1027.50
1.00	1027.50
2.00	1027.50
3.00	936.21
4.00	917.49
5.00	964.30
6.00	910.47
7.00	959.62
8.00	971.32
9.00	940.90
10.00	999.41
11.00	924.51
12.00	894.08
13.00	990.05
14.00	898.77
15.00	919.83
16.00	896.43
17.00	919.83
18.00	971.32
19.00	910.47
20.00	922.17
21.00	901.11
22.00	980.68
23.00	954.94
24.00	1125.80
25.00	1350.49
26.00	1378.58
27.00	1509.65
28.00	1481.56
29.00	1437.09
30.00	1495.60
31.00	1523.69
32.00	1465.18
33.00	1453.47
34.00	1488.58
35.00	1481.56
36.00	1556.46
37.00	1537.73
38.00	1481.56
39.00	1600.93
40.00	1579.86
41.00	1584.54
42.00	1680.50
43.00	1493.26
44.00	1629.01
45.00	1558.80
46.00	1589.22
47.00	1584.54
48.00	1591.56
49.00	1626.67
50.00	1654.76
51.00	1586.88
52.00	1598.59
53.00	1739.02
54.00	1638.38
55.00	1687.53
56.00	1668.80
57.00	1678.16
58.00	1696.89
59.00	1736.68
60.00	1675.82
61.00	1671.14
62.00	1685.19
63.00	1699.23
64.00	1746.04
65.00	1633.69
66.00	1760.08
67.00	1696.89
68.00	1645.40
69.00	1710.93
70.00	1750.72
71.00	1760.08
72.00	1811.57
73.00	1853.70
74.00	1804.55
75.00	1746.04
76.00	1785.83
77.00	1781.15
78.00	1797.53
79.00	1795.19
80.00	1755.40
81.00	1734.34
82.00	1792.85
83.00	1781.15
84.00	1783.49
85.00	1881.79
86.00	1830.30
87.00	1893.49
88.00	1877.11
89.00	1926.26
90.00	1933.28
91.00	1942.64
92.00	1935.62
93.00	1912.22
94.00	2001.16
95.00	1914.56
96.00	1902.86
97.00	1907.54
98.00	1961.37
99.00	1905.20
100.00	1860.73
101.00	1933.28
102.00	1975.41
103.00	1975.41
104.00	2043.29
105.00	1968.39
106.00	1947.33
107.00	1947.33
108.00	1984.77
109.00	2036.27
110.00	2012.86
111.00	2057.33
112.00	2012.86
113.00	2038.61
114.00	1998.82
115.00	2026.90
116.00	2090.10
117.00	2090.10
118.00	2031.58
119.00	2129.89
120.00	2169.68
121.00	2162.66
122.00	2129.89
123.00	2111.16
124.00	2230.53
125.00	2167.34
126.00	2062.01
127.00	2202.44
128.00	2183.72
129.00	2197.76
130.00	2143.93
131.00	2221.17
132.00	2153.29
133.00	2148.61
134.00	2195.42
135.00	2253.94
136.00	2272.66
137.00	2265.64
138.00	2204.78
139.00	2335.85
140.00	2291.38
141.00	2232.87
142.00	2375.64
143.00	2312.45
144.00	2361.60
145.00	2317.13
146.00	2331.17
147.00	2377.98
148.00	2394.37
149.00	2249.25
150.00	2389.69
151.00	2469.27
152.00	2415.43
153.00	2356.92
154.00	2445.86
155.00	2534.80
156.00	2406.07
157.00	2544.16
158.00	2560.55
159.00	2483.31
160.00	2471.61
161.00	2534.80
162.00	2443.52
163.00	2590.97
164.00	2553.52
165.00	2635.44
166.00	2595.65
167.00	2574.59
168.00	2553.52
169.00	2590.97
170.00	2663.53
171.00	2511.39
172.00	2621.40
173.00	2668.21
174.00	2640.12
175.00	2731.41
176.00	2644.81
177.00	2750.13
178.00	2766.51
179.00	2794.60
180.00	2731.41
181.00	2628.42
182.00	2829.71
183.00	2780.56
184.00	2834.39
185.00	2871.84
186.00	2750.13
187.00	2944.39
188.00	2890.56
189.00	2864.82
190.00	2747.79
191.00	3056.74
192.00	2890.56
193.00	2946.73
194.00	2883.54
195.00	3023.97
196.00	3040.36
197.00	2885.88
198.00	3023.97
199.00	2949.08
200.00	3141.00
201.00	3082.49
202.00	3047.38
203.00	3122.27
204.00	3166.74
205.00	3108.23
206.00	3070.78
207.00	3087.17
208.00	3288.45
209.00	3318.88
210.00	3286.11
211.00	3262.71
212.00	3192.49
213.00	3192.49
214.00	3295.47
215.00	3351.65
216.00	3316.54
217.00	3290.79
218.00	3440.59
219.00	3192.49
220.00	3475.70
221.00	3328.24
222.00	3412.50
223.00	3349.31
224.00	3445.27
225.00	3456.97
226.00	3550.59
227.00	3543.57
228.00	3452.29
229.00	3574.00
230.00	3555.27
231.00	3714.43
232.00	3763.58
233.00	3714.43
234.00	3768.26
235.00	3719.11
236.00	3740.18
237.00	3775.28
238.00	3700.39
239.00	3878.27
240.00	3915.72
241.00	3871.25
242.00	3946.14
243.00	4028.06
244.00	3906.35
245.00	4091.26
246.00	4004.66
247.00	4011.68
248.00	4035.08
249.00	4126.36
250.00	4287.86
251.00	4191.90
252.00	4168.49
253.00	4198.92
254.00	4276.16
255.00	4367.44
256.00	4456.38
257.00	4568.73
258.00	4311.27
259.00	4369.78
260.00	4561.70
261.00	4468.08
262.00	4421.27
263.00	4535.96
264.00	4561.70
265.00	4571.07
266.00	4580.43
267.00	4779.37
268.00	4683.41
269.00	4720.86
270.00	4819.16
271.00	4791.08
272.00	4784.06
273.00	4861.29
274.00	4814.48
275.00	4835.55
276.00	5013.43
277.00	4901.08
278.00	4919.81
279.00	4844.91
280.00	5022.79
281.00	5076.62
282.00	5048.54
283.00	5109.39
284.00	4985.34
285.00	5195.99
286.00	5294.29
287.00	5085.98
288.00	5151.52
289.00	5104.71
290.00	5195.99
291.00	5015.77
292.00	5116.41
293.00	5207.69
294.00	5235.78
295.00	5179.61
296.00	5252.16
297.00	5371.53
298.00	5240.46
299.00	5355.15
300.00	5247.48
301.00	5191.31
302.00	4983.00
303.00	5015.77
304.00	5364.51
305.00	5416.00
306.00	5352.81
307.00	5242.80
308.00	5261.52
309.00	5324.72
310.00	5364.51
311.00	5203.01
312.00	5343.44
313.00	5317.70
314.00	5366.85
315.00	5336.42
316.00	5364.51
317.00	5357.49
318.00	5252.16
319.00	5516.64
320.00	5511.96
321.00	5493.24
322.00	5514.30
323.00	5549.41
324.00	5727.29
325.00	5633.67
326.00	5687.50
327.00	5888.79
328.00	5652.39
329.00	5589.20
330.00	5717.93
331.00	5692.18
332.00	5636.01
333.00	5455.79
334.00	5757.72
335.00	5731.97
336.00	5692.18
337.00	5851.34
338.00	5844.32
339.00	5872.40
340.00	5973.05
341.00	6045.60
342.00	6024.54
343.00	5818.57
344.00	6026.88
345.00	6008.16
346.00	6090.07
347.00	6080.71
348.00	6129.86
349.00	6071.35
350.00	6061.99
351.00	6005.81
352.00	6340.51
353.00	6291.36
354.00	6146.25
355.00	6237.53
356.00	6422.43
357.00	6363.92
358.00	6303.06
359.00	6352.21
360.00	6368.60
361.00	6251.57
362.00	6576.91
363.00	6312.42
364.00	6525.41
365.00	6684.57
366.00	6394.34
367.00	6539.46
368.00	6647.12
369.00	6619.04
370.00	6480.94
371.00	6551.16
372.00	6579.25
373.00	6661.16
374.00	6623.72
375.00	6733.72
376.00	6541.80
377.00	6750.10
378.00	6759.47
379.00	6918.62
380.00	6977.14
381.00	6918.62
382.00	7014.59
383.00	7232.26
384.00	7122.25
385.00	7185.44
386.00	7309.49
387.00	7108.21
388.00	7241.62
389.00	7215.87
390.00	7339.92
391.00	7318.86
392.00	7246.30
393.00	7426.52
394.00	7506.10
395.00	7698.02
396.00	7599.72
397.00	7803.35
398.00	7751.85
399.00	7786.96
400.00	7932.08
401.00	7705.04
402.00	7683.98
403.00	7712.07
404.00	7871.22
405.00	7908.67
406.00	8037.40
407.00	8189.53
408.00	7662.91
409.00	7566.95
410.00	7962.50
411.00	8149.75
412.00	7981.23
413.00	7887.61
414.00	8126.34
415.00	7946.12
416.00	7882.92
417.00	8044.42
418.00	8114.64
419.00	8004.63
420.00	8093.57
421.00	8070.17
422.00	8322.94
423.00	8177.83
424.00	8140.38
425.00	8147.40
426.00	8290.18
427.00	7964.84
428.00	7995.27
429.00	8079.53
430.00	8119.32
431.00	8072.51
432.00	8175.49
433.00	8142.72
434.00	8189.53
435.00	8299.54
436.00	8327.63
437.00	8182.51
438.00	8339.33
439.00	8571.04
440.00	8624.87
441.00	8505.51
442.00	8482.10
443.00	8566.36
444.00	8610.83
445.00	8723.18
446.00	8638.92
447.00	8643.60
448.00	8510.19
449.00	8657.64
450.00	8526.57
451.00	8622.53
452.00	8898.72
453.00	8997.02
454.00	8678.71
455.00	8828.50
456.00	8769.99
457.00	8812.12
458.00	9053.19
459.00	8922.12
460.00	8662.32
461.00	9036.81
462.00	8821.48
463.00	8924.46
464.00	8826.16
465.00	9158.52
466.00	8905.74
467.00	8887.01
468.00	9078.94
469.00	9048.51
470.00	9254.48
471.00	9174.90
472.00	9380.87
473.00	9338.74
474.00	9172.56
475.00	9444.06
476.00	9348.10
477.00	9757.69
478.00	9490.87
479.00	9689.82
480.00	9785.78
481.00	9415.98
482.00	9666.41
483.00	9745.99
484.00	9661.73
485.00	9614.92
486.00	9753.01
487.00	9891.10
488.00	9961.32
489.00	9731.95
490.00	9792.80
491.00	9905.15
492.00	9825.57
493.00	10190.69
494.00	10061.96
495.00	10115.80
496.00	9914.51
497.00	9937.91
498.00	10129.84
499.00	10281.97
500.00	10094.73
501.00	10373.25
502.00	10092.39
503.00	9996.43
504.00	10186.01
505.00	10469.22
506.00	10157.92
507.00	10532.41
508.00	10546.45
509.00	10476.24
510.00	10420.06
511.00	10586.24
512.00	10420.06
513.00	10555.82
514.00	10616.67
515.00	10640.08
516.00	10616.67
517.00	10518.37
518.00	10560.50
519.00	10782.85
520.00	10579.22
521.00	11040.31
522.00	10677.52
523.00	10623.69
524.00	10647.10
525.00	10953.71
526.00	10974.77
527.00	10951.37
528.00	10640.08
529.00	11002.86
530.00	10656.46
531.00	11281.38
532.00	10953.71
533.00	11073.07
534.00	11052.01
535.00	11052.01
536.00	11393.73
537.00	11049.67
538.00	11075.42
539.00	11070.73
540.00	11112.86
541.00	11040.31
542.00	11147.97
543.00	11267.34
544.00	11124.57
545.00	11433.52
546.00	11419.47
547.00	11248.61
548.00	11400.75
549.00	11618.42
550.00	11653.53
551.00	11726.08
552.00	11613.74
553.00	11859.49
554.00	11534.16
555.00	11580.97
556.00	11786.94
557.00	11513.10
558.00	11768.21
559.00	11719.06
560.00	11967.16
561.00	11999.93
562.00	12369.73
563.00	12147.38
564.00	12147.38
565.00	12119.29
566.00	12257.39
567.00	12671.66
568.00	12381.43
569.00	12699.75
570.00	12278.45
571.00	12610.81
572.00	12571.02
573.00	12659.96
574.00	12931.46
575.00	12999.34
576.00	13041.46
577.00	13099.98
578.00	12952.52
579.00	13067.21
580.00	12985.29
581.00	13579.79
582.00	13329.35
583.00	13116.36
584.00	13422.97
585.00	13579.79
586.00	14059.60
587.00	13652.34
588.00	13736.60
589.00	13647.66
590.00	14090.02
591.00	14171.94
592.00	14094.71
593.00	14267.91
594.00	14562.81
595.00	14459.83
596.00	14560.47
597.00	14824.95
598.00	14611.96
599.00	14782.82
600.00	15190.08
601.00	15059.01
602.00	15023.90
603.00	15440.51
604.00	15386.68
605.00	15414.77
606.00	15758.83
607.00	15740.10
608.00	15992.88
609.00	15777.55
610.00	15908.62
611.00	15868.83
612.00	16444.60
613.00	15960.11
614.00	16606.10
615.00	16849.52
616.00	16362.69
617.00	16753.55
618.00	16833.13
619.00	17151.45
620.00	17254.43
621.00	17111.66
622.00	17357.41
623.00	17472.10
624.00	17689.77
625.00	17724.88
626.00	17905.10
627.00	17774.03
628.00	17762.33
629.00	18185.96
630.00	18625.98
631.00	18719.60
632.00	18520.66
633.00	18637.69
634.00	19037.92
635.00	19166.65
636.00	19248.57
637.00	19389.00
638.00	19536.45
639.00	19658.16
640.00	19548.15
641.00	19604.33
642.00	19735.40
643.00	20119.24
644.00	20346.28
645.00	20535.86
646.00	20599.05
647.00	20601.40
648.00	20882.26
649.00	20917.37
650.00	21216.96
651.00	21689.74
652.00	21654.64
653.00	21729.53
654.00	21710.81
655.00	21799.75
656.00	22223.39
657.00	21994.01
658.00	22288.92
659.00	22272.54
660.00	22700.86
661.00	22726.60
662.00	23065.98
663.00	23302.37
664.00	23328.12
665.00	23637.07
666.00	23442.81
667.00	23667.50
668.00	23580.90
669.00	23892.19
670.00	24086.45
671.00	24233.91
672.00	24271.36
673.00	24643.50
674.00	24430.51
675.00	24512.43
676.00	24938.41
677.00	24940.75
678.00	25106.93
679.00	25163.10
680.00	25340.98
681.00	25467.37
682.00	25525.88
683.00	25565.67
684.00	25977.61
685.00	26103.99
686.00	26204.64
687.00	26665.72
688.00	26522.95
689.00	26078.25
690.00	26588.49
691.00	26780.41
692.00	26529.97
693.00	26984.04
694.00	27335.12
695.00	27833.65
696.00	27557.47
697.00	27674.49
698.00	27154.90
699.00	27756.41
700.00	27873.44
701.00	27824.29
702.00	28491.34
703.00	28662.20
704.00	28503.04
705.00	28456.23
706.00	28421.13
707.00	28734.76
708.00	29315.21
709.00	29221.59
710.00	29338.62
711.00	28847.10
712.00	29338.62
713.00	29600.76
714.00	29481.39
715.00	30029.07
716.00	29811.40
717.00	29837.15
718.00	30127.38
719.00	29970.56
720.00	29865.24
721.00	30071.20
722.00	30445.69
723.00	30431.65
724.00	31072.95
725.00	31199.34
726.00	30663.36
727.00	30927.84
728.00	31159.55
729.00	31068.27
730.00	31089.34
731.00	31124.44
732.00	31372.54
733.00	31805.54
734.00	31463.82
735.00	31503.61
736.00	31576.17
737.00	31426.37
738.00	32020.87
739.00	32531.11
740.00	32173.00
741.00	32437.48
742.00	31941.29
743.00	32397.70
744.00	32198.75
745.00	32601.32
746.00	33027.30
747.00	32936.02
748.00	32713.67
749.00	33048.36
750.00	32779.20
751.00	33001.55
752.00	33022.62
753.00	33448.60
754.00	33347.95
755.00	33780.95
756.00	33259.01
757.00	33776.27
758.00	33530.51
759.00	33914.36
760.00	33851.17
761.00	33848.83
762.00	34206.93
763.00	34169.48
764.00	34396.51
765.00	34073.52
766.00	34630.57
767.00	34504.18
768.00	34567.37
769.00	34808.45
770.00	35108.04
771.00	35393.58
772.00	35309.32
773.00	34878.66
774.00	34855.26
775.00	35082.29
776.00	35271.87
777.00	35592.53
778.00	35756.36
779.00	35707.21
780.00	35704.87
781.00	35686.15
782.00	35791.47
783.00	35761.05
784.00	35662.74
785.00	36446.82
786.00	36184.68
787.00	36231.49
788.00	36376.61
789.00	36304.05
790.00	36584.91
791.00	36287.67
792.00	37001.53
793.00	36858.76
794.00	36978.12
795.00	37298.78
796.00	37017.91
797.00	36704.28
798.00	37017.91
799.00	37312.82
800.00	37713.05
801.00	37319.84
802.00	37605.39
803.00	38038.39
804.00	37626.45
805.00	37088.13
806.00	37509.43
807.00	37888.59
808.00	37518.79
809.00	37570.28
810.00	38319.25
811.00	37993.92
812.00	38541.60
813.00	38373.08
814.00	38115.62
815.00	38302.87
816.00	39117.37
817.00	38272.44
818.00	38157.75
819.00	38714.80
820.00	38801.40
821.00	38735.87
822.00	38955.88
823.00	38827.15
824.00	38644.59
825.00	38918.43
826.00	39360.79
827.00	38876.30
828.00	39213.34
829.00	39208.65
830.00	39433.35
831.00	39056.52
832.00	39824.22
833.00	39643.99
834.00	39592.50
835.00	40098.06
836.00	39786.77
837.00	39927.20
838.00	40116.78
839.00	39763.36
840.00	39552.71
841.00	40238.49
842.00	40191.68
843.00	40774.47
844.00	40842.35
845.00	40563.82
846.00	40870.43
847.00	40444.46
848.00	40652.76
849.00	41167.68
850.00	41392.37
851.00	40570.85
852.00	41050.66
853.00	40697.24
854.00	41085.76
855.00	40933.63
856.00	41507.06
857.00	41354.93
858.00	41425.14
859.00	41521.10
860.00	41429.82
861.00	41205.13
862.00	41448.55
863.00	41600.68
864.00	41956.44
865.00	41682.60
866.00	41968.15
867.00	42124.96
868.00	41808.99
869.00	42057.09
870.00	42717.12
871.00	42021.98
872.00	42220.92
873.00	41998.57
874.00	42164.75
875.00	42504.13
876.00	42326.25
877.00	42841.17
878.00	42555.62
879.00	42380.08
880.00	42946.49
881.00	42799.04
882.00	43019.05
883.00	42759.25
884.00	43119.69
885.00	42703.07
886.00	42611.79
887.00	43110.33
888.00	42911.38
889.00	42672.65
890.00	43372.47
891.00	42990.96
892.00	42787.33
893.00	43239.06
894.00	43054.15
895.00	43283.53
896.00	43173.52
897.00	43115.01
898.00	43281.19
899.00	43285.87
900.00	43503.54
901.00	43601.84
902.00	43988.03
903.00	43746.95
904.00	43412.26
905.00	44439.75
906.00	44170.59
907.00	43571.41
908.00	43959.94
909.00	43878.02
910.00	44608.27
911.00	44325.07
912.00	44561.46
913.00	44133.14
914.00	44109.74
915.00	44226.76
916.00	44582.52
917.00	44509.97
918.00	44961.69
919.00	44655.08
920.00	44467.84
921.00	44587.21
922.00	44524.01
923.00	44622.31
924.00	44215.06
925.00	44648.06
926.00	44748.70
927.00	44959.35
928.00	45162.98
929.00	45425.12
930.00	45415.76
931.00	45106.80
932.00	45059.99
933.00	45059.99
934.00	45170.00
935.00	45001.48
936.00	45097.44
937.00	45659.17
938.00	45677.90
939.00	45612.36
940.00	45432.14
941.00	46014.93
942.00	45144.25
943.00	45329.16
944.00	45925.99
945.00	45750.45
946.00	46059.40
947.00	45766.84
948.00	45888.54
949.00	46012.59
950.00	45813.65
951.00	45808.96
952.00	45818.33
953.00	46443.25
954.00	45869.82
955.00	46253.67
956.00	46244.30
957.00	46038.34
958.00	46321.54
959.00	45766.84
960.00	45855.78
961.00	45783.22
962.00	46138.98
963.00	46960.51
964.00	46153.02
965.00	46202.18
966.00	46569.64
967.00	46728.80
968.00	46784.97
969.00	46597.73
970.00	46920.72
971.00	47304.57
972.00	47089.24
973.00	46883.27
974.00	47199.24
975.00	47257.76
976.00	47456.70
977.00	47269.46
978.00	46890.29
979.00	46225.58
980.00	46892.63
981.00	47065.83
982.00	47697.78
983.00	47480.11
984.00	47388.83
985.00	47887.36
986.00	47171.16
987.00	46946.47
988.00	47107.96
989.00	47337.33
990.00	47166.48
991.00	47840.55
992.00	47784.38
993.00	47583.09
994.00	47531.60
995.00	47744.59
996.00	47505.85
997.00	47426.28
998.00	47540.96
999.00	47812.46
1000.00	47819.49
1001.00	47735.23
1002.00	47995.03
1003.00	48273.55
1004.00	47557.35
1005.00	48266.53
1006.00	48254.82
1007.00	47957.58
1008.00	47835.87
1009.00	48229.08
1010.00	47831.19
1011.00	48659.74
1012.00	48203.33
1013.00	48559.09
1014.00	47709.48
1015.00	48514.62
1016.00	48119.07
1017.00	48037.16
1018.00	48100.35
1019.00	48425.68
1020.00	48519.31
1021.00	48301.64
1022.00	48673.78
1023.00	48390.58
1024.00	48481.86
1025.00	47859.27
1026.00	48303.98
1027.00	48596.54
1028.00	48797.83
1029.00	48713.57
1030.00	48680.80
1031.00	48633.99
1032.00	49099.76
1033.00	49076.35
1034.00	48818.89
1035.00	48554.41
1036.00	48561.44
1037.00	48898.47
1038.00	48811.87
1039.00	48832.94
1040.00	48788.47
1041.00	49279.98
1042.00	49116.14
1043.00	48671.44
1044.00	48718.25
1045.00	49181.68
1046.00	49233.17
1047.00	49244.87
1048.00	49359.56
1049.00	49598.29
1050.00	48779.10
1051.00	49258.91
1052.00	49298.70
1053.00	49453.18
1054.00	49455.52
1055.00	49036.56
1056.00	48982.73
1057.00	49221.47
1058.00	49294.02
1059.00	49071.67
1060.00	49308.07
1061.00	49481.27
1062.00	49165.29
1063.00	49397.01
1064.00	48975.71
1065.00	49125.50
1066.00	49137.21
1067.00	49233.17
1068.00	49408.71
1069.00	49455.52
1070.00	49897.88
1071.00	49577.23
1072.00	49689.57
1073.00	49773.83
1074.00	49565.52
1075.00	49773.83
1076.00	49647.44
1077.00	49282.32
1078.00	49490.63
1079.00	49659.15
1080.00	49617.02
1081.00	50031.29
1082.00	49792.56
1083.00	49312.75
1084.00	49614.68
1085.00	49546.80
1086.00	49680.21
1087.00	49130.19
1088.00	50248.96
1089.00	49689.57
1090.00	50258.32
1091.00	50087.46
1092.00	49682.55
1093.00	50160.02
1094.00	49380.62
1095.00	49766.81
1096.00	49691.91
1097.00	49579.57
1098.00	49935.33
1099.00	50178.75
1100.00	50026.61
1101.00	49949.37
1102.00	49930.65
1103.00	50073.42
1104.00	49830.01
1105.00	50028.95
1106.00	49434.45
1107.00	50010.23
1108.00	49862.77
1109.00	50082.78
1110.00	50417.48
1111.00	50454.93
1112.00	50270.03
1113.00	50377.69
1114.00	50693.66
1115.00	49811.28
1116.00	50337.90
1117.00	49874.48
1118.00	49855.75
1119.00	49961.08
1120.00	49909.58
1121.00	50295.77
1122.00	50113.21
1123.00	50042.99
1124.00	50052.36
1125.00	49553.82
1126.00	49602.97
1127.00	49488.29
1128.00	50190.45
1129.00	50155.34
1130.00	49900.22
1131.00	50616.43
1132.00	50024.27
1133.00	49902.56
1134.00	50478.33
1135.00	50251.30
1136.00	49858.09
1137.00	49951.71
1138.00	49886.18
1139.00	50010.23
1140.00	49916.61
1141.00	50279.39
1142.00	50237.26
1143.00	50567.27
1144.00	50307.47
1145.00	50106.19
1146.00	50099.17
1147.00	50195.13
1148.00	50066.40
1149.00	50005.55
1150.00	49804.26
1151.00	50195.13
1152.00	50562.59
1153.00	50199.81
1154.00	50293.43
1155.00	50181.09
1156.00	50026.61
1157.00	50167.04
1158.00	49783.19
1159.00	50010.23
1160.00	50279.39
1161.00	50272.37
1162.00	50342.58
1163.00	50213.85
1164.00	50279.39
1165.00	50447.91
1166.00	50429.18
1167.00	49998.52
1168.00	50078.10
1169.00	50197.47
1170.00	49851.07
1171.00	49975.12
1172.00	49811.28
1173.00	49958.73
1174.00	50199.81
1175.00	50010.23
1176.00	50143.64
1177.00	49961.08
1178.00	50272.37
1179.00	49993.84
1180.00	49652.12
1181.00	50071.08
1182.00	50026.61
1183.00	50356.63
1184.00	49832.35
1185.00	50597.70
1186.00	50665.58
1187.00	50251.30
1188.00	50328.54
1189.00	50042.99
1190.00	49652.12
1191.00	49897.88
1192.00	49951.71
1193.00	49565.52
1194.00	50035.97
1195.00	49860.43
1196.00	50450.25
1197.00	50272.37
1198.00	50124.91
1199.00	50129.59
1200.00	50396.42
1201.00	49778.51
1202.00	50019.59
1203.00	49787.88
1204.00	50199.81
1205.00	49668.51
1206.00	50038.31
1207.00	50087.46
1208.00	50295.77
1209.00	50431.52
1210.00	50064.06
1211.00	50239.60
1212.00	49427.43
1213.00	50141.30
1214.00	49996.18
1215.00	50389.39
1216.00	50305.13
1217.00	50199.81
1218.00	50279.39
1219.00	50148.32
1220.00	50106.19
1221.00	50073.42
1222.00	49738.72
1223.00	50295.77
1224.00	49673.19
1225.00	49619.36
1226.00	49918.95
1227.00	50005.55
1228.00	50335.56
1229.00	49848.73
1230.00	50199.81
1231.00	50216.19
1232.00	50216.19
1233.00	50220.87
1234.00	49691.91
1235.00	49750.43
1236.00	49841.71
1237.00	50199.81
1238.00	50204.49
1239.00	50225.56
1240.00	50635.15
1241.00	50316.84
1242.00	50260.66
1243.00	50145.98
1244.00	50365.99
1245.00	50260.66
1246.00	49895.54
1247.00	50040.65
1248.00	50398.76
1249.00	49684.89
1250.00	49921.29
1251.00	49911.92
1252.00	50387.05
1253.00	50607.06
1254.00	50728.77
1255.00	50965.17
1256.00	50295.77
1257.00	50817.71
1258.00	50117.89
1259.00	50064.06
1260.00	50059.38
1261.00	50258.32
1262.00	50445.57
1263.00	50401.10
1264.00	50398.76
1265.00	50431.52
1266.00	50403.44
1267.00	50197.47
1268.00	50295.77
1269.00	50092.15
1270.00	49846.39
1271.00	49799.58
1272.00	50078.10
1273.00	50270.03
1274.00	50143.64
1275.00	50443.23
1276.00	50658.56
1277.00	50628.13
1278.00	50464.29
1279.00	50789.62
1280.00	50110.87
1281.00	50248.96
1282.00	50052.36
1283.00	50328.54
1284.00	50017.25
1285.00	50057.04
1286.00	50541.53
1287.00	50279.39
1288.00	50410.46
1289.00	50543.87
1290.00	50529.83
1291.00	49954.05
1292.00	50108.53
1293.00	50141.30
1294.00	50354.29
1295.00	50206.83
1296.00	50157.68
1297.00	50143.64
1298.00	50122.57
1299.00	50312.16
1300.00	50705.37
1301.00	50075.76
1302.00	50106.19
1303.00	50162.36
1304.00	50103.85
1305.00	50181.09
1306.00	49858.09
1307.00	49294.02
1308.00	50199.81
1309.00	50298.11
1310.00	49996.18
1311.00	50445.57
1312.00	50162.36
1313.00	50567.27
1314.00	50429.18
1315.00	50403.44
1316.00	50117.89
1317.00	50539.19
1318.00	50218.53
1319.00	49918.95
1320.00	49682.55
1321.00	50342.58
1322.00	49930.65
1323.00	50466.63
1324.00	50312.16
1325.00	50433.86
1326.00	50473.65
1327.00	50108.53
1328.00	50045.33
1329.00	49769.15
1330.00	50349.60
1331.00	50115.55
1332.00	50546.21
1333.00	50141.30
1334.00	50286.41
1335.00	50468.97
1336.00	50220.87
1337.00	50389.39
1338.00	50298.11
1339.00	50169.38
1340.00	50230.24
1341.00	49846.39
1342.00	49855.75
1343.00	49806.60
1344.00	49911.92
1345.00	49975.12
1346.00	50127.25
1347.00	50321.52
1348.00	50033.63
1349.00	50218.53
1350.00	50075.76
1351.00	49624.04
1352.00	49954.05
1353.00	49614.68
1354.00	49668.51
1355.00	49649.78
1356.00	49769.15
1357.00	49628.72
1358.00	49888.52
1359.00	49853.41
1360.00	49968.10
1361.00	49818.30
1362.00	49890.86
1363.00	50010.23
1364.00	50106.19
1365.00	49525.74
1366.00	49869.79
1367.00	49518.71
1368.00	49198.06
1369.00	49324.45
1370.00	49507.01
1371.00	49565.52
1372.00	49516.37
1373.00	49773.83
1374.00	49879.16
1375.00	49858.09
1376.00	49640.42
1377.00	49591.27
1378.00	49619.36
1379.00	49099.76
1380.00	49647.44
1381.00	48935.92
1382.00	49855.75
1383.00	49411.05
1384.00	49361.90
1385.00	49619.36
1386.00	49467.22
1387.00	49485.95
1388.00	48954.64
1389.00	49532.76
1390.00	48935.92
1391.00	48854.00
1392.00	49151.25
1393.00	48779.10
1394.00	48751.02
1395.00	49242.53
1396.00	49401.69
1397.00	49209.76
1398.00	49705.96
1399.00	49378.28
1400.00	49237.85
1401.00	49432.11
1402.00	48861.02
1403.00	49024.86
1404.00	49052.95
1405.00	48350.79
1406.00	48348.45
1407.00	48971.03
1408.00	48886.77
1409.00	48793.15
1410.00	48694.85
1411.00	49539.78
1412.00	48942.94
1413.00	48598.88
1414.00	48940.60
1415.00	49052.95
1416.00	48570.80
1417.00	48678.46
1418.00	48030.13
1419.00	48729.95
1420.00	48692.50
1421.00	49329.13
1422.00	48514.62
1423.00	48570.80
1424.00	48343.77
1425.00	48486.54
1426.00	48676.12
1427.00	48215.04
1428.00	48818.89
1429.00	48364.83
1430.00	48158.86
1431.00	48282.91
1432.00	48224.40
1433.00	48301.64
1434.00	48030.13
1435.00	48158.86
1436.00	48079.28
1437.00	48346.11
1438.00	48179.93
1439.00	48357.81
1440.00	48074.60
1441.00	47995.03
1442.00	47828.85
1443.00	48062.90
1444.00	47709.48
1445.00	47377.12
1446.00	47494.15
1447.00	48081.63
1448.00	47580.75
1449.00	47597.13
1450.00	47679.05
1451.00	47756.29
1452.00	47901.40
1453.00	47669.69
1454.00	47849.91
1455.00	47550.32
1456.00	47590.11
1457.00	47320.95
1458.00	47269.46
1459.00	47510.53
1460.00	47173.50
1461.00	47346.70
1462.00	47299.89
1463.00	47208.61
1464.00	47419.25
1465.00	47695.44
1466.00	47203.92
1467.00	47384.15
1468.00	47477.77
1469.00	46916.04
1470.00	47433.30
1471.00	47140.73
1472.00	47061.15
1473.00	47056.47
1474.00	47037.75
1475.00	47372.44
1476.00	46972.21
1477.00	47285.84
1478.00	47234.35
1479.00	47199.24
1480.00	47363.08
1481.00	46913.70
1482.00	47033.07
1483.00	46576.66
1484.00	46473.68
1485.00	46408.14
1486.00	46581.34
1487.00	46312.18
1488.00	46431.55
1489.00	46775.61
1490.00	46674.96
1491.00	46415.16
1492.00	46724.11
1493.00	46761.56
1494.00	46700.71
1495.00	46028.98
1496.00	46232.60
1497.00	46450.27
1498.00	46007.91
1499.00	46300.48
1500.00	46373.03
1501.00	46515.81
1502.00	46387.08
1503.00	46349.63
1504.00	46005.57
1505.00	46110.89
1506.00	45949.40
1507.00	45860.46
1508.00	45923.65
1509.00	45876.84
1510.00	45696.62
1511.00	45738.75
1512.00	45815.99
1513.00	45504.70
1514.00	45502.35
1515.00	45483.63
1516.00	45933.01
1517.00	45600.66
1518.00	45965.78
1519.00	45467.25
1520.00	45729.39
1521.00	45691.94
1522.00	45748.11
1523.00	45610.02
1524.00	45673.21
1525.00	45340.86
1526.00	45516.40
1527.00	45254.26
1528.00	45408.73
1529.00	45275.32
1530.00	44865.73
1531.00	45226.17
1532.00	45350.22
1533.00	45617.04
1534.00	45413.41
1535.00	45471.93
1536.00	44947.65
1537.00	45099.78
1538.00	45209.79
1539.00	45191.06
1540.00	45125.53
1541.00	44701.89
1542.00	44538.05
1543.00	45097.44
1544.00	44882.11
1545.00	44999.14
1546.00	45104.46
1547.00	44886.79
1548.00	44861.05
1549.00	45448.52
1550.00	44804.88
1551.00	44531.03
1552.00	44896.16
1553.00	44685.51
1554.00	44514.65
1555.00	44521.67
1556.00	44406.98
1557.00	44573.16
1558.00	44395.28
1559.00	44734.66
1560.00	44215.06
1561.00	44201.02
1562.00	44444.43
1563.00	44795.51
1564.00	44507.63
1565.00	44149.53
1566.00	44091.01
1567.00	44039.52
1568.00	44158.89
1569.00	44212.72
1570.00	43941.22
1571.00	43892.07
1572.00	43505.88
1573.00	43924.83
1574.00	44231.44
1575.00	44086.33
1576.00	43945.90
1577.00	44526.35
1578.00	44116.76
1579.00	43875.68
1580.00	44072.29
1581.00	43477.79
1582.00	43292.89
1583.00	43716.53
1584.00	43536.30
1585.00	43744.61
1586.00	43426.30
1587.00	43524.60
1588.00	43278.85
1589.00	43798.44
1590.00	43817.17
1591.00	43517.58
1592.00	43430.98
1593.00	42983.94
1594.00	43515.24
1595.00	43775.04
1596.00	43056.50
1597.00	43344.38
1598.00	43133.73
1599.00	43084.58
1600.00	42815.42
1601.00	43175.86
1602.00	42993.30
1603.00	42925.42
1604.00	43058.84
1605.00	43316.29
1606.00	43122.03
1607.00	42789.67
1608.00	42883.30
1609.00	42703.07
1610.00	42574.34
1611.00	42817.76
1612.00	42548.60
1613.00	42384.76
1614.00	42293.48
1615.00	42710.10
1616.00	42721.80
1617.00	42417.53
1618.00	42611.79
1619.00	42595.41
1620.00	43042.45
1621.00	43096.28
1622.00	43225.01
1623.00	42614.13
1624.00	42621.16
1625.00	42436.25
1626.00	42192.84
1627.00	42197.52
1628.00	42429.23
1629.00	41890.91
1630.00	42253.69
1631.00	42071.13
1632.00	42099.22
1633.00	41670.90
1634.00	41890.91
1635.00	42234.97
1636.00	42253.69
1637.00	41923.68
1638.00	42497.11
1639.00	42270.08
1640.00	41918.99
1641.00	41745.80
1642.00	41497.70
1643.00	41418.12
1644.00	41579.62
1645.00	41596.00
1646.00	41598.34
1647.00	41715.37
1648.00	41415.78
1649.00	42003.25
1650.00	41729.41
1651.00	41998.57
1652.00	41244.92
1653.00	41844.10
1654.00	41703.67
1655.00	41191.09
1656.00	41413.44
1657.00	41296.41
1658.00	41879.21
1659.00	41179.39
1660.00	41160.66
1661.00	41144.28
1662.00	40884.48
1663.00	41099.81
1664.00	41336.20
1665.00	41823.03
1666.00	41486.00
1667.00	41322.16
1668.00	41160.66
1669.00	41652.17
1670.00	40893.84
1671.00	40947.67
1672.00	40896.18
1673.00	40678.51
1674.00	40711.28
1675.00	40631.70
1676.00	40825.96
1677.00	40816.60
1678.00	40507.65
1679.00	41017.89
1680.00	40849.37
1681.00	40802.56
1682.00	40676.17
1683.00	40898.52
1684.00	40893.84
1685.00	40289.98
1686.00	40364.88
1687.00	40601.27
1688.00	40315.73
1689.00	40423.39
1690.00	40051.25
1691.00	40034.86
1692.00	40084.01
1693.00	39777.40
1694.00	40044.23
1695.00	39871.03
1696.00	40048.91
1697.00	40184.66
1698.00	40561.48
1699.00	40233.81
1700.00	40105.08
1701.00	40280.62
1702.00	40149.55
1703.00	39936.56
1704.00	39873.37
1705.00	40133.17
1706.00	39629.95
1707.00	39590.16
1708.00	39412.28
1709.00	39646.33
1710.00	39819.53
1711.00	39508.24
1712.00	39690.80
1713.00	40034.86
1714.00	39611.23
1715.00	39676.76
1716.00	39618.25
1717.00	39096.31
1718.00	38857.57
1719.00	39777.40
1720.00	39276.53
1721.00	39381.85
1722.00	39253.12
1723.00	39171.21
1724.00	38660.97
1725.00	38951.20
1726.00	38565.01
1727.00	38604.80
1728.00	38909.07
1729.00	38614.16
1730.00	38623.52
1731.00	38799.06
1732.00	38930.13
1733.00	38464.36
1734.00	38459.68
1735.00	38490.11
1736.00	38616.50
1737.00	37930.72
1738.00	37956.47
1739.00	37574.96
1740.00	37734.12
1741.00	37750.50
1742.00	38160.09
1743.00	38197.54
1744.00	38012.64
1745.00	38071.15
1746.00	38321.59
1747.00	38291.16
1748.00	37961.15
1749.00	38057.11
1750.00	37670.92
1751.00	37404.10
1752.00	37972.85
1753.00	37060.04
1754.00	37214.52
1755.00	37053.02
1756.00	37315.16
1757.00	37148.98
1758.00	37090.47
1759.00	36884.50
1760.00	36975.78
1761.00	37167.71
1762.00	37579.64
1763.00	37429.85
1764.00	37359.63
1765.00	36596.62
1766.00	37013.23
1767.00	36772.16
1768.00	36657.47
1769.00	36147.23
1770.00	36402.35
1771.00	36669.17
1772.00	36313.41
1773.00	36690.24
1774.00	36189.36
1775.00	36470.23
1776.00	36266.60
1777.00	36268.94
1778.00	35651.04
1779.00	36095.74
1780.00	35803.17
1781.00	36126.17
1782.00	35828.92
1783.00	35445.07
1784.00	35826.58
1785.00	35323.36
1786.00	35339.75
1787.00	35290.60
1788.00	35482.52
1789.00	35215.70
1790.00	35374.86
1791.00	35377.20
1792.00	35110.38
1793.00	35351.45
1794.00	35211.02
1795.00	35620.61
1796.00	35161.87
1797.00	35402.94
1798.00	34939.52
1799.00	35129.10
1800.00	34752.27
1801.00	35005.05
1802.00	34464.39
1803.00	34541.63
1804.00	34225.65
1805.00	34047.77
1806.00	34073.52
1807.00	34160.12
1808.00	34073.52
1809.00	34160.12
1810.00	33930.75
1811.00	34080.54
1812.00	34005.64
1813.00	33928.41
1814.00	33832.44
1815.00	34164.80
1816.00	33724.78
1817.00	33317.53
1818.00	33771.59
1819.00	33741.16
1820.00	33055.39
1821.00	33249.65
1822.00	33294.12
1823.00	32863.46
1824.00	33067.09
1825.00	32992.19
1826.00	32907.93
1827.00	32816.65
1828.00	33237.95
1829.00	32847.08
1830.00	32936.02
1831.00	31913.20
1832.00	32432.80
1833.00	33163.05
1834.00	32414.08
1835.00	32020.87
1836.00	32212.79
1837.00	31744.69
1838.00	31901.50
1839.00	31646.38
1840.00	31761.07
1841.00	31648.72
1842.00	31857.03
1843.00	31674.47
1844.00	31477.86
1845.00	31868.73
1846.00	31171.25
1847.00	31227.43
1848.00	31075.29
1849.00	31161.89
1850.00	31260.20
1851.00	30967.63
1852.00	30583.78
1853.00	30436.33
1854.00	30572.08
1855.00	30164.82
1856.00	30422.28
1857.00	30211.64
1858.00	30373.13
1859.00	30295.89
1860.00	29944.81
1861.00	29935.45
1862.00	30022.05
1863.00	30026.73
1864.00	30150.78
1865.00	30146.10
1866.00	29998.65
1867.00	29130.31
1868.00	29411.17
1869.00	29521.18
1870.00	29357.34
1871.00	29619.48
1872.00	28989.88
1873.00	28900.94
1874.00	28868.17
1875.00	29116.26
1876.00	28912.64
1877.00	28608.37
1878.00	28594.32
1879.00	28245.58
1880.00	28409.42
1881.00	28446.87
1882.00	28804.97
1883.00	28325.16
1884.00	27983.44
1885.00	28203.46
1886.00	28292.40
1887.00	27791.52
1888.00	27915.57
1889.00	27522.36
1890.00	27576.19
1891.00	27339.80
1892.00	27445.12
1893.00	27232.13
1894.00	27028.51
1895.00	27262.56
1896.00	27030.85
1897.00	26930.20
1898.00	26883.39
1899.00	26691.47
1900.00	26803.82
1901.00	26815.52
1902.00	26815.52
1903.00	26993.40
1904.00	26529.97
1905.00	26103.99
1906.00	26029.10
1907.00	25708.44
1908.00	26150.81
1909.00	25390.13
1910.00	25408.86
1911.00	25383.11
1912.00	25425.24
1913.00	25348.00
1914.00	25755.26
1915.00	25460.35
1916.00	25369.07
1917.00	25275.45
1918.00	25607.80
1919.00	25085.86
1920.00	25511.84
1921.00	25209.91
1922.00	24985.22
1923.00	25135.01
1924.00	24751.17
1925.00	24149.65
1926.00	24503.07
1927.00	24400.08
1928.00	23697.92
1929.00	24215.18
1930.00	24130.92
1931.00	24135.60
1932.00	23875.80
1933.00	23885.17
1934.00	24393.06
1935.00	23878.15
1936.00	24264.33
1937.00	24063.05
1938.00	23653.45
1939.00	23810.27
1940.00	23910.91
1941.00	23592.60
1942.00	23491.96
1943.00	23276.63
1944.00	23161.94
1945.00	22890.44
1946.00	22932.57
1947.00	22672.77
1948.00	22448.08
1949.00	22342.75
1950.00	22562.76
1951.00	22544.04
1952.00	22469.14
1953.00	22312.33
1954.00	22476.16
1955.00	22150.83
1956.00	22384.88
1957.00	22253.81
1958.00	22157.85
1959.00	22071.25
1960.00	21825.50
1961.00	21891.03
1962.00	21596.12
1963.00	21748.26
1964.00	21682.72
1965.00	21429.94
1966.00	21322.28
1967.00	20884.60
1968.00	20980.56
1969.00	20936.09
1970.00	20823.75
1971.00	20950.14
1972.00	20781.62
1973.00	21018.01
1974.00	20669.27
1975.00	20872.90
1976.00	20577.99
1977.00	20458.62
1978.00	20360.32
1979.00	20379.04
1980.00	20327.55
1981.00	19943.70
1982.00	19939.02
1983.00	19676.88
1984.00	19887.53
1985.00	19716.67
1986.00	19552.84
1987.00	19424.11
1988.00	19690.93
1989.00	19648.80
1990.00	19571.56
1991.00	19405.38
1992.00	19227.50
1993.00	19110.47
1994.00	19019.19
1995.00	18944.30
1996.00	19176.01
1997.00	19185.37
1998.00	19028.56
1999.00	18897.49
2000.00	18527.68
2001.00	18408.31
2002.00	18656.41
2003.00	18443.42
2004.00	18087.66
2005.00	17996.38
2006.00	18115.75
2007.00	17954.25
2008.00	17837.22
2009.00	17851.27
2010.00	17708.49
2011.00	17919.14
2012.00	17762.33
2013.00	17893.40
2014.00	18099.36
2015.00	17345.71
2016.00	17657.00
2017.00	17554.02
2018.00	17359.75
2019.00	17717.86
2020.00	17088.25
2021.00	16952.50
2022.00	17081.23
2023.00	16753.55
2024.00	16788.66
2025.00	16767.60
2026.00	16629.51
2027.00	16299.49
2028.00	16730.15
2029.00	16453.97
2030.00	16428.22
2031.00	16594.40
2032.00	16369.71
2033.00	16500.78
2034.00	16379.07
2035.00	16489.07
2036.00	16123.95
2037.00	16512.48
2038.00	15672.23
2039.00	15971.82
2040.00	15974.16
2041.00	15536.48
2042.00	15733.08
2043.00	15602.01
2044.00	15309.44
2045.00	15335.19
2046.00	15447.54
2047.00	15421.79
