0.00	1022.81
1.00	1022.81
2.00	1022.81
3.00	947.92
4.00	966.64
5.00	940.90
6.00	898.77
7.00	952.60
8.00	917.49
9.00	976.00
10.00	894.08
11.00	938.55
12.00	954.94
13.00	952.60
14.00	976.00
15.00	894.08
16.00	931.53
17.00	968.98
18.00	990.05
19.00	959.62
20.00	929.19
21.00	968.98
22.00	1001.75
23.00	992.39
24.00	1102.39
25.00	1383.26
26.00	1392.62
27.00	1519.01
28.00	1434.75
29.00	1376.24
30.00	1441.77
31.00	1437.09
32.00	1533.05
33.00	1575.18
34.00	1568.16
35.00	1467.52
36.00	1465.18
37.00	1572.84
38.00	1526.03
39.00	1509.65
40.00	1497.94
41.00	1563.48
42.00	1540.07
43.00	1568.16
44.00	1535.39
45.00	1678.16
46.00	1526.03
47.00	1523.69
48.00	1645.40
49.00	1610.29
50.00	1596.25
51.00	1673.48
52.00	1638.38
53.00	1703.91
54.00	1708.59
55.00	1671.14
56.00	1610.29
57.00	1687.53
58.00	1685.19
59.00	1741.36
60.00	1682.85
61.00	1673.48
62.00	1631.35
63.00	1673.48
64.00	1666.46
65.00	1743.70
66.00	1710.93
67.00	1792.85
68.00	1790.51
69.00	1659.44
70.00	1799.87
71.00	1764.76
72.00	1792.85
73.00	1760.08
74.00	1811.57
75.00	1825.62
76.00	1778.81
77.00	1792.85
78.00	1790.51
79.00	1804.55
80.00	1792.85
81.00	1769.44
82.00	1823.28
83.00	1842.00
84.00	1905.20
85.00	1865.41
86.00	1778.81
87.00	1895.83
88.00	1914.56
89.00	1952.01
90.00	1834.98
91.00	1930.94
92.00	1961.37
93.00	1865.41
94.00	1989.46
95.00	1959.03
96.00	1830.30
97.00	1909.88
98.00	1966.05
99.00	1970.73
100.00	2010.52
101.00	1944.99
102.00	1888.81
103.00	2029.24
104.00	1996.48
105.00	2029.24
106.00	1968.39
107.00	2045.63
108.00	2001.16
109.00	1959.03
110.00	1944.99
111.00	2026.90
112.00	1991.80
113.00	2047.97
114.00	2036.27
115.00	2106.48
116.00	2122.87
117.00	2167.34
118.00	2094.78
119.00	2115.84
120.00	2139.25
121.00	2143.93
122.00	2099.46
123.00	2120.53
124.00	2113.50
125.00	2136.91
126.00	2122.87
127.00	2239.89
128.00	2232.87
129.00	2083.08
130.00	2165.00
131.00	2279.68
132.00	2139.25
133.00	2209.47
134.00	2249.25
135.00	2169.68
136.00	2218.83
137.00	2202.44
138.00	2176.70
139.00	2270.32
140.00	2211.81
141.00	2239.89
142.00	2310.11
143.00	2401.39
144.00	2352.24
145.00	2275.00
146.00	2349.90
147.00	2328.83
148.00	2356.92
149.00	2377.98
150.00	2321.81
151.00	2455.22
152.00	2471.61
153.00	2516.08
154.00	2443.52
155.00	2483.31
156.00	2459.90
157.00	2541.82
158.00	2448.20
159.00	2502.03
160.00	2450.54
161.00	2509.05
162.00	2518.42
163.00	2518.42
164.00	2504.37
165.00	2623.74
166.00	2609.70
167.00	2586.29
168.00	2572.25
169.00	2602.68
170.00	2633.10
171.00	2642.46
172.00	2708.00
173.00	2677.57
174.00	2717.36
175.00	2754.81
176.00	2668.21
177.00	2693.96
178.00	2626.08
179.00	2759.49
180.00	2792.26
181.00	2841.41
182.00	2782.90
183.00	2815.66
184.00	2810.98
185.00	2888.22
186.00	2808.64
187.00	2881.20
188.00	2930.35
189.00	2846.09
190.00	2836.73
191.00	2935.03
192.00	2974.82
193.00	2864.82
194.00	2995.89
195.00	3016.95
196.00	3030.99
197.00	3007.59
198.00	3021.63
199.00	3047.38
200.00	3136.32
201.00	3000.57
202.00	3033.33
203.00	3066.10
204.00	3166.74
205.00	3105.89
206.00	3197.17
207.00	3206.53
208.00	3225.26
209.00	3197.17
210.00	3281.43
211.00	3283.77
212.00	3227.60
213.00	3178.45
214.00	3241.64
215.00	3363.35
216.00	3304.84
217.00	3321.22
218.00	3353.99
219.00	3438.25
220.00	3440.59
221.00	3461.65
222.00	3372.71
223.00	3555.27
224.00	3463.99
225.00	3574.00
226.00	3520.17
227.00	3494.42
228.00	3637.19
229.00	3648.90
230.00	3590.38
231.00	3620.81
232.00	3674.64
233.00	3576.34
234.00	3737.84
235.00	3588.04
236.00	3791.67
237.00	3786.99
238.00	3798.69
239.00	3911.04
240.00	3840.82
241.00	3859.54
242.00	3866.56
243.00	3852.52
244.00	3974.23
245.00	4018.70
246.00	4035.08
247.00	3939.12
248.00	4154.45
249.00	4255.09
250.00	4205.94
251.00	4332.33
252.00	4168.49
253.00	4250.41
254.00	4266.80
255.00	4346.37
256.00	4329.99
257.00	4414.25
258.00	4351.06
259.00	4432.97
260.00	4540.64
261.00	4596.81
262.00	4486.81
263.00	4592.13
264.00	4386.16
265.00	4578.09
266.00	4606.17
267.00	4559.36
268.00	4786.40
269.00	4535.96
270.00	4648.30
271.00	4746.61
272.00	4887.04
273.00	4926.83
274.00	4821.50
275.00	4798.10
276.00	4791.08
277.00	4882.36
278.00	4868.31
279.00	4868.31
280.00	4908.10
281.00	5111.73
282.00	5041.51
283.00	4945.55
284.00	4924.49
285.00	5025.13
286.00	5121.09
287.00	4957.25
288.00	4933.85
289.00	5062.58
290.00	5205.35
291.00	5139.82
292.00	5085.98
293.00	5193.65
294.00	5146.84
295.00	5334.08
296.00	5439.40
297.00	5310.68
298.00	5324.72
299.00	5376.21
300.00	5259.18
301.00	5212.37
302.00	5074.28
303.00	5107.05
304.00	5266.21
305.00	5483.88
306.00	5397.28
307.00	5345.78
308.00	5238.12
309.00	5441.75
310.00	5280.25
311.00	5301.31
312.00	5289.61
313.00	5495.58
314.00	5352.81
315.00	5268.55
316.00	5324.72
317.00	5350.46
318.00	5411.32
319.00	5467.49
320.00	5345.78
321.00	5446.43
322.00	5511.96
323.00	5483.88
324.00	5479.19
325.00	5504.94
326.00	5570.48
327.00	5785.80
328.00	5820.91
329.00	5493.24
330.00	5624.31
331.00	5727.29
332.00	5570.48
333.00	5652.39
334.00	5790.49
335.00	5799.85
336.00	5844.32
337.00	5867.72
338.00	5853.68
339.00	5849.00
340.00	5881.77
341.00	6029.22
342.00	6106.46
343.00	5982.41
344.00	5961.34
345.00	6104.12
346.00	5982.41
347.00	6118.16
348.00	6209.44
349.00	6188.38
350.00	6104.12
351.00	6083.05
352.00	6272.64
353.00	6106.46
354.00	6195.40
355.00	6272.64
356.00	6150.93
357.00	6190.72
358.00	6473.92
359.00	6258.59
360.00	6434.13
361.00	6457.54
362.00	6532.44
363.00	6375.62
364.00	6527.75
365.00	6450.52
366.00	6506.69
367.00	6396.68
368.00	6525.41
369.00	6834.36
370.00	6621.38
371.00	6588.61
372.00	6541.80
373.00	6633.08
374.00	6705.63
375.00	6745.42
376.00	6710.32
377.00	6850.75
378.00	6796.92
379.00	6836.70
380.00	6967.77
381.00	6850.75
382.00	7007.56
383.00	7267.36
384.00	7227.57
385.00	7246.30
386.00	7119.91
387.00	7236.94
388.00	7323.54
389.00	7243.96
390.00	7325.88
391.00	7522.48
392.00	7421.84
393.00	7461.63
394.00	7508.44
395.00	7494.40
396.00	7758.88
397.00	7585.68
398.00	7665.25
399.00	7719.09
400.00	7693.34
401.00	7709.72
402.00	7770.58
403.00	7988.25
404.00	7744.83
405.00	7829.09
406.00	7908.67
407.00	8088.89
408.00	7798.66
409.00	7623.12
410.00	7920.37
411.00	8156.77
412.00	8156.77
413.00	8116.98
414.00	8051.44
415.00	7915.69
416.00	8006.97
417.00	7983.57
418.00	8182.51
419.00	8065.49
420.00	7990.59
421.00	8025.70
422.00	7985.91
423.00	8166.13
424.00	7964.84
425.00	8236.35
426.00	8191.88
427.00	8138.04
428.00	8077.19
429.00	7983.57
430.00	8376.78
431.00	8201.24
432.00	8119.32
433.00	8269.11
434.00	8168.47
435.00	8283.16
436.00	8322.94
437.00	8035.06
438.00	8477.42
439.00	8533.59
440.00	8475.08
441.00	8496.14
442.00	8510.19
443.00	8538.27
444.00	8655.30
445.00	8568.70
446.00	8444.65
447.00	8643.60
448.00	8552.32
449.00	8528.91
450.00	8540.61
451.00	8755.94
452.00	8601.47
453.00	8692.75
454.00	8746.58
455.00	8650.62
456.00	8678.71
457.00	8908.08
458.00	8910.42
459.00	8882.33
460.00	8781.69
461.00	9039.15
462.00	8730.20
463.00	8887.01
464.00	8762.97
465.00	8931.48
466.00	9092.98
467.00	8985.32
468.00	9172.56
469.00	9142.13
470.00	9371.50
471.00	9142.13
472.00	9064.89
473.00	9263.84
474.00	9451.08
475.00	9373.85
476.00	9301.29
477.00	9474.49
478.00	9540.02
479.00	9476.83
480.00	9584.49
481.00	9547.05
482.00	9647.69
483.00	9846.63
484.00	9755.35
485.00	9743.65
486.00	9724.93
487.00	9958.98
488.00	9799.82
489.00	9844.29
490.00	9753.01
491.00	9898.13
492.00	9858.34
493.00	9891.10
494.00	9902.81
495.00	9916.85
496.00	10068.98
497.00	10094.73
498.00	10080.69
499.00	10153.24
500.00	10221.12
501.00	10298.36
502.00	10090.05
503.00	10265.59
504.00	10293.68
505.00	10487.94
506.00	10448.15
507.00	10361.55
508.00	10628.37
509.00	10466.88
510.00	10686.89
511.00	10420.06
512.00	10621.35
513.00	10537.09
514.00	10511.35
515.00	10298.36
516.00	10614.33
517.00	10637.73
518.00	10586.24
519.00	10778.17
520.00	10572.20
521.00	10822.64
522.00	10668.16
523.00	10581.56
524.00	10693.91
525.00	10841.36
526.00	11016.90
527.00	10775.83
528.00	10843.70
529.00	10843.70
530.00	10899.87
531.00	11082.44
532.00	10787.53
533.00	11056.69
534.00	10899.87
535.00	11059.03
536.00	10991.16
537.00	10953.71
538.00	11204.14
539.00	11213.51
540.00	10918.60
541.00	11066.05
542.00	11304.79
543.00	11274.36
544.00	11002.86
545.00	11339.90
546.00	11506.07
547.00	11403.09
548.00	11477.99
549.00	11513.10
550.00	11461.60
551.00	11559.91
552.00	11548.20
553.00	11927.37
554.00	11669.91
555.00	11857.15
556.00	11866.52
557.00	11700.34
558.00	11805.66
559.00	11932.05
560.00	11829.07
561.00	12030.35
562.00	12416.54
563.00	12049.08
564.00	12145.04
565.00	12140.36
566.00	12173.13
567.00	12732.51
568.00	12554.63
569.00	12421.22
570.00	12255.04
571.00	12376.75
572.00	12830.82
573.00	12463.35
574.00	12606.13
575.00	12664.64
576.00	13130.41
577.00	13071.89
578.00	12994.65
579.00	13233.39
580.00	12821.45
581.00	13261.48
582.00	13130.41
583.00	13680.43
584.00	13188.92
585.00	13612.56
586.00	13736.60
587.00	14019.81
588.00	13792.78
589.00	13598.51
590.00	14019.81
591.00	13926.19
592.00	14068.96
593.00	14148.54
594.00	14628.35
595.00	14389.61
596.00	14527.71
597.00	14789.85
598.00	14551.11
599.00	14979.43
600.00	14913.89
601.00	15206.46
602.00	15215.82
603.00	15440.51
604.00	15227.53
605.00	15396.04
606.00	15817.34
607.00	15590.31
608.00	15899.26
609.00	15730.74
610.00	16107.57
611.00	15857.13
612.00	16189.49
613.00	16236.30
614.00	16468.01
615.00	16624.83
616.00	16599.08
617.00	16788.66
618.00	16922.07
619.00	17020.38
620.00	16940.80
621.00	17149.11
622.00	17642.96
623.00	17685.09
624.00	17549.34
625.00	17568.06
626.00	17692.11
627.00	17762.33
628.00	17619.55
629.00	18235.11
630.00	18377.89
631.00	18871.74
632.00	18314.69
633.00	18518.32
634.00	19232.18
635.00	19459.21
636.00	18888.12
637.00	19419.42
638.00	19639.44
639.00	19590.28
640.00	19466.24
641.00	19920.30
642.00	19953.07
643.00	20449.26
644.00	20018.60
645.00	20245.63
646.00	20599.05
647.00	20872.90
648.00	20968.86
649.00	20917.37
650.00	21247.38
651.00	21502.50
652.00	21528.25
653.00	21776.34
654.00	21951.88
655.00	21919.12
656.00	21853.58
657.00	22389.56
658.00	22043.17
659.00	22326.37
660.00	22860.01
661.00	22778.09
662.00	22682.13
663.00	23091.73
664.00	23360.89
665.00	23241.52
666.00	23255.56
667.00	23693.24
668.00	23531.75
669.00	23356.21
670.00	24006.87
671.00	24119.22
672.00	24390.72
673.00	24620.10
674.00	24739.46
675.00	24587.33
676.00	25142.03
677.00	24821.38
678.00	25081.18
679.00	25308.21
680.00	25631.21
681.00	25233.32
682.00	25504.82
683.00	25675.68
684.00	25921.43
685.00	26092.29
686.00	26214.00
687.00	26499.55
688.00	26611.89
689.00	26574.44
690.00	26279.54
691.00	27140.85
692.00	26895.10
693.00	26916.16
694.00	27197.02
695.00	27398.31
696.00	27304.69
697.00	27550.45
698.00	27402.99
699.00	27910.89
700.00	28313.46
701.00	28346.23
702.00	28526.45
703.00	28140.26
704.00	28299.42
705.00	28559.22
706.00	28233.88
707.00	29137.33
708.00	29179.46
709.00	29256.70
710.00	29481.39
711.00	29055.41
712.00	29589.05
713.00	29720.12
714.00	29268.40
715.00	29663.95
716.00	29883.96
717.00	29982.26
718.00	30118.01
719.00	30176.53
720.00	29898.00
721.00	30143.76
722.00	30015.03
723.00	30363.77
724.00	30941.88
725.00	31075.29
726.00	30850.60
727.00	30831.88
728.00	30749.96
729.00	31049.55
730.00	31189.98
731.00	31475.52
732.00	31461.48
733.00	31304.67
734.00	31292.96
735.00	31431.05
736.00	31583.19
737.00	31463.82
738.00	31786.82
739.00	32301.73
740.00	32182.37
741.00	32168.32
742.00	32163.64
743.00	31758.73
744.00	32451.53
745.00	32620.05
746.00	32744.09
747.00	32706.65
748.00	33202.84
749.00	32776.86
750.00	32769.84
751.00	32692.60
752.00	32627.07
753.00	33301.14
754.00	33233.27
755.00	33530.51
756.00	33638.18
757.00	33647.54
758.00	33668.61
759.00	33603.07
760.00	33530.51
761.00	33811.38
762.00	33996.28
763.00	33780.95
764.00	34050.11
765.00	34043.09
766.00	33912.02
767.00	34408.22
768.00	34677.38
769.00	34574.39
770.00	34721.85
771.00	35019.10
772.00	34920.79
773.00	34955.90
774.00	35426.35
775.00	35440.39
776.00	34909.09
777.00	35438.05
778.00	35849.99
779.00	35782.11
780.00	35835.94
781.00	35807.86
782.00	35419.33
783.00	35835.94
784.00	35826.58
785.00	36395.33
786.00	35887.43
787.00	36259.58
788.00	36594.28
789.00	36177.66
790.00	36580.23
791.00	36505.34
792.00	36687.90
793.00	37067.06
794.00	37181.75
795.00	36795.56
796.00	36397.67
797.00	37031.96
798.00	36758.11
799.00	37296.44
800.00	37621.77
801.00	37867.53
802.00	37390.06
803.00	37764.54
804.00	37312.82
805.00	37205.16
806.00	37598.37
807.00	37703.69
808.00	37811.35
809.00	37912.00
810.00	38157.75
811.00	37993.92
812.00	38319.25
813.00	37860.51
814.00	37935.40
815.00	38249.03
816.00	38862.26
817.00	38560.33
818.00	39091.63
819.00	38508.83
820.00	38354.36
821.00	38766.29
822.00	38579.05
823.00	38789.70
824.00	38632.88
825.00	38728.84
826.00	39063.54
827.00	38873.96
828.00	39133.76
829.00	39683.78
830.00	39250.78
831.00	39337.38
832.00	39803.15
833.00	39627.61
834.00	39948.26
835.00	39929.54
836.00	39545.69
837.00	40114.44
838.00	40203.38
839.00	39775.06
840.00	39856.98
841.00	39784.43
842.00	40156.57
843.00	40463.18
844.00	40591.91
845.00	40268.92
846.00	40615.32
847.00	40360.20
848.00	40877.46
849.00	41036.61
850.00	41441.53
851.00	40870.43
852.00	41071.72
853.00	40818.94
854.00	40868.09
855.00	40596.59
856.00	40676.17
857.00	41261.30
858.00	41373.65
859.00	41467.27
860.00	41801.97
861.00	41689.62
862.00	41544.51
863.00	41586.64
864.00	41607.70
865.00	41727.07
866.00	42038.36
867.00	41928.36
868.00	42031.34
869.00	41677.92
870.00	42059.43
871.00	41738.77
872.00	41907.29
873.00	41872.18
874.00	42110.92
875.00	42801.38
876.00	42415.19
877.00	42801.38
878.00	42782.65
879.00	42518.17
880.00	42600.09
881.00	42513.49
882.00	42607.11
883.00	42384.76
884.00	42815.42
885.00	42513.49
886.00	42796.70
887.00	42934.79
888.00	42880.95
889.00	42677.33
890.00	43152.46
891.00	42955.85
892.00	43386.51
893.00	43119.69
894.00	42925.42
895.00	43028.41
896.00	43203.95
897.00	43084.58
898.00	43086.92
899.00	43381.83
900.00	43681.42
901.00	43388.85
902.00	43878.02
903.00	43618.22
904.00	43625.25
905.00	43777.38
906.00	43746.95
907.00	43709.50
908.00	44030.16
909.00	43737.59
910.00	43931.86
911.00	44659.76
912.00	44247.83
913.00	44034.84
914.00	43934.20
915.00	44397.62
916.00	44350.81
917.00	44273.57
918.00	44725.30
919.00	44692.53
920.00	44797.85
921.00	44837.64
922.00	44708.91
923.00	44446.77
924.00	44884.45
925.00	44596.57
926.00	44842.32
927.00	44708.91
928.00	45130.21
929.00	44699.55
930.00	45244.90
931.00	45338.52
932.00	44729.98
933.00	45310.43
934.00	45310.43
935.00	45401.71
936.00	45507.04
937.00	45764.49
938.00	45392.35
939.00	45240.21
940.00	45556.19
941.00	45661.51
942.00	45240.21
943.00	45411.07
944.00	45935.35
945.00	45485.97
946.00	45649.81
947.00	45841.73
948.00	45619.38
949.00	46454.95
950.00	46014.93
951.00	45989.19
952.00	45858.12
953.00	45645.13
954.00	45986.85
955.00	46024.29
956.00	45909.61
957.00	45748.11
958.00	45996.21
959.00	46087.49
960.00	46005.57
961.00	45991.53
962.00	46101.53
963.00	46246.65
964.00	46337.93
965.00	46698.37
966.00	46429.21
967.00	46803.69
968.00	46934.76
969.00	46611.77
970.00	46586.02
971.00	47173.50
972.00	47194.56
973.00	47058.81
974.00	47260.10
975.00	47047.11
976.00	47316.27
977.00	46852.84
978.00	47171.16
979.00	46550.91
980.00	46974.55
981.00	47290.52
982.00	47885.02
983.00	47742.25
984.00	47126.69
985.00	47505.85
986.00	47650.97
987.00	46967.53
988.00	46948.81
989.00	47208.61
990.00	47044.77
991.00	47459.04
992.00	47636.92
993.00	47679.05
994.00	47702.46
995.00	47969.28
996.00	47648.63
997.00	47594.79
998.00	47845.23
999.00	47683.73
1000.00	48128.44
1001.00	48069.92
1002.00	47543.30
1003.00	47711.82
1004.00	47826.51
1005.00	47735.23
1006.00	47484.79
1007.00	47636.92
1008.00	47887.36
1009.00	48311.00
1010.00	47999.71
1011.00	48271.21
1012.00	48500.58
1013.00	48458.45
1014.00	47753.95
1015.00	47943.53
1016.00	48041.84
1017.00	47899.06
1018.00	48030.13
1019.00	48605.91
1020.00	48109.71
1021.00	48357.81
1022.00	48552.07
1023.00	48229.08
1024.00	48671.44
1025.00	48334.40
1026.00	48313.34
1027.00	48402.28
1028.00	48638.67
1029.00	48931.24
1030.00	48783.79
1031.00	48942.94
1032.00	49085.72
1033.00	48823.58
1034.00	48650.38
1035.00	48966.35
1036.00	49059.97
1037.00	48751.02
1038.00	48879.75
1039.00	48605.91
1040.00	48582.50
1041.00	49212.10
1042.00	48865.70
1043.00	48795.49
1044.00	48858.68
1045.00	49083.37
1046.00	49160.61
1047.00	49038.90
1048.00	49296.36
1049.00	49420.41
1050.00	49333.81
1051.00	49179.34
1052.00	49523.40
1053.00	49460.20
1054.00	48786.13
1055.00	48453.77
1056.00	49277.64
1057.00	49345.51
1058.00	49537.44
1059.00	49436.80
1060.00	49146.57
1061.00	49406.37
1062.00	49420.41
1063.00	49556.16
1064.00	49125.50
1065.00	49085.72
1066.00	49338.49
1067.00	49338.49
1068.00	49446.16
1069.00	49897.88
1070.00	49205.08
1071.00	49511.69
1072.00	49214.44
1073.00	49127.84
1074.00	49439.14
1075.00	49851.07
1076.00	49336.15
1077.00	49621.70
1078.00	49799.58
1079.00	49827.66
1080.00	49584.25
1081.00	49427.43
1082.00	49701.28
1083.00	49357.22
1084.00	49577.23
1085.00	49574.89
1086.00	49495.31
1087.00	49546.80
1088.00	50258.32
1089.00	49359.56
1090.00	50124.91
1091.00	50157.68
1092.00	49825.32
1093.00	49930.65
1094.00	49724.68
1095.00	49535.10
1096.00	49516.37
1097.00	49991.50
1098.00	49830.01
1099.00	49881.50
1100.00	49897.88
1101.00	50225.56
1102.00	50021.93
1103.00	49977.46
1104.00	49808.94
1105.00	49436.80
1106.00	49705.96
1107.00	49404.03
1108.00	50005.55
1109.00	49947.03
1110.00	50087.46
1111.00	50232.58
1112.00	49799.58
1113.00	50562.59
1114.00	50160.02
1115.00	49565.52
1116.00	50019.59
1117.00	49869.79
1118.00	50071.08
1119.00	49492.97
1120.00	50468.97
1121.00	50136.62
1122.00	50274.71
1123.00	50253.64
1124.00	49872.14
1125.00	50042.99
1126.00	49923.63
1127.00	49591.27
1128.00	50031.29
1129.00	49822.98
1130.00	50426.84
1131.00	50010.23
1132.00	49844.05
1133.00	49844.05
1134.00	50185.77
1135.00	49982.14
1136.00	49902.56
1137.00	50277.05
1138.00	49822.98
1139.00	50045.33
1140.00	50284.07
1141.00	50225.56
1142.00	49977.46
1143.00	50255.98
1144.00	49979.80
1145.00	50066.40
1146.00	50237.26
1147.00	49897.88
1148.00	50223.22
1149.00	50295.77
1150.00	50148.32
1151.00	50202.15
1152.00	50153.00
1153.00	50438.54
1154.00	50174.06
1155.00	50122.57
1156.00	50052.36
1157.00	50080.44
1158.00	50160.02
1159.00	50281.73
1160.00	50141.30
1161.00	50354.29
1162.00	50162.36
1163.00	50183.43
1164.00	50138.96
1165.00	50656.21
1166.00	50108.53
1167.00	50396.42
1168.00	50075.76
1169.00	49633.40
1170.00	50138.96
1171.00	50127.25
1172.00	49837.03
1173.00	49986.82
1174.00	50136.62
1175.00	50220.87
1176.00	50024.27
1177.00	49951.71
1178.00	49804.26
1179.00	49867.45
1180.00	49940.01
1181.00	49689.57
1182.00	49785.54
1183.00	50145.98
1184.00	49776.17
1185.00	50129.59
1186.00	50096.83
1187.00	50143.64
1188.00	50246.62
1189.00	49989.16
1190.00	49792.56
1191.00	50014.91
1192.00	49902.56
1193.00	49621.70
1194.00	49780.85
1195.00	49977.46
1196.00	49979.80
1197.00	50003.20
1198.00	50092.15
1199.00	50138.96
1200.00	49928.31
1201.00	49972.78
1202.00	49729.36
1203.00	49701.28
1204.00	49869.79
1205.00	49694.25
1206.00	50185.77
1207.00	50120.23
1208.00	50117.89
1209.00	50066.40
1210.00	49956.39
1211.00	49968.10
1212.00	49701.28
1213.00	49822.98
1214.00	50010.23
1215.00	49797.24
1216.00	50003.20
1217.00	50178.75
1218.00	50419.82
1219.00	50171.72
1220.00	50073.42
1221.00	49790.22
1222.00	49844.05
1223.00	50078.10
1224.00	49916.61
1225.00	49818.30
1226.00	49815.96
1227.00	49778.51
1228.00	50045.33
1229.00	50129.59
1230.00	50127.25
1231.00	50293.43
1232.00	50464.29
1233.00	49839.37
1234.00	49918.95
1235.00	49734.04
1236.00	49888.52
1237.00	50274.71
1238.00	49902.56
1239.00	50298.11
1240.00	50160.02
1241.00	50387.05
1242.00	50045.33
1243.00	50213.85
1244.00	50319.18
1245.00	50356.63
1246.00	50073.42
1247.00	49996.18
1248.00	50380.03
1249.00	49769.15
1250.00	50075.76
1251.00	50021.93
1252.00	50127.25
1253.00	50546.21
1254.00	50440.89
1255.00	50211.51
1256.00	50174.06
1257.00	50225.56
1258.00	50059.38
1259.00	49979.80
1260.00	49691.91
1261.00	49909.58
1262.00	50347.26
1263.00	50124.91
1264.00	50639.83
1265.00	50454.93
1266.00	50246.62
1267.00	50443.23
1268.00	49954.05
1269.00	50412.80
1270.00	50440.89
1271.00	49654.47
1272.00	50188.11
1273.00	50380.03
1274.00	50082.78
1275.00	50466.63
1276.00	50349.60
1277.00	50176.40
1278.00	50576.64
1279.00	50323.86
1280.00	50251.30
1281.00	50330.88
1282.00	50143.64
1283.00	50258.32
1284.00	50227.90
1285.00	50068.74
1286.00	50206.83
1287.00	50288.75
1288.00	50688.98
1289.00	50326.20
1290.00	50284.07
1291.00	50073.42
1292.00	49476.58
1293.00	50253.64
1294.00	50284.07
1295.00	50040.65
1296.00	49961.08
1297.00	50293.43
1298.00	50012.57
1299.00	50295.77
1300.00	50300.45
1301.00	50227.90
1302.00	50480.67
1303.00	50122.57
1304.00	50323.86
1305.00	49825.32
1306.00	50057.04
1307.00	49876.82
1308.00	50141.30
1309.00	49972.78
1310.00	50314.50
1311.00	50195.13
1312.00	50117.89
1313.00	50808.35
1314.00	50211.51
1315.00	50267.69
1316.00	50433.86
1317.00	50445.57
1318.00	50110.87
1319.00	49977.46
1320.00	50026.61
1321.00	50330.88
1322.00	50089.80
1323.00	50272.37
1324.00	50511.10
1325.00	50681.96
1326.00	50595.36
1327.00	50045.33
1328.00	49979.80
1329.00	49731.70
1330.00	50176.40
1331.00	50178.75
1332.00	50344.92
1333.00	50080.44
1334.00	50171.72
1335.00	50508.76
1336.00	49876.82
1337.00	50319.18
1338.00	50326.20
1339.00	49867.45
1340.00	50014.91
1341.00	49811.28
1342.00	50045.33
1343.00	49666.17
1344.00	50035.97
1345.00	49972.78
1346.00	49584.25
1347.00	50277.05
1348.00	50333.22
1349.00	49949.37
1350.00	50061.72
1351.00	49916.61
1352.00	50071.08
1353.00	49551.48
1354.00	49600.63
1355.00	49717.66
1356.00	50131.93
1357.00	49708.30
1358.00	50007.89
1359.00	49869.79
1360.00	49626.38
1361.00	49996.18
1362.00	50066.40
1363.00	49860.43
1364.00	49886.18
1365.00	49209.76
1366.00	49652.12
1367.00	49214.44
1368.00	49097.42
1369.00	49340.83
1370.00	49418.07
1371.00	49780.85
1372.00	49813.62
1373.00	49715.32
1374.00	49862.77
1375.00	49773.83
1376.00	49411.05
1377.00	49553.82
1378.00	49453.18
1379.00	49221.47
1380.00	49064.65
1381.00	49029.54
1382.00	49326.79
1383.00	49350.20
1384.00	49436.80
1385.00	49244.87
1386.00	49275.30
1387.00	49308.07
1388.00	49378.28
1389.00	49401.69
1390.00	49329.13
1391.00	48736.98
1392.00	49240.19
1393.00	49010.82
1394.00	48830.60
1395.00	49139.55
1396.00	48938.26
1397.00	49457.86
1398.00	49366.58
1399.00	49160.61
1400.00	49813.62
1401.00	49118.48
1402.00	49249.55
1403.00	49254.23
1404.00	48795.49
1405.00	48767.40
1406.00	48648.03
1407.00	48828.26
1408.00	49001.46
1409.00	49130.19
1410.00	48940.60
1411.00	48938.26
1412.00	48671.44
1413.00	48753.36
1414.00	48844.64
1415.00	48882.09
1416.00	48563.78
1417.00	48755.70
1418.00	48832.94
1419.00	48554.41
1420.00	48460.79
1421.00	48699.53
1422.00	48507.60
1423.00	48488.88
1424.00	48421.00
1425.00	48198.65
1426.00	48982.73
1427.00	48591.86
1428.00	48257.17
1429.00	48369.51
1430.00	48273.55
1431.00	48226.74
1432.00	47590.11
1433.00	48226.74
1434.00	47945.87
1435.00	48308.66
1436.00	48072.26
1437.00	48142.48
1438.00	48100.35
1439.00	48046.52
1440.00	48474.84
1441.00	48390.58
1442.00	47880.34
1443.00	47592.45
1444.00	47440.32
1445.00	47295.21
1446.00	47449.68
1447.00	47777.36
1448.00	47423.93
1449.00	47632.24
1450.00	47999.71
1451.00	47927.15
1452.00	48034.81
1453.00	47852.25
1454.00	48032.47
1455.00	47569.05
1456.00	47723.52
1457.00	47496.49
1458.00	47215.63
1459.00	47423.93
1460.00	47363.08
1461.00	47295.21
1462.00	47232.01
1463.00	47681.39
1464.00	47304.57
1465.00	47667.35
1466.00	47353.72
1467.00	47224.99
1468.00	47416.91
1469.00	47152.43
1470.00	47435.64
1471.00	47035.41
1472.00	46773.27
1473.00	47093.92
1474.00	46838.80
1475.00	47019.02
1476.00	47161.79
1477.00	46775.61
1478.00	46962.85
1479.00	47447.34
1480.00	47365.42
1481.00	46710.07
1482.00	47232.01
1483.00	47063.49
1484.00	46387.08
1485.00	46323.88
1486.00	46590.70
1487.00	45965.78
1488.00	46574.32
1489.00	46827.10
1490.00	46595.38
1491.00	46770.93
1492.00	46852.84
1493.00	46742.84
1494.00	46433.89
1495.00	46426.87
1496.00	46026.63
1497.00	46043.02
1498.00	46108.55
1499.00	46419.84
1500.00	45998.55
1501.00	45914.29
1502.00	46272.39
1503.00	46504.10
1504.00	45904.93
1505.00	46204.52
1506.00	46117.92
1507.00	45825.35
1508.00	46220.90
1509.00	45958.76
1510.00	45617.04
1511.00	45624.06
1512.00	45675.55
1513.00	45338.52
1514.00	45628.74
1515.00	45961.10
1516.00	45492.99
1517.00	45436.82
1518.00	45471.93
1519.00	45851.09
1520.00	45713.00
1521.00	45701.30
1522.00	45535.12
1523.00	45432.14
1524.00	45485.97
1525.00	45460.23
1526.00	45191.06
1527.00	45378.31
1528.00	45345.54
1529.00	45603.00
1530.00	44896.16
1531.00	45764.49
1532.00	45134.89
1533.00	45408.73
1534.00	45045.95
1535.00	45186.38
1536.00	45151.27
1537.00	45425.12
1538.00	44903.18
1539.00	45099.78
1540.00	44549.76
1541.00	44605.93
1542.00	44762.75
1543.00	44964.03
1544.00	45029.57
1545.00	44947.65
1546.00	44619.97
1547.00	44917.22
1548.00	45085.74
1549.00	45088.08
1550.00	44961.69
1551.00	44765.09
1552.00	44299.32
1553.00	44554.44
1554.00	44362.51
1555.00	44378.90
1556.00	44350.81
1557.00	44603.59
1558.00	43948.24
1559.00	44514.65
1560.00	44325.07
1561.00	44741.68
1562.00	44332.09
1563.00	44734.66
1564.00	44603.59
1565.00	43917.81
1566.00	44196.34
1567.00	43959.94
1568.00	44285.28
1569.00	44177.61
1570.00	43529.28
1571.00	43920.15
1572.00	44058.24
1573.00	43803.13
1574.00	44296.98
1575.00	43636.95
1576.00	44130.80
1577.00	44079.31
1578.00	43714.19
1579.00	43927.17
1580.00	43622.90
1581.00	43349.06
1582.00	43519.92
1583.00	43800.79
1584.00	43271.82
1585.00	43583.12
1586.00	43723.55
1587.00	43299.91
1588.00	42958.19
1589.00	43849.94
1590.00	43548.01
1591.00	43370.13
1592.00	43318.64
1593.00	43452.05
1594.00	43079.90
1595.00	43634.61
1596.00	43222.67
1597.00	43435.66
1598.00	43054.15
1599.00	42937.13
1600.00	42810.74
1601.00	42967.55
1602.00	42761.59
1603.00	42700.73
1604.00	42803.72
1605.00	43131.39
1606.00	42499.45
1607.00	42939.47
1608.00	42815.42
1609.00	42403.49
1610.00	42686.69
1611.00	42270.08
1612.00	42494.77
1613.00	42120.28
1614.00	42665.63
1615.00	42380.08
1616.00	42721.80
1617.00	42410.51
1618.00	42749.88
1619.00	42733.50
1620.00	42527.53
1621.00	42572.00
1622.00	43007.34
1623.00	42848.19
1624.00	42171.77
1625.00	42483.06
1626.00	42148.37
1627.00	41956.44
1628.00	42122.62
1629.00	42192.84
1630.00	42351.99
1631.00	42211.56
1632.00	42258.37
1633.00	41930.70
1634.00	42120.28
1635.00	41827.71
1636.00	42274.76
1637.00	42160.07
1638.00	42377.74
1639.00	41607.70
1640.00	42202.20
1641.00	41790.27
1642.00	41567.91
1643.00	41691.96
1644.00	41558.55
1645.00	41474.29
1646.00	41710.69
1647.00	41860.48
1648.00	41640.47
1649.00	42249.01
1650.00	41464.93
1651.00	41951.76
1652.00	41628.77
1653.00	41902.61
1654.00	42003.25
1655.00	41170.02
1656.00	41228.54
1657.00	41338.54
1658.00	41638.13
1659.00	41261.30
1660.00	40917.25
1661.00	40863.41
1662.00	40769.79
1663.00	41586.64
1664.00	41277.69
1665.00	41289.39
1666.00	41399.40
1667.00	41235.56
1668.00	41062.36
1669.00	41209.81
1670.00	41340.88
1671.00	40720.64
1672.00	41354.93
1673.00	41123.21
1674.00	40840.01
1675.00	40872.78
1676.00	41045.97
1677.00	40402.33
1678.00	40758.09
1679.00	40500.63
1680.00	40416.37
1681.00	40924.27
1682.00	40638.72
1683.00	40996.82
1684.00	40708.94
1685.00	40737.02
1686.00	40802.56
1687.00	40088.70
1688.00	40175.30
1689.00	40374.24
1690.00	40027.84
1691.00	40390.62
1692.00	40416.37
1693.00	40025.50
1694.00	40304.02
1695.00	40715.96
1696.00	40460.84
1697.00	40168.27
1698.00	40552.12
1699.00	40086.36
1700.00	39992.73
1701.00	39533.99
1702.00	40069.97
1703.00	40184.66
1704.00	39735.27
1705.00	39847.62
1706.00	39576.12
1707.00	39686.12
1708.00	39761.02
1709.00	39311.64
1710.00	39498.88
1711.00	39431.01
1712.00	39477.82
1713.00	39959.97
1714.00	39470.79
1715.00	39845.28
1716.00	39475.48
1717.00	39374.83
1718.00	39248.44
1719.00	39016.73
1720.00	39033.11
1721.00	39154.82
1722.00	38852.89
1723.00	38253.72
1724.00	38770.97
1725.00	38447.98
1726.00	38473.73
1727.00	38932.47
1728.00	38691.40
1729.00	38665.65
1730.00	38480.75
1731.00	38216.27
1732.00	39215.68
1733.00	38368.40
1734.00	38499.47
1735.00	38618.84
1736.00	38190.52
1737.00	37848.80
1738.00	37998.60
1739.00	37825.40
1740.00	38330.95
1741.00	37853.48
1742.00	38220.95
1743.00	38155.41
1744.00	37930.72
1745.00	37869.87
1746.00	37617.09
1747.00	37970.51
1748.00	37596.03
1749.00	37897.95
1750.00	37514.11
1751.00	37537.51
1752.00	37699.01
1753.00	36788.54
1754.00	37209.84
1755.00	36912.59
1756.00	37181.75
1757.00	37139.62
1758.00	37434.53
1759.00	36739.39
1760.00	37294.10
1761.00	37338.57
1762.00	37034.30
1763.00	36811.95
1764.00	36755.77
1765.00	37109.19
1766.00	36409.37
1767.00	36800.24
1768.00	36545.12
1769.00	36634.06
1770.00	36311.07
1771.00	36500.65
1772.00	35974.03
1773.00	36481.93
1774.00	36268.94
1775.00	36308.73
1776.00	36245.54
1777.00	36194.04
1778.00	35601.89
1779.00	36137.87
1780.00	36297.03
1781.00	35711.89
1782.00	35852.33
1783.00	35777.43
1784.00	35517.63
1785.00	35580.82
1786.00	35524.65
1787.00	35306.98
1788.00	35302.30
1789.00	35466.14
1790.00	35735.30
1791.00	35040.16
1792.00	35283.58
1793.00	35119.74
1794.00	35086.97
1795.00	35129.10
1796.00	35239.11
1797.00	35213.36
1798.00	35093.99
1799.00	35204.00
1800.00	34871.64
1801.00	34501.84
1802.00	34665.67
1803.00	34246.72
1804.00	33975.22
1805.00	34092.24
1806.00	34288.85
1807.00	34242.04
1808.00	34616.52
1809.00	34216.29
1810.00	34153.10
1811.00	34054.79
1812.00	34096.92
1813.00	34169.48
1814.00	34007.98
1815.00	33692.01
1816.00	33900.32
1817.00	33556.26
1818.00	33553.92
1819.00	33376.04
1820.00	33015.60
1821.00	33233.27
1822.00	33160.71
1823.00	33088.15
1824.00	33193.48
1825.00	32830.69
1826.00	33268.37
1827.00	32938.36
1828.00	32893.89
1829.00	32835.38
1830.00	32996.87
1831.00	31782.13
1832.00	32617.71
1833.00	32694.94
1834.00	32334.50
1835.00	32797.93
1836.00	32503.02
1837.00	31754.05
1838.00	32051.30
1839.00	31952.99
1840.00	31454.46
1841.00	31405.31
1842.00	31852.35
1843.00	31498.93
1844.00	31253.17
1845.00	31246.15
1846.00	30855.28
1847.00	30909.11
1848.00	31072.95
1849.00	30756.98
1850.00	31103.38
1851.00	30658.68
1852.00	30948.90
1853.00	30614.21
1854.00	30768.68
1855.00	30415.26
1856.00	30075.88
1857.00	29715.44
1858.00	30197.59
1859.00	29858.21
1860.00	29816.08
1861.00	30394.20
1862.00	29771.61
1863.00	29961.20
1864.00	30305.26
1865.00	29972.90
1866.00	29806.72
1867.00	29191.16
1868.00	29500.11
1869.00	29383.09
1870.00	29453.30
1871.00	29146.69
1872.00	29064.77
1873.00	29137.33
1874.00	28968.81
1875.00	28926.68
1876.00	28538.15
1877.00	28519.43
1878.00	28636.45
1879.00	28086.43
1880.00	28484.32
1881.00	28453.89
1882.00	28357.93
1883.00	28559.22
1884.00	28191.75
1885.00	28268.99
1886.00	28084.09
1887.00	28039.62
1888.00	27859.40
1889.00	27615.98
1890.00	27072.98
1891.00	27290.65
1892.00	27309.37
1893.00	27122.13
1894.00	27346.82
1895.00	27101.06
1896.00	27115.11
1897.00	26806.16
1898.00	27175.96
1899.00	27019.14
1900.00	27007.44
1901.00	26838.92
1902.00	26761.69
1903.00	26824.88
1904.00	26572.10
1905.00	26490.18
1906.00	26099.31
1907.00	25909.73
1908.00	25867.60
1909.00	25458.01
1910.00	25544.61
1911.00	25443.96
1912.00	25717.81
1913.00	25549.29
1914.00	25715.47
1915.00	25958.88
1916.00	25720.15
1917.00	25275.45
1918.00	25263.74
1919.00	25076.50
1920.00	25181.82
1921.00	25165.44
1922.00	25256.72
1923.00	25151.40
1924.00	24938.41
1925.00	24332.21
1926.00	24329.87
1927.00	24325.19
1928.00	24156.67
1929.00	24198.80
1930.00	24240.93
1931.00	24306.46
1932.00	24044.32
1933.00	24348.59
1934.00	24266.67
1935.00	24264.33
1936.00	24072.41
1937.00	23414.72
1938.00	23651.11
1939.00	24053.69
1940.00	23707.29
1941.00	23480.25
1942.00	23728.35
1943.00	22834.27
1944.00	23030.87
1945.00	22993.42
1946.00	22684.47
1947.00	22359.14
1948.00	22185.94
1949.00	22504.25
1950.00	22300.62
1951.00	22408.29
1952.00	22569.79
1953.00	22424.67
1954.00	22349.78
1955.00	22225.73
1956.00	22251.47
1957.00	22127.42
1958.00	21869.97
1959.00	21926.14
1960.00	21771.66
1961.00	21507.18
1962.00	21809.11
1963.00	21467.39
1964.00	21333.98
1965.00	21575.06
1966.00	21198.23
1967.00	21055.46
1968.00	21097.59
1969.00	21062.48
1970.00	20973.54
1971.00	20856.51
1972.00	20627.14
1973.00	20926.73
1974.00	20908.01
1975.00	21111.63
1976.00	20496.07
1977.00	20776.94
1978.00	20664.59
1979.00	20477.35
1980.00	20610.76
1981.00	20336.91
1982.00	19878.17
1983.00	20072.43
1984.00	19805.61
1985.00	19590.28
1986.00	19489.64
1987.00	19552.84
1988.00	19381.98
1989.00	19433.47
1990.00	19215.80
1991.00	19311.76
1992.00	19281.33
1993.00	19353.89
1994.00	19211.12
1995.00	19295.38
1996.00	19496.66
1997.00	19040.26
1998.00	18841.31
1999.00	19009.83
2000.00	18862.38
2001.00	18717.26
2002.00	18324.05
2003.00	18345.12
2004.00	18310.01
2005.00	17916.80
2006.00	18345.12
2007.00	18141.49
2008.00	18038.51
2009.00	18068.94
2010.00	17598.49
2011.00	18099.36
2012.00	17823.18
2013.00	17755.30
2014.00	17865.31
2015.00	17640.62
2016.00	17802.11
2017.00	17542.32
2018.00	17390.18
2019.00	17121.02
2020.00	17359.75
2021.00	17200.60
2022.00	17193.58
2023.00	16739.51
2024.00	16805.05
2025.00	16657.59
2026.00	16690.36
2027.00	16573.33
2028.00	16339.28
2029.00	16388.43
2030.00	16332.26
2031.00	16058.42
2032.00	16369.71
2033.00	16168.42
2034.00	16224.59
2035.00	16372.05
2036.00	16121.61
2037.00	15936.71
2038.00	15896.92
2039.00	15770.53
2040.00	15798.62
2041.00	15922.66
2042.00	15552.86
2043.00	15648.82
2044.00	15264.97
2045.00	15513.07
2046.00	15309.44
2047.00	15255.61
