0.00	1036.86
1.00	1036.86
2.00	1036.86
3.00	983.02
4.00	994.73
5.00	964.30
6.00	1001.75
7.00	903.45
8.00	992.39
9.00	945.58
10.00	964.30
11.00	947.92
12.00	971.32
13.00	968.98
14.00	908.13
15.00	945.58
16.00	978.34
17.00	1006.43
18.00	959.62
19.00	1029.84
20.00	936.21
21.00	1008.77
22.00	1008.77
23.00	1107.07
24.00	1107.07
25.00	1416.02
26.00	1462.83
27.00	1547.09
28.00	1427.73
29.00	1451.13
30.00	1453.47
31.00	1472.20
32.00	1554.12
33.00	1516.67
34.00	1533.05
35.00	1556.46
36.00	1500.28
37.00	1572.84
38.00	1556.46
39.00	1593.90
40.00	1619.65
41.00	1565.82
42.00	1607.95
43.00	1596.25
44.00	1633.69
45.00	1621.99
46.00	1629.01
47.00	1694.55
48.00	1589.22
49.00	1617.31
50.00	1699.23
51.00	1671.14
52.00	1687.53
53.00	1657.10
54.00	1617.31
55.00	1652.42
56.00	1748.38
57.00	1584.54
58.00	1713.27
59.00	1673.48
60.00	1760.08
61.00	1717.95
62.00	1771.79
63.00	1701.57
64.00	1668.80
65.00	1650.08
66.00	1722.63
67.00	1750.72
68.00	1753.06
69.00	1851.36
70.00	1799.87
71.00	1736.68
72.00	1834.98
73.00	1724.97
74.00	1792.85
75.00	1783.49
76.00	1856.04
77.00	1842.00
78.00	1785.83
79.00	1776.47
80.00	1858.39
81.00	1818.60
82.00	1795.19
83.00	1820.94
84.00	1790.51
85.00	1856.04
86.00	1816.26
87.00	1860.73
88.00	1834.98
89.00	1947.33
90.00	1888.81
91.00	1884.13
92.00	1909.88
93.00	1884.13
94.00	1895.83
95.00	1966.05
96.00	1984.77
97.00	1952.01
98.00	2015.20
99.00	1949.67
100.00	2015.20
101.00	2043.29
102.00	1949.67
103.00	1956.69
104.00	2001.16
105.00	2026.90
106.00	1984.77
107.00	2047.97
108.00	2015.20
109.00	2008.18
110.00	1963.71
111.00	2062.01
112.00	2113.50
113.00	2172.02
114.00	2033.93
115.00	1989.46
116.00	2115.84
117.00	2080.74
118.00	2115.84
119.00	2106.48
120.00	2214.15
121.00	2106.48
122.00	2120.53
123.00	2265.64
124.00	2225.85
125.00	2216.49
126.00	2225.85
127.00	2228.19
128.00	2221.17
129.00	2256.28
130.00	2197.76
131.00	2211.81
132.00	2218.83
133.00	2218.83
134.00	2235.21
135.00	2260.96
136.00	2260.96
137.00	2345.22
138.00	2314.79
139.00	2382.67
140.00	2352.24
141.00	2326.49
142.00	2410.75
143.00	2312.45
144.00	2340.54
145.00	2399.05
146.00	2373.30
147.00	2321.81
148.00	2429.48
149.00	2349.90
150.00	2375.64
151.00	2420.11
152.00	2431.82
153.00	2504.37
154.00	2448.20
155.00	2464.58
156.00	2473.95
157.00	2478.63
158.00	2569.91
159.00	2553.52
160.00	2445.86
161.00	2583.95
162.00	2651.83
163.00	2558.21
164.00	2560.55
165.00	2581.61
166.00	2635.44
167.00	2630.76
168.00	2651.83
169.00	2609.70
170.00	2654.17
171.00	2705.66
172.00	2621.40
173.00	2612.04
174.00	2700.98
175.00	2668.21
176.00	2715.02
177.00	2853.11
178.00	2759.49
179.00	2803.96
180.00	2808.64
181.00	2890.56
182.00	2825.03
183.00	2890.56
184.00	2808.64
185.00	2874.18
186.00	2801.62
187.00	2857.79
188.00	2899.92
189.00	2916.31
190.00	2988.86
191.00	2925.67
192.00	2895.24
193.00	2988.86
194.00	2949.08
195.00	3012.27
196.00	3087.17
197.00	3012.27
198.00	3059.08
199.00	3061.42
200.00	3005.25
201.00	3073.12
202.00	3122.27
203.00	3229.94
204.00	3222.92
205.00	3173.77
206.00	3213.56
207.00	3164.40
208.00	3276.75
209.00	3304.84
210.00	3304.84
211.00	3272.07
212.00	3136.32
213.00	3206.53
214.00	3307.18
215.00	3363.35
216.00	3314.20
217.00	3377.39
218.00	3396.12
219.00	3358.67
220.00	3489.74
221.00	3375.05
222.00	3527.19
223.00	3487.40
224.00	3552.93
225.00	3445.27
226.00	3550.59
227.00	3592.72
228.00	3611.45
229.00	3562.30
230.00	3676.98
231.00	3646.55
232.00	3721.45
233.00	3751.88
234.00	3765.92
235.00	3623.15
236.00	3808.05
237.00	3803.37
238.00	3934.44
239.00	3894.65
240.00	3983.59
241.00	4021.04
242.00	3946.14
243.00	3918.06
244.00	3871.25
245.00	4145.09
246.00	4058.49
247.00	4002.32
248.00	4133.39
249.00	4107.64
250.00	4194.24
251.00	4292.54
252.00	4229.35
253.00	4346.37
254.00	4318.29
255.00	4442.34
256.00	4351.06
257.00	4388.50
258.00	4505.53
259.00	4440.00
260.00	4575.75
261.00	4580.43
262.00	4411.91
263.00	4393.19
264.00	4681.07
265.00	4610.86
266.00	4685.75
267.00	4697.46
268.00	4725.54
269.00	4674.05
270.00	4706.82
271.00	4669.37
272.00	4882.36
273.00	4978.32
274.00	4901.08
275.00	4858.95
276.00	4997.04
277.00	4978.32
278.00	4933.85
279.00	4933.85
280.00	5025.13
281.00	5172.58
282.00	4999.38
283.00	4985.34
284.00	5116.41
285.00	5123.43
286.00	5158.54
287.00	5193.65
288.00	5165.56
289.00	5130.45
290.00	5291.95
291.00	5224.08
292.00	5174.92
293.00	5277.91
294.00	5228.76
295.00	5359.83
296.00	5231.10
297.00	5228.76
298.00	5425.36
299.00	5331.74
300.00	5357.49
301.00	5294.29
302.00	4999.38
303.00	5041.51
304.00	5387.91
305.00	5479.19
306.00	5437.06
307.00	5308.34
308.00	5291.95
309.00	5273.23
310.00	5366.85
311.00	5298.97
312.00	5359.83
313.00	5296.63
314.00	5420.68
315.00	5345.78
316.00	5263.86
317.00	5416.00
318.00	5404.30
319.00	5633.67
320.00	5406.64
321.00	5628.99
322.00	5584.52
323.00	5565.79
324.00	5628.99
325.00	5659.42
326.00	5664.10
327.00	5682.82
328.00	5699.20
329.00	5626.65
330.00	5685.16
331.00	5734.31
332.00	5533.03
333.00	5467.49
334.00	5685.16
335.00	5781.12
336.00	5935.60
337.00	5905.17
338.00	5975.39
339.00	5764.74
340.00	5741.33
341.00	5778.78
342.00	6083.05
343.00	5935.60
344.00	5947.30
345.00	6061.99
346.00	6143.91
347.00	5975.39
348.00	6019.86
349.00	6136.88
350.00	6057.31
351.00	6141.57
352.00	6326.47
353.00	6349.87
354.00	6122.84
355.00	6223.48
356.00	6253.91
357.00	6293.70
358.00	6370.94
359.00	6492.65
360.00	6544.14
361.00	6326.47
362.00	6485.62
363.00	6537.12
364.00	6506.69
365.00	6534.78
366.00	6424.77
367.00	6455.20
368.00	6640.10
369.00	6803.94
370.00	6551.16
371.00	6766.49
372.00	6588.61
373.00	6651.80
374.00	6743.08
375.00	6902.24
376.00	6813.30
377.00	6810.96
378.00	6829.68
379.00	7124.59
380.00	7133.95
381.00	6930.33
382.00	7145.66
383.00	7218.21
384.00	7346.94
385.00	7220.55
386.00	7424.18
387.00	7316.51
388.00	7187.79
389.00	7253.32
390.00	7431.20
391.00	7609.08
392.00	7265.02
393.00	7543.55
394.00	7630.15
395.00	7597.38
396.00	7648.87
397.00	7765.90
398.00	7735.47
399.00	7733.13
400.00	7847.82
401.00	7679.30
402.00	7768.24
403.00	7683.98
404.00	8044.42
405.00	7873.56
406.00	8077.19
407.00	8231.66
408.00	7899.31
409.00	7644.19
410.00	8077.19
411.00	8313.58
412.00	8304.22
413.00	8102.93
414.00	7932.08
415.00	8294.86
416.00	8070.17
417.00	8346.35
418.00	8278.47
419.00	8131.02
420.00	8098.25
421.00	8194.22
422.00	8163.79
423.00	8238.69
424.00	7957.82
425.00	8030.38
426.00	8198.90
427.00	8292.52
428.00	8128.68
429.00	8208.26
430.00	8283.16
431.00	8177.83
432.00	8215.28
433.00	8098.25
434.00	8154.43
435.00	8217.62
436.00	8557.00
437.00	8285.50
438.00	8318.26
439.00	8528.91
440.00	8645.94
441.00	8379.12
442.00	8634.24
443.00	8676.37
444.00	8758.28
445.00	8655.30
446.00	8587.43
447.00	8711.47
448.00	8725.52
449.00	8702.11
450.00	8762.97
451.00	8699.77
452.00	8837.86
453.00	8762.97
454.00	8908.08
455.00	8753.60
456.00	8863.61
457.00	8889.35
458.00	8877.65
459.00	8917.44
460.00	8769.99
461.00	8933.82
462.00	8814.46
463.00	8910.42
464.00	8938.51
465.00	9064.89
466.00	9004.04
467.00	9041.49
468.00	9085.96
469.00	9245.12
470.00	9488.53
471.00	9270.86
472.00	9343.42
473.00	9184.26
474.00	9362.14
475.00	9210.01
476.00	9418.32
477.00	9575.13
478.00	9481.51
479.00	9748.33
480.00	9652.37
481.00	9626.62
482.00	9745.99
483.00	9687.48
484.00	9568.11
485.00	9816.21
486.00	9778.76
487.00	10087.71
488.00	9930.89
489.00	10064.30
490.00	9783.44
491.00	9933.23
492.00	9832.59
493.00	9823.23
494.00	10136.86
495.00	10193.03
496.00	10204.74
497.00	9856.00
498.00	10141.54
499.00	10384.96
500.00	10452.83
501.00	10174.31
502.00	10164.95
503.00	10148.56
504.00	10209.42
505.00	10370.91
506.00	10209.42
507.00	10565.18
508.00	10691.57
509.00	10408.36
510.00	10565.18
511.00	10506.66
512.00	10476.24
513.00	10736.04
514.00	10670.50
515.00	10778.17
516.00	10888.17
517.00	10586.24
518.00	10478.58
519.00	10675.18
520.00	10560.50
521.00	10651.78
522.00	10743.06
523.00	10719.65
524.00	10993.50
525.00	11070.73
526.00	10981.79
527.00	10967.75
528.00	10963.07
529.00	10930.30
530.00	10974.77
531.00	11042.65
532.00	10993.50
533.00	11037.97
534.00	10813.28
535.00	11073.07
536.00	11133.93
537.00	10881.15
538.00	11101.16
539.00	11283.72
540.00	11087.12
541.00	11009.88
542.00	11211.17
543.00	11358.62
544.00	11332.87
545.00	11506.07
546.00	11662.89
547.00	11180.74
548.00	11620.76
549.00	11840.77
550.00	11786.94
551.00	11882.90
552.00	11641.82
553.00	11836.09
554.00	11744.81
555.00	11796.30
556.00	12044.40
557.00	11672.25
558.00	11906.31
559.00	11859.49
560.00	12194.19
561.00	12334.62
562.00	12313.56
563.00	12224.62
564.00	12028.01
565.00	12369.73
566.00	12456.33
567.00	12678.68
568.00	12430.59
569.00	12475.06
570.00	12503.14
571.00	12315.90
572.00	12870.61
573.00	12821.45
574.00	12793.37
575.00	12861.24
576.00	12940.82
577.00	13247.43
578.00	13156.15
579.00	13013.38
580.00	12961.89
581.00	13369.14
582.00	13149.13
583.00	13390.20
584.00	13488.51
585.00	13404.25
586.00	13755.33
587.00	13921.51
588.00	13879.38
589.00	13907.46
590.00	14031.51
591.00	14244.50
592.00	13942.57
593.00	14181.31
594.00	14583.88
595.00	14480.89
596.00	14647.07
597.00	14970.07
598.00	14754.74
599.00	15283.70
600.00	15225.18
601.00	15321.15
602.00	15447.54
603.00	15370.30
604.00	15419.45
605.00	15578.61
606.00	16025.65
607.00	15513.07
608.00	15934.37
609.00	16006.92
610.00	15763.51
611.00	16161.40
612.00	15974.16
613.00	16243.32
614.00	16442.26
615.00	16542.91
616.00	16769.94
617.00	17020.38
618.00	16751.21
619.00	17282.52
620.00	17249.75
621.00	17011.01
622.00	17469.76
623.00	17886.37
624.00	17827.86
625.00	17748.28
626.00	17839.56
627.00	18174.26
628.00	17926.16
629.00	18237.45
630.00	18815.57
631.00	19014.51
632.00	18820.25
633.00	18787.48
634.00	19236.86
635.00	19122.18
636.00	19058.98
637.00	19274.31
638.00	19784.55
639.00	19555.18
640.00	19552.84
641.00	19819.66
642.00	20255.00
643.00	20060.73
644.00	20252.66
645.00	20673.95
646.00	20594.37
647.00	20758.21
648.00	20868.22
649.00	21186.53
650.00	21125.68
651.00	21561.02
652.00	21811.45
653.00	21944.86
654.00	21549.31
655.00	21703.79
656.00	22317.01
657.00	22237.43
658.00	22785.12
659.00	22860.01
660.00	22883.42
661.00	22838.95
662.00	22796.82
663.00	22881.08
664.00	23379.61
665.00	23775.16
666.00	23620.69
667.00	23934.32
668.00	23564.51
669.00	24217.52
670.00	24184.76
671.00	24320.51
672.00	24547.54
673.00	24514.77
674.00	24828.40
675.00	25146.72
676.00	24833.08
677.00	25200.55
678.00	24879.89
679.00	25474.39
680.00	25469.71
681.00	25649.93
682.00	26188.25
683.00	25715.47
684.00	25963.56
685.00	26295.92
686.00	26169.53
687.00	26672.74
688.00	26829.56
689.00	26455.08
690.00	26874.03
691.00	26899.78
692.00	27054.25
693.00	27175.96
694.00	27482.57
695.00	27414.69
696.00	27903.87
697.00	27735.35
698.00	27793.86
699.00	28261.97
700.00	28273.67
701.00	28126.22
702.00	28542.83
703.00	28629.43
704.00	28687.95
705.00	29434.58
706.00	28734.76
707.00	29163.08
708.00	29556.28
709.00	29537.56
710.00	29355.00
711.00	28811.99
712.00	29530.54
713.00	29549.26
714.00	29535.22
715.00	29661.61
716.00	29685.01
717.00	30555.69
718.00	30202.27
719.00	30267.81
720.00	30445.69
721.00	30607.19
722.00	30373.13
723.00	30710.17
724.00	31318.71
725.00	31225.09
726.00	30911.46
727.00	30785.07
728.00	31515.31
729.00	31342.11
730.00	31454.46
731.00	31351.48
732.00	31985.76
733.00	31676.81
734.00	31913.20
735.00	31349.14
736.00	32123.85
737.00	31723.62
738.00	31908.52
739.00	32119.17
740.00	32329.82
741.00	32416.42
742.00	32046.62
743.00	32407.06
744.00	32435.14
745.00	33006.23
746.00	32938.36
747.00	32884.53
748.00	33582.01
749.00	32863.46
750.00	32486.64
751.00	33397.10
752.00	33392.42
753.00	33745.84
754.00	33507.11
755.00	33848.83
756.00	33823.08
757.00	33879.25
758.00	33668.61
759.00	33839.47
760.00	34356.72
761.00	34108.63
762.00	34714.83
763.00	34300.55
764.00	34120.33
765.00	34246.72
766.00	34752.27
767.00	34471.41
768.00	34499.50
769.00	34576.73
770.00	35248.47
771.00	35690.83
772.00	35435.71
773.00	35166.55
774.00	35044.84
775.00	35449.75
776.00	35424.01
777.00	35613.59
778.00	35981.06
779.00	35990.42
780.00	36196.38
781.00	35814.88
782.00	35735.30
783.00	35887.43
784.00	36271.28
785.00	36790.88
786.00	36528.74
787.00	36435.12
788.00	36723.01
789.00	36676.19
790.00	36357.88
791.00	36706.62
792.00	37146.64
793.00	36940.68
794.00	37237.92
795.00	37219.20
796.00	37006.21
797.00	37333.89
798.00	37060.04
799.00	37120.90
800.00	37301.12
801.00	37635.81
802.00	37993.92
803.00	37596.03
804.00	37509.43
805.00	37422.83
806.00	37972.85
807.00	37984.55
808.00	38064.13
809.00	38176.48
810.00	38707.78
811.00	38389.47
812.00	38607.14
813.00	37879.23
814.00	38518.20
815.00	38733.53
816.00	38948.85
817.00	38239.67
818.00	38902.04
819.00	38710.12
820.00	38862.26
821.00	38932.47
822.00	38878.64
823.00	39100.99
824.00	38660.97
825.00	38972.26
826.00	39899.11
827.00	39477.82
828.00	39461.43
829.00	39253.12
830.00	39360.79
831.00	39819.53
832.00	39409.94
833.00	39730.59
834.00	39828.90
835.00	39873.37
836.00	40030.18
837.00	40484.25
838.00	40308.71
839.00	39988.05
840.00	40432.75
841.00	40596.59
842.00	40236.15
843.00	40563.82
844.00	40945.33
845.00	40694.89
846.00	40900.86
847.00	40744.05
848.00	40844.69
849.00	41216.83
850.00	41392.37
851.00	40760.43
852.00	41577.28
853.00	40676.17
854.00	41340.88
855.00	41036.61
856.00	40865.75
857.00	41717.71
858.00	41745.80
859.00	42017.30
860.00	41792.61
861.00	41668.56
862.00	41621.75
863.00	41715.37
864.00	42052.41
865.00	42106.24
866.00	42164.75
867.00	42471.36
868.00	42225.60
869.00	42307.52
870.00	42520.51
871.00	41752.82
872.00	42274.76
873.00	42284.12
874.00	42749.88
875.00	42616.47
876.00	42454.98
877.00	43061.18
878.00	43065.86
879.00	42855.21
880.00	42557.96
881.00	42604.77
882.00	42560.30
883.00	42319.23
884.00	42993.30
885.00	43049.47
886.00	42763.93
887.00	43370.13
888.00	43079.90
889.00	43058.84
890.00	43117.35
891.00	43412.26
892.00	43147.78
893.00	43903.77
894.00	43363.11
895.00	43718.87
896.00	43618.22
897.00	43505.88
898.00	43538.65
899.00	43859.30
900.00	43828.87
901.00	44034.84
902.00	44311.02
903.00	44236.12
904.00	44154.21
905.00	44119.10
906.00	43920.15
907.00	43849.94
908.00	44495.92
909.00	44282.94
910.00	44479.54
911.00	44737.00
912.00	44322.72
913.00	44327.41
914.00	43873.34
915.00	44411.67
916.00	44582.52
917.00	44720.62
918.00	45099.78
919.00	44907.86
920.00	44687.85
921.00	44896.16
922.00	45120.85
923.00	45193.40
924.00	44500.61
925.00	45052.97
926.00	45064.67
927.00	44903.18
928.00	45542.14
929.00	45326.81
930.00	45216.81
931.00	45074.04
932.00	45041.27
933.00	45429.80
934.00	45099.78
935.00	45441.50
936.00	45242.56
937.00	45731.73
938.00	45572.57
939.00	45298.73
940.00	45743.43
941.00	45862.80
942.00	45497.67
943.00	45652.15
944.00	45642.79
945.00	45900.25
946.00	46014.93
947.00	46057.06
948.00	46124.94
949.00	46270.05
950.00	46066.42
951.00	45989.19
952.00	46361.33
953.00	46270.05
954.00	46258.35
955.00	45909.61
956.00	46522.83
957.00	46019.61
958.00	46052.38
959.00	45743.43
960.00	46724.11
961.00	45701.30
962.00	45972.80
963.00	46225.58
964.00	46483.04
965.00	46880.93
966.00	46829.44
967.00	47215.63
968.00	47150.09
969.00	46658.58
970.00	47058.81
971.00	47590.11
972.00	46962.85
973.00	47283.50
974.00	47168.82
975.00	47482.45
976.00	47702.46
977.00	47210.95
978.00	47086.90
979.00	46719.43
980.00	47196.90
981.00	47065.83
982.00	47627.56
983.00	48020.77
984.00	47402.87
985.00	48023.11
986.00	47538.62
987.00	47084.56
988.00	47260.10
989.00	47906.08
990.00	47468.40
991.00	47618.20
992.00	48041.84
993.00	47536.28
994.00	48135.46
995.00	48072.26
996.00	47805.44
997.00	48182.27
998.00	47777.36
999.00	48123.75
1000.00	48261.85
1001.00	48278.23
1002.00	48481.86
1003.00	48027.79
1004.00	48109.71
1005.00	48371.85
1006.00	47995.03
1007.00	48285.25
1008.00	47714.16
1009.00	48341.42
1010.00	48215.04
1011.00	48287.59
1012.00	48704.21
1013.00	48769.74
1014.00	48105.03
1015.00	48708.89
1016.00	48252.48
1017.00	48137.80
1018.00	48088.65
1019.00	48956.99
1020.00	48690.16
1021.00	48697.19
1022.00	48605.91
1023.00	49017.84
1024.00	48748.68
1025.00	48624.63
1026.00	48952.30
1027.00	48753.36
1028.00	48851.66
1029.00	48818.89
1030.00	48846.98
1031.00	48903.15
1032.00	49382.96
1033.00	48942.94
1034.00	48928.90
1035.00	49216.78
1036.00	49181.68
1037.00	49034.22
1038.00	49062.31
1039.00	49251.89
1040.00	49181.68
1041.00	49448.50
1042.00	49111.46
1043.00	49177.00
1044.00	48992.09
1045.00	49481.27
1046.00	49420.41
1047.00	49254.23
1048.00	49317.43
1049.00	49680.21
1050.00	49120.82
1051.00	49682.55
1052.00	49900.22
1053.00	49102.10
1054.00	49647.44
1055.00	49387.64
1056.00	49261.26
1057.00	49226.15
1058.00	49605.31
1059.00	49869.79
1060.00	49682.55
1061.00	49485.95
1062.00	49284.66
1063.00	49757.45
1064.00	49347.86
1065.00	49251.89
1066.00	49347.86
1067.00	49191.04
1068.00	49701.28
1069.00	49415.73
1070.00	50113.21
1071.00	49837.03
1072.00	49965.76
1073.00	49895.54
1074.00	49794.90
1075.00	49897.88
1076.00	49617.02
1077.00	49516.37
1078.00	49872.14
1079.00	49904.90
1080.00	50050.02
1081.00	50033.63
1082.00	49984.48
1083.00	49635.74
1084.00	50078.10
1085.00	49759.79
1086.00	49748.09
1087.00	49394.67
1088.00	49968.10
1089.00	50143.64
1090.00	50349.60
1091.00	49862.77
1092.00	49911.92
1093.00	50141.30
1094.00	49741.06
1095.00	50082.78
1096.00	50024.27
1097.00	49970.44
1098.00	50202.15
1099.00	50206.83
1100.00	50092.15
1101.00	50485.36
1102.00	50227.90
1103.00	50309.82
1104.00	50050.02
1105.00	50028.95
1106.00	49897.88
1107.00	49989.16
1108.00	49858.09
1109.00	50471.31
1110.00	50288.75
1111.00	50405.78
1112.00	50483.01
1113.00	50623.45
1114.00	50042.99
1115.00	50270.03
1116.00	50515.78
1117.00	50183.43
1118.00	50312.16
1119.00	50108.53
1120.00	50241.94
1121.00	50373.01
1122.00	50380.03
1123.00	50344.92
1124.00	50258.32
1125.00	50202.15
1126.00	49993.84
1127.00	49841.71
1128.00	50267.69
1129.00	50080.44
1130.00	50223.22
1131.00	50216.19
1132.00	50291.09
1133.00	50412.80
1134.00	50546.21
1135.00	50127.25
1136.00	49972.78
1137.00	50059.38
1138.00	50148.32
1139.00	50150.66
1140.00	50248.96
1141.00	50270.03
1142.00	50649.19
1143.00	50117.89
1144.00	50419.82
1145.00	50724.09
1146.00	50461.95
1147.00	50911.33
1148.00	49951.71
1149.00	50258.32
1150.00	50574.30
1151.00	50445.57
1152.00	50305.13
1153.00	50642.17
1154.00	50309.82
1155.00	50443.23
1156.00	50192.79
1157.00	50162.36
1158.00	50548.55
1159.00	50286.41
1160.00	50429.18
1161.00	50178.75
1162.00	50394.07
1163.00	50443.23
1164.00	50206.83
1165.00	50468.97
1166.00	50555.57
1167.00	50253.64
1168.00	50241.94
1169.00	50134.28
1170.00	50405.78
1171.00	50234.92
1172.00	50546.21
1173.00	50089.80
1174.00	50651.53
1175.00	50712.39
1176.00	50347.26
1177.00	50466.63
1178.00	49921.29
1179.00	50251.30
1180.00	49970.44
1181.00	50188.11
1182.00	50127.25
1183.00	50281.73
1184.00	50471.31
1185.00	50569.61
1186.00	50642.17
1187.00	50403.44
1188.00	50705.37
1189.00	50438.54
1190.00	50415.14
1191.00	50206.83
1192.00	50258.32
1193.00	49832.35
1194.00	50220.87
1195.00	50401.10
1196.00	50916.01
1197.00	50288.75
1198.00	50230.24
1199.00	50347.26
1200.00	50241.94
1201.00	50204.49
1202.00	50026.61
1203.00	50195.13
1204.00	50286.41
1205.00	49921.29
1206.00	50539.19
1207.00	50316.84
1208.00	50775.58
1209.00	50370.67
1210.00	49792.56
1211.00	50698.34
1212.00	49984.48
1213.00	50136.62
1214.00	50478.33
1215.00	50384.71
1216.00	50071.08
1217.00	50328.54
1218.00	50213.85
1219.00	50546.21
1220.00	50632.81
1221.00	49921.29
1222.00	49822.98
1223.00	50010.23
1224.00	49851.07
1225.00	49762.13
1226.00	50595.36
1227.00	50115.55
1228.00	50520.46
1229.00	49989.16
1230.00	50288.75
1231.00	50452.59
1232.00	50239.60
1233.00	50087.46
1234.00	49712.98
1235.00	50239.60
1236.00	50099.17
1237.00	50033.63
1238.00	50468.97
1239.00	50630.47
1240.00	50391.73
1241.00	50670.26
1242.00	50258.32
1243.00	50658.56
1244.00	50394.07
1245.00	50387.05
1246.00	49827.66
1247.00	50094.49
1248.00	50216.19
1249.00	50073.42
1250.00	50192.79
1251.00	50340.24
1252.00	50667.92
1253.00	50635.15
1254.00	50798.99
1255.00	50738.13
1256.00	50494.72
1257.00	50270.03
1258.00	50419.82
1259.00	50314.50
1260.00	49869.79
1261.00	50162.36
1262.00	50511.10
1263.00	50567.27
1264.00	51201.56
1265.00	50642.17
1266.00	50609.40
1267.00	50202.15
1268.00	50354.29
1269.00	50422.16
1270.00	50501.74
1271.00	50244.28
1272.00	50237.26
1273.00	50649.19
1274.00	50258.32
1275.00	50815.37
1276.00	50649.19
1277.00	50747.50
1278.00	50337.90
1279.00	50754.52
1280.00	50586.00
1281.00	50302.79
1282.00	50876.22
1283.00	50003.20
1284.00	50202.15
1285.00	50384.71
1286.00	50717.07
1287.00	50204.49
1288.00	50834.10
1289.00	50658.56
1290.00	50363.65
1291.00	50597.70
1292.00	50136.62
1293.00	49858.09
1294.00	50490.04
1295.00	50260.66
1296.00	50040.65
1297.00	50534.51
1298.00	50459.61
1299.00	50408.12
1300.00	50607.06
1301.00	50609.40
1302.00	50717.07
1303.00	50085.12
1304.00	50394.07
1305.00	50555.57
1306.00	50365.99
1307.00	50181.09
1308.00	49986.82
1309.00	50457.27
1310.00	50185.77
1311.00	50532.17
1312.00	50513.44
1313.00	50635.15
1314.00	50471.31
1315.00	50134.28
1316.00	50504.08
1317.00	50351.94
1318.00	50197.47
1319.00	50700.68
1320.00	50370.67
1321.00	50602.38
1322.00	50389.39
1323.00	50733.45
1324.00	50639.83
1325.00	51072.83
1326.00	50581.32
1327.00	50094.49
1328.00	50398.76
1329.00	49961.08
1330.00	50068.74
1331.00	50183.43
1332.00	50415.14
1333.00	50099.17
1334.00	50492.38
1335.00	50923.04
1336.00	50471.31
1337.00	50602.38
1338.00	50443.23
1339.00	50370.67
1340.00	50644.51
1341.00	50206.83
1342.00	50504.08
1343.00	49954.05
1344.00	50122.57
1345.00	50274.71
1346.00	50358.97
1347.00	50131.93
1348.00	50637.49
1349.00	50145.98
1350.00	50291.09
1351.00	50143.64
1352.00	50012.57
1353.00	49738.72
1354.00	50064.06
1355.00	49858.09
1356.00	50143.64
1357.00	49743.41
1358.00	49771.49
1359.00	49801.92
1360.00	50225.56
1361.00	50487.70
1362.00	50340.24
1363.00	50117.89
1364.00	50335.56
1365.00	49741.06
1366.00	50192.79
1367.00	49476.58
1368.00	49869.79
1369.00	49673.19
1370.00	50005.55
1371.00	49448.50
1372.00	49766.81
1373.00	49815.96
1374.00	49471.90
1375.00	50042.99
1376.00	49631.06
1377.00	49668.51
1378.00	49748.09
1379.00	49727.02
1380.00	49820.64
1381.00	49361.90
1382.00	49251.89
1383.00	49535.10
1384.00	49572.55
1385.00	49279.98
1386.00	49581.91
1387.00	49336.15
1388.00	49588.93
1389.00	49579.57
1390.00	49235.51
1391.00	49448.50
1392.00	49216.78
1393.00	49104.44
1394.00	48952.30
1395.00	49134.87
1396.00	49008.48
1397.00	49492.97
1398.00	49191.04
1399.00	49542.12
1400.00	49565.52
1401.00	49123.16
1402.00	49237.85
1403.00	49207.42
1404.00	49095.08
1405.00	48851.66
1406.00	48769.74
1407.00	48893.79
1408.00	49120.82
1409.00	49523.40
1410.00	48992.09
1411.00	48858.68
1412.00	49305.73
1413.00	48961.67
1414.00	48933.58
1415.00	49317.43
1416.00	49214.44
1417.00	48877.41
1418.00	48685.48
1419.00	48463.13
1420.00	48547.39
1421.00	48982.73
1422.00	48788.47
1423.00	48601.22
1424.00	49258.91
1425.00	48779.10
1426.00	48421.00
1427.00	48240.78
1428.00	48477.18
1429.00	48296.95
1430.00	47995.03
1431.00	48479.52
1432.00	48189.29
1433.00	47889.70
1434.00	48116.73
1435.00	48320.36
1436.00	48713.57
1437.00	48329.72
1438.00	48839.96
1439.00	48477.18
1440.00	48388.24
1441.00	48280.57
1442.00	48259.51
1443.00	47913.11
1444.00	47711.82
1445.00	47674.37
1446.00	47246.05
1447.00	48027.79
1448.00	47737.57
1449.00	47477.77
1450.00	47791.40
1451.00	48219.72
1452.00	48215.04
1453.00	48030.13
1454.00	48123.75
1455.00	47885.02
1456.00	47650.97
1457.00	47997.37
1458.00	47988.00
1459.00	47784.38
1460.00	47239.03
1461.00	47512.88
1462.00	47342.02
1463.00	47538.62
1464.00	47517.56
1465.00	47992.68
1466.00	47718.84
1467.00	47707.14
1468.00	47477.77
1469.00	47133.71
1470.00	47473.09
1471.00	47323.29
1472.00	47409.89
1473.00	47470.75
1474.00	47260.10
1475.00	47173.50
1476.00	47194.56
1477.00	47454.36
1478.00	47655.65
1479.00	47356.06
1480.00	47690.76
1481.00	47138.39
1482.00	47360.74
1483.00	47276.48
1484.00	47051.79
1485.00	46635.17
1486.00	46843.48
1487.00	46520.49
1488.00	46941.78
1489.00	46813.05
1490.00	46857.52
1491.00	46681.98
1492.00	46581.34
1493.00	46831.78
1494.00	46628.15
1495.00	46759.22
1496.00	46443.25
1497.00	46391.76
1498.00	46323.88
1499.00	46248.99
1500.00	46511.13
1501.00	46291.12
1502.00	46075.79
1503.00	46712.41
1504.00	46356.65
1505.00	46548.57
1506.00	46335.59
1507.00	46663.26
1508.00	46146.00
1509.00	45996.21
1510.00	45530.44
1511.00	46005.57
1512.00	45654.49
1513.00	45778.54
1514.00	45729.39
1515.00	45851.09
1516.00	45940.04
1517.00	45638.11
1518.00	45963.44
1519.00	45965.78
1520.00	45949.40
1521.00	45944.72
1522.00	45689.60
1523.00	46014.93
1524.00	45649.81
1525.00	45605.34
1526.00	45780.88
1527.00	45703.64
1528.00	45282.34
1529.00	45425.12
1530.00	44966.37
1531.00	45874.50
1532.00	45844.07
1533.00	45373.63
1534.00	45275.32
1535.00	45261.28
1536.00	45261.28
1537.00	45483.63
1538.00	44884.45
1539.00	45319.79
1540.00	45174.68
1541.00	45287.03
1542.00	44652.74
1543.00	45031.91
1544.00	45116.17
1545.00	45148.93
1546.00	45097.44
1547.00	45521.08
1548.00	45024.89
1549.00	45315.11
1550.00	45471.93
1551.00	44910.20
1552.00	45357.24
1553.00	44582.52
1554.00	44858.71
1555.00	44673.81
1556.00	44325.07
1557.00	44388.26
1558.00	44301.66
1559.00	44914.88
1560.00	44617.63
1561.00	44252.51
1562.00	44575.50
1563.00	44722.96
1564.00	44701.89
1565.00	44046.54
1566.00	44563.80
1567.00	44196.34
1568.00	44287.62
1569.00	44395.28
1570.00	44229.10
1571.00	44315.70
1572.00	44107.40
1573.00	44175.27
1574.00	44229.10
1575.00	44194.00
1576.00	44186.97
1577.00	44259.53
1578.00	44163.57
1579.00	44406.98
1580.00	43655.67
1581.00	43342.04
1582.00	43852.28
1583.00	44002.07
1584.00	43866.32
1585.00	43531.62
1586.00	43452.05
1587.00	43386.51
1588.00	43466.09
1589.00	44023.14
1590.00	43840.57
1591.00	43943.56
1592.00	43700.14
1593.00	44044.20
1594.00	43323.32
1595.00	43281.19
1596.00	43320.98
1597.00	43002.66
1598.00	42691.37
1599.00	42906.70
1600.00	42981.60
1601.00	42916.06
1602.00	42663.28
1603.00	43166.50
1604.00	43166.50
1605.00	43133.73
1606.00	42976.92
1607.00	43264.80
1608.00	43166.50
1609.00	42724.14
1610.00	42604.77
1611.00	42693.71
1612.00	42719.46
1613.00	42766.27
1614.00	42892.66
1615.00	42777.97
1616.00	42799.04
1617.00	42820.10
1618.00	42958.19
1619.00	42548.60
1620.00	43173.52
1621.00	42972.24
1622.00	42712.44
1623.00	42674.99
1624.00	42555.62
1625.00	42447.96
1626.00	42749.88
1627.00	42651.58
1628.00	42162.41
1629.00	42232.63
1630.00	42506.47
1631.00	42251.35
1632.00	41900.27
1633.00	42387.10
1634.00	42302.84
1635.00	42469.02
1636.00	42789.67
1637.00	42349.65
1638.00	42417.53
1639.00	42206.88
1640.00	42174.11
1641.00	42316.89
1642.00	41647.49
1643.00	41717.71
1644.00	41663.88
1645.00	41827.71
1646.00	41855.80
1647.00	41703.67
1648.00	41703.67
1649.00	42321.57
1650.00	41673.24
1651.00	41926.02
1652.00	41673.24
1653.00	41713.03
1654.00	41933.04
1655.00	41928.36
1656.00	41434.50
1657.00	41448.55
1658.00	41378.33
1659.00	41139.60
1660.00	40942.99
1661.00	41359.61
1662.00	41329.18
1663.00	41722.39
1664.00	41151.30
1665.00	41771.54
1666.00	41560.89
1667.00	41495.36
1668.00	41305.77
1669.00	41560.89
1670.00	40776.81
1671.00	40924.27
1672.00	41188.75
1673.00	40627.02
1674.00	40828.30
1675.00	40985.12
1676.00	40531.06
1677.00	40821.28
1678.00	40341.47
1679.00	40392.97
1680.00	40671.49
1681.00	40814.26
1682.00	40957.03
1683.00	41085.76
1684.00	40737.02
1685.00	40465.52
1686.00	40996.82
1687.00	40315.73
1688.00	40556.80
1689.00	40484.25
1690.00	39999.76
1691.00	39992.73
1692.00	40285.30
1693.00	40222.11
1694.00	40004.44
1695.00	40313.39
1696.00	40320.41
1697.00	40514.67
1698.00	40320.41
1699.00	40627.02
1700.00	39885.07
1701.00	40306.37
1702.00	40109.76
1703.00	39739.96
1704.00	39627.61
1705.00	39952.94
1706.00	39608.89
1707.00	40081.67
1708.00	39618.25
1709.00	39934.22
1710.00	39908.47
1711.00	39962.31
1712.00	39470.79
1713.00	39655.70
1714.00	39562.08
1715.00	39943.58
1716.00	39639.31
1717.00	39115.03
1718.00	39206.31
1719.00	39517.60
1720.00	38883.32
1721.00	39218.02
1722.00	38939.49
1723.00	39145.46
1724.00	38983.96
1725.00	38927.79
1726.00	38675.01
1727.00	38759.27
1728.00	39342.06
1729.00	38457.34
1730.00	39100.99
1731.00	38560.33
1732.00	39016.73
1733.00	38724.16
1734.00	38546.28
1735.00	38775.66
1736.00	38321.59
1737.00	38440.96
1738.00	38022.00
1739.00	37787.95
1740.00	37841.78
1741.00	38513.52
1742.00	38092.22
1743.00	38422.23
1744.00	38124.99
1745.00	38316.91
1746.00	38115.62
1747.00	38017.32
1748.00	38160.09
1749.00	37560.92
1750.00	37975.19
1751.00	38146.05
1752.00	37827.74
1753.00	37500.06
1754.00	37385.38
1755.00	37516.45
1756.00	37523.47
1757.00	37397.08
1758.00	37378.36
1759.00	36870.46
1760.00	37467.30
1761.00	37675.60
1762.00	37053.02
1763.00	37600.71
1764.00	37146.64
1765.00	36762.79
1766.00	36879.82
1767.00	36842.37
1768.00	36624.70
1769.00	36769.82
1770.00	36554.49
1771.00	36308.73
1772.00	36598.96
1773.00	36591.94
1774.00	36552.15
1775.00	36669.17
1776.00	36254.90
1777.00	36472.57
1778.00	36414.05
1779.00	36563.85
1780.00	36563.85
1781.00	35927.22
1782.00	35721.26
1783.00	36013.82
1784.00	35477.84
1785.00	35817.22
1786.00	35796.15
1787.00	35660.40
1788.00	35402.94
1789.00	35262.51
1790.00	35470.82
1791.00	35302.30
1792.00	35316.34
1793.00	35037.82
1794.00	35393.58
1795.00	35360.81
1796.00	35264.85
1797.00	35522.31
1798.00	35187.61
1799.00	34890.37
1800.00	35386.56
1801.00	34745.25
1802.00	34483.11
1803.00	34824.83
1804.00	34092.24
1805.00	33914.36
1806.00	34499.50
1807.00	34604.82
1808.00	34466.73
1809.00	34129.69
1810.00	34450.35
1811.00	34209.27
1812.00	34352.04
1813.00	33949.47
1814.00	34087.56
1815.00	34094.58
1816.00	33970.54
1817.00	33710.74
1818.00	33972.88
1819.00	33560.94
1820.00	33532.86
1821.00	33001.55
1822.00	33287.10
1823.00	33186.46
1824.00	33216.88
1825.00	33251.99
1826.00	32971.13
1827.00	33251.99
1828.00	32947.72
1829.00	32978.15
1830.00	32975.81
1831.00	32275.99
1832.00	32533.45
1833.00	32701.96
1834.00	32718.35
1835.00	32496.00
1836.00	32603.66
1837.00	31880.44
1838.00	32240.88
1839.00	31960.02
1840.00	31377.22
1841.00	31676.81
1842.00	31758.73
1843.00	31463.82
1844.00	31714.26
1845.00	31651.06
1846.00	31360.84
1847.00	31379.56
1848.00	31440.42
1849.00	30974.65
1850.00	31150.19
1851.00	30752.30
1852.00	30801.45
1853.00	30937.20
1854.00	30843.58
1855.00	30302.92
1856.00	30340.36
1857.00	30433.99
1858.00	30272.49
1859.00	30314.62
1860.00	30160.14
1861.00	30075.88
1862.00	30230.36
1863.00	30157.80
1864.00	30345.05
1865.00	29851.19
1866.00	29689.70
1867.00	29837.15
1868.00	29968.22
1869.00	29504.79
1870.00	29769.27
1871.00	29549.26
1872.00	29343.30
1873.00	29001.58
1874.00	29123.29
1875.00	29312.87
1876.00	29046.05
1877.00	28905.62
1878.00	28381.34
1879.00	28615.39
1880.00	28662.20
1881.00	28428.15
1882.00	28996.90
1883.00	28067.70
1884.00	28496.02
1885.00	28245.58
1886.00	28250.27
1887.00	28254.95
1888.00	27761.09
1889.00	27646.41
1890.00	27765.78
1891.00	27473.21
1892.00	27709.60
1893.00	27019.14
1894.00	27393.63
1895.00	27129.15
1896.00	27023.83
1897.00	27019.14
1898.00	26670.40
1899.00	27545.76
1900.00	27129.15
1901.00	27065.96
1902.00	26827.22
1903.00	26829.56
1904.00	26614.23
1905.00	26199.96
1906.00	26448.05
1907.00	25926.11
1908.00	25905.05
1909.00	25678.02
1910.00	25724.83
1911.00	25458.01
1912.00	25530.56
1913.00	25986.97
1914.00	25940.16
1915.00	25876.96
1916.00	25626.53
1917.00	25333.96
1918.00	25305.87
1919.00	25425.24
1920.00	25340.98
1921.00	25436.94
1922.00	24964.15
1923.00	24973.52
1924.00	24776.91
1925.00	24421.15
1926.00	24467.96
1927.00	24496.05
1928.00	24058.37
1929.00	24049.00
1930.00	23995.17
1931.00	24116.88
1932.00	23978.79
1933.00	23934.32
1934.00	24060.71
1935.00	23913.25
1936.00	24173.05
1937.00	23573.88
1938.00	23955.38
1939.00	23962.40
1940.00	23999.85
1941.00	23683.88
1942.00	23276.63
1943.00	23225.14
1944.00	23824.31
1945.00	23166.62
1946.00	22867.03
1947.00	22946.61
1948.00	22717.24
1949.00	22214.02
1950.00	22401.27
1951.00	22661.07
1952.00	22253.81
1953.00	22829.59
1954.00	22436.38
1955.00	22607.23
1956.00	22438.72
1957.00	21954.22
1958.00	22071.25
1959.00	22153.17
1960.00	22164.87
1961.00	21942.52
1962.00	22073.59
1963.00	21802.09
1964.00	21472.07
1965.00	21549.31
1966.00	21076.52
1967.00	21352.71
1968.00	21181.85
1969.00	20996.95
1970.00	20947.79
1971.00	20769.91
1972.00	20987.58
1973.00	20767.57
1974.00	20830.77
1975.00	20886.94
1976.00	20631.82
1977.00	20559.27
1978.00	20477.35
1979.00	20577.99
1980.00	20383.73
1981.00	20093.50
1982.00	19927.32
1983.00	19901.58
1984.00	19791.57
1985.00	19672.20
1986.00	19470.92
1987.00	19693.27
1988.00	19335.17
1989.00	19618.37
1990.00	19506.02
1991.00	19398.36
1992.00	19431.13
1993.00	18981.74
1994.00	19297.72
1995.00	19271.97
1996.00	19190.05
1997.00	19124.52
1998.00	18963.02
1999.00	19019.19
2000.00	18803.86
2001.00	18572.15
2002.00	18647.05
2003.00	18473.85
2004.00	18649.39
2005.00	18232.77
2006.00	18108.72
2007.00	18134.47
2008.00	18015.10
2009.00	18139.15
2010.00	18001.06
2011.00	17631.26
2012.00	17628.92
2013.00	17834.88
2014.00	17734.24
2015.00	17507.21
2016.00	17554.02
2017.00	17750.62
2018.00	17472.10
2019.00	16940.80
2020.00	17390.18
2021.00	17235.70
2022.00	16985.27
2023.00	16943.14
2024.00	16929.09
2025.00	16554.61
2026.00	16587.38
2027.00	16397.79
2028.00	16468.01
2029.00	16620.14
2030.00	16458.65
2031.00	16517.16
2032.00	16650.57
2033.00	16416.52
2034.00	16194.17
2035.00	16262.04
2036.00	16276.09
2037.00	16023.31
2038.00	16107.57
2039.00	16091.18
2040.00	15915.64
2041.00	15840.75
2042.00	15768.19
2043.00	15777.55
2044.00	15597.33
2045.00	15400.72
2046.00	15246.25
2047.00	15477.96
