0.00	1046.22
1.00	1046.22
2.00	1046.22
3.00	954.94
4.00	1006.43
5.00	959.62
6.00	950.26
7.00	964.30
8.00	1008.77
9.00	926.85
10.00	938.55
11.00	985.37
12.00	943.24
13.00	980.68
14.00	926.85
15.00	943.24
16.00	919.83
17.00	936.21
18.00	973.66
19.00	938.55
20.00	961.96
21.00	999.41
22.00	994.73
23.00	987.71
24.00	1177.29
25.00	1315.38
26.00	1430.07
27.00	1511.99
28.00	1411.34
29.00	1437.09
30.00	1441.77
31.00	1542.41
32.00	1483.90
33.00	1521.35
34.00	1593.90
35.00	1495.60
36.00	1523.69
37.00	1526.03
38.00	1514.33
39.00	1577.52
40.00	1565.82
41.00	1612.63
42.00	1558.80
43.00	1554.12
44.00	1717.95
45.00	1636.03
46.00	1715.61
47.00	1668.80
48.00	1617.31
49.00	1589.22
50.00	1650.08
51.00	1732.00
52.00	1626.67
53.00	1659.44
54.00	1675.82
55.00	1776.47
56.00	1722.63
57.00	1640.72
58.00	1692.21
59.00	1692.21
60.00	1837.32
61.00	1671.14
62.00	1638.38
63.00	1671.14
64.00	1717.95
65.00	1685.19
66.00	1666.46
67.00	1706.25
68.00	1769.44
69.00	1722.63
70.00	1743.70
71.00	1753.06
72.00	1657.10
73.00	1682.85
74.00	1778.81
75.00	1846.68
76.00	1797.53
77.00	1825.62
78.00	1853.70
79.00	1774.13
80.00	1806.89
81.00	1732.00
82.00	1790.51
83.00	1813.92
84.00	1926.26
85.00	1834.98
86.00	1884.13
87.00	1851.36
88.00	1853.70
89.00	1909.88
90.00	1926.26
91.00	1870.09
92.00	1928.60
93.00	1912.22
94.00	1916.90
95.00	2043.29
96.00	1989.46
97.00	1820.94
98.00	1909.88
99.00	1982.43
100.00	1954.35
101.00	2031.58
102.00	1961.37
103.00	1975.41
104.00	1916.90
105.00	1982.43
106.00	1975.41
107.00	1984.77
108.00	2024.56
109.00	2106.48
110.00	1998.82
111.00	2085.42
112.00	2059.67
113.00	2038.61
114.00	2080.74
115.00	2099.46
116.00	2026.90
117.00	2108.82
118.00	2087.76
119.00	2094.78
120.00	2190.74
121.00	2162.66
122.00	2141.59
123.00	2134.57
124.00	2167.34
125.00	2204.78
126.00	2160.31
127.00	2153.29
128.00	2228.19
129.00	2204.78
130.00	2167.34
131.00	2265.64
132.00	2195.42
133.00	2190.74
134.00	2272.66
135.00	2181.38
136.00	2331.17
137.00	2256.28
138.00	2200.10
139.00	2300.75
140.00	2267.98
141.00	2307.77
142.00	2347.56
143.00	2286.70
144.00	2303.09
145.00	2363.94
146.00	2427.14
147.00	2385.01
148.00	2464.58
149.00	2387.35
150.00	2335.85
151.00	2422.45
152.00	2457.56
153.00	2399.05
154.00	2511.39
155.00	2473.95
156.00	2490.33
157.00	2471.61
158.00	2602.68
159.00	2485.65
160.00	2499.69
161.00	2607.36
162.00	2429.48
163.00	2565.23
164.00	2523.10
165.00	2574.59
166.00	2612.04
167.00	2689.28
168.00	2609.70
169.00	2651.83
170.00	2726.72
171.00	2754.81
172.00	2686.94
173.00	2717.36
174.00	2691.62
175.00	2686.94
176.00	2670.55
177.00	2829.71
178.00	2789.92
179.00	2792.26
180.00	2726.72
181.00	2820.35
182.00	2743.11
183.00	2853.11
184.00	2848.43
185.00	2848.43
186.00	2813.32
187.00	2846.09
188.00	2949.08
189.00	2960.78
190.00	2888.22
191.00	2925.67
192.00	2974.82
193.00	2930.35
194.00	2988.86
195.00	3045.04
196.00	3021.63
197.00	2986.52
198.00	3159.72
199.00	2998.23
200.00	3101.21
201.00	3084.83
202.00	3248.66
203.00	3059.08
204.00	3075.46
205.00	3180.79
206.00	3295.47
207.00	3164.40
208.00	3183.13
209.00	3293.13
210.00	3222.92
211.00	3276.75
212.00	3232.28
213.00	3180.79
214.00	3204.19
215.00	3314.20
216.00	3382.07
217.00	3435.91
218.00	3454.63
219.00	3325.90
220.00	3562.30
221.00	3482.72
222.00	3522.51
223.00	3520.17
224.00	3473.36
225.00	3447.61
226.00	3454.63
227.00	3543.57
228.00	3585.70
229.00	3576.34
230.00	3522.51
231.00	3604.42
232.00	3688.68
233.00	3597.40
234.00	3702.73
235.00	3665.28
236.00	3749.54
237.00	3761.24
238.00	3824.44
239.00	3955.51
240.00	3925.08
241.00	4081.89
242.00	4025.72
243.00	4049.13
244.00	3929.76
245.00	4070.19
246.00	4079.55
247.00	3988.27
248.00	4014.02
249.00	4056.15
250.00	4140.41
251.00	4198.92
252.00	4241.05
253.00	4290.20
254.00	4381.48
255.00	4255.09
256.00	4383.82
257.00	4353.40
258.00	4472.76
259.00	4503.19
260.00	4496.17
261.00	4521.92
262.00	4547.66
263.00	4566.39
264.00	4517.23
265.00	4561.70
266.00	4624.90
267.00	4643.62
268.00	4774.69
269.00	4858.95
270.00	4807.46
271.00	4781.71
272.00	4884.70
273.00	4828.53
274.00	4856.61
275.00	4910.44
276.00	4931.51
277.00	4919.81
278.00	4978.32
279.00	4898.74
280.00	4926.83
281.00	4908.10
282.00	4999.38
283.00	4973.64
284.00	5050.88
285.00	5118.75
286.00	5226.42
287.00	5114.07
288.00	5242.80
289.00	5210.03
290.00	5174.92
291.00	5252.16
292.00	5221.74
293.00	5294.29
294.00	5207.69
295.00	5305.99
296.00	5322.38
297.00	5210.03
298.00	5416.00
299.00	5313.02
300.00	5373.87
301.00	5245.14
302.00	5062.58
303.00	5055.56
304.00	5284.93
305.00	5376.21
306.00	5458.13
307.00	5345.78
308.00	5263.86
309.00	5355.15
310.00	5345.78
311.00	5277.91
312.00	5334.08
313.00	5207.69
314.00	5392.59
315.00	5397.28
316.00	5322.38
317.00	5460.47
318.00	5462.81
319.00	5535.37
320.00	5397.28
321.00	5717.93
322.00	5572.82
323.00	5621.97
324.00	5572.82
325.00	5666.44
326.00	5760.06
327.00	5715.59
328.00	5757.72
329.00	5652.39
330.00	5750.70
331.00	5797.51
332.00	5657.07
333.00	5624.31
334.00	5746.02
335.00	5944.96
336.00	5867.72
337.00	5991.77
338.00	5919.21
339.00	5816.23
340.00	5963.68
341.00	5982.41
342.00	6176.67
343.00	6054.97
344.00	6078.37
345.00	6120.50
346.00	6080.71
347.00	6029.22
348.00	6216.46
349.00	6174.33
350.00	6193.06
351.00	6132.20
352.00	6253.91
353.00	6190.72
354.00	6363.92
355.00	6143.91
356.00	6106.46
357.00	6197.74
358.00	6394.34
359.00	6408.39
360.00	6429.45
361.00	6555.84
362.00	6553.50
363.00	6384.98
364.00	6478.60
365.00	6583.93
366.00	6317.11
367.00	6366.26
368.00	6658.82
369.00	6597.97
370.00	6499.67
371.00	6691.59
372.00	6600.31
373.00	6609.67
374.00	6656.48
375.00	6890.54
376.00	6595.63
377.00	6960.75
378.00	6782.87
379.00	7014.59
380.00	7028.63
381.00	6977.14
382.00	7297.79
383.00	7176.08
384.00	7267.36
385.00	7311.83
386.00	7232.26
387.00	7295.45
388.00	7456.95
389.00	7407.80
390.00	7470.99
391.00	7428.86
392.00	7180.76
393.00	7508.44
394.00	7466.31
395.00	7770.58
396.00	7698.02
397.00	7889.95
398.00	7751.85
399.00	7826.75
400.00	7932.08
401.00	7651.21
402.00	7936.76
403.00	7798.66
404.00	7915.69
405.00	8086.55
406.00	7950.80
407.00	8283.16
408.00	7864.20
409.00	7520.14
410.00	7920.37
411.00	8121.66
412.00	8042.08
413.00	8105.28
414.00	8077.19
415.00	8112.30
416.00	7922.71
417.00	8116.98
418.00	8201.24
419.00	8409.54
420.00	8049.10
421.00	8163.79
422.00	8203.58
423.00	8271.45
424.00	8107.62
425.00	8173.15
426.00	8163.79
427.00	8138.04
428.00	7992.93
429.00	8313.58
430.00	8222.30
431.00	8194.22
432.00	8049.10
433.00	7969.52
434.00	8234.00
435.00	8355.71
436.00	8414.23
437.00	8133.36
438.00	8372.10
439.00	8482.10
440.00	8531.25
441.00	8535.93
442.00	8627.21
443.00	8634.24
444.00	8449.33
445.00	8521.89
446.00	8594.45
447.00	8849.57
448.00	8542.96
449.00	8784.03
450.00	8683.39
451.00	8887.01
452.00	8755.94
453.00	8702.11
454.00	8620.19
455.00	8734.88
456.00	8755.94
457.00	8950.21
458.00	8961.91
459.00	8945.53
460.00	8739.56
461.00	8933.82
462.00	8833.18
463.00	8882.33
464.00	8884.67
465.00	9050.85
466.00	8957.23
467.00	8879.99
468.00	9029.79
469.00	9408.95
470.00	9245.12
471.00	9327.03
472.00	9294.27
473.00	9210.01
474.00	9369.16
475.00	9369.16
476.00	9359.80
477.00	9521.30
478.00	9736.63
479.00	9462.79
480.00	9764.72
481.00	9568.11
482.00	9839.61
483.00	9687.48
484.00	9715.56
485.00	9858.34
486.00	9736.63
487.00	9865.36
488.00	9867.70
489.00	10015.15
490.00	10047.92
491.00	9919.19
492.00	9860.68
493.00	9757.69
494.00	10150.90
495.00	10080.69
496.00	10193.03
497.00	9863.02
498.00	10244.52
499.00	10438.79
500.00	10380.28
501.00	10162.61
502.00	10216.44
503.00	10193.03
504.00	9991.75
505.00	10452.83
506.00	10436.45
507.00	10310.06
508.00	10562.84
509.00	10382.62
510.00	10258.57
511.00	10759.44
512.00	10576.88
513.00	10572.20
514.00	10532.41
515.00	10714.97
516.00	10757.10
517.00	10511.35
518.00	10686.89
519.00	10658.80
520.00	10551.14
521.00	11091.80
522.00	10780.51
523.00	10738.38
524.00	10829.66
525.00	10986.47
526.00	11089.46
527.00	11035.63
528.00	10965.41
529.00	11052.01
530.00	11000.52
531.00	10897.53
532.00	10920.94
533.00	10911.58
534.00	10934.98
535.00	10977.11
536.00	10981.79
537.00	10984.13
538.00	11152.65
539.00	11269.68
540.00	11047.33
541.00	11037.97
542.00	11372.66
543.00	11243.93
544.00	11414.79
545.00	11337.56
546.00	11410.11
547.00	11330.53
548.00	11435.86
549.00	11660.55
550.00	11403.09
551.00	11672.25
552.00	11768.21
553.00	11915.67
554.00	11822.05
555.00	11690.98
556.00	12189.51
557.00	11810.34
558.00	11812.68
559.00	11784.60
560.00	12329.94
561.00	11981.20
562.00	12229.30
563.00	12210.57
564.00	12123.98
565.00	12154.40
566.00	12428.24
567.00	12877.63
568.00	12306.54
569.00	12388.46
570.00	12236.32
571.00	12411.86
572.00	12931.46
573.00	12695.07
574.00	12662.30
575.00	12884.65
576.00	12982.95
577.00	12957.21
578.00	12973.59
579.00	13111.68
580.00	13067.21
581.00	13420.63
582.00	13228.71
583.00	13193.60
584.00	13451.06
585.00	13380.84
586.00	13958.96
587.00	13710.86
588.00	13701.50
589.00	13582.13
590.00	14129.81
591.00	14129.81
592.00	13937.89
593.00	14305.35
594.00	14436.42
595.00	14548.77
596.00	14651.75
597.00	14738.35
598.00	14626.01
599.00	14930.28
600.00	15281.36
601.00	15248.59
602.00	15080.07
603.00	15489.67
604.00	15424.13
605.00	15592.65
606.00	15950.75
607.00	15723.72
608.00	15920.32
609.00	15852.45
610.00	15950.75
611.00	16210.55
612.00	16123.95
613.00	16287.79
614.00	16400.13
615.00	16760.58
616.00	16580.36
617.00	17074.21
618.00	16992.29
619.00	17378.48
620.00	17104.64
621.00	17444.01
622.00	17514.23
623.00	17657.00
624.00	17989.36
625.00	17642.96
626.00	17930.84
627.00	18045.53
628.00	18029.15
629.00	18443.42
630.00	18855.36
631.00	18916.21
632.00	18232.77
633.00	18717.26
634.00	18817.91
635.00	19295.38
636.00	19140.90
637.00	19674.54
638.00	19782.21
639.00	19442.83
640.00	19791.57
641.00	20095.84
642.00	19864.13
643.00	19934.34
644.00	20130.95
645.00	20697.36
646.00	20563.95
647.00	20772.25
648.00	20657.57
649.00	21034.39
650.00	21329.30
651.00	21486.12
652.00	21635.91
653.00	22019.76
654.00	21717.83
655.00	21879.33
656.00	22216.36
657.00	22487.87
658.00	22572.13
659.00	22567.45
660.00	22845.97
661.00	22792.14
662.00	22611.92
663.00	23353.87
664.00	23648.77
665.00	23693.24
666.00	23260.24
667.00	23688.56
668.00	23960.06
669.00	23908.57
670.00	24147.31
671.00	24245.61
672.00	24666.91
673.00	24526.47
674.00	24573.28
675.00	24716.06
676.00	24755.85
677.00	24884.58
678.00	25118.63
679.00	24936.07
680.00	25752.91
681.00	25317.57
682.00	25741.21
683.00	25315.23
684.00	26129.74
685.00	26075.91
686.00	26295.92
687.00	26787.43
688.00	26747.64
689.00	26511.25
690.00	26934.88
691.00	26827.22
692.00	27065.96
693.00	27300.01
694.00	27552.79
695.00	27452.14
696.00	27683.86
697.00	27648.75
698.00	27674.49
699.00	28074.73
700.00	27835.99
701.00	28673.90
702.00	28374.31
703.00	28442.19
704.00	28425.81
705.00	28884.55
706.00	28484.32
707.00	28922.00
708.00	29352.66
709.00	29137.33
710.00	29528.20
711.00	29425.22
712.00	29640.54
713.00	29759.91
714.00	29724.80
715.00	30122.69
716.00	30036.09
717.00	30394.20
718.00	30209.29
719.00	30174.19
720.00	30228.02
721.00	30052.48
722.00	30129.72
723.00	30693.79
724.00	31700.22
725.00	31166.57
726.00	30766.34
727.00	31049.55
728.00	31126.78
729.00	31154.87
730.00	31541.06
731.00	31409.99
732.00	32116.83
733.00	31524.68
734.00	31854.69
735.00	31578.51
736.00	31527.02
737.00	31585.53
738.00	32299.39
739.00	32224.50
740.00	32098.11
741.00	32400.04
742.00	32051.30
743.00	32114.49
744.00	32135.56
745.00	33198.16
746.00	33050.70
747.00	32919.63
748.00	33074.11
749.00	33022.62
750.00	33062.41
751.00	33074.11
752.00	33053.05
753.00	33464.98
754.00	33205.18
755.00	33504.77
756.00	33521.15
757.00	34155.44
758.00	33853.51
759.00	33577.33
760.00	34134.37
761.00	34335.66
762.00	34368.43
763.00	34239.70
764.00	34370.77
765.00	34094.58
766.00	34188.21
767.00	34167.14
768.00	34845.90
769.00	34272.46
770.00	35028.46
771.00	35608.91
772.00	35211.02
773.00	35105.70
774.00	35222.72
775.00	35166.55
776.00	35576.14
777.00	35812.54
778.00	35952.97
779.00	35852.33
780.00	35955.31
781.00	35868.71
782.00	35634.66
783.00	35871.05
784.00	35981.06
785.00	36577.89
786.00	36140.21
787.00	36299.37
788.00	36591.94
789.00	36451.50
790.00	36933.65
791.00	36549.81
792.00	37123.24
793.00	37298.78
794.00	37006.21
795.00	37202.82
796.00	36715.98
797.00	37083.45
798.00	37031.96
799.00	37368.99
800.00	36851.73
801.00	37546.87
802.00	37673.26
803.00	37509.43
804.00	37567.94
805.00	37544.53
806.00	38167.12
807.00	38106.26
808.00	37525.81
809.00	38356.70
810.00	38447.98
811.00	38403.51
812.00	38707.78
813.00	38108.60
814.00	38345.00
815.00	38593.09
816.00	38642.24
817.00	38623.52
818.00	38958.22
819.00	38731.18
820.00	38637.56
821.00	38780.34
822.00	38492.45
823.00	38642.24
824.00	38852.89
825.00	39126.74
826.00	39409.94
827.00	39360.79
828.00	39391.22
829.00	39548.03
830.00	39475.48
831.00	39606.55
832.00	39349.09
833.00	40226.79
834.00	39585.48
835.00	39831.24
836.00	39941.24
837.00	40238.49
838.00	39936.56
839.00	40009.12
840.00	40385.94
841.00	40453.82
842.00	40332.11
843.00	40769.79
844.00	40573.19
845.00	40367.22
846.00	40924.27
847.00	40889.16
848.00	40140.19
849.00	40870.43
850.00	41532.81
851.00	40772.13
852.00	40767.45
853.00	40870.43
854.00	41127.89
855.00	40486.59
856.00	41139.60
857.00	41720.05
858.00	41605.36
859.00	42040.70
860.00	42094.53
861.00	41895.59
862.00	41846.44
863.00	41851.12
864.00	41722.39
865.00	41738.77
866.00	41888.57
867.00	42408.17
868.00	42127.30
869.00	42361.36
870.00	42110.92
871.00	42225.60
872.00	41958.78
873.00	42174.11
874.00	42321.57
875.00	42436.25
876.00	42806.06
877.00	42780.31
878.00	42981.60
879.00	42759.25
880.00	42885.64
881.00	42677.33
882.00	43005.00
883.00	42817.76
884.00	43370.13
885.00	43049.47
886.00	43014.37
887.00	43388.85
888.00	42843.51
889.00	42792.01
890.00	43014.37
891.00	43320.98
892.00	43320.98
893.00	43290.55
894.00	43388.85
895.00	43587.80
896.00	43910.79
897.00	43505.88
898.00	43693.12
899.00	43330.34
900.00	43875.68
901.00	44203.36
902.00	43955.26
903.00	43700.14
904.00	43660.35
905.00	43739.93
906.00	44287.62
907.00	43779.72
908.00	43868.66
909.00	43824.19
910.00	44444.43
911.00	44912.54
912.00	44526.35
913.00	43948.24
914.00	43842.92
915.00	44685.51
916.00	44870.41
917.00	44526.35
918.00	45043.61
919.00	45001.48
920.00	44954.67
921.00	45319.79
922.00	44854.03
923.00	44856.37
924.00	44423.37
925.00	44952.33
926.00	44914.88
927.00	44973.39
928.00	45689.60
929.00	45324.47
930.00	45209.79
931.00	44797.85
932.00	45172.34
933.00	45441.50
934.00	44959.35
935.00	45404.05
936.00	45483.63
937.00	45691.94
938.00	45771.52
939.00	45078.72
940.00	45748.11
941.00	45808.96
942.00	45663.85
943.00	45371.28
944.00	45628.74
945.00	45928.33
946.00	45916.63
947.00	45961.10
948.00	45944.72
949.00	46143.66
950.00	46007.91
951.00	46050.04
952.00	45951.74
953.00	46115.58
954.00	46230.26
955.00	46445.59
956.00	45825.35
957.00	46330.90
958.00	46534.53
959.00	45865.14
960.00	46096.85
961.00	45722.37
962.00	46012.59
963.00	46529.85
964.00	47061.15
965.00	46995.62
966.00	46644.54
967.00	46717.09
968.00	46962.85
969.00	46897.31
970.00	46859.87
971.00	47189.88
972.00	47257.76
973.00	47592.45
974.00	47606.50
975.00	47625.22
976.00	47442.66
977.00	47543.30
978.00	46780.29
979.00	47009.66
980.00	47398.19
981.00	47201.58
982.00	47840.55
983.00	47552.66
984.00	47552.66
985.00	47756.29
986.00	47253.08
987.00	46904.34
988.00	47236.69
989.00	47126.69
990.00	47133.71
991.00	47587.77
992.00	47578.41
993.00	47803.10
994.00	48006.73
995.00	48048.86
996.00	47515.22
997.00	47821.83
998.00	47971.62
999.00	47882.68
1000.00	48018.43
1001.00	48208.01
1002.00	47922.47
1003.00	48229.08
1004.00	48350.79
1005.00	47973.96
1006.00	48046.52
1007.00	48083.97
1008.00	48156.52
1009.00	48186.95
1010.00	48051.20
1011.00	48285.25
1012.00	48687.82
1013.00	48413.98
1014.00	47901.40
1015.00	48376.53
1016.00	48186.95
1017.00	48357.81
1018.00	48128.44
1019.00	48453.77
1020.00	48685.48
1021.00	48245.46
1022.00	48821.23
1023.00	48198.65
1024.00	48584.84
1025.00	48252.48
1026.00	48500.58
1027.00	48989.75
1028.00	48751.02
1029.00	49081.03
1030.00	48790.81
1031.00	49333.81
1032.00	49551.48
1033.00	49195.72
1034.00	48931.24
1035.00	48832.94
1036.00	49029.54
1037.00	48769.74
1038.00	48830.60
1039.00	48924.22
1040.00	49228.49
1041.00	48755.70
1042.00	49375.94
1043.00	48793.15
1044.00	48753.36
1045.00	48959.33
1046.00	49186.36
1047.00	49361.90
1048.00	49354.88
1049.00	49654.47
1050.00	49310.41
1051.00	49476.58
1052.00	49787.88
1053.00	49689.57
1054.00	49422.75
1055.00	49221.47
1056.00	49029.54
1057.00	49052.95
1058.00	49303.38
1059.00	49462.54
1060.00	49256.57
1061.00	49635.74
1062.00	49691.91
1063.00	50101.51
1064.00	49326.79
1065.00	49415.73
1066.00	49207.42
1067.00	49591.27
1068.00	49368.92
1069.00	49984.48
1070.00	49567.87
1071.00	49680.21
1072.00	49834.69
1073.00	49741.06
1074.00	49354.88
1075.00	49909.58
1076.00	49469.56
1077.00	49647.44
1078.00	49741.06
1079.00	49947.03
1080.00	49858.09
1081.00	50026.61
1082.00	50040.65
1083.00	49640.42
1084.00	49947.03
1085.00	49343.17
1086.00	50078.10
1087.00	49698.94
1088.00	50312.16
1089.00	49581.91
1090.00	50312.16
1091.00	50234.92
1092.00	50108.53
1093.00	49654.47
1094.00	49420.41
1095.00	50080.44
1096.00	49731.70
1097.00	50035.97
1098.00	50197.47
1099.00	49881.50
1100.00	50284.07
1101.00	50078.10
1102.00	49942.35
1103.00	50141.30
1104.00	50075.76
1105.00	49998.52
1106.00	49834.69
1107.00	49844.05
1108.00	49822.98
1109.00	50054.70
1110.00	50637.49
1111.00	50375.35
1112.00	50019.59
1113.00	50389.39
1114.00	50347.26
1115.00	50232.58
1116.00	50138.96
1117.00	49940.01
1118.00	50110.87
1119.00	49837.03
1120.00	50302.79
1121.00	50017.25
1122.00	50131.93
1123.00	50351.94
1124.00	50279.39
1125.00	50082.78
1126.00	50258.32
1127.00	49895.54
1128.00	49867.45
1129.00	50099.17
1130.00	50148.32
1131.00	50450.25
1132.00	50047.68
1133.00	50632.81
1134.00	50127.25
1135.00	49984.48
1136.00	49895.54
1137.00	50099.17
1138.00	49886.18
1139.00	50129.59
1140.00	50515.78
1141.00	49771.49
1142.00	50440.89
1143.00	50527.48
1144.00	50436.20
1145.00	50096.83
1146.00	50127.25
1147.00	50417.48
1148.00	49815.96
1149.00	49712.98
1150.00	49883.84
1151.00	50398.76
1152.00	50007.89
1153.00	50925.38
1154.00	50677.28
1155.00	49972.78
1156.00	50410.46
1157.00	50387.05
1158.00	50279.39
1159.00	49984.48
1160.00	50560.25
1161.00	50361.31
1162.00	50309.82
1163.00	50511.10
1164.00	50384.71
1165.00	50497.06
1166.00	50227.90
1167.00	50419.82
1168.00	50361.31
1169.00	50085.12
1170.00	49797.24
1171.00	50031.29
1172.00	50157.68
1173.00	50354.29
1174.00	50274.71
1175.00	50394.07
1176.00	50176.40
1177.00	50162.36
1178.00	50330.88
1179.00	49741.06
1180.00	50052.36
1181.00	50066.40
1182.00	49755.11
1183.00	50274.71
1184.00	50321.52
1185.00	50845.80
1186.00	50546.21
1187.00	50293.43
1188.00	50316.84
1189.00	50387.05
1190.00	50045.33
1191.00	50153.00
1192.00	49923.63
1193.00	49979.80
1194.00	50040.65
1195.00	50316.84
1196.00	50349.60
1197.00	50265.34
1198.00	50291.09
1199.00	50412.80
1200.00	50066.40
1201.00	50288.75
1202.00	50054.70
1203.00	49961.08
1204.00	50171.72
1205.00	50447.91
1206.00	50333.22
1207.00	50323.86
1208.00	50555.57
1209.00	50171.72
1210.00	50319.18
1211.00	50560.25
1212.00	50099.17
1213.00	50003.20
1214.00	50508.76
1215.00	49897.88
1216.00	50464.29
1217.00	50227.90
1218.00	50087.46
1219.00	50471.31
1220.00	50454.93
1221.00	50478.33
1222.00	50433.86
1223.00	50134.28
1224.00	50148.32
1225.00	49989.16
1226.00	49897.88
1227.00	50050.02
1228.00	50253.64
1229.00	50092.15
1230.00	50293.43
1231.00	50527.48
1232.00	50272.37
1233.00	50136.62
1234.00	50099.17
1235.00	49752.77
1236.00	49635.74
1237.00	50387.05
1238.00	49975.12
1239.00	50155.34
1240.00	50436.20
1241.00	50616.43
1242.00	50550.89
1243.00	50426.84
1244.00	50131.93
1245.00	50382.37
1246.00	49932.99
1247.00	50281.73
1248.00	50351.94
1249.00	49968.10
1250.00	50096.83
1251.00	50499.40
1252.00	50714.73
1253.00	50450.25
1254.00	50466.63
1255.00	50920.70
1256.00	50293.43
1257.00	50314.50
1258.00	50738.13
1259.00	50391.73
1260.00	50000.86
1261.00	50211.51
1262.00	50459.61
1263.00	50471.31
1264.00	50665.58
1265.00	50410.46
1266.00	50681.96
1267.00	50347.26
1268.00	50335.56
1269.00	50361.31
1270.00	50138.96
1271.00	50134.28
1272.00	50260.66
1273.00	50562.59
1274.00	50284.07
1275.00	50583.66
1276.00	50419.82
1277.00	50354.29
1278.00	50834.10
1279.00	50745.15
1280.00	50494.72
1281.00	50349.60
1282.00	50642.17
1283.00	50265.34
1284.00	49965.76
1285.00	50026.61
1286.00	50642.17
1287.00	50387.05
1288.00	50714.73
1289.00	50314.50
1290.00	50972.19
1291.00	50328.54
1292.00	50494.72
1293.00	50099.17
1294.00	50403.44
1295.00	50178.75
1296.00	50035.97
1297.00	50672.60
1298.00	50174.06
1299.00	50515.78
1300.00	50344.92
1301.00	50880.91
1302.00	50277.05
1303.00	50677.28
1304.00	50349.60
1305.00	50445.57
1306.00	50302.79
1307.00	50513.44
1308.00	50204.49
1309.00	50398.76
1310.00	50492.38
1311.00	50464.29
1312.00	50459.61
1313.00	50677.28
1314.00	50293.43
1315.00	50391.73
1316.00	50358.97
1317.00	50358.97
1318.00	50267.69
1319.00	50614.08
1320.00	50225.56
1321.00	50522.80
1322.00	50344.92
1323.00	50429.18
1324.00	50333.22
1325.00	50780.26
1326.00	50468.97
1327.00	50639.83
1328.00	50251.30
1329.00	50246.62
1330.00	50171.72
1331.00	50003.20
1332.00	50468.97
1333.00	50047.68
1334.00	50134.28
1335.00	50731.11
1336.00	50295.77
1337.00	50284.07
1338.00	50578.98
1339.00	50138.96
1340.00	50468.97
1341.00	49970.44
1342.00	50270.03
1343.00	49909.58
1344.00	50145.98
1345.00	49848.73
1346.00	50333.22
1347.00	50136.62
1348.00	50880.91
1349.00	49893.20
1350.00	50127.25
1351.00	49839.37
1352.00	50155.34
1353.00	49771.49
1354.00	49209.76
1355.00	49689.57
1356.00	49797.24
1357.00	50199.81
1358.00	50066.40
1359.00	49642.76
1360.00	50014.91
1361.00	50169.38
1362.00	50251.30
1363.00	50026.61
1364.00	49790.22
1365.00	49574.89
1366.00	50014.91
1367.00	49785.54
1368.00	49308.07
1369.00	49169.97
1370.00	49591.27
1371.00	50216.19
1372.00	49801.92
1373.00	49696.59
1374.00	50050.02
1375.00	50408.12
1376.00	49422.75
1377.00	49663.83
1378.00	49511.69
1379.00	49488.29
1380.00	49769.15
1381.00	49521.05
1382.00	49556.16
1383.00	49727.02
1384.00	49605.31
1385.00	49382.96
1386.00	49677.87
1387.00	49340.83
1388.00	49177.00
1389.00	49708.30
1390.00	49301.04
1391.00	49090.40
1392.00	49017.84
1393.00	49272.96
1394.00	48935.92
1395.00	49242.53
1396.00	49249.55
1397.00	50003.20
1398.00	49485.95
1399.00	49509.35
1400.00	49551.48
1401.00	49720.00
1402.00	49144.23
1403.00	49397.01
1404.00	49127.84
1405.00	48615.27
1406.00	48472.49
1407.00	48938.26
1408.00	49003.80
1409.00	48846.98
1410.00	49074.01
1411.00	49408.71
1412.00	49523.40
1413.00	49066.99
1414.00	49237.85
1415.00	48945.28
1416.00	48872.73
1417.00	48575.48
1418.00	48629.31
1419.00	48430.36
1420.00	48367.17
1421.00	48697.19
1422.00	48683.14
1423.00	48947.62
1424.00	48751.02
1425.00	48641.01
1426.00	48701.87
1427.00	48854.00
1428.00	48748.68
1429.00	48200.99
1430.00	48411.64
1431.00	48357.81
1432.00	48205.67
1433.00	48034.81
1434.00	48055.88
1435.00	48086.31
1436.00	48308.66
1437.00	48264.19
1438.00	48439.73
1439.00	48500.58
1440.00	48311.00
1441.00	48388.24
1442.00	48418.66
1443.00	48130.78
1444.00	47597.13
1445.00	47985.66
1446.00	47519.90
1447.00	47767.99
1448.00	47622.88
1449.00	47667.35
1450.00	47732.89
1451.00	48341.42
1452.00	48486.54
1453.00	47831.19
1454.00	48027.79
1455.00	47964.60
1456.00	47236.69
1457.00	47524.58
1458.00	47491.81
1459.00	47824.17
1460.00	47608.84
1461.00	47622.88
1462.00	47601.82
1463.00	47934.17
1464.00	47576.07
1465.00	48411.64
1466.00	47941.19
1467.00	47599.47
1468.00	47725.86
1469.00	46934.76
1470.00	47255.42
1471.00	47157.11
1472.00	47145.41
1473.00	47461.38
1474.00	46916.04
1475.00	47260.10
1476.00	47346.70
1477.00	47234.35
1478.00	47496.49
1479.00	47653.31
1480.00	47540.96
1481.00	47103.28
1482.00	47112.64
1483.00	46836.46
1484.00	46920.72
1485.00	46979.23
1486.00	46731.14
1487.00	46351.97
1488.00	46639.86
1489.00	46333.24
1490.00	46806.03
1491.00	46698.37
1492.00	47016.68
1493.00	46401.12
1494.00	46630.49
1495.00	46373.03
1496.00	46506.44
1497.00	46412.82
1498.00	46138.98
1499.00	46394.10
1500.00	46380.06
1501.00	46293.46
1502.00	46656.24
1503.00	46478.36
1504.00	46354.31
1505.00	46377.72
1506.00	46564.96
1507.00	46150.68
1508.00	46101.53
1509.00	46169.41
1510.00	45762.15
1511.00	45940.04
1512.00	45427.46
1513.00	45808.96
1514.00	45907.27
1515.00	45991.53
1516.00	45705.98
1517.00	45874.50
1518.00	45666.19
1519.00	45666.19
1520.00	45944.72
1521.00	45755.13
1522.00	45593.64
1523.00	45528.10
1524.00	46108.55
1525.00	45783.22
1526.00	45382.99
1527.00	45408.73
1528.00	45439.16
1529.00	45111.49
1530.00	44891.48
1531.00	45694.28
1532.00	45446.18
1533.00	45621.72
1534.00	45567.89
1535.00	45354.90
1536.00	45539.80
1537.00	45453.20
1538.00	45544.48
1539.00	44847.00
1540.00	45139.57
1541.00	45141.91
1542.00	44711.25
1543.00	44612.95
1544.00	44926.58
1545.00	45436.82
1546.00	45134.89
1547.00	44947.65
1548.00	44828.28
1549.00	45256.60
1550.00	45340.86
1551.00	44844.66
1552.00	44643.38
1553.00	44549.76
1554.00	44584.86
1555.00	44687.85
1556.00	44414.01
1557.00	44556.78
1558.00	44634.02
1559.00	44570.82
1560.00	44664.44
1561.00	44322.72
1562.00	44500.61
1563.00	44694.87
1564.00	44638.70
1565.00	43915.47
1566.00	44179.95
1567.00	44495.92
1568.00	44112.08
1569.00	44116.76
1570.00	44217.40
1571.00	43966.96
1572.00	43751.63
1573.00	43948.24
1574.00	44268.89
1575.00	43835.89
1576.00	44074.63
1577.00	43922.49
1578.00	44257.19
1579.00	44109.74
1580.00	44025.48
1581.00	43145.44
1582.00	43559.71
1583.00	43583.12
1584.00	43398.21
1585.00	43660.35
1586.00	43363.11
1587.00	43686.10
1588.00	43271.82
1589.00	43861.64
1590.00	43445.02
1591.00	43665.03
1592.00	43611.20
1593.00	43615.88
1594.00	43571.41
1595.00	43461.41
1596.00	43370.13
1597.00	43447.36
1598.00	42733.50
1599.00	43524.60
1600.00	42761.59
1601.00	43276.51
1602.00	43070.54
1603.00	43278.85
1604.00	42951.17
1605.00	43210.97
1606.00	43044.79
1607.00	43175.86
1608.00	42684.35
1609.00	42920.74
1610.00	42789.67
1611.00	42848.19
1612.00	42703.07
1613.00	42656.26
1614.00	42532.22
1615.00	42476.04
1616.00	42504.13
1617.00	42499.45
1618.00	42827.12
1619.00	42478.38
1620.00	42656.26
1621.00	42761.59
1622.00	43344.38
1623.00	42946.49
1624.00	42471.36
1625.00	42742.86
1626.00	42508.81
1627.00	42279.44
1628.00	42307.52
1629.00	42237.31
1630.00	42363.70
1631.00	42333.27
1632.00	42438.59
1633.00	42136.66
1634.00	42190.50
1635.00	42270.08
1636.00	42373.06
1637.00	42134.32
1638.00	42501.79
1639.00	42017.30
1640.00	41984.53
1641.00	42050.06
1642.00	41610.04
1643.00	41579.62
1644.00	42075.81
1645.00	41904.95
1646.00	41890.91
1647.00	41720.05
1648.00	41869.84
1649.00	42031.34
1650.00	41670.90
1651.00	41923.68
1652.00	41701.32
1653.00	42014.96
1654.00	41996.23
1655.00	41525.78
1656.00	41226.20
1657.00	41354.93
1658.00	40952.35
1659.00	41375.99
1660.00	40919.59
1661.00	40748.73
1662.00	41249.60
1663.00	41560.89
1664.00	41453.23
1665.00	41518.76
1666.00	41301.09
1667.00	41085.76
1668.00	41151.30
1669.00	41560.89
1670.00	40760.43
1671.00	40884.48
1672.00	41102.15
1673.00	41167.68
1674.00	40875.12
1675.00	40652.76
1676.00	40409.35
1677.00	41137.26
1678.00	41244.92
1679.00	41102.15
1680.00	40856.39
1681.00	41017.89
1682.00	40758.09
1683.00	40942.99
1684.00	40982.78
1685.00	40809.58
1686.00	40575.53
1687.00	40772.13
1688.00	40282.96
1689.00	40720.64
1690.00	40149.55
1691.00	40093.38
1692.00	40093.38
1693.00	40392.97
1694.00	40346.15
1695.00	40388.28
1696.00	40175.30
1697.00	40505.31
1698.00	40519.35
1699.00	40299.34
1700.00	40091.04
1701.00	40086.36
1702.00	39730.59
1703.00	39786.77
1704.00	39950.60
1705.00	39838.26
1706.00	39812.51
1707.00	39899.11
1708.00	39828.90
1709.00	39562.08
1710.00	39632.29
1711.00	40121.46
1712.00	39660.38
1713.00	40030.18
1714.00	39550.37
1715.00	39669.74
1716.00	39878.05
1717.00	39449.73
1718.00	39070.56
1719.00	39463.77
1720.00	38906.73
1721.00	39215.68
1722.00	39154.82
1723.00	39089.29
1724.00	39147.80
1725.00	37965.83
1726.00	38644.59
1727.00	38909.07
1728.00	39091.63
1729.00	39077.58
1730.00	38967.58
1731.00	39260.15
1732.00	38775.66
1733.00	38251.38
1734.00	38691.40
1735.00	38707.78
1736.00	38359.04
1737.00	38211.59
1738.00	38188.18
1739.00	37811.35
1740.00	38279.46
1741.00	38110.94
1742.00	38520.54
1743.00	38225.63
1744.00	37792.63
1745.00	38040.73
1746.00	37816.04
1747.00	38270.10
1748.00	38160.09
1749.00	37858.17
1750.00	37509.43
1751.00	37816.04
1752.00	37589.00
1753.00	37376.01
1754.00	37441.55
1755.00	36868.12
1756.00	37338.57
1757.00	37113.87
1758.00	37563.26
1759.00	37406.44
1760.00	37163.03
1761.00	37347.93
1762.00	37549.21
1763.00	37153.66
1764.00	36821.31
1765.00	36919.61
1766.00	36601.30
1767.00	36734.71
1768.00	36699.60
1769.00	36746.41
1770.00	36706.62
1771.00	36954.72
1772.00	36477.25
1773.00	36615.34
1774.00	36144.89
1775.00	36680.88
1776.00	35976.37
1777.00	36407.03
1778.00	35999.78
1779.00	35967.01
1780.00	36168.30
1781.00	36037.23
1782.00	35718.92
1783.00	36140.21
1784.00	35885.09
1785.00	35597.21
1786.00	35297.62
1787.00	35637.00
1788.00	35552.74
1789.00	35161.87
1790.00	35683.81
1791.00	35318.68
1792.00	35253.15
1793.00	35051.86
1794.00	34918.45
1795.00	35318.68
1796.00	35194.64
1797.00	35285.92
1798.00	35213.36
1799.00	34766.32
1800.00	35222.72
1801.00	34930.16
1802.00	34464.39
1803.00	34328.64
1804.00	34635.25
1805.00	34176.50
1806.00	34171.82
1807.00	34333.32
1808.00	33961.17
1809.00	33853.51
1810.00	34366.09
1811.00	34260.76
1812.00	34089.90
1813.00	33963.51
1814.00	34319.28
1815.00	33722.44
1816.00	34007.98
1817.00	33584.35
1818.00	33752.87
1819.00	33436.89
1820.00	33207.52
1821.00	33439.23
1822.00	33589.03
1823.00	32992.19
1824.00	33064.75
1825.00	32802.61
1826.00	33205.18
1827.00	33359.66
1828.00	32807.29
1829.00	32748.78
1830.00	33092.83
1831.00	32107.47
1832.00	33102.20
1833.00	32435.14
1834.00	32582.60
1835.00	32549.83
1836.00	32423.44
1837.00	32074.70
1838.00	31765.75
1839.00	31847.67
1840.00	31725.96
1841.00	32004.49
1842.00	31503.61
1843.00	31686.17
1844.00	31199.34
1845.00	31461.48
1846.00	31601.91
1847.00	31314.03
1848.00	31068.27
1849.00	31026.14
1850.00	31400.63
1851.00	31115.08
1852.00	30852.94
1853.00	30286.53
1854.00	30277.17
1855.00	30136.74
1856.00	30600.16
1857.00	30543.99
1858.00	30160.14
1859.00	30029.07
1860.00	29961.20
1861.00	29699.06
1862.00	30291.21
1863.00	30110.99
1864.00	29926.09
1865.00	29741.19
1866.00	29912.05
1867.00	29359.68
1868.00	29905.02
1869.00	29621.82
1870.00	29347.98
1871.00	29254.36
1872.00	29532.88
1873.00	29041.37
1874.00	29039.03
1875.00	28912.64
1876.00	28793.27
1877.00	28636.45
1878.00	28800.29
1879.00	28388.36
1880.00	28489.00
1881.00	28591.98
1882.00	28400.06
1883.00	28390.70
1884.00	28102.81
1885.00	28407.08
1886.00	28149.62
1887.00	27946.00
1888.00	27821.95
1889.00	28002.17
1890.00	27292.99
1891.00	27290.65
1892.00	27702.58
1893.00	27435.76
1894.00	27124.47
1895.00	27257.88
1896.00	26820.20
1897.00	26991.06
1898.00	26850.63
1899.00	27049.57
1900.00	27190.00
1901.00	26948.93
1902.00	27140.85
1903.00	26923.18
1904.00	27091.70
1905.00	26288.90
1906.00	26412.95
1907.00	25834.83
1908.00	25993.99
1909.00	25914.41
1910.00	25502.48
1911.00	25497.80
1912.00	25715.47
1913.00	26033.78
1914.00	25348.00
1915.00	25390.13
1916.00	25619.50
1917.00	25305.87
1918.00	25092.88
1919.00	25415.88
1920.00	25329.28
1921.00	25355.02
1922.00	25450.99
1923.00	24915.00
1924.00	24980.54
1925.00	24247.95
1926.00	24402.43
1927.00	24350.93
1928.00	23981.13
1929.00	24224.54
1930.00	24439.87
1931.00	23981.13
1932.00	24428.17
1933.00	23971.77
1934.00	24116.88
1935.00	24006.87
1936.00	24322.85
1937.00	23819.63
1938.00	23920.28
1939.00	23733.03
1940.00	23693.24
1941.00	23351.52
1942.00	23620.69
1943.00	23269.61
1944.00	23152.58
1945.00	23028.53
1946.00	22588.51
1947.00	22883.42
1948.00	22796.82
1949.00	22490.21
1950.00	22324.03
1951.00	22806.18
1952.00	22291.26
1953.00	22412.97
1954.00	22424.67
1955.00	22403.61
1956.00	22597.87
1957.00	22228.07
1958.00	21921.46
1959.00	21785.71
1960.00	22066.57
1961.00	21771.66
1962.00	21853.58
1963.00	21876.99
1964.00	21439.31
1965.00	21525.91
1966.00	21401.86
1967.00	21341.00
1968.00	21256.75
1969.00	20809.70
1970.00	20900.98
1971.00	21177.17
1972.00	21078.86
1973.00	20865.88
1974.00	20538.20
1975.00	20816.72
1976.00	20606.08
1977.00	20753.53
1978.00	20383.73
1979.00	20617.78
1980.00	20540.54
1981.00	20381.38
1982.00	19836.04
1983.00	19948.39
1984.00	19847.74
1985.00	19824.34
1986.00	19920.30
1987.00	19300.06
1988.00	19606.67
1989.00	19557.52
1990.00	19295.38
1991.00	19311.76
1992.00	19358.57
1993.00	19166.65
1994.00	19309.42
1995.00	19061.32
1996.00	19119.84
1997.00	18951.32
1998.00	19009.83
1999.00	18993.45
2000.00	18705.56
2001.00	18574.49
2002.00	18565.13
2003.00	18539.38
2004.00	18508.96
2005.00	18192.98
2006.00	18398.95
2007.00	17942.55
2008.00	17935.53
2009.00	17860.63
2010.00	17554.02
2011.00	17785.73
2012.00	17951.91
2013.00	18010.42
2014.00	17944.89
2015.00	17771.69
2016.00	17795.09
2017.00	17628.92
2018.00	17640.62
2019.00	17329.33
2020.00	17186.55
2021.00	17336.35
2022.00	17076.55
2023.00	16863.56
2024.00	16908.03
2025.00	16624.83
2026.00	16629.51
2027.00	16657.59
2028.00	16683.34
2029.00	16547.59
2030.00	16814.41
2031.00	16652.91
2032.00	16748.87
2033.00	16446.94
2034.00	16189.49
2035.00	16381.41
2036.00	16049.05
2037.00	16081.82
2038.00	16203.53
2039.00	15847.77
2040.00	15981.18
2041.00	15779.89
2042.00	15770.53
2043.00	15482.64
2044.00	15407.75
2045.00	15283.70
2046.00	15351.57
2047.00	15351.57
