0.00	1032.18
1.00	1032.18
2.00	1032.18
3.00	1064.94
4.00	990.05
5.00	917.49
6.00	964.30
7.00	959.62
8.00	884.72
9.00	868.34
10.00	931.53
11.00	917.49
12.00	1034.52
13.00	940.90
14.00	938.55
15.00	971.32
16.00	952.60
17.00	1020.47
18.00	964.30
19.00	992.39
20.00	994.73
21.00	1043.88
22.00	931.53
23.00	971.32
24.00	1163.25
25.00	1357.51
26.00	1378.58
27.00	1476.88
28.00	1455.81
29.00	1392.62
30.00	1514.33
31.00	1401.98
32.00	1486.24
33.00	1533.05
34.00	1504.96
35.00	1535.39
36.00	1526.03
37.00	1563.48
38.00	1472.20
39.00	1643.06
40.00	1582.20
41.00	1666.46
42.00	1631.35
43.00	1584.54
44.00	1610.29
45.00	1633.69
46.00	1682.85
47.00	1640.72
48.00	1657.10
49.00	1732.00
50.00	1666.46
51.00	1633.69
52.00	1596.25
53.00	1722.63
54.00	1619.65
55.00	1652.42
56.00	1643.06
57.00	1640.72
58.00	1767.10
59.00	1727.32
60.00	1680.50
61.00	1743.70
62.00	1694.55
63.00	1767.10
64.00	1675.82
65.00	1722.63
66.00	1799.87
67.00	1734.34
68.00	1783.49
69.00	1701.57
70.00	1717.95
71.00	1717.95
72.00	1802.21
73.00	1736.68
74.00	1790.51
75.00	1764.76
76.00	1788.17
77.00	1804.55
78.00	1877.11
79.00	1816.26
80.00	1797.53
81.00	1832.64
82.00	1856.04
83.00	1933.28
84.00	1839.66
85.00	1834.98
86.00	1816.26
87.00	1912.22
88.00	1860.73
89.00	1877.11
90.00	1851.36
91.00	1825.62
92.00	1919.24
93.00	1804.55
94.00	1811.57
95.00	1989.46
96.00	1865.41
97.00	1926.26
98.00	1987.11
99.00	1921.58
100.00	1928.60
101.00	1970.73
102.00	1963.71
103.00	1996.48
104.00	1989.46
105.00	1937.96
106.00	1921.58
107.00	1954.35
108.00	2045.63
109.00	1942.64
110.00	2001.16
111.00	2019.88
112.00	2012.86
113.00	2120.53
114.00	2076.06
115.00	2083.08
116.00	2062.01
117.00	2047.97
118.00	2087.76
119.00	2136.91
120.00	2153.29
121.00	2183.72
122.00	2193.08
123.00	2101.80
124.00	2172.02
125.00	2073.71
126.00	2127.55
127.00	2162.66
128.00	2183.72
129.00	2270.32
130.00	2221.17
131.00	2258.62
132.00	2237.55
133.00	2246.91
134.00	2221.17
135.00	2207.13
136.00	2317.13
137.00	2260.96
138.00	2300.75
139.00	2300.75
140.00	2204.78
141.00	2232.87
142.00	2237.55
143.00	2396.71
144.00	2368.62
145.00	2277.34
146.00	2352.24
147.00	2377.98
148.00	2373.30
149.00	2438.84
150.00	2424.80
151.00	2436.50
152.00	2359.26
153.00	2478.63
154.00	2427.14
155.00	2520.76
156.00	2506.71
157.00	2520.76
158.00	2471.61
159.00	2466.92
160.00	2546.50
161.00	2518.42
162.00	2548.84
163.00	2483.31
164.00	2544.16
165.00	2640.12
166.00	2555.86
167.00	2560.55
168.00	2516.08
169.00	2616.72
170.00	2661.19
171.00	2630.76
172.00	2661.19
173.00	2567.57
174.00	2757.15
175.00	2605.02
176.00	2743.11
177.00	2881.20
178.00	2661.19
179.00	2733.75
180.00	2810.98
181.00	2815.66
182.00	2843.75
183.00	2818.00
184.00	2892.90
185.00	2813.32
186.00	2827.37
187.00	2864.82
188.00	2862.48
189.00	2853.11
190.00	2808.64
191.00	2913.97
192.00	2988.86
193.00	3012.27
194.00	3052.06
195.00	3033.33
196.00	3028.65
197.00	3112.91
198.00	3073.12
199.00	2993.55
200.00	3112.91
201.00	3138.66
202.00	3215.90
203.00	3131.64
204.00	3251.00
205.00	3187.81
206.00	3187.81
207.00	3178.45
208.00	3112.91
209.00	3124.62
210.00	3255.69
211.00	3309.52
212.00	3178.45
213.00	3190.15
214.00	3342.28
215.00	3412.50
216.00	3361.01
217.00	3344.63
218.00	3403.14
219.00	3382.07
220.00	3471.01
221.00	3438.25
222.00	3501.44
223.00	3515.48
224.00	3513.14
225.00	3503.78
226.00	3538.89
227.00	3440.59
228.00	3674.64
229.00	3716.77
230.00	3548.25
231.00	3609.11
232.00	3723.79
233.00	3672.30
234.00	3726.13
235.00	3691.02
236.00	3660.60
237.00	3744.86
238.00	3747.20
239.00	3833.80
240.00	3878.27
241.00	4037.42
242.00	4032.74
243.00	3873.59
244.00	3981.25
245.00	4140.41
246.00	4051.47
247.00	4109.98
248.00	4166.15
249.00	4093.60
250.00	4269.14
251.00	4210.62
252.00	4229.35
253.00	4435.32
254.00	4325.31
255.00	4372.12
256.00	4287.86
257.00	4423.61
258.00	4325.31
259.00	4465.74
260.00	4500.85
261.00	4458.72
262.00	4500.85
263.00	4594.47
264.00	4550.00
265.00	4507.87
266.00	4664.69
267.00	4674.05
268.00	4816.82
269.00	4774.69
270.00	4751.29
271.00	4692.77
272.00	4835.55
273.00	4945.55
274.00	4772.35
275.00	4816.82
276.00	5015.77
277.00	4873.00
278.00	5090.67
279.00	4884.70
280.00	4938.53
281.00	4924.49
282.00	5020.45
283.00	4919.81
284.00	5018.11
285.00	5039.17
286.00	5179.61
287.00	5135.14
288.00	5139.82
289.00	5118.75
290.00	5259.18
291.00	5090.67
292.00	5205.35
293.00	5156.20
294.00	5359.83
295.00	5327.06
296.00	5226.42
297.00	5186.63
298.00	5378.55
299.00	5296.63
300.00	5308.34
301.00	5203.01
302.00	5034.49
303.00	5146.84
304.00	5270.89
305.00	5561.11
306.00	5296.63
307.00	5212.37
308.00	5247.48
309.00	5380.89
310.00	5397.28
311.00	5315.36
312.00	5364.51
313.00	5291.95
314.00	5495.58
315.00	5331.74
316.00	5329.40
317.00	5336.42
318.00	5399.62
319.00	5530.69
320.00	5479.19
321.00	5467.49
322.00	5418.34
323.00	5521.32
324.00	5748.36
325.00	5577.50
326.00	5701.54
327.00	5853.68
328.00	5617.29
329.00	5596.22
330.00	5668.78
331.00	5724.95
332.00	5549.41
333.00	5657.07
334.00	5701.54
335.00	5734.31
336.00	5963.68
337.00	5841.98
338.00	5867.72
339.00	5933.26
340.00	5940.28
341.00	6061.99
342.00	6036.24
343.00	6008.16
344.00	5961.34
345.00	6057.31
346.00	6120.50
347.00	6029.22
348.00	6083.05
349.00	6115.82
350.00	6022.20
351.00	6141.57
352.00	6338.17
353.00	6321.79
354.00	6167.31
355.00	6277.32
356.00	6246.89
357.00	6314.77
358.00	6408.39
359.00	6394.34
360.00	6389.66
361.00	6464.56
362.00	6555.84
363.00	6574.56
364.00	6551.16
365.00	6513.71
366.00	6518.39
367.00	6413.07
368.00	6607.33
369.00	6523.07
370.00	6649.46
371.00	6555.84
372.00	6516.05
373.00	6722.02
374.00	6672.87
375.00	6913.94
376.00	6691.59
377.00	6808.62
378.00	6810.96
379.00	6923.30
380.00	6930.33
381.00	6817.98
382.00	7129.27
383.00	7225.23
384.00	7152.68
385.00	7246.30
386.00	7332.90
387.00	7243.96
388.00	7246.30
389.00	7218.21
390.00	7309.49
391.00	7506.10
392.00	7318.86
393.00	7536.52
394.00	7466.31
395.00	7637.17
396.00	7733.13
397.00	7644.19
398.00	7698.02
399.00	7854.84
400.00	7843.14
401.00	7714.41
402.00	7808.03
403.00	7756.54
404.00	7988.25
405.00	7913.35
406.00	7737.81
407.00	8187.19
408.00	7906.33
409.00	7627.81
410.00	7779.94
411.00	7932.08
412.00	7974.21
413.00	7995.27
414.00	8126.34
415.00	8121.66
416.00	8053.78
417.00	8145.06
418.00	8086.55
419.00	8163.79
420.00	8098.25
421.00	8245.71
422.00	8168.47
423.00	8416.57
424.00	8154.43
425.00	8039.74
426.00	8098.25
427.00	8175.49
428.00	8271.45
429.00	8095.91
430.00	8180.17
431.00	8053.78
432.00	8168.47
433.00	8182.51
434.00	8156.77
435.00	8210.60
436.00	8189.53
437.00	8135.70
438.00	8472.74
439.00	8390.82
440.00	8454.02
441.00	8463.38
442.00	8564.02
443.00	8636.58
444.00	8603.81
445.00	8538.27
446.00	8365.07
447.00	8889.35
448.00	8594.45
449.00	8636.58
450.00	8479.76
451.00	8404.86
452.00	8884.67
453.00	8807.44
454.00	8634.24
455.00	8908.08
456.00	8732.54
457.00	8793.39
458.00	8891.70
459.00	8821.48
460.00	8769.99
461.00	8760.63
462.00	8894.04
463.00	8823.82
464.00	8992.34
465.00	9158.52
466.00	9013.40
467.00	8929.14
468.00	9191.28
469.00	9235.75
470.00	9493.21
471.00	9167.88
472.00	9177.24
473.00	9310.65
474.00	9177.24
475.00	9495.55
476.00	9493.21
477.00	9469.81
478.00	9401.93
479.00	9373.85
480.00	9481.51
481.00	9495.55
482.00	9776.42
483.00	9781.10
484.00	9525.98
485.00	9811.53
486.00	9493.21
487.00	9790.46
488.00	9848.97
489.00	9736.63
490.00	9902.81
491.00	9898.13
492.00	10047.92
493.00	9856.00
494.00	9909.83
495.00	10111.11
496.00	9977.70
497.00	9858.34
498.00	10085.37
499.00	10167.29
500.00	10331.12
501.00	10300.70
502.00	10134.52
503.00	10256.23
504.00	10244.52
505.00	10399.00
506.00	10242.18
507.00	10457.51
508.00	10455.17
509.00	10228.14
510.00	10279.63
511.00	10434.11
512.00	10539.43
513.00	10511.35
514.00	10700.93
515.00	10581.56
516.00	10501.98
517.00	10614.33
518.00	10539.43
519.00	10801.57
520.00	10647.10
521.00	10967.75
522.00	11033.29
523.00	10740.72
524.00	10651.78
525.00	10862.43
526.00	10860.09
527.00	10857.75
528.00	10839.02
529.00	10839.02
530.00	11066.05
531.00	11246.27
532.00	10815.62
533.00	11030.94
534.00	10916.26
535.00	11152.65
536.00	11059.03
537.00	10890.51
538.00	10991.16
539.00	11162.01
540.00	11009.88
541.00	11014.56
542.00	11206.48
543.00	11335.21
544.00	11382.03
545.00	11398.41
546.00	11534.16
547.00	10876.47
548.00	11494.37
549.00	11716.72
550.00	11585.65
551.00	11826.73
552.00	11630.12
553.00	11758.85
554.00	11840.77
555.00	11576.29
556.00	11763.53
557.00	11506.07
558.00	12126.32
559.00	11906.31
560.00	11997.59
561.00	12105.25
562.00	12456.33
563.00	12053.76
564.00	12123.98
565.00	12226.96
566.00	12376.75
567.00	12325.26
568.00	12329.94
569.00	12503.14
570.00	12138.02
571.00	12669.32
572.00	12957.21
573.00	12622.51
574.00	12957.21
575.00	12624.85
576.00	12896.35
577.00	13013.38
578.00	12879.97
579.00	13107.00
580.00	13128.06
581.00	13312.97
582.00	13195.94
583.00	13392.55
584.00	13312.97
585.00	13612.56
586.00	13694.47
587.00	13879.38
588.00	13900.44
589.00	13802.14
590.00	14075.98
591.00	13905.12
592.00	14167.26
593.00	14157.90
594.00	14604.94
595.00	14434.08
596.00	14443.45
597.00	14848.36
598.00	14497.28
599.00	14888.15
600.00	14883.47
601.00	15171.35
602.00	15030.92
603.00	15321.15
604.00	15335.19
605.00	15494.35
606.00	16044.37
607.00	15400.72
608.00	15974.16
609.00	15690.95
610.00	15838.41
611.00	16095.86
612.00	16102.89
613.00	16290.13
614.00	16709.08
615.00	16482.05
616.00	16531.20
617.00	16823.77
618.00	16795.68
619.00	17055.48
620.00	17041.44
621.00	17261.45
622.00	17319.96
623.00	17631.26
624.00	17830.20
625.00	17706.15
626.00	18003.40
627.00	18401.29
628.00	17799.77
629.00	18494.91
630.00	18462.15
631.00	18958.34
632.00	18221.07
633.00	18656.41
634.00	18848.33
635.00	19190.05
636.00	19138.56
637.00	19316.44
638.00	19728.38
639.00	19569.22
640.00	19672.20
641.00	19955.41
642.00	19939.02
643.00	19866.47
644.00	20243.29
645.00	20430.54
646.00	20299.47
647.00	20606.08
648.00	20582.67
649.00	21039.08
650.00	21830.18
651.00	21490.80
652.00	21633.57
653.00	21806.77
654.00	21757.62
655.00	21958.91
656.00	21996.35
657.00	22333.39
658.00	22675.11
659.00	22450.42
660.00	22852.99
661.00	23108.11
662.00	22731.28
663.00	23164.28
664.00	23501.32
665.00	23396.00
666.00	23552.81
667.00	23807.93
668.00	23613.66
669.00	23487.28
670.00	24077.09
671.00	24009.22
672.00	24423.49
673.00	24772.23
674.00	24524.13
675.00	24622.44
676.00	24374.34
677.00	24790.95
678.00	25151.40
679.00	24959.47
680.00	25226.29
681.00	25427.58
682.00	25783.34
683.00	26005.69
684.00	25759.94
685.00	26190.59
686.00	26211.66
687.00	26197.62
688.00	26167.19
689.00	26071.23
690.00	26492.52
691.00	26944.25
692.00	26794.45
693.00	26902.12
694.00	27531.72
695.00	27346.82
696.00	27419.38
697.00	27386.61
698.00	27482.57
699.00	27960.04
700.00	28313.46
701.00	28060.68
702.00	28315.80
703.00	28458.57
704.00	28322.82
705.00	28826.04
706.00	28367.29
707.00	29270.74
708.00	29181.80
709.00	29521.18
710.00	29834.81
711.00	29076.48
712.00	29200.52
713.00	29640.54
714.00	29591.39
715.00	29900.34
716.00	30349.73
717.00	30321.64
718.00	30307.60
719.00	30232.70
720.00	30230.36
721.00	30398.88
722.00	29989.28
723.00	30520.59
724.00	30583.78
725.00	30913.80
726.00	30944.22
727.00	31077.63
728.00	31569.15
729.00	30897.41
730.00	31222.75
731.00	31541.06
732.00	31377.22
733.00	31302.32
734.00	31608.93
735.00	31454.46
736.00	31622.98
737.00	31524.68
738.00	32034.91
739.00	32231.52
740.00	32147.26
741.00	32470.25
742.00	31814.90
743.00	32123.85
744.00	32210.45
745.00	32568.55
746.00	32680.90
747.00	32809.63
748.00	33181.77
749.00	32877.51
750.00	33193.48
751.00	32938.36
752.00	32720.69
753.00	33415.83
754.00	33340.93
755.00	33521.15
756.00	33392.42
757.00	33574.98
758.00	33179.43
759.00	33425.19
760.00	33949.47
761.00	33949.47
762.00	34181.18
763.00	33848.83
764.00	34164.80
765.00	34724.19
766.00	33968.19
767.00	34237.36
768.00	34511.20
769.00	34621.20
770.00	34895.05
771.00	35302.30
772.00	35339.75
773.00	34838.87
774.00	35051.86
775.00	34991.01
776.00	35248.47
777.00	35395.92
778.00	35543.38
779.00	35599.55
780.00	36140.21
781.00	35262.51
782.00	35590.19
783.00	35414.65
784.00	35732.96
785.00	36105.10
786.00	35756.36
787.00	36699.60
788.00	36584.91
789.00	36531.08
790.00	36533.42
791.00	36636.41
792.00	36694.92
793.00	36779.18
794.00	36713.64
795.00	36687.90
796.00	36882.16
797.00	36849.39
798.00	36975.78
799.00	37315.16
800.00	37298.78
801.00	37258.99
802.00	37638.15
803.00	37450.91
804.00	37675.60
805.00	37469.64
806.00	37816.04
807.00	37982.21
808.00	37656.88
809.00	38447.98
810.00	38220.95
811.00	38258.40
812.00	38527.56
813.00	38122.65
814.00	38337.98
815.00	38234.99
816.00	38272.44
817.00	38651.61
818.00	38972.26
819.00	38733.53
820.00	38775.66
821.00	38506.49
822.00	38485.43
823.00	38557.99
824.00	38878.64
825.00	38604.80
826.00	39299.94
827.00	39047.16
828.00	39328.02
829.00	39194.61
830.00	39208.65
831.00	39166.52
832.00	39409.94
833.00	39482.50
834.00	39452.07
835.00	39653.36
836.00	39810.17
837.00	39522.29
838.00	40074.65
839.00	40102.74
840.00	39866.34
841.00	40376.58
842.00	40327.43
843.00	40528.72
844.00	40308.71
845.00	40266.58
846.00	40191.68
847.00	40297.00
848.00	39887.41
849.00	40519.35
850.00	41003.85
851.00	40950.01
852.00	41125.55
853.00	40825.96
854.00	41069.38
855.00	40903.20
856.00	40641.06
857.00	41588.98
858.00	41315.14
859.00	41584.30
860.00	41436.84
861.00	41160.66
862.00	41415.78
863.00	41551.53
864.00	42021.98
865.00	41635.79
866.00	41682.60
867.00	42089.85
868.00	42178.79
869.00	42227.95
870.00	42586.05
871.00	41949.42
872.00	42010.28
873.00	41830.05
874.00	41797.29
875.00	42160.07
876.00	42667.97
877.00	42693.71
878.00	42663.28
879.00	42410.51
880.00	42422.21
881.00	42501.79
882.00	42749.88
883.00	42351.99
884.00	42883.30
885.00	43051.81
886.00	42607.11
887.00	42824.78
888.00	42712.44
889.00	42703.07
890.00	43370.13
891.00	43089.26
892.00	42780.31
893.00	43512.90
894.00	43337.36
895.00	42810.74
896.00	43175.86
897.00	43267.14
898.00	43318.64
899.00	43175.86
900.00	43763.34
901.00	43903.77
902.00	44006.75
903.00	44091.01
904.00	43363.11
905.00	43875.68
906.00	43880.36
907.00	43447.36
908.00	43786.74
909.00	43892.07
910.00	44151.87
911.00	44463.16
912.00	44289.96
913.00	44067.61
914.00	43899.09
915.00	43849.94
916.00	44460.82
917.00	44205.70
918.00	44645.72
919.00	44973.39
920.00	44257.19
921.00	44928.92
922.00	44460.82
923.00	45113.83
924.00	44685.51
925.00	44458.48
926.00	44287.62
927.00	45244.90
928.00	44992.12
929.00	45375.97
930.00	45205.11
931.00	44711.25
932.00	45481.29
933.00	44854.03
934.00	45305.75
935.00	44947.65
936.00	45057.65
937.00	45778.54
938.00	45378.31
939.00	45104.46
940.00	45385.33
941.00	45904.93
942.00	44917.22
943.00	45277.66
944.00	46059.40
945.00	46134.30
946.00	45764.49
947.00	45993.87
948.00	45577.25
949.00	46113.23
950.00	45998.55
951.00	45530.44
952.00	45612.36
953.00	45790.24
954.00	45904.93
955.00	45865.14
956.00	46202.18
957.00	45773.86
958.00	46120.26
959.00	45799.60
960.00	46176.43
961.00	45525.76
962.00	46089.83
963.00	46405.80
964.00	46436.23
965.00	46625.81
966.00	46883.27
967.00	47002.64
968.00	46899.65
969.00	47019.02
970.00	46630.49
971.00	47166.48
972.00	46983.91
973.00	47416.91
974.00	47196.90
975.00	46834.12
976.00	47306.91
977.00	46976.89
978.00	46726.46
979.00	46550.91
980.00	47297.55
981.00	47012.00
982.00	47278.82
983.00	47819.49
984.00	47276.48
985.00	47517.56
986.00	48032.47
987.00	47061.15
988.00	46990.94
989.00	47157.11
990.00	47166.48
991.00	47723.52
992.00	47552.66
993.00	47723.52
994.00	47545.64
995.00	47576.07
996.00	47398.19
997.00	47707.14
998.00	47936.51
999.00	47503.51
1000.00	47842.89
1001.00	48137.80
1002.00	47957.58
1003.00	47751.61
1004.00	47964.60
1005.00	47660.33
1006.00	47805.44
1007.00	48472.49
1008.00	47760.97
1009.00	48081.63
1010.00	48238.44
1011.00	48004.39
1012.00	48254.82
1013.00	48650.38
1014.00	48294.61
1015.00	48392.92
1016.00	48137.80
1017.00	47629.90
1018.00	48449.09
1019.00	48067.58
1020.00	48633.99
1021.00	48641.01
1022.00	48418.66
1023.00	48364.83
1024.00	48605.91
1025.00	48502.92
1026.00	48694.85
1027.00	48802.51
1028.00	48736.98
1029.00	48940.60
1030.00	48332.06
1031.00	48865.70
1032.00	49029.54
1033.00	48800.17
1034.00	48605.91
1035.00	49165.29
1036.00	48741.66
1037.00	49155.93
1038.00	48498.24
1039.00	48992.09
1040.00	49085.72
1041.00	48744.00
1042.00	48971.03
1043.00	49008.48
1044.00	48865.70
1045.00	48975.71
1046.00	49151.25
1047.00	49038.90
1048.00	48956.99
1049.00	49799.58
1050.00	48905.49
1051.00	49492.97
1052.00	49549.14
1053.00	49336.15
1054.00	48971.03
1055.00	48868.05
1056.00	49209.76
1057.00	49022.52
1058.00	49380.62
1059.00	49448.50
1060.00	49542.12
1061.00	49134.87
1062.00	49287.00
1063.00	49649.78
1064.00	49228.49
1065.00	49277.64
1066.00	49392.33
1067.00	49298.70
1068.00	49277.64
1069.00	49694.25
1070.00	49748.09
1071.00	49600.63
1072.00	49567.87
1073.00	49628.72
1074.00	49715.32
1075.00	49645.10
1076.00	49462.54
1077.00	49490.63
1078.00	49537.44
1079.00	49441.48
1080.00	49921.29
1081.00	49790.22
1082.00	49563.18
1083.00	49429.77
1084.00	49858.09
1085.00	49464.88
1086.00	49773.83
1087.00	49392.33
1088.00	49757.45
1089.00	49251.89
1090.00	50010.23
1091.00	49956.39
1092.00	49797.24
1093.00	50000.86
1094.00	49312.75
1095.00	49696.59
1096.00	49525.74
1097.00	49659.15
1098.00	49698.94
1099.00	49893.20
1100.00	50232.58
1101.00	50157.68
1102.00	49738.72
1103.00	50007.89
1104.00	49806.60
1105.00	49635.74
1106.00	49820.64
1107.00	49921.29
1108.00	49874.48
1109.00	50005.55
1110.00	50045.33
1111.00	50436.20
1112.00	49930.65
1113.00	50614.08
1114.00	49799.58
1115.00	49982.14
1116.00	50078.10
1117.00	49815.96
1118.00	50103.85
1119.00	49654.47
1120.00	50230.24
1121.00	50017.25
1122.00	50007.89
1123.00	49879.16
1124.00	49698.94
1125.00	49914.26
1126.00	49654.47
1127.00	49876.82
1128.00	50150.66
1129.00	49935.33
1130.00	49972.78
1131.00	50302.79
1132.00	49935.33
1133.00	50129.59
1134.00	50265.34
1135.00	49832.35
1136.00	50068.74
1137.00	50024.27
1138.00	49858.09
1139.00	49989.16
1140.00	50042.99
1141.00	49804.26
1142.00	49956.39
1143.00	50356.63
1144.00	50426.84
1145.00	50344.92
1146.00	50234.92
1147.00	50073.42
1148.00	50131.93
1149.00	49708.30
1150.00	49867.45
1151.00	50307.47
1152.00	50040.65
1153.00	50791.97
1154.00	49991.50
1155.00	50391.73
1156.00	50103.85
1157.00	50183.43
1158.00	49968.10
1159.00	49876.82
1160.00	50272.37
1161.00	50459.61
1162.00	50199.81
1163.00	49977.46
1164.00	50216.19
1165.00	50253.64
1166.00	50160.02
1167.00	50174.06
1168.00	50328.54
1169.00	50274.71
1170.00	49694.25
1171.00	50291.09
1172.00	50277.05
1173.00	49930.65
1174.00	50157.68
1175.00	50206.83
1176.00	50101.51
1177.00	50190.45
1178.00	50014.91
1179.00	49778.51
1180.00	49757.45
1181.00	49827.66
1182.00	49839.37
1183.00	50035.97
1184.00	50096.83
1185.00	50768.56
1186.00	50150.66
1187.00	49893.20
1188.00	50452.59
1189.00	49822.98
1190.00	49656.81
1191.00	49785.54
1192.00	50014.91
1193.00	50033.63
1194.00	49932.99
1195.00	50143.64
1196.00	50319.18
1197.00	50124.91
1198.00	50143.64
1199.00	49888.52
1200.00	50019.59
1201.00	49764.47
1202.00	49963.42
1203.00	49977.46
1204.00	50108.53
1205.00	49867.45
1206.00	50059.38
1207.00	50316.84
1208.00	50272.37
1209.00	50248.96
1210.00	50274.71
1211.00	49998.52
1212.00	49909.58
1213.00	50087.46
1214.00	50099.17
1215.00	49897.88
1216.00	50099.17
1217.00	50115.55
1218.00	50300.45
1219.00	50031.29
1220.00	50412.80
1221.00	50333.22
1222.00	49717.66
1223.00	50391.73
1224.00	49853.41
1225.00	49581.91
1226.00	49848.73
1227.00	49806.60
1228.00	50356.63
1229.00	49935.33
1230.00	50134.28
1231.00	49848.73
1232.00	50260.66
1233.00	50178.75
1234.00	50042.99
1235.00	49825.32
1236.00	49628.72
1237.00	49869.79
1238.00	50211.51
1239.00	50096.83
1240.00	50672.60
1241.00	50026.61
1242.00	50410.46
1243.00	50696.00
1244.00	50293.43
1245.00	50286.41
1246.00	49942.35
1247.00	50007.89
1248.00	50487.70
1249.00	49588.93
1250.00	50131.93
1251.00	50272.37
1252.00	50068.74
1253.00	50436.20
1254.00	50153.00
1255.00	50321.52
1256.00	50131.93
1257.00	50120.23
1258.00	50174.06
1259.00	49991.50
1260.00	49986.82
1261.00	49986.82
1262.00	50515.78
1263.00	50401.10
1264.00	50749.84
1265.00	50600.04
1266.00	50777.92
1267.00	50199.81
1268.00	49918.95
1269.00	50356.63
1270.00	50239.60
1271.00	50138.96
1272.00	50148.32
1273.00	50260.66
1274.00	50525.14
1275.00	50295.77
1276.00	50244.28
1277.00	50216.19
1278.00	50073.42
1279.00	50534.51
1280.00	50199.81
1281.00	50232.58
1282.00	50335.56
1283.00	50279.39
1284.00	50216.19
1285.00	50010.23
1286.00	50157.68
1287.00	50621.11
1288.00	50447.91
1289.00	50305.13
1290.00	50394.07
1291.00	50326.20
1292.00	50234.92
1293.00	49975.12
1294.00	50340.24
1295.00	49827.66
1296.00	50103.85
1297.00	50248.96
1298.00	50251.30
1299.00	50225.56
1300.00	50384.71
1301.00	50223.22
1302.00	50314.50
1303.00	50021.93
1304.00	50272.37
1305.00	50113.21
1306.00	50213.85
1307.00	49654.47
1308.00	50113.21
1309.00	50263.00
1310.00	50162.36
1311.00	50560.25
1312.00	50415.14
1313.00	50562.59
1314.00	50267.69
1315.00	50274.71
1316.00	50005.55
1317.00	50358.97
1318.00	50134.28
1319.00	50478.33
1320.00	50124.91
1321.00	49797.24
1322.00	50440.89
1323.00	50635.15
1324.00	50443.23
1325.00	50487.70
1326.00	50279.39
1327.00	49975.12
1328.00	50293.43
1329.00	49937.67
1330.00	50213.85
1331.00	49977.46
1332.00	50466.63
1333.00	49925.97
1334.00	50206.83
1335.00	50396.42
1336.00	50272.37
1337.00	50157.68
1338.00	50148.32
1339.00	49942.35
1340.00	50122.57
1341.00	50047.68
1342.00	50136.62
1343.00	49535.10
1344.00	50169.38
1345.00	50248.96
1346.00	49820.64
1347.00	50227.90
1348.00	50499.40
1349.00	50218.53
1350.00	50174.06
1351.00	50071.08
1352.00	49951.71
1353.00	49900.22
1354.00	49532.76
1355.00	49336.15
1356.00	49734.04
1357.00	49872.14
1358.00	49972.78
1359.00	49806.60
1360.00	49940.01
1361.00	49989.16
1362.00	49876.82
1363.00	50113.21
1364.00	49780.85
1365.00	49301.04
1366.00	49989.16
1367.00	49425.09
1368.00	49516.37
1369.00	49610.00
1370.00	49773.83
1371.00	49373.60
1372.00	49673.19
1373.00	49551.48
1374.00	49839.37
1375.00	49450.84
1376.00	49626.38
1377.00	49450.84
1378.00	49179.34
1379.00	49373.60
1380.00	49347.86
1381.00	49034.22
1382.00	49193.38
1383.00	49476.58
1384.00	49282.32
1385.00	49378.28
1386.00	49509.35
1387.00	49345.51
1388.00	49537.44
1389.00	49368.92
1390.00	48795.49
1391.00	49301.04
1392.00	49059.97
1393.00	49008.48
1394.00	48975.71
1395.00	49134.87
1396.00	48603.56
1397.00	49368.92
1398.00	49518.71
1399.00	49359.56
1400.00	49347.86
1401.00	49581.91
1402.00	49038.90
1403.00	48786.13
1404.00	48839.96
1405.00	48477.18
1406.00	48638.67
1407.00	48788.47
1408.00	48875.07
1409.00	49174.66
1410.00	49097.42
1411.00	48842.30
1412.00	48802.51
1413.00	48781.45
1414.00	48942.94
1415.00	49008.48
1416.00	48863.36
1417.00	48641.01
1418.00	48348.45
1419.00	48395.26
1420.00	48339.08
1421.00	48769.74
1422.00	48559.09
1423.00	48566.12
1424.00	48374.19
1425.00	48151.84
1426.00	48589.52
1427.00	48671.44
1428.00	48067.58
1429.00	47924.81
1430.00	48170.57
1431.00	48376.53
1432.00	47728.20
1433.00	48168.22
1434.00	48027.79
1435.00	48374.19
1436.00	48416.32
1437.00	48023.11
1438.00	48240.78
1439.00	48594.20
1440.00	48058.22
1441.00	48245.46
1442.00	48126.10
1443.00	47749.27
1444.00	47711.82
1445.00	47447.34
1446.00	47945.87
1447.00	47580.75
1448.00	47590.11
1449.00	47597.13
1450.00	47849.91
1451.00	47906.08
1452.00	48123.75
1453.00	47913.11
1454.00	48332.06
1455.00	47239.03
1456.00	47849.91
1457.00	47517.56
1458.00	47707.14
1459.00	47910.77
1460.00	47526.92
1461.00	47639.26
1462.00	47566.71
1463.00	47517.56
1464.00	47791.40
1465.00	47798.42
1466.00	47540.96
1467.00	47508.19
1468.00	47386.49
1469.00	47180.52
1470.00	47330.31
1471.00	47058.81
1472.00	46766.24
1473.00	47180.52
1474.00	46686.67
1475.00	47161.79
1476.00	47138.39
1477.00	47320.95
1478.00	47056.47
1479.00	47592.45
1480.00	47227.33
1481.00	46969.87
1482.00	47061.15
1483.00	46880.93
1484.00	46611.77
1485.00	46337.93
1486.00	46906.68
1487.00	45830.03
1488.00	46555.60
1489.00	46712.41
1490.00	46705.39
1491.00	46607.09
1492.00	46494.74
1493.00	46333.24
1494.00	46424.53
1495.00	46850.50
1496.00	46272.39
1497.00	46204.52
1498.00	46347.29
1499.00	45900.25
1500.00	45949.40
1501.00	46073.45
1502.00	46342.61
1503.00	46054.72
1504.00	46195.15
1505.00	46305.16
1506.00	46337.93
1507.00	46075.79
1508.00	46007.91
1509.00	45916.63
1510.00	45535.12
1511.00	46033.66
1512.00	45502.35
1513.00	45530.44
1514.00	45673.21
1515.00	45940.04
1516.00	45556.19
1517.00	45574.91
1518.00	45581.93
1519.00	45549.17
1520.00	45815.99
1521.00	46005.57
1522.00	45691.94
1523.00	45523.42
1524.00	45818.33
1525.00	45277.66
1526.00	45455.54
1527.00	45069.36
1528.00	45301.07
1529.00	45366.60
1530.00	44940.63
1531.00	45366.60
1532.00	45202.77
1533.00	45092.76
1534.00	45188.72
1535.00	45439.16
1536.00	45050.63
1537.00	45081.06
1538.00	44921.90
1539.00	44975.73
1540.00	44708.91
1541.00	44858.71
1542.00	44715.93
1543.00	45170.00
1544.00	44868.07
1545.00	44760.40
1546.00	44842.32
1547.00	44868.07
1548.00	45003.82
1549.00	45102.12
1550.00	44933.60
1551.00	45521.08
1552.00	44566.14
1553.00	44140.16
1554.00	44783.81
1555.00	44112.08
1556.00	44320.38
1557.00	44502.95
1558.00	44243.15
1559.00	44634.02
1560.00	44432.73
1561.00	44596.57
1562.00	44198.68
1563.00	44615.29
1564.00	43936.54
1565.00	43873.34
1566.00	43779.72
1567.00	43826.53
1568.00	43950.58
1569.00	43952.92
1570.00	44161.23
1571.00	44282.94
1572.00	43400.55
1573.00	43744.61
1574.00	44065.27
1575.00	43709.50
1576.00	43840.57
1577.00	43934.20
1578.00	44100.37
1579.00	44339.11
1580.00	43821.85
1581.00	43555.03
1582.00	43620.56
1583.00	43456.73
1584.00	43276.51
1585.00	43555.03
1586.00	43468.43
1587.00	43351.40
1588.00	43295.23
1589.00	43782.06
1590.00	43232.04
1591.00	43391.19
1592.00	43697.80
1593.00	43487.15
1594.00	43035.43
1595.00	43552.69
1596.00	42876.27
1597.00	43456.73
1598.00	43290.55
1599.00	43274.16
1600.00	42731.16
1601.00	42752.23
1602.00	42724.14
1603.00	43260.12
1604.00	42742.86
1605.00	42981.60
1606.00	43117.35
1607.00	42607.11
1608.00	42808.40
1609.00	42972.24
1610.00	42328.59
1611.00	42691.37
1612.00	42375.40
1613.00	42246.67
1614.00	42454.98
1615.00	42555.62
1616.00	42396.46
1617.00	42251.35
1618.00	42747.54
1619.00	42483.06
1620.00	43063.52
1621.00	42808.40
1622.00	42803.72
1623.00	43185.22
1624.00	42476.04
1625.00	42366.04
1626.00	42438.59
1627.00	42490.09
1628.00	42087.51
1629.00	42106.24
1630.00	42178.79
1631.00	41930.70
1632.00	42005.59
1633.00	42171.77
1634.00	41794.95
1635.00	41937.72
1636.00	42490.09
1637.00	42108.58
1638.00	42373.06
1639.00	41645.15
1640.00	41453.23
1641.00	41846.44
1642.00	41277.69
1643.00	41696.64
1644.00	41762.18
1645.00	41221.52
1646.00	41766.86
1647.00	41881.55
1648.00	41818.35
1649.00	41691.96
1650.00	41647.49
1651.00	41902.61
1652.00	42017.30
1653.00	41460.25
1654.00	41614.72
1655.00	41717.71
1656.00	41567.91
1657.00	41216.83
1658.00	41294.07
1659.00	41270.67
1660.00	40877.46
1661.00	40861.07
1662.00	41277.69
1663.00	41394.71
1664.00	41280.03
1665.00	41387.69
1666.00	41504.72
1667.00	41450.89
1668.00	41502.38
1669.00	41277.69
1670.00	40823.62
1671.00	40886.82
1672.00	40928.95
1673.00	40769.79
1674.00	40411.69
1675.00	40809.58
1676.00	40554.46
1677.00	40526.38
1678.00	40870.43
1679.00	40711.28
1680.00	40795.54
1681.00	41029.59
1682.00	40835.33
1683.00	40612.98
1684.00	40622.34
1685.00	40783.83
1686.00	40727.66
1687.00	40418.71
1688.00	40643.40
1689.00	40222.11
1690.00	40217.43
1691.00	40304.02
1692.00	40053.59
1693.00	40194.02
1694.00	40058.27
1695.00	39725.91
1696.00	40362.54
1697.00	40353.18
1698.00	40491.27
1699.00	40325.09
1700.00	40168.27
1701.00	39896.77
1702.00	40081.67
1703.00	39522.29
1704.00	39725.91
1705.00	39409.94
1706.00	39573.78
1707.00	39571.44
1708.00	39449.73
1709.00	39768.04
1710.00	39744.64
1711.00	39887.41
1712.00	39299.94
1713.00	39779.74
1714.00	39798.47
1715.00	39714.21
1716.00	39615.91
1717.00	38796.72
1718.00	39072.90
1719.00	39349.09
1720.00	38836.51
1721.00	39002.69
1722.00	39063.54
1723.00	38906.73
1724.00	38712.46
1725.00	38569.69
1726.00	38553.30
1727.00	38323.93
1728.00	38876.30
1729.00	38808.42
1730.00	38590.75
1731.00	38897.36
1732.00	39021.41
1733.00	38918.43
1734.00	38202.22
1735.00	38747.57
1736.00	38239.67
1737.00	37944.76
1738.00	37933.06
1739.00	37528.15
1740.00	37975.19
1741.00	37890.93
1742.00	38192.86
1743.00	37897.95
1744.00	37446.23
1745.00	38136.69
1746.00	37497.72
1747.00	38609.48
1748.00	38054.77
1749.00	37415.80
1750.00	37741.14
1751.00	37347.93
1752.00	37502.40
1753.00	36926.63
1754.00	37031.96
1755.00	37350.27
1756.00	37200.47
1757.00	37120.90
1758.00	37249.63
1759.00	36833.01
1760.00	37460.27
1761.00	37120.90
1762.00	36538.10
1763.00	37043.66
1764.00	36767.48
1765.00	36837.69
1766.00	36704.28
1767.00	37024.93
1768.00	36332.14
1769.00	36198.73
1770.00	36400.01
1771.00	36460.87
1772.00	36680.88
1773.00	36444.48
1774.00	36315.75
1775.00	36437.46
1776.00	36081.70
1777.00	36449.16
1778.00	36130.85
1779.00	36098.08
1780.00	36233.83
1781.00	35892.12
1782.00	35894.46
1783.00	35990.42
1784.00	35641.68
1785.00	35136.12
1786.00	34976.97
1787.00	35379.54
1788.00	35077.61
1789.00	35101.01
1790.00	35143.14
1791.00	35070.59
1792.00	35229.74
1793.00	35182.93
1794.00	35349.11
1795.00	35187.61
1796.00	34838.87
1797.00	35058.88
1798.00	35283.58
1799.00	34742.91
1800.00	35152.51
1801.00	34464.39
1802.00	34082.88
1803.00	34574.39
1804.00	34286.51
1805.00	33907.34
1806.00	34478.43
1807.00	34450.35
1808.00	34237.36
1809.00	34185.86
1810.00	34148.42
1811.00	34281.83
1812.00	34043.09
1813.00	34139.05
1814.00	33624.14
1815.00	33963.51
1816.00	33605.41
1817.00	33591.37
1818.00	33816.06
1819.00	33380.72
1820.00	33490.73
1821.00	33237.95
1822.00	33027.30
1823.00	33177.09
1824.00	32919.63
1825.00	32959.42
1826.00	32751.12
1827.00	32884.53
1828.00	33130.28
1829.00	32856.44
1830.00	33024.96
1831.00	31812.56
1832.00	32982.83
1833.00	32711.33
1834.00	32648.13
1835.00	32620.05
1836.00	32329.82
1837.00	31917.89
1838.00	31861.71
1839.00	31842.99
1840.00	31784.48
1841.00	31342.11
1842.00	31580.85
1843.00	31683.83
1844.00	30960.61
1845.00	31562.12
1846.00	31206.36
1847.00	31140.83
1848.00	31267.22
1849.00	31171.25
1850.00	31007.42
1851.00	30946.56
1852.00	30677.40
1853.00	30691.44
1854.00	30548.67
1855.00	30174.19
1856.00	30684.42
1857.00	30162.48
1858.00	30162.48
1859.00	30078.22
1860.00	30038.44
1861.00	30024.39
1862.00	30178.87
1863.00	29954.18
1864.00	30218.66
1865.00	29699.06
1866.00	29729.48
1867.00	29734.17
1868.00	29436.92
1869.00	29521.18
1870.00	29717.78
1871.00	29266.06
1872.00	29284.78
1873.00	29191.16
1874.00	28648.16
1875.00	28718.37
1876.00	28774.55
1877.00	28563.90
1878.00	28524.11
1879.00	28163.67
1880.00	28563.90
1881.00	28746.46
1882.00	28360.27
1883.00	28290.06
1884.00	28397.72
1885.00	28294.74
1886.00	28041.96
1887.00	27845.35
1888.00	28053.66
1889.00	27906.21
1890.00	27597.26
1891.00	27489.59
1892.00	27012.12
1893.00	27157.24
1894.00	27264.90
1895.00	27164.26
1896.00	26890.41
1897.00	26859.99
1898.00	26803.82
1899.00	27084.68
1900.00	26841.26
1901.00	26766.37
1902.00	26600.19
1903.00	26787.43
1904.00	26520.61
1905.00	25947.18
1906.00	26068.89
1907.00	25933.14
1908.00	25570.35
1909.00	26024.42
1910.00	25532.90
1911.00	25612.48
1912.00	25486.09
1913.00	25649.93
1914.00	25610.14
1915.00	25500.14
1916.00	25773.98
1917.00	25050.75
1918.00	25614.82
1919.00	25446.30
1920.00	25312.89
1921.00	25191.19
1922.00	25010.96
1923.00	25078.84
1924.00	24690.31
1925.00	24542.86
1926.00	24603.71
1927.00	24439.87
1928.00	23814.95
1929.00	24243.27
1930.00	23859.42
1931.00	24173.05
1932.00	23920.28
1933.00	23964.75
1934.00	24084.11
1935.00	24112.20
1936.00	24229.23
1937.00	23714.31
1938.00	23751.76
1939.00	23714.31
1940.00	23873.46
1941.00	23498.98
1942.00	23255.56
1943.00	23204.07
1944.00	23384.29
1945.00	22972.36
1946.00	22731.28
1947.00	22525.32
1948.00	22155.51
1949.00	22434.03
1950.00	22546.38
1951.00	22286.58
1952.00	22347.44
1953.00	22586.17
1954.00	22284.24
1955.00	21949.54
1956.00	22270.20
1957.00	21928.48
1958.00	22251.47
1959.00	22085.30
1960.00	21659.32
1961.00	21774.00
1962.00	21542.29
1963.00	21886.35
1964.00	21598.46
1965.00	21315.26
1966.00	21326.96
1967.00	21046.10
1968.00	21074.18
1969.00	21039.08
1970.00	20917.37
1971.00	20980.56
1972.00	20790.98
1973.00	21018.01
1974.00	20805.02
1975.00	20723.10
1976.00	20416.49
1977.00	20484.37
1978.00	20388.41
1979.00	20123.93
1980.00	19976.47
1981.00	20091.16
1982.00	19995.20
1983.00	19995.20
1984.00	19985.83
1985.00	19719.01
1986.00	19552.84
1987.00	19508.37
1988.00	19222.82
1989.00	19662.84
1990.00	18972.38
1991.00	19508.37
1992.00	19103.45
1993.00	19084.73
1994.00	19007.49
1995.00	19110.47
1996.00	19206.44
1997.00	18958.34
1998.00	18998.13
1999.00	18906.85
2000.00	18604.92
2001.00	18710.24
2002.00	18504.28
2003.00	18511.30
2004.00	18459.81
2005.00	18195.32
2006.00	18132.13
2007.00	17891.06
2008.00	18040.85
2009.00	17900.42
2010.00	17596.15
2011.00	17919.14
2012.00	17619.55
2013.00	17830.20
2014.00	17542.32
2015.00	17668.70
2016.00	17390.18
2017.00	17694.45
2018.00	17554.02
2019.00	17444.01
2020.00	17397.20
2021.00	17170.17
2022.00	16954.84
2023.00	16671.64
2024.00	16273.74
2025.00	16673.98
2026.00	16704.40
2027.00	16542.91
2028.00	16472.69
2029.00	16521.84
2030.00	16255.02
2031.00	16500.78
2032.00	16493.76
2033.00	16336.94
2034.00	16554.61
2035.00	16292.47
2036.00	16421.20
2037.00	16271.40
2038.00	16189.49
2039.00	15555.20
2040.00	15789.25
2041.00	15672.23
2042.00	15805.64
2043.00	15386.68
2044.00	15468.60
2045.00	15344.55
2046.00	15382.00
2047.00	15494.35
