0.00	1053.24
1.00	1053.24
2.00	1053.24
3.00	929.19
4.00	901.11
5.00	990.05
6.00	971.32
7.00	947.92
8.00	938.55
9.00	947.92
10.00	985.37
11.00	971.32
12.00	919.83
13.00	943.24
14.00	971.32
15.00	961.96
16.00	950.26
17.00	917.49
18.00	952.60
19.00	1013.45
20.00	994.73
21.00	1004.09
22.00	999.41
23.00	1053.24
24.00	1039.20
25.00	1373.89
26.00	1488.58
27.00	1488.58
28.00	1455.81
29.00	1380.92
30.00	1544.75
31.00	1493.26
32.00	1476.88
33.00	1516.67
34.00	1535.39
35.00	1533.05
36.00	1577.52
37.00	1504.96
38.00	1563.48
39.00	1493.26
40.00	1547.09
41.00	1614.97
42.00	1598.59
43.00	1605.61
44.00	1610.29
45.00	1645.40
46.00	1675.82
47.00	1638.38
48.00	1593.90
49.00	1638.38
50.00	1753.06
51.00	1603.27
52.00	1657.10
53.00	1715.61
54.00	1682.85
55.00	1678.16
56.00	1593.90
57.00	1633.69
58.00	1647.74
59.00	1584.54
60.00	1739.02
61.00	1762.42
62.00	1575.18
63.00	1657.10
64.00	1755.40
65.00	1671.14
66.00	1659.44
67.00	1774.13
68.00	1783.49
69.00	1743.70
70.00	1781.15
71.00	1755.40
72.00	1774.13
73.00	1743.70
74.00	1764.76
75.00	1769.44
76.00	1820.94
77.00	1785.83
78.00	1783.49
79.00	1825.62
80.00	1776.47
81.00	1816.26
82.00	1895.83
83.00	1844.34
84.00	1771.79
85.00	1858.39
86.00	1912.22
87.00	1900.52
88.00	1902.86
89.00	1954.35
90.00	1867.75
91.00	1898.17
92.00	1933.28
93.00	1935.62
94.00	1919.24
95.00	1963.71
96.00	1966.05
97.00	1923.92
98.00	1987.11
99.00	1984.77
100.00	1975.41
101.00	1949.67
102.00	1856.04
103.00	2047.97
104.00	1905.20
105.00	2015.20
106.00	1954.35
107.00	2003.50
108.00	1956.69
109.00	1968.39
110.00	2122.87
111.00	1956.69
112.00	2097.12
113.00	2050.31
114.00	1987.11
115.00	2031.58
116.00	2127.55
117.00	2076.06
118.00	2083.08
119.00	1987.11
120.00	2186.06
121.00	2087.76
122.00	2179.04
123.00	2132.23
124.00	2071.37
125.00	2094.78
126.00	2239.89
127.00	2202.44
128.00	2235.21
129.00	2221.17
130.00	2207.13
131.00	2190.74
132.00	2249.25
133.00	2195.42
134.00	2211.81
135.00	2298.41
136.00	2291.38
137.00	2319.47
138.00	2312.45
139.00	2338.20
140.00	2289.04
141.00	2265.64
142.00	2387.35
143.00	2366.28
144.00	2382.67
145.00	2293.72
146.00	2352.24
147.00	2385.01
148.00	2375.64
149.00	2349.90
150.00	2464.58
151.00	2352.24
152.00	2382.67
153.00	2429.48
154.00	2455.22
155.00	2478.63
156.00	2567.57
157.00	2459.90
158.00	2544.16
159.00	2473.95
160.00	2511.39
161.00	2560.55
162.00	2590.97
163.00	2516.08
164.00	2492.67
165.00	2614.38
166.00	2626.08
167.00	2705.66
168.00	2600.34
169.00	2640.12
170.00	2532.46
171.00	2626.08
172.00	2754.81
173.00	2649.49
174.00	2773.53
175.00	2703.32
176.00	2605.02
177.00	2796.94
178.00	2724.38
179.00	2897.58
180.00	2810.98
181.00	2743.11
182.00	2773.53
183.00	2682.25
184.00	2890.56
185.00	2806.30
186.00	2871.84
187.00	2939.71
188.00	2944.39
189.00	2913.97
190.00	2923.33
191.00	2920.99
192.00	2963.12
193.00	3021.63
194.00	3089.51
195.00	3094.19
196.00	2991.20
197.00	2998.23
198.00	3119.93
199.00	3119.93
200.00	3094.19
201.00	3049.72
202.00	3173.77
203.00	3169.09
204.00	3194.83
205.00	3183.13
206.00	3262.71
207.00	3220.58
208.00	3332.92
209.00	3222.92
210.00	3293.13
211.00	3344.63
212.00	3157.38
213.00	3185.47
214.00	3208.87
215.00	3386.76
216.00	3361.01
217.00	3267.39
218.00	3403.14
219.00	3316.54
220.00	3454.63
221.00	3438.25
222.00	3555.27
223.00	3485.06
224.00	3531.87
225.00	3651.24
226.00	3578.68
227.00	3543.57
228.00	3538.89
229.00	3630.17
230.00	3618.47
231.00	3707.41
232.00	3630.17
233.00	3831.46
234.00	3885.29
235.00	3749.54
236.00	3904.01
237.00	3726.13
238.00	3955.51
239.00	3978.91
240.00	4046.79
241.00	3932.10
242.00	4098.28
243.00	3988.27
244.00	3946.14
245.00	4252.75
246.00	3997.64
247.00	3992.95
248.00	4152.11
249.00	4070.19
250.00	4210.62
251.00	4210.62
252.00	4241.05
253.00	4283.18
254.00	4280.84
255.00	4367.44
256.00	4259.78
257.00	4369.78
258.00	4440.00
259.00	4622.56
260.00	4524.26
261.00	4622.56
262.00	4517.23
263.00	4468.08
264.00	4566.39
265.00	4533.62
266.00	4580.43
267.00	4730.22
268.00	4706.82
269.00	4706.82
270.00	4690.43
271.00	4816.82
272.00	4695.11
273.00	4868.31
274.00	4753.63
275.00	4865.97
276.00	5022.79
277.00	4959.60
278.00	4842.57
279.00	4858.95
280.00	5043.85
281.00	4997.04
282.00	4975.98
283.00	5067.26
284.00	4975.98
285.00	5067.26
286.00	5102.37
287.00	5195.99
288.00	5050.88
289.00	5174.92
290.00	5259.18
291.00	5083.64
292.00	5060.24
293.00	5210.03
294.00	5156.20
295.00	5390.25
296.00	5214.71
297.00	5430.04
298.00	5135.14
299.00	5247.48
300.00	5404.30
301.00	5240.46
302.00	5142.16
303.00	5102.37
304.00	5392.59
305.00	5282.59
306.00	5444.09
307.00	5320.04
308.00	5224.08
309.00	5268.55
310.00	5364.51
311.00	5362.17
312.00	5310.68
313.00	5362.17
314.00	5371.53
315.00	5479.19
316.00	5313.02
317.00	5451.11
318.00	5511.96
319.00	5474.51
320.00	5420.68
321.00	5610.26
322.00	5441.75
323.00	5432.38
324.00	5701.54
325.00	5577.50
326.00	5526.00
327.00	5827.93
328.00	5659.42
329.00	5589.20
330.00	5753.04
331.00	5792.83
332.00	5650.05
333.00	5631.33
334.00	5951.98
335.00	6061.99
336.00	6036.24
337.00	5900.49
338.00	5914.53
339.00	5774.10
340.00	5933.26
341.00	6052.63
342.00	6106.46
343.00	5977.73
344.00	6008.16
345.00	6209.44
346.00	6073.69
347.00	6026.88
348.00	6179.01
349.00	6188.38
350.00	6115.82
351.00	6195.40
352.00	6183.70
353.00	6352.21
354.00	6253.91
355.00	6265.61
356.00	6169.65
357.00	6258.59
358.00	6520.73
359.00	6319.45
360.00	6410.73
361.00	6319.45
362.00	6558.18
363.00	6438.81
364.00	6492.65
365.00	6523.07
366.00	6466.90
367.00	6574.56
368.00	6726.70
369.00	6565.20
370.00	6619.04
371.00	6602.65
372.00	6459.88
373.00	6806.28
374.00	6864.79
375.00	6731.38
376.00	6621.38
377.00	6867.13
378.00	6679.89
379.00	6895.22
380.00	7026.29
381.00	6918.62
382.00	7016.93
383.00	7204.17
384.00	7159.70
385.00	7211.19
386.00	7164.38
387.00	7227.57
388.00	7353.96
389.00	7178.42
390.00	7440.56
391.00	7555.25
392.00	7328.22
393.00	7307.15
394.00	7641.85
395.00	7627.81
396.00	7691.00
397.00	7793.98
398.00	7536.52
399.00	7754.19
400.00	7948.46
401.00	7803.35
402.00	7810.37
403.00	7719.09
404.00	7793.98
405.00	7822.07
406.00	7882.92
407.00	8011.65
408.00	7871.22
409.00	7545.89
410.00	7878.24
411.00	8074.85
412.00	7943.78
413.00	7953.14
414.00	8060.80
415.00	8053.78
416.00	8035.06
417.00	8011.65
418.00	8135.70
419.00	8278.47
420.00	8126.34
421.00	8161.45
422.00	8252.73
423.00	8105.28
424.00	8049.10
425.00	8004.63
426.00	8287.84
427.00	8201.24
428.00	8234.00
429.00	8191.88
430.00	8102.93
431.00	8154.43
432.00	8210.60
433.00	8273.79
434.00	8222.30
435.00	8346.35
436.00	8140.38
437.00	8266.77
438.00	8334.65
439.00	8585.08
440.00	8505.51
441.00	8496.14
442.00	8688.07
443.00	8454.02
444.00	8437.63
445.00	8596.79
446.00	8685.73
447.00	8727.86
448.00	8683.39
449.00	8751.26
450.00	8620.19
451.00	8650.62
452.00	8908.08
453.00	8849.57
454.00	8659.98
455.00	8676.37
456.00	8814.46
457.00	9153.84
458.00	8940.85
459.00	8765.31
460.00	8847.22
461.00	9001.70
462.00	8870.63
463.00	9032.13
464.00	8870.63
465.00	9032.13
466.00	9102.34
467.00	8954.89
468.00	9170.22
469.00	9085.96
470.00	9289.59
471.00	9160.86
472.00	9100.00
473.00	9394.91
474.00	9394.91
475.00	9364.48
476.00	9415.98
477.00	9408.95
478.00	9692.16
479.00	9582.15
480.00	9628.96
481.00	9638.33
482.00	9799.82
483.00	9565.77
484.00	9535.34
485.00	9865.36
486.00	9762.37
487.00	9877.06
488.00	9755.35
489.00	10022.17
490.00	9877.06
491.00	9863.02
492.00	9884.08
493.00	9947.28
494.00	10001.11
495.00	10263.25
496.00	10129.84
497.00	9947.28
498.00	10178.99
499.00	10207.08
500.00	10204.74
501.00	10164.95
502.00	10122.82
503.00	10150.90
504.00	10284.31
505.00	10445.81
506.00	10298.36
507.00	10464.54
508.00	10546.45
509.00	10443.47
510.00	10438.79
511.00	10518.37
512.00	10581.56
513.00	10441.13
514.00	10628.37
515.00	10623.69
516.00	10478.58
517.00	10480.92
518.00	10427.09
519.00	10759.44
520.00	10679.86
521.00	10803.91
522.00	10628.37
523.00	10759.44
524.00	10796.89
525.00	10834.34
526.00	10843.70
527.00	10792.21
528.00	10885.83
529.00	11009.88
530.00	10932.64
531.00	11183.08
532.00	11047.33
533.00	10932.64
534.00	11164.36
535.00	11178.40
536.00	11145.63
537.00	10967.75
538.00	11042.65
539.00	11234.57
540.00	10958.39
541.00	11279.04
542.00	11318.83
543.00	11358.62
544.00	11283.72
545.00	11587.99
546.00	11634.80
547.00	11332.87
548.00	11440.54
549.00	11702.68
550.00	11482.67
551.00	11566.93
552.00	11562.25
553.00	11730.76
554.00	11552.88
555.00	11918.01
556.00	11819.71
557.00	11534.16
558.00	12222.28
559.00	11946.09
560.00	12028.01
561.00	11784.60
562.00	12231.64
563.00	11981.20
564.00	12058.44
565.00	12269.09
566.00	12517.18
567.00	12711.45
568.00	12241.00
569.00	12425.90
570.00	12322.92
571.00	12475.06
572.00	12727.83
573.00	12791.03
574.00	12929.12
575.00	12517.18
576.00	12922.10
577.00	13149.13
578.00	12966.57
579.00	13074.23
580.00	13111.68
581.00	13273.18
582.00	13078.91
583.00	13296.58
584.00	13422.97
585.00	13717.88
586.00	13841.93
587.00	13771.71
588.00	13752.99
589.00	13919.17
590.00	13745.97
591.00	14193.01
592.00	14225.78
593.00	14272.59
594.00	14258.54
595.00	14506.64
596.00	14331.10
597.00	14824.95
598.00	14822.61
599.00	14775.80
600.00	15145.61
601.00	15098.80
602.00	15384.34
603.00	15190.08
604.00	15227.53
605.00	15534.14
606.00	15939.05
607.00	15421.79
608.00	15648.82
609.00	15859.47
610.00	15934.37
611.00	15990.54
612.00	16238.64
613.00	16262.04
614.00	16599.08
615.00	16772.28
616.00	16758.24
617.00	16779.30
618.00	16769.94
619.00	17390.18
620.00	17261.45
621.00	17219.32
622.00	17542.32
623.00	17736.58
624.00	17607.85
625.00	17687.43
626.00	17832.54
627.00	17937.87
628.00	17956.59
629.00	18291.29
630.00	18525.34
631.00	18827.27
632.00	18263.20
633.00	18466.83
634.00	19033.24
635.00	19023.87
636.00	19351.55
637.00	19419.42
638.00	19580.92
639.00	19566.88
640.00	19683.91
641.00	19585.60
642.00	20020.94
643.00	20196.48
644.00	20173.08
645.00	20800.34
646.00	20631.82
647.00	20676.29
648.00	21085.89
649.00	21177.17
650.00	21500.16
651.00	21809.11
652.00	21544.63
653.00	21921.46
654.00	21469.73
655.00	21696.77
656.00	21902.73
657.00	22199.98
658.00	22998.10
659.00	22260.84
660.00	22803.84
661.00	22967.68
662.00	22569.79
663.00	23396.00
664.00	23103.43
665.00	23662.82
666.00	23440.47
667.00	23868.78
668.00	23878.15
669.00	23873.46
670.00	24074.75
671.00	24306.46
672.00	24224.54
673.00	24418.81
674.00	24393.06
675.00	24699.67
676.00	24584.99
677.00	24844.79
678.00	25092.88
679.00	25355.02
680.00	25528.22
681.00	25493.12
682.00	25516.52
683.00	25804.41
684.00	25898.03
685.00	26321.66
686.00	26246.77
687.00	26103.99
688.00	26747.64
689.00	26108.68
690.00	26642.32
691.00	26764.03
692.00	27047.23
693.00	27005.10
694.00	27236.81
695.00	27634.71
696.00	27559.81
697.00	27702.58
698.00	27957.70
699.00	27931.95
700.00	27927.27
701.00	28467.94
702.00	28341.55
703.00	28339.21
704.00	28491.34
705.00	28751.14
706.00	28783.91
707.00	28800.29
708.00	29036.69
709.00	29024.98
710.00	29259.04
711.00	29390.11
712.00	29673.31
713.00	29504.79
714.00	29579.69
715.00	29713.10
716.00	29916.73
717.00	29965.88
718.00	30110.99
719.00	29968.22
720.00	29935.45
721.00	30237.38
722.00	30230.36
723.00	30855.28
724.00	31133.81
725.00	31077.63
726.00	31077.63
727.00	30895.07
728.00	31681.49
729.00	31236.79
730.00	31566.81
731.00	31475.52
732.00	31941.29
733.00	31096.36
734.00	31417.01
735.00	31065.93
736.00	31847.67
737.00	31297.64
738.00	31995.12
739.00	32149.60
740.00	32175.34
741.00	32168.32
742.00	32486.64
743.00	32072.36
744.00	31845.33
745.00	33022.62
746.00	33069.43
747.00	32896.23
748.00	33200.50
749.00	33064.75
750.00	32900.91
751.00	33214.54
752.00	32905.59
753.00	33134.96
754.00	33301.14
755.00	33233.27
756.00	33675.63
757.00	34106.29
758.00	33687.33
759.00	34031.39
760.00	33415.83
761.00	34068.84
762.00	34167.14
763.00	33495.41
764.00	34415.24
765.00	34150.76
766.00	34352.04
767.00	34513.54
768.00	34363.75
769.00	35157.19
770.00	35194.64
771.00	35196.98
772.00	35660.40
773.00	34810.79
774.00	35379.54
775.00	35386.56
776.00	35290.60
777.00	35775.09
778.00	35981.06
779.00	35634.66
780.00	35864.03
781.00	35548.06
782.00	35433.37
783.00	35861.69
784.00	36041.91
785.00	36332.14
786.00	36194.04
787.00	36425.76
788.00	36556.83
789.00	36582.57
790.00	36510.02
791.00	36388.31
792.00	37043.66
793.00	37170.05
794.00	36872.80
795.00	37158.34
796.00	36854.08
797.00	37001.53
798.00	36685.56
799.00	37364.31
800.00	37535.17
801.00	37923.70
802.00	37600.71
803.00	37823.06
804.00	37350.27
805.00	37130.26
806.00	37741.14
807.00	37869.87
808.00	37825.40
809.00	37635.81
810.00	38426.92
811.00	38501.81
812.00	38677.35
813.00	38291.16
814.00	37979.87
815.00	38595.43
816.00	38768.63
817.00	38497.13
818.00	38773.31
819.00	38831.83
820.00	38667.99
821.00	39271.85
822.00	39367.81
823.00	38773.31
824.00	39199.29
825.00	38808.42
826.00	39040.14
827.00	38965.24
828.00	39344.41
829.00	38934.81
830.00	39337.38
831.00	39295.25
832.00	39550.37
833.00	39538.67
834.00	39559.73
835.00	39749.32
836.00	39613.57
837.00	40243.17
838.00	39917.84
839.00	39941.24
840.00	39854.64
841.00	40086.36
842.00	40364.88
843.00	40329.77
844.00	40552.12
845.00	40776.81
846.00	40683.19
847.00	40381.26
848.00	40325.09
849.00	40638.72
850.00	41146.62
851.00	41064.70
852.00	41109.17
853.00	40664.47
854.00	41425.14
855.00	41064.70
856.00	41181.73
857.00	41521.10
858.00	41310.46
859.00	40989.80
860.00	41123.21
861.00	41514.08
862.00	41902.61
863.00	41469.61
864.00	41970.49
865.00	41874.52
866.00	42038.36
867.00	42230.29
868.00	42232.63
869.00	41825.37
870.00	42328.59
871.00	41918.99
872.00	42197.52
873.00	42000.91
874.00	42541.58
875.00	42770.95
876.00	42045.38
877.00	42541.58
878.00	42705.41
879.00	42714.78
880.00	42597.75
881.00	42375.40
882.00	43325.66
883.00	42899.68
884.00	42923.08
885.00	42719.46
886.00	42576.69
887.00	43030.75
888.00	43543.33
889.00	42738.18
890.00	43503.54
891.00	42855.21
892.00	43100.97
893.00	43571.41
894.00	42986.28
895.00	43203.95
896.00	43276.51
897.00	43529.28
898.00	43056.50
899.00	43433.32
900.00	43789.08
901.00	43658.01
902.00	43873.34
903.00	43871.00
904.00	43484.81
905.00	43618.22
906.00	43482.47
907.00	43803.13
908.00	43505.88
909.00	43966.96
910.00	44273.57
911.00	44470.18
912.00	44575.50
913.00	44018.46
914.00	44067.61
915.00	43882.70
916.00	44453.79
917.00	44128.46
918.00	44802.53
919.00	44512.31
920.00	44261.87
921.00	44959.35
922.00	44416.35
923.00	44849.35
924.00	44247.83
925.00	44959.35
926.00	44818.92
927.00	45212.13
928.00	45806.62
929.00	45209.79
930.00	45092.76
931.00	45024.89
932.00	44907.86
933.00	45654.49
934.00	45214.47
935.00	45123.19
936.00	45170.00
937.00	45661.51
938.00	45528.10
939.00	44961.69
940.00	45649.81
941.00	46014.93
942.00	45167.66
943.00	45399.37
944.00	45832.37
945.00	45390.01
946.00	45893.22
947.00	46227.92
948.00	45598.32
949.00	45851.09
950.00	45799.60
951.00	46007.91
952.00	45776.20
953.00	45869.82
954.00	45911.95
955.00	46218.56
956.00	45949.40
957.00	45986.85
958.00	45511.72
959.00	46157.70
960.00	46007.91
961.00	45296.39
962.00	46316.86
963.00	46057.06
964.00	46532.19
965.00	46705.39
966.00	46548.57
967.00	47332.65
968.00	47159.45
969.00	46494.74
970.00	46876.25
971.00	47454.36
972.00	47056.47
973.00	47400.53
974.00	47299.89
975.00	47086.90
976.00	46890.29
977.00	46864.55
978.00	46808.37
979.00	46880.93
980.00	47213.29
981.00	47454.36
982.00	47372.44
983.00	47810.12
984.00	47327.97
985.00	48081.63
986.00	47178.18
987.00	47201.58
988.00	46925.40
989.00	47297.55
990.00	47356.06
991.00	47452.02
992.00	47470.75
993.00	47732.89
994.00	47887.36
995.00	47894.38
996.00	47838.21
997.00	47590.11
998.00	48081.63
999.00	47571.39
1000.00	47791.40
1001.00	48184.61
1002.00	47770.33
1003.00	47634.58
1004.00	47868.64
1005.00	47538.62
1006.00	47767.99
1007.00	47908.43
1008.00	48053.54
1009.00	48196.31
1010.00	48088.65
1011.00	48177.59
1012.00	48292.27
1013.00	48432.71
1014.00	48058.22
1015.00	47782.04
1016.00	48226.74
1017.00	48055.88
1018.00	48275.89
1019.00	48669.10
1020.00	48641.01
1021.00	48453.77
1022.00	48856.34
1023.00	48065.24
1024.00	48608.25
1025.00	48315.68
1026.00	48465.47
1027.00	48942.94
1028.00	49020.18
1029.00	48800.17
1030.00	48523.99
1031.00	49010.82
1032.00	48931.24
1033.00	48725.27
1034.00	48811.87
1035.00	48659.74
1036.00	48800.17
1037.00	49052.95
1038.00	48933.58
1039.00	48767.40
1040.00	48825.92
1041.00	48954.64
1042.00	48966.35
1043.00	49137.21
1044.00	48919.54
1045.00	48907.83
1046.00	49322.11
1047.00	48797.83
1048.00	49064.65
1049.00	49329.13
1050.00	49134.87
1051.00	49565.52
1052.00	49436.80
1053.00	49509.35
1054.00	49230.83
1055.00	49202.74
1056.00	49244.87
1057.00	49256.57
1058.00	49387.64
1059.00	49581.91
1060.00	49570.21
1061.00	49212.10
1062.00	49544.46
1063.00	49556.16
1064.00	49181.68
1065.00	49198.06
1066.00	48793.15
1067.00	49530.42
1068.00	49741.06
1069.00	49804.26
1070.00	49322.11
1071.00	49893.20
1072.00	49593.61
1073.00	48999.12
1074.00	49558.50
1075.00	49539.78
1076.00	49794.90
1077.00	49612.34
1078.00	49687.23
1079.00	49794.90
1080.00	49614.68
1081.00	49640.42
1082.00	49844.05
1083.00	49432.11
1084.00	49514.03
1085.00	49631.06
1086.00	49593.61
1087.00	49497.65
1088.00	49942.35
1089.00	49539.78
1090.00	50171.72
1091.00	49785.54
1092.00	50101.51
1093.00	49818.30
1094.00	50068.74
1095.00	49970.44
1096.00	49635.74
1097.00	49883.84
1098.00	49666.17
1099.00	50171.72
1100.00	50131.93
1101.00	49881.50
1102.00	50057.04
1103.00	49890.86
1104.00	50035.97
1105.00	49839.37
1106.00	49876.82
1107.00	49668.51
1108.00	49886.18
1109.00	50410.46
1110.00	50384.71
1111.00	50417.48
1112.00	50405.78
1113.00	50604.72
1114.00	50274.71
1115.00	50349.60
1116.00	49741.06
1117.00	49797.24
1118.00	49921.29
1119.00	49822.98
1120.00	50071.08
1121.00	50253.64
1122.00	50265.34
1123.00	50373.01
1124.00	50206.83
1125.00	50000.86
1126.00	50085.12
1127.00	49443.82
1128.00	50211.51
1129.00	49834.69
1130.00	49932.99
1131.00	50241.94
1132.00	49607.65
1133.00	50237.26
1134.00	49801.92
1135.00	50017.25
1136.00	50050.02
1137.00	50113.21
1138.00	49858.09
1139.00	50363.65
1140.00	50021.93
1141.00	50429.18
1142.00	50241.94
1143.00	50363.65
1144.00	50396.42
1145.00	50277.05
1146.00	50248.96
1147.00	50078.10
1148.00	50057.04
1149.00	49935.33
1150.00	50096.83
1151.00	49848.73
1152.00	50167.04
1153.00	50841.12
1154.00	50618.77
1155.00	50478.33
1156.00	50164.70
1157.00	49937.67
1158.00	50017.25
1159.00	50244.28
1160.00	50220.87
1161.00	50113.21
1162.00	50190.45
1163.00	50365.99
1164.00	50272.37
1165.00	50206.83
1166.00	50497.06
1167.00	49951.71
1168.00	50382.37
1169.00	50078.10
1170.00	49837.03
1171.00	50017.25
1172.00	49993.84
1173.00	50197.47
1174.00	50019.59
1175.00	50134.28
1176.00	50150.66
1177.00	50120.23
1178.00	49886.18
1179.00	49755.11
1180.00	49909.58
1181.00	49907.24
1182.00	50071.08
1183.00	50255.98
1184.00	49956.39
1185.00	50241.94
1186.00	50272.37
1187.00	50279.39
1188.00	50349.60
1189.00	49605.31
1190.00	49794.90
1191.00	50197.47
1192.00	50230.24
1193.00	49911.92
1194.00	49965.76
1195.00	50052.36
1196.00	50047.68
1197.00	50267.69
1198.00	50459.61
1199.00	50071.08
1200.00	50169.38
1201.00	49991.50
1202.00	49851.07
1203.00	49928.31
1204.00	49909.58
1205.00	50162.36
1206.00	50089.80
1207.00	50071.08
1208.00	50387.05
1209.00	49996.18
1210.00	50241.94
1211.00	50202.15
1212.00	49935.33
1213.00	49787.88
1214.00	50092.15
1215.00	49766.81
1216.00	50497.06
1217.00	50131.93
1218.00	50145.98
1219.00	49937.67
1220.00	50103.85
1221.00	50248.96
1222.00	49963.42
1223.00	50028.95
1224.00	50197.47
1225.00	49696.59
1226.00	50333.22
1227.00	49837.03
1228.00	50415.14
1229.00	49982.14
1230.00	49982.14
1231.00	50363.65
1232.00	50307.47
1233.00	50099.17
1234.00	49958.73
1235.00	49839.37
1236.00	49717.66
1237.00	50330.88
1238.00	49776.17
1239.00	50089.80
1240.00	50494.72
1241.00	50337.90
1242.00	50330.88
1243.00	50321.52
1244.00	50052.36
1245.00	49989.16
1246.00	49890.86
1247.00	50019.59
1248.00	50143.64
1249.00	50195.13
1250.00	50380.03
1251.00	50468.97
1252.00	50164.70
1253.00	50305.13
1254.00	50637.49
1255.00	50548.55
1256.00	50337.90
1257.00	50300.45
1258.00	50347.26
1259.00	50007.89
1260.00	50349.60
1261.00	50061.72
1262.00	50284.07
1263.00	50714.73
1264.00	50438.54
1265.00	50703.03
1266.00	50534.51
1267.00	50248.96
1268.00	50199.81
1269.00	50274.71
1270.00	50113.21
1271.00	50213.85
1272.00	49808.94
1273.00	50534.51
1274.00	49879.16
1275.00	50279.39
1276.00	50426.84
1277.00	50370.67
1278.00	50452.59
1279.00	50473.65
1280.00	50581.32
1281.00	50330.88
1282.00	50213.85
1283.00	50197.47
1284.00	50087.46
1285.00	50082.78
1286.00	50808.35
1287.00	50253.64
1288.00	50768.56
1289.00	50487.70
1290.00	50199.81
1291.00	50122.57
1292.00	50253.64
1293.00	49904.90
1294.00	50433.86
1295.00	50045.33
1296.00	49574.89
1297.00	50468.97
1298.00	50630.47
1299.00	50302.79
1300.00	50314.50
1301.00	50209.17
1302.00	50433.86
1303.00	50492.38
1304.00	50209.17
1305.00	49968.10
1306.00	50206.83
1307.00	50115.55
1308.00	50403.44
1309.00	50218.53
1310.00	50181.09
1311.00	50351.94
1312.00	49979.80
1313.00	50878.57
1314.00	50422.16
1315.00	50340.24
1316.00	50595.36
1317.00	50656.21
1318.00	50138.96
1319.00	50234.92
1320.00	49932.99
1321.00	50389.39
1322.00	50351.94
1323.00	50361.31
1324.00	50555.57
1325.00	50777.92
1326.00	50419.82
1327.00	50227.90
1328.00	50171.72
1329.00	50328.54
1330.00	50319.18
1331.00	49539.78
1332.00	49642.76
1333.00	50078.10
1334.00	50176.40
1335.00	50504.08
1336.00	49991.50
1337.00	50356.63
1338.00	50415.14
1339.00	50040.65
1340.00	49996.18
1341.00	50033.63
1342.00	50230.24
1343.00	49820.64
1344.00	50239.60
1345.00	49851.07
1346.00	49954.05
1347.00	50176.40
1348.00	50361.31
1349.00	49975.12
1350.00	49853.41
1351.00	50012.57
1352.00	49813.62
1353.00	49387.64
1354.00	49649.78
1355.00	49593.61
1356.00	49848.73
1357.00	49890.86
1358.00	49921.29
1359.00	49841.71
1360.00	49879.16
1361.00	49996.18
1362.00	50012.57
1363.00	49785.54
1364.00	50169.38
1365.00	49741.06
1366.00	49883.84
1367.00	49820.64
1368.00	49574.89
1369.00	49092.74
1370.00	49359.56
1371.00	49628.72
1372.00	49551.48
1373.00	49640.42
1374.00	50094.49
1375.00	49883.84
1376.00	49516.37
1377.00	49689.57
1378.00	49310.41
1379.00	49656.81
1380.00	49649.78
1381.00	49118.48
1382.00	49169.97
1383.00	49366.58
1384.00	49137.21
1385.00	49052.95
1386.00	49598.29
1387.00	49296.36
1388.00	49584.25
1389.00	49008.48
1390.00	49499.99
1391.00	49244.87
1392.00	49291.68
1393.00	49235.51
1394.00	48818.89
1395.00	48914.86
1396.00	48624.63
1397.00	49443.82
1398.00	49418.07
1399.00	49347.86
1400.00	49380.62
1401.00	49389.98
1402.00	49111.46
1403.00	48928.90
1404.00	48811.87
1405.00	48472.49
1406.00	48872.73
1407.00	48409.30
1408.00	49045.93
1409.00	49116.14
1410.00	49036.56
1411.00	49167.63
1412.00	49034.22
1413.00	49193.38
1414.00	48870.39
1415.00	48626.97
1416.00	48720.59
1417.00	48795.49
1418.00	48306.32
1419.00	48346.11
1420.00	48357.81
1421.00	48795.49
1422.00	48458.45
1423.00	48942.94
1424.00	48467.81
1425.00	48554.41
1426.00	48718.25
1427.00	48299.30
1428.00	48498.24
1429.00	48376.53
1430.00	48311.00
1431.00	48011.41
1432.00	48170.57
1433.00	48170.57
1434.00	48355.47
1435.00	48212.70
1436.00	48423.34
1437.00	48065.24
1438.00	48018.43
1439.00	48271.21
1440.00	48158.86
1441.00	48144.82
1442.00	47870.98
1443.00	47962.26
1444.00	47955.24
1445.00	47484.79
1446.00	47650.97
1447.00	47730.54
1448.00	47489.47
1449.00	47842.89
1450.00	47767.99
1451.00	48158.86
1452.00	48278.23
1453.00	47952.90
1454.00	47791.40
1455.00	47562.03
1456.00	47711.82
1457.00	47288.18
1458.00	47161.79
1459.00	47571.39
1460.00	47026.04
1461.00	47407.55
1462.00	47728.20
1463.00	47566.71
1464.00	47599.47
1465.00	47571.39
1466.00	47398.19
1467.00	47421.59
1468.00	47072.85
1469.00	47430.96
1470.00	47311.59
1471.00	47253.08
1472.00	46960.51
1473.00	47033.07
1474.00	46960.51
1475.00	46955.83
1476.00	47597.13
1477.00	47140.73
1478.00	47164.14
1479.00	47409.89
1480.00	47152.43
1481.00	46791.99
1482.00	47019.02
1483.00	46904.34
1484.00	46756.88
1485.00	46560.28
1486.00	46305.16
1487.00	46415.16
1488.00	46543.89
1489.00	46562.62
1490.00	46564.96
1491.00	46417.50
1492.00	47175.84
1493.00	46581.34
1494.00	46625.81
1495.00	46848.16
1496.00	46309.84
1497.00	45844.07
1498.00	46452.61
1499.00	46377.72
1500.00	45837.05
1501.00	46227.92
1502.00	46265.37
1503.00	46590.70
1504.00	46096.85
1505.00	46403.46
1506.00	46501.76
1507.00	46211.54
1508.00	46293.46
1509.00	45841.73
1510.00	45619.38
1511.00	45832.37
1512.00	45464.91
1513.00	45724.71
1514.00	45397.03
1515.00	45593.64
1516.00	45862.80
1517.00	45205.11
1518.00	45645.13
1519.00	45853.44
1520.00	45574.91
1521.00	46146.00
1522.00	45532.78
1523.00	46103.87
1524.00	45600.66
1525.00	45581.93
1526.00	45720.02
1527.00	45134.89
1528.00	45560.87
1529.00	45460.23
1530.00	44900.84
1531.00	45654.49
1532.00	45251.92
1533.00	45820.67
1534.00	45687.26
1535.00	45605.34
1536.00	45235.53
1537.00	45326.81
1538.00	45144.25
1539.00	45003.82
1540.00	44999.14
1541.00	44680.83
1542.00	45242.56
1543.00	44964.03
1544.00	45064.67
1545.00	44615.29
1546.00	44877.43
1547.00	44917.22
1548.00	44907.86
1549.00	45132.55
1550.00	44919.56
1551.00	44994.46
1552.00	44467.84
1553.00	44680.83
1554.00	44727.64
1555.00	44502.95
1556.00	44327.41
1557.00	44451.45
1558.00	44463.16
1559.00	44383.58
1560.00	44498.26
1561.00	44399.96
1562.00	44816.58
1563.00	44615.29
1564.00	44795.51
1565.00	43943.56
1566.00	44069.95
1567.00	43885.04
1568.00	44142.50
1569.00	44123.78
1570.00	43545.67
1571.00	43983.35
1572.00	43835.89
1573.00	43950.58
1574.00	44051.22
1575.00	44105.06
1576.00	44245.49
1577.00	44135.48
1578.00	44058.24
1579.00	44175.27
1580.00	44119.10
1581.00	43555.03
1582.00	43805.47
1583.00	43714.19
1584.00	43044.79
1585.00	43819.51
1586.00	43416.94
1587.00	43358.42
1588.00	42810.74
1589.00	43646.31
1590.00	43686.10
1591.00	43728.23
1592.00	43536.30
1593.00	43136.07
1594.00	43295.23
1595.00	43510.56
1596.00	43208.63
1597.00	43220.33
1598.00	43044.79
1599.00	43091.60
1600.00	43147.78
1601.00	43290.55
1602.00	42700.73
1603.00	43019.05
1604.00	43173.52
1605.00	42756.91
1606.00	43271.82
1607.00	42997.98
1608.00	43054.15
1609.00	42735.84
1610.00	42829.46
1611.00	42567.32
1612.00	43281.19
1613.00	42337.95
1614.00	42965.21
1615.00	42277.10
1616.00	42637.54
1617.00	42810.74
1618.00	42843.51
1619.00	42843.51
1620.00	42976.92
1621.00	42902.02
1622.00	42831.80
1623.00	42651.58
1624.00	42951.17
1625.00	42712.44
1626.00	43049.47
1627.00	42270.08
1628.00	42281.78
1629.00	41603.02
1630.00	41841.76
1631.00	42124.96
1632.00	41928.36
1633.00	42073.47
1634.00	42122.62
1635.00	42094.53
1636.00	42387.10
1637.00	42265.39
1638.00	42373.06
1639.00	41656.85
1640.00	42258.37
1641.00	41717.71
1642.00	41855.80
1643.00	42134.32
1644.00	41600.68
1645.00	41668.56
1646.00	41518.76
1647.00	41640.47
1648.00	41600.68
1649.00	42131.98
1650.00	41668.56
1651.00	41991.55
1652.00	41818.35
1653.00	42143.69
1654.00	41759.84
1655.00	41214.49
1656.00	41619.41
1657.00	41268.33
1658.00	40896.18
1659.00	41083.42
1660.00	41228.54
1661.00	41598.34
1662.00	41303.43
1663.00	41198.11
1664.00	41689.62
1665.00	41432.16
1666.00	41067.04
1667.00	40870.43
1668.00	40959.38
1669.00	41446.21
1670.00	41071.72
1671.00	40865.75
1672.00	41081.08
1673.00	40414.03
1674.00	40498.29
1675.00	40620.00
1676.00	40589.57
1677.00	40760.43
1678.00	40849.37
1679.00	40620.00
1680.00	41146.62
1681.00	40725.32
1682.00	40676.17
1683.00	40840.01
1684.00	40451.48
1685.00	40982.78
1686.00	40477.22
1687.00	40210.40
1688.00	40535.74
1689.00	40264.24
1690.00	40479.57
1691.00	40250.19
1692.00	40509.99
1693.00	40505.31
1694.00	40142.53
1695.00	40495.95
1696.00	40322.75
1697.00	39981.03
1698.00	40119.12
1699.00	40098.06
1700.00	39908.47
1701.00	40299.34
1702.00	39585.48
1703.00	39683.78
1704.00	39814.85
1705.00	39768.04
1706.00	39634.63
1707.00	39491.86
1708.00	39445.05
1709.00	39419.30
1710.00	39751.66
1711.00	40009.12
1712.00	39978.69
1713.00	39559.73
1714.00	39239.08
1715.00	39976.35
1716.00	39196.95
1717.00	39711.87
1718.00	39353.77
1719.00	39274.19
1720.00	39007.37
1721.00	39154.82
1722.00	39147.80
1723.00	38646.93
1724.00	38799.06
1725.00	38672.67
1726.00	38698.42
1727.00	39063.54
1728.00	38953.54
1729.00	38831.83
1730.00	38721.82
1731.00	38394.15
1732.00	39040.14
1733.00	38237.33
1734.00	38333.29
1735.00	38628.20
1736.00	38234.99
1737.00	38211.59
1738.00	38256.06
1739.00	37773.91
1740.00	37968.17
1741.00	38192.86
1742.00	38398.83
1743.00	38370.74
1744.00	38150.73
1745.00	38223.29
1746.00	37968.17
1747.00	37507.08
1748.00	37811.35
1749.00	37563.26
1750.00	37434.53
1751.00	37670.92
1752.00	37649.86
1753.00	36765.14
1754.00	37139.62
1755.00	37153.66
1756.00	37235.58
1757.00	37427.51
1758.00	37214.52
1759.00	36748.75
1760.00	37298.78
1761.00	37422.83
1762.00	37380.70
1763.00	37301.12
1764.00	36655.13
1765.00	36723.01
1766.00	36739.39
1767.00	36615.34
1768.00	36563.85
1769.00	36954.72
1770.00	36797.90
1771.00	36563.85
1772.00	36423.42
1773.00	36552.15
1774.00	36540.44
1775.00	36856.42
1776.00	36212.77
1777.00	36570.87
1778.00	36231.49
1779.00	36034.89
1780.00	35749.34
1781.00	35892.12
1782.00	35796.15
1783.00	35791.47
1784.00	35559.76
1785.00	35393.58
1786.00	35241.45
1787.00	35302.30
1788.00	35728.28
1789.00	35353.79
1790.00	35201.66
1791.00	35019.10
1792.00	35480.18
1793.00	35360.81
1794.00	35428.69
1795.00	35054.20
1796.00	34728.87
1797.00	35044.84
1798.00	34944.20
1799.00	35089.31
1800.00	34883.34
1801.00	34618.86
1802.00	34309.91
1803.00	34607.16
1804.00	34632.91
1805.00	34333.32
1806.00	34094.58
1807.00	34412.90
1808.00	34499.50
1809.00	34230.33
1810.00	34305.23
1811.00	33984.58
1812.00	33867.55
1813.00	34239.70
1814.00	33862.87
1815.00	34050.11
1816.00	34059.48
1817.00	33647.54
1818.00	33713.08
1819.00	33099.86
1820.00	33294.12
1821.00	33378.38
1822.00	33380.72
1823.00	33106.88
1824.00	33282.42
1825.00	32769.84
1826.00	33153.69
1827.00	33301.14
1828.00	32821.33
1829.00	33202.84
1830.00	32449.19
1831.00	32048.96
1832.00	32907.93
1833.00	32774.52
1834.00	32510.04
1835.00	32346.20
1836.00	32418.76
1837.00	31349.14
1838.00	32222.16
1839.00	32063.00
1840.00	31910.86
1841.00	31573.83
1842.00	31632.34
1843.00	31332.75
1844.00	31243.81
1845.00	31503.61
1846.00	31592.55
1847.00	30995.71
1848.00	31269.56
1849.00	31321.05
1850.00	30941.88
1851.00	31140.83
1852.00	30794.43
1853.00	30611.87
1854.00	30621.23
1855.00	30295.89
1856.00	30293.55
1857.00	30148.44
1858.00	30192.91
1859.00	30178.87
1860.00	30441.01
1861.00	30050.14
1862.00	30057.16
1863.00	29968.22
1864.00	30155.46
1865.00	29984.60
1866.00	29762.25
1867.00	29874.60
1868.00	29916.73
1869.00	29411.17
1870.00	28837.74
1871.00	29041.37
1872.00	28863.49
1873.00	29167.76
1874.00	28982.85
1875.00	28673.90
1876.00	29029.66
1877.00	28790.93
1878.00	28648.16
1879.00	28327.50
1880.00	28505.38
1881.00	28283.03
1882.00	28362.61
1883.00	28456.23
1884.00	28147.28
1885.00	28533.47
1886.00	27772.80
1887.00	27906.21
1888.00	27857.06
1889.00	27543.42
1890.00	27508.32
1891.00	27477.89
1892.00	27185.32
1893.00	26822.54
1894.00	27248.52
1895.00	27417.04
1896.00	26986.38
1897.00	26953.61
1898.00	26916.16
1899.00	26972.33
1900.00	26953.61
1901.00	26932.54
1902.00	26394.22
1903.00	26689.13
1904.00	26661.04
1905.00	26314.64
1906.00	26001.01
1907.00	25851.22
1908.00	25855.90
1909.00	25837.17
1910.00	25612.48
1911.00	25703.76
1912.00	25614.82
1913.00	25956.54
1914.00	25399.49
1915.00	25486.09
1916.00	25303.53
1917.00	25514.18
1918.00	25333.96
1919.00	25245.02
1920.00	25888.67
1921.00	25280.13
1922.00	24650.52
1923.00	25167.78
1924.00	24622.44
1925.00	24868.19
1926.00	24353.27
1927.00	24348.59
1928.00	23576.22
1929.00	24201.14
1930.00	24386.04
1931.00	23913.25
1932.00	24002.19
1933.00	23735.37
1934.00	24109.86
1935.00	24034.96
1936.00	23889.85
1937.00	24034.96
1938.00	23606.64
1939.00	24002.19
1940.00	23824.31
1941.00	23611.32
1942.00	23545.79
1943.00	23222.80
1944.00	23276.63
1945.00	22981.72
1946.00	22998.10
1947.00	22670.43
1948.00	22518.29
1949.00	22497.23
1950.00	22373.18
1951.00	22721.92
1952.00	22569.79
1953.00	22434.03
1954.00	22658.73
1955.00	22237.43
1956.00	21994.01
1957.00	22118.06
1958.00	21944.86
1959.00	21759.96
1960.00	21898.05
1961.00	21628.89
1962.00	21860.60
1963.00	21778.68
1964.00	21448.67
1965.00	21436.97
1966.00	21280.15
1967.00	21111.63
1968.00	20910.35
1969.00	21111.63
1970.00	21015.67
1971.00	20999.29
1972.00	20905.66
1973.00	20973.54
1974.00	21057.80
1975.00	20879.92
1976.00	20456.28
1977.00	20872.90
1978.00	20435.22
1979.00	20367.34
1980.00	20397.77
1981.00	20397.77
1982.00	20072.43
1983.00	19995.20
1984.00	19726.04
1985.00	19807.95
1986.00	19456.87
1987.00	19393.68
1988.00	19421.77
1989.00	19583.26
1990.00	19618.37
1991.00	19459.21
1992.00	19520.07
1993.00	18937.27
1994.00	18958.34
1995.00	19145.58
1996.00	19058.98
1997.00	18862.38
1998.00	18778.12
1999.00	18754.71
2000.00	18422.36
2001.00	18478.53
2002.00	18377.89
2003.00	18317.03
2004.00	18490.23
2005.00	18101.70
2006.00	18012.76
2007.00	17895.74
2008.00	17872.33
2009.00	17928.50
2010.00	17717.86
2011.00	17987.02
2012.00	17736.58
2013.00	17869.99
2014.00	17806.80
2015.00	17397.20
2016.00	17661.68
2017.00	17600.83
2018.00	17329.33
2019.00	17174.85
2020.00	17385.50
2021.00	17193.58
2022.00	17043.78
2023.00	16938.46
2024.00	16748.87
2025.00	16739.51
2026.00	16437.58
2027.00	16547.59
2028.00	16563.97
2029.00	16681.00
2030.00	16554.61
2031.00	16589.72
2032.00	16673.98
2033.00	16585.04
2034.00	16248.00
2035.00	16140.33
2036.00	16121.61
2037.00	15885.22
2038.00	15824.36
2039.00	16037.35
2040.00	15957.77
2041.00	15892.24
2042.00	15543.50
2043.00	15470.94
2044.00	15374.98
2045.00	15611.37
2046.00	15204.12
2047.00	15250.93
