0.00	1015.79
1.00	1015.79
2.00	1015.79
3.00	915.15
4.00	915.15
5.00	952.60
6.00	924.51
7.00	863.66
8.00	959.62
9.00	917.49
10.00	943.24
11.00	947.92
12.00	978.34
13.00	870.68
14.00	968.98
15.00	959.62
16.00	919.83
17.00	983.02
18.00	887.06
19.00	973.66
20.00	1029.84
21.00	976.00
22.00	994.73
23.00	971.32
24.00	1158.57
25.00	1406.66
26.00	1476.88
27.00	1542.41
28.00	1535.39
29.00	1460.49
30.00	1507.30
31.00	1504.96
32.00	1533.05
33.00	1537.73
34.00	1533.05
35.00	1495.60
36.00	1561.14
37.00	1600.93
38.00	1565.82
39.00	1589.22
40.00	1544.75
41.00	1570.50
42.00	1640.72
43.00	1584.54
44.00	1586.88
45.00	1591.56
46.00	1603.27
47.00	1640.72
48.00	1638.38
49.00	1668.80
50.00	1650.08
51.00	1671.14
52.00	1661.78
53.00	1729.66
54.00	1687.53
55.00	1551.78
56.00	1689.87
57.00	1614.97
58.00	1666.46
59.00	1652.42
60.00	1701.57
61.00	1708.59
62.00	1626.67
63.00	1682.85
64.00	1739.02
65.00	1732.00
66.00	1760.08
67.00	1713.27
68.00	1844.34
69.00	1739.02
70.00	1746.04
71.00	1788.17
72.00	1813.92
73.00	1764.76
74.00	1764.76
75.00	1767.10
76.00	1895.83
77.00	1696.89
78.00	1813.92
79.00	1879.45
80.00	1818.60
81.00	1846.68
82.00	1858.39
83.00	1755.40
84.00	1851.36
85.00	1980.09
86.00	1895.83
87.00	1905.20
88.00	1916.90
89.00	1874.77
90.00	1874.77
91.00	1937.96
92.00	1879.45
93.00	1884.13
94.00	1860.73
95.00	1928.60
96.00	1900.52
97.00	1987.11
98.00	1996.48
99.00	1928.60
100.00	1991.80
101.00	1966.05
102.00	2010.52
103.00	1954.35
104.00	2022.22
105.00	1954.35
106.00	1912.22
107.00	1940.30
108.00	2010.52
109.00	2069.03
110.00	1930.94
111.00	2045.63
112.00	2092.44
113.00	2054.99
114.00	2094.78
115.00	2054.99
116.00	2090.10
117.00	2141.59
118.00	2134.57
119.00	2071.37
120.00	2071.37
121.00	2132.23
122.00	2134.57
123.00	2104.14
124.00	2132.23
125.00	2204.78
126.00	2162.66
127.00	2204.78
128.00	2223.51
129.00	2169.68
130.00	2200.10
131.00	2263.30
132.00	2162.66
133.00	2235.21
134.00	2235.21
135.00	2228.19
136.00	2223.51
137.00	2296.07
138.00	2209.47
139.00	2246.91
140.00	2317.13
141.00	2272.66
142.00	2492.67
143.00	2246.91
144.00	2286.70
145.00	2361.60
146.00	2342.88
147.00	2312.45
148.00	2331.17
149.00	2375.64
150.00	2401.39
151.00	2424.80
152.00	2464.58
153.00	2490.33
154.00	2565.23
155.00	2504.37
156.00	2487.99
157.00	2502.03
158.00	2368.62
159.00	2544.16
160.00	2495.01
161.00	2497.35
162.00	2530.12
163.00	2605.02
164.00	2520.76
165.00	2579.27
166.00	2452.88
167.00	2502.03
168.00	2623.74
169.00	2626.08
170.00	2801.62
171.00	2682.25
172.00	2644.81
173.00	2705.66
174.00	2689.28
175.00	2700.98
176.00	2663.53
177.00	2780.56
178.00	2752.47
179.00	2778.22
180.00	2738.43
181.00	2679.91
182.00	2775.88
183.00	2689.28
184.00	2855.45
185.00	2775.88
186.00	2855.45
187.00	2984.18
188.00	2874.18
189.00	2836.73
190.00	2895.24
191.00	2937.37
192.00	2768.85
193.00	2970.14
194.00	2970.14
195.00	2977.16
196.00	3068.44
197.00	3056.74
198.00	3173.77
199.00	3042.70
200.00	3136.32
201.00	3171.43
202.00	3138.66
203.00	3133.98
204.00	3143.34
205.00	3166.74
206.00	3194.83
207.00	3150.36
208.00	3063.76
209.00	3169.09
210.00	3218.24
211.00	3208.87
212.00	3176.11
213.00	3260.37
214.00	3229.94
215.00	3424.20
216.00	3339.94
217.00	3452.29
218.00	3318.88
219.00	3351.65
220.00	3421.86
221.00	3435.91
222.00	3454.63
223.00	3545.91
224.00	3564.64
225.00	3630.17
226.00	3506.12
227.00	3583.36
228.00	3552.93
229.00	3648.90
230.00	3679.32
231.00	3651.24
232.00	3836.14
233.00	3789.33
234.00	3831.46
235.00	3674.64
236.00	3915.72
237.00	3761.24
238.00	3904.01
239.00	3751.88
240.00	3899.33
241.00	3777.62
242.00	3885.29
243.00	3995.29
244.00	3859.54
245.00	3985.93
246.00	4102.96
247.00	3999.98
248.00	4067.85
249.00	4051.47
250.00	4149.77
251.00	4315.95
252.00	4280.84
253.00	4210.62
254.00	4301.90
255.00	4285.52
256.00	4348.72
257.00	4334.67
258.00	4414.25
259.00	4447.02
260.00	4505.53
261.00	4533.62
262.00	4383.82
263.00	4578.09
264.00	4411.91
265.00	4517.23
266.00	4674.05
267.00	4688.09
268.00	4727.88
269.00	4737.24
270.00	4688.09
271.00	4912.78
272.00	4713.84
273.00	4898.74
274.00	4732.56
275.00	4891.72
276.00	4950.23
277.00	4926.83
278.00	5055.56
279.00	4957.25
280.00	5048.54
281.00	4983.00
282.00	5027.47
283.00	4875.34
284.00	5041.51
285.00	5085.98
286.00	5090.67
287.00	5083.64
288.00	5184.29
289.00	5121.09
290.00	5167.90
291.00	5142.16
292.00	5163.22
293.00	5350.46
294.00	5336.42
295.00	5364.51
296.00	5329.40
297.00	5373.87
298.00	5303.65
299.00	5432.38
300.00	5224.08
301.00	5123.43
302.00	4971.30
303.00	5085.98
304.00	5378.55
305.00	5483.88
306.00	5455.79
307.00	5298.97
308.00	5355.15
309.00	5380.89
310.00	5474.51
311.00	5303.65
312.00	5380.89
313.00	5198.33
314.00	5320.04
315.00	5390.25
316.00	5430.04
317.00	5472.17
318.00	5348.12
319.00	5533.03
320.00	5385.57
321.00	5577.50
322.00	5598.56
323.00	5324.72
324.00	5626.65
325.00	5547.07
326.00	5518.98
327.00	5673.46
328.00	5603.24
329.00	5713.25
330.00	5657.07
331.00	5657.07
332.00	5633.67
333.00	5488.56
334.00	5762.40
335.00	5879.43
336.00	5853.68
337.00	5790.49
338.00	5980.07
339.00	5844.32
340.00	5977.73
341.00	6047.94
342.00	5940.28
343.00	6015.18
344.00	5905.17
345.00	6125.18
346.00	6197.74
347.00	6038.58
348.00	6125.18
349.00	6197.74
350.00	6101.78
351.00	6118.16
352.00	6267.95
353.00	6370.94
354.00	6235.19
355.00	6249.23
356.00	6317.11
357.00	6389.66
358.00	6380.30
359.00	6441.15
360.00	6553.50
361.00	6471.58
362.00	6459.88
363.00	6649.46
364.00	6527.75
365.00	6441.15
366.00	6567.54
367.00	6548.82
368.00	6509.03
369.00	6679.89
370.00	6375.62
371.00	6597.97
372.00	6506.69
373.00	6509.03
374.00	6560.52
375.00	6794.58
376.00	6684.57
377.00	6752.45
378.00	6745.42
379.00	7070.76
380.00	7075.44
381.00	7014.59
382.00	7045.01
383.00	7103.53
384.00	7314.17
385.00	7166.72
386.00	7414.82
387.00	7227.57
388.00	7225.23
389.00	7370.35
390.00	7412.48
391.00	7552.91
392.00	7384.39
393.00	7503.76
394.00	7503.76
395.00	7644.19
396.00	7676.96
397.00	7662.91
398.00	7744.83
399.00	7789.30
400.00	7801.01
401.00	7871.22
402.00	7882.92
403.00	8098.25
404.00	7941.44
405.00	8016.33
406.00	8081.87
407.00	8215.28
408.00	7747.17
409.00	7648.87
410.00	7943.78
411.00	8072.51
412.00	8210.60
413.00	7943.78
414.00	7922.71
415.00	7906.33
416.00	7906.33
417.00	8226.98
418.00	8266.77
419.00	8374.44
420.00	7948.46
421.00	8201.24
422.00	8114.64
423.00	8262.09
424.00	7967.18
425.00	7915.69
426.00	8360.39
427.00	8264.43
428.00	8313.58
429.00	8088.89
430.00	8212.94
431.00	8194.22
432.00	8100.59
433.00	8142.72
434.00	8105.28
435.00	8196.56
436.00	8329.97
437.00	8355.71
438.00	8594.45
439.00	8346.35
440.00	8463.38
441.00	8442.31
442.00	8503.17
443.00	8692.75
444.00	8547.64
445.00	8695.09
446.00	8594.45
447.00	8723.18
448.00	8734.88
449.00	8587.43
450.00	8498.49
451.00	8617.85
452.00	8716.16
453.00	8964.25
454.00	8851.91
455.00	8858.93
456.00	8830.84
457.00	8919.78
458.00	9013.40
459.00	8739.56
460.00	8851.91
461.00	8959.57
462.00	8919.78
463.00	8882.33
464.00	8947.87
465.00	9074.26
466.00	9100.00
467.00	8917.44
468.00	9137.45
469.00	9310.65
470.00	9345.76
471.00	9341.08
472.00	9287.25
473.00	9406.61
474.00	9474.49
475.00	9437.04
476.00	9530.66
477.00	9483.85
478.00	9577.47
479.00	9600.88
480.00	9696.84
481.00	9619.60
482.00	9657.05
483.00	9785.78
484.00	9537.68
485.00	9837.27
486.00	9898.13
487.00	9745.99
488.00	9753.01
489.00	9984.73
490.00	9760.03
491.00	9884.08
492.00	10024.51
493.00	9874.72
494.00	9940.26
495.00	10228.14
496.00	10331.12
497.00	9982.38
498.00	9977.70
499.00	10218.78
500.00	10272.61
501.00	10375.59
502.00	10272.61
503.00	10464.54
504.00	10242.18
505.00	10504.32
506.00	10382.62
507.00	10338.15
508.00	10530.07
509.00	10597.95
510.00	10548.79
511.00	10710.29
512.00	10438.79
513.00	10530.07
514.00	10525.39
515.00	10759.44
516.00	10684.55
517.00	10335.81
518.00	10672.84
519.00	10813.28
520.00	10415.38
521.00	10796.89
522.00	10656.46
523.00	10700.93
524.00	10693.91
525.00	11150.31
526.00	10956.05
527.00	10771.15
528.00	10726.68
529.00	10986.47
530.00	11059.03
531.00	11028.60
532.00	10930.30
533.00	11070.73
534.00	10949.03
535.00	11005.20
536.00	11250.96
537.00	10834.34
538.00	11152.65
539.00	11304.79
540.00	11063.71
541.00	10958.39
542.00	11272.02
543.00	11234.57
544.00	11302.45
545.00	11531.82
546.00	11566.93
547.00	11351.60
548.00	11449.90
549.00	11676.93
550.00	11527.14
551.00	11667.57
552.00	11840.77
553.00	11740.13
554.00	11665.23
555.00	11587.99
556.00	12025.67
557.00	11723.74
558.00	11843.11
559.00	12088.87
560.00	11969.50
561.00	12098.23
562.00	12367.39
563.00	12273.77
564.00	12100.57
565.00	12287.81
566.00	12365.05
567.00	12580.38
568.00	12283.13
569.00	12496.12
570.00	12512.50
571.00	12559.31
572.00	12734.85
573.00	12781.67
574.00	12606.13
575.00	12875.29
576.00	13114.02
577.00	12994.65
578.00	13039.12
579.00	13390.20
580.00	13137.43
581.00	13221.69
582.00	13327.01
583.00	13319.99
584.00	13296.58
585.00	13540.00
586.00	13750.65
587.00	13673.41
588.00	13870.01
589.00	14059.60
590.00	14092.37
591.00	14047.90
592.00	14169.60
593.00	14295.99
594.00	14457.49
595.00	14452.81
596.00	14597.92
597.00	15091.77
598.00	14789.85
599.00	15073.05
600.00	15112.84
601.00	15358.60
602.00	15349.23
603.00	15494.35
604.00	15466.26
605.00	15569.24
606.00	16250.34
607.00	15377.32
608.00	15901.60
609.00	15910.96
610.00	15859.47
611.00	16350.98
612.00	15920.32
613.00	16257.36
614.00	16350.98
615.00	16655.25
616.00	16435.24
617.00	17135.06
618.00	16795.68
619.00	17240.39
620.00	17235.70
621.00	17291.88
622.00	17123.36
623.00	17727.22
624.00	17727.22
625.00	17647.64
626.00	17811.48
627.00	18122.77
628.00	17832.54
629.00	18188.30
630.00	18412.99
631.00	18740.67
632.00	18731.31
633.00	18735.99
634.00	19152.60
635.00	19349.21
636.00	19360.91
637.00	19201.76
638.00	19845.40
639.00	19344.53
640.00	19758.80
641.00	19875.83
642.00	19840.72
643.00	20325.21
644.00	20285.42
645.00	20781.62
646.00	20489.05
647.00	20809.70
648.00	20753.53
649.00	21252.06
650.00	21345.69
651.00	21804.43
652.00	21420.58
653.00	21598.46
654.00	21727.19
655.00	21881.67
656.00	21994.01
657.00	22363.82
658.00	22171.89
659.00	22328.71
660.00	22569.79
661.00	22544.04
662.00	22937.25
663.00	23080.02
664.00	23264.92
665.00	23613.66
666.00	23667.50
667.00	23524.72
668.00	23866.44
669.00	23758.78
670.00	24051.34
671.00	24201.14
672.00	24334.55
673.00	24528.81
674.00	24503.07
675.00	24807.34
676.00	24706.70
677.00	24704.35
678.00	25240.34
679.00	25240.34
680.00	25240.34
681.00	25364.39
682.00	25500.14
683.00	25518.86
684.00	25706.10
685.00	26022.08
686.00	26462.10
687.00	26450.39
688.00	26588.49
689.00	26539.33
690.00	27037.87
691.00	26883.39
692.00	27168.94
693.00	27119.79
694.00	27377.25
695.00	27857.06
696.00	27929.61
697.00	27641.73
698.00	27501.29
699.00	28442.19
700.00	27850.03
701.00	28240.90
702.00	28039.62
703.00	28421.13
704.00	28470.28
705.00	28718.37
706.00	28779.23
707.00	29013.28
708.00	29095.20
709.00	29549.26
710.00	29448.62
711.00	29097.54
712.00	29345.64
713.00	29500.11
714.00	29902.68
715.00	30047.80
716.00	29809.06
717.00	29865.24
718.00	30094.61
719.00	29802.04
720.00	30302.92
721.00	30609.53
722.00	30326.32
723.00	31204.02
724.00	31084.65
725.00	30670.38
726.00	30920.82
727.00	30927.84
728.00	31218.07
729.00	31208.70
730.00	31660.43
731.00	31578.51
732.00	31519.99
733.00	31412.33
734.00	31332.75
735.00	31349.14
736.00	31637.02
737.00	31637.02
738.00	32404.72
739.00	32119.17
740.00	32259.60
741.00	32362.59
742.00	32194.07
743.00	32275.99
744.00	32739.41
745.00	32795.59
746.00	33069.43
747.00	32748.78
748.00	32987.51
749.00	33076.45
750.00	32992.19
751.00	33266.03
752.00	33020.28
753.00	33453.28
754.00	33628.82
755.00	33448.60
756.00	33577.33
757.00	33727.12
758.00	33605.41
759.00	33839.47
760.00	34000.96
761.00	33961.17
762.00	34572.05
763.00	34071.18
764.00	34031.39
765.00	34279.49
766.00	34202.25
767.00	34527.58
768.00	34763.98
769.00	34766.32
770.00	35262.51
771.00	34815.47
772.00	35454.44
773.00	35463.80
774.00	35285.92
775.00	35096.33
776.00	35395.92
777.00	35943.61
778.00	35908.50
779.00	35810.20
780.00	35828.92
781.00	35522.31
782.00	35952.97
783.00	36151.91
784.00	36084.04
785.00	36226.81
786.00	36390.65
787.00	35957.65
788.00	36191.70
789.00	36556.83
790.00	36774.50
791.00	36545.12
792.00	37165.37
793.00	37088.13
794.00	36877.48
795.00	36849.39
796.00	37247.29
797.00	36950.04
798.00	36931.31
799.00	37535.17
800.00	37479.00
801.00	37390.06
802.00	37170.05
803.00	37923.70
804.00	37432.19
805.00	37258.99
806.00	37853.48
807.00	38019.66
808.00	38024.34
809.00	38651.61
810.00	38609.48
811.00	38094.56
812.00	38181.16
813.00	38155.41
814.00	38073.49
815.00	38609.48
816.00	38649.27
817.00	38377.76
818.00	39023.75
819.00	38738.21
820.00	38625.86
821.00	39049.50
822.00	38724.16
823.00	38834.17
824.00	38848.21
825.00	38719.48
826.00	39236.74
827.00	39276.53
828.00	39585.48
829.00	39363.13
830.00	39222.70
831.00	39896.77
832.00	39629.95
833.00	39852.30
834.00	39384.19
835.00	39992.73
836.00	40119.12
837.00	40617.66
838.00	40109.76
839.00	40032.52
840.00	39669.74
841.00	40409.35
842.00	40449.14
843.00	41067.04
844.00	40601.27
845.00	40739.36
846.00	40945.33
847.00	40994.48
848.00	40786.18
849.00	40814.26
850.00	41390.03
851.00	41022.57
852.00	41209.81
853.00	41104.49
854.00	40910.22
855.00	41053.00
856.00	41357.27
857.00	41467.27
858.00	42129.64
859.00	41642.81
860.00	41724.73
861.00	41738.77
862.00	41546.85
863.00	41378.33
864.00	42000.91
865.00	41551.53
866.00	42225.60
867.00	42415.19
868.00	42340.29
869.00	42316.89
870.00	42560.30
871.00	41869.84
872.00	42698.39
873.00	42115.60
874.00	42520.51
875.00	42761.59
876.00	42408.17
877.00	42918.40
878.00	42789.67
879.00	42569.66
880.00	42534.56
881.00	42710.10
882.00	42590.73
883.00	42445.62
884.00	42665.63
885.00	42766.27
886.00	42564.98
887.00	42983.94
888.00	42824.78
889.00	42726.48
890.00	43379.49
891.00	42813.08
892.00	43047.13
893.00	42925.42
894.00	43241.40
895.00	43716.53
896.00	43548.01
897.00	42948.83
898.00	43325.66
899.00	43117.35
900.00	43529.28
901.00	43852.28
902.00	43985.69
903.00	43990.37
904.00	43959.94
905.00	43288.21
906.00	43871.00
907.00	43805.47
908.00	44701.89
909.00	44282.94
910.00	44580.18
911.00	44470.18
912.00	44280.60
913.00	44079.31
914.00	44566.14
915.00	43950.58
916.00	44477.20
917.00	44526.35
918.00	44779.13
919.00	44942.97
920.00	44519.33
921.00	45085.74
922.00	44849.35
923.00	45062.33
924.00	44388.26
925.00	44500.61
926.00	44884.45
927.00	44699.55
928.00	45771.52
929.00	45076.38
930.00	45057.65
931.00	44797.85
932.00	44980.42
933.00	44875.09
934.00	45291.71
935.00	45071.70
936.00	44994.46
937.00	45530.44
938.00	45411.07
939.00	45230.85
940.00	45787.90
941.00	45947.06
942.00	45265.96
943.00	45504.70
944.00	45581.93
945.00	46115.58
946.00	45769.18
947.00	46171.75
948.00	46153.02
949.00	46431.55
950.00	46148.34
951.00	45837.05
952.00	46412.82
953.00	45904.93
954.00	45918.97
955.00	46298.14
956.00	46253.67
957.00	46234.94
958.00	46155.36
959.00	46181.11
960.00	46192.81
961.00	45780.88
962.00	46094.51
963.00	46791.99
964.00	46150.68
965.00	46850.50
966.00	46443.25
967.00	46960.51
968.00	46799.01
969.00	46703.05
970.00	46532.19
971.00	47248.39
972.00	47243.71
973.00	47180.52
974.00	47213.29
975.00	47281.16
976.00	47475.43
977.00	47079.88
978.00	47131.37
979.00	46700.71
980.00	47117.32
981.00	47157.11
982.00	47540.96
983.00	47512.88
984.00	47735.23
985.00	47901.40
986.00	47625.22
987.00	47131.37
988.00	47292.86
989.00	47477.77
990.00	47110.30
991.00	47686.07
992.00	47442.66
993.00	48016.09
994.00	47657.99
995.00	47990.34
996.00	47742.25
997.00	47646.29
998.00	48254.82
999.00	47873.32
1000.00	48065.24
1001.00	47861.61
1002.00	47988.00
1003.00	47941.19
1004.00	48020.77
1005.00	47950.56
1006.00	47889.70
1007.00	47936.51
1008.00	47878.00
1009.00	47842.89
1010.00	48357.81
1011.00	48453.77
1012.00	48603.56
1013.00	48257.17
1014.00	48175.25
1015.00	48301.64
1016.00	48046.52
1017.00	48156.52
1018.00	48133.12
1019.00	48388.24
1020.00	48659.74
1021.00	48559.09
1022.00	48863.36
1023.00	48383.55
1024.00	48942.94
1025.00	48493.56
1026.00	48561.44
1027.00	48666.76
1028.00	48790.81
1029.00	49233.17
1030.00	48851.66
1031.00	48832.94
1032.00	49279.98
1033.00	49240.19
1034.00	48643.35
1035.00	48837.62
1036.00	48711.23
1037.00	48865.70
1038.00	49392.33
1039.00	49010.82
1040.00	48961.67
1041.00	49015.50
1042.00	49251.89
1043.00	48734.63
1044.00	49270.62
1045.00	49432.11
1046.00	49048.27
1047.00	48821.23
1048.00	49251.89
1049.00	49539.78
1050.00	49457.86
1051.00	49422.75
1052.00	49738.72
1053.00	49436.80
1054.00	49284.66
1055.00	48912.52
1056.00	49230.83
1057.00	49422.75
1058.00	49272.96
1059.00	49645.10
1060.00	49389.98
1061.00	49668.51
1062.00	49485.95
1063.00	49549.14
1064.00	49371.26
1065.00	49228.49
1066.00	49237.85
1067.00	49766.81
1068.00	49488.29
1069.00	50050.02
1070.00	49553.82
1071.00	49455.52
1072.00	49729.36
1073.00	49633.40
1074.00	49614.68
1075.00	50330.88
1076.00	49495.31
1077.00	49673.19
1078.00	49822.98
1079.00	49464.88
1080.00	49698.94
1081.00	49951.71
1082.00	50122.57
1083.00	49731.70
1084.00	49619.36
1085.00	49542.12
1086.00	50012.57
1087.00	49715.32
1088.00	50377.69
1089.00	49954.05
1090.00	50300.45
1091.00	50447.91
1092.00	49607.65
1093.00	50155.34
1094.00	49764.47
1095.00	49476.58
1096.00	49764.47
1097.00	50160.02
1098.00	49787.88
1099.00	49937.67
1100.00	50054.70
1101.00	50391.73
1102.00	50209.17
1103.00	50445.57
1104.00	49631.06
1105.00	49822.98
1106.00	50141.30
1107.00	50082.78
1108.00	49748.09
1109.00	50010.23
1110.00	50471.31
1111.00	50335.56
1112.00	50241.94
1113.00	50501.74
1114.00	50328.54
1115.00	49865.11
1116.00	49865.11
1117.00	49607.65
1118.00	50239.60
1119.00	49881.50
1120.00	49822.98
1121.00	50094.49
1122.00	50190.45
1123.00	50534.51
1124.00	50089.80
1125.00	50078.10
1126.00	49900.22
1127.00	49947.03
1128.00	50314.50
1129.00	49932.99
1130.00	49738.72
1131.00	50330.88
1132.00	50026.61
1133.00	49923.63
1134.00	49862.77
1135.00	50092.15
1136.00	49647.44
1137.00	50358.97
1138.00	49780.85
1139.00	50518.12
1140.00	50014.91
1141.00	49932.99
1142.00	50408.12
1143.00	50342.58
1144.00	50213.85
1145.00	50183.43
1146.00	50574.30
1147.00	50321.52
1148.00	50253.64
1149.00	49965.76
1150.00	50183.43
1151.00	50131.93
1152.00	50485.36
1153.00	50677.28
1154.00	50433.86
1155.00	49954.05
1156.00	50239.60
1157.00	50204.49
1158.00	50527.48
1159.00	50426.84
1160.00	50094.49
1161.00	50443.23
1162.00	50621.11
1163.00	50052.36
1164.00	50394.07
1165.00	50609.40
1166.00	50501.74
1167.00	50162.36
1168.00	50504.08
1169.00	50253.64
1170.00	50192.79
1171.00	49869.79
1172.00	50136.62
1173.00	49937.67
1174.00	49972.78
1175.00	50703.03
1176.00	50382.37
1177.00	49930.65
1178.00	50319.18
1179.00	50085.12
1180.00	50197.47
1181.00	50230.24
1182.00	50387.05
1183.00	49621.70
1184.00	50216.19
1185.00	50475.99
1186.00	50567.27
1187.00	50464.29
1188.00	50534.51
1189.00	49883.84
1190.00	50209.17
1191.00	50164.70
1192.00	49947.03
1193.00	50213.85
1194.00	49932.99
1195.00	50197.47
1196.00	50160.02
1197.00	50127.25
1198.00	50288.75
1199.00	50141.30
1200.00	50326.20
1201.00	50033.63
1202.00	50206.83
1203.00	50082.78
1204.00	50375.35
1205.00	50225.56
1206.00	50274.71
1207.00	50480.67
1208.00	50103.85
1209.00	50295.77
1210.00	50108.53
1211.00	50103.85
1212.00	49631.06
1213.00	50089.80
1214.00	49600.63
1215.00	49918.95
1216.00	50483.01
1217.00	49993.84
1218.00	50361.31
1219.00	49949.37
1220.00	50440.89
1221.00	50295.77
1222.00	50066.40
1223.00	49769.15
1224.00	50164.70
1225.00	49989.16
1226.00	50344.92
1227.00	49659.15
1228.00	50309.82
1229.00	50211.51
1230.00	50078.10
1231.00	50424.50
1232.00	50461.95
1233.00	50153.00
1234.00	50089.80
1235.00	49684.89
1236.00	50024.27
1237.00	50183.43
1238.00	49799.58
1239.00	49825.32
1240.00	50511.10
1241.00	50581.32
1242.00	50499.40
1243.00	50726.43
1244.00	50628.13
1245.00	50035.97
1246.00	50248.96
1247.00	50019.59
1248.00	49975.12
1249.00	50340.24
1250.00	50405.78
1251.00	50403.44
1252.00	50328.54
1253.00	50040.65
1254.00	50241.94
1255.00	50506.42
1256.00	50263.00
1257.00	50344.92
1258.00	50541.53
1259.00	50314.50
1260.00	49633.40
1261.00	50014.91
1262.00	50436.20
1263.00	50445.57
1264.00	50583.66
1265.00	50600.04
1266.00	50745.15
1267.00	50504.08
1268.00	50391.73
1269.00	50976.87
1270.00	50216.19
1271.00	50108.53
1272.00	50108.53
1273.00	50073.42
1274.00	50150.66
1275.00	50452.59
1276.00	50466.63
1277.00	50614.08
1278.00	50504.08
1279.00	50515.78
1280.00	50429.18
1281.00	50211.51
1282.00	50358.97
1283.00	50005.55
1284.00	49925.97
1285.00	50293.43
1286.00	50600.04
1287.00	50265.34
1288.00	50738.13
1289.00	50763.88
1290.00	50244.28
1291.00	50356.63
1292.00	50443.23
1293.00	50057.04
1294.00	49762.13
1295.00	49986.82
1296.00	49752.77
1297.00	50536.85
1298.00	50508.76
1299.00	50436.20
1300.00	50604.72
1301.00	50431.52
1302.00	50691.32
1303.00	49925.97
1304.00	50101.51
1305.00	50335.56
1306.00	49888.52
1307.00	50188.11
1308.00	50199.81
1309.00	50270.03
1310.00	50122.57
1311.00	50543.87
1312.00	50480.67
1313.00	50742.81
1314.00	50658.56
1315.00	50033.63
1316.00	50134.28
1317.00	50153.00
1318.00	50160.02
1319.00	50052.36
1320.00	50513.44
1321.00	50277.05
1322.00	50515.78
1323.00	50614.08
1324.00	50316.84
1325.00	50674.94
1326.00	50454.93
1327.00	50284.07
1328.00	50644.51
1329.00	50396.42
1330.00	49886.18
1331.00	50014.91
1332.00	50429.18
1333.00	50230.24
1334.00	50309.82
1335.00	50775.58
1336.00	50141.30
1337.00	50564.93
1338.00	50581.32
1339.00	49890.86
1340.00	50026.61
1341.00	50120.23
1342.00	50061.72
1343.00	49935.33
1344.00	50227.90
1345.00	50026.61
1346.00	50181.09
1347.00	50174.06
1348.00	50520.46
1349.00	50487.70
1350.00	49851.07
1351.00	50279.39
1352.00	50007.89
1353.00	49804.26
1354.00	49883.84
1355.00	49872.14
1356.00	50148.32
1357.00	49846.39
1358.00	50185.77
1359.00	49890.86
1360.00	49914.26
1361.00	50433.86
1362.00	50183.43
1363.00	50033.63
1364.00	50206.83
1365.00	49691.91
1366.00	50150.66
1367.00	49670.85
1368.00	49696.59
1369.00	49464.88
1370.00	49797.24
1371.00	49602.97
1372.00	49780.85
1373.00	49745.75
1374.00	49811.28
1375.00	49956.39
1376.00	49638.08
1377.00	49710.64
1378.00	49401.69
1379.00	49654.47
1380.00	49518.71
1381.00	49294.02
1382.00	49588.93
1383.00	49652.12
1384.00	49661.49
1385.00	49563.18
1386.00	49317.43
1387.00	49551.48
1388.00	49476.58
1389.00	49003.80
1390.00	48973.37
1391.00	49226.15
1392.00	49254.23
1393.00	49038.90
1394.00	48802.51
1395.00	49448.50
1396.00	48896.13
1397.00	49647.44
1398.00	49507.01
1399.00	49453.18
1400.00	49322.11
1401.00	49581.91
1402.00	49326.79
1403.00	49223.81
1404.00	49022.52
1405.00	48664.42
1406.00	49071.67
1407.00	48774.42
1408.00	48956.99
1409.00	48837.62
1410.00	49102.10
1411.00	49326.79
1412.00	48884.43
1413.00	48966.35
1414.00	48842.30
1415.00	48797.83
1416.00	48835.28
1417.00	48884.43
1418.00	48641.01
1419.00	48505.26
1420.00	48215.04
1421.00	48774.42
1422.00	48399.94
1423.00	48807.19
1424.00	48722.93
1425.00	49013.16
1426.00	49242.53
1427.00	48411.64
1428.00	48580.16
1429.00	48264.19
1430.00	48308.66
1431.00	48552.07
1432.00	48292.27
1433.00	47772.67
1434.00	48245.46
1435.00	48273.55
1436.00	48587.18
1437.00	48004.39
1438.00	48072.26
1439.00	48247.80
1440.00	48332.06
1441.00	48098.01
1442.00	48016.09
1443.00	47908.43
1444.00	47988.00
1445.00	48081.63
1446.00	47632.24
1447.00	48011.41
1448.00	47756.29
1449.00	47950.56
1450.00	48041.84
1451.00	48306.32
1452.00	48355.47
1453.00	47997.37
1454.00	47903.74
1455.00	47763.31
1456.00	47704.80
1457.00	47693.10
1458.00	47454.36
1459.00	47952.90
1460.00	47555.00
1461.00	47681.39
1462.00	47426.28
1463.00	47716.50
1464.00	47409.89
1465.00	47980.98
1466.00	46925.40
1467.00	47517.56
1468.00	47365.42
1469.00	47334.99
1470.00	47152.43
1471.00	46969.87
1472.00	47180.52
1473.00	47306.91
1474.00	46829.44
1475.00	47416.91
1476.00	47316.27
1477.00	47133.71
1478.00	47271.80
1479.00	47695.44
1480.00	47267.12
1481.00	47129.03
1482.00	46941.78
1483.00	47126.69
1484.00	46995.62
1485.00	46735.82
1486.00	46649.22
1487.00	46735.82
1488.00	46443.25
1489.00	47026.04
1490.00	46471.34
1491.00	46796.67
1492.00	46824.76
1493.00	46239.62
1494.00	46740.50
1495.00	46691.35
1496.00	46248.99
1497.00	46604.75
1498.00	46340.27
1499.00	46405.80
1500.00	46225.58
1501.00	46314.52
1502.00	46124.94
1503.00	46415.16
1504.00	45951.74
1505.00	46440.91
1506.00	46382.40
1507.00	46080.47
1508.00	46211.54
1509.00	45743.43
1510.00	45762.15
1511.00	46099.19
1512.00	45504.70
1513.00	45743.43
1514.00	45591.30
1515.00	45741.09
1516.00	46003.23
1517.00	45708.32
1518.00	45542.14
1519.00	45677.90
1520.00	45785.56
1521.00	46085.15
1522.00	46064.08
1523.00	45361.92
1524.00	45879.18
1525.00	45514.06
1526.00	45408.73
1527.00	45544.48
1528.00	45336.18
1529.00	45244.90
1530.00	45354.90
1531.00	45572.57
1532.00	45265.96
1533.00	45607.68
1534.00	45429.80
1535.00	45528.10
1536.00	45251.92
1537.00	45476.61
1538.00	44989.78
1539.00	44774.45
1540.00	44952.33
1541.00	44903.18
1542.00	44954.67
1543.00	45130.21
1544.00	45280.00
1545.00	44996.80
1546.00	44900.84
1547.00	45160.64
1548.00	45401.71
1549.00	45013.18
1550.00	45008.50
1551.00	44821.26
1552.00	44994.46
1553.00	44559.12
1554.00	44655.08
1555.00	44367.20
1556.00	44722.96
1557.00	44432.73
1558.00	44205.70
1559.00	44821.26
1560.00	44917.22
1561.00	44507.63
1562.00	44882.11
1563.00	44236.12
1564.00	44704.23
1565.00	43789.08
1566.00	44704.23
1567.00	44266.55
1568.00	44055.90
1569.00	44233.78
1570.00	43814.83
1571.00	44179.95
1572.00	43686.10
1573.00	43938.88
1574.00	43791.42
1575.00	44020.80
1576.00	44037.18
1577.00	44098.03
1578.00	44086.33
1579.00	44217.40
1580.00	43821.85
1581.00	43779.72
1582.00	43526.94
1583.00	43459.07
1584.00	43522.26
1585.00	43849.94
1586.00	43407.58
1587.00	43180.54
1588.00	43033.09
1589.00	43962.28
1590.00	43482.47
1591.00	43508.22
1592.00	43587.80
1593.00	43880.36
1594.00	43704.82
1595.00	43466.09
1596.00	43093.94
1597.00	43763.34
1598.00	43065.86
1599.00	42682.01
1600.00	42939.47
1601.00	43159.48
1602.00	43129.05
1603.00	43250.76
1604.00	43091.60
1605.00	43093.94
1606.00	42958.19
1607.00	43072.88
1608.00	43028.41
1609.00	42845.85
1610.00	42445.62
1611.00	42988.62
1612.00	42454.98
1613.00	42698.39
1614.00	42452.64
1615.00	43131.39
1616.00	42469.02
1617.00	42644.56
1618.00	42621.16
1619.00	42899.68
1620.00	42815.42
1621.00	43077.56
1622.00	42979.26
1623.00	42726.48
1624.00	42656.26
1625.00	42529.87
1626.00	42857.55
1627.00	43023.73
1628.00	42167.09
1629.00	42536.90
1630.00	42146.03
1631.00	42054.75
1632.00	42405.83
1633.00	42103.90
1634.00	42389.44
1635.00	42574.34
1636.00	42419.87
1637.00	42115.60
1638.00	42291.14
1639.00	41888.57
1640.00	42134.32
1641.00	41720.05
1642.00	41783.24
1643.00	42071.13
1644.00	41560.89
1645.00	41745.80
1646.00	42045.38
1647.00	42099.22
1648.00	41401.74
1649.00	41855.80
1650.00	41975.17
1651.00	42258.37
1652.00	41577.28
1653.00	42096.88
1654.00	42146.03
1655.00	41706.01
1656.00	41446.21
1657.00	41460.25
1658.00	41546.85
1659.00	40875.12
1660.00	40727.66
1661.00	41364.29
1662.00	41031.93
1663.00	40868.09
1664.00	41406.42
1665.00	41191.09
1666.00	41427.48
1667.00	41493.02
1668.00	41516.42
1669.00	41504.72
1670.00	40978.10
1671.00	41137.26
1672.00	41062.36
1673.00	41483.66
1674.00	40638.72
1675.00	40615.32
1676.00	40844.69
1677.00	41069.38
1678.00	40919.59
1679.00	40896.18
1680.00	40629.36
1681.00	41184.07
1682.00	40484.25
1683.00	40889.16
1684.00	40610.64
1685.00	40760.43
1686.00	40730.00
1687.00	40320.41
1688.00	40472.54
1689.00	40392.97
1690.00	40519.35
1691.00	40203.38
1692.00	40533.40
1693.00	40107.42
1694.00	40421.05
1695.00	40233.81
1696.00	40411.69
1697.00	39856.98
1698.00	40676.17
1699.00	40273.60
1700.00	40084.01
1701.00	40081.67
1702.00	40165.93
1703.00	39821.87
1704.00	39711.87
1705.00	40041.88
1706.00	39847.62
1707.00	39505.90
1708.00	39400.58
1709.00	39538.67
1710.00	39459.09
1711.00	39559.73
1712.00	39388.88
1713.00	39541.01
1714.00	39641.65
1715.00	40128.48
1716.00	39674.42
1717.00	39473.13
1718.00	39131.42
1719.00	39295.25
1720.00	39622.93
1721.00	39449.73
1722.00	39079.92
1723.00	39208.65
1724.00	38913.75
1725.00	38557.99
1726.00	38724.16
1727.00	38597.77
1728.00	38976.94
1729.00	38560.33
1730.00	38550.96
1731.00	38370.74
1732.00	38667.99
1733.00	38499.47
1734.00	38520.54
1735.00	38735.87
1736.00	38288.82
1737.00	38560.33
1738.00	37820.72
1739.00	38010.30
1740.00	38029.02
1741.00	38349.68
1742.00	38143.71
1743.00	38572.03
1744.00	38183.50
1745.00	38143.71
1746.00	38319.25
1747.00	38373.08
1748.00	37907.32
1749.00	37619.43
1750.00	37855.82
1751.00	37563.26
1752.00	37647.52
1753.00	37097.49
1754.00	37446.23
1755.00	37268.35
1756.00	37092.81
1757.00	37151.32
1758.00	37333.89
1759.00	37294.10
1760.00	37294.10
1761.00	37373.67
1762.00	37687.31
1763.00	36891.52
1764.00	37186.43
1765.00	37113.87
1766.00	36685.56
1767.00	36718.32
1768.00	36507.68
1769.00	36435.12
1770.00	36210.43
1771.00	36542.78
1772.00	36568.53
1773.00	36601.30
1774.00	36357.88
1775.00	36217.45
1776.00	36170.64
1777.00	36517.04
1778.00	35868.71
1779.00	36282.98
1780.00	36203.41
1781.00	35859.35
1782.00	35931.90
1783.00	35688.49
1784.00	35321.02
1785.00	35952.97
1786.00	35309.32
1787.00	35246.13
1788.00	35552.74
1789.00	35515.29
1790.00	35501.25
1791.00	35667.42
1792.00	35166.55
1793.00	34810.79
1794.00	35299.96
1795.00	35299.96
1796.00	35304.64
1797.00	35402.94
1798.00	35442.73
1799.00	35215.70
1800.00	35206.34
1801.00	34075.86
1802.00	34871.64
1803.00	34373.11
1804.00	34691.42
1805.00	34464.39
1806.00	34806.11
1807.00	34007.98
1808.00	34588.44
1809.00	34232.68
1810.00	34103.95
1811.00	34045.43
1812.00	34110.97
1813.00	33905.00
1814.00	34122.67
1815.00	34054.79
1816.00	33862.87
1817.00	33617.11
1818.00	33460.30
1819.00	33408.81
1820.00	33436.89
1821.00	33364.34
1822.00	33464.98
1823.00	33244.97
1824.00	32788.56
1825.00	33022.62
1826.00	32807.29
1827.00	33172.41
1828.00	33457.96
1829.00	33111.56
1830.00	32655.15
1831.00	32027.89
1832.00	32601.32
1833.00	32680.90
1834.00	32795.59
1835.00	32240.88
1836.00	32615.37
1837.00	31590.21
1838.00	31981.08
1839.00	31758.73
1840.00	31857.03
1841.00	31367.86
1842.00	31857.03
1843.00	31955.33
1844.00	31541.06
1845.00	31386.58
1846.00	31512.97
1847.00	31555.10
1848.00	31330.41
1849.00	31637.02
1850.00	30742.94
1851.00	31019.12
1852.00	30829.54
1853.00	30866.98
1854.00	30684.42
1855.00	30298.23
1856.00	30340.36
1857.00	30242.06
1858.00	30181.21
1859.00	30300.58
1860.00	30113.33
1861.00	30211.64
1862.00	30225.68
1863.00	30059.50
1864.00	29830.13
1865.00	30216.32
1866.00	29399.47
1867.00	29851.19
1868.00	29642.88
1869.00	29663.95
1870.00	29352.66
1871.00	29202.86
1872.00	28959.45
1873.00	29172.44
1874.00	29252.02
1875.00	28854.12
1876.00	28788.59
1877.00	28788.59
1878.00	28453.89
1879.00	28456.23
1880.00	28519.43
1881.00	28519.43
1882.00	28376.66
1883.00	28205.80
1884.00	28294.74
1885.00	28037.28
1886.00	28137.92
1887.00	28386.02
1888.00	27686.20
1889.00	27725.99
1890.00	27379.59
1891.00	27384.27
1892.00	27332.78
1893.00	26859.99
1894.00	27030.85
1895.00	27578.53
1896.00	26991.06
1897.00	26867.01
1898.00	27002.76
1899.00	27363.20
1900.00	27082.34
1901.00	26787.43
1902.00	26647.00
1903.00	26684.45
1904.00	26813.18
1905.00	26127.40
1906.00	26654.02
1907.00	25977.61
1908.00	25509.50
1909.00	25518.86
1910.00	25741.21
1911.00	25652.27
1912.00	25755.26
1913.00	25596.10
1914.00	25750.57
1915.00	25750.57
1916.00	25961.22
1917.00	25481.41
1918.00	25282.47
1919.00	25392.47
1920.00	25434.60
1921.00	25305.87
1922.00	24786.27
1923.00	25006.28
1924.00	24915.00
1925.00	24545.20
1926.00	24446.90
1927.00	24114.54
1928.00	24098.16
1929.00	23983.47
1930.00	24456.26
1931.00	24250.29
1932.00	24322.85
1933.00	24135.60
1934.00	24180.07
1935.00	23903.89
1936.00	24215.18
1937.00	23889.85
1938.00	23943.68
1939.00	23985.81
1940.00	23606.64
1941.00	23718.99
1942.00	23386.63
1943.00	23417.06
1944.00	22944.27
1945.00	22981.72
1946.00	23028.53
1947.00	22621.28
1948.00	22277.22
1949.00	22457.44
1950.00	22331.05
1951.00	22052.53
1952.00	22525.32
1953.00	22478.50
1954.00	22707.88
1955.00	22298.28
1956.00	22377.86
1957.00	22162.53
1958.00	22120.40
1959.00	22089.98
1960.00	21933.16
1961.00	21769.32
1962.00	21654.64
1963.00	21598.46
1964.00	21223.98
1965.00	21652.30
1966.00	21231.00
1967.00	21338.66
1968.00	21240.36
1969.00	21099.93
1970.00	21156.10
1971.00	21226.32
1972.00	21158.44
1973.00	20666.93
1974.00	20987.58
1975.00	20751.19
1976.00	20606.08
1977.00	20896.30
1978.00	20535.86
1979.00	20690.34
1980.00	20184.78
1981.00	20039.67
1982.00	20070.09
1983.00	19857.10
1984.00	19826.68
1985.00	19852.42
1986.00	19637.09
1987.00	19686.25
1988.00	19510.71
1989.00	19749.44
1990.00	19367.93
1991.00	19407.72
1992.00	19747.10
1993.00	19328.14
1994.00	19473.26
1995.00	19110.47
1996.00	19389.00
1997.00	19133.88
1998.00	19063.66
1999.00	19136.22
2000.00	18759.39
2001.00	18867.06
2002.00	18422.36
2003.00	18384.91
2004.00	18443.42
2005.00	18298.31
2006.00	17891.06
2007.00	17774.03
2008.00	17975.31
2009.00	18085.32
2010.00	17561.04
2011.00	18054.89
2012.00	17603.17
2013.00	18031.49
2014.00	18001.06
2015.00	17518.91
2016.00	17432.31
2017.00	17666.36
2018.00	17434.65
2019.00	17472.10
2020.00	17369.12
2021.00	16985.27
2022.00	16952.50
2023.00	16610.78
2024.00	16776.96
2025.00	16863.56
2026.00	16697.38
2027.00	16659.93
2028.00	16545.25
2029.00	16727.81
2030.00	16648.23
2031.00	16615.46
2032.00	16573.33
2033.00	16404.81
2034.00	16315.87
2035.00	16233.96
2036.00	16238.64
2037.00	15796.28
2038.00	16114.59
2039.00	15943.73
2040.00	15770.53
2041.00	15543.50
2042.00	15669.89
2043.00	15658.18
2044.00	15536.48
2045.00	15379.66
2046.00	15386.68
2047.00	15374.98
