0.00	1027.50
1.00	1027.50
2.00	1027.50
3.00	992.39
4.00	1008.77
5.00	992.39
6.00	945.58
7.00	957.28
8.00	952.60
9.00	945.58
10.00	875.36
11.00	931.53
12.00	912.81
13.00	887.06
14.00	929.19
15.00	1008.77
16.00	868.34
17.00	936.21
18.00	964.30
19.00	966.64
20.00	966.64
21.00	954.94
22.00	983.02
23.00	978.34
24.00	1109.41
25.00	1383.26
26.00	1441.77
27.00	1437.09
28.00	1474.54
29.00	1460.49
30.00	1423.05
31.00	1500.28
32.00	1390.28
33.00	1497.94
34.00	1493.26
35.00	1446.45
36.00	1579.86
37.00	1589.22
38.00	1448.79
39.00	1600.93
40.00	1598.59
41.00	1612.63
42.00	1668.80
43.00	1603.27
44.00	1530.71
45.00	1640.72
46.00	1603.27
47.00	1603.27
48.00	1650.08
49.00	1631.35
50.00	1589.22
51.00	1722.63
52.00	1708.59
53.00	1610.29
54.00	1732.00
55.00	1624.33
56.00	1636.03
57.00	1610.29
58.00	1673.48
59.00	1603.27
60.00	1699.23
61.00	1701.57
62.00	1664.12
63.00	1715.61
64.00	1750.72
65.00	1701.57
66.00	1720.29
67.00	1692.21
68.00	1636.03
69.00	1769.44
70.00	1846.68
71.00	1703.91
72.00	1781.15
73.00	1785.83
74.00	1741.36
75.00	1739.02
76.00	1785.83
77.00	1659.44
78.00	1781.15
79.00	1856.04
80.00	1863.07
81.00	1771.79
82.00	1839.66
83.00	1783.49
84.00	1858.39
85.00	1762.42
86.00	1839.66
87.00	1909.88
88.00	1802.21
89.00	1940.30
90.00	1813.92
91.00	1893.49
92.00	1937.96
93.00	1919.24
94.00	1860.73
95.00	1881.79
96.00	1781.15
97.00	1963.71
98.00	1994.14
99.00	1916.90
100.00	1930.94
101.00	1944.99
102.00	1989.46
103.00	1863.07
104.00	1973.07
105.00	2003.50
106.00	2029.24
107.00	2047.97
108.00	1984.77
109.00	2017.54
110.00	2040.95
111.00	1959.03
112.00	2038.61
113.00	2106.48
114.00	1991.80
115.00	2097.12
116.00	2078.40
117.00	2010.52
118.00	2078.40
119.00	2045.63
120.00	2125.21
121.00	2118.18
122.00	2134.57
123.00	2129.89
124.00	2188.40
125.00	2106.48
126.00	2017.54
127.00	2143.93
128.00	2052.65
129.00	2162.66
130.00	2188.40
131.00	2202.44
132.00	2310.11
133.00	2202.44
134.00	2244.57
135.00	2225.85
136.00	2202.44
137.00	2211.81
138.00	2263.30
139.00	2235.21
140.00	2251.60
141.00	2242.23
142.00	2251.60
143.00	2312.45
144.00	2303.09
145.00	2352.24
146.00	2387.35
147.00	2349.90
148.00	2347.56
149.00	2441.18
150.00	2326.49
151.00	2401.39
152.00	2387.35
153.00	2387.35
154.00	2459.90
155.00	2518.42
156.00	2471.61
157.00	2490.33
158.00	2473.95
159.00	2462.24
160.00	2553.52
161.00	2553.52
162.00	2541.82
163.00	2551.18
164.00	2511.39
165.00	2502.03
166.00	2553.52
167.00	2579.27
168.00	2487.99
169.00	2572.25
170.00	2670.55
171.00	2637.78
172.00	2644.81
173.00	2579.27
174.00	2736.09
175.00	2602.68
176.00	2672.89
177.00	2799.28
178.00	2729.06
179.00	2761.83
180.00	2684.59
181.00	2832.05
182.00	2803.96
183.00	2806.30
184.00	2820.35
185.00	2904.60
186.00	2799.28
187.00	2869.50
188.00	2885.88
189.00	2909.29
190.00	2846.09
191.00	2867.16
192.00	2958.44
193.00	2965.46
194.00	2958.44
195.00	3026.31
196.00	3033.33
197.00	3021.63
198.00	3204.19
199.00	3068.44
200.00	3056.74
201.00	3061.42
202.00	3119.93
203.00	3091.85
204.00	3119.93
205.00	3082.49
206.00	3124.62
207.00	3141.00
208.00	3206.53
209.00	3199.51
210.00	3260.37
211.00	3286.11
212.00	3232.28
213.00	3236.96
214.00	3342.28
215.00	3337.60
216.00	3337.60
217.00	3358.67
218.00	3417.18
219.00	3300.16
220.00	3368.03
221.00	3449.95
222.00	3466.33
223.00	3513.14
224.00	3487.40
225.00	3531.87
226.00	3478.04
227.00	3604.42
228.00	3473.36
229.00	3644.21
230.00	3578.68
231.00	3627.83
232.00	3758.90
233.00	3730.81
234.00	3658.26
235.00	3653.58
236.00	3892.31
237.00	3693.37
238.00	3714.43
239.00	3728.47
240.00	3880.61
241.00	4002.32
242.00	4088.92
243.00	3955.51
244.00	3988.27
245.00	4177.86
246.00	4084.23
247.00	4014.02
248.00	4081.89
249.00	4161.47
250.00	4049.13
251.00	4191.90
252.00	4084.23
253.00	4355.74
254.00	4264.46
255.00	4315.95
256.00	4262.12
257.00	4365.10
258.00	4259.78
259.00	4449.36
260.00	4358.08
261.00	4430.63
262.00	4521.92
263.00	4601.49
264.00	4538.30
265.00	4491.49
266.00	4641.28
267.00	4744.27
268.00	4751.29
269.00	4802.78
270.00	4636.60
271.00	4739.58
272.00	4812.14
273.00	4840.23
274.00	4898.74
275.00	4697.46
276.00	4901.08
277.00	4809.80
278.00	4983.00
279.00	4994.70
280.00	5022.79
281.00	5029.81
282.00	5008.75
283.00	4943.21
284.00	5121.09
285.00	5041.51
286.00	5174.92
287.00	5135.14
288.00	5067.26
289.00	5093.01
290.00	5294.29
291.00	5266.21
292.00	5172.58
293.00	5369.19
294.00	5341.10
295.00	5350.46
296.00	5296.63
297.00	5282.59
298.00	5455.79
299.00	5320.04
300.00	5317.70
301.00	5205.35
302.00	4994.70
303.00	4992.36
304.00	5266.21
305.00	5411.32
306.00	5441.75
307.00	5242.80
308.00	5181.95
309.00	5270.89
310.00	5362.17
311.00	5408.98
312.00	5303.65
313.00	5551.75
314.00	5458.13
315.00	5387.91
316.00	5408.98
317.00	5504.94
318.00	5392.59
319.00	5610.26
320.00	5490.90
321.00	5528.35
322.00	5446.43
323.00	5530.69
324.00	5565.79
325.00	5689.84
326.00	5666.44
327.00	5797.51
328.00	5621.97
329.00	5614.95
330.00	5661.76
331.00	5860.70
332.00	5621.97
333.00	5523.66
334.00	5668.78
335.00	5907.51
336.00	5849.00
337.00	5790.49
338.00	5802.19
339.00	5795.17
340.00	5914.53
341.00	5975.39
342.00	5928.58
343.00	5872.40
344.00	6019.86
345.00	6256.25
346.00	6148.59
347.00	6061.99
348.00	6331.15
349.00	6307.74
350.00	6300.72
351.00	6169.65
352.00	6216.46
353.00	6174.33
354.00	6183.70
355.00	6293.70
356.00	6211.78
357.00	6296.04
358.00	6326.47
359.00	6377.96
360.00	6300.72
361.00	6537.12
362.00	6363.92
363.00	6293.70
364.00	6595.63
365.00	6352.21
366.00	6464.56
367.00	6401.37
368.00	6658.82
369.00	6717.34
370.00	6487.96
371.00	6494.99
372.00	6504.35
373.00	6633.08
374.00	6651.80
375.00	6707.98
376.00	6815.64
377.00	6778.19
378.00	6768.83
379.00	6913.94
380.00	7016.93
381.00	6927.99
382.00	7173.74
383.00	7070.76
384.00	7258.00
385.00	7180.76
386.00	7330.56
387.00	7215.87
388.00	7302.47
389.00	7356.30
390.00	7510.78
391.00	7452.27
392.00	7407.80
393.00	7375.03
394.00	7470.99
395.00	7604.40
396.00	7573.97
397.00	7817.39
398.00	7723.77
399.00	7763.56
400.00	7911.01
401.00	7761.22
402.00	7925.05
403.00	7747.17
404.00	7878.24
405.00	7878.24
406.00	7873.56
407.00	8112.30
408.00	7997.61
409.00	7749.51
410.00	7791.64
411.00	8039.74
412.00	8037.40
413.00	7992.93
414.00	8084.21
415.00	8025.70
416.00	8037.40
417.00	8098.25
418.00	8142.72
419.00	7995.27
420.00	8124.00
421.00	7976.55
422.00	8107.62
423.00	8194.22
424.00	7950.80
425.00	8016.33
426.00	8313.58
427.00	8042.08
428.00	8140.38
429.00	8072.51
430.00	8238.69
431.00	8187.19
432.00	8224.64
433.00	8173.15
434.00	8182.51
435.00	8234.00
436.00	8421.25
437.00	8299.54
438.00	8362.73
439.00	8442.31
440.00	8664.66
441.00	8627.21
442.00	8568.70
443.00	8636.58
444.00	8578.06
445.00	8704.45
446.00	8655.30
447.00	8777.01
448.00	8624.87
449.00	8503.17
450.00	8451.67
451.00	8652.96
452.00	8762.97
453.00	8697.43
454.00	8645.94
455.00	8870.63
456.00	8842.54
457.00	8849.57
458.00	9139.79
459.00	8861.27
460.00	8741.90
461.00	8833.18
462.00	8861.27
463.00	8910.42
464.00	8741.90
465.00	9060.21
466.00	9212.35
467.00	8968.93
468.00	9071.92
469.00	9263.84
470.00	9341.08
471.00	9198.31
472.00	9142.13
473.00	9275.54
474.00	9231.07
475.00	9315.33
476.00	9528.32
477.00	9427.68
478.00	9778.76
479.00	9533.00
480.00	9886.42
481.00	9753.01
482.00	9699.18
483.00	9753.01
484.00	9643.01
485.00	9888.76
486.00	9640.67
487.00	9891.10
488.00	9717.90
489.00	9785.78
490.00	9867.70
491.00	9877.06
492.00	9839.61
493.00	9898.13
494.00	9912.17
495.00	10216.44
496.00	10225.80
497.00	9973.02
498.00	10127.50
499.00	10139.20
500.00	10200.05
501.00	10202.40
502.00	10270.27
503.00	10246.87
504.00	10214.10
505.00	10434.11
506.00	10218.78
507.00	10555.82
508.00	10518.37
509.00	10368.57
510.00	10389.64
511.00	10576.88
512.00	10499.64
513.00	10597.95
514.00	10609.65
515.00	10729.02
516.00	10658.80
517.00	10422.41
518.00	10541.77
519.00	10820.30
520.00	10703.27
521.00	10757.10
522.00	10824.98
523.00	10665.82
524.00	10888.17
525.00	11225.21
526.00	10984.13
527.00	10846.04
528.00	10991.16
529.00	11117.54
530.00	11059.03
531.00	11068.39
532.00	11021.58
533.00	10902.22
534.00	11143.29
535.00	10869.45
536.00	11447.56
537.00	11129.25
538.00	10960.73
539.00	11325.85
540.00	10977.11
541.00	11166.70
542.00	11279.04
543.00	11353.94
544.00	11166.70
545.00	11353.94
546.00	11419.47
547.00	11166.70
548.00	11632.46
549.00	11847.79
550.00	11751.83
551.00	11768.21
552.00	11449.90
553.00	11737.79
554.00	11690.98
555.00	11751.83
556.00	11969.50
557.00	11606.72
558.00	11836.09
559.00	12028.01
560.00	12004.61
561.00	11840.77
562.00	12297.17
563.00	12196.53
564.00	12173.13
565.00	12402.50
566.00	12320.58
567.00	12732.51
568.00	12353.35
569.00	12496.12
570.00	12451.65
571.00	12606.13
572.00	12788.69
573.00	12989.97
574.00	12781.67
575.00	12786.35
576.00	12875.29
577.00	13439.36
578.00	13107.00
579.00	13057.85
580.00	13167.85
581.00	13146.79
582.00	13247.43
583.00	13532.98
584.00	13359.78
585.00	13523.62
586.00	13734.26
587.00	13565.74
588.00	13811.50
589.00	13830.23
590.00	14031.51
591.00	14040.87
592.00	14026.83
593.00	14328.76
594.00	14499.62
595.00	14298.33
596.00	14333.44
597.00	14677.50
598.00	14773.46
599.00	14883.47
600.00	15084.75
601.00	15272.00
602.00	15307.10
603.00	15414.77
604.00	15468.60
605.00	15559.88
606.00	15981.18
607.00	15569.24
608.00	15866.49
609.00	15861.81
610.00	15793.94
611.00	16091.18
612.00	16112.25
613.00	16414.18
614.00	16484.39
615.00	16734.83
616.00	16479.71
617.00	16725.47
618.00	17174.85
619.00	17219.32
620.00	17106.98
621.00	17422.95
622.00	17399.54
623.00	17577.42
624.00	17832.54
625.00	17661.68
626.00	17860.63
627.00	17947.23
628.00	18115.75
629.00	18389.59
630.00	18654.07
631.00	18803.86
632.00	18370.86
633.00	18939.62
634.00	18963.02
635.00	19370.27
636.00	19281.33
637.00	19482.62
638.00	19653.48
639.00	19742.42
640.00	19749.44
641.00	19796.25
642.00	19981.15
643.00	20332.23
644.00	20357.98
645.00	20601.40
646.00	20568.63
647.00	20666.93
648.00	20856.51
649.00	20950.14
650.00	21135.04
651.00	21813.79
652.00	21558.67
653.00	21642.93
654.00	21584.42
655.00	22185.94
656.00	22490.21
657.00	21998.70
658.00	22607.23
659.00	22431.69
660.00	22623.62
661.00	22871.72
662.00	23068.32
663.00	23407.70
664.00	23332.80
665.00	23585.58
666.00	23508.34
667.00	23810.27
668.00	23693.24
669.00	24245.61
670.00	24105.18
671.00	24121.56
672.00	24144.97
673.00	24568.60
674.00	24451.58
675.00	24470.30
676.00	25001.60
677.00	24847.13
678.00	25425.24
679.00	25214.59
680.00	25577.37
681.00	25378.43
682.00	25748.23
683.00	25607.80
684.00	25993.99
685.00	26178.89
686.00	25937.82
687.00	26511.25
688.00	26611.89
689.00	26501.89
690.00	26539.33
691.00	26511.25
692.00	26998.08
693.00	27166.60
694.00	27573.85
695.00	27370.22
696.00	27662.79
697.00	27728.33
698.00	27550.45
699.00	28086.43
700.00	28135.58
701.00	27721.30
702.00	28549.85
703.00	28137.92
704.00	28690.29
705.00	28655.18
706.00	28788.59
707.00	28453.89
708.00	29219.25
709.00	29312.87
710.00	29858.21
711.00	29539.90
712.00	29429.90
713.00	29256.70
714.00	29703.74
715.00	29748.21
716.00	30129.72
717.00	30298.23
718.00	30621.23
719.00	29986.94
720.00	30469.09
721.00	30431.65
722.00	30433.99
723.00	30375.47
724.00	31044.87
725.00	30717.19
726.00	31033.16
727.00	30899.75
728.00	30916.14
729.00	31417.01
730.00	31014.44
731.00	31880.44
732.00	31367.86
733.00	31791.50
734.00	31782.13
735.00	31812.56
736.00	31695.53
737.00	31842.99
738.00	31915.54
739.00	32470.25
740.00	31981.08
741.00	32641.11
742.00	32060.66
743.00	32180.03
744.00	32283.01
745.00	32959.42
746.00	33167.73
747.00	32795.59
748.00	33127.94
749.00	33048.36
750.00	32966.45
751.00	33163.05
752.00	32837.72
753.00	34015.01
754.00	33586.69
755.00	33556.26
756.00	33525.83
757.00	33684.99
758.00	33504.77
759.00	33696.69
760.00	33865.21
761.00	33673.29
762.00	34387.15
763.00	34190.55
764.00	34244.38
765.00	34213.95
766.00	34181.18
767.00	34656.31
768.00	34445.66
769.00	34829.51
770.00	34822.49
771.00	35255.49
772.00	35278.89
773.00	35264.85
774.00	35178.25
775.00	35093.99
776.00	35407.62
777.00	35138.46
778.00	36240.86
779.00	35749.34
780.00	35590.19
781.00	35955.31
782.00	35501.25
783.00	35651.04
784.00	36371.92
785.00	36224.47
786.00	36332.14
787.00	36926.63
788.00	36465.55
789.00	36790.88
790.00	36577.89
791.00	36652.79
792.00	37148.98
793.00	37158.34
794.00	36835.35
795.00	37116.22
796.00	37027.28
797.00	37261.33
798.00	37221.54
799.00	37235.58
800.00	37457.93
801.00	37773.91
802.00	37399.42
803.00	37860.51
804.00	37455.59
805.00	37670.92
806.00	37926.04
807.00	38337.98
808.00	37820.72
809.00	38120.31
810.00	38586.07
811.00	38340.32
812.00	38253.72
813.00	38433.94
814.00	38115.62
815.00	38225.63
816.00	38424.57
817.00	38824.81
818.00	38583.73
819.00	38773.31
820.00	38588.41
821.00	38745.23
822.00	38567.35
823.00	38838.85
824.00	39452.07
825.00	38920.77
826.00	39152.48
827.00	39508.24
828.00	39800.81
829.00	39405.26
830.00	39292.91
831.00	39667.40
832.00	39323.34
833.00	39805.49
834.00	39463.77
835.00	40046.57
836.00	39435.69
837.00	40458.50
838.00	39782.09
839.00	40187.00
840.00	39978.69
841.00	40444.46
842.00	40318.07
843.00	40507.65
844.00	41022.57
845.00	40591.91
846.00	40666.81
847.00	40514.67
848.00	40491.27
849.00	40776.81
850.00	41158.32
851.00	41352.58
852.00	41277.69
853.00	40832.99
854.00	41233.22
855.00	41280.03
856.00	40954.69
857.00	41317.48
858.00	41755.16
859.00	41375.99
860.00	41724.73
861.00	41565.57
862.00	41593.66
863.00	41940.06
864.00	42040.70
865.00	41546.85
866.00	42377.74
867.00	42431.57
868.00	42036.02
869.00	41940.06
870.00	42689.03
871.00	42230.29
872.00	41991.55
873.00	42218.58
874.00	42206.88
875.00	42656.26
876.00	42719.46
877.00	43271.82
878.00	42314.55
879.00	42176.45
880.00	42487.74
881.00	42181.13
882.00	42946.49
883.00	42775.63
884.00	42539.24
885.00	43154.80
886.00	42775.63
887.00	43140.75
888.00	42885.64
889.00	42803.72
890.00	43332.68
891.00	43295.23
892.00	43264.80
893.00	43208.63
894.00	43299.91
895.00	43175.86
896.00	43821.85
897.00	43131.39
898.00	43267.14
899.00	43210.97
900.00	43686.10
901.00	43723.55
902.00	43955.26
903.00	43842.92
904.00	43812.49
905.00	43955.26
906.00	43927.17
907.00	43828.87
908.00	43826.53
909.00	43737.59
910.00	44374.22
911.00	44516.99
912.00	43959.94
913.00	43604.18
914.00	44278.25
915.00	43828.87
916.00	44964.03
917.00	44257.19
918.00	44889.13
919.00	45270.64
920.00	44446.77
921.00	44914.88
922.00	44786.15
923.00	44854.03
924.00	44648.06
925.00	44638.70
926.00	44938.29
927.00	45425.12
928.00	45382.99
929.00	44818.92
930.00	45441.50
931.00	45043.61
932.00	45038.93
933.00	45027.23
934.00	45268.30
935.00	45010.84
936.00	45509.38
937.00	45675.55
938.00	46071.10
939.00	45254.26
940.00	45237.87
941.00	45560.87
942.00	44917.22
943.00	45317.45
944.00	45663.85
945.00	45851.09
946.00	45881.52
947.00	46141.32
948.00	45862.80
949.00	46047.70
950.00	45808.96
951.00	45895.56
952.00	45900.25
953.00	45853.44
954.00	45911.95
955.00	45780.88
956.00	46293.46
957.00	45876.84
958.00	45963.44
959.00	46038.34
960.00	46445.59
961.00	45680.24
962.00	45876.84
963.00	46436.23
964.00	46714.75
965.00	46527.51
966.00	46976.89
967.00	46691.35
968.00	46738.16
969.00	47161.79
970.00	47138.39
971.00	47147.75
972.00	47173.50
973.00	47264.78
974.00	47239.03
975.00	47241.37
976.00	46953.49
977.00	46855.18
978.00	47206.26
979.00	46637.51
980.00	47227.33
981.00	47012.00
982.00	47393.51
983.00	47370.10
984.00	47384.15
985.00	47391.17
986.00	47765.65
987.00	47445.00
988.00	46674.96
989.00	47325.63
990.00	47414.57
991.00	47601.82
992.00	47304.57
993.00	47835.87
994.00	47578.41
995.00	47889.70
996.00	47992.68
997.00	48006.73
998.00	48086.31
999.00	47562.03
1000.00	47798.42
1001.00	47742.25
1002.00	48062.90
1003.00	47969.28
1004.00	47929.49
1005.00	47779.70
1006.00	47924.81
1007.00	47980.98
1008.00	48037.16
1009.00	48158.86
1010.00	48247.80
1011.00	48538.03
1012.00	48559.09
1013.00	48657.40
1014.00	47861.61
1015.00	48729.95
1016.00	48189.29
1017.00	47777.36
1018.00	48212.70
1019.00	48109.71
1020.00	48917.20
1021.00	48222.06
1022.00	48701.87
1023.00	48760.38
1024.00	48147.16
1025.00	48474.84
1026.00	48641.01
1027.00	48659.74
1028.00	48608.25
1029.00	48924.22
1030.00	48870.39
1031.00	49013.16
1032.00	49308.07
1033.00	48762.72
1034.00	49382.96
1035.00	49085.72
1036.00	48732.29
1037.00	48928.90
1038.00	48868.05
1039.00	48854.00
1040.00	49064.65
1041.00	48982.73
1042.00	49261.26
1043.00	49015.50
1044.00	49118.48
1045.00	49291.68
1046.00	49179.34
1047.00	49081.03
1048.00	49155.93
1049.00	49354.88
1050.00	49242.53
1051.00	49705.96
1052.00	49450.84
1053.00	50206.83
1054.00	49036.56
1055.00	48729.95
1056.00	49191.04
1057.00	49389.98
1058.00	49467.22
1059.00	49698.94
1060.00	49453.18
1061.00	49668.51
1062.00	49734.04
1063.00	49254.23
1064.00	49193.38
1065.00	49373.60
1066.00	49151.25
1067.00	49261.26
1068.00	49759.79
1069.00	49757.45
1070.00	49738.72
1071.00	49722.34
1072.00	50066.40
1073.00	49198.06
1074.00	50092.15
1075.00	49553.82
1076.00	49476.58
1077.00	49563.18
1078.00	49476.58
1079.00	49736.38
1080.00	49832.35
1081.00	50057.04
1082.00	49818.30
1083.00	49530.42
1084.00	49600.63
1085.00	49378.28
1086.00	49649.78
1087.00	49507.01
1088.00	49991.50
1089.00	49722.34
1090.00	50293.43
1091.00	49942.35
1092.00	49940.01
1093.00	49801.92
1094.00	49705.96
1095.00	49698.94
1096.00	49911.92
1097.00	49731.70
1098.00	49921.29
1099.00	50263.00
1100.00	49837.03
1101.00	50064.06
1102.00	50244.28
1103.00	50288.75
1104.00	49619.36
1105.00	49844.05
1106.00	50024.27
1107.00	49869.79
1108.00	49785.54
1109.00	50052.36
1110.00	50103.85
1111.00	50288.75
1112.00	50202.15
1113.00	50213.85
1114.00	50265.34
1115.00	50211.51
1116.00	50321.52
1117.00	50003.20
1118.00	50099.17
1119.00	50307.47
1120.00	50321.52
1121.00	50508.76
1122.00	49975.12
1123.00	50251.30
1124.00	49888.52
1125.00	50255.98
1126.00	49949.37
1127.00	49717.66
1128.00	50251.30
1129.00	50059.38
1130.00	50042.99
1131.00	50127.25
1132.00	49834.69
1133.00	50454.93
1134.00	49731.70
1135.00	49762.13
1136.00	50007.89
1137.00	49874.48
1138.00	49528.08
1139.00	50028.95
1140.00	50169.38
1141.00	50120.23
1142.00	50611.74
1143.00	50167.04
1144.00	50480.67
1145.00	50028.95
1146.00	50120.23
1147.00	50396.42
1148.00	50342.58
1149.00	50038.31
1150.00	50031.29
1151.00	50557.91
1152.00	50354.29
1153.00	50834.10
1154.00	50129.59
1155.00	50354.29
1156.00	50209.17
1157.00	49911.92
1158.00	50164.70
1159.00	50071.08
1160.00	50363.65
1161.00	50628.13
1162.00	50424.50
1163.00	50436.20
1164.00	49991.50
1165.00	50309.82
1166.00	50253.64
1167.00	49963.42
1168.00	50220.87
1169.00	50108.53
1170.00	49776.17
1171.00	50143.64
1172.00	50405.78
1173.00	50239.60
1174.00	50007.89
1175.00	50834.10
1176.00	50330.88
1177.00	50349.60
1178.00	50082.78
1179.00	49731.70
1180.00	49883.84
1181.00	50377.69
1182.00	50064.06
1183.00	50279.39
1184.00	50756.86
1185.00	50438.54
1186.00	50487.70
1187.00	50211.51
1188.00	50330.88
1189.00	49923.63
1190.00	50042.99
1191.00	50087.46
1192.00	50143.64
1193.00	49921.29
1194.00	50225.56
1195.00	50335.56
1196.00	50445.57
1197.00	50028.95
1198.00	50471.31
1199.00	50270.03
1200.00	50057.04
1201.00	50181.09
1202.00	49647.44
1203.00	50347.26
1204.00	50391.73
1205.00	50117.89
1206.00	50267.69
1207.00	50419.82
1208.00	49998.52
1209.00	50333.22
1210.00	50066.40
1211.00	49853.41
1212.00	50174.06
1213.00	49656.81
1214.00	49886.18
1215.00	49652.12
1216.00	50408.12
1217.00	50080.44
1218.00	50419.82
1219.00	50061.72
1220.00	50035.97
1221.00	50220.87
1222.00	49909.58
1223.00	49989.16
1224.00	49883.84
1225.00	49792.56
1226.00	50061.72
1227.00	49904.90
1228.00	50422.16
1229.00	49778.51
1230.00	50426.84
1231.00	50059.38
1232.00	50234.92
1233.00	50326.20
1234.00	49776.17
1235.00	49872.14
1236.00	50000.86
1237.00	49876.82
1238.00	50197.47
1239.00	50396.42
1240.00	50632.81
1241.00	50454.93
1242.00	50550.89
1243.00	50632.81
1244.00	50277.05
1245.00	50103.85
1246.00	49755.11
1247.00	50045.33
1248.00	50131.93
1249.00	49923.63
1250.00	50227.90
1251.00	50583.66
1252.00	50471.31
1253.00	50363.65
1254.00	50696.00
1255.00	50480.67
1256.00	50363.65
1257.00	50539.19
1258.00	50181.09
1259.00	50061.72
1260.00	49558.50
1261.00	50302.79
1262.00	50068.74
1263.00	50293.43
1264.00	50834.10
1265.00	50265.34
1266.00	50555.57
1267.00	50794.31
1268.00	50003.20
1269.00	50342.58
1270.00	50099.17
1271.00	50122.57
1272.00	50082.78
1273.00	50047.68
1274.00	50419.82
1275.00	50483.01
1276.00	50796.65
1277.00	50337.90
1278.00	50445.57
1279.00	50604.72
1280.00	50272.37
1281.00	50045.33
1282.00	50398.76
1283.00	50110.87
1284.00	49752.77
1285.00	49792.56
1286.00	50464.29
1287.00	49853.41
1288.00	50567.27
1289.00	50291.09
1290.00	50485.36
1291.00	50267.69
1292.00	49954.05
1293.00	50377.69
1294.00	50377.69
1295.00	50171.72
1296.00	50328.54
1297.00	50567.27
1298.00	50403.44
1299.00	50145.98
1300.00	50485.36
1301.00	51070.49
1302.00	50550.89
1303.00	50026.61
1304.00	50153.00
1305.00	50487.70
1306.00	50279.39
1307.00	50106.19
1308.00	50548.55
1309.00	50380.03
1310.00	50099.17
1311.00	50401.10
1312.00	49879.16
1313.00	50796.65
1314.00	50415.14
1315.00	50447.91
1316.00	50007.89
1317.00	49958.73
1318.00	50487.70
1319.00	50120.23
1320.00	50122.57
1321.00	50178.75
1322.00	50267.69
1323.00	50581.32
1324.00	50312.16
1325.00	50597.70
1326.00	50791.97
1327.00	50225.56
1328.00	50239.60
1329.00	50295.77
1330.00	50698.34
1331.00	50131.93
1332.00	50136.62
1333.00	50085.12
1334.00	50333.22
1335.00	50529.83
1336.00	50431.52
1337.00	50293.43
1338.00	50555.57
1339.00	50155.34
1340.00	50312.16
1341.00	50080.44
1342.00	50117.89
1343.00	49937.67
1344.00	50096.83
1345.00	49787.88
1346.00	50167.04
1347.00	50342.58
1348.00	50335.56
1349.00	50199.81
1350.00	50050.02
1351.00	50148.32
1352.00	50110.87
1353.00	49963.42
1354.00	49684.89
1355.00	49762.13
1356.00	50012.57
1357.00	49918.95
1358.00	49867.45
1359.00	49862.77
1360.00	50651.53
1361.00	50113.21
1362.00	50106.19
1363.00	49715.32
1364.00	50012.57
1365.00	49975.12
1366.00	50047.68
1367.00	49153.59
1368.00	49483.61
1369.00	49619.36
1370.00	49324.45
1371.00	49556.16
1372.00	49631.06
1373.00	49764.47
1374.00	49776.17
1375.00	49741.06
1376.00	49462.54
1377.00	49813.62
1378.00	49322.11
1379.00	49378.28
1380.00	49111.46
1381.00	49389.98
1382.00	49640.42
1383.00	49532.76
1384.00	49263.60
1385.00	49511.69
1386.00	49404.03
1387.00	49523.40
1388.00	49272.96
1389.00	49425.09
1390.00	49109.12
1391.00	49263.60
1392.00	48982.73
1393.00	49130.19
1394.00	48935.92
1395.00	49172.31
1396.00	48879.75
1397.00	49691.91
1398.00	49249.55
1399.00	49499.99
1400.00	49146.57
1401.00	49675.53
1402.00	48842.30
1403.00	49050.61
1404.00	48903.15
1405.00	48896.13
1406.00	48807.19
1407.00	49066.99
1408.00	49146.57
1409.00	49247.21
1410.00	49371.26
1411.00	48907.83
1412.00	49095.08
1413.00	49076.35
1414.00	49155.93
1415.00	48493.56
1416.00	48542.71
1417.00	48603.56
1418.00	48596.54
1419.00	48638.67
1420.00	48154.18
1421.00	48268.87
1422.00	48334.40
1423.00	48797.83
1424.00	48519.31
1425.00	48402.28
1426.00	48397.60
1427.00	48692.50
1428.00	48858.68
1429.00	48208.01
1430.00	48226.74
1431.00	48322.70
1432.00	47859.27
1433.00	48397.60
1434.00	48147.16
1435.00	48011.41
1436.00	48502.92
1437.00	48210.35
1438.00	48430.36
1439.00	48392.92
1440.00	48182.27
1441.00	48076.94
1442.00	47896.72
1443.00	47875.66
1444.00	47690.76
1445.00	47936.51
1446.00	47849.91
1447.00	48027.79
1448.00	48067.58
1449.00	47517.56
1450.00	48179.93
1451.00	47992.68
1452.00	47924.81
1453.00	47718.84
1454.00	48336.74
1455.00	47697.78
1456.00	47320.95
1457.00	47398.19
1458.00	47730.54
1459.00	47868.64
1460.00	47576.07
1461.00	47803.10
1462.00	47456.70
1463.00	47398.19
1464.00	48098.01
1465.00	47908.43
1466.00	47461.38
1467.00	47695.44
1468.00	47351.38
1469.00	47398.19
1470.00	47358.40
1471.00	47093.92
1472.00	47007.32
1473.00	47229.67
1474.00	47105.62
1475.00	47206.26
1476.00	47360.74
1477.00	47505.85
1478.00	47697.78
1479.00	47107.96
1480.00	47524.58
1481.00	47016.68
1482.00	47327.97
1483.00	46981.57
1484.00	46487.72
1485.00	46307.50
1486.00	46403.46
1487.00	46447.93
1488.00	46445.59
1489.00	46576.66
1490.00	46539.21
1491.00	46782.63
1492.00	46892.63
1493.00	46677.30
1494.00	46988.60
1495.00	46232.60
1496.00	46094.51
1497.00	46394.10
1498.00	45942.38
1499.00	46190.47
1500.00	46082.81
1501.00	46728.80
1502.00	46288.77
1503.00	46579.00
1504.00	46232.60
1505.00	46494.74
1506.00	46564.96
1507.00	46274.73
1508.00	46190.47
1509.00	45738.75
1510.00	45921.31
1511.00	46380.06
1512.00	45371.28
1513.00	45801.94
1514.00	45663.85
1515.00	46003.23
1516.00	45958.76
1517.00	45516.40
1518.00	45736.41
1519.00	45914.29
1520.00	45963.44
1521.00	45633.42
1522.00	45764.49
1523.00	45385.33
1524.00	45680.24
1525.00	45684.92
1526.00	45390.01
1527.00	45453.20
1528.00	45359.58
1529.00	45734.07
1530.00	44715.93
1531.00	45689.60
1532.00	45319.79
1533.00	45804.28
1534.00	45242.56
1535.00	45549.17
1536.00	45418.10
1537.00	45230.85
1538.00	45022.54
1539.00	45041.27
1540.00	44708.91
1541.00	45020.20
1542.00	44626.99
1543.00	45354.90
1544.00	45102.12
1545.00	44676.15
1546.00	45048.29
1547.00	45219.15
1548.00	44720.62
1549.00	45221.49
1550.00	44978.07
1551.00	45099.78
1552.00	44282.94
1553.00	44184.63
1554.00	44795.51
1555.00	44477.20
1556.00	44498.26
1557.00	44879.77
1558.00	44336.77
1559.00	44729.98
1560.00	44940.63
1561.00	44505.29
1562.00	44886.79
1563.00	44512.31
1564.00	44964.03
1565.00	44252.51
1566.00	44292.30
1567.00	44018.46
1568.00	44219.74
1569.00	44149.53
1570.00	43882.70
1571.00	43840.57
1572.00	44168.25
1573.00	43852.28
1574.00	44032.50
1575.00	43908.45
1576.00	44062.93
1577.00	44292.30
1578.00	43856.96
1579.00	43730.57
1580.00	43320.98
1581.00	43796.10
1582.00	43655.67
1583.00	43814.83
1584.00	43693.12
1585.00	43641.63
1586.00	43679.08
1587.00	43578.43
1588.00	43545.67
1589.00	44062.93
1590.00	43608.86
1591.00	43798.44
1592.00	44203.36
1593.00	43262.46
1594.00	43325.66
1595.00	43318.64
1596.00	43295.23
1597.00	43360.76
1598.00	42794.36
1599.00	42328.59
1600.00	42965.21
1601.00	42990.96
1602.00	42887.98
1603.00	43115.01
1604.00	42895.00
1605.00	42857.55
1606.00	43065.86
1607.00	43421.62
1608.00	43112.67
1609.00	42579.03
1610.00	43028.41
1611.00	42595.41
1612.00	42810.74
1613.00	42796.70
1614.00	42972.24
1615.00	42272.42
1616.00	42677.33
1617.00	42368.38
1618.00	42955.85
1619.00	42855.21
1620.00	42927.77
1621.00	42913.72
1622.00	43393.53
1623.00	42623.50
1624.00	42525.19
1625.00	42389.44
1626.00	42689.03
1627.00	42316.89
1628.00	42391.78
1629.00	42321.57
1630.00	42522.85
1631.00	42061.77
1632.00	42604.77
1633.00	42230.29
1634.00	42340.29
1635.00	42494.77
1636.00	42515.83
1637.00	42351.99
1638.00	42155.39
1639.00	41951.76
1640.00	42258.37
1641.00	42099.22
1642.00	41500.04
1643.00	41890.91
1644.00	41677.92
1645.00	41792.61
1646.00	41734.09
1647.00	41904.95
1648.00	41701.32
1649.00	42115.60
1650.00	41607.70
1651.00	42141.35
1652.00	41918.99
1653.00	41876.86
1654.00	41507.06
1655.00	41504.72
1656.00	41675.58
1657.00	41551.53
1658.00	41696.64
1659.00	40811.92
1660.00	40961.72
1661.00	41057.68
1662.00	40924.27
1663.00	40905.54
1664.00	41289.39
1665.00	41170.02
1666.00	41364.29
1667.00	41270.67
1668.00	41200.45
1669.00	41544.51
1670.00	41048.32
1671.00	41195.77
1672.00	40912.56
1673.00	40903.20
1674.00	40669.15
1675.00	41256.62
1676.00	40666.81
1677.00	40989.80
1678.00	40921.93
1679.00	41048.32
1680.00	40755.75
1681.00	40678.51
1682.00	40809.58
1683.00	40589.57
1684.00	40676.17
1685.00	40708.94
1686.00	40526.38
1687.00	40488.93
1688.00	40142.53
1689.00	40854.05
1690.00	40399.99
1691.00	39955.29
1692.00	40353.18
1693.00	40442.12
1694.00	40151.89
1695.00	40428.07
1696.00	40392.97
1697.00	40708.94
1698.00	40629.36
1699.00	40041.88
1700.00	40273.60
1701.00	39917.84
1702.00	39852.30
1703.00	39828.90
1704.00	40053.59
1705.00	40161.25
1706.00	39985.71
1707.00	39871.03
1708.00	39283.55
1709.00	39861.66
1710.00	39896.77
1711.00	39466.11
1712.00	40163.59
1713.00	39711.87
1714.00	39569.10
1715.00	40091.04
1716.00	39629.95
1717.00	39466.11
1718.00	39215.68
1719.00	39882.73
1720.00	39157.16
1721.00	39395.90
1722.00	38857.57
1723.00	38714.80
1724.00	39215.68
1725.00	38611.82
1726.00	38726.50
1727.00	38265.42
1728.00	38937.15
1729.00	38770.97
1730.00	38698.42
1731.00	39313.98
1732.00	39009.71
1733.00	38712.46
1734.00	38611.82
1735.00	38717.14
1736.00	38415.21
1737.00	37865.19
1738.00	37921.36
1739.00	38347.34
1740.00	38089.88
1741.00	38160.09
1742.00	38199.88
1743.00	37919.02
1744.00	38213.93
1745.00	38115.62
1746.00	37919.02
1747.00	38225.63
1748.00	37703.69
1749.00	37879.23
1750.00	37940.08
1751.00	37521.13
1752.00	38094.56
1753.00	37345.59
1754.00	37345.59
1755.00	37296.44
1756.00	37560.92
1757.00	36982.80
1758.00	37144.30
1759.00	37015.57
1760.00	37589.00
1761.00	37090.47
1762.00	37198.13
1763.00	37481.34
1764.00	37336.23
1765.00	36603.64
1766.00	37256.65
1767.00	37053.02
1768.00	36514.70
1769.00	36357.88
1770.00	36292.35
1771.00	36238.51
1772.00	36463.21
1773.00	36840.03
1774.00	36552.15
1775.00	36470.23
1776.00	36093.40
1777.00	36402.35
1778.00	35854.67
1779.00	36105.10
1780.00	35955.31
1781.00	36290.01
1782.00	35826.58
1783.00	36105.10
1784.00	35754.02
1785.00	35016.75
1786.00	35351.45
1787.00	35358.47
1788.00	35559.76
1789.00	35370.18
1790.00	35534.01
1791.00	35346.77
1792.00	35548.06
1793.00	35211.02
1794.00	35398.26
1795.00	35232.08
1796.00	35232.08
1797.00	35489.54
1798.00	35147.82
1799.00	34991.01
1800.00	35248.47
1801.00	34639.93
1802.00	34422.26
1803.00	34415.24
1804.00	34342.68
1805.00	34352.04
1806.00	34110.97
1807.00	34110.97
1808.00	34424.60
1809.00	34541.63
1810.00	34607.16
1811.00	34321.62
1812.00	34089.90
1813.00	33996.28
1814.00	34178.84
1815.00	33958.83
1816.00	33832.44
1817.00	33516.47
1818.00	33500.09
1819.00	33446.26
1820.00	33631.16
1821.00	33029.64
1822.00	33109.22
1823.00	33193.48
1824.00	33376.04
1825.00	33177.09
1826.00	33326.89
1827.00	33031.98
1828.00	33083.47
1829.00	33055.39
1830.00	33027.30
1831.00	31889.80
1832.00	32849.42
1833.00	32627.07
1834.00	32538.13
1835.00	32467.91
1836.00	32451.53
1837.00	31866.39
1838.00	32093.43
1839.00	31543.40
1840.00	31894.48
1841.00	32093.43
1842.00	31571.49
1843.00	31379.56
1844.00	31480.21
1845.00	31431.05
1846.00	31204.02
1847.00	31030.82
1848.00	31211.04
1849.00	31407.65
1850.00	31087.00
1851.00	31370.20
1852.00	31159.55
1853.00	30604.84
1854.00	30796.77
1855.00	30448.03
1856.00	30288.87
1857.00	30176.53
1858.00	30242.06
1859.00	30005.67
1860.00	30118.01
1861.00	30125.04
1862.00	30155.46
1863.00	30073.54
1864.00	30089.93
1865.00	29919.07
1866.00	29528.20
1867.00	29736.51
1868.00	29858.21
1869.00	29912.05
1870.00	29429.90
1871.00	29212.23
1872.00	29205.20
1873.00	29034.35
1874.00	29301.17
1875.00	28678.58
1876.00	28854.12
1877.00	28547.51
1878.00	28753.48
1879.00	28329.84
1880.00	28701.99
1881.00	28807.31
1882.00	28776.89
1883.00	28369.63
1884.00	28273.67
1885.00	28390.70
1886.00	28292.40
1887.00	27892.16
1888.00	27695.56
1889.00	27711.94
1890.00	27515.34
1891.00	27264.90
1892.00	27314.05
1893.00	27606.62
1894.00	27072.98
1895.00	26881.05
1896.00	27002.76
1897.00	26787.43
1898.00	26897.44
1899.00	27199.37
1900.00	27211.07
1901.00	26515.93
1902.00	26572.10
1903.00	26962.97
1904.00	26871.69
1905.00	26466.78
1906.00	26401.24
1907.00	25825.47
1908.00	25937.82
1909.00	25474.39
1910.00	25525.88
1911.00	25687.38
1912.00	25610.14
1913.00	25876.96
1914.00	25827.81
1915.00	25322.26
1916.00	25706.10
1917.00	25387.79
1918.00	25621.84
1919.00	25462.69
1920.00	25560.99
1921.00	25216.93
1922.00	25163.10
1923.00	24959.47
1924.00	24954.79
1925.00	24409.45
1926.00	24547.54
1927.00	24336.89
1928.00	24018.58
1929.00	24004.53
1930.00	24245.61
1931.00	24189.44
1932.00	23960.06
1933.00	23997.51
1934.00	24187.10
1935.00	24259.65
1936.00	24112.20
1937.00	23737.71
1938.00	23770.48
1939.00	23693.24
1940.00	23304.71
1941.00	23704.95
1942.00	23325.78
1943.00	23440.47
1944.00	23569.19
1945.00	23204.07
1946.00	22806.18
1947.00	22651.70
1948.00	22427.01
1949.00	22569.79
1950.00	22738.30
1951.00	22473.82
1952.00	22714.90
1953.00	22457.44
1954.00	22338.07
1955.00	22419.99
1956.00	22452.76
1957.00	22157.85
1958.00	22101.68
1959.00	22008.06
1960.00	21790.39
1961.00	21633.57
1962.00	21893.37
1963.00	21277.81
1964.00	21294.19
1965.00	21408.88
1966.00	21170.15
1967.00	21191.21
1968.00	21179.51
1969.00	20697.36
1970.00	20814.38
1971.00	21137.38
1972.00	20713.74
1973.00	20559.27
1974.00	20718.42
1975.00	20924.39
1976.00	20678.63
1977.00	20453.94
1978.00	20636.50
1979.00	20524.16
1980.00	20163.72
1981.00	20191.80
1982.00	20046.69
1983.00	20011.58
1984.00	20056.05
1985.00	19723.69
1986.00	19625.39
1987.00	19325.80
1988.00	19314.10
1989.00	19316.44
1990.00	19391.34
1991.00	19307.08
1992.00	19328.14
1993.00	19398.36
1994.00	19007.49
1995.00	19400.70
1996.00	19248.57
1997.00	19042.60
1998.00	19054.30
1999.00	18977.06
2000.00	18415.34
2001.00	18883.44
2002.00	18593.22
2003.00	18375.55
2004.00	18420.02
2005.00	18246.82
2006.00	18087.66
2007.00	18064.25
2008.00	17781.05
2009.00	18010.42
2010.00	17916.80
2011.00	17664.02
2012.00	17977.65
2013.00	17886.37
2014.00	17682.75
2015.00	17638.28
2016.00	17701.47
2017.00	17694.45
2018.00	17633.60
2019.00	17490.82
2020.00	17481.46
2021.00	17296.56
2022.00	17048.46
2023.00	16767.60
2024.00	16655.25
2025.00	16690.36
2026.00	16702.06
2027.00	16496.10
2028.00	16498.44
2029.00	16566.31
2030.00	16524.18
2031.00	16540.57
2032.00	16482.05
2033.00	16521.84
2034.00	16283.11
2035.00	16184.80
2036.00	15936.71
2037.00	16142.67
2038.00	16086.50
2039.00	16027.99
2040.00	15822.02
2041.00	15723.72
2042.00	15489.67
2043.00	15583.29
2044.00	15545.84
2045.00	15693.29
2046.00	15461.58
2047.00	15257.95
