0.00	1041.54
1.00	1041.54
2.00	1041.54
3.00	1015.79
4.00	1018.13
5.00	978.34
6.00	954.94
7.00	1022.81
8.00	968.98
9.00	950.26
10.00	1055.58
11.00	947.92
12.00	992.39
13.00	990.05
14.00	1001.75
15.00	978.34
16.00	1011.11
17.00	994.73
18.00	994.73
19.00	933.87
20.00	1008.77
21.00	1053.24
22.00	1020.47
23.00	1025.15
24.00	1083.67
25.00	1385.60
26.00	1455.81
27.00	1425.39
28.00	1521.35
29.00	1572.84
30.00	1427.73
31.00	1561.14
32.00	1537.73
33.00	1514.33
34.00	1570.50
35.00	1586.88
36.00	1521.35
37.00	1621.99
38.00	1509.65
39.00	1577.52
40.00	1675.82
41.00	1591.56
42.00	1664.12
43.00	1577.52
44.00	1631.35
45.00	1554.12
46.00	1586.88
47.00	1647.74
48.00	1657.10
49.00	1626.67
50.00	1582.20
51.00	1703.91
52.00	1603.27
53.00	1736.68
54.00	1659.44
55.00	1713.27
56.00	1631.35
57.00	1647.74
58.00	1696.89
59.00	1703.91
60.00	1722.63
61.00	1739.02
62.00	1598.59
63.00	1715.61
64.00	1795.19
65.00	1753.06
66.00	1762.42
67.00	1781.15
68.00	1699.23
69.00	1724.97
70.00	1722.63
71.00	1797.53
72.00	1825.62
73.00	1767.10
74.00	1881.79
75.00	1795.19
76.00	1856.04
77.00	1788.17
78.00	1865.41
79.00	1839.66
80.00	1734.34
81.00	1909.88
82.00	1778.81
83.00	1825.62
84.00	1827.96
85.00	1900.52
86.00	1909.88
87.00	1961.37
88.00	1996.48
89.00	1984.77
90.00	1952.01
91.00	1949.67
92.00	1977.75
93.00	1867.75
94.00	1961.37
95.00	1928.60
96.00	1907.54
97.00	1884.13
98.00	1916.90
99.00	1970.73
100.00	1982.43
101.00	1935.62
102.00	1905.20
103.00	2026.90
104.00	2052.65
105.00	1994.14
106.00	2003.50
107.00	2052.65
108.00	2073.71
109.00	2005.84
110.00	2036.27
111.00	2057.33
112.00	2090.10
113.00	2069.03
114.00	2092.44
115.00	2134.57
116.00	2036.27
117.00	2122.87
118.00	2132.23
119.00	2097.12
120.00	2101.80
121.00	2085.42
122.00	2085.42
123.00	2106.48
124.00	2094.78
125.00	2125.21
126.00	2127.55
127.00	2211.81
128.00	2267.98
129.00	2275.00
130.00	2202.44
131.00	2195.42
132.00	2314.79
133.00	2319.47
134.00	2335.85
135.00	2293.72
136.00	2265.64
137.00	2300.75
138.00	2246.91
139.00	2375.64
140.00	2272.66
141.00	2272.66
142.00	2406.07
143.00	2385.01
144.00	2335.85
145.00	2263.30
146.00	2352.24
147.00	2382.67
148.00	2377.98
149.00	2410.75
150.00	2366.28
151.00	2504.37
152.00	2401.39
153.00	2438.84
154.00	2415.43
155.00	2525.44
156.00	2401.39
157.00	2413.09
158.00	2539.48
159.00	2560.55
160.00	2480.97
161.00	2527.78
162.00	2537.14
163.00	2551.18
164.00	2551.18
165.00	2555.86
166.00	2581.61
167.00	2593.31
168.00	2614.38
169.00	2670.55
170.00	2679.91
171.00	2766.51
172.00	2698.64
173.00	2682.25
174.00	2630.76
175.00	2726.72
176.00	2719.70
177.00	2750.13
178.00	2672.89
179.00	2794.60
180.00	2775.88
181.00	2792.26
182.00	2658.85
183.00	2792.26
184.00	2773.53
185.00	2899.92
186.00	2827.37
187.00	2810.98
188.00	2888.22
189.00	2972.48
190.00	2857.79
191.00	2972.48
192.00	2942.05
193.00	2935.03
194.00	2986.52
195.00	3080.14
196.00	3089.51
197.00	3075.46
198.00	3192.49
199.00	3129.30
200.00	3009.93
201.00	2981.84
202.00	3122.27
203.00	3098.87
204.00	3110.57
205.00	3080.14
206.00	3052.06
207.00	3155.04
208.00	3229.94
209.00	3222.92
210.00	3325.90
211.00	3251.00
212.00	3246.32
213.00	3283.77
214.00	3283.77
215.00	3386.76
216.00	3283.77
217.00	3372.71
218.00	3356.33
219.00	3330.58
220.00	3478.04
221.00	3391.44
222.00	3494.42
223.00	3494.42
224.00	3611.45
225.00	3548.25
226.00	3527.19
227.00	3433.57
228.00	3527.19
229.00	3695.71
230.00	3707.41
231.00	3779.97
232.00	3630.17
233.00	3583.36
234.00	3761.24
235.00	3660.60
236.00	3803.37
237.00	3812.73
238.00	3789.33
239.00	3925.08
240.00	3875.93
241.00	3969.55
242.00	3974.23
243.00	3915.72
244.00	4105.30
245.00	4217.65
246.00	4067.85
247.00	3974.23
248.00	4131.05
249.00	4194.24
250.00	4086.58
251.00	4177.86
252.00	4170.83
253.00	4210.62
254.00	4203.60
255.00	4315.95
256.00	4311.27
257.00	4386.16
258.00	4344.03
259.00	4688.09
260.00	4456.38
261.00	4503.19
262.00	4425.95
263.00	4634.26
264.00	4564.04
265.00	4552.34
266.00	4755.97
267.00	4580.43
268.00	4821.50
269.00	4753.63
270.00	4777.03
271.00	4870.65
272.00	4676.39
273.00	4954.91
274.00	4854.27
275.00	5029.81
276.00	4894.06
277.00	4952.57
278.00	4940.87
279.00	4905.76
280.00	5114.07
281.00	5050.88
282.00	5111.73
283.00	4992.36
284.00	5090.67
285.00	5090.67
286.00	5142.16
287.00	5097.69
288.00	5053.22
289.00	5090.67
290.00	5118.75
291.00	5071.94
292.00	5165.56
293.00	5256.84
294.00	5153.86
295.00	5380.89
296.00	5357.49
297.00	5423.02
298.00	5366.85
299.00	5310.68
300.00	5418.34
301.00	5313.02
302.00	5100.03
303.00	5214.71
304.00	5418.34
305.00	5392.59
306.00	5369.19
307.00	5219.39
308.00	5228.76
309.00	5336.42
310.00	5345.78
311.00	5247.48
312.00	5467.49
313.00	5406.64
314.00	5554.09
315.00	5558.77
316.00	5343.44
317.00	5521.32
318.00	5526.00
319.00	5378.55
320.00	5355.15
321.00	5603.24
322.00	5418.34
323.00	5554.09
324.00	5554.09
325.00	5619.63
326.00	5647.71
327.00	5849.00
328.00	5832.62
329.00	5544.73
330.00	5781.12
331.00	5813.89
332.00	5643.03
333.00	5516.64
334.00	5741.33
335.00	5860.70
336.00	5753.04
337.00	5879.43
338.00	5881.77
339.00	5748.36
340.00	5907.51
341.00	6059.65
342.00	6207.10
343.00	5942.62
344.00	6022.20
345.00	6031.56
346.00	6183.70
347.00	6085.39
348.00	5994.11
349.00	6003.47
350.00	6122.84
351.00	6186.04
352.00	6317.11
353.00	6256.25
354.00	6193.06
355.00	6263.27
356.00	6232.85
357.00	6317.11
358.00	6513.71
359.00	6492.65
360.00	6403.71
361.00	6438.81
362.00	6583.93
363.00	6551.16
364.00	6375.62
365.00	6590.95
366.00	6291.36
367.00	6471.58
368.00	6574.56
369.00	6665.85
370.00	6450.52
371.00	6492.65
372.00	6429.45
373.00	6621.38
374.00	6820.32
375.00	6768.83
376.00	6717.34
377.00	6726.70
378.00	6726.70
379.00	6869.47
380.00	6927.99
381.00	6878.83
382.00	7026.29
383.00	7108.21
384.00	7073.10
385.00	7115.23
386.00	7222.89
387.00	7272.04
388.00	7279.07
389.00	7157.36
390.00	7379.71
391.00	7590.36
392.00	7433.54
393.00	7417.16
394.00	7592.70
395.00	7716.75
396.00	7520.14
397.00	7880.58
398.00	7679.30
399.00	7796.32
400.00	7793.98
401.00	7838.45
402.00	7887.61
403.00	7836.11
404.00	7887.61
405.00	8016.33
406.00	8044.42
407.00	8142.72
408.00	7833.77
409.00	7566.95
410.00	7822.07
411.00	7892.29
412.00	8180.17
413.00	8030.38
414.00	8149.75
415.00	8065.49
416.00	7918.03
417.00	8067.83
418.00	8212.94
419.00	8203.58
420.00	8264.43
421.00	8028.04
422.00	8236.35
423.00	8128.68
424.00	8100.59
425.00	7906.33
426.00	8182.51
427.00	8102.93
428.00	8039.74
429.00	8102.93
430.00	8236.35
431.00	8159.11
432.00	8222.30
433.00	8318.26
434.00	8194.22
435.00	8318.26
436.00	8299.54
437.00	8341.67
438.00	8287.84
439.00	8407.20
440.00	8669.34
441.00	8557.00
442.00	8564.02
443.00	8629.56
444.00	8449.33
445.00	8437.63
446.00	8533.59
447.00	8709.13
448.00	8519.55
449.00	8454.02
450.00	8540.61
451.00	8739.56
452.00	9050.85
453.00	8849.57
454.00	8692.75
455.00	8795.73
456.00	8528.91
457.00	8858.93
458.00	8910.42
459.00	8842.54
460.00	8872.97
461.00	8898.72
462.00	9109.36
463.00	8669.34
464.00	8828.50
465.00	9212.35
466.00	8987.66
467.00	9032.13
468.00	9083.62
469.00	9085.96
470.00	9172.56
471.00	9118.73
472.00	9296.61
473.00	9364.48
474.00	9266.18
475.00	9327.03
476.00	9324.69
477.00	9584.49
478.00	9537.68
479.00	9387.89
480.00	9675.77
481.00	9666.41
482.00	9727.27
483.00	9776.42
484.00	9486.19
485.00	9778.76
486.00	9724.93
487.00	9675.77
488.00	9863.02
489.00	9727.27
490.00	9905.15
491.00	9741.31
492.00	9900.47
493.00	9877.06
494.00	10270.27
495.00	10017.49
496.00	10057.28
497.00	9841.95
498.00	10047.92
499.00	10188.35
500.00	10221.12
501.00	10237.50
502.00	10228.14
503.00	10183.67
504.00	10228.14
505.00	10319.42
506.00	10455.17
507.00	10518.37
508.00	10611.99
509.00	10274.95
510.00	10284.31
511.00	10499.64
512.00	10511.35
513.00	10548.79
514.00	10782.85
515.00	10581.56
516.00	10562.84
517.00	10626.03
518.00	10567.52
519.00	10691.57
520.00	10520.71
521.00	10787.53
522.00	10700.93
523.00	10478.58
524.00	10726.68
525.00	10909.24
526.00	10913.92
527.00	11049.67
528.00	10841.36
529.00	10867.11
530.00	10906.90
531.00	11154.99
532.00	11007.54
533.00	10740.72
534.00	11007.54
535.00	11012.22
536.00	11241.59
537.00	10934.98
538.00	10998.18
539.00	11101.16
540.00	11096.48
541.00	11208.83
542.00	11431.18
543.00	11145.63
544.00	11157.33
545.00	11344.58
546.00	11470.97
547.00	11417.13
548.00	11503.73
549.00	11651.19
550.00	11737.79
551.00	11761.19
552.00	11613.74
553.00	11585.65
554.00	11513.10
555.00	11831.41
556.00	12023.33
557.00	11564.59
558.00	11964.82
559.00	11936.73
560.00	12028.01
561.00	11967.16
562.00	12549.95
563.00	12035.03
564.00	12168.45
565.00	12475.06
566.00	12528.89
567.00	12819.11
568.00	12353.35
569.00	12493.78
570.00	12269.09
571.00	12510.16
572.00	12868.27
573.00	12500.80
574.00	12805.07
575.00	12505.48
576.00	12931.46
577.00	13170.19
578.00	12996.99
579.00	13144.45
580.00	13135.09
581.00	13235.73
582.00	12975.93
583.00	13228.71
584.00	13296.58
585.00	13729.58
586.00	13855.97
587.00	13692.13
588.00	14024.49
589.00	13652.34
590.00	14001.08
591.00	13989.38
592.00	13928.53
593.00	14148.54
594.00	14635.37
595.00	14593.24
596.00	14651.75
597.00	14614.30
598.00	14609.62
599.00	14726.65
600.00	15030.92
601.00	15384.34
602.00	15138.58
603.00	15370.30
604.00	15166.67
605.00	15609.03
606.00	15864.15
607.00	15850.11
608.00	15740.10
609.00	15805.64
610.00	16093.52
611.00	15946.07
612.00	16233.96
613.00	16095.86
614.00	16404.81
615.00	16662.27
616.00	16514.82
617.00	16915.05
618.00	16795.68
619.00	17207.62
620.00	16933.78
621.00	17308.26
622.00	17252.09
623.00	17647.64
624.00	17554.02
625.00	17556.36
626.00	17862.97
627.00	18101.70
628.00	17675.73
629.00	18090.00
630.00	18321.71
631.00	19012.17
632.00	18539.38
633.00	18946.64
634.00	19300.06
635.00	19171.33
636.00	19047.28
637.00	19330.48
638.00	19557.52
639.00	19601.99
640.00	19665.18
641.00	19583.26
642.00	19585.60
643.00	20093.50
644.00	20240.95
645.00	20854.17
646.00	20538.20
647.00	20641.18
648.00	20940.77
649.00	21142.06
650.00	21537.61
651.00	21783.37
652.00	21362.07
653.00	21783.37
654.00	21626.55
655.00	21846.56
656.00	21818.47
657.00	22150.83
658.00	22801.50
659.00	22450.42
660.00	22693.83
661.00	22721.92
662.00	22562.76
663.00	23122.15
664.00	23239.18
665.00	23686.22
666.00	23398.34
667.00	23786.86
668.00	23875.80
669.00	23693.24
670.00	24049.00
671.00	23814.95
672.00	24285.40
673.00	24350.93
674.00	24496.05
675.00	24657.54
676.00	24732.44
677.00	24751.17
678.00	25055.43
679.00	25104.59
680.00	25387.79
681.00	25099.90
682.00	25659.29
683.00	25453.33
684.00	25596.10
685.00	26319.32
686.00	26565.08
687.00	26309.96
688.00	26551.04
689.00	26288.90
690.00	26672.74
691.00	26693.81
692.00	27021.48
693.00	26969.99
694.00	27257.88
695.00	27105.74
696.00	27604.28
697.00	27288.31
698.00	28058.34
699.00	28156.64
700.00	27714.28
701.00	28016.21
702.00	28627.09
703.00	27960.04
704.00	28416.44
705.00	28673.90
706.00	29053.07
707.00	28659.86
708.00	29102.22
709.00	28957.11
710.00	29369.04
711.00	29282.44
712.00	29551.60
713.00	29017.96
714.00	29633.52
715.00	29507.13
716.00	29771.61
717.00	29996.31
718.00	30352.07
719.00	29862.90
720.00	29867.58
721.00	30340.36
722.00	30319.30
723.00	30611.87
724.00	31283.60
725.00	30946.56
726.00	30820.17
727.00	30654.00
728.00	31000.40
729.00	30855.28
730.00	30759.32
731.00	31686.17
732.00	31417.01
733.00	31508.29
734.00	31400.63
735.00	31531.70
736.00	31758.73
737.00	31559.78
738.00	32020.87
739.00	32198.75
740.00	32088.74
741.00	32287.69
742.00	32180.03
743.00	31634.68
744.00	32275.99
745.00	32573.24
746.00	32959.42
747.00	32818.99
748.00	32587.28
749.00	32797.93
750.00	32631.75
751.00	33024.96
752.00	32821.33
753.00	33371.36
754.00	33469.66
755.00	33273.06
756.00	33139.65
757.00	33684.99
758.00	33610.09
759.00	33787.97
760.00	33795.00
761.00	34038.41
762.00	34396.51
763.00	34054.79
764.00	34321.62
765.00	34197.57
766.00	34230.33
767.00	34377.79
768.00	34866.96
769.00	34831.85
770.00	35250.81
771.00	34899.73
772.00	35005.05
773.00	35035.48
774.00	35353.79
775.00	34855.26
776.00	34897.39
777.00	35243.79
778.00	35768.07
779.00	35351.45
780.00	35775.09
781.00	35002.71
782.00	35587.85
783.00	35931.90
784.00	35885.09
785.00	36615.34
786.00	35964.67
787.00	36411.71
788.00	36062.97
789.00	36360.22
790.00	36165.96
791.00	36194.04
792.00	36748.75
793.00	37088.13
794.00	36842.37
795.00	36842.37
796.00	36664.49
797.00	37612.41
798.00	36889.18
799.00	37071.75
800.00	37179.41
801.00	37408.78
802.00	37462.61
803.00	37912.00
804.00	37670.92
805.00	37490.70
806.00	37837.10
807.00	38019.66
808.00	37656.88
809.00	38117.96
810.00	38373.08
811.00	37909.66
812.00	38141.37
813.00	38120.31
814.00	37921.36
815.00	38389.47
816.00	38436.28
817.00	38721.82
818.00	38691.40
819.00	38822.47
820.00	38642.24
821.00	38670.33
822.00	38539.26
823.00	38679.69
824.00	38925.45
825.00	38822.47
826.00	39136.10
827.00	39185.25
828.00	39381.85
829.00	39070.56
830.00	39311.64
831.00	39192.27
832.00	39414.62
833.00	39833.58
834.00	39435.69
835.00	39695.49
836.00	39285.89
837.00	39990.39
838.00	39906.13
839.00	39754.00
840.00	39730.59
841.00	39981.03
842.00	40423.39
843.00	40378.92
844.00	40297.00
845.00	40858.73
846.00	40304.02
847.00	40346.15
848.00	40205.72
849.00	40790.86
850.00	41160.66
851.00	40893.84
852.00	40776.81
853.00	40484.25
854.00	41134.92
855.00	41045.97
856.00	41226.20
857.00	41146.62
858.00	41666.22
859.00	41434.50
860.00	41258.96
861.00	41804.31
862.00	41258.96
863.00	41441.53
864.00	41584.30
865.00	41738.77
866.00	41565.57
867.00	41918.99
868.00	41900.27
869.00	42380.08
870.00	42457.32
871.00	41757.50
872.00	41944.74
873.00	41635.79
874.00	42139.00
875.00	42859.89
876.00	42457.32
877.00	42628.18
878.00	42483.06
879.00	42487.74
880.00	42412.85
881.00	42183.48
882.00	42539.24
883.00	42263.05
884.00	42827.12
885.00	42827.12
886.00	43023.73
887.00	43100.97
888.00	42733.50
889.00	42590.73
890.00	43002.66
891.00	42841.17
892.00	42913.72
893.00	43529.28
894.00	42852.87
895.00	42951.17
896.00	43377.15
897.00	42927.77
898.00	43608.86
899.00	43606.52
900.00	43281.19
901.00	43821.85
902.00	43957.60
903.00	43887.39
904.00	43669.72
905.00	43428.64
906.00	43793.76
907.00	43936.54
908.00	43824.19
909.00	43875.68
910.00	43889.73
911.00	44406.98
912.00	44278.25
913.00	43709.50
914.00	44006.75
915.00	44435.07
916.00	44622.31
917.00	44362.51
918.00	44811.90
919.00	44772.11
920.00	44493.58
921.00	44755.72
922.00	44655.08
923.00	44816.58
924.00	44238.47
925.00	44851.69
926.00	44765.09
927.00	45071.70
928.00	45188.72
929.00	45340.86
930.00	45083.40
931.00	44699.55
932.00	45062.33
933.00	45392.35
934.00	44734.66
935.00	45059.99
936.00	45385.33
937.00	45291.71
938.00	45668.53
939.00	45074.04
940.00	45265.96
941.00	45694.28
942.00	45055.31
943.00	45509.38
944.00	45553.85
945.00	45366.60
946.00	45748.11
947.00	45488.31
948.00	46036.00
949.00	46050.04
950.00	45689.60
951.00	45963.44
952.00	45909.61
953.00	45897.91
954.00	46197.49
955.00	46230.26
956.00	46129.62
957.00	45724.71
958.00	46017.27
959.00	45727.05
960.00	45951.74
961.00	45357.24
962.00	45776.20
963.00	46241.96
964.00	46073.45
965.00	46380.06
966.00	46469.00
967.00	46913.70
968.00	47002.64
969.00	46293.46
970.00	46665.60
971.00	46855.18
972.00	46649.22
973.00	46852.84
974.00	47283.50
975.00	47452.02
976.00	47042.43
977.00	46789.65
978.00	46660.92
979.00	46836.46
980.00	46850.50
981.00	47255.42
982.00	47463.72
983.00	47423.93
984.00	47753.95
985.00	47585.43
986.00	47217.97
987.00	46738.16
988.00	47075.19
989.00	47367.76
990.00	47037.75
991.00	47260.10
992.00	47449.68
993.00	47573.73
994.00	47896.72
995.00	47765.65
996.00	47721.18
997.00	47688.42
998.00	48222.06
999.00	47665.01
1000.00	47606.50
1001.00	47856.93
1002.00	47849.91
1003.00	48046.52
1004.00	48051.20
1005.00	47887.36
1006.00	47756.29
1007.00	47917.79
1008.00	47892.04
1009.00	48198.65
1010.00	47751.61
1011.00	48280.57
1012.00	48053.54
1013.00	48531.01
1014.00	48273.55
1015.00	48570.80
1016.00	47791.40
1017.00	47913.11
1018.00	48493.56
1019.00	48240.78
1020.00	48591.86
1021.00	48364.83
1022.00	48486.54
1023.00	47868.64
1024.00	48821.23
1025.00	48203.33
1026.00	48243.12
1027.00	48472.49
1028.00	48062.90
1029.00	48751.02
1030.00	49006.14
1031.00	49069.33
1032.00	49001.46
1033.00	48697.19
1034.00	48753.36
1035.00	48582.50
1036.00	48973.37
1037.00	48912.52
1038.00	48844.64
1039.00	48732.29
1040.00	49155.93
1041.00	48973.37
1042.00	49081.03
1043.00	48996.77
1044.00	48601.22
1045.00	48933.58
1046.00	49343.17
1047.00	49247.21
1048.00	49160.61
1049.00	49336.15
1050.00	48893.79
1051.00	49153.59
1052.00	49160.61
1053.00	49385.30
1054.00	49483.61
1055.00	48704.21
1056.00	49174.66
1057.00	49254.23
1058.00	49193.38
1059.00	49507.01
1060.00	49687.23
1061.00	49652.12
1062.00	49614.68
1063.00	49399.35
1064.00	49048.27
1065.00	49113.80
1066.00	49134.87
1067.00	49535.10
1068.00	49338.49
1069.00	49961.08
1070.00	49209.76
1071.00	49244.87
1072.00	49336.15
1073.00	49790.22
1074.00	49790.22
1075.00	49439.14
1076.00	49408.71
1077.00	49499.99
1078.00	49895.54
1079.00	50017.25
1080.00	49595.95
1081.00	49841.71
1082.00	50047.68
1083.00	49474.24
1084.00	49322.11
1085.00	49670.85
1086.00	49736.38
1087.00	49413.39
1088.00	50174.06
1089.00	49848.73
1090.00	49986.82
1091.00	49888.52
1092.00	49715.32
1093.00	50127.25
1094.00	49605.31
1095.00	50075.76
1096.00	49708.30
1097.00	50122.57
1098.00	50003.20
1099.00	49455.52
1100.00	50110.87
1101.00	50059.38
1102.00	49972.78
1103.00	50225.56
1104.00	49411.05
1105.00	49631.06
1106.00	49743.41
1107.00	49420.41
1108.00	49755.11
1109.00	50071.08
1110.00	50525.14
1111.00	50576.64
1112.00	49874.48
1113.00	50321.52
1114.00	50321.52
1115.00	49696.59
1116.00	49680.21
1117.00	49932.99
1118.00	49712.98
1119.00	49848.73
1120.00	50293.43
1121.00	50202.15
1122.00	50251.30
1123.00	50244.28
1124.00	50045.33
1125.00	50010.23
1126.00	50012.57
1127.00	49776.17
1128.00	49804.26
1129.00	49883.84
1130.00	50047.68
1131.00	49963.42
1132.00	49958.73
1133.00	49825.32
1134.00	50014.91
1135.00	50042.99
1136.00	49846.39
1137.00	50082.78
1138.00	49876.82
1139.00	49649.78
1140.00	49865.11
1141.00	50232.58
1142.00	50534.51
1143.00	50293.43
1144.00	50192.79
1145.00	49989.16
1146.00	50014.91
1147.00	50560.25
1148.00	49820.64
1149.00	50150.66
1150.00	49717.66
1151.00	50003.20
1152.00	50319.18
1153.00	50735.79
1154.00	50141.30
1155.00	49977.46
1156.00	49956.39
1157.00	49895.54
1158.00	50033.63
1159.00	50010.23
1160.00	50110.87
1161.00	50171.72
1162.00	50312.16
1163.00	50403.44
1164.00	49595.95
1165.00	50220.87
1166.00	50815.37
1167.00	49965.76
1168.00	50244.28
1169.00	50026.61
1170.00	49951.71
1171.00	49893.20
1172.00	49839.37
1173.00	50153.00
1174.00	50225.56
1175.00	50124.91
1176.00	49942.35
1177.00	50405.78
1178.00	50057.04
1179.00	49944.69
1180.00	50007.89
1181.00	49752.77
1182.00	49911.92
1183.00	50000.86
1184.00	50234.92
1185.00	50511.10
1186.00	50356.63
1187.00	49832.35
1188.00	50099.17
1189.00	50578.98
1190.00	50007.89
1191.00	49949.37
1192.00	49968.10
1193.00	49827.66
1194.00	49612.34
1195.00	49944.69
1196.00	50431.52
1197.00	50405.78
1198.00	50099.17
1199.00	49602.97
1200.00	50197.47
1201.00	50302.79
1202.00	49848.73
1203.00	49205.08
1204.00	50227.90
1205.00	49822.98
1206.00	50419.82
1207.00	50141.30
1208.00	50347.26
1209.00	50356.63
1210.00	49916.61
1211.00	50052.36
1212.00	49666.17
1213.00	49982.14
1214.00	49813.62
1215.00	50487.70
1216.00	50150.66
1217.00	49560.84
1218.00	50050.02
1219.00	50211.51
1220.00	50272.37
1221.00	49837.03
1222.00	50026.61
1223.00	49916.61
1224.00	49907.24
1225.00	49635.74
1226.00	49841.71
1227.00	50300.45
1228.00	50162.36
1229.00	49389.98
1230.00	49942.35
1231.00	50270.03
1232.00	50213.85
1233.00	49874.48
1234.00	49984.48
1235.00	49837.03
1236.00	49715.32
1237.00	49832.35
1238.00	50108.53
1239.00	50174.06
1240.00	50185.77
1241.00	50255.98
1242.00	50160.02
1243.00	50267.69
1244.00	50176.40
1245.00	49961.08
1246.00	49909.58
1247.00	49897.88
1248.00	50188.11
1249.00	49764.47
1250.00	50387.05
1251.00	50515.78
1252.00	50422.16
1253.00	50380.03
1254.00	50497.06
1255.00	50333.22
1256.00	50199.81
1257.00	50281.73
1258.00	50188.11
1259.00	50227.90
1260.00	50038.31
1261.00	49940.01
1262.00	50263.00
1263.00	50246.62
1264.00	50342.58
1265.00	50237.26
1266.00	50284.07
1267.00	49907.24
1268.00	50122.57
1269.00	50412.80
1270.00	50131.93
1271.00	50054.70
1272.00	50087.46
1273.00	50197.47
1274.00	50169.38
1275.00	50272.37
1276.00	50471.31
1277.00	50447.91
1278.00	50265.34
1279.00	50443.23
1280.00	49869.79
1281.00	50017.25
1282.00	50394.07
1283.00	49776.17
1284.00	50042.99
1285.00	50068.74
1286.00	50602.38
1287.00	50361.31
1288.00	50344.92
1289.00	50246.62
1290.00	50527.48
1291.00	50157.68
1292.00	50120.23
1293.00	50525.14
1294.00	49848.73
1295.00	49977.46
1296.00	50082.78
1297.00	50724.09
1298.00	50167.04
1299.00	50632.81
1300.00	50377.69
1301.00	50106.19
1302.00	50375.35
1303.00	50174.06
1304.00	49858.09
1305.00	50377.69
1306.00	49925.97
1307.00	49972.78
1308.00	49822.98
1309.00	50059.38
1310.00	50218.53
1311.00	50845.80
1312.00	50255.98
1313.00	50604.72
1314.00	50539.19
1315.00	50230.24
1316.00	50328.54
1317.00	50487.70
1318.00	50314.50
1319.00	50312.16
1320.00	50103.85
1321.00	49883.84
1322.00	50403.44
1323.00	50307.47
1324.00	50578.98
1325.00	50742.81
1326.00	50483.01
1327.00	50122.57
1328.00	49996.18
1329.00	49846.39
1330.00	50162.36
1331.00	49811.28
1332.00	50578.98
1333.00	49911.92
1334.00	50569.61
1335.00	50241.94
1336.00	50368.33
1337.00	49752.77
1338.00	49996.18
1339.00	50087.46
1340.00	50429.18
1341.00	49911.92
1342.00	49881.50
1343.00	49684.89
1344.00	49661.49
1345.00	49799.58
1346.00	49862.77
1347.00	49888.52
1348.00	50553.23
1349.00	50092.15
1350.00	50277.05
1351.00	50129.59
1352.00	50047.68
1353.00	49680.21
1354.00	49764.47
1355.00	49474.24
1356.00	50050.02
1357.00	50103.85
1358.00	50438.54
1359.00	49455.52
1360.00	50068.74
1361.00	49684.89
1362.00	49722.34
1363.00	49811.28
1364.00	49254.23
1365.00	49801.92
1366.00	49804.26
1367.00	49375.94
1368.00	49413.39
1369.00	49476.58
1370.00	49172.31
1371.00	49633.40
1372.00	49759.79
1373.00	49588.93
1374.00	49867.45
1375.00	50047.68
1376.00	49282.32
1377.00	49862.77
1378.00	49081.03
1379.00	49336.15
1380.00	49556.16
1381.00	48769.74
1382.00	49055.29
1383.00	49198.06
1384.00	49237.85
1385.00	49560.84
1386.00	49455.52
1387.00	49427.43
1388.00	49549.14
1389.00	49024.86
1390.00	48816.55
1391.00	48851.66
1392.00	49118.48
1393.00	49251.89
1394.00	48596.54
1395.00	49340.83
1396.00	48994.43
1397.00	49394.67
1398.00	49298.70
1399.00	49317.43
1400.00	49095.08
1401.00	49223.81
1402.00	49359.56
1403.00	48868.05
1404.00	49113.80
1405.00	48729.95
1406.00	48971.03
1407.00	49008.48
1408.00	48781.45
1409.00	49137.21
1410.00	48755.70
1411.00	49256.57
1412.00	49305.73
1413.00	49036.56
1414.00	48622.29
1415.00	48589.52
1416.00	48949.96
1417.00	48917.20
1418.00	48315.68
1419.00	48034.81
1420.00	48243.12
1421.00	48364.83
1422.00	48514.62
1423.00	48580.16
1424.00	48463.13
1425.00	48755.70
1426.00	48491.22
1427.00	48285.25
1428.00	48020.77
1429.00	47711.82
1430.00	48521.65
1431.00	48339.08
1432.00	48002.05
1433.00	48016.09
1434.00	48016.09
1435.00	48088.65
1436.00	48292.27
1437.00	48205.67
1438.00	47730.54
1439.00	48641.01
1440.00	48058.22
1441.00	48009.07
1442.00	47592.45
1443.00	47611.18
1444.00	47819.49
1445.00	47353.72
1446.00	47356.06
1447.00	47346.70
1448.00	47742.25
1449.00	47384.15
1450.00	47627.56
1451.00	47831.19
1452.00	48334.40
1453.00	47810.12
1454.00	47646.29
1455.00	47580.75
1456.00	47625.22
1457.00	47419.25
1458.00	47531.60
1459.00	47255.42
1460.00	47210.95
1461.00	47400.53
1462.00	47311.59
1463.00	47798.42
1464.00	47430.96
1465.00	47454.36
1466.00	47159.45
1467.00	47274.14
1468.00	47409.89
1469.00	46672.62
1470.00	46983.91
1471.00	47199.24
1472.00	46934.76
1473.00	47091.58
1474.00	46850.50
1475.00	46822.42
1476.00	47145.41
1477.00	46747.52
1478.00	47409.89
1479.00	47171.16
1480.00	47122.01
1481.00	46806.03
1482.00	47061.15
1483.00	47047.11
1484.00	46422.19
1485.00	46768.58
1486.00	46351.97
1487.00	46522.83
1488.00	46752.20
1489.00	46909.02
1490.00	46670.28
1491.00	46649.22
1492.00	46700.71
1493.00	46274.73
1494.00	46513.47
1495.00	46625.81
1496.00	46225.58
1497.00	46361.33
1498.00	46143.66
1499.00	45914.29
1500.00	46272.39
1501.00	46080.47
1502.00	46216.22
1503.00	45965.78
1504.00	46202.18
1505.00	46349.63
1506.00	46258.35
1507.00	46211.54
1508.00	46127.28
1509.00	46239.62
1510.00	45963.44
1511.00	45530.44
1512.00	45408.73
1513.00	45436.82
1514.00	45598.32
1515.00	45443.84
1516.00	45385.33
1517.00	45158.30
1518.00	46014.93
1519.00	45731.73
1520.00	45708.32
1521.00	45937.69
1522.00	45556.19
1523.00	45490.65
1524.00	45638.11
1525.00	45633.42
1526.00	45254.26
1527.00	45296.39
1528.00	45242.56
1529.00	45261.28
1530.00	44741.68
1531.00	45064.67
1532.00	45258.94
1533.00	45567.89
1534.00	45162.98
1535.00	44807.22
1536.00	45586.61
1537.00	45223.83
1538.00	44711.25
1539.00	45291.71
1540.00	45116.17
1541.00	45036.59
1542.00	44774.45
1543.00	45043.61
1544.00	44528.69
1545.00	44851.69
1546.00	44772.11
1547.00	45202.77
1548.00	44437.41
1549.00	45272.98
1550.00	44935.95
1551.00	45052.97
1552.00	44404.64
1553.00	44439.75
1554.00	44566.14
1555.00	44533.37
1556.00	44425.71
1557.00	44652.74
1558.00	44032.50
1559.00	44233.78
1560.00	44612.95
1561.00	44355.49
1562.00	44669.12
1563.00	44568.48
1564.00	44835.30
1565.00	44074.63
1566.00	43901.43
1567.00	44023.14
1568.00	44135.48
1569.00	44186.97
1570.00	44147.18
1571.00	43908.45
1572.00	43182.88
1573.00	43782.06
1574.00	43852.28
1575.00	43915.47
1576.00	43943.56
1577.00	43407.58
1578.00	44367.20
1579.00	43885.04
1580.00	43550.35
1581.00	43337.36
1582.00	43929.51
1583.00	43372.47
1584.00	43454.39
1585.00	43166.50
1586.00	43332.68
1587.00	43005.00
1588.00	43028.41
1589.00	43564.39
1590.00	43552.69
1591.00	43332.68
1592.00	43643.97
1593.00	43100.97
1594.00	43208.63
1595.00	43676.74
1596.00	43232.04
1597.00	43311.61
1598.00	42986.28
1599.00	42951.17
1600.00	42864.57
1601.00	43103.31
1602.00	42799.04
1603.00	42927.77
1604.00	42965.21
1605.00	43194.59
1606.00	42902.02
1607.00	42581.37
1608.00	43096.28
1609.00	42534.56
1610.00	42335.61
1611.00	41867.50
1612.00	42288.80
1613.00	42298.16
1614.00	42405.83
1615.00	42314.55
1616.00	42253.69
1617.00	42457.32
1618.00	42162.41
1619.00	42253.69
1620.00	42651.58
1621.00	42527.53
1622.00	42808.40
1623.00	42838.83
1624.00	42679.67
1625.00	42653.92
1626.00	42686.69
1627.00	42504.13
1628.00	42052.41
1629.00	41989.21
1630.00	41614.72
1631.00	41926.02
1632.00	42340.29
1633.00	41977.51
1634.00	41907.29
1635.00	42019.64
1636.00	42438.59
1637.00	42038.36
1638.00	42136.66
1639.00	41816.01
1640.00	42190.50
1641.00	41614.72
1642.00	41521.10
1643.00	41462.59
1644.00	41687.28
1645.00	41502.38
1646.00	41273.01
1647.00	41265.99
1648.00	41825.37
1649.00	41488.34
1650.00	41373.65
1651.00	42082.83
1652.00	41902.61
1653.00	41713.03
1654.00	41563.23
1655.00	41860.48
1656.00	41137.26
1657.00	41329.18
1658.00	41310.46
1659.00	40917.25
1660.00	41060.02
1661.00	41069.38
1662.00	40877.46
1663.00	41207.47
1664.00	41174.70
1665.00	41144.28
1666.00	41390.03
1667.00	40921.93
1668.00	41155.98
1669.00	41605.36
1670.00	41165.34
1671.00	40765.11
1672.00	41048.32
1673.00	40711.28
1674.00	40329.77
1675.00	40458.50
1676.00	40816.60
1677.00	40765.11
1678.00	40545.10
1679.00	40252.53
1680.00	40603.61
1681.00	41146.62
1682.00	40706.60
1683.00	40769.79
1684.00	40786.18
1685.00	40275.94
1686.00	40488.93
1687.00	40517.01
1688.00	40435.10
1689.00	40470.20
1690.00	40224.45
1691.00	40130.83
1692.00	40493.61
1693.00	39683.78
1694.00	39966.99
1695.00	39976.35
1696.00	40177.64
1697.00	40074.65
1698.00	40156.57
1699.00	40514.67
1700.00	39732.93
1701.00	39840.60
1702.00	39655.70
1703.00	39931.88
1704.00	39903.79
1705.00	39676.76
1706.00	39768.04
1707.00	39643.99
1708.00	39438.03
1709.00	39526.97
1710.00	39040.14
1711.00	39288.23
1712.00	39805.49
1713.00	39426.32
1714.00	39672.08
1715.00	39864.00
1716.00	39510.58
1717.00	39250.78
1718.00	39171.21
1719.00	39377.17
1720.00	38686.71
1721.00	39147.80
1722.00	38864.60
1723.00	39110.35
1724.00	38445.64
1725.00	38649.27
1726.00	38333.29
1727.00	38864.60
1728.00	38593.09
1729.00	38408.19
1730.00	38799.06
1731.00	38731.18
1732.00	38623.52
1733.00	38316.91
1734.00	38012.64
1735.00	38625.86
1736.00	37956.47
1737.00	37923.70
1738.00	37551.56
1739.00	37970.51
1740.00	38260.74
1741.00	37914.34
1742.00	38014.98
1743.00	37799.65
1744.00	37708.37
1745.00	38139.03
1746.00	38124.99
1747.00	37979.87
1748.00	37874.55
1749.00	37841.78
1750.00	37904.98
1751.00	37507.08
1752.00	37422.83
1753.00	36938.33
1754.00	37572.62
1755.00	37230.90
1756.00	37085.79
1757.00	37794.97
1758.00	36809.61
1759.00	37057.70
1760.00	37251.97
1761.00	37146.64
1762.00	36935.99
1763.00	36856.42
1764.00	36650.45
1765.00	36800.24
1766.00	36708.96
1767.00	36666.83
1768.00	36168.30
1769.00	36556.83
1770.00	36053.61
1771.00	36437.46
1772.00	36453.84
1773.00	36308.73
1774.00	35922.54
1775.00	36222.13
1776.00	36009.14
1777.00	36313.41
1778.00	35917.86
1779.00	36299.37
1780.00	35887.43
1781.00	35264.85
1782.00	35969.35
1783.00	35281.24
1784.00	35693.17
1785.00	35367.84
1786.00	35447.41
1787.00	35108.04
1788.00	35335.07
1789.00	35367.84
1790.00	35571.46
1791.00	35136.12
1792.00	35377.20
1793.00	34902.07
1794.00	35115.06
1795.00	35185.27
1796.00	35093.99
1797.00	35304.64
1798.00	35159.53
1799.00	34785.04
1800.00	34810.79
1801.00	34560.35
1802.00	34520.56
1803.00	34522.90
1804.00	34195.23
1805.00	34581.42
1806.00	34497.16
1807.00	34333.32
1808.00	34220.97
1809.00	34204.59
1810.00	34164.80
1811.00	34235.02
1812.00	33806.70
1813.00	33942.45
1814.00	34120.33
1815.00	33661.58
1816.00	33717.76
1817.00	33582.01
1818.00	33399.44
1819.00	33684.99
1820.00	33460.30
1821.00	33537.54
1822.00	33385.40
1823.00	32615.37
1824.00	32952.40
1825.00	33090.49
1826.00	33020.28
1827.00	32811.97
1828.00	32690.26
1829.00	33003.89
1830.00	33022.62
1831.00	31686.17
1832.00	32793.25
1833.00	32432.80
1834.00	32222.16
1835.00	32439.82
1836.00	32318.12
1837.00	31901.50
1838.00	31789.16
1839.00	31805.54
1840.00	31995.12
1841.00	31803.20
1842.00	31772.77
1843.00	31438.08
1844.00	31271.90
1845.00	31639.36
1846.00	31070.61
1847.00	30972.31
1848.00	30969.97
1849.00	31400.63
1850.00	30834.22
1851.00	30820.17
1852.00	30902.09
1853.00	30579.10
1854.00	30541.65
1855.00	30319.30
1856.00	30150.78
1857.00	30293.55
1858.00	29984.60
1859.00	30284.19
1860.00	29809.06
1861.00	30209.29
1862.00	29675.65
1863.00	29972.90
1864.00	30433.99
1865.00	29701.40
1866.00	29689.70
1867.00	29390.11
1868.00	29755.23
1869.00	29294.14
1870.00	29436.92
1871.00	29041.37
1872.00	29455.64
1873.00	29069.45
1874.00	28973.49
1875.00	28636.45
1876.00	28741.78
1877.00	28673.90
1878.00	28350.91
1879.00	28271.33
1880.00	28535.81
1881.00	28418.78
1882.00	28439.85
1883.00	28130.90
1884.00	27908.55
1885.00	28032.60
1886.00	28308.78
1887.00	27651.09
1888.00	27922.59
1889.00	27955.36
1890.00	27353.84
1891.00	27129.15
1892.00	27414.69
1893.00	27161.92
1894.00	27215.75
1895.00	26967.65
1896.00	26820.20
1897.00	26955.95
1898.00	26742.96
1899.00	26890.41
1900.00	26799.13
1901.00	26560.40
1902.00	26394.22
1903.00	26845.94
1904.00	26712.53
1905.00	26197.62
1906.00	26307.62
1907.00	25851.22
1908.00	25525.88
1909.00	25582.06
1910.00	25687.38
1911.00	25565.67
1912.00	25781.00
1913.00	25731.85
1914.00	25523.54
1915.00	25366.73
1916.00	25755.26
1917.00	25324.60
1918.00	25362.04
1919.00	25209.91
1920.00	25570.35
1921.00	25422.90
1922.00	24922.02
1923.00	24900.96
1924.00	24570.94
1925.00	24512.43
1926.00	24774.57
1927.00	24290.08
1928.00	23812.61
1929.00	24238.59
1930.00	23821.97
1931.00	24056.03
1932.00	24290.08
1933.00	24006.87
1934.00	23887.51
1935.00	23833.68
1936.00	24037.30
1937.00	23845.38
1938.00	23892.19
1939.00	23756.44
1940.00	23517.70
1941.00	23473.23
1942.00	23330.46
1943.00	23225.14
1944.00	23110.45
1945.00	22841.29
1946.00	22515.95
1947.00	22693.83
1948.00	22199.98
1949.00	22567.45
1950.00	22363.82
1951.00	22277.22
1952.00	22354.46
1953.00	22345.09
1954.00	22375.52
1955.00	22443.40
1956.00	22366.16
1957.00	22347.44
1958.00	22185.94
1959.00	22064.23
1960.00	21986.99
1961.00	21528.25
1962.00	21322.28
1963.00	21296.53
1964.00	21446.33
1965.00	21123.33
1966.00	21043.76
1967.00	20943.11
1968.00	21046.10
1969.00	21132.70
1970.00	20664.59
1971.00	20922.05
1972.00	20861.19
1973.00	21062.48
1974.00	20620.12
1975.00	20716.08
1976.00	20732.47
1977.00	20666.93
1978.00	20196.48
1979.00	20355.64
1980.00	20231.59
1981.00	19779.87
1982.00	20004.56
1983.00	19789.23
1984.00	19903.92
1985.00	19587.94
1986.00	19473.26
1987.00	19283.67
1988.00	19520.07
1989.00	19356.23
1990.00	19302.40
1991.00	19304.74
1992.00	18944.30
1993.00	19147.92
1994.00	18916.21
1995.00	19084.73
1996.00	19316.44
1997.00	18815.57
1998.00	18998.13
1999.00	19117.50
2000.00	18490.23
2001.00	18623.64
2002.00	18452.78
2003.00	18530.02
2004.00	18270.22
2005.00	18094.68
2006.00	18057.23
2007.00	17965.95
2008.00	17970.63
2009.00	17963.61
2010.00	17734.24
2011.00	17596.15
2012.00	17820.84
2013.00	17776.37
2014.00	17958.93
2015.00	17673.39
2016.00	17500.19
2017.00	17565.72
2018.00	17729.56
2019.00	17118.68
2020.00	17413.59
2021.00	17102.29
2022.00	17228.68
2023.00	16886.97
2024.00	16987.61
2025.00	16418.86
2026.00	16442.26
2027.00	16411.84
2028.00	16308.85
2029.00	16477.37
2030.00	16472.69
2031.00	16152.04
2032.00	16695.04
2033.00	16114.59
2034.00	16339.28
2035.00	16451.63
2036.00	16027.99
2037.00	16159.06
2038.00	15950.75
2039.00	16166.08
2040.00	15889.90
2041.00	15737.76
2042.00	15566.90
2043.00	15747.12
2044.00	15578.61
2045.00	15522.43
2046.00	15527.11
2047.00	15115.18
