0.00	1107.07
1.00	1107.07
2.00	1107.07
3.00	940.90
4.00	994.73
5.00	971.32
6.00	917.49
7.00	896.43
8.00	919.83
9.00	971.32
10.00	910.47
11.00	947.92
12.00	961.96
13.00	985.37
14.00	945.58
15.00	938.55
16.00	931.53
17.00	933.87
18.00	966.64
19.00	957.28
20.00	1025.15
21.00	1018.13
22.00	1048.56
23.00	1062.60
24.00	1107.07
25.00	1432.41
26.00	1418.36
27.00	1451.13
28.00	1448.79
29.00	1488.58
30.00	1406.66
31.00	1493.26
32.00	1497.94
33.00	1509.65
34.00	1528.37
35.00	1556.46
36.00	1554.12
37.00	1547.09
38.00	1586.88
39.00	1547.09
40.00	1579.86
41.00	1575.18
42.00	1600.93
43.00	1636.03
44.00	1680.50
45.00	1629.01
46.00	1678.16
47.00	1692.21
48.00	1650.08
49.00	1645.40
50.00	1629.01
51.00	1645.40
52.00	1671.14
53.00	1710.93
54.00	1710.93
55.00	1741.36
56.00	1624.33
57.00	1680.50
58.00	1675.82
59.00	1699.23
60.00	1706.25
61.00	1687.53
62.00	1600.93
63.00	1692.21
64.00	1806.89
65.00	1724.97
66.00	1776.47
67.00	1778.81
68.00	1743.70
69.00	1692.21
70.00	1788.17
71.00	1774.13
72.00	1746.04
73.00	1806.89
74.00	1795.19
75.00	1813.92
76.00	1820.94
77.00	1811.57
78.00	1769.44
79.00	1863.07
80.00	1844.34
81.00	1839.66
82.00	1900.52
83.00	1886.47
84.00	1907.54
85.00	1858.39
86.00	1837.32
87.00	1863.07
88.00	1830.30
89.00	1809.23
90.00	1928.60
91.00	1937.96
92.00	1956.69
93.00	1914.56
94.00	1820.94
95.00	1961.37
96.00	1919.24
97.00	1886.47
98.00	1973.07
99.00	1987.11
100.00	2022.22
101.00	2012.86
102.00	1956.69
103.00	1998.82
104.00	1989.46
105.00	1987.11
106.00	1989.46
107.00	2001.16
108.00	2031.58
109.00	2078.40
110.00	2022.22
111.00	2012.86
112.00	2036.27
113.00	2022.22
114.00	2076.06
115.00	1998.82
116.00	2099.46
117.00	2108.82
118.00	2108.82
119.00	2127.55
120.00	2153.29
121.00	2115.84
122.00	2022.22
123.00	2172.02
124.00	2099.46
125.00	2104.14
126.00	2092.44
127.00	2193.08
128.00	2188.40
129.00	2209.47
130.00	2289.04
131.00	2200.10
132.00	2223.51
133.00	2305.43
134.00	2258.62
135.00	2242.23
136.00	2324.15
137.00	2263.30
138.00	2296.07
139.00	2319.47
140.00	2326.49
141.00	2235.21
142.00	2204.78
143.00	2373.30
144.00	2286.70
145.00	2406.07
146.00	2394.37
147.00	2289.04
148.00	2420.11
149.00	2399.05
150.00	2455.22
151.00	2520.76
152.00	2429.48
153.00	2473.95
154.00	2434.16
155.00	2476.29
156.00	2544.16
157.00	2551.18
158.00	2551.18
159.00	2586.29
160.00	2558.21
161.00	2513.74
162.00	2572.25
163.00	2586.29
164.00	2553.52
165.00	2644.81
166.00	2520.76
167.00	2677.57
168.00	2588.63
169.00	2689.28
170.00	2684.59
171.00	2698.64
172.00	2663.53
173.00	2679.91
174.00	2708.00
175.00	2679.91
176.00	2850.77
177.00	2787.58
178.00	2778.22
179.00	2787.58
180.00	2677.57
181.00	2911.63
182.00	2759.49
183.00	2799.28
184.00	2806.30
185.00	2892.90
186.00	2705.66
187.00	2841.41
188.00	2846.09
189.00	2843.75
190.00	2960.78
191.00	2848.43
192.00	3000.57
193.00	2991.20
194.00	2925.67
195.00	3016.95
196.00	2993.55
197.00	3005.25
198.00	3028.65
199.00	3063.76
200.00	3232.28
201.00	3066.10
202.00	3204.19
203.00	2970.14
204.00	3077.80
205.00	3157.38
206.00	3302.50
207.00	3218.24
208.00	3297.81
209.00	3309.52
210.00	3318.88
211.00	3248.66
212.00	3286.11
213.00	3124.62
214.00	3339.94
215.00	3454.63
216.00	3412.50
217.00	3330.58
218.00	3382.07
219.00	3351.65
220.00	3506.12
221.00	3400.80
222.00	3478.04
223.00	3555.27
224.00	3550.59
225.00	3524.85
226.00	3524.85
227.00	3648.90
228.00	3653.58
229.00	3662.94
230.00	3627.83
231.00	3669.96
232.00	3772.94
233.00	3686.34
234.00	3765.92
235.00	3602.08
236.00	3747.20
237.00	3805.71
238.00	3843.16
239.00	3948.48
240.00	3915.72
241.00	3866.56
242.00	3967.21
243.00	3985.93
244.00	3953.16
245.00	3939.12
246.00	4018.70
247.00	4046.79
248.00	4131.05
249.00	4224.67
250.00	4173.18
251.00	4290.20
252.00	4241.05
253.00	4234.03
254.00	4325.31
255.00	4173.18
256.00	4315.95
257.00	4489.15
258.00	4418.93
259.00	4507.87
260.00	4613.20
261.00	4477.44
262.00	4496.17
263.00	4557.02
264.00	4603.83
265.00	4578.09
266.00	4613.20
267.00	4561.70
268.00	4685.75
269.00	4615.54
270.00	4854.27
271.00	4711.50
272.00	4795.76
273.00	4880.02
274.00	4802.78
275.00	4865.97
276.00	4950.23
277.00	5034.49
278.00	4891.72
279.00	4915.12
280.00	4973.64
281.00	4983.00
282.00	5151.52
283.00	4987.68
284.00	5081.30
285.00	4999.38
286.00	5177.26
287.00	5146.84
288.00	5083.64
289.00	5184.29
290.00	5249.82
291.00	5128.11
292.00	5144.50
293.00	5252.16
294.00	5268.55
295.00	5310.68
296.00	5256.84
297.00	5294.29
298.00	5322.38
299.00	5327.06
300.00	5366.85
301.00	5210.03
302.00	4990.02
303.00	5343.44
304.00	5212.37
305.00	5664.10
306.00	5511.96
307.00	5420.68
308.00	5305.99
309.00	5301.31
310.00	5317.70
311.00	5329.40
312.00	5404.30
313.00	5446.43
314.00	5338.76
315.00	5378.55
316.00	5423.02
317.00	5533.03
318.00	5301.31
319.00	5540.05
320.00	5467.49
321.00	5750.70
322.00	5549.41
323.00	5504.94
324.00	5659.42
325.00	5671.12
326.00	5617.29
327.00	5771.76
328.00	5633.67
329.00	5708.57
330.00	5680.48
331.00	5680.48
332.00	5633.67
333.00	5493.24
334.00	5769.42
335.00	5736.65
336.00	5841.98
337.00	5984.75
338.00	5830.27
339.00	5722.61
340.00	5703.89
341.00	6015.18
342.00	6022.20
343.00	6076.03
344.00	5973.05
345.00	5973.05
346.00	5975.39
347.00	5949.64
348.00	6120.50
349.00	6043.26
350.00	6216.46
351.00	6258.59
352.00	6113.48
353.00	6282.00
354.00	6239.87
355.00	6239.87
356.00	6237.53
357.00	6347.53
358.00	6373.28
359.00	6513.71
360.00	6363.92
361.00	6473.92
362.00	6691.59
363.00	6523.07
364.00	6445.84
365.00	6518.39
366.00	6530.09
367.00	6511.37
368.00	6497.33
369.00	6647.12
370.00	6513.71
371.00	6684.57
372.00	6677.55
373.00	6597.97
374.00	6607.33
375.00	6597.97
376.00	6841.39
377.00	6757.13
378.00	6876.49
379.00	7192.47
380.00	7204.17
381.00	6937.35
382.00	7063.74
383.00	7157.36
384.00	7171.40
385.00	7246.30
386.00	7054.37
387.00	7302.47
388.00	7248.64
389.00	7466.31
390.00	7503.76
391.00	7454.61
392.00	7410.14
393.00	7606.74
394.00	7737.81
395.00	7606.74
396.00	7611.42
397.00	8063.15
398.00	7461.63
399.00	7859.52
400.00	7770.58
401.00	7815.05
402.00	7847.82
403.00	7868.88
404.00	7922.71
405.00	8091.23
406.00	7859.52
407.00	8028.04
408.00	8013.99
409.00	7576.31
410.00	7967.18
411.00	7899.31
412.00	8035.06
413.00	8145.06
414.00	8032.72
415.00	7894.63
416.00	8121.66
417.00	8107.62
418.00	8276.13
419.00	8163.79
420.00	8191.88
421.00	7985.91
422.00	8163.79
423.00	8283.16
424.00	8133.36
425.00	8018.68
426.00	8238.69
427.00	8278.47
428.00	8283.16
429.00	8088.89
430.00	8205.92
431.00	8116.98
432.00	8290.18
433.00	8231.66
434.00	8051.44
435.00	8231.66
436.00	8411.89
437.00	8212.94
438.00	8269.11
439.00	8587.43
440.00	8524.23
441.00	8638.92
442.00	8592.11
443.00	8681.05
444.00	8395.50
445.00	8552.32
446.00	8641.26
447.00	8669.34
448.00	8533.59
449.00	8734.88
450.00	8510.19
451.00	8706.79
452.00	8849.57
453.00	8765.31
454.00	8500.83
455.00	8709.13
456.00	8844.88
457.00	8641.26
458.00	9102.34
459.00	9006.38
460.00	8908.08
461.00	8973.61
462.00	8896.38
463.00	8868.29
464.00	8875.31
465.00	9071.92
466.00	8954.89
467.00	8943.19
468.00	9404.27
469.00	9275.54
470.00	9238.09
471.00	9273.20
472.00	9174.90
473.00	9228.73
474.00	9427.68
475.00	9404.27
476.00	9540.02
477.00	9533.00
478.00	9600.88
479.00	9336.40
480.00	9762.37
481.00	9657.05
482.00	9687.48
483.00	9802.16
484.00	9724.93
485.00	9858.34
486.00	9640.67
487.00	9886.42
488.00	9858.34
489.00	10061.96
490.00	9970.68
491.00	9799.82
492.00	9790.46
493.00	9827.91
494.00	9951.96
495.00	9926.21
496.00	10036.22
497.00	9970.68
498.00	10204.74
499.00	10052.60
500.00	10253.89
501.00	10239.84
502.00	10436.45
503.00	10239.84
504.00	10274.95
505.00	10448.15
506.00	10181.33
507.00	10417.72
508.00	10399.00
509.00	10410.70
510.00	10345.17
511.00	10455.17
512.00	10560.50
513.00	10511.35
514.00	10752.42
515.00	10829.66
516.00	10525.39
517.00	10387.30
518.00	10630.71
519.00	10932.64
520.00	10611.99
521.00	10934.98
522.00	10752.42
523.00	10604.97
524.00	10768.80
525.00	10890.51
526.00	11033.29
527.00	10942.00
528.00	10721.99
529.00	11070.73
530.00	11023.92
531.00	11091.80
532.00	10766.46
533.00	11119.89
534.00	10890.51
535.00	10871.79
536.00	11356.28
537.00	10904.56
538.00	11300.11
539.00	11257.98
540.00	11173.72
541.00	11016.90
542.00	11290.74
543.00	11466.28
544.00	11147.97
545.00	11634.80
546.00	11508.41
547.00	11255.64
548.00	11489.69
549.00	11623.10
550.00	11550.54
551.00	11854.81
552.00	11721.40
553.00	11831.41
554.00	11602.04
555.00	11740.13
556.00	12175.47
557.00	11686.29
558.00	11871.20
559.00	12030.35
560.00	11946.09
561.00	12119.29
562.00	12276.11
563.00	12079.50
564.00	12058.44
565.00	12233.98
566.00	12404.84
567.00	12709.11
568.00	12376.75
569.00	12442.29
570.00	12355.69
571.00	12472.71
572.00	12718.47
573.00	12706.77
574.00	12549.95
575.00	12835.50
576.00	12957.21
577.00	12877.63
578.00	13029.76
579.00	13074.23
580.00	13163.17
581.00	13301.26
582.00	13205.30
583.00	13376.16
584.00	13446.38
585.00	13640.64
586.00	13916.83
587.00	13469.78
588.00	13947.25
589.00	13654.69
590.00	14050.24
591.00	14115.77
592.00	14157.90
593.00	14129.81
594.00	14553.45
595.00	14513.66
596.00	14518.34
597.00	14874.10
598.00	14607.28
599.00	15126.88
600.00	15159.65
601.00	14974.75
602.00	15166.67
603.00	15456.90
604.00	15449.88
605.00	15690.95
606.00	15899.26
607.00	15749.46
608.00	15831.38
609.00	15857.13
610.00	15999.90
611.00	16009.26
612.00	16053.73
613.00	16233.96
614.00	16395.45
615.00	16498.44
616.00	16538.23
617.00	17048.46
618.00	17008.67
619.00	17310.60
620.00	17076.55
621.00	17294.22
622.00	17462.74
623.00	17736.58
624.00	17556.36
625.00	17839.56
626.00	17610.19
627.00	17781.05
628.00	17865.31
629.00	18380.23
630.00	18572.15
631.00	18806.20
632.00	18506.62
633.00	18469.17
634.00	18904.51
635.00	19133.88
636.00	19531.77
637.00	19501.34
638.00	19627.73
639.00	19740.08
640.00	19641.78
641.00	19637.09
642.00	19917.96
643.00	20226.91
644.00	20114.56
645.00	20460.96
646.00	20669.27
647.00	20945.45
648.00	20594.37
649.00	21104.61
650.00	21247.38
651.00	21930.82
652.00	21362.07
653.00	21858.26
654.00	21752.94
655.00	21994.01
656.00	21963.59
657.00	22295.94
658.00	22307.65
659.00	22616.60
660.00	23236.84
661.00	22771.07
662.00	22951.29
663.00	23183.01
664.00	23183.01
665.00	23620.69
666.00	23417.06
667.00	23641.75
668.00	23756.44
669.00	23655.79
670.00	23936.66
671.00	24196.46
672.00	24283.06
673.00	24327.53
674.00	24816.70
675.00	24641.16
676.00	24842.45
677.00	24992.24
678.00	25270.76
679.00	25338.64
680.00	25415.88
681.00	25497.80
682.00	25898.03
683.00	25436.94
684.00	25851.22
685.00	25928.45
686.00	26438.69
687.00	26469.12
688.00	26450.39
689.00	26630.62
690.00	26771.05
691.00	27054.25
692.00	27136.17
693.00	27084.68
694.00	27082.34
695.00	27552.79
696.00	27487.25
697.00	27140.85
698.00	27711.94
699.00	28407.08
700.00	27777.48
701.00	28231.54
702.00	28657.52
703.00	28184.73
704.00	28554.54
705.00	28467.94
706.00	28514.75
707.00	28947.75
708.00	29350.32
709.00	29195.84
710.00	29855.87
711.00	29216.91
712.00	29659.27
713.00	29125.63
714.00	29472.03
715.00	29792.68
716.00	30206.95
717.00	30115.67
718.00	30419.94
719.00	30321.64
720.00	30267.81
721.00	30675.06
722.00	30438.67
723.00	31094.02
724.00	30848.26
725.00	30579.10
726.00	30756.98
727.00	30874.01
728.00	30677.40
729.00	31489.57
730.00	31267.22
731.00	31838.31
732.00	31791.50
733.00	31625.32
734.00	31686.17
735.00	31185.30
736.00	31641.70
737.00	31892.14
738.00	31950.65
739.00	32203.43
740.00	32123.85
741.00	32077.04
742.00	32041.93
743.00	31997.46
744.00	32732.39
745.00	32505.36
746.00	33017.94
747.00	32723.03
748.00	33146.67
749.00	32994.53
750.00	33324.55
751.00	33076.45
752.00	33254.33
753.00	33432.21
754.00	33626.48
755.00	33673.29
756.00	32931.34
757.00	33567.96
758.00	33647.54
759.00	33858.19
760.00	34073.52
761.00	33701.37
762.00	34190.55
763.00	33993.94
764.00	34246.72
765.00	34089.90
766.00	33628.82
767.00	34291.19
768.00	34501.84
769.00	34691.42
770.00	34721.85
771.00	34815.47
772.00	35931.90
773.00	35026.12
774.00	35440.39
775.00	35613.59
776.00	35248.47
777.00	35882.75
778.00	35583.16
779.00	35854.67
780.00	36481.93
781.00	35534.01
782.00	35470.82
783.00	36395.33
784.00	36247.88
785.00	36409.37
786.00	36208.09
787.00	36758.11
788.00	36392.99
789.00	36306.39
790.00	36025.53
791.00	36966.42
792.00	37013.23
793.00	36879.82
794.00	36870.46
795.00	36753.43
796.00	36788.54
797.00	37326.86
798.00	36816.63
799.00	37013.23
800.00	37366.65
801.00	37453.25
802.00	37666.24
803.00	37895.61
804.00	38022.00
805.00	36856.42
806.00	37823.06
807.00	37797.31
808.00	37883.91
809.00	38003.28
810.00	38281.80
811.00	38045.41
812.00	38579.05
813.00	38405.85
814.00	38426.92
815.00	38309.89
816.00	38539.26
817.00	38312.23
818.00	39061.20
819.00	38473.73
820.00	38511.17
821.00	38768.63
822.00	39033.11
823.00	38883.32
824.00	38981.62
825.00	39168.87
826.00	38932.47
827.00	39070.56
828.00	39601.86
829.00	39409.94
830.00	39470.79
831.00	39423.98
832.00	39227.38
833.00	39569.10
834.00	39484.84
835.00	39821.87
836.00	39484.84
837.00	40140.19
838.00	39964.65
839.00	39814.85
840.00	39646.33
841.00	39995.07
842.00	39934.22
843.00	40479.57
844.00	40828.30
845.00	40449.14
846.00	40582.55
847.00	40678.51
848.00	40734.68
849.00	40575.53
850.00	41855.80
851.00	41041.29
852.00	41322.16
853.00	41186.41
854.00	41305.77
855.00	40823.62
856.00	41359.61
857.00	41104.49
858.00	41165.34
859.00	42178.79
860.00	41755.16
861.00	41689.62
862.00	41670.90
863.00	41418.12
864.00	41776.22
865.00	42117.94
866.00	41731.75
867.00	42239.65
868.00	42014.96
869.00	42298.16
870.00	42433.91
871.00	41830.05
872.00	41846.44
873.00	42085.17
874.00	41949.42
875.00	42522.85
876.00	42511.15
877.00	43257.78
878.00	42679.67
879.00	42485.40
880.00	42667.97
881.00	42649.24
882.00	42579.03
883.00	42904.36
884.00	43019.05
885.00	42997.98
886.00	42462.00
887.00	43260.12
888.00	43014.37
889.00	42754.57
890.00	43241.40
891.00	42866.91
892.00	43175.86
893.00	43332.68
894.00	43194.59
895.00	43489.49
896.00	43227.35
897.00	43370.13
898.00	43150.12
899.00	43047.13
900.00	43772.70
901.00	43751.63
902.00	43959.94
903.00	44334.43
904.00	43681.42
905.00	43941.22
906.00	44060.58
907.00	44140.16
908.00	44264.21
909.00	44011.43
910.00	44219.74
911.00	44638.70
912.00	44545.08
913.00	44098.03
914.00	44404.64
915.00	43952.92
916.00	44500.61
917.00	44538.05
918.00	44804.88
919.00	44980.42
920.00	44603.59
921.00	44486.56
922.00	44531.03
923.00	44491.24
924.00	44547.42
925.00	44816.58
926.00	44851.69
927.00	44877.43
928.00	45406.39
929.00	44966.37
930.00	44896.16
931.00	45371.28
932.00	44814.24
933.00	45385.33
934.00	45474.27
935.00	45041.27
936.00	45483.63
937.00	45680.24
938.00	45853.44
939.00	45006.16
940.00	45492.99
941.00	45846.41
942.00	44900.84
943.00	45521.08
944.00	45614.70
945.00	45663.85
946.00	45769.18
947.00	45911.95
948.00	45968.12
949.00	46227.92
950.00	45619.38
951.00	45979.82
952.00	46277.07
953.00	45722.37
954.00	46129.62
955.00	46511.13
956.00	46234.94
957.00	46197.49
958.00	45888.54
959.00	45872.16
960.00	46113.23
961.00	45689.60
962.00	46351.97
963.00	46522.83
964.00	46281.75
965.00	46609.43
966.00	46813.05
967.00	46555.60
968.00	46878.59
969.00	46726.46
970.00	46665.60
971.00	47260.10
972.00	47358.40
973.00	47456.70
974.00	47318.61
975.00	47217.97
976.00	47210.95
977.00	46838.80
978.00	46836.46
979.00	46721.77
980.00	46894.97
981.00	47063.49
982.00	47620.54
983.00	47765.65
984.00	47632.24
985.00	47487.13
986.00	47175.84
987.00	47512.88
988.00	47082.22
989.00	47533.94
990.00	46972.21
991.00	47409.89
992.00	47697.78
993.00	47477.77
994.00	47896.72
995.00	48060.56
996.00	47934.17
997.00	47622.88
998.00	47903.74
999.00	47758.63
1000.00	47990.34
1001.00	47927.15
1002.00	48027.79
1003.00	48285.25
1004.00	48016.09
1005.00	47634.58
1006.00	48011.41
1007.00	48158.86
1008.00	47828.85
1009.00	48072.26
1010.00	48058.22
1011.00	48619.95
1012.00	48203.33
1013.00	48355.47
1014.00	48299.30
1015.00	48507.60
1016.00	48079.28
1017.00	48053.54
1018.00	48133.12
1019.00	48397.60
1020.00	48575.48
1021.00	48783.79
1022.00	48303.98
1023.00	48528.67
1024.00	48713.57
1025.00	48313.34
1026.00	48390.58
1027.00	48659.74
1028.00	48327.38
1029.00	49076.35
1030.00	48779.10
1031.00	48973.37
1032.00	49249.55
1033.00	48758.04
1034.00	48652.72
1035.00	48643.35
1036.00	48846.98
1037.00	48608.25
1038.00	48849.32
1039.00	49090.40
1040.00	49102.10
1041.00	48917.20
1042.00	49134.87
1043.00	49172.31
1044.00	49146.57
1045.00	48804.85
1046.00	48975.71
1047.00	49099.76
1048.00	49106.78
1049.00	49244.87
1050.00	49324.45
1051.00	49385.30
1052.00	49546.80
1053.00	49698.94
1054.00	49331.47
1055.00	49130.19
1056.00	49113.80
1057.00	49361.90
1058.00	49357.22
1059.00	49434.45
1060.00	49666.17
1061.00	49808.94
1062.00	49670.85
1063.00	49532.76
1064.00	49184.02
1065.00	49525.74
1066.00	49272.96
1067.00	49893.20
1068.00	49951.71
1069.00	49443.82
1070.00	49443.82
1071.00	50021.93
1072.00	49855.75
1073.00	49932.99
1074.00	49661.49
1075.00	49778.51
1076.00	49626.38
1077.00	49614.68
1078.00	49947.03
1079.00	49535.10
1080.00	50017.25
1081.00	49972.78
1082.00	50059.38
1083.00	49734.04
1084.00	49591.27
1085.00	49897.88
1086.00	49399.35
1087.00	49556.16
1088.00	50298.11
1089.00	49780.85
1090.00	50511.10
1091.00	50218.53
1092.00	49893.20
1093.00	49855.75
1094.00	49888.52
1095.00	49734.04
1096.00	49155.93
1097.00	49537.44
1098.00	49900.22
1099.00	49804.26
1100.00	50129.59
1101.00	50007.89
1102.00	49977.46
1103.00	50183.43
1104.00	49619.36
1105.00	49839.37
1106.00	49610.00
1107.00	50141.30
1108.00	50068.74
1109.00	50522.80
1110.00	50490.04
1111.00	50246.62
1112.00	50108.53
1113.00	50358.97
1114.00	49876.82
1115.00	49844.05
1116.00	49666.17
1117.00	49949.37
1118.00	50293.43
1119.00	50075.76
1120.00	50241.94
1121.00	49825.32
1122.00	50045.33
1123.00	50536.85
1124.00	49808.94
1125.00	49923.63
1126.00	49942.35
1127.00	50012.57
1128.00	50164.70
1129.00	50316.84
1130.00	49942.35
1131.00	50307.47
1132.00	50138.96
1133.00	50365.99
1134.00	50312.16
1135.00	49918.95
1136.00	49827.66
1137.00	49900.22
1138.00	49680.21
1139.00	50026.61
1140.00	49909.58
1141.00	50424.50
1142.00	50227.90
1143.00	50555.57
1144.00	50443.23
1145.00	50176.40
1146.00	50340.24
1147.00	50518.12
1148.00	50564.93
1149.00	49853.41
1150.00	49977.46
1151.00	50625.79
1152.00	50321.52
1153.00	50609.40
1154.00	50349.60
1155.00	50398.76
1156.00	50120.23
1157.00	50174.06
1158.00	50000.86
1159.00	50094.49
1160.00	50377.69
1161.00	50045.33
1162.00	50436.20
1163.00	50138.96
1164.00	50443.23
1165.00	50869.20
1166.00	50380.03
1167.00	50073.42
1168.00	50295.77
1169.00	50375.35
1170.00	49893.20
1171.00	49839.37
1172.00	50291.09
1173.00	50108.53
1174.00	50511.10
1175.00	50204.49
1176.00	50340.24
1177.00	50305.13
1178.00	49989.16
1179.00	50108.53
1180.00	50143.64
1181.00	49972.78
1182.00	50167.04
1183.00	50113.21
1184.00	50543.87
1185.00	50855.16
1186.00	50651.53
1187.00	50361.31
1188.00	50490.04
1189.00	50028.95
1190.00	49940.01
1191.00	50244.28
1192.00	50429.18
1193.00	50038.31
1194.00	50335.56
1195.00	49972.78
1196.00	50185.77
1197.00	50265.34
1198.00	50607.06
1199.00	50162.36
1200.00	50110.87
1201.00	49869.79
1202.00	49977.46
1203.00	50059.38
1204.00	50284.07
1205.00	49951.71
1206.00	50241.94
1207.00	50185.77
1208.00	50337.90
1209.00	50040.65
1210.00	50223.22
1211.00	50684.30
1212.00	50160.02
1213.00	49963.42
1214.00	50010.23
1215.00	50007.89
1216.00	50225.56
1217.00	50000.86
1218.00	50707.71
1219.00	50513.44
1220.00	50141.30
1221.00	50422.16
1222.00	50110.87
1223.00	50277.05
1224.00	49860.43
1225.00	50075.76
1226.00	49921.29
1227.00	49844.05
1228.00	50181.09
1229.00	49691.91
1230.00	50515.78
1231.00	50028.95
1232.00	50185.77
1233.00	50227.90
1234.00	50117.89
1235.00	49738.72
1236.00	49581.91
1237.00	50293.43
1238.00	50057.04
1239.00	50417.48
1240.00	50433.86
1241.00	50370.67
1242.00	50340.24
1243.00	50375.35
1244.00	50085.12
1245.00	50349.60
1246.00	50181.09
1247.00	50316.84
1248.00	49982.14
1249.00	49837.03
1250.00	50494.72
1251.00	50136.62
1252.00	50679.62
1253.00	50555.57
1254.00	50714.73
1255.00	50564.93
1256.00	50607.06
1257.00	50206.83
1258.00	50555.57
1259.00	50108.53
1260.00	49855.75
1261.00	50174.06
1262.00	50356.63
1263.00	51023.68
1264.00	50586.00
1265.00	50583.66
1266.00	50644.51
1267.00	50344.92
1268.00	50232.58
1269.00	50597.70
1270.00	50176.40
1271.00	49869.79
1272.00	50087.46
1273.00	50185.77
1274.00	50230.24
1275.00	50705.37
1276.00	50494.72
1277.00	50323.86
1278.00	50417.48
1279.00	50611.74
1280.00	50382.37
1281.00	50248.96
1282.00	50300.45
1283.00	50031.29
1284.00	49759.79
1285.00	50040.65
1286.00	50658.56
1287.00	50106.19
1288.00	50506.42
1289.00	50504.08
1290.00	50211.51
1291.00	50005.55
1292.00	50183.43
1293.00	50625.79
1294.00	50457.27
1295.00	49830.01
1296.00	49949.37
1297.00	50323.86
1298.00	50176.40
1299.00	50061.72
1300.00	50705.37
1301.00	50564.93
1302.00	50433.86
1303.00	50452.59
1304.00	50284.07
1305.00	50380.03
1306.00	50181.09
1307.00	49940.01
1308.00	50370.67
1309.00	50391.73
1310.00	49944.69
1311.00	50691.32
1312.00	50480.67
1313.00	50731.11
1314.00	50267.69
1315.00	50583.66
1316.00	50246.62
1317.00	50255.98
1318.00	49970.44
1319.00	49930.65
1320.00	50050.02
1321.00	50319.18
1322.00	50468.97
1323.00	50429.18
1324.00	50045.33
1325.00	50546.21
1326.00	50447.91
1327.00	50028.95
1328.00	50255.98
1329.00	49872.14
1330.00	50255.98
1331.00	50204.49
1332.00	50265.34
1333.00	50010.23
1334.00	50630.47
1335.00	50408.12
1336.00	50454.93
1337.00	50656.21
1338.00	50248.96
1339.00	49986.82
1340.00	50246.62
1341.00	49846.39
1342.00	49993.84
1343.00	49766.81
1344.00	50326.20
1345.00	49752.77
1346.00	49888.52
1347.00	50087.46
1348.00	50728.77
1349.00	50220.87
1350.00	50251.30
1351.00	49972.78
1352.00	50014.91
1353.00	49432.11
1354.00	49932.99
1355.00	49394.67
1356.00	49989.16
1357.00	49443.82
1358.00	49848.73
1359.00	49593.61
1360.00	50059.38
1361.00	50277.05
1362.00	50054.70
1363.00	49925.97
1364.00	49916.61
1365.00	49659.15
1366.00	49771.49
1367.00	49343.17
1368.00	49457.86
1369.00	49469.56
1370.00	49429.77
1371.00	49925.97
1372.00	49759.79
1373.00	49499.99
1374.00	50117.89
1375.00	49736.38
1376.00	49509.35
1377.00	49909.58
1378.00	49471.90
1379.00	49305.73
1380.00	49233.17
1381.00	48949.96
1382.00	49389.98
1383.00	49553.82
1384.00	49602.97
1385.00	49387.64
1386.00	49546.80
1387.00	49446.16
1388.00	49261.26
1389.00	49441.48
1390.00	48800.17
1391.00	49038.90
1392.00	49146.57
1393.00	49102.10
1394.00	49071.67
1395.00	49022.52
1396.00	48814.21
1397.00	49581.91
1398.00	49279.98
1399.00	49371.26
1400.00	49448.50
1401.00	49764.47
1402.00	49099.76
1403.00	49287.00
1404.00	48837.62
1405.00	48699.53
1406.00	48748.68
1407.00	49139.55
1408.00	48931.24
1409.00	48828.26
1410.00	49130.19
1411.00	48741.66
1412.00	49066.99
1413.00	49008.48
1414.00	49249.55
1415.00	48758.04
1416.00	48954.64
1417.00	48835.28
1418.00	48657.40
1419.00	48484.20
1420.00	48392.92
1421.00	48765.06
1422.00	48706.55
1423.00	49062.31
1424.00	48425.68
1425.00	48406.96
1426.00	48425.68
1427.00	48631.65
1428.00	48474.84
1429.00	47952.90
1430.00	48105.03
1431.00	48336.74
1432.00	48102.69
1433.00	48367.17
1434.00	47697.78
1435.00	48413.98
1436.00	48484.20
1437.00	47880.34
1438.00	48271.21
1439.00	48371.85
1440.00	48432.71
1441.00	48673.78
1442.00	47494.15
1443.00	47959.92
1444.00	47805.44
1445.00	47468.40
1446.00	47290.52
1447.00	48081.63
1448.00	47952.90
1449.00	47896.72
1450.00	48161.20
1451.00	48154.18
1452.00	47627.56
1453.00	47892.04
1454.00	47821.83
1455.00	47878.00
1456.00	47103.28
1457.00	47082.22
1458.00	47414.57
1459.00	47358.40
1460.00	47784.38
1461.00	47082.22
1462.00	47449.68
1463.00	47796.08
1464.00	47716.50
1465.00	47854.59
1466.00	47491.81
1467.00	47772.67
1468.00	47538.62
1469.00	47124.35
1470.00	47164.14
1471.00	47093.92
1472.00	46756.88
1473.00	46951.15
1474.00	47175.84
1475.00	46394.10
1476.00	47550.32
1477.00	46930.08
1478.00	47753.95
1479.00	47145.41
1480.00	47257.76
1481.00	46967.53
1482.00	47217.97
1483.00	46775.61
1484.00	46831.78
1485.00	46515.81
1486.00	46588.36
1487.00	46677.30
1488.00	46429.21
1489.00	46857.52
1490.00	46335.59
1491.00	46366.01
1492.00	46548.57
1493.00	46164.73
1494.00	46354.31
1495.00	46625.81
1496.00	46649.22
1497.00	46712.41
1498.00	46457.29
1499.00	46138.98
1500.00	46307.50
1501.00	46894.97
1502.00	46061.74
1503.00	46576.66
1504.00	46138.98
1505.00	46541.55
1506.00	46354.31
1507.00	46260.69
1508.00	45968.12
1509.00	45661.51
1510.00	45656.83
1511.00	46036.00
1512.00	45813.65
1513.00	45481.29
1514.00	45937.69
1515.00	45872.16
1516.00	45923.65
1517.00	45291.71
1518.00	45631.08
1519.00	45886.20
1520.00	46021.95
1521.00	45670.87
1522.00	45778.54
1523.00	45165.32
1524.00	45888.54
1525.00	45790.24
1526.00	45425.12
1527.00	45390.01
1528.00	44882.11
1529.00	45378.31
1530.00	45165.32
1531.00	45705.98
1532.00	45174.68
1533.00	45137.23
1534.00	45593.64
1535.00	45659.17
1536.00	45092.76
1537.00	45123.19
1538.00	44994.46
1539.00	44804.88
1540.00	44830.62
1541.00	44701.89
1542.00	45130.21
1543.00	45134.89
1544.00	44835.30
1545.00	45184.04
1546.00	44519.33
1547.00	45205.11
1548.00	44769.77
1549.00	44985.10
1550.00	45050.63
1551.00	45153.62
1552.00	44053.56
1553.00	44165.91
1554.00	44486.56
1555.00	44589.55
1556.00	44327.41
1557.00	44406.98
1558.00	44584.86
1559.00	44715.93
1560.00	44872.75
1561.00	44327.41
1562.00	44589.55
1563.00	44561.46
1564.00	44421.03
1565.00	44172.93
1566.00	44004.41
1567.00	44231.44
1568.00	44285.28
1569.00	44100.37
1570.00	44112.08
1571.00	43826.53
1572.00	43768.02
1573.00	44013.77
1574.00	44498.26
1575.00	44081.65
1576.00	43962.28
1577.00	43770.36
1578.00	44231.44
1579.00	44198.68
1580.00	43679.08
1581.00	43611.20
1582.00	43728.23
1583.00	43559.71
1584.00	43419.28
1585.00	43356.08
1586.00	43299.91
1587.00	43566.73
1588.00	42937.13
1589.00	43969.30
1590.00	43573.75
1591.00	43515.24
1592.00	43379.49
1593.00	43564.39
1594.00	43388.85
1595.00	43735.25
1596.00	43012.02
1597.00	43662.69
1598.00	42653.92
1599.00	42880.95
1600.00	42766.27
1601.00	43136.07
1602.00	43173.52
1603.00	43196.93
1604.00	43126.71
1605.00	43217.99
1606.00	43122.03
1607.00	43423.96
1608.00	42845.85
1609.00	42876.27
1610.00	42815.42
1611.00	42106.24
1612.00	42483.06
1613.00	42646.90
1614.00	42880.95
1615.00	42705.41
1616.00	42597.75
1617.00	42827.12
1618.00	42581.37
1619.00	42756.91
1620.00	42555.62
1621.00	42663.28
1622.00	42777.97
1623.00	42754.57
1624.00	42426.89
1625.00	42700.73
1626.00	42525.19
1627.00	42480.72
1628.00	41958.78
1629.00	42366.04
1630.00	42188.16
1631.00	41958.78
1632.00	42595.41
1633.00	42082.83
1634.00	42480.72
1635.00	42160.07
1636.00	42499.45
1637.00	42361.36
1638.00	42616.47
1639.00	41961.12
1640.00	41799.63
1641.00	41897.93
1642.00	41698.98
1643.00	41926.02
1644.00	41715.37
1645.00	41521.10
1646.00	41755.16
1647.00	42043.04
1648.00	41844.10
1649.00	42038.36
1650.00	42197.52
1651.00	42167.09
1652.00	41713.03
1653.00	41439.18
1654.00	41883.89
1655.00	41549.19
1656.00	41275.35
1657.00	41507.06
1658.00	40898.52
1659.00	41289.39
1660.00	41146.62
1661.00	41303.43
1662.00	41368.97
1663.00	41448.55
1664.00	41326.84
1665.00	41771.54
1666.00	41186.41
1667.00	40978.10
1668.00	41322.16
1669.00	41764.52
1670.00	40947.67
1671.00	41315.14
1672.00	41315.14
1673.00	40575.53
1674.00	41172.36
1675.00	40912.56
1676.00	40423.39
1677.00	40315.73
1678.00	40821.28
1679.00	40952.35
1680.00	40896.18
1681.00	40858.73
1682.00	40737.02
1683.00	40931.29
1684.00	40100.40
1685.00	40985.12
1686.00	40357.86
1687.00	40376.58
1688.00	40533.40
1689.00	40332.11
1690.00	40315.73
1691.00	39964.65
1692.00	40243.17
1693.00	40051.25
1694.00	40376.58
1695.00	40465.52
1696.00	40641.06
1697.00	40250.19
1698.00	40198.70
1699.00	40388.28
1700.00	39983.37
1701.00	39800.81
1702.00	40051.25
1703.00	40048.91
1704.00	39571.44
1705.00	39917.84
1706.00	39241.42
1707.00	39159.50
1708.00	39386.54
1709.00	39590.16
1710.00	39789.11
1711.00	39651.02
1712.00	39473.13
1713.00	39662.72
1714.00	39311.64
1715.00	39845.28
1716.00	39742.30
1717.00	39695.49
1718.00	39220.36
1719.00	39536.33
1720.00	39166.52
1721.00	39070.56
1722.00	39077.58
1723.00	39112.69
1724.00	38880.98
1725.00	38738.21
1726.00	38768.63
1727.00	38841.19
1728.00	38836.51
1729.00	38794.38
1730.00	38803.74
1731.00	39070.56
1732.00	38569.69
1733.00	38574.37
1734.00	38522.88
1735.00	38817.78
1736.00	38625.86
1737.00	38082.86
1738.00	37607.73
1739.00	37904.98
1740.00	38305.21
1741.00	37621.77
1742.00	38401.17
1743.00	38183.50
1744.00	38136.69
1745.00	37825.40
1746.00	37757.52
1747.00	38153.07
1748.00	37619.43
1749.00	37495.38
1750.00	37890.93
1751.00	37759.86
1752.00	37392.40
1753.00	37291.76
1754.00	37205.16
1755.00	37343.25
1756.00	37282.39
1757.00	36858.76
1758.00	37200.47
1759.00	36954.72
1760.00	36980.46
1761.00	37006.21
1762.00	37317.50
1763.00	37277.71
1764.00	36725.35
1765.00	37144.30
1766.00	36732.37
1767.00	36830.67
1768.00	36753.43
1769.00	36699.60
1770.00	36271.28
1771.00	36690.24
1772.00	36411.71
1773.00	36811.95
1774.00	36442.14
1775.00	36194.04
1776.00	36512.36
1777.00	36175.32
1778.00	36280.64
1779.00	36070.00
1780.00	35803.17
1781.00	35775.09
1782.00	35875.73
1783.00	35697.85
1784.00	35424.01
1785.00	35424.01
1786.00	35728.28
1787.00	35386.56
1788.00	35367.84
1789.00	35178.25
1790.00	35314.00
1791.00	35372.52
1792.00	35187.61
1793.00	34988.67
1794.00	35239.11
1795.00	35370.18
1796.00	35054.20
1797.00	34873.98
1798.00	35150.17
1799.00	35138.46
1800.00	34869.30
1801.00	34738.23
1802.00	34574.39
1803.00	34373.11
1804.00	34387.15
1805.00	34150.76
1806.00	34078.20
1807.00	34527.58
1808.00	34511.20
1809.00	34218.63
1810.00	34143.74
1811.00	33912.02
1812.00	33893.30
1813.00	33687.33
1814.00	34239.70
1815.00	33495.41
1816.00	33933.09
1817.00	33914.36
1818.00	33488.38
1819.00	33493.07
1820.00	33088.15
1821.00	33378.38
1822.00	33434.55
1823.00	32985.17
1824.00	33043.68
1825.00	33247.31
1826.00	32938.36
1827.00	32767.50
1828.00	32669.20
1829.00	32921.98
1830.00	33090.49
1831.00	31913.20
1832.00	32985.17
1833.00	32769.84
1834.00	32800.27
1835.00	32589.62
1836.00	32496.00
1837.00	31644.04
1838.00	32215.13
1839.00	31821.92
1840.00	31732.98
1841.00	31775.11
1842.00	31828.95
1843.00	31405.31
1844.00	31681.49
1845.00	31454.46
1846.00	31449.78
1847.00	31302.32
1848.00	31442.76
1849.00	30902.09
1850.00	31154.87
1851.00	30890.39
1852.00	30885.71
1853.00	30366.11
1854.00	30712.51
1855.00	30277.17
1856.00	30110.99
1857.00	30389.52
1858.00	30288.87
1859.00	29853.53
1860.00	30080.56
1861.00	29626.50
1862.00	30181.21
1863.00	29942.47
1864.00	30099.29
1865.00	30054.82
1866.00	30068.86
1867.00	29986.94
1868.00	29392.45
1869.00	29537.56
1870.00	29303.51
1871.00	29418.19
1872.00	29252.02
1873.00	29024.98
1874.00	29076.48
1875.00	28985.19
1876.00	28687.95
1877.00	28430.49
1878.00	28432.83
1879.00	28311.12
1880.00	28130.90
1881.00	28657.52
1882.00	28510.07
1883.00	28346.23
1884.00	28343.89
1885.00	28088.77
1886.00	27873.44
1887.00	27995.15
1888.00	27618.32
1889.00	27922.59
1890.00	27723.65
1891.00	27332.78
1892.00	27316.39
1893.00	27426.40
1894.00	27197.02
1895.00	27080.00
1896.00	26871.69
1897.00	26995.74
1898.00	26831.90
1899.00	27288.31
1900.00	27143.19
1901.00	26745.30
1902.00	26785.09
1903.00	26380.18
1904.00	26614.23
1905.00	26326.35
1906.00	26473.80
1907.00	25792.70
1908.00	25537.59
1909.00	25724.83
1910.00	25610.14
1911.00	25853.56
1912.00	25666.31
1913.00	25708.44
1914.00	25642.91
1915.00	25549.29
1916.00	25387.79
1917.00	25455.67
1918.00	25340.98
1919.00	25364.39
1920.00	25626.53
1921.00	25280.13
1922.00	24889.26
1923.00	24835.42
1924.00	25090.54
1925.00	24556.90
1926.00	24257.31
1927.00	24460.94
1928.00	23854.74
1929.00	24107.52
1930.00	24105.18
1931.00	23915.59
1932.00	24074.75
1933.00	24173.05
1934.00	23981.13
1935.00	23843.04
1936.00	23969.43
1937.00	23630.05
1938.00	23503.66
1939.00	23641.75
1940.00	23758.78
1941.00	23709.63
1942.00	23414.72
1943.00	23103.43
1944.00	22810.86
1945.00	23459.19
1946.00	22745.33
1947.00	22616.60
1948.00	22490.21
1949.00	22707.88
1950.00	22422.33
1951.00	22448.08
1952.00	22721.92
1953.00	22394.25
1954.00	22436.38
1955.00	22478.50
1956.00	22478.50
1957.00	22207.00
1958.00	22419.99
1959.00	22005.72
1960.00	22106.36
1961.00	21750.60
1962.00	21722.51
1963.00	21809.11
1964.00	21551.65
1965.00	21500.16
1966.00	21245.04
1967.00	20943.11
1968.00	21177.17
1969.00	20896.30
1970.00	20999.29
1971.00	21048.44
1972.00	20945.45
1973.00	20905.66
1974.00	20835.45
1975.00	20882.26
1976.00	20634.16
1977.00	20769.91
1978.00	20353.30
1979.00	20812.04
1980.00	20390.75
1981.00	20233.93
1982.00	19772.85
1983.00	19672.20
1984.00	19695.61
1985.00	20095.84
1986.00	19749.44
1987.00	19393.68
1988.00	19548.15
1989.00	19541.13
1990.00	19145.58
1991.00	19697.95
1992.00	19199.41
1993.00	19297.72
1994.00	19218.14
1995.00	19180.69
1996.00	19023.87
1997.00	18724.29
1998.00	19096.43
1999.00	18986.43
2000.00	18691.52
2001.00	18672.79
2002.00	18649.39
2003.00	18572.15
2004.00	18253.84
2005.00	18033.83
2006.00	18347.46
2007.00	17994.04
2008.00	18033.83
2009.00	18204.69
2010.00	17614.87
2011.00	17394.86
2012.00	17727.22
2013.00	18010.42
2014.00	17687.43
2015.00	17563.38
2016.00	17577.42
2017.00	17458.06
2018.00	17633.60
2019.00	17322.30
2020.00	17579.76
2021.00	16961.86
2022.00	16950.16
2023.00	17170.17
2024.00	17020.38
2025.00	16774.62
2026.00	16727.81
2027.00	16573.33
2028.00	16493.76
2029.00	16456.31
2030.00	16737.17
2031.00	16484.39
2032.00	16524.18
2033.00	16395.45
2034.00	16238.64
2035.00	16400.13
2036.00	15903.94
2037.00	16018.63
2038.00	15955.43
2039.00	15892.24
2040.00	15679.25
2041.00	15587.97
2042.00	15765.85
2043.00	15599.67
2044.00	15482.64
2045.00	15391.36
2046.00	15484.98
2047.00	15288.38
