0.00	1011.11
1.00	1011.11
2.00	1011.11
3.00	943.24
4.00	887.06
5.00	959.62
6.00	922.17
7.00	926.85
8.00	929.19
9.00	903.45
10.00	894.08
11.00	880.04
12.00	992.39
13.00	926.85
14.00	938.55
15.00	926.85
16.00	924.51
17.00	931.53
18.00	976.00
19.00	945.58
20.00	912.81
21.00	901.11
22.00	1029.84
23.00	1074.31
24.00	1114.10
25.00	1444.11
26.00	1394.96
27.00	1434.75
28.00	1476.88
29.00	1437.09
30.00	1497.94
31.00	1455.81
32.00	1444.11
33.00	1488.58
34.00	1500.28
35.00	1521.35
36.00	1479.22
37.00	1469.86
38.00	1563.48
39.00	1495.60
40.00	1598.59
41.00	1565.82
42.00	1568.16
43.00	1582.20
44.00	1568.16
45.00	1682.85
46.00	1652.42
47.00	1680.50
48.00	1561.14
49.00	1605.61
50.00	1614.97
51.00	1596.25
52.00	1638.38
53.00	1645.40
54.00	1565.82
55.00	1633.69
56.00	1739.02
57.00	1689.87
58.00	1668.80
59.00	1717.95
60.00	1739.02
61.00	1673.48
62.00	1650.08
63.00	1666.46
64.00	1650.08
65.00	1729.66
66.00	1783.49
67.00	1774.13
68.00	1799.87
69.00	1741.36
70.00	1696.89
71.00	1699.23
72.00	1820.94
73.00	1795.19
74.00	1746.04
75.00	1722.63
76.00	1727.32
77.00	1788.17
78.00	1741.36
79.00	1825.62
80.00	1769.44
81.00	1771.79
82.00	1844.34
83.00	1849.02
84.00	1919.24
85.00	1734.34
86.00	1809.23
87.00	1839.66
88.00	1849.02
89.00	1877.11
90.00	1818.60
91.00	1781.15
92.00	1954.35
93.00	1912.22
94.00	1959.03
95.00	1935.62
96.00	1926.26
97.00	1874.77
98.00	1966.05
99.00	1877.11
100.00	1865.41
101.00	1994.14
102.00	1919.24
103.00	2010.52
104.00	2069.03
105.00	1942.64
106.00	1954.35
107.00	1998.82
108.00	1930.94
109.00	1996.48
110.00	2071.37
111.00	2019.88
112.00	1937.96
113.00	2073.71
114.00	1926.26
115.00	2106.48
116.00	2001.16
117.00	2120.53
118.00	2118.18
119.00	2099.46
120.00	2118.18
121.00	2057.33
122.00	2120.53
123.00	2059.67
124.00	2148.61
125.00	2078.40
126.00	2179.04
127.00	2193.08
128.00	2094.78
129.00	2263.30
130.00	2200.10
131.00	2197.76
132.00	2179.04
133.00	2253.94
134.00	2251.60
135.00	2263.30
136.00	2235.21
137.00	2256.28
138.00	2282.02
139.00	2162.66
140.00	2225.85
141.00	2279.68
142.00	2370.96
143.00	2293.72
144.00	2237.55
145.00	2356.92
146.00	2389.69
147.00	2396.71
148.00	2389.69
149.00	2448.20
150.00	2385.01
151.00	2363.94
152.00	2399.05
153.00	2476.29
154.00	2394.37
155.00	2457.56
156.00	2530.12
157.00	2445.86
158.00	2462.24
159.00	2495.01
160.00	2469.27
161.00	2487.99
162.00	2614.38
163.00	2464.58
164.00	2605.02
165.00	2597.99
166.00	2483.31
167.00	2569.91
168.00	2492.67
169.00	2675.23
170.00	2747.79
171.00	2693.96
172.00	2581.61
173.00	2537.14
174.00	2626.08
175.00	2602.68
176.00	2698.64
177.00	2834.39
178.00	2780.56
179.00	2733.75
180.00	2719.70
181.00	2773.53
182.00	2696.30
183.00	2773.53
184.00	2693.96
185.00	2785.24
186.00	2787.58
187.00	2806.30
188.00	2768.85
189.00	2827.37
190.00	2918.65
191.00	3014.61
192.00	2939.71
193.00	2862.48
194.00	2890.56
195.00	3033.33
196.00	3047.38
197.00	3030.99
198.00	2984.18
199.00	3038.02
200.00	3115.25
201.00	3033.33
202.00	3089.51
203.00	3122.27
204.00	3070.78
205.00	3136.32
206.00	3122.27
207.00	3248.66
208.00	3131.64
209.00	3218.24
210.00	3396.12
211.00	3286.11
212.00	3243.98
213.00	3276.75
214.00	3309.52
215.00	3316.54
216.00	3283.77
217.00	3349.31
218.00	3351.65
219.00	3353.99
220.00	3410.16
221.00	3323.56
222.00	3471.01
223.00	3529.53
224.00	3550.59
225.00	3534.21
226.00	3440.59
227.00	3606.77
228.00	3524.85
229.00	3520.17
230.00	3618.47
231.00	3632.51
232.00	3658.26
233.00	3775.28
234.00	3758.90
235.00	3723.79
236.00	3810.39
237.00	3782.31
238.00	3803.37
239.00	3808.05
240.00	3852.52
241.00	3880.61
242.00	3997.64
243.00	3929.76
244.00	3983.59
245.00	4098.28
246.00	4088.92
247.00	3960.19
248.00	4128.70
249.00	4063.17
250.00	4322.97
251.00	4140.41
252.00	4271.48
253.00	4283.18
254.00	4271.48
255.00	4337.01
256.00	4376.80
257.00	4348.72
258.00	4393.19
259.00	4547.66
260.00	4444.68
261.00	4557.02
262.00	4542.98
263.00	4468.08
264.00	4329.99
265.00	4599.15
266.00	4564.04
267.00	4704.48
268.00	4842.57
269.00	4634.26
270.00	4847.25
271.00	4863.63
272.00	4702.14
273.00	4964.28
274.00	4777.03
275.00	4821.50
276.00	4959.60
277.00	4844.91
278.00	4922.15
279.00	4847.25
280.00	5076.62
281.00	5034.49
282.00	5191.31
283.00	5029.81
284.00	5029.81
285.00	5069.60
286.00	5153.86
287.00	5195.99
288.00	5050.88
289.00	5174.92
290.00	5142.16
291.00	5114.07
292.00	5235.78
293.00	5088.32
294.00	5205.35
295.00	5228.76
296.00	5198.33
297.00	5298.97
298.00	5425.36
299.00	5266.21
300.00	5188.97
301.00	5156.20
302.00	5029.81
303.00	5111.73
304.00	5397.28
305.00	5376.21
306.00	5401.96
307.00	5322.38
308.00	5224.08
309.00	5186.63
310.00	5226.42
311.00	5350.46
312.00	5364.51
313.00	5320.04
314.00	5425.36
315.00	5345.78
316.00	5341.10
317.00	5518.98
318.00	5341.10
319.00	5364.51
320.00	5432.38
321.00	5364.51
322.00	5523.66
323.00	5526.00
324.00	5624.31
325.00	5547.07
326.00	5643.03
327.00	5743.67
328.00	5827.93
329.00	5572.82
330.00	5621.97
331.00	5685.16
332.00	5526.00
333.00	5687.50
334.00	5844.32
335.00	5853.68
336.00	5916.87
337.00	5916.87
338.00	5884.11
339.00	5813.89
340.00	5961.34
341.00	5959.00
342.00	6031.56
343.00	5970.71
344.00	6017.52
345.00	6160.29
346.00	5982.41
347.00	6160.29
348.00	6176.67
349.00	6181.35
350.00	6132.20
351.00	6015.18
352.00	6176.67
353.00	6298.38
354.00	6228.17
355.00	6033.90
356.00	6258.59
357.00	6340.51
358.00	6263.27
359.00	6392.00
360.00	6558.18
361.00	6553.50
362.00	6490.31
363.00	6417.75
364.00	6586.27
365.00	6487.96
366.00	6434.13
367.00	6480.94
368.00	6567.54
369.00	6644.78
370.00	6518.39
371.00	6686.91
372.00	6562.86
373.00	6651.80
374.00	6597.97
375.00	6768.83
376.00	6654.14
377.00	6724.36
378.00	6628.40
379.00	7005.22
380.00	6974.80
381.00	6850.75
382.00	7040.33
383.00	7180.76
384.00	7016.93
385.00	7215.87
386.00	7220.55
387.00	7155.02
388.00	7283.75
389.00	7162.04
390.00	7433.54
391.00	7515.46
392.00	7421.84
393.00	7632.49
394.00	7398.43
395.00	7726.11
396.00	7581.00
397.00	7838.45
398.00	7669.94
399.00	7868.88
400.00	7831.43
401.00	7777.60
402.00	7782.28
403.00	7768.24
404.00	8086.55
405.00	7854.84
406.00	8044.42
407.00	8091.23
408.00	7751.85
409.00	7644.19
410.00	7943.78
411.00	8145.06
412.00	7852.50
413.00	7934.42
414.00	8196.56
415.00	7875.90
416.00	8170.81
417.00	8072.51
418.00	8243.37
419.00	8025.70
420.00	8280.82
421.00	8166.13
422.00	8210.60
423.00	8210.60
424.00	7953.14
425.00	8119.32
426.00	8226.98
427.00	8128.68
428.00	8100.59
429.00	8168.47
430.00	8344.01
431.00	8205.92
432.00	8191.88
433.00	8224.64
434.00	8262.09
435.00	8383.80
436.00	8404.86
437.00	8336.99
438.00	8269.11
439.00	8554.66
440.00	8449.33
441.00	8549.98
442.00	8472.74
443.00	8533.59
444.00	8446.99
445.00	8498.49
446.00	8594.45
447.00	8671.68
448.00	8746.58
449.00	8547.64
450.00	8585.08
451.00	8631.90
452.00	8861.27
453.00	8674.03
454.00	8552.32
455.00	8821.48
456.00	8669.34
457.00	8936.17
458.00	8905.74
459.00	8741.90
460.00	8725.52
461.00	8915.10
462.00	8762.97
463.00	8915.10
464.00	8917.44
465.00	9069.58
466.00	8992.34
467.00	9067.24
468.00	9163.20
469.00	9170.22
470.00	9535.34
471.00	9221.71
472.00	9247.46
473.00	9401.93
474.00	9291.93
475.00	9568.11
476.00	9607.90
477.00	9481.51
478.00	9575.13
479.00	9467.47
480.00	9769.40
481.00	9708.54
482.00	9856.00
483.00	9769.40
484.00	9654.71
485.00	9963.66
486.00	9645.35
487.00	10008.13
488.00	9710.88
489.00	9743.65
490.00	9816.21
491.00	9844.29
492.00	9757.69
493.00	10078.35
494.00	9844.29
495.00	10143.88
496.00	10303.04
497.00	9888.76
498.00	10097.07
499.00	10108.77
500.00	10132.18
501.00	10310.06
502.00	10195.37
503.00	10324.10
504.00	10284.31
505.00	10534.75
506.00	10382.62
507.00	10417.72
508.00	10558.16
509.00	10429.43
510.00	10298.36
511.00	10689.23
512.00	10586.24
513.00	10602.63
514.00	10614.33
515.00	10759.44
516.00	10658.80
517.00	10588.58
518.00	10534.75
519.00	10663.48
520.00	10506.66
521.00	10761.78
522.00	10628.37
523.00	10808.59
524.00	10806.25
525.00	10754.76
526.00	10864.77
527.00	10839.02
528.00	10834.34
529.00	10817.96
530.00	10977.11
531.00	11192.44
532.00	11220.53
533.00	10698.59
534.00	11035.63
535.00	11068.39
536.00	11091.80
537.00	11054.35
538.00	11332.87
539.00	11403.09
540.00	10951.37
541.00	11040.31
542.00	11054.35
543.00	11632.46
544.00	11243.93
545.00	11681.61
546.00	11480.33
547.00	11353.94
548.00	11375.00
549.00	11798.64
550.00	11641.82
551.00	11618.42
552.00	11620.76
553.00	11623.10
554.00	11590.33
555.00	11681.61
556.00	12105.25
557.00	11913.33
558.00	11653.53
559.00	11800.98
560.00	12105.25
561.00	12245.68
562.00	12491.44
563.00	12276.11
564.00	12215.26
565.00	12318.24
566.00	12140.36
567.00	12734.85
568.00	12414.20
569.00	12514.84
570.00	12358.03
571.00	12496.12
572.00	12699.75
573.00	12662.30
574.00	12863.58
575.00	12882.31
576.00	12971.25
577.00	13022.74
578.00	13107.00
579.00	13214.66
580.00	13195.94
581.00	13261.48
582.00	13097.64
583.00	13331.69
584.00	13315.31
585.00	13568.09
586.00	13937.89
587.00	13937.89
588.00	13568.09
589.00	13781.07
590.00	14087.68
591.00	14162.58
592.00	14099.39
593.00	14406.00
594.00	14647.07
595.00	14279.61
596.00	14698.56
597.00	14743.03
598.00	14689.20
599.00	14712.61
600.00	15187.74
601.00	15480.30
602.00	15300.08
603.00	15337.53
604.00	15311.78
605.00	15861.81
606.00	16102.89
607.00	15786.91
608.00	16039.69
609.00	15981.18
610.00	15983.52
611.00	16037.35
612.00	16189.49
613.00	16231.62
614.00	16449.28
615.00	16484.39
616.00	16709.08
617.00	17003.99
618.00	16877.60
619.00	17151.45
620.00	17177.19
621.00	17305.92
622.00	17563.38
623.00	17635.94
624.00	17830.20
625.00	17713.17
626.00	17900.42
627.00	17879.35
628.00	17853.61
629.00	18153.20
630.00	18366.18
631.00	18710.24
632.00	18609.60
633.00	18972.38
634.00	19211.12
635.00	19206.44
636.00	19269.63
637.00	19297.72
638.00	20119.24
639.00	19749.44
640.00	19644.12
641.00	19775.19
642.00	20098.18
643.00	20123.93
644.00	20339.26
645.00	20821.41
646.00	20512.46
647.00	20524.16
648.00	21099.93
649.00	21125.68
650.00	21453.35
651.00	21451.01
652.00	21495.48
653.00	21825.50
654.00	21642.93
655.00	22066.57
656.00	22178.92
657.00	22134.45
658.00	22171.89
659.00	22501.91
660.00	22972.36
661.00	22927.89
662.00	22998.10
663.00	23108.11
664.00	23124.49
665.00	23623.03
666.00	23295.35
667.00	23653.45
668.00	23679.20
669.00	23723.67
670.00	24189.44
671.00	24374.34
672.00	24507.75
673.00	24872.87
674.00	24542.86
675.00	24917.34
676.00	24786.27
677.00	24980.54
678.00	25055.43
679.00	24910.32
680.00	25142.03
681.00	25521.20
682.00	25923.77
683.00	25366.73
684.00	26153.15
685.00	26251.45
686.00	26113.36
687.00	26822.54
688.00	26349.75
689.00	26307.62
690.00	26656.36
691.00	27175.96
692.00	26831.90
693.00	27232.13
694.00	27126.81
695.00	27325.75
696.00	27613.64
697.00	27672.15
698.00	27585.55
699.00	28187.07
700.00	27960.04
701.00	28173.03
702.00	28425.81
703.00	28577.94
704.00	28842.42
705.00	28959.45
706.00	28872.85
707.00	29305.85
708.00	29085.84
709.00	29376.06
710.00	29560.97
711.00	29294.14
712.00	29902.68
713.00	29591.39
714.00	30075.88
715.00	29972.90
716.00	30155.46
717.00	30054.82
718.00	30403.56
719.00	29902.68
720.00	30052.48
721.00	30490.16
722.00	30354.41
723.00	30927.84
724.00	30822.51
725.00	31185.30
726.00	30696.13
727.00	30981.67
728.00	30827.20
729.00	31456.80
730.00	31236.79
731.00	31358.50
732.00	31538.72
733.00	31974.06
734.00	31646.38
735.00	31536.38
736.00	31344.45
737.00	31908.52
738.00	32474.93
739.00	32294.71
740.00	32098.11
741.00	32343.86
742.00	32301.73
743.00	32137.90
744.00	32570.90
745.00	32868.14
746.00	33020.28
747.00	32671.54
748.00	33095.18
749.00	33006.23
750.00	33387.74
751.00	33216.88
752.00	32896.23
753.00	33457.96
754.00	33343.27
755.00	33614.77
756.00	33605.41
757.00	33722.44
758.00	33212.20
759.00	34015.01
760.00	33802.02
761.00	34501.84
762.00	34614.18
763.00	33869.89
764.00	33993.94
765.00	34560.35
766.00	34457.37
767.00	34550.99
768.00	34501.84
769.00	34660.99
770.00	35047.18
771.00	35166.55
772.00	35302.30
773.00	34813.13
774.00	35000.37
775.00	35690.83
776.00	35384.22
777.00	35494.22
778.00	35959.99
779.00	36065.31
780.00	36060.63
781.00	35866.37
782.00	35667.42
783.00	36362.56
784.00	36320.43
785.00	36215.11
786.00	36313.41
787.00	36582.57
788.00	36844.71
789.00	36533.42
790.00	36634.06
791.00	36556.83
792.00	36903.23
793.00	37319.84
794.00	36776.84
795.00	37546.87
796.00	36994.51
797.00	36898.55
798.00	37003.87
799.00	37511.77
800.00	37778.59
801.00	37549.21
802.00	37612.41
803.00	38129.67
804.00	37565.60
805.00	37666.24
806.00	37902.64
807.00	38146.05
808.00	37553.90
809.00	37956.47
810.00	38644.59
811.00	38225.63
812.00	38689.06
813.00	37703.69
814.00	38134.35
815.00	38714.80
816.00	38473.73
817.00	38703.10
818.00	38827.15
819.00	38904.38
820.00	38682.03
821.00	38803.74
822.00	38794.38
823.00	38651.61
824.00	39112.69
825.00	38969.92
826.00	39044.82
827.00	39213.34
828.00	39658.04
829.00	39028.43
830.00	39482.50
831.00	39660.38
832.00	39524.63
833.00	40383.60
834.00	39756.34
835.00	39828.90
836.00	39763.36
837.00	40067.63
838.00	40144.87
839.00	39842.94
840.00	40004.44
841.00	40304.02
842.00	40559.14
843.00	40671.49
844.00	40975.76
845.00	40568.51
846.00	40725.32
847.00	40638.72
848.00	40744.05
849.00	40973.42
850.00	40795.54
851.00	41116.19
852.00	41383.01
853.00	40715.96
854.00	40893.84
855.00	41242.58
856.00	40856.39
857.00	41352.58
858.00	41525.78
859.00	41921.34
860.00	41490.68
861.00	41668.56
862.00	41486.00
863.00	42010.28
864.00	42092.19
865.00	41816.01
866.00	41752.82
867.00	42487.74
868.00	42155.39
869.00	42253.69
870.00	42340.29
871.00	42253.69
872.00	42085.17
873.00	42366.04
874.00	42344.97
875.00	42909.04
876.00	42506.47
877.00	42923.08
878.00	42698.39
879.00	42642.22
880.00	42693.71
881.00	42366.04
882.00	42469.02
883.00	42988.62
884.00	42892.66
885.00	43028.41
886.00	42763.93
887.00	43077.56
888.00	42895.00
889.00	42953.51
890.00	42829.46
891.00	43473.11
892.00	42913.72
893.00	43442.68
894.00	43634.61
895.00	43590.14
896.00	43517.58
897.00	42864.57
898.00	43515.24
899.00	43580.78
900.00	43908.45
901.00	43973.98
902.00	44044.20
903.00	43819.51
904.00	43749.29
905.00	43892.07
906.00	44179.95
907.00	43662.69
908.00	44285.28
909.00	44037.18
910.00	44175.27
911.00	44758.06
912.00	44460.82
913.00	44051.22
914.00	44488.90
915.00	44463.16
916.00	44486.56
917.00	44215.06
918.00	44638.70
919.00	45031.91
920.00	44626.99
921.00	44720.62
922.00	44863.39
923.00	45064.67
924.00	44444.43
925.00	44680.83
926.00	44896.16
927.00	45305.75
928.00	45546.82
929.00	45427.46
930.00	45085.74
931.00	44744.02
932.00	45436.82
933.00	45553.85
934.00	45385.33
935.00	45375.97
936.00	45443.84
937.00	46087.49
938.00	45481.29
939.00	45642.79
940.00	45518.74
941.00	45595.98
942.00	45684.92
943.00	45310.43
944.00	45918.97
945.00	45991.53
946.00	45844.07
947.00	45799.60
948.00	45769.18
949.00	46178.77
950.00	46485.38
951.00	46188.13
952.00	46515.81
953.00	46064.08
954.00	45918.97
955.00	46050.04
956.00	46197.49
957.00	46546.23
958.00	46499.42
959.00	46110.89
960.00	46092.17
961.00	45673.21
962.00	45799.60
963.00	46368.35
964.00	46611.77
965.00	46586.02
966.00	46705.39
967.00	46815.40
968.00	47026.04
969.00	47133.71
970.00	46932.42
971.00	46894.97
972.00	47119.66
973.00	46948.81
974.00	47014.34
975.00	47056.47
976.00	47515.22
977.00	46560.28
978.00	46796.67
979.00	47281.16
980.00	47208.61
981.00	47110.30
982.00	47693.10
983.00	48053.54
984.00	47735.23
985.00	47749.27
986.00	47473.09
987.00	47470.75
988.00	46855.18
989.00	47690.76
990.00	47026.04
991.00	47372.44
992.00	47414.57
993.00	47522.24
994.00	47636.92
995.00	47969.28
996.00	47849.91
997.00	47966.94
998.00	47861.61
999.00	47725.86
1000.00	47885.02
1001.00	48535.69
1002.00	48100.35
1003.00	47861.61
1004.00	48086.31
1005.00	47707.14
1006.00	47966.94
1007.00	48034.81
1008.00	48210.35
1009.00	48208.01
1010.00	48172.91
1011.00	48488.88
1012.00	48264.19
1013.00	48809.53
1014.00	47945.87
1015.00	48449.09
1016.00	48301.64
1017.00	48182.27
1018.00	48477.18
1019.00	48832.94
1020.00	48851.66
1021.00	48619.95
1022.00	48636.33
1023.00	48552.07
1024.00	48844.64
1025.00	48254.82
1026.00	48753.36
1027.00	48856.34
1028.00	48912.52
1029.00	48678.46
1030.00	49031.88
1031.00	49123.16
1032.00	49319.77
1033.00	49193.38
1034.00	48680.80
1035.00	48875.07
1036.00	48598.88
1037.00	49277.64
1038.00	48816.55
1039.00	49092.74
1040.00	48959.33
1041.00	49139.55
1042.00	49085.72
1043.00	49057.63
1044.00	49357.22
1045.00	49368.92
1046.00	49350.20
1047.00	49001.46
1048.00	49268.28
1049.00	49691.91
1050.00	49167.63
1051.00	49729.36
1052.00	49551.48
1053.00	49610.00
1054.00	49855.75
1055.00	49134.87
1056.00	49102.10
1057.00	49223.81
1058.00	49488.29
1059.00	49822.98
1060.00	49560.84
1061.00	49741.06
1062.00	49535.10
1063.00	49584.25
1064.00	49434.45
1065.00	49556.16
1066.00	49382.96
1067.00	49736.38
1068.00	50003.20
1069.00	49881.50
1070.00	49305.73
1071.00	49668.51
1072.00	49696.59
1073.00	49785.54
1074.00	49635.74
1075.00	50010.23
1076.00	49551.48
1077.00	49647.44
1078.00	49830.01
1079.00	49815.96
1080.00	49921.29
1081.00	50078.10
1082.00	50483.01
1083.00	49635.74
1084.00	50010.23
1085.00	50042.99
1086.00	49450.84
1087.00	49661.49
1088.00	50082.78
1089.00	49727.02
1090.00	50197.47
1091.00	49900.22
1092.00	49930.65
1093.00	49897.88
1094.00	49949.37
1095.00	50085.12
1096.00	49364.24
1097.00	49928.31
1098.00	50167.04
1099.00	50560.25
1100.00	50066.40
1101.00	50162.36
1102.00	49883.84
1103.00	50122.57
1104.00	49958.73
1105.00	49855.75
1106.00	49649.78
1107.00	49916.61
1108.00	50108.53
1109.00	50328.54
1110.00	50387.05
1111.00	50604.72
1112.00	50106.19
1113.00	50588.34
1114.00	50017.25
1115.00	49996.18
1116.00	50080.44
1117.00	49956.39
1118.00	50412.80
1119.00	50155.34
1120.00	50286.41
1121.00	50293.43
1122.00	50073.42
1123.00	50464.29
1124.00	50103.85
1125.00	49806.60
1126.00	50108.53
1127.00	50073.42
1128.00	50241.94
1129.00	50312.16
1130.00	50113.21
1131.00	49998.52
1132.00	50122.57
1133.00	50431.52
1134.00	50227.90
1135.00	49972.78
1136.00	50021.93
1137.00	50218.53
1138.00	50014.91
1139.00	50206.83
1140.00	50466.63
1141.00	49825.32
1142.00	50181.09
1143.00	50295.77
1144.00	50167.04
1145.00	50045.33
1146.00	50637.49
1147.00	50157.68
1148.00	50335.56
1149.00	50010.23
1150.00	50454.93
1151.00	50103.85
1152.00	50216.19
1153.00	50632.81
1154.00	50747.50
1155.00	50127.25
1156.00	50122.57
1157.00	50260.66
1158.00	50218.53
1159.00	50365.99
1160.00	50511.10
1161.00	50614.08
1162.00	50237.26
1163.00	50663.24
1164.00	49832.35
1165.00	50609.40
1166.00	50155.34
1167.00	50312.16
1168.00	50033.63
1169.00	49858.09
1170.00	50124.91
1171.00	49808.94
1172.00	50433.86
1173.00	50014.91
1174.00	50777.92
1175.00	50239.60
1176.00	50354.29
1177.00	50148.32
1178.00	50447.91
1179.00	49996.18
1180.00	50099.17
1181.00	50162.36
1182.00	49883.84
1183.00	50258.32
1184.00	50398.76
1185.00	50543.87
1186.00	50057.04
1187.00	50199.81
1188.00	50501.74
1189.00	50328.54
1190.00	50141.30
1191.00	50042.99
1192.00	50145.98
1193.00	49539.78
1194.00	49947.03
1195.00	50300.45
1196.00	50447.91
1197.00	50258.32
1198.00	50178.75
1199.00	50326.20
1200.00	50534.51
1201.00	49909.58
1202.00	49930.65
1203.00	50061.72
1204.00	50143.64
1205.00	49937.67
1206.00	50246.62
1207.00	50581.32
1208.00	50656.21
1209.00	50375.35
1210.00	50309.82
1211.00	50295.77
1212.00	50382.37
1213.00	50127.25
1214.00	50099.17
1215.00	49879.16
1216.00	50382.37
1217.00	50342.58
1218.00	50635.15
1219.00	50197.47
1220.00	50246.62
1221.00	50028.95
1222.00	50286.41
1223.00	49834.69
1224.00	49822.98
1225.00	50277.05
1226.00	50019.59
1227.00	50190.45
1228.00	50693.66
1229.00	49837.03
1230.00	50431.52
1231.00	50148.32
1232.00	50597.70
1233.00	50153.00
1234.00	49717.66
1235.00	49961.08
1236.00	50028.95
1237.00	50265.34
1238.00	49909.58
1239.00	50574.30
1240.00	50649.19
1241.00	50478.33
1242.00	50864.52
1243.00	50534.51
1244.00	50052.36
1245.00	50487.70
1246.00	50061.72
1247.00	50450.25
1248.00	50298.11
1249.00	50099.17
1250.00	50387.05
1251.00	50230.24
1252.00	50815.37
1253.00	50754.52
1254.00	50752.18
1255.00	50485.36
1256.00	50389.39
1257.00	50384.71
1258.00	50431.52
1259.00	50181.09
1260.00	49865.11
1261.00	50307.47
1262.00	50553.23
1263.00	50529.83
1264.00	50768.56
1265.00	50380.03
1266.00	50422.16
1267.00	49979.80
1268.00	50190.45
1269.00	50667.92
1270.00	50244.28
1271.00	50028.95
1272.00	50468.97
1273.00	50529.83
1274.00	50443.23
1275.00	50497.06
1276.00	50457.27
1277.00	50108.53
1278.00	50621.11
1279.00	50806.01
1280.00	50681.96
1281.00	50628.13
1282.00	50248.96
1283.00	49984.48
1284.00	50190.45
1285.00	50358.97
1286.00	50897.29
1287.00	50038.31
1288.00	51068.15
1289.00	50405.78
1290.00	50141.30
1291.00	50536.85
1292.00	50064.06
1293.00	50349.60
1294.00	50167.04
1295.00	50370.67
1296.00	50131.93
1297.00	50340.24
1298.00	50398.76
1299.00	50712.39
1300.00	50347.26
1301.00	50611.74
1302.00	50698.34
1303.00	50012.57
1304.00	50358.97
1305.00	50532.17
1306.00	49989.16
1307.00	49914.26
1308.00	50202.15
1309.00	50380.03
1310.00	50234.92
1311.00	50740.47
1312.00	50377.69
1313.00	50665.58
1314.00	50373.01
1315.00	50595.36
1316.00	50415.14
1317.00	50436.20
1318.00	49925.97
1319.00	50265.34
1320.00	50316.84
1321.00	50461.95
1322.00	50295.77
1323.00	50398.76
1324.00	50836.44
1325.00	51023.68
1326.00	50344.92
1327.00	50518.12
1328.00	50183.43
1329.00	49930.65
1330.00	50197.47
1331.00	50061.72
1332.00	50192.79
1333.00	49911.92
1334.00	50288.75
1335.00	50855.16
1336.00	50525.14
1337.00	50057.04
1338.00	50518.12
1339.00	50134.28
1340.00	50176.40
1341.00	49925.97
1342.00	49911.92
1343.00	49804.26
1344.00	50136.62
1345.00	50073.42
1346.00	50337.90
1347.00	50323.86
1348.00	50190.45
1349.00	50279.39
1350.00	50150.66
1351.00	50066.40
1352.00	50010.23
1353.00	49577.23
1354.00	49712.98
1355.00	49935.33
1356.00	49956.39
1357.00	49745.75
1358.00	49799.58
1359.00	49991.50
1360.00	50071.08
1361.00	49734.04
1362.00	49420.41
1363.00	49820.64
1364.00	49895.54
1365.00	49958.73
1366.00	49860.43
1367.00	49956.39
1368.00	49340.83
1369.00	49673.19
1370.00	49411.05
1371.00	49705.96
1372.00	49907.24
1373.00	49720.00
1374.00	49677.87
1375.00	49631.06
1376.00	49684.89
1377.00	49626.38
1378.00	49392.33
1379.00	49354.88
1380.00	49476.58
1381.00	49092.74
1382.00	49532.76
1383.00	49151.25
1384.00	49766.81
1385.00	49265.94
1386.00	49263.60
1387.00	49394.67
1388.00	49408.71
1389.00	49516.37
1390.00	49272.96
1391.00	49502.33
1392.00	48851.66
1393.00	48891.45
1394.00	49406.37
1395.00	49003.80
1396.00	49240.19
1397.00	49282.32
1398.00	49535.10
1399.00	49198.06
1400.00	49645.10
1401.00	49188.70
1402.00	48975.71
1403.00	49291.68
1404.00	49113.80
1405.00	48938.26
1406.00	48917.20
1407.00	48940.60
1408.00	49191.04
1409.00	49406.37
1410.00	48762.72
1411.00	49439.14
1412.00	49312.75
1413.00	48856.34
1414.00	49031.88
1415.00	48650.38
1416.00	49029.54
1417.00	48411.64
1418.00	48563.78
1419.00	48514.62
1420.00	48835.28
1421.00	48928.90
1422.00	48566.12
1423.00	48907.83
1424.00	49038.90
1425.00	48809.53
1426.00	48704.21
1427.00	48706.55
1428.00	48685.48
1429.00	48362.49
1430.00	48287.59
1431.00	48509.94
1432.00	48484.20
1433.00	47901.40
1434.00	48299.30
1435.00	48339.08
1436.00	48495.90
1437.00	48236.10
1438.00	48451.43
1439.00	48268.87
1440.00	47913.11
1441.00	48208.01
1442.00	47896.72
1443.00	47924.81
1444.00	47667.35
1445.00	47875.66
1446.00	47756.29
1447.00	47929.49
1448.00	47674.37
1449.00	47620.54
1450.00	47929.49
1451.00	47880.34
1452.00	47959.92
1453.00	48311.00
1454.00	47856.93
1455.00	47723.52
1456.00	47779.70
1457.00	47407.55
1458.00	47908.43
1459.00	47547.98
1460.00	47419.25
1461.00	47377.12
1462.00	47880.34
1463.00	47283.50
1464.00	47859.27
1465.00	47636.92
1466.00	47515.22
1467.00	47323.29
1468.00	47175.84
1469.00	47276.48
1470.00	47569.05
1471.00	47047.11
1472.00	47168.82
1473.00	47033.07
1474.00	47196.90
1475.00	47114.98
1476.00	47580.75
1477.00	47360.74
1478.00	47360.74
1479.00	47332.65
1480.00	47569.05
1481.00	46890.29
1482.00	47232.01
1483.00	46728.80
1484.00	46143.66
1485.00	46342.61
1486.00	46520.49
1487.00	46401.12
1488.00	46969.87
1489.00	46763.90
1490.00	46153.02
1491.00	46506.44
1492.00	46831.78
1493.00	46981.57
1494.00	46335.59
1495.00	46248.99
1496.00	46672.62
1497.00	46452.61
1498.00	46192.81
1499.00	46260.69
1500.00	46136.64
1501.00	46162.39
1502.00	46075.79
1503.00	46309.84
1504.00	46059.40
1505.00	46412.82
1506.00	46511.13
1507.00	46309.84
1508.00	46483.04
1509.00	45869.82
1510.00	45904.93
1511.00	45965.78
1512.00	45631.08
1513.00	45860.46
1514.00	45471.93
1515.00	46017.27
1516.00	45858.12
1517.00	45729.39
1518.00	45888.54
1519.00	45825.35
1520.00	45879.18
1521.00	46073.45
1522.00	45778.54
1523.00	45287.03
1524.00	45514.06
1525.00	45572.57
1526.00	45385.33
1527.00	45581.93
1528.00	45408.73
1529.00	45324.47
1530.00	45385.33
1531.00	45209.79
1532.00	45184.04
1533.00	45399.37
1534.00	45422.78
1535.00	45523.42
1536.00	45083.40
1537.00	45132.55
1538.00	45254.26
1539.00	45048.29
1540.00	44708.91
1541.00	44692.53
1542.00	45200.43
1543.00	45237.87
1544.00	44921.90
1545.00	44818.92
1546.00	45191.06
1547.00	45228.51
1548.00	44847.00
1549.00	45090.42
1550.00	44655.08
1551.00	44669.12
1552.00	44381.24
1553.00	44659.76
1554.00	45038.93
1555.00	44521.67
1556.00	44935.95
1557.00	44327.41
1558.00	44383.58
1559.00	44807.22
1560.00	44594.23
1561.00	44210.38
1562.00	44547.42
1563.00	44545.08
1564.00	44886.79
1565.00	43826.53
1566.00	44416.35
1567.00	44406.98
1568.00	44397.62
1569.00	44374.22
1570.00	44395.28
1571.00	44280.60
1572.00	44060.58
1573.00	44123.78
1574.00	43903.77
1575.00	44348.47
1576.00	44268.89
1577.00	44271.23
1578.00	44428.05
1579.00	44030.16
1580.00	43803.13
1581.00	43962.28
1582.00	43592.48
1583.00	43819.51
1584.00	43086.92
1585.00	43641.63
1586.00	43555.03
1587.00	43423.96
1588.00	43187.56
1589.00	43948.24
1590.00	43723.55
1591.00	43761.00
1592.00	43875.68
1593.00	43796.10
1594.00	43508.22
1595.00	43206.29
1596.00	43192.25
1597.00	43459.07
1598.00	43033.09
1599.00	42972.24
1600.00	42997.98
1601.00	43768.02
1602.00	42679.67
1603.00	43264.80
1604.00	43299.91
1605.00	42801.38
1606.00	43232.04
1607.00	42845.85
1608.00	43229.69
1609.00	42869.25
1610.00	42429.23
1611.00	43323.32
1612.00	42834.14
1613.00	43012.02
1614.00	42363.70
1615.00	42349.65
1616.00	42609.45
1617.00	43466.09
1618.00	42674.99
1619.00	42506.47
1620.00	42777.97
1621.00	42873.93
1622.00	42780.31
1623.00	42698.39
1624.00	42850.53
1625.00	42768.61
1626.00	42703.07
1627.00	42120.28
1628.00	42234.97
1629.00	42344.97
1630.00	42101.56
1631.00	41759.84
1632.00	42134.32
1633.00	42050.06
1634.00	42410.51
1635.00	42258.37
1636.00	42438.59
1637.00	42157.73
1638.00	42555.62
1639.00	41825.37
1640.00	42223.26
1641.00	41486.00
1642.00	41567.91
1643.00	41947.08
1644.00	41605.36
1645.00	41762.18
1646.00	41469.61
1647.00	42024.32
1648.00	41979.85
1649.00	42424.55
1650.00	41691.96
1651.00	41961.12
1652.00	41710.69
1653.00	41827.71
1654.00	41724.73
1655.00	41394.71
1656.00	41544.51
1657.00	41553.87
1658.00	41298.75
1659.00	41329.18
1660.00	41354.93
1661.00	41516.42
1662.00	41102.15
1663.00	41198.11
1664.00	41273.01
1665.00	41392.37
1666.00	41462.59
1667.00	41165.34
1668.00	41322.16
1669.00	41586.64
1670.00	41137.26
1671.00	40744.05
1672.00	41546.85
1673.00	40730.00
1674.00	40641.06
1675.00	40999.16
1676.00	40673.83
1677.00	41134.92
1678.00	40893.84
1679.00	40748.73
1680.00	41081.08
1681.00	40772.13
1682.00	41006.19
1683.00	40910.22
1684.00	40751.07
1685.00	40460.84
1686.00	41031.93
1687.00	40210.40
1688.00	40655.11
1689.00	40383.60
1690.00	40591.91
1691.00	40395.31
1692.00	40395.31
1693.00	40409.35
1694.00	40367.22
1695.00	40048.91
1696.00	40500.63
1697.00	40229.13
1698.00	40533.40
1699.00	40797.88
1700.00	39903.79
1701.00	39969.33
1702.00	39707.19
1703.00	39887.41
1704.00	39697.83
1705.00	39889.75
1706.00	39751.66
1707.00	40030.18
1708.00	39416.96
1709.00	39400.58
1710.00	39924.86
1711.00	40016.14
1712.00	39283.55
1713.00	39772.72
1714.00	39885.07
1715.00	39786.77
1716.00	39618.25
1717.00	39171.21
1718.00	39260.15
1719.00	39393.56
1720.00	39391.22
1721.00	39318.66
1722.00	39325.68
1723.00	39021.41
1724.00	38979.28
1725.00	38972.26
1726.00	38813.10
1727.00	38841.19
1728.00	39054.18
1729.00	39157.16
1730.00	38670.33
1731.00	39037.80
1732.00	38667.99
1733.00	38464.36
1734.00	38384.79
1735.00	38597.77
1736.00	38284.14
1737.00	37799.65
1738.00	37942.42
1739.00	37809.01
1740.00	38223.29
1741.00	37900.29
1742.00	38204.56
1743.00	38068.81
1744.00	38401.17
1745.00	38139.03
1746.00	37785.61
1747.00	37989.24
1748.00	37684.97
1749.00	37993.92
1750.00	37748.16
1751.00	37844.12
1752.00	37776.25
1753.00	37345.59
1754.00	37422.83
1755.00	37296.44
1756.00	37413.46
1757.00	37151.32
1758.00	37029.62
1759.00	36891.52
1760.00	37305.80
1761.00	37603.05
1762.00	37528.15
1763.00	37511.77
1764.00	37078.77
1765.00	36739.39
1766.00	36774.50
1767.00	36837.69
1768.00	36472.57
1769.00	36472.57
1770.00	36622.36
1771.00	36730.03
1772.00	36671.51
1773.00	36643.43
1774.00	36470.23
1775.00	36428.10
1776.00	36385.97
1777.00	36020.84
1778.00	36105.10
1779.00	36107.44
1780.00	36524.06
1781.00	35882.75
1782.00	36271.28
1783.00	35796.15
1784.00	35924.88
1785.00	35342.09
1786.00	35489.54
1787.00	35459.12
1788.00	35798.49
1789.00	35281.24
1790.00	35592.53
1791.00	35356.13
1792.00	35157.19
1793.00	35157.19
1794.00	35494.22
1795.00	35079.95
1796.00	35049.52
1797.00	35091.65
1798.00	35447.41
1799.00	35218.04
1800.00	35187.61
1801.00	34792.06
1802.00	34223.31
1803.00	34375.45
1804.00	34321.62
1805.00	34384.81
1806.00	34167.14
1807.00	34157.78
1808.00	34117.99
1809.00	34314.59
1810.00	34471.41
1811.00	34349.70
1812.00	33867.55
1813.00	34094.58
1814.00	34424.60
1815.00	33699.03
1816.00	33495.41
1817.00	33511.79
1818.00	33439.23
1819.00	33670.95
1820.00	33811.38
1821.00	33565.62
1822.00	33085.81
1823.00	33172.41
1824.00	33284.76
1825.00	33221.56
1826.00	33233.27
1827.00	32863.46
1828.00	33083.47
1829.00	33167.73
1830.00	32486.64
1831.00	32210.45
1832.00	32851.76
1833.00	32875.16
1834.00	33088.15
1835.00	32732.39
1836.00	32306.41
1837.00	31821.92
1838.00	32336.84
1839.00	31700.22
1840.00	31442.76
1841.00	31761.07
1842.00	31924.91
1843.00	31482.55
1844.00	31433.39
1845.00	31594.89
1846.00	31288.28
1847.00	30925.50
1848.00	31232.11
1849.00	30923.16
1850.00	31096.36
1851.00	31227.43
1852.00	30749.96
1853.00	30759.32
1854.00	30789.75
1855.00	30389.52
1856.00	30382.49
1857.00	30490.16
1858.00	30209.29
1859.00	29780.98
1860.00	30120.35
1861.00	30080.56
1862.00	30008.01
1863.00	30103.97
1864.00	30080.56
1865.00	29970.56
1866.00	29895.66
1867.00	29600.76
1868.00	29455.64
1869.00	29312.87
1870.00	29518.84
1871.00	29582.03
1872.00	28996.90
1873.00	29214.57
1874.00	29078.82
1875.00	28870.51
1876.00	28669.22
1877.00	28418.78
1878.00	28732.42
1879.00	28641.14
1880.00	28744.12
1881.00	28325.16
1882.00	28013.87
1883.00	28400.06
1884.00	28442.19
1885.00	28369.63
1886.00	27978.76
1887.00	27648.75
1888.00	28030.26
1889.00	27796.20
1890.00	27534.06
1891.00	27225.11
1892.00	27630.02
1893.00	27225.11
1894.00	26918.50
1895.00	27168.94
1896.00	26785.09
1897.00	26696.15
1898.00	26857.65
1899.00	26986.38
1900.00	27213.41
1901.00	27061.27
1902.00	26672.74
1903.00	26768.71
1904.00	26368.48
1905.00	26047.82
1906.00	26078.25
1907.00	25865.26
1908.00	25731.85
1909.00	25675.68
1910.00	25427.58
1911.00	25631.21
1912.00	25706.10
1913.00	25488.43
1914.00	25542.27
1915.00	25795.04
1916.00	25394.81
1917.00	25294.17
1918.00	25474.39
1919.00	25326.94
1920.00	25483.75
1921.00	25158.42
1922.00	25102.25
1923.00	24809.68
1924.00	25022.67
1925.00	24694.99
1926.00	24514.77
1927.00	24229.23
1928.00	23789.20
1929.00	24231.57
1930.00	24013.90
1931.00	23974.11
1932.00	24175.39
1933.00	24187.10
1934.00	24027.94
1935.00	24119.22
1936.00	24364.98
1937.00	23798.57
1938.00	23728.35
1939.00	24212.84
1940.00	23910.91
1941.00	23718.99
1942.00	23491.96
1943.00	23042.57
1944.00	23271.95
1945.00	23101.09
1946.00	22675.11
1947.00	22801.50
1948.00	22331.05
1949.00	22845.97
1950.00	22466.80
1951.00	22436.38
1952.00	22555.74
1953.00	22483.19
1954.00	22260.84
1955.00	22279.56
1956.00	22560.42
1957.00	21933.16
1958.00	22127.42
1959.00	21977.63
1960.00	21834.86
1961.00	21621.87
1962.00	21748.26
1963.00	21706.13
1964.00	21521.23
1965.00	21460.37
1966.00	21287.17
1967.00	21191.21
1968.00	21312.92
1969.00	21102.27
1970.00	20854.17
1971.00	20535.86
1972.00	20854.17
1973.00	20776.94
1974.00	20664.59
1975.00	20872.90
1976.00	20868.22
1977.00	20868.22
1978.00	20645.87
1979.00	20388.41
1980.00	20243.29
1981.00	20114.56
1982.00	20119.24
1983.00	20170.74
1984.00	20226.91
1985.00	19894.55
1986.00	19761.14
1987.00	19836.04
1988.00	19819.66
1989.00	19557.52
1990.00	19601.99
1991.00	19456.87
1992.00	19300.06
1993.00	19178.35
1994.00	19379.64
1995.00	19201.76
1996.00	19452.19
1997.00	18782.80
1998.00	18937.27
1999.00	19061.32
2000.00	18668.11
2001.00	18607.26
2002.00	18551.09
2003.00	18300.65
2004.00	18384.91
2005.00	18022.12
2006.00	18064.25
2007.00	17841.90
2008.00	17591.47
2009.00	18073.62
2010.00	17509.55
2011.00	17933.18
2012.00	17905.10
2013.00	18026.81
2014.00	17678.07
2015.00	17703.81
2016.00	17654.66
2017.00	17600.83
2018.00	17483.80
2019.00	17444.01
2020.00	17291.88
2021.00	17371.46
2022.00	17184.21
2023.00	16872.92
2024.00	16830.79
2025.00	16671.64
2026.00	16706.74
2027.00	16734.83
2028.00	16285.45
2029.00	16514.82
2030.00	16606.10
2031.00	16573.33
2032.00	16358.00
2033.00	16498.44
2034.00	16421.20
2035.00	16369.71
2036.00	15948.41
2037.00	15896.92
2038.00	15810.32
2039.00	15925.00
2040.00	15796.28
2041.00	15714.36
2042.00	15634.78
2043.00	15590.31
2044.00	15524.77
2045.00	15459.24
2046.00	15281.36
2047.00	15274.34
