0.00	1074.31
1.00	1074.31
2.00	1074.31
3.00	905.79
4.00	976.00
5.00	959.62
6.00	961.96
7.00	917.49
8.00	952.60
9.00	973.66
10.00	966.64
11.00	926.85
12.00	917.49
13.00	919.83
14.00	903.45
15.00	959.62
16.00	964.30
17.00	994.73
18.00	971.32
19.00	968.98
20.00	978.34
21.00	1008.77
22.00	1029.84
23.00	968.98
24.00	1144.52
25.00	1355.17
26.00	1385.60
27.00	1458.15
28.00	1378.58
29.00	1469.86
30.00	1486.24
31.00	1481.56
32.00	1451.13
33.00	1462.83
34.00	1556.46
35.00	1488.58
36.00	1493.26
37.00	1537.73
38.00	1533.05
39.00	1537.73
40.00	1483.90
41.00	1645.40
42.00	1535.39
43.00	1659.44
44.00	1593.90
45.00	1589.22
46.00	1598.59
47.00	1584.54
48.00	1640.72
49.00	1612.63
50.00	1619.65
51.00	1586.88
52.00	1664.12
53.00	1666.46
54.00	1624.33
55.00	1657.10
56.00	1687.53
57.00	1666.46
58.00	1612.63
59.00	1654.76
60.00	1696.89
61.00	1694.55
62.00	1720.29
63.00	1792.85
64.00	1706.25
65.00	1767.10
66.00	1804.55
67.00	1713.27
68.00	1743.70
69.00	1755.40
70.00	1739.02
71.00	1799.87
72.00	1767.10
73.00	1741.36
74.00	1802.21
75.00	1792.85
76.00	1827.96
77.00	1827.96
78.00	1769.44
79.00	1816.26
80.00	1708.59
81.00	1750.72
82.00	1823.28
83.00	1790.51
84.00	1863.07
85.00	1771.79
86.00	1886.47
87.00	1895.83
88.00	1830.30
89.00	1886.47
90.00	1811.57
91.00	1846.68
92.00	1991.80
93.00	1905.20
94.00	1905.20
95.00	1928.60
96.00	1863.07
97.00	1926.26
98.00	1919.24
99.00	1944.99
100.00	1973.07
101.00	1968.39
102.00	1968.39
103.00	1998.82
104.00	1998.82
105.00	2005.84
106.00	2003.50
107.00	1989.46
108.00	2111.16
109.00	2029.24
110.00	2005.84
111.00	2050.31
112.00	2078.40
113.00	1909.88
114.00	2010.52
115.00	2045.63
116.00	2012.86
117.00	2127.55
118.00	2115.84
119.00	2076.06
120.00	2111.16
121.00	2127.55
122.00	2066.69
123.00	2101.80
124.00	2218.83
125.00	2174.36
126.00	2092.44
127.00	2120.53
128.00	2228.19
129.00	2157.97
130.00	2186.06
131.00	2284.36
132.00	2270.32
133.00	2223.51
134.00	2237.55
135.00	2258.62
136.00	2242.23
137.00	2157.97
138.00	2263.30
139.00	2375.64
140.00	2326.49
141.00	2333.51
142.00	2218.83
143.00	2303.09
144.00	2368.62
145.00	2204.78
146.00	2321.81
147.00	2314.79
148.00	2310.11
149.00	2427.14
150.00	2382.67
151.00	2431.82
152.00	2403.73
153.00	2373.30
154.00	2436.50
155.00	2408.41
156.00	2506.71
157.00	2429.48
158.00	2462.24
159.00	2509.05
160.00	2487.99
161.00	2539.48
162.00	2527.78
163.00	2576.93
164.00	2541.82
165.00	2562.89
166.00	2590.97
167.00	2553.52
168.00	2544.16
169.00	2736.09
170.00	2649.49
171.00	2567.57
172.00	2710.34
173.00	2546.50
174.00	2712.68
175.00	2661.19
176.00	2719.70
177.00	2740.77
178.00	2789.92
179.00	2647.15
180.00	2719.70
181.00	2792.26
182.00	2764.17
183.00	2818.00
184.00	2757.15
185.00	2792.26
186.00	2864.82
187.00	2876.52
188.00	2853.11
189.00	2965.46
190.00	2883.54
191.00	2815.66
192.00	2841.41
193.00	2888.22
194.00	3002.91
195.00	3045.04
196.00	3005.25
197.00	3049.72
198.00	3068.44
199.00	3082.49
200.00	3080.14
201.00	3096.53
202.00	3021.63
203.00	3110.57
204.00	3094.19
205.00	3206.53
206.00	3148.02
207.00	3314.20
208.00	3206.53
209.00	3274.41
210.00	3272.07
211.00	3243.98
212.00	3281.43
213.00	3225.26
214.00	3185.47
215.00	3234.62
216.00	3403.14
217.00	3251.00
218.00	3396.12
219.00	3281.43
220.00	3337.60
221.00	3419.52
222.00	3424.20
223.00	3555.27
224.00	3557.61
225.00	3529.53
226.00	3602.08
227.00	3630.17
228.00	3623.15
229.00	3709.75
230.00	3681.66
231.00	3730.81
232.00	3564.64
233.00	3590.38
234.00	3651.24
235.00	3651.24
236.00	3850.18
237.00	3857.20
238.00	3754.22
239.00	3833.80
240.00	3936.78
241.00	3932.10
242.00	4056.15
243.00	3882.95
244.00	3918.06
245.00	4131.05
246.00	4077.21
247.00	4072.53
248.00	4117.00
249.00	3997.64
250.00	4081.89
251.00	4131.05
252.00	4278.50
253.00	4250.41
254.00	4224.67
255.00	4304.25
256.00	4386.16
257.00	4360.42
258.00	4430.63
259.00	4425.95
260.00	4430.63
261.00	4477.44
262.00	4573.41
263.00	4514.89
264.00	4503.19
265.00	4482.13
266.00	4676.39
267.00	4552.34
268.00	4681.07
269.00	4533.62
270.00	4741.93
271.00	4828.53
272.00	4655.33
273.00	4903.42
274.00	4908.10
275.00	4978.32
276.00	4978.32
277.00	4865.97
278.00	4875.34
279.00	4924.49
280.00	5029.81
281.00	4950.23
282.00	5043.85
283.00	5144.50
284.00	5071.94
285.00	5193.65
286.00	5146.84
287.00	5184.29
288.00	5078.96
289.00	5137.48
290.00	5151.52
291.00	4999.38
292.00	5160.88
293.00	5203.01
294.00	5273.23
295.00	5291.95
296.00	5280.25
297.00	5359.83
298.00	5324.72
299.00	5245.14
300.00	5203.01
301.00	5350.46
302.00	5025.13
303.00	5287.27
304.00	5336.42
305.00	5280.25
306.00	5313.02
307.00	5254.50
308.00	5294.29
309.00	5221.74
310.00	5242.80
311.00	5444.09
312.00	5369.19
313.00	5397.28
314.00	5296.63
315.00	5483.88
316.00	5465.15
317.00	5448.77
318.00	5305.99
319.00	5614.95
320.00	5366.85
321.00	5416.00
322.00	5497.92
323.00	5516.64
324.00	5755.38
325.00	5537.71
326.00	5558.77
327.00	5617.29
328.00	5544.73
329.00	5514.30
330.00	5802.19
331.00	5771.76
332.00	5605.58
333.00	5500.26
334.00	5724.95
335.00	5799.85
336.00	5818.57
337.00	5841.98
338.00	5816.23
339.00	5877.09
340.00	5827.93
341.00	5984.75
342.00	6061.99
343.00	5921.56
344.00	6033.90
345.00	6078.37
346.00	6057.31
347.00	6069.01
348.00	6031.56
349.00	6150.93
350.00	6069.01
351.00	5937.94
352.00	6258.59
353.00	6293.70
354.00	6143.91
355.00	6207.10
356.00	6335.83
357.00	6410.73
358.00	6179.01
359.00	6300.72
360.00	6452.86
361.00	6370.94
362.00	6396.68
363.00	6621.38
364.00	6527.75
365.00	6471.58
366.00	6375.62
367.00	6682.23
368.00	6703.29
369.00	6642.44
370.00	6399.02
371.00	6668.19
372.00	6649.46
373.00	6576.91
374.00	6789.89
375.00	6803.94
376.00	6747.76
377.00	6726.70
378.00	6647.12
379.00	6925.65
380.00	7026.29
381.00	6920.96
382.00	7045.01
383.00	7108.21
384.00	6977.14
385.00	7220.55
386.00	7197.15
387.00	7103.53
388.00	7243.96
389.00	7241.62
390.00	7274.38
391.00	7552.91
392.00	7459.29
393.00	7470.99
394.00	7655.89
395.00	7606.74
396.00	7620.78
397.00	7866.54
398.00	7702.70
399.00	7796.32
400.00	7932.08
401.00	7878.24
402.00	7691.00
403.00	7747.17
404.00	8056.12
405.00	8021.02
406.00	8112.30
407.00	8175.49
408.00	7695.68
409.00	7620.78
410.00	7843.14
411.00	7999.95
412.00	8196.56
413.00	8124.00
414.00	8112.30
415.00	8152.09
416.00	7971.86
417.00	7875.90
418.00	8016.33
419.00	8013.99
420.00	7971.86
421.00	8135.70
422.00	8226.98
423.00	8006.97
424.00	7974.21
425.00	8016.33
426.00	8147.40
427.00	7948.46
428.00	7999.95
429.00	8212.94
430.00	8362.73
431.00	8231.66
432.00	8180.17
433.00	8205.92
434.00	8425.93
435.00	8505.51
436.00	8365.07
437.00	8053.78
438.00	8292.52
439.00	8404.86
440.00	8383.80
441.00	8652.96
442.00	8762.97
443.00	8542.96
444.00	8549.98
445.00	8475.08
446.00	8652.96
447.00	8561.68
448.00	8547.64
449.00	8695.09
450.00	8664.66
451.00	8702.11
452.00	8751.26
453.00	8872.97
454.00	8702.11
455.00	8629.56
456.00	8720.84
457.00	8905.74
458.00	9193.62
459.00	8901.06
460.00	8613.17
461.00	8912.76
462.00	8826.16
463.00	8898.72
464.00	8926.80
465.00	9163.20
466.00	9062.55
467.00	8943.19
468.00	9163.20
469.00	9277.88
470.00	9214.69
471.00	9200.65
472.00	9231.07
473.00	9324.69
474.00	9397.25
475.00	9338.74
476.00	9418.32
477.00	9509.60
478.00	9626.62
479.00	9542.36
480.00	9767.06
481.00	9736.63
482.00	9811.53
483.00	9858.34
484.00	9621.94
485.00	9764.72
486.00	9753.01
487.00	9858.34
488.00	10057.28
489.00	9825.57
490.00	9722.59
491.00	9827.91
492.00	9996.43
493.00	9893.44
494.00	9804.50
495.00	10188.35
496.00	10171.97
497.00	9738.97
498.00	9921.53
499.00	10244.52
500.00	10260.91
501.00	10422.41
502.00	10218.78
503.00	10157.92
504.00	10078.35
505.00	10452.83
506.00	10324.10
507.00	10558.16
508.00	10565.18
509.00	10214.10
510.00	10391.98
511.00	10576.88
512.00	10270.27
513.00	10569.86
514.00	10679.86
515.00	10609.65
516.00	10565.18
517.00	10459.85
518.00	10523.05
519.00	10712.63
520.00	10450.49
521.00	10897.53
522.00	10691.57
523.00	10726.68
524.00	10780.51
525.00	10902.22
526.00	11054.35
527.00	10764.12
528.00	10848.38
529.00	11075.42
530.00	11133.93
531.00	10995.84
532.00	10853.06
533.00	11066.05
534.00	11080.10
535.00	10913.92
536.00	11236.91
537.00	11068.39
538.00	11206.48
539.00	11400.75
540.00	11082.44
541.00	11005.20
542.00	11302.45
543.00	11342.24
544.00	11218.19
545.00	11492.03
546.00	11463.94
547.00	11297.77
548.00	11372.66
549.00	11868.86
550.00	11524.80
551.00	11609.06
552.00	11545.86
553.00	11737.79
554.00	11885.24
555.00	11662.89
556.00	11784.60
557.00	11803.32
558.00	11892.26
559.00	11918.01
560.00	11791.62
561.00	12135.68
562.00	12339.30
563.00	12114.61
564.00	12196.53
565.00	12198.87
566.00	12313.56
567.00	12552.29
568.00	12187.17
569.00	12556.97
570.00	12400.16
571.00	12353.35
572.00	12877.63
573.00	12739.54
574.00	12830.82
575.00	12746.56
576.00	12985.29
577.00	13156.15
578.00	12938.48
579.00	13029.76
580.00	12973.59
581.00	13345.73
582.00	13315.31
583.00	13301.26
584.00	13547.02
585.00	13664.05
586.00	14031.51
587.00	13797.46
588.00	13703.84
589.00	13954.27
590.00	14090.02
591.00	14061.94
592.00	13980.02
593.00	14160.24
594.00	14670.48
595.00	14260.88
596.00	14782.82
597.00	14843.68
598.00	14714.95
599.00	14920.92
600.00	15080.07
601.00	15318.81
602.00	15173.69
603.00	15171.35
604.00	15382.00
605.00	15293.06
606.00	16161.40
607.00	15433.49
608.00	15868.83
609.00	16088.84
610.00	15861.81
611.00	15992.88
612.00	16140.33
613.00	16184.80
614.00	16484.39
615.00	16858.88
616.00	16929.09
617.00	16840.15
618.00	16882.28
619.00	17179.53
620.00	17156.13
621.00	17245.07
622.00	17338.69
623.00	17572.74
624.00	17795.09
625.00	17554.02
626.00	17661.68
627.00	17972.97
628.00	17699.13
629.00	18338.10
630.00	18644.71
631.00	18956.00
632.00	18530.02
633.00	18909.19
634.00	18831.95
635.00	19084.73
636.00	18956.00
637.00	19220.48
638.00	19861.79
639.00	19501.34
640.00	19840.72
641.00	19737.74
642.00	19946.05
643.00	19903.92
644.00	20404.79
645.00	20601.40
646.00	20269.04
647.00	20592.03
648.00	20947.79
649.00	21062.48
650.00	21600.80
651.00	21640.59
652.00	21507.18
653.00	21991.67
654.00	21654.64
655.00	22094.66
656.00	22429.35
657.00	21998.70
658.00	22487.87
659.00	22434.03
660.00	22927.89
661.00	22728.94
662.00	22794.48
663.00	23419.40
664.00	23384.29
665.00	23433.44
666.00	23489.62
667.00	23831.33
668.00	23873.46
669.00	23796.23
670.00	24037.30
671.00	24114.54
672.00	24521.79
673.00	24718.40
674.00	24680.95
675.00	24706.70
676.00	24697.33
677.00	24727.76
678.00	25249.70
679.00	25032.03
680.00	25252.04
681.00	25329.28
682.00	25462.69
683.00	25607.80
684.00	26022.08
685.00	26324.01
686.00	26047.82
687.00	26588.49
688.00	26740.62
689.00	26513.59
690.00	26426.99
691.00	26625.93
692.00	26948.93
693.00	26616.57
694.00	27103.40
695.00	27328.10
696.00	27461.51
697.00	27990.47
698.00	27782.16
699.00	28182.39
700.00	28093.45
701.00	28435.17
702.00	28371.97
703.00	28374.31
704.00	28395.38
705.00	29008.60
706.00	28486.66
707.00	29373.72
708.00	28992.22
709.00	29682.67
710.00	29575.01
711.00	29001.58
712.00	29708.42
713.00	29516.50
714.00	29432.24
715.00	29605.44
716.00	29844.17
717.00	29940.13
718.00	30232.70
719.00	29963.54
720.00	30274.83
721.00	30632.93
722.00	30616.55
723.00	30487.82
724.00	30911.46
725.00	30911.46
726.00	31082.31
727.00	30792.09
728.00	30941.88
729.00	31051.89
730.00	31253.17
731.00	31393.61
732.00	31456.80
733.00	31487.23
734.00	31372.54
735.00	32034.91
736.00	31601.91
737.00	31644.04
738.00	31915.54
739.00	32369.61
740.00	31964.70
741.00	32032.57
742.00	32201.09
743.00	31988.10
744.00	32460.89
745.00	33034.32
746.00	33137.30
747.00	33219.22
748.00	33137.30
749.00	32868.14
750.00	33095.18
751.00	33195.82
752.00	33024.96
753.00	33354.97
754.00	33240.29
755.00	33457.96
756.00	33413.49
757.00	34080.54
758.00	33715.42
759.00	33724.78
760.00	33848.83
761.00	34209.27
762.00	34429.28
763.00	33834.78
764.00	34429.28
765.00	34117.99
766.00	34181.18
767.00	34471.41
768.00	34843.56
769.00	34817.81
770.00	34579.07
771.00	35400.60
772.00	34913.77
773.00	35047.18
774.00	35037.82
775.00	35316.34
776.00	35105.70
777.00	35737.64
778.00	35648.70
779.00	35772.75
780.00	35519.97
781.00	35470.82
782.00	35655.72
783.00	36119.15
784.00	35892.12
785.00	36435.12
786.00	36348.52
787.00	36318.09
788.00	36521.72
789.00	36690.24
790.00	36524.06
791.00	36549.81
792.00	36746.41
793.00	36748.75
794.00	36676.19
795.00	36971.10
796.00	36893.86
797.00	37081.11
798.00	37041.32
799.00	37397.08
800.00	37308.14
801.00	37923.70
802.00	37347.93
803.00	37734.12
804.00	37638.15
805.00	37605.39
806.00	38064.13
807.00	38082.86
808.00	37776.25
809.00	38110.94
810.00	38696.08
811.00	38038.39
812.00	38309.89
813.00	38368.40
814.00	38129.67
815.00	38164.78
816.00	38644.59
817.00	38487.77
818.00	38824.81
819.00	38623.52
820.00	38953.54
821.00	38710.12
822.00	38693.74
823.00	38581.39
824.00	39122.05
825.00	39175.89
826.00	39117.37
827.00	39157.16
828.00	39159.50
829.00	39072.90
830.00	39548.03
831.00	39210.99
832.00	39494.20
833.00	39981.03
834.00	39517.60
835.00	40044.23
836.00	40032.52
837.00	40081.67
838.00	39812.51
839.00	39845.28
840.00	39871.03
841.00	39899.11
842.00	40458.50
843.00	40662.13
844.00	40671.49
845.00	40385.94
846.00	40493.61
847.00	40732.34
848.00	40299.34
849.00	40921.93
850.00	41331.52
851.00	41434.50
852.00	41289.39
853.00	40687.87
854.00	41378.33
855.00	40989.80
856.00	40870.43
857.00	41352.58
858.00	41649.83
859.00	41551.53
860.00	41904.95
861.00	41839.42
862.00	41521.10
863.00	41982.19
864.00	42010.28
865.00	42087.51
866.00	42307.52
867.00	42043.04
868.00	42052.41
869.00	42181.13
870.00	42684.35
871.00	41879.21
872.00	42197.52
873.00	41813.67
874.00	42288.80
875.00	42279.44
876.00	42630.52
877.00	42712.44
878.00	42749.88
879.00	42344.97
880.00	42593.07
881.00	42466.68
882.00	42677.33
883.00	42590.73
884.00	43189.91
885.00	42813.08
886.00	42693.71
887.00	43386.51
888.00	43037.77
889.00	42443.27
890.00	43388.85
891.00	42845.85
892.00	43267.14
893.00	43414.60
894.00	43833.55
895.00	43182.88
896.00	43489.49
897.00	43124.37
898.00	43311.61
899.00	43269.48
900.00	43590.14
901.00	43847.60
902.00	43702.48
903.00	43674.40
904.00	43618.22
905.00	43838.23
906.00	43871.00
907.00	43391.19
908.00	44224.42
909.00	44091.01
910.00	44561.46
911.00	44463.16
912.00	44376.56
913.00	43959.94
914.00	44278.25
915.00	44233.78
916.00	44453.79
917.00	44807.22
918.00	44603.59
919.00	44708.91
920.00	44252.51
921.00	44844.66
922.00	44931.26
923.00	44662.10
924.00	44610.61
925.00	44980.42
926.00	44465.50
927.00	45233.19
928.00	45429.80
929.00	45099.78
930.00	44610.61
931.00	44694.87
932.00	44879.77
933.00	45045.95
934.00	44704.23
935.00	45394.69
936.00	45549.17
937.00	45858.12
938.00	45731.73
939.00	45394.69
940.00	45301.07
941.00	45560.87
942.00	45411.07
943.00	45078.72
944.00	45766.84
945.00	45408.73
946.00	45858.12
947.00	45853.44
948.00	45668.53
949.00	46272.39
950.00	46167.07
951.00	45811.31
952.00	45727.05
953.00	46085.15
954.00	45940.04
955.00	46033.66
956.00	45977.48
957.00	46677.30
958.00	46075.79
959.00	46337.93
960.00	46103.87
961.00	45806.62
962.00	46356.65
963.00	46349.63
964.00	46021.95
965.00	46890.29
966.00	46719.43
967.00	47044.77
968.00	46983.91
969.00	46827.10
970.00	46487.72
971.00	47334.99
972.00	46859.87
973.00	47187.54
974.00	46873.91
975.00	47077.54
976.00	47547.98
977.00	46799.01
978.00	47360.74
979.00	46920.72
980.00	47098.60
981.00	47089.24
982.00	47505.85
983.00	47470.75
984.00	47508.19
985.00	47515.22
986.00	47667.35
987.00	47131.37
988.00	46838.80
989.00	47164.14
990.00	47096.26
991.00	47239.03
992.00	47583.09
993.00	47505.85
994.00	47966.94
995.00	47892.04
996.00	47594.79
997.00	47978.64
998.00	48079.28
999.00	47737.57
1000.00	48215.04
1001.00	48336.74
1002.00	48289.93
1003.00	48196.31
1004.00	48296.95
1005.00	47889.70
1006.00	47707.14
1007.00	47948.21
1008.00	48226.74
1009.00	47859.27
1010.00	48074.60
1011.00	48198.65
1012.00	48257.17
1013.00	48346.11
1014.00	47964.60
1015.00	48224.40
1016.00	48325.04
1017.00	48048.86
1018.00	48083.97
1019.00	48549.73
1020.00	48542.71
1021.00	48500.58
1022.00	48814.21
1023.00	48367.17
1024.00	48786.13
1025.00	48636.33
1026.00	48591.86
1027.00	48872.73
1028.00	48884.43
1029.00	48727.61
1030.00	48732.29
1031.00	49188.70
1032.00	49240.19
1033.00	49364.24
1034.00	48842.30
1035.00	48694.85
1036.00	48669.10
1037.00	48746.34
1038.00	48741.66
1039.00	49069.33
1040.00	49076.35
1041.00	49155.93
1042.00	49312.75
1043.00	48739.32
1044.00	49003.80
1045.00	49071.67
1046.00	49397.01
1047.00	49186.36
1048.00	49081.03
1049.00	49406.37
1050.00	48933.58
1051.00	49366.58
1052.00	49499.99
1053.00	49228.49
1054.00	49598.29
1055.00	48961.67
1056.00	49167.63
1057.00	49172.31
1058.00	49071.67
1059.00	49914.26
1060.00	49815.96
1061.00	49813.62
1062.00	49530.42
1063.00	49404.03
1064.00	49237.85
1065.00	49312.75
1066.00	49258.91
1067.00	49668.51
1068.00	49808.94
1069.00	50012.57
1070.00	49570.21
1071.00	49628.72
1072.00	49759.79
1073.00	49523.40
1074.00	49853.41
1075.00	49858.09
1076.00	49635.74
1077.00	49759.79
1078.00	49773.83
1079.00	49932.99
1080.00	49705.96
1081.00	49958.73
1082.00	49902.56
1083.00	49397.01
1084.00	49560.84
1085.00	49769.15
1086.00	49586.59
1087.00	49638.08
1088.00	50405.78
1089.00	49858.09
1090.00	50412.80
1091.00	50003.20
1092.00	49951.71
1093.00	49532.76
1094.00	49804.26
1095.00	49607.65
1096.00	50050.02
1097.00	50195.13
1098.00	49605.31
1099.00	50220.87
1100.00	50384.71
1101.00	49923.63
1102.00	50113.21
1103.00	50202.15
1104.00	49745.75
1105.00	49734.04
1106.00	49698.94
1107.00	49610.00
1108.00	49874.48
1109.00	50391.73
1110.00	50260.66
1111.00	50403.44
1112.00	50230.24
1113.00	50532.17
1114.00	50050.02
1115.00	49867.45
1116.00	49708.30
1117.00	50225.56
1118.00	50220.87
1119.00	49841.71
1120.00	50059.38
1121.00	50075.76
1122.00	50190.45
1123.00	50251.30
1124.00	50057.04
1125.00	49895.54
1126.00	49731.70
1127.00	50045.33
1128.00	50040.65
1129.00	50223.22
1130.00	50134.28
1131.00	50239.60
1132.00	50014.91
1133.00	49729.36
1134.00	50361.31
1135.00	50050.02
1136.00	50192.79
1137.00	50251.30
1138.00	49745.75
1139.00	49773.83
1140.00	50263.00
1141.00	50263.00
1142.00	50511.10
1143.00	50124.91
1144.00	50567.27
1145.00	50218.53
1146.00	50129.59
1147.00	50005.55
1148.00	50085.12
1149.00	49642.76
1150.00	50216.19
1151.00	49851.07
1152.00	50176.40
1153.00	50508.76
1154.00	50087.46
1155.00	50199.81
1156.00	50351.94
1157.00	49907.24
1158.00	50260.66
1159.00	50258.32
1160.00	50302.79
1161.00	50101.51
1162.00	50241.94
1163.00	50473.65
1164.00	50286.41
1165.00	50522.80
1166.00	50597.70
1167.00	49984.48
1168.00	50286.41
1169.00	50141.30
1170.00	49834.69
1171.00	50244.28
1172.00	50101.51
1173.00	50136.62
1174.00	50527.48
1175.00	50157.68
1176.00	50145.98
1177.00	49907.24
1178.00	49956.39
1179.00	49738.72
1180.00	49968.10
1181.00	50162.36
1182.00	50160.02
1183.00	49996.18
1184.00	50365.99
1185.00	50614.08
1186.00	50307.47
1187.00	50382.37
1188.00	50440.89
1189.00	50424.50
1190.00	50115.55
1191.00	50169.38
1192.00	50349.60
1193.00	49954.05
1194.00	49958.73
1195.00	50223.22
1196.00	50600.04
1197.00	50302.79
1198.00	50232.58
1199.00	50000.86
1200.00	50272.37
1201.00	49914.26
1202.00	49935.33
1203.00	49762.13
1204.00	50131.93
1205.00	50464.29
1206.00	50511.10
1207.00	50190.45
1208.00	50087.46
1209.00	50169.38
1210.00	49879.16
1211.00	50157.68
1212.00	49893.20
1213.00	50050.02
1214.00	49895.54
1215.00	49638.08
1216.00	50195.13
1217.00	50202.15
1218.00	50270.03
1219.00	50150.66
1220.00	50326.20
1221.00	50033.63
1222.00	49830.01
1223.00	50117.89
1224.00	49977.46
1225.00	50124.91
1226.00	49902.56
1227.00	49984.48
1228.00	50382.37
1229.00	50028.95
1230.00	50394.07
1231.00	50127.25
1232.00	50211.51
1233.00	50094.49
1234.00	50038.31
1235.00	49689.57
1236.00	49619.36
1237.00	49942.35
1238.00	49951.71
1239.00	50169.38
1240.00	50267.69
1241.00	50801.33
1242.00	50071.08
1243.00	50241.94
1244.00	50270.03
1245.00	50344.92
1246.00	49741.06
1247.00	49977.46
1248.00	50129.59
1249.00	49289.34
1250.00	50265.34
1251.00	50356.63
1252.00	50265.34
1253.00	50679.62
1254.00	50293.43
1255.00	50578.98
1256.00	50520.46
1257.00	50244.28
1258.00	50342.58
1259.00	50277.05
1260.00	50026.61
1261.00	50122.57
1262.00	50351.94
1263.00	50286.41
1264.00	50953.46
1265.00	50401.10
1266.00	50759.20
1267.00	50614.08
1268.00	50595.36
1269.00	50267.69
1270.00	50241.94
1271.00	49806.60
1272.00	49968.10
1273.00	49991.50
1274.00	50543.87
1275.00	50586.00
1276.00	50808.35
1277.00	50270.03
1278.00	50445.57
1279.00	50616.43
1280.00	50569.61
1281.00	50335.56
1282.00	50330.88
1283.00	50094.49
1284.00	50017.25
1285.00	49780.85
1286.00	50387.05
1287.00	50487.70
1288.00	50267.69
1289.00	50281.73
1290.00	50387.05
1291.00	50188.11
1292.00	50363.65
1293.00	50384.71
1294.00	50031.29
1295.00	49975.12
1296.00	49696.59
1297.00	50202.15
1298.00	50328.54
1299.00	50225.56
1300.00	50382.37
1301.00	50541.53
1302.00	50459.61
1303.00	50454.93
1304.00	50106.19
1305.00	50148.32
1306.00	50010.23
1307.00	49944.69
1308.00	50003.20
1309.00	50457.27
1310.00	50504.08
1311.00	50457.27
1312.00	50475.99
1313.00	50550.89
1314.00	50279.39
1315.00	50206.83
1316.00	49956.39
1317.00	50108.53
1318.00	50071.08
1319.00	50134.28
1320.00	50382.37
1321.00	50038.31
1322.00	50347.26
1323.00	50302.79
1324.00	50394.07
1325.00	50997.93
1326.00	50103.85
1327.00	50351.94
1328.00	50333.22
1329.00	49785.54
1330.00	50349.60
1331.00	50190.45
1332.00	50319.18
1333.00	49975.12
1334.00	50279.39
1335.00	50632.81
1336.00	49907.24
1337.00	50321.52
1338.00	50593.02
1339.00	50197.47
1340.00	50160.02
1341.00	49954.05
1342.00	49790.22
1343.00	49792.56
1344.00	49961.08
1345.00	49907.24
1346.00	50298.11
1347.00	50319.18
1348.00	50415.14
1349.00	49895.54
1350.00	50321.52
1351.00	50263.00
1352.00	50183.43
1353.00	49684.89
1354.00	50040.65
1355.00	49659.15
1356.00	50071.08
1357.00	49904.90
1358.00	50150.66
1359.00	49972.78
1360.00	50499.40
1361.00	49888.52
1362.00	50389.39
1363.00	49797.24
1364.00	49640.42
1365.00	49602.97
1366.00	50033.63
1367.00	49605.31
1368.00	49429.77
1369.00	49453.18
1370.00	49361.90
1371.00	49729.36
1372.00	49675.53
1373.00	49612.34
1374.00	49895.54
1375.00	49659.15
1376.00	49708.30
1377.00	49572.55
1378.00	49331.47
1379.00	49649.78
1380.00	49921.29
1381.00	49165.29
1382.00	49492.97
1383.00	49385.30
1384.00	49130.19
1385.00	49586.59
1386.00	49382.96
1387.00	49310.41
1388.00	49074.01
1389.00	49385.30
1390.00	49237.85
1391.00	49162.95
1392.00	49055.29
1393.00	49397.01
1394.00	48783.79
1395.00	48919.54
1396.00	49361.90
1397.00	49059.97
1398.00	49083.37
1399.00	49787.88
1400.00	49036.56
1401.00	49680.21
1402.00	48842.30
1403.00	48832.94
1404.00	48835.28
1405.00	48947.62
1406.00	48704.21
1407.00	48811.87
1408.00	48982.73
1409.00	49434.45
1410.00	48928.90
1411.00	49207.42
1412.00	49001.46
1413.00	48694.85
1414.00	49130.19
1415.00	48811.87
1416.00	48954.64
1417.00	48783.79
1418.00	48320.36
1419.00	48678.46
1420.00	48552.07
1421.00	48765.06
1422.00	48781.45
1423.00	48898.47
1424.00	48582.50
1425.00	48516.96
1426.00	48460.79
1427.00	48495.90
1428.00	48725.27
1429.00	48037.16
1430.00	48243.12
1431.00	48320.36
1432.00	48098.01
1433.00	48648.03
1434.00	47803.10
1435.00	48385.89
1436.00	48734.63
1437.00	48308.66
1438.00	48505.26
1439.00	48486.54
1440.00	47882.68
1441.00	48437.39
1442.00	47964.60
1443.00	47980.98
1444.00	47796.08
1445.00	47700.12
1446.00	47592.45
1447.00	47636.92
1448.00	47672.03
1449.00	47580.75
1450.00	47697.78
1451.00	48079.28
1452.00	47964.60
1453.00	48114.39
1454.00	47980.98
1455.00	47625.22
1456.00	47753.95
1457.00	47220.31
1458.00	47615.86
1459.00	47634.58
1460.00	47482.45
1461.00	47498.83
1462.00	47262.44
1463.00	47496.49
1464.00	47760.97
1465.00	47959.92
1466.00	47442.66
1467.00	47402.87
1468.00	47316.27
1469.00	47026.04
1470.00	47452.02
1471.00	46841.14
1472.00	46894.97
1473.00	47065.83
1474.00	46948.81
1475.00	47250.74
1476.00	47365.42
1477.00	47180.52
1478.00	47416.91
1479.00	47487.13
1480.00	47086.90
1481.00	46848.16
1482.00	47267.12
1483.00	47054.13
1484.00	46859.87
1485.00	46277.07
1486.00	46614.11
1487.00	46429.21
1488.00	46300.48
1489.00	46890.29
1490.00	46644.54
1491.00	46445.59
1492.00	46803.69
1493.00	46679.64
1494.00	46389.42
1495.00	46665.60
1496.00	46412.82
1497.00	45806.62
1498.00	46150.68
1499.00	46237.28
1500.00	46305.16
1501.00	46351.97
1502.00	46459.63
1503.00	46525.17
1504.00	46246.65
1505.00	46354.31
1506.00	46391.76
1507.00	45874.50
1508.00	46220.90
1509.00	45984.51
1510.00	45872.16
1511.00	46457.29
1512.00	45361.92
1513.00	46038.34
1514.00	45954.08
1515.00	45977.48
1516.00	45778.54
1517.00	45387.67
1518.00	45544.48
1519.00	45862.80
1520.00	45944.72
1521.00	45715.34
1522.00	45792.58
1523.00	45556.19
1524.00	45460.23
1525.00	44879.77
1526.00	45626.40
1527.00	45315.11
1528.00	45476.61
1529.00	45371.28
1530.00	45373.63
1531.00	45256.60
1532.00	44942.97
1533.00	45640.45
1534.00	45532.78
1535.00	45097.44
1536.00	45411.07
1537.00	45310.43
1538.00	44584.86
1539.00	44926.58
1540.00	45001.48
1541.00	45165.32
1542.00	44919.56
1543.00	44753.38
1544.00	44673.81
1545.00	44832.96
1546.00	45420.44
1547.00	45270.64
1548.00	44870.41
1549.00	45170.00
1550.00	44809.56
1551.00	44945.31
1552.00	44528.69
1553.00	44467.84
1554.00	44818.92
1555.00	44605.93
1556.00	44582.52
1557.00	44458.48
1558.00	44282.94
1559.00	44545.08
1560.00	45017.86
1561.00	44610.61
1562.00	44430.39
1563.00	44524.01
1564.00	44406.98
1565.00	44343.79
1566.00	43821.85
1567.00	44044.20
1568.00	44474.86
1569.00	44203.36
1570.00	43730.57
1571.00	44027.82
1572.00	44411.67
1573.00	43957.60
1574.00	44306.34
1575.00	44107.40
1576.00	44039.52
1577.00	43934.20
1578.00	44245.49
1579.00	44091.01
1580.00	43337.36
1581.00	43711.84
1582.00	43824.19
1583.00	43777.38
1584.00	43629.93
1585.00	43391.19
1586.00	43632.27
1587.00	43227.35
1588.00	43356.08
1589.00	43920.15
1590.00	43693.12
1591.00	43927.17
1592.00	43274.16
1593.00	43555.03
1594.00	43299.91
1595.00	43667.37
1596.00	43044.79
1597.00	43093.94
1598.00	42670.31
1599.00	43208.63
1600.00	42897.34
1601.00	43189.91
1602.00	43171.18
1603.00	43292.89
1604.00	42885.64
1605.00	43033.09
1606.00	43117.35
1607.00	42979.26
1608.00	43423.96
1609.00	43021.39
1610.00	42866.91
1611.00	42408.17
1612.00	42850.53
1613.00	43070.54
1614.00	42478.38
1615.00	42422.21
1616.00	42300.50
1617.00	42880.95
1618.00	42490.09
1619.00	42747.54
1620.00	42539.24
1621.00	42665.63
1622.00	42831.80
1623.00	42902.02
1624.00	42356.67
1625.00	42068.79
1626.00	42326.25
1627.00	42450.30
1628.00	42036.02
1629.00	42019.64
1630.00	42246.67
1631.00	41696.64
1632.00	42155.39
1633.00	41874.52
1634.00	42602.43
1635.00	42344.97
1636.00	42703.07
1637.00	42281.78
1638.00	42061.77
1639.00	41462.59
1640.00	42021.98
1641.00	41916.65
1642.00	41684.94
1643.00	41537.49
1644.00	41792.61
1645.00	41390.03
1646.00	41469.61
1647.00	41806.65
1648.00	41841.76
1649.00	42169.43
1650.00	41858.14
1651.00	41940.06
1652.00	41970.49
1653.00	42038.36
1654.00	41701.32
1655.00	41593.66
1656.00	41654.51
1657.00	41303.43
1658.00	41247.26
1659.00	41296.41
1660.00	41165.34
1661.00	41258.96
1662.00	41261.30
1663.00	41062.36
1664.00	41228.54
1665.00	41258.96
1666.00	41284.71
1667.00	41193.43
1668.00	41336.20
1669.00	40847.03
1670.00	41160.66
1671.00	40753.41
1672.00	41088.10
1673.00	40507.65
1674.00	41031.93
1675.00	40961.72
1676.00	40790.86
1677.00	40893.84
1678.00	40795.54
1679.00	40676.17
1680.00	40521.69
1681.00	41153.64
1682.00	40465.52
1683.00	40844.69
1684.00	40818.94
1685.00	40584.89
1686.00	40341.47
1687.00	40687.87
1688.00	40079.33
1689.00	40851.71
1690.00	40446.80
1691.00	40297.00
1692.00	40322.75
1693.00	40411.69
1694.00	40165.93
1695.00	40030.18
1696.00	40481.91
1697.00	40327.43
1698.00	40371.90
1699.00	40392.97
1700.00	39777.40
1701.00	40191.68
1702.00	39786.77
1703.00	39887.41
1704.00	40177.64
1705.00	39782.09
1706.00	39615.91
1707.00	39543.35
1708.00	39648.68
1709.00	39768.04
1710.00	39461.43
1711.00	39695.49
1712.00	39569.10
1713.00	39573.78
1714.00	39557.39
1715.00	39725.91
1716.00	39658.04
1717.00	39281.21
1718.00	39166.52
1719.00	39384.19
1720.00	38888.00
1721.00	39056.52
1722.00	38909.07
1723.00	38794.38
1724.00	38691.40
1725.00	38845.87
1726.00	38642.24
1727.00	38593.09
1728.00	38960.56
1729.00	38595.43
1730.00	38689.06
1731.00	38890.34
1732.00	39133.76
1733.00	38410.53
1734.00	38401.17
1735.00	38450.32
1736.00	38199.88
1737.00	37773.91
1738.00	38155.41
1739.00	37844.12
1740.00	38019.66
1741.00	37975.19
1742.00	38190.52
1743.00	37947.11
1744.00	37914.34
1745.00	38089.88
1746.00	37500.06
1747.00	38312.23
1748.00	37612.41
1749.00	37834.76
1750.00	37912.00
1751.00	37897.95
1752.00	37699.01
1753.00	37109.19
1754.00	37574.96
1755.00	37249.63
1756.00	37399.42
1757.00	37308.14
1758.00	37172.39
1759.00	37137.28
1760.00	37195.79
1761.00	37294.10
1762.00	37144.30
1763.00	37048.34
1764.00	37043.66
1765.00	37216.86
1766.00	37050.68
1767.00	36378.95
1768.00	36493.63
1769.00	36910.25
1770.00	36542.78
1771.00	36240.86
1772.00	36198.73
1773.00	36671.51
1774.00	36510.02
1775.00	36182.34
1776.00	36437.46
1777.00	36390.65
1778.00	35971.69
1779.00	36077.02
1780.00	36287.67
1781.00	36282.98
1782.00	35707.21
1783.00	35896.80
1784.00	35555.08
1785.00	35173.57
1786.00	35440.39
1787.00	35435.71
1788.00	35438.05
1789.00	35667.42
1790.00	35189.95
1791.00	35323.36
1792.00	35206.34
1793.00	34890.37
1794.00	35363.15
1795.00	35555.08
1796.00	35262.51
1797.00	35379.54
1798.00	34869.30
1799.00	34520.56
1800.00	34937.18
1801.00	34670.36
1802.00	34497.16
1803.00	34361.40
1804.00	34134.37
1805.00	34230.33
1806.00	34326.30
1807.00	34391.83
1808.00	34354.38
1809.00	34054.79
1810.00	34513.54
1811.00	34150.76
1812.00	33956.49
1813.00	33900.32
1814.00	33914.36
1815.00	34127.35
1816.00	33621.80
1817.00	33640.52
1818.00	33717.76
1819.00	33642.86
1820.00	33270.72
1821.00	33188.80
1822.00	33443.91
1823.00	33418.17
1824.00	33209.86
1825.00	32924.32
1826.00	33235.61
1827.00	32821.33
1828.00	33099.86
1829.00	32821.33
1830.00	32989.85
1831.00	31828.95
1832.00	32772.18
1833.00	32746.44
1834.00	32570.90
1835.00	32835.38
1836.00	32432.80
1837.00	31814.90
1838.00	31850.01
1839.00	31763.41
1840.00	31971.72
1841.00	31435.74
1842.00	31576.17
1843.00	31835.97
1844.00	31604.25
1845.00	31519.99
1846.00	31339.77
1847.00	31232.11
1848.00	31758.73
1849.00	30925.50
1850.00	30899.75
1851.00	31030.82
1852.00	30747.62
1853.00	30941.88
1854.00	30843.58
1855.00	30347.39
1856.00	30129.72
1857.00	30721.87
1858.00	30267.81
1859.00	30153.12
1860.00	30120.35
1861.00	30029.07
1862.00	29528.20
1863.00	29968.22
1864.00	30136.74
1865.00	30288.87
1866.00	29343.30
1867.00	29633.52
1868.00	29752.89
1869.00	29280.10
1870.00	29450.96
1871.00	29247.33
1872.00	29434.58
1873.00	29308.19
1874.00	29057.75
1875.00	28893.91
1876.00	28800.29
1877.00	28538.15
1878.00	28421.13
1879.00	28327.50
1880.00	28285.37
1881.00	28313.46
1882.00	28444.53
1883.00	28570.92
1884.00	28093.45
1885.00	28236.22
1886.00	27934.29
1887.00	27611.30
1888.00	27910.89
1889.00	27646.41
1890.00	27648.75
1891.00	27358.52
1892.00	27300.01
1893.00	27157.24
1894.00	27089.36
1895.00	26822.54
1896.00	26948.93
1897.00	26829.56
1898.00	27096.38
1899.00	27440.44
1900.00	26923.18
1901.00	26787.43
1902.00	26649.34
1903.00	26483.16
1904.00	26298.26
1905.00	26174.21
1906.00	26075.91
1907.00	25799.73
1908.00	25844.20
1909.00	25998.67
1910.00	25748.23
1911.00	25568.01
1912.00	25397.15
1913.00	25612.48
1914.00	25390.13
1915.00	25727.17
1916.00	25502.48
1917.00	25348.00
1918.00	25462.69
1919.00	25291.83
1920.00	25383.11
1921.00	25474.39
1922.00	25174.80
1923.00	25006.28
1924.00	24636.48
1925.00	24503.07
1926.00	24606.05
1927.00	24592.01
1928.00	24056.03
1929.00	24231.57
1930.00	24180.07
1931.00	24149.65
1932.00	23976.45
1933.00	24215.18
1934.00	24336.89
1935.00	23850.06
1936.00	24187.10
1937.00	23894.53
1938.00	23770.48
1939.00	23894.53
1940.00	23857.08
1941.00	23676.86
1942.00	23571.54
1943.00	23138.54
1944.00	23323.44
1945.00	23084.70
1946.00	22871.72
1947.00	22712.56
1948.00	22560.42
1949.00	22618.94
1950.00	22478.50
1951.00	22546.38
1952.00	22373.18
1953.00	22412.97
1954.00	22682.13
1955.00	22431.69
1956.00	22679.79
1957.00	22221.05
1958.00	21783.37
1959.00	22235.09
1960.00	21813.79
1961.00	21675.70
1962.00	21668.68
1963.00	21343.35
1964.00	21511.86
1965.00	21460.37
1966.00	21675.70
1967.00	20835.45
1968.00	21195.89
1969.00	20952.48
1970.00	20919.71
1971.00	20870.56
1972.00	20950.14
1973.00	20931.41
1974.00	20982.90
1975.00	20830.77
1976.00	20493.73
1977.00	20512.46
1978.00	20629.48
1979.00	20393.09
1980.00	20404.79
1981.00	20032.65
1982.00	20121.59
1983.00	19948.39
1984.00	20107.54
1985.00	19901.58
1986.00	19681.56
1987.00	19332.82
1988.00	19431.13
1989.00	19550.49
1990.00	19337.51
1991.00	19213.46
1992.00	19349.21
1993.00	19044.94
1994.00	19403.04
1995.00	19253.25
1996.00	19103.45
1997.00	19286.01
1998.00	18778.12
1999.00	19082.39
2000.00	18487.89
2001.00	19000.47
2002.00	18977.06
2003.00	18342.78
2004.00	18354.48
2005.00	18253.84
2006.00	18045.53
2007.00	18155.54
2008.00	17785.73
2009.00	17792.75
2010.00	17722.54
2011.00	17832.54
2012.00	18082.98
2013.00	17954.25
2014.00	18207.03
2015.00	17460.40
2016.00	17666.36
2017.00	17589.13
2018.00	17467.42
2019.00	17289.54
2020.00	17226.34
2021.00	16987.61
2022.00	16924.41
2023.00	16727.81
2024.00	16493.76
2025.00	16938.46
2026.00	16500.78
2027.00	16482.05
2028.00	16549.93
2029.00	16554.61
2030.00	16798.02
2031.00	16664.61
2032.00	16350.98
2033.00	16552.27
2034.00	16308.85
2035.00	16500.78
2036.00	16255.02
2037.00	16072.46
2038.00	15997.56
2039.00	16039.69
2040.00	15770.53
2041.00	15857.13
2042.00	15683.93
2043.00	15630.10
2044.00	15597.33
2045.00	15548.18
2046.00	15176.03
2047.00	15477.96
