0.00	1076.65
1.00	1076.65
2.00	1076.65
3.00	947.92
4.00	950.26
5.00	980.68
6.00	933.87
7.00	980.68
8.00	959.62
9.00	954.94
10.00	959.62
11.00	947.92
12.00	952.60
13.00	954.94
14.00	891.74
15.00	950.26
16.00	905.79
17.00	950.26
18.00	926.85
19.00	919.83
20.00	994.73
21.00	971.32
22.00	990.05
23.00	1039.20
24.00	1109.41
25.00	1409.00
26.00	1411.34
27.00	1441.77
28.00	1425.39
29.00	1455.81
30.00	1434.75
31.00	1469.86
32.00	1542.41
33.00	1479.22
34.00	1448.79
35.00	1458.15
36.00	1479.22
37.00	1486.24
38.00	1523.69
39.00	1540.07
40.00	1554.12
41.00	1598.59
42.00	1605.61
43.00	1521.35
44.00	1631.35
45.00	1724.97
46.00	1675.82
47.00	1633.69
48.00	1643.06
49.00	1621.99
50.00	1638.38
51.00	1654.76
52.00	1671.14
53.00	1617.31
54.00	1640.72
55.00	1603.27
56.00	1661.78
57.00	1647.74
58.00	1610.29
59.00	1668.80
60.00	1741.36
61.00	1724.97
62.00	1706.25
63.00	1739.02
64.00	1734.34
65.00	1654.76
66.00	1720.29
67.00	1741.36
68.00	1722.63
69.00	1699.23
70.00	1792.85
71.00	1717.95
72.00	1743.70
73.00	1760.08
74.00	1687.53
75.00	1811.57
76.00	1699.23
77.00	1774.13
78.00	1760.08
79.00	1809.23
80.00	1867.75
81.00	1764.76
82.00	1792.85
83.00	1842.00
84.00	1825.62
85.00	1781.15
86.00	1877.11
87.00	1912.22
88.00	1907.54
89.00	1886.47
90.00	1891.15
91.00	1874.77
92.00	1898.17
93.00	1933.28
94.00	1849.02
95.00	1907.54
96.00	1856.04
97.00	1909.88
98.00	1891.15
99.00	1923.92
100.00	1923.92
101.00	1991.80
102.00	1926.26
103.00	1963.71
104.00	1991.80
105.00	1944.99
106.00	1973.07
107.00	1891.15
108.00	1963.71
109.00	2038.61
110.00	1959.03
111.00	1984.77
112.00	2029.24
113.00	2071.37
114.00	2029.24
115.00	2059.67
116.00	2132.23
117.00	2071.37
118.00	2024.56
119.00	2005.84
120.00	2118.18
121.00	2118.18
122.00	2036.27
123.00	2101.80
124.00	2113.50
125.00	2115.84
126.00	2134.57
127.00	2054.99
128.00	2186.06
129.00	2172.02
130.00	2118.18
131.00	2146.27
132.00	2062.01
133.00	2307.77
134.00	2143.93
135.00	2181.38
136.00	2216.49
137.00	2249.25
138.00	2230.53
139.00	2328.83
140.00	2291.38
141.00	2251.60
142.00	2342.88
143.00	2289.04
144.00	2392.03
145.00	2361.60
146.00	2363.94
147.00	2293.72
148.00	2307.77
149.00	2324.15
150.00	2410.75
151.00	2499.69
152.00	2452.88
153.00	2448.20
154.00	2394.37
155.00	2413.09
156.00	2497.35
157.00	2490.33
158.00	2483.31
159.00	2551.18
160.00	2527.78
161.00	2513.74
162.00	2523.10
163.00	2523.10
164.00	2534.80
165.00	2506.71
166.00	2637.78
167.00	2553.52
168.00	2600.34
169.00	2590.97
170.00	2630.76
171.00	2630.76
172.00	2548.84
173.00	2658.85
174.00	2654.17
175.00	2619.06
176.00	2715.02
177.00	2778.22
178.00	2738.43
179.00	2841.41
180.00	2738.43
181.00	2722.04
182.00	2722.04
183.00	2761.83
184.00	2796.94
185.00	2815.66
186.00	2789.92
187.00	2801.62
188.00	2918.65
189.00	2876.52
190.00	2806.30
191.00	2930.35
192.00	2977.16
193.00	2928.01
194.00	2951.42
195.00	2956.10
196.00	3035.67
197.00	3033.33
198.00	2988.86
199.00	3066.10
200.00	2960.78
201.00	3082.49
202.00	3124.62
203.00	3122.27
204.00	3143.34
205.00	2979.50
206.00	3126.96
207.00	3155.04
208.00	3269.73
209.00	3272.07
210.00	3251.00
211.00	3246.32
212.00	3274.41
213.00	3246.32
214.00	3307.18
215.00	3332.92
216.00	3400.80
217.00	3288.45
218.00	3389.10
219.00	3370.37
220.00	3372.71
221.00	3445.27
222.00	3442.93
223.00	3513.14
224.00	3412.50
225.00	3604.42
226.00	3566.98
227.00	3562.30
228.00	3627.83
229.00	3588.04
230.00	3576.34
231.00	3543.57
232.00	3611.45
233.00	3721.45
234.00	3676.98
235.00	3648.90
236.00	3794.01
237.00	3786.99
238.00	3786.99
239.00	3782.31
240.00	3957.85
241.00	3955.51
242.00	3960.19
243.00	3915.72
244.00	3796.35
245.00	4042.11
246.00	4088.92
247.00	4074.87
248.00	4126.36
249.00	4039.76
250.00	4198.92
251.00	4180.20
252.00	4145.09
253.00	4173.18
254.00	4142.75
255.00	4292.54
256.00	4475.10
257.00	4292.54
258.00	4308.93
259.00	4315.95
260.00	4531.28
261.00	4435.32
262.00	4351.06
263.00	4535.96
264.00	4472.76
265.00	4456.38
266.00	4587.45
267.00	4484.47
268.00	4660.01
269.00	4877.68
270.00	4662.35
271.00	4685.75
272.00	4727.88
273.00	4826.18
274.00	4915.12
275.00	4854.27
276.00	4940.87
277.00	4802.78
278.00	4865.97
279.00	5006.41
280.00	4961.94
281.00	4929.17
282.00	5067.26
283.00	4971.30
284.00	4943.21
285.00	5008.75
286.00	5090.67
287.00	5151.52
288.00	5034.49
289.00	4985.34
290.00	5132.79
291.00	5167.90
292.00	5240.46
293.00	5036.83
294.00	5432.38
295.00	5352.81
296.00	5146.84
297.00	5261.52
298.00	5308.34
299.00	5263.86
300.00	5331.74
301.00	5226.42
302.00	4931.51
303.00	5013.43
304.00	5252.16
305.00	5380.89
306.00	5261.52
307.00	5301.31
308.00	5163.22
309.00	5205.35
310.00	5256.84
311.00	5219.39
312.00	5413.66
313.00	5217.05
314.00	5357.49
315.00	5418.34
316.00	5341.10
317.00	5376.21
318.00	5497.92
319.00	5446.43
320.00	5537.71
321.00	5619.63
322.00	5455.79
323.00	5565.79
324.00	5544.73
325.00	5600.90
326.00	5521.32
327.00	5834.96
328.00	5788.14
329.00	5675.80
330.00	5488.56
331.00	5589.20
332.00	5575.16
333.00	5563.45
334.00	5785.80
335.00	5731.97
336.00	5874.74
337.00	5706.23
338.00	5900.49
339.00	5783.46
340.00	5937.94
341.00	5930.92
342.00	5870.06
343.00	5891.13
344.00	5928.58
345.00	5951.98
346.00	6111.14
347.00	6160.29
348.00	6157.95
349.00	6047.94
350.00	6141.57
351.00	6031.56
352.00	6111.14
353.00	6125.18
354.00	6225.82
355.00	6125.18
356.00	6092.41
357.00	6274.98
358.00	6359.24
359.00	6321.79
360.00	6272.64
361.00	6319.45
362.00	6621.38
363.00	6438.81
364.00	6506.69
365.00	6539.46
366.00	6293.70
367.00	6441.15
368.00	6452.86
369.00	6579.25
370.00	6504.35
371.00	6553.50
372.00	6553.50
373.00	6581.59
374.00	6544.14
375.00	6642.44
376.00	6619.04
377.00	6635.42
378.00	6771.17
379.00	6958.41
380.00	6995.86
381.00	6949.05
382.00	7157.36
383.00	7082.46
384.00	7068.42
385.00	7194.81
386.00	7307.15
387.00	7253.32
388.00	7314.17
389.00	7283.75
390.00	7262.68
391.00	7330.56
392.00	7393.75
393.00	7382.05
394.00	7433.54
395.00	7531.84
396.00	7487.37
397.00	7702.70
398.00	7602.06
399.00	7777.60
400.00	7695.68
401.00	7611.42
402.00	7770.58
403.00	7815.05
404.00	7646.53
405.00	7782.28
406.00	7702.70
407.00	8067.83
408.00	7817.39
409.00	7662.91
410.00	7772.92
411.00	8198.90
412.00	8095.91
413.00	7974.21
414.00	7946.12
415.00	7964.84
416.00	8042.08
417.00	7810.37
418.00	8252.73
419.00	8077.19
420.00	8016.33
421.00	8102.93
422.00	8105.28
423.00	8135.70
424.00	7957.82
425.00	8301.88
426.00	7988.25
427.00	7990.59
428.00	8011.65
429.00	8011.65
430.00	8248.05
431.00	8051.44
432.00	8037.40
433.00	8257.41
434.00	8018.68
435.00	8145.06
436.00	8306.56
437.00	8355.71
438.00	8315.92
439.00	8463.38
440.00	8414.23
441.00	8432.95
442.00	8615.51
443.00	8461.04
444.00	8667.00
445.00	8732.54
446.00	8486.78
447.00	8760.63
448.00	8528.91
449.00	8758.28
450.00	8552.32
451.00	8627.21
452.00	8788.71
453.00	8894.04
454.00	8720.84
455.00	8922.12
456.00	8737.22
457.00	8945.53
458.00	9027.45
459.00	8697.43
460.00	8987.66
461.00	8849.57
462.00	8837.86
463.00	8840.20
464.00	8669.34
465.00	8980.64
466.00	9020.42
467.00	8926.80
468.00	9022.77
469.00	9130.43
470.00	9233.41
471.00	9228.73
472.00	8980.64
473.00	9214.69
474.00	9212.35
475.00	9507.26
476.00	9418.32
477.00	9437.04
478.00	9554.07
479.00	9626.62
480.00	9767.06
481.00	9263.84
482.00	9518.96
483.00	9469.81
484.00	9490.87
485.00	9921.53
486.00	9568.11
487.00	9851.31
488.00	9736.63
489.00	9783.44
490.00	9914.51
491.00	9797.48
492.00	9987.07
493.00	9769.40
494.00	9970.68
495.00	10207.08
496.00	9963.66
497.00	9839.61
498.00	9905.15
499.00	10026.86
500.00	10258.57
501.00	10277.29
502.00	9935.57
503.00	10193.03
504.00	10281.97
505.00	10509.01
506.00	10410.70
507.00	10324.10
508.00	10537.09
509.00	10399.00
510.00	10235.16
511.00	10628.37
512.00	10406.02
513.00	10415.38
514.00	10590.92
515.00	10616.67
516.00	10541.77
517.00	10455.17
518.00	10626.03
519.00	10721.99
520.00	10562.84
521.00	10686.89
522.00	10780.51
523.00	10497.30
524.00	10860.09
525.00	10815.62
526.00	10988.82
527.00	10843.70
528.00	10738.38
529.00	10885.83
530.00	10892.85
531.00	11187.76
532.00	10829.66
533.00	10913.92
534.00	10890.51
535.00	11000.52
536.00	11091.80
537.00	11030.94
538.00	11082.44
539.00	11433.52
540.00	11311.81
541.00	11225.21
542.00	11162.01
543.00	11171.38
544.00	11096.48
545.00	11363.30
546.00	11283.72
547.00	11243.93
548.00	11435.86
549.00	11351.60
550.00	11618.42
551.00	11646.51
552.00	11667.57
553.00	11679.27
554.00	11847.79
555.00	11770.55
556.00	11861.84
557.00	11651.19
558.00	11765.87
559.00	11702.68
560.00	11784.60
561.00	12051.42
562.00	11974.18
563.00	11974.18
564.00	12100.57
565.00	12131.00
566.00	12194.19
567.00	12505.48
568.00	12159.08
569.00	12512.50
570.00	12332.28
571.00	12425.90
572.00	12868.27
573.00	12524.21
574.00	12762.94
575.00	12753.58
576.00	12912.74
577.00	13046.15
578.00	12908.05
579.00	13254.45
580.00	12968.91
581.00	13275.52
582.00	13139.77
583.00	13404.25
584.00	13387.86
585.00	13589.15
586.00	13734.26
587.00	13724.90
588.00	13790.44
589.00	13640.64
590.00	14080.66
591.00	14190.67
592.00	13823.20
593.00	14321.74
594.00	14590.90
595.00	14319.40
596.00	14593.24
597.00	14614.30
598.00	14862.40
599.00	14693.88
600.00	14787.50
601.00	15286.04
602.00	14906.87
603.00	15075.39
604.00	15283.70
605.00	15239.23
606.00	15543.50
607.00	15414.77
608.00	15751.81
609.00	15988.20
610.00	15789.25
611.00	15981.18
612.00	16112.25
613.00	16369.71
614.00	16276.09
615.00	16475.03
616.00	16760.58
617.00	16814.41
618.00	16702.06
619.00	17163.15
620.00	16739.51
621.00	17137.40
622.00	17160.81
623.00	17507.21
624.00	17905.10
625.00	17940.21
626.00	17717.86
627.00	17848.93
628.00	17909.78
629.00	18333.42
630.00	18284.26
631.00	18471.51
632.00	18515.98
633.00	18679.82
634.00	18850.67
635.00	19194.73
636.00	19077.71
637.00	19494.32
638.00	19637.09
639.00	19424.11
640.00	19321.12
641.00	19730.72
642.00	20067.75
643.00	19962.43
644.00	20357.98
645.00	20655.23
646.00	20379.04
647.00	20776.94
648.00	20746.51
649.00	21062.48
650.00	21053.12
651.00	21308.24
652.00	21619.53
653.00	21617.19
654.00	21579.74
655.00	21649.96
656.00	21867.63
657.00	22071.25
658.00	22476.16
659.00	22375.52
660.00	22506.59
661.00	22438.72
662.00	22965.34
663.00	23232.16
664.00	23363.23
665.00	23428.76
666.00	23164.28
667.00	23634.73
668.00	23520.04
669.00	23491.96
670.00	23817.29
671.00	24224.54
672.00	24582.65
673.00	24191.78
674.00	24306.46
675.00	24760.53
676.00	24793.29
677.00	24505.41
678.00	25308.21
679.00	24929.05
680.00	25544.61
681.00	25273.10
682.00	25474.39
683.00	25420.56
684.00	25577.37
685.00	25771.64
686.00	26080.59
687.00	26672.74
688.00	26623.59
689.00	26363.79
690.00	26637.64
691.00	26483.16
692.00	26834.24
693.00	27023.83
694.00	27264.90
695.00	27342.14
696.00	27332.78
697.00	27487.25
698.00	27590.24
699.00	28147.28
700.00	27927.27
701.00	27990.47
702.00	28350.91
703.00	27857.06
704.00	28243.24
705.00	28456.23
706.00	28692.63
707.00	28922.00
708.00	29029.66
709.00	29392.45
710.00	29439.26
711.00	29369.04
712.00	29373.72
713.00	29261.38
714.00	29551.60
715.00	29748.21
716.00	29769.27
717.00	30174.19
718.00	30298.23
719.00	29898.00
720.00	30258.45
721.00	30228.02
722.00	30164.82
723.00	30539.31
724.00	30953.58
725.00	30892.73
726.00	30319.30
727.00	30646.97
728.00	31063.59
729.00	30831.88
730.00	31105.72
731.00	31094.02
732.00	30855.28
733.00	31662.77
734.00	31686.17
735.00	31330.41
736.00	31807.88
737.00	31133.81
738.00	31903.84
739.00	32194.07
740.00	31761.07
741.00	32329.82
742.00	32046.62
743.00	32002.14
744.00	32275.99
745.00	32491.32
746.00	32727.71
747.00	32788.56
748.00	33048.36
749.00	32767.50
750.00	32811.97
751.00	32877.51
752.00	32507.70
753.00	33127.94
754.00	33294.12
755.00	33813.72
756.00	33481.36
757.00	33888.62
758.00	33071.77
759.00	33481.36
760.00	33521.15
761.00	33738.82
762.00	34188.21
763.00	33940.11
764.00	34134.37
765.00	34286.51
766.00	34043.09
767.00	34611.84
768.00	34487.79
769.00	34403.53
770.00	34799.08
771.00	34562.69
772.00	35068.25
773.00	35065.91
774.00	34991.01
775.00	34976.97
776.00	34815.47
777.00	35405.28
778.00	35225.06
779.00	35704.87
780.00	35412.31
781.00	35702.53
782.00	35793.81
783.00	35739.98
784.00	35639.34
785.00	35934.24
786.00	36095.74
787.00	36685.56
788.00	36259.58
789.00	36254.90
790.00	36332.14
791.00	36385.97
792.00	37048.34
793.00	36896.20
794.00	36940.68
795.00	37116.22
796.00	36781.52
797.00	37240.26
798.00	36552.15
799.00	37233.24
800.00	37167.71
801.00	37235.58
802.00	37652.20
803.00	37640.50
804.00	37743.48
805.00	37574.96
806.00	37858.17
807.00	37586.66
808.00	37741.14
809.00	38419.89
810.00	38302.87
811.00	38040.73
812.00	38595.43
813.00	38022.00
814.00	37844.12
815.00	38167.12
816.00	38307.55
817.00	38213.93
818.00	38604.80
819.00	38682.03
820.00	38841.19
821.00	38527.56
822.00	38536.92
823.00	38375.42
824.00	38712.46
825.00	38658.63
826.00	39157.16
827.00	39005.03
828.00	39370.15
829.00	39292.91
830.00	39381.85
831.00	39110.35
832.00	38651.61
833.00	39442.71
834.00	39426.32
835.00	39929.54
836.00	39269.51
837.00	39838.26
838.00	39658.04
839.00	39796.13
840.00	40084.01
841.00	39957.63
842.00	40020.82
843.00	40488.93
844.00	40261.90
845.00	40381.26
846.00	40439.78
847.00	40521.69
848.00	40563.82
849.00	40470.20
850.00	41256.62
851.00	40711.28
852.00	41378.33
853.00	40542.76
854.00	40704.26
855.00	40931.29
856.00	40762.77
857.00	41221.52
858.00	41574.94
859.00	41301.09
860.00	41617.07
861.00	41832.39
862.00	41483.66
863.00	41792.61
864.00	41460.25
865.00	41427.48
866.00	42085.17
867.00	42293.48
868.00	42260.71
869.00	42089.85
870.00	42234.97
871.00	41474.29
872.00	42199.86
873.00	42232.63
874.00	41923.68
875.00	42476.04
876.00	42403.49
877.00	42359.02
878.00	42632.86
879.00	42398.80
880.00	42527.53
881.00	42153.05
882.00	42628.18
883.00	42583.71
884.00	42700.73
885.00	42876.27
886.00	42639.88
887.00	42494.77
888.00	42377.74
889.00	42665.63
890.00	43210.97
891.00	42969.90
892.00	42721.80
893.00	43056.50
894.00	43239.06
895.00	43030.75
896.00	43206.29
897.00	42916.06
898.00	43171.18
899.00	43367.79
900.00	43798.44
901.00	43276.51
902.00	43861.64
903.00	44123.78
904.00	43519.92
905.00	43863.98
906.00	43540.99
907.00	43562.05
908.00	44121.44
909.00	43578.43
910.00	44247.83
911.00	44706.57
912.00	44341.45
913.00	44079.31
914.00	44402.30
915.00	44135.48
916.00	44299.32
917.00	44388.26
918.00	44580.18
919.00	44552.10
920.00	44367.20
921.00	44566.14
922.00	44329.75
923.00	44472.52
924.00	44673.81
925.00	44362.51
926.00	44612.95
927.00	45148.93
928.00	44912.54
929.00	45291.71
930.00	44715.93
931.00	44849.35
932.00	44678.49
933.00	44837.64
934.00	44507.63
935.00	45160.64
936.00	45249.58
937.00	45268.30
938.00	45485.97
939.00	45137.23
940.00	45528.10
941.00	45361.92
942.00	45055.31
943.00	45382.99
944.00	45727.05
945.00	45642.79
946.00	45815.99
947.00	45937.69
948.00	46106.21
949.00	46110.89
950.00	45755.13
951.00	46136.64
952.00	45830.03
953.00	45701.30
954.00	45998.55
955.00	45918.97
956.00	45954.08
957.00	46106.21
958.00	45757.47
959.00	46017.27
960.00	46181.11
961.00	45895.56
962.00	45661.51
963.00	46356.65
964.00	46115.58
965.00	46188.13
966.00	46810.71
967.00	46766.24
968.00	46997.96
969.00	46909.02
970.00	46557.94
971.00	47014.34
972.00	46981.57
973.00	46768.58
974.00	47484.79
975.00	47021.36
976.00	47224.99
977.00	46660.92
978.00	46541.55
979.00	46389.42
980.00	46759.22
981.00	47236.69
982.00	47437.98
983.00	47643.94
984.00	47377.12
985.00	47672.03
986.00	47295.21
987.00	46766.24
988.00	46937.10
989.00	47239.03
990.00	46782.63
991.00	47381.80
992.00	47711.82
993.00	48189.29
994.00	47697.78
995.00	47814.80
996.00	47690.76
997.00	47718.84
998.00	48315.68
999.00	47239.03
1000.00	47896.72
1001.00	48133.12
1002.00	47885.02
1003.00	47985.66
1004.00	47936.51
1005.00	47297.55
1006.00	47943.53
1007.00	48009.07
1008.00	47791.40
1009.00	48182.27
1010.00	47730.54
1011.00	47931.83
1012.00	48673.78
1013.00	48107.37
1014.00	47547.98
1015.00	48362.49
1016.00	47636.92
1017.00	47508.19
1018.00	48247.80
1019.00	48474.84
1020.00	48823.58
1021.00	48369.51
1022.00	48383.55
1023.00	48002.05
1024.00	48706.55
1025.00	47899.06
1026.00	48577.82
1027.00	48535.69
1028.00	48619.95
1029.00	48807.19
1030.00	48402.28
1031.00	48966.35
1032.00	48612.93
1033.00	49282.32
1034.00	48484.20
1035.00	48666.76
1036.00	48603.56
1037.00	49029.54
1038.00	48786.13
1039.00	48786.13
1040.00	48552.07
1041.00	48846.98
1042.00	48830.60
1043.00	48734.63
1044.00	49043.59
1045.00	49064.65
1046.00	49322.11
1047.00	49233.17
1048.00	48947.62
1049.00	49207.42
1050.00	48975.71
1051.00	49169.97
1052.00	49474.24
1053.00	49062.31
1054.00	49045.93
1055.00	48956.99
1056.00	49146.57
1057.00	48952.30
1058.00	48992.09
1059.00	49467.22
1060.00	49198.06
1061.00	49441.48
1062.00	49385.30
1063.00	49469.56
1064.00	48968.69
1065.00	49102.10
1066.00	48914.86
1067.00	49315.09
1068.00	49392.33
1069.00	49270.62
1070.00	49689.57
1071.00	49549.14
1072.00	49537.44
1073.00	49457.86
1074.00	49525.74
1075.00	49888.52
1076.00	49308.07
1077.00	49296.36
1078.00	49902.56
1079.00	49415.73
1080.00	49731.70
1081.00	49687.23
1082.00	49689.57
1083.00	49439.14
1084.00	49340.83
1085.00	49408.71
1086.00	49394.67
1087.00	49268.28
1088.00	49930.65
1089.00	49626.38
1090.00	50557.91
1091.00	49535.10
1092.00	49993.84
1093.00	49682.55
1094.00	49542.12
1095.00	49605.31
1096.00	49553.82
1097.00	49757.45
1098.00	49738.72
1099.00	49614.68
1100.00	50199.81
1101.00	50010.23
1102.00	49729.36
1103.00	49972.78
1104.00	50010.23
1105.00	49673.19
1106.00	49518.71
1107.00	50040.65
1108.00	49549.14
1109.00	50220.87
1110.00	50167.04
1111.00	50607.06
1112.00	50092.15
1113.00	50174.06
1114.00	49965.76
1115.00	49970.44
1116.00	50075.76
1117.00	49542.12
1118.00	50246.62
1119.00	49680.21
1120.00	49755.11
1121.00	49766.81
1122.00	50122.57
1123.00	50094.49
1124.00	49762.13
1125.00	49963.42
1126.00	49649.78
1127.00	49940.01
1128.00	49970.44
1129.00	49844.05
1130.00	49832.35
1131.00	50246.62
1132.00	49944.69
1133.00	50321.52
1134.00	49916.61
1135.00	49991.50
1136.00	49689.57
1137.00	49996.18
1138.00	49694.25
1139.00	49647.44
1140.00	49759.79
1141.00	49951.71
1142.00	50211.51
1143.00	50239.60
1144.00	50031.29
1145.00	49914.26
1146.00	49677.87
1147.00	49897.88
1148.00	49556.16
1149.00	50031.29
1150.00	50356.63
1151.00	50302.79
1152.00	49722.34
1153.00	50291.09
1154.00	49897.88
1155.00	49818.30
1156.00	50010.23
1157.00	49738.72
1158.00	50138.96
1159.00	50110.87
1160.00	50202.15
1161.00	50199.81
1162.00	50148.32
1163.00	50185.77
1164.00	50286.41
1165.00	50480.67
1166.00	50131.93
1167.00	49954.05
1168.00	50092.15
1169.00	50094.49
1170.00	49954.05
1171.00	49883.84
1172.00	49921.29
1173.00	49748.09
1174.00	50066.40
1175.00	50061.72
1176.00	50071.08
1177.00	49801.92
1178.00	49638.08
1179.00	49499.99
1180.00	49993.84
1181.00	49834.69
1182.00	49773.83
1183.00	49991.50
1184.00	49748.09
1185.00	50375.35
1186.00	49989.16
1187.00	50012.57
1188.00	49691.91
1189.00	50014.91
1190.00	49539.78
1191.00	49551.48
1192.00	49998.52
1193.00	49734.04
1194.00	49907.24
1195.00	49837.03
1196.00	50185.77
1197.00	50244.28
1198.00	50033.63
1199.00	50061.72
1200.00	50033.63
1201.00	49902.56
1202.00	49806.60
1203.00	49612.34
1204.00	50160.02
1205.00	50096.83
1206.00	50265.34
1207.00	50136.62
1208.00	50258.32
1209.00	49996.18
1210.00	50035.97
1211.00	49923.63
1212.00	50148.32
1213.00	50007.89
1214.00	49830.01
1215.00	49750.43
1216.00	49923.63
1217.00	49874.48
1218.00	50291.09
1219.00	50162.36
1220.00	50181.09
1221.00	49806.60
1222.00	49600.63
1223.00	50110.87
1224.00	49860.43
1225.00	49652.12
1226.00	49860.43
1227.00	49907.24
1228.00	50230.24
1229.00	49448.50
1230.00	49984.48
1231.00	50284.07
1232.00	49954.05
1233.00	50382.37
1234.00	49598.29
1235.00	49617.02
1236.00	49556.16
1237.00	49879.16
1238.00	49815.96
1239.00	50174.06
1240.00	50361.31
1241.00	50326.20
1242.00	50323.86
1243.00	50478.33
1244.00	50162.36
1245.00	49694.25
1246.00	49886.18
1247.00	49940.01
1248.00	49825.32
1249.00	49808.94
1250.00	50211.51
1251.00	50335.56
1252.00	50131.93
1253.00	50202.15
1254.00	50267.69
1255.00	50195.13
1256.00	50255.98
1257.00	50010.23
1258.00	50248.96
1259.00	50122.57
1260.00	50045.33
1261.00	50045.33
1262.00	50293.43
1263.00	50398.76
1264.00	50749.84
1265.00	50323.86
1266.00	50424.50
1267.00	50178.75
1268.00	50019.59
1269.00	50038.31
1270.00	50218.53
1271.00	49895.54
1272.00	49942.35
1273.00	50042.99
1274.00	50103.85
1275.00	50185.77
1276.00	50534.51
1277.00	50265.34
1278.00	50087.46
1279.00	50258.32
1280.00	50288.75
1281.00	50042.99
1282.00	50302.79
1283.00	49921.29
1284.00	49705.96
1285.00	49804.26
1286.00	50731.11
1287.00	50078.10
1288.00	50323.86
1289.00	50635.15
1290.00	50251.30
1291.00	50080.44
1292.00	49970.44
1293.00	49961.08
1294.00	49923.63
1295.00	49546.80
1296.00	50230.24
1297.00	50068.74
1298.00	50075.76
1299.00	50368.33
1300.00	50365.99
1301.00	50398.76
1302.00	50457.27
1303.00	50185.77
1304.00	49787.88
1305.00	50000.86
1306.00	49638.08
1307.00	50199.81
1308.00	50099.17
1309.00	50211.51
1310.00	49825.32
1311.00	50260.66
1312.00	50061.72
1313.00	50712.39
1314.00	50260.66
1315.00	49968.10
1316.00	50232.58
1317.00	50232.58
1318.00	50129.59
1319.00	50108.53
1320.00	50244.28
1321.00	50333.22
1322.00	50110.87
1323.00	50241.94
1324.00	50405.78
1325.00	50497.06
1326.00	50127.25
1327.00	50216.19
1328.00	49989.16
1329.00	50333.22
1330.00	49869.79
1331.00	50028.95
1332.00	49808.94
1333.00	49860.43
1334.00	50138.96
1335.00	50497.06
1336.00	50461.95
1337.00	50167.04
1338.00	50136.62
1339.00	49865.11
1340.00	49951.71
1341.00	50176.40
1342.00	49830.01
1343.00	49371.26
1344.00	49668.51
1345.00	49734.04
1346.00	49968.10
1347.00	49937.67
1348.00	50387.05
1349.00	49991.50
1350.00	49961.08
1351.00	49818.30
1352.00	49984.48
1353.00	49745.75
1354.00	49523.40
1355.00	49584.25
1356.00	49521.05
1357.00	49883.84
1358.00	49855.75
1359.00	49661.49
1360.00	49741.06
1361.00	49787.88
1362.00	49951.71
1363.00	49755.11
1364.00	49668.51
1365.00	49907.24
1366.00	49619.36
1367.00	49287.00
1368.00	49352.54
1369.00	49022.52
1370.00	49581.91
1371.00	49488.29
1372.00	49027.20
1373.00	49610.00
1374.00	49574.89
1375.00	49825.32
1376.00	49577.23
1377.00	49507.01
1378.00	49256.57
1379.00	49425.09
1380.00	48942.94
1381.00	49050.61
1382.00	49036.56
1383.00	49443.82
1384.00	49439.14
1385.00	49375.94
1386.00	49357.22
1387.00	49434.45
1388.00	49279.98
1389.00	49132.53
1390.00	48676.12
1391.00	49195.72
1392.00	48587.18
1393.00	48575.48
1394.00	48774.42
1395.00	49045.93
1396.00	49132.53
1397.00	49401.69
1398.00	49031.88
1399.00	49535.10
1400.00	49155.93
1401.00	49310.41
1402.00	48905.49
1403.00	48839.96
1404.00	48767.40
1405.00	48453.77
1406.00	48488.88
1407.00	48465.47
1408.00	48671.44
1409.00	48882.09
1410.00	48999.12
1411.00	49055.29
1412.00	48467.81
1413.00	49015.50
1414.00	49104.44
1415.00	48318.02
1416.00	48378.87
1417.00	48350.79
1418.00	48336.74
1419.00	47924.81
1420.00	48123.75
1421.00	48540.37
1422.00	47870.98
1423.00	48624.63
1424.00	48098.01
1425.00	48556.75
1426.00	48701.87
1427.00	48463.13
1428.00	48404.62
1429.00	47945.87
1430.00	48130.78
1431.00	48301.64
1432.00	48163.54
1433.00	48128.44
1434.00	48149.50
1435.00	48048.86
1436.00	48140.14
1437.00	48495.90
1438.00	48009.07
1439.00	48053.54
1440.00	48430.36
1441.00	48100.35
1442.00	47351.38
1443.00	47330.31
1444.00	47496.49
1445.00	47501.17
1446.00	47423.93
1447.00	47639.26
1448.00	47690.76
1449.00	47192.22
1450.00	47707.14
1451.00	47672.03
1452.00	47882.68
1453.00	47880.34
1454.00	47934.17
1455.00	47569.05
1456.00	47613.52
1457.00	47042.43
1458.00	47260.10
1459.00	47540.96
1460.00	47316.27
1461.00	47704.80
1462.00	47133.71
1463.00	47147.75
1464.00	47313.93
1465.00	47540.96
1466.00	47119.66
1467.00	47243.71
1468.00	46969.87
1469.00	46787.31
1470.00	46777.95
1471.00	47054.13
1472.00	47178.18
1473.00	47236.69
1474.00	46703.05
1475.00	46707.73
1476.00	46965.19
1477.00	46768.58
1478.00	47028.38
1479.00	46892.63
1480.00	46993.28
1481.00	46827.10
1482.00	46321.54
1483.00	47014.34
1484.00	46747.52
1485.00	46422.19
1486.00	46251.33
1487.00	46232.60
1488.00	46506.44
1489.00	46635.17
1490.00	46307.50
1491.00	46330.90
1492.00	46281.75
1493.00	46595.38
1494.00	46040.68
1495.00	46492.40
1496.00	45970.46
1497.00	45947.06
1498.00	46265.37
1499.00	45982.16
1500.00	46239.62
1501.00	46291.12
1502.00	45804.28
1503.00	46328.56
1504.00	46146.00
1505.00	46286.43
1506.00	46263.03
1507.00	46092.17
1508.00	46106.21
1509.00	45801.94
1510.00	45457.88
1511.00	45928.33
1512.00	45270.64
1513.00	45535.12
1514.00	45551.51
1515.00	45801.94
1516.00	45272.98
1517.00	44886.79
1518.00	45736.41
1519.00	45612.36
1520.00	45759.81
1521.00	45904.93
1522.00	45371.28
1523.00	45315.11
1524.00	45474.27
1525.00	45265.96
1526.00	45186.38
1527.00	45350.22
1528.00	45394.69
1529.00	45242.56
1530.00	44912.54
1531.00	45509.38
1532.00	44905.52
1533.00	45006.16
1534.00	45298.73
1535.00	45359.58
1536.00	45308.09
1537.00	45162.98
1538.00	45006.16
1539.00	44720.62
1540.00	44638.70
1541.00	44706.57
1542.00	44772.11
1543.00	45102.12
1544.00	44568.48
1545.00	44863.39
1546.00	44938.29
1547.00	44863.39
1548.00	44872.75
1549.00	44753.38
1550.00	44727.64
1551.00	44992.12
1552.00	44219.74
1553.00	43988.03
1554.00	44149.53
1555.00	44322.72
1556.00	44289.96
1557.00	44451.45
1558.00	44325.07
1559.00	44605.93
1560.00	44577.84
1561.00	44128.46
1562.00	44254.85
1563.00	44486.56
1564.00	44720.62
1565.00	44222.08
1566.00	43695.46
1567.00	44020.80
1568.00	43704.82
1569.00	43716.53
1570.00	44107.40
1571.00	43863.98
1572.00	43634.61
1573.00	43732.91
1574.00	43952.92
1575.00	43468.43
1576.00	43899.09
1577.00	43910.79
1578.00	44018.46
1579.00	43807.81
1580.00	43756.32
1581.00	43505.88
1582.00	43622.90
1583.00	43344.38
1584.00	43248.42
1585.00	43295.23
1586.00	43271.82
1587.00	43283.53
1588.00	43304.59
1589.00	43501.20
1590.00	43639.29
1591.00	43302.25
1592.00	43391.19
1593.00	43161.82
1594.00	43206.29
1595.00	43189.91
1596.00	43295.23
1597.00	43470.77
1598.00	42752.23
1599.00	42749.88
1600.00	42899.68
1601.00	42920.74
1602.00	42672.65
1603.00	42754.57
1604.00	43161.82
1605.00	42752.23
1606.00	42986.28
1607.00	43093.94
1608.00	43154.80
1609.00	42408.17
1610.00	42485.40
1611.00	42373.06
1612.00	42623.50
1613.00	42363.70
1614.00	42658.60
1615.00	42337.95
1616.00	42459.66
1617.00	42366.04
1618.00	42726.48
1619.00	42389.44
1620.00	42291.14
1621.00	42841.17
1622.00	42815.42
1623.00	42740.52
1624.00	42110.92
1625.00	42323.91
1626.00	42213.90
1627.00	42019.64
1628.00	42059.43
1629.00	41813.67
1630.00	42220.92
1631.00	41619.41
1632.00	42127.30
1633.00	41989.21
1634.00	41914.31
1635.00	41975.17
1636.00	42054.75
1637.00	42223.26
1638.00	42340.29
1639.00	41895.59
1640.00	41984.53
1641.00	41954.10
1642.00	41605.36
1643.00	41830.05
1644.00	41572.60
1645.00	41361.95
1646.00	41392.37
1647.00	41488.34
1648.00	41205.13
1649.00	41858.14
1650.00	41563.23
1651.00	41720.05
1652.00	41794.95
1653.00	41591.32
1654.00	41724.73
1655.00	41226.20
1656.00	41387.69
1657.00	41111.51
1658.00	41312.80
1659.00	41008.53
1660.00	40708.94
1661.00	41076.40
1662.00	40823.62
1663.00	41284.71
1664.00	41092.79
1665.00	41165.34
1666.00	41078.74
1667.00	41038.95
1668.00	41350.24
1669.00	41453.23
1670.00	40996.82
1671.00	40849.37
1672.00	40517.01
1673.00	40570.85
1674.00	40304.02
1675.00	40657.45
1676.00	40474.88
1677.00	40547.44
1678.00	40596.59
1679.00	40540.42
1680.00	40282.96
1681.00	41095.13
1682.00	40620.00
1683.00	40767.45
1684.00	40367.22
1685.00	40360.20
1686.00	40500.63
1687.00	40315.73
1688.00	40360.20
1689.00	40692.55
1690.00	40381.26
1691.00	40023.16
1692.00	40371.90
1693.00	40463.18
1694.00	39875.71
1695.00	40065.29
1696.00	40762.77
1697.00	40135.51
1698.00	40556.80
1699.00	40194.02
1700.00	39810.17
1701.00	39873.37
1702.00	39789.11
1703.00	39510.58
1704.00	39159.50
1705.00	39426.32
1706.00	39779.74
1707.00	39232.06
1708.00	39363.13
1709.00	39290.57
1710.00	39552.71
1711.00	39658.04
1712.00	40016.14
1713.00	39360.79
1714.00	39634.63
1715.00	39943.58
1716.00	39435.69
1717.00	39122.05
1718.00	38899.70
1719.00	39498.88
1720.00	39161.84
1721.00	38820.13
1722.00	38953.54
1723.00	38534.58
1724.00	38937.15
1725.00	38319.25
1726.00	38256.06
1727.00	38195.20
1728.00	38939.49
1729.00	38880.98
1730.00	38541.60
1731.00	38712.46
1732.00	38845.87
1733.00	38167.12
1734.00	37940.08
1735.00	38663.31
1736.00	38314.57
1737.00	37759.86
1738.00	37652.20
1739.00	37553.90
1740.00	38157.75
1741.00	37497.72
1742.00	38394.15
1743.00	38298.19
1744.00	38054.77
1745.00	37586.66
1746.00	38010.30
1747.00	38164.78
1748.00	37722.41
1749.00	37668.58
1750.00	37338.57
1751.00	37425.17
1752.00	37621.77
1753.00	36992.17
1754.00	37305.80
1755.00	37268.35
1756.00	37354.95
1757.00	37137.28
1758.00	36912.59
1759.00	36884.50
1760.00	37132.60
1761.00	37233.24
1762.00	36828.33
1763.00	37102.17
1764.00	36844.71
1765.00	36828.33
1766.00	36552.15
1767.00	36477.25
1768.00	36495.97
1769.00	36833.01
1770.00	36353.20
1771.00	36423.42
1772.00	36362.56
1773.00	36264.26
1774.00	36378.95
1775.00	36290.01
1776.00	36121.49
1777.00	36119.15
1778.00	35688.49
1779.00	35927.22
1780.00	36032.55
1781.00	35695.51
1782.00	35868.71
1783.00	35414.65
1784.00	35667.42
1785.00	35625.29
1786.00	35269.53
1787.00	35274.21
1788.00	35398.26
1789.00	35138.46
1790.00	35346.77
1791.00	35171.23
1792.00	35028.46
1793.00	35236.77
1794.00	35248.47
1795.00	34749.93
1796.00	34925.47
1797.00	34806.11
1798.00	34939.52
1799.00	35005.05
1800.00	34398.85
1801.00	34831.85
1802.00	34321.62
1803.00	34373.11
1804.00	34675.04
1805.00	33986.92
1806.00	34345.02
1807.00	34017.35
1808.00	34054.79
1809.00	34047.77
1810.00	34096.92
1811.00	34319.28
1812.00	33954.15
1813.00	33593.71
1814.00	34019.69
1815.00	33600.73
1816.00	33612.43
1817.00	33207.52
1818.00	33528.17
1819.00	34017.35
1820.00	33214.54
1821.00	33380.72
1822.00	33453.28
1823.00	33420.51
1824.00	32987.51
1825.00	33027.30
1826.00	32629.41
1827.00	32816.65
1828.00	32968.79
1829.00	33076.45
1830.00	32772.18
1831.00	32156.62
1832.00	32500.68
1833.00	32435.14
1834.00	32531.11
1835.00	32058.32
1836.00	32561.53
1837.00	31449.78
1838.00	32037.25
1839.00	32044.27
1840.00	31831.29
1841.00	31456.80
1842.00	31358.50
1843.00	31346.79
1844.00	31414.67
1845.00	31592.55
1846.00	31248.49
1847.00	31082.31
1848.00	31164.23
1849.00	31145.51
1850.00	30913.80
1851.00	30869.33
1852.00	30735.92
1853.00	30462.07
1854.00	30878.69
1855.00	30225.68
1856.00	29947.15
1857.00	30312.28
1858.00	30157.80
1859.00	30183.55
1860.00	29893.32
1861.00	29890.98
1862.00	29834.81
1863.00	29771.61
1864.00	29991.62
1865.00	29694.38
1866.00	29729.48
1867.00	29331.59
1868.00	29436.92
1869.00	29390.11
1870.00	29610.12
1871.00	29406.49
1872.00	29113.92
1873.00	28975.83
1874.00	29205.20
1875.00	29074.13
1876.00	28744.12
1877.00	28416.44
1878.00	28229.20
1879.00	28341.55
1880.00	28205.80
1881.00	28467.94
1882.00	28402.40
1883.00	28341.55
1884.00	28109.83
1885.00	28510.07
1886.00	27873.44
1887.00	28013.87
1888.00	27688.54
1889.00	27660.45
1890.00	27510.66
1891.00	27400.65
1892.00	27402.99
1893.00	27417.04
1894.00	27377.25
1895.00	26899.78
1896.00	27098.72
1897.00	26960.63
1898.00	26658.70
1899.00	27063.61
1900.00	27178.30
1901.00	26698.49
1902.00	26668.06
1903.00	26302.94
1904.00	26396.56
1905.00	25954.20
1906.00	26195.28
1907.00	25600.78
1908.00	25748.23
1909.00	25764.62
1910.00	25530.56
1911.00	25818.45
1912.00	25240.34
1913.00	25738.87
1914.00	25855.90
1915.00	25441.62
1916.00	25570.35
1917.00	25642.91
1918.00	25074.16
1919.00	25111.61
1920.00	25305.87
1921.00	25226.29
1922.00	25198.21
1923.00	24957.13
1924.00	24702.01
1925.00	24641.16
1926.00	24573.28
1927.00	24283.06
1928.00	23508.34
1929.00	23985.81
1930.00	24088.79
1931.00	24217.52
1932.00	24058.37
1933.00	24123.90
1934.00	23943.68
1935.00	23819.63
1936.00	23826.65
1937.00	23845.38
1938.00	23894.53
1939.00	23587.92
1940.00	23590.26
1941.00	23391.31
1942.00	23147.90
1943.00	23002.78
1944.00	23159.60
1945.00	22993.42
1946.00	22490.21
1947.00	22427.01
1948.00	22391.91
1949.00	22515.95
1950.00	22462.12
1951.00	22312.33
1952.00	22511.27
1953.00	22064.23
1954.00	22530.00
1955.00	22417.65
1956.00	22506.59
1957.00	22075.93
1958.00	22005.72
1959.00	22162.53
1960.00	21977.63
1961.00	21717.83
1962.00	21731.87
1963.00	21685.06
1964.00	21376.11
1965.00	21392.50
1966.00	21041.42
1967.00	21097.59
1968.00	20870.56
1969.00	20982.90
1970.00	20840.13
1971.00	21369.09
1972.00	20725.44
1973.00	20538.20
1974.00	20446.92
1975.00	20753.53
1976.00	20336.91
1977.00	20858.85
1978.00	20503.09
1979.00	20589.69
1980.00	20437.56
1981.00	19974.13
1982.00	19889.87
1983.00	20002.22
1984.00	19957.75
1985.00	19775.19
1986.00	19536.45
1987.00	19194.73
1988.00	19391.34
1989.00	19433.47
1990.00	19358.57
1991.00	19311.76
1992.00	19367.93
1993.00	19276.65
1994.00	18937.27
1995.00	18794.50
1996.00	19131.54
1997.00	19021.53
1998.00	18934.93
1999.00	18778.12
2000.00	18513.64
2001.00	18698.54
2002.00	18635.35
2003.00	18684.50
2004.00	18422.36
2005.00	17958.93
2006.00	17972.97
2007.00	18082.98
2008.00	18148.51
2009.00	17958.93
2010.00	17577.42
2011.00	17642.96
2012.00	17860.63
2013.00	17640.62
2014.00	17558.70
2015.00	17429.97
2016.00	17701.47
2017.00	17476.78
2018.00	17605.51
2019.00	17245.07
2020.00	17139.74
2021.00	17298.90
2022.00	17106.98
2023.00	16798.02
2024.00	16503.12
2025.00	16538.23
2026.00	16475.03
2027.00	16559.29
2028.00	16489.07
2029.00	16650.57
2030.00	16439.92
2031.00	16423.54
2032.00	16308.85
2033.00	16393.11
2034.00	16322.90
2035.00	16046.71
2036.00	16004.58
2037.00	16294.81
2038.00	15925.00
2039.00	15866.49
2040.00	15672.23
2041.00	15728.40
2042.00	15756.49
2043.00	15555.20
2044.00	15412.43
2045.00	15494.35
2046.00	15396.04
2047.00	15309.44
