0.00	1076.65
1.00	1076.65
2.00	1076.65
3.00	933.87
4.00	964.30
5.00	933.87
6.00	880.04
7.00	947.92
8.00	866.00
9.00	917.49
10.00	950.26
11.00	945.58
12.00	903.45
13.00	936.21
14.00	903.45
15.00	964.30
16.00	990.05
17.00	961.96
18.00	933.87
19.00	891.74
20.00	978.34
21.00	966.64
22.00	973.66
23.00	1067.28
24.00	1022.81
25.00	1448.79
26.00	1530.71
27.00	1413.68
28.00	1357.51
29.00	1479.22
30.00	1544.75
31.00	1507.30
32.00	1458.15
33.00	1579.86
34.00	1516.67
35.00	1558.80
36.00	1479.22
37.00	1551.78
38.00	1540.07
39.00	1584.54
40.00	1582.20
41.00	1570.50
42.00	1575.18
43.00	1572.84
44.00	1673.48
45.00	1710.93
46.00	1659.44
47.00	1643.06
48.00	1689.87
49.00	1682.85
50.00	1619.65
51.00	1640.72
52.00	1703.91
53.00	1708.59
54.00	1645.40
55.00	1703.91
56.00	1727.32
57.00	1612.63
58.00	1650.08
59.00	1661.78
60.00	1713.27
61.00	1760.08
62.00	1736.68
63.00	1788.17
64.00	1703.91
65.00	1673.48
66.00	1736.68
67.00	1778.81
68.00	1701.57
69.00	1703.91
70.00	1790.51
71.00	1703.91
72.00	1825.62
73.00	1748.38
74.00	1811.57
75.00	1813.92
76.00	1741.36
77.00	1820.94
78.00	1865.41
79.00	1785.83
80.00	1919.24
81.00	1804.55
82.00	1804.55
83.00	1816.26
84.00	1788.17
85.00	1781.15
86.00	1865.41
87.00	1907.54
88.00	1907.54
89.00	1940.30
90.00	1893.49
91.00	1818.60
92.00	1879.45
93.00	1905.20
94.00	1923.92
95.00	1858.39
96.00	2005.84
97.00	1982.43
98.00	1907.54
99.00	1975.41
100.00	1846.68
101.00	1907.54
102.00	1977.75
103.00	1956.69
104.00	1982.43
105.00	1959.03
106.00	2033.93
107.00	1996.48
108.00	2054.99
109.00	1998.82
110.00	1975.41
111.00	2022.22
112.00	2036.27
113.00	1930.94
114.00	2057.33
115.00	2125.21
116.00	2083.08
117.00	2031.58
118.00	2012.86
119.00	2069.03
120.00	2125.21
121.00	2148.61
122.00	2069.03
123.00	2080.74
124.00	2181.38
125.00	2090.10
126.00	2157.97
127.00	2146.27
128.00	2125.21
129.00	2204.78
130.00	2312.45
131.00	2157.97
132.00	2310.11
133.00	2307.77
134.00	2181.38
135.00	2242.23
136.00	2214.15
137.00	2272.66
138.00	2207.13
139.00	2338.20
140.00	2265.64
141.00	2296.07
142.00	2150.95
143.00	2370.96
144.00	2310.11
145.00	2366.28
146.00	2413.09
147.00	2253.94
148.00	2387.35
149.00	2326.49
150.00	2396.71
151.00	2331.17
152.00	2406.07
153.00	2403.73
154.00	2502.03
155.00	2532.46
156.00	2452.88
157.00	2427.14
158.00	2473.95
159.00	2544.16
160.00	2413.09
161.00	2548.84
162.00	2502.03
163.00	2555.86
164.00	2530.12
165.00	2579.27
166.00	2565.23
167.00	2569.91
168.00	2579.27
169.00	2621.40
170.00	2782.90
171.00	2686.94
172.00	2684.59
173.00	2677.57
174.00	2799.28
175.00	2677.57
176.00	2642.46
177.00	2717.36
178.00	2818.00
179.00	2923.33
180.00	2818.00
181.00	2761.83
182.00	2696.30
183.00	2869.50
184.00	2958.44
185.00	2796.94
186.00	2857.79
187.00	2843.75
188.00	2944.39
189.00	2904.60
190.00	2909.29
191.00	2899.92
192.00	2984.18
193.00	2977.16
194.00	3084.83
195.00	3042.70
196.00	3040.36
197.00	3028.65
198.00	3068.44
199.00	3059.08
200.00	3070.78
201.00	3070.78
202.00	3145.68
203.00	3199.51
204.00	3119.93
205.00	3192.49
206.00	3096.53
207.00	3084.83
208.00	3117.59
209.00	3229.94
210.00	3258.03
211.00	3358.67
212.00	3187.81
213.00	3169.09
214.00	3260.37
215.00	3433.57
216.00	3302.50
217.00	3459.31
218.00	3424.20
219.00	3328.24
220.00	3412.50
221.00	3536.55
222.00	3435.91
223.00	3482.72
224.00	3618.47
225.00	3658.26
226.00	3564.64
227.00	3566.98
228.00	3651.24
229.00	3693.37
230.00	3623.15
231.00	3609.11
232.00	3644.21
233.00	3758.90
234.00	3779.97
235.00	3740.18
236.00	3915.72
237.00	3786.99
238.00	3777.62
239.00	3805.71
240.00	4046.79
241.00	3946.14
242.00	3969.55
243.00	3889.97
244.00	4079.55
245.00	4119.34
246.00	4063.17
247.00	4093.60
248.00	4121.68
249.00	4053.81
250.00	4177.86
251.00	4283.18
252.00	4259.78
253.00	4259.78
254.00	4320.63
255.00	4297.22
256.00	4367.44
257.00	4313.61
258.00	4231.69
259.00	4571.07
260.00	4489.15
261.00	4437.66
262.00	4571.07
263.00	4648.30
264.00	4622.56
265.00	4589.79
266.00	4603.83
267.00	4585.11
268.00	4678.73
269.00	4699.80
270.00	4784.06
271.00	4807.46
272.00	4861.29
273.00	4992.36
274.00	4865.97
275.00	4903.42
276.00	4985.34
277.00	5043.85
278.00	4990.02
279.00	4912.78
280.00	5034.49
281.00	5039.17
282.00	5186.63
283.00	5067.26
284.00	5062.58
285.00	5151.52
286.00	5123.43
287.00	5125.77
288.00	5146.84
289.00	5090.67
290.00	5109.39
291.00	5259.18
292.00	5102.37
293.00	5303.65
294.00	5289.61
295.00	5324.72
296.00	5249.82
297.00	5301.31
298.00	5266.21
299.00	5233.44
300.00	5214.71
301.00	5259.18
302.00	5001.72
303.00	5088.32
304.00	5289.61
305.00	5416.00
306.00	5308.34
307.00	5259.18
308.00	5322.38
309.00	5174.92
310.00	5291.95
311.00	5303.65
312.00	5500.26
313.00	5298.97
314.00	5411.32
315.00	5486.22
316.00	5401.96
317.00	5507.28
318.00	5451.11
319.00	5493.24
320.00	5441.75
321.00	5465.15
322.00	5572.82
323.00	5596.22
324.00	5659.42
325.00	5621.97
326.00	5699.20
327.00	5774.10
328.00	5661.76
329.00	5558.77
330.00	5724.95
331.00	5596.22
332.00	5657.07
333.00	5701.54
334.00	5778.78
335.00	5886.45
336.00	5853.68
337.00	5849.00
338.00	5823.25
339.00	5764.74
340.00	5895.81
341.00	5982.41
342.00	6001.13
343.00	6094.76
344.00	5930.92
345.00	6181.35
346.00	6148.59
347.00	5980.07
348.00	6061.99
349.00	6253.91
350.00	6113.48
351.00	6136.88
352.00	6214.12
353.00	6279.66
354.00	6363.92
355.00	6338.17
356.00	6054.97
357.00	6321.79
358.00	6399.02
359.00	6328.81
360.00	6534.78
361.00	6424.77
362.00	6499.67
363.00	6607.33
364.00	6492.65
365.00	6532.44
366.00	6483.28
367.00	6506.69
368.00	6520.73
369.00	6654.14
370.00	6476.26
371.00	6796.92
372.00	6677.55
373.00	6738.40
374.00	6658.82
375.00	6815.64
376.00	6780.53
377.00	6731.38
378.00	6871.81
379.00	7129.27
380.00	7164.38
381.00	7030.97
382.00	7080.12
383.00	7171.40
384.00	7215.87
385.00	7164.38
386.00	7250.98
387.00	7349.28
388.00	7204.17
389.00	7279.07
390.00	7440.56
391.00	7510.78
392.00	7318.86
393.00	7527.16
394.00	7625.47
395.00	7698.02
396.00	7566.95
397.00	7831.43
398.00	7868.88
399.00	7789.30
400.00	7660.57
401.00	7672.28
402.00	7770.58
403.00	8060.80
404.00	7999.95
405.00	7932.08
406.00	7985.91
407.00	8248.05
408.00	7824.41
409.00	7588.02
410.00	7836.11
411.00	8109.96
412.00	8070.17
413.00	8056.12
414.00	8058.46
415.00	8222.30
416.00	7913.35
417.00	7899.31
418.00	8131.02
419.00	8205.92
420.00	8116.98
421.00	7990.59
422.00	8121.66
423.00	8280.82
424.00	8016.33
425.00	8121.66
426.00	8369.76
427.00	8086.55
428.00	8119.32
429.00	8194.22
430.00	8273.79
431.00	8161.45
432.00	8332.31
433.00	8222.30
434.00	8294.86
435.00	8372.10
436.00	8535.93
437.00	8306.56
438.00	8500.83
439.00	8634.24
440.00	8688.07
441.00	8367.42
442.00	8784.03
443.00	8514.87
444.00	8620.19
445.00	8681.05
446.00	8685.73
447.00	8669.34
448.00	8603.81
449.00	8720.84
450.00	8688.07
451.00	8648.28
452.00	8734.88
453.00	8643.60
454.00	8599.13
455.00	8898.72
456.00	8821.48
457.00	8875.31
458.00	8938.51
459.00	8854.25
460.00	8620.19
461.00	8879.99
462.00	8861.27
463.00	8791.05
464.00	8950.21
465.00	8945.53
466.00	9195.96
467.00	8973.61
468.00	9109.36
469.00	9163.20
470.00	9298.95
471.00	9177.24
472.00	9357.46
473.00	9430.02
474.00	9280.22
475.00	9446.40
476.00	9619.60
477.00	9383.21
478.00	9783.44
479.00	9458.10
480.00	9659.39
481.00	9605.56
482.00	9745.99
483.00	9837.27
484.00	9645.35
485.00	9973.02
486.00	9848.97
487.00	9987.07
488.00	10052.60
489.00	10061.96
490.00	9961.32
491.00	9944.94
492.00	10019.83
493.00	9942.60
494.00	10162.61
495.00	10010.47
496.00	10008.13
497.00	10085.37
498.00	10279.63
499.00	10204.74
500.00	10279.63
501.00	10272.61
502.00	10368.57
503.00	10136.86
504.00	10068.98
505.00	10537.09
506.00	10305.38
507.00	10459.85
508.00	10572.20
509.00	10338.15
510.00	10487.94
511.00	10661.14
512.00	10581.56
513.00	10602.63
514.00	10619.01
515.00	10752.42
516.00	10698.59
517.00	10616.67
518.00	10581.56
519.00	10693.91
520.00	10597.95
521.00	10998.18
522.00	10541.77
523.00	10602.63
524.00	10754.76
525.00	10972.43
526.00	11239.25
527.00	10981.79
528.00	10824.98
529.00	10850.72
530.00	10913.92
531.00	11094.14
532.00	10897.53
533.00	10874.13
534.00	11131.59
535.00	11157.33
536.00	11190.10
537.00	10963.07
538.00	11112.86
539.00	11428.84
540.00	11206.48
541.00	11147.97
542.00	11316.49
543.00	11260.32
544.00	11281.38
545.00	11564.59
546.00	11534.16
547.00	11370.32
548.00	11529.48
549.00	11634.80
550.00	11583.31
551.00	11758.85
552.00	11482.67
553.00	11817.36
554.00	11761.19
555.00	11646.51
556.00	12114.61
557.00	11585.65
558.00	12030.35
559.00	11887.58
560.00	12086.53
561.00	12131.00
562.00	12390.80
563.00	12252.70
564.00	12453.99
565.00	12325.26
566.00	12580.38
567.00	12774.64
568.00	12407.18
569.00	12791.03
570.00	12463.35
571.00	12968.91
572.00	12903.37
573.00	12784.01
574.00	12861.24
575.00	12847.20
576.00	13158.49
577.00	13034.44
578.00	13104.66
579.00	13202.96
580.00	13034.44
581.00	13448.72
582.00	13228.71
583.00	13350.42
584.00	13376.16
585.00	13418.29
586.00	13736.60
587.00	13956.61
588.00	13722.56
589.00	13823.20
590.00	14148.54
591.00	14230.46
592.00	14223.44
593.00	14099.39
594.00	14621.33
595.00	14469.19
596.00	14455.15
597.00	14977.09
598.00	14611.96
599.00	14876.44
600.00	15005.17
601.00	15363.28
602.00	15339.87
603.00	15442.85
604.00	15213.48
605.00	15585.63
606.00	15892.24
607.00	15634.78
608.00	15913.30
609.00	16177.78
610.00	15475.62
611.00	16290.13
612.00	16248.00
613.00	16622.48
614.00	16332.26
615.00	16854.20
616.00	16692.70
617.00	16975.91
618.00	16769.94
619.00	17212.30
620.00	16915.05
621.00	17151.45
622.00	17366.78
623.00	17706.15
624.00	18150.85
625.00	17764.67
626.00	17905.10
627.00	17853.61
628.00	17839.56
629.00	18438.74
630.00	18485.55
631.00	18890.46
632.00	18523.00
633.00	18682.16
634.00	19393.68
635.00	19531.77
636.00	19091.75
637.00	19489.64
638.00	19740.08
639.00	19501.34
640.00	19620.71
641.00	19882.85
642.00	20168.40
643.00	20245.63
644.00	20397.77
645.00	20262.02
646.00	20664.59
647.00	20692.68
648.00	20692.68
649.00	21090.57
650.00	21628.89
651.00	21596.12
652.00	21656.98
653.00	21713.15
654.00	21652.30
655.00	21752.94
656.00	22199.98
657.00	22073.59
658.00	22764.05
659.00	22476.16
660.00	22544.04
661.00	22841.29
662.00	23157.26
663.00	23262.58
664.00	23204.07
665.00	23475.57
666.00	23138.54
667.00	23882.83
668.00	23754.10
669.00	24102.84
670.00	24027.94
671.00	23974.11
672.00	24709.04
673.00	24477.32
674.00	24704.35
675.00	24807.34
676.00	24924.36
677.00	25062.46
678.00	25305.87
679.00	25256.72
680.00	25455.67
681.00	25371.41
682.00	25944.84
683.00	25598.44
684.00	25818.45
685.00	26190.59
686.00	26338.05
687.00	26106.34
688.00	26553.38
689.00	26356.77
690.00	26658.70
691.00	26789.77
692.00	27314.05
693.00	27232.13
694.00	27531.72
695.00	27653.43
696.00	27623.00
697.00	27765.78
698.00	28182.39
699.00	28030.26
700.00	27833.65
701.00	28287.71
702.00	28357.93
703.00	28479.64
704.00	28538.15
705.00	28755.82
706.00	28549.85
707.00	28940.72
708.00	29095.20
709.00	28982.85
710.00	29645.23
711.00	29275.42
712.00	29439.26
713.00	29748.21
714.00	29656.93
715.00	29961.20
716.00	30043.12
717.00	30218.66
718.00	30459.73
719.00	30143.76
720.00	30181.21
721.00	30639.95
722.00	30487.82
723.00	30543.99
724.00	30951.24
725.00	31353.82
726.00	30766.34
727.00	30522.93
728.00	31447.44
729.00	31428.71
730.00	31447.44
731.00	31524.68
732.00	31613.62
733.00	31536.38
734.00	31622.98
735.00	31807.88
736.00	31859.37
737.00	31442.76
738.00	32240.88
739.00	32238.54
740.00	32247.90
741.00	32428.12
742.00	32638.77
743.00	32107.47
744.00	32620.05
745.00	33020.28
746.00	32535.79
747.00	32910.27
748.00	33268.37
749.00	32950.06
750.00	33369.02
751.00	33560.94
752.00	33069.43
753.00	33600.73
754.00	33518.81
755.00	33663.93
756.00	33572.64
757.00	33652.22
758.00	33476.68
759.00	33605.41
760.00	33710.74
761.00	34136.71
762.00	34593.12
763.00	33846.49
764.00	34342.68
765.00	33984.58
766.00	34567.37
767.00	34286.51
768.00	34672.70
769.00	34876.32
770.00	35503.59
771.00	35164.21
772.00	35346.77
773.00	35374.86
774.00	35150.17
775.00	35108.04
776.00	35232.08
777.00	35718.92
778.00	35852.33
779.00	35758.70
780.00	36116.81
781.00	35690.83
782.00	35857.01
783.00	36210.43
784.00	35995.10
785.00	36060.63
786.00	36814.29
787.00	36414.05
788.00	36165.96
789.00	36807.26
790.00	36264.26
791.00	36638.75
792.00	37120.90
793.00	36505.34
794.00	37237.92
795.00	37170.05
796.00	37352.61
797.00	36552.15
798.00	37081.11
799.00	37207.50
800.00	37338.57
801.00	38010.30
802.00	37415.80
803.00	37563.26
804.00	37902.64
805.00	37228.56
806.00	37645.18
807.00	38010.30
808.00	38281.80
809.00	38565.01
810.00	38359.04
811.00	38302.87
812.00	38567.35
813.00	38246.69
814.00	38192.86
815.00	38752.25
816.00	39021.41
817.00	38857.57
818.00	38972.26
819.00	38389.47
820.00	38529.90
821.00	38646.93
822.00	38724.16
823.00	38937.15
824.00	39328.02
825.00	39573.78
826.00	39054.18
827.00	39206.31
828.00	39779.74
829.00	39253.12
830.00	39604.20
831.00	39487.18
832.00	39407.60
833.00	39718.89
834.00	39732.93
835.00	39952.94
836.00	40137.85
837.00	40383.60
838.00	40322.75
839.00	39896.77
840.00	39955.29
841.00	40617.66
842.00	40589.57
843.00	41097.47
844.00	41205.13
845.00	40678.51
846.00	40945.33
847.00	40739.36
848.00	40912.56
849.00	40603.61
850.00	41549.19
851.00	41223.86
852.00	41394.71
853.00	41523.44
854.00	41687.28
855.00	41158.32
856.00	40996.82
857.00	41273.01
858.00	42087.51
859.00	41839.42
860.00	41427.48
861.00	41457.91
862.00	41270.67
863.00	41385.35
864.00	41816.01
865.00	42078.15
866.00	42195.18
867.00	42274.76
868.00	42410.51
869.00	42417.53
870.00	42806.06
871.00	41890.91
872.00	42405.83
873.00	42682.01
874.00	42167.09
875.00	42827.12
876.00	42361.36
877.00	43201.61
878.00	42972.24
879.00	42595.41
880.00	42686.69
881.00	42450.30
882.00	42869.25
883.00	43093.94
884.00	43253.10
885.00	42930.11
886.00	43068.20
887.00	43658.01
888.00	43253.10
889.00	42995.64
890.00	42990.96
891.00	43274.16
892.00	43538.65
893.00	43173.52
894.00	43681.42
895.00	43807.81
896.00	43597.16
897.00	43185.22
898.00	43299.91
899.00	43452.05
900.00	43962.28
901.00	43679.08
902.00	43910.79
903.00	43973.98
904.00	43828.87
905.00	44079.31
906.00	44336.77
907.00	43945.90
908.00	44093.35
909.00	44128.46
910.00	44392.94
911.00	44842.32
912.00	44751.04
913.00	44645.72
914.00	44533.37
915.00	44102.71
916.00	44605.93
917.00	44252.51
918.00	45212.13
919.00	44924.24
920.00	44631.68
921.00	44727.64
922.00	44720.62
923.00	44865.73
924.00	44353.15
925.00	44685.51
926.00	44933.60
927.00	45020.20
928.00	45385.33
929.00	45640.45
930.00	45593.64
931.00	45380.65
932.00	45184.04
933.00	45221.49
934.00	45617.04
935.00	45530.44
936.00	45132.55
937.00	46129.62
938.00	45846.41
939.00	45385.33
940.00	45844.07
941.00	45448.52
942.00	45282.34
943.00	45247.24
944.00	45518.74
945.00	45996.21
946.00	45935.35
947.00	46028.98
948.00	45832.37
949.00	45867.48
950.00	46071.10
951.00	46038.34
952.00	46078.13
953.00	45911.95
954.00	46354.31
955.00	46120.26
956.00	46440.91
957.00	46202.18
958.00	46597.73
959.00	46258.35
960.00	46010.25
961.00	45792.58
962.00	46082.81
963.00	47016.68
964.00	46375.37
965.00	46855.18
966.00	47047.11
967.00	47009.66
968.00	47105.62
969.00	46775.61
970.00	47096.26
971.00	47304.57
972.00	47325.63
973.00	47489.47
974.00	47082.22
975.00	47662.67
976.00	47370.10
977.00	46993.28
978.00	47007.32
979.00	47086.90
980.00	47054.13
981.00	47365.42
982.00	47681.39
983.00	47980.98
984.00	47751.61
985.00	47693.10
986.00	47487.13
987.00	47512.88
988.00	46770.93
989.00	47533.94
990.00	47051.79
991.00	47510.53
992.00	47674.37
993.00	47648.63
994.00	47772.67
995.00	48360.15
996.00	48184.61
997.00	47901.40
998.00	47929.49
999.00	48081.63
1000.00	48254.82
1001.00	48205.67
1002.00	48067.58
1003.00	48107.37
1004.00	47833.53
1005.00	48123.75
1006.00	48065.24
1007.00	47819.49
1008.00	48112.05
1009.00	47852.25
1010.00	48491.22
1011.00	48268.87
1012.00	48713.57
1013.00	48842.30
1014.00	47866.30
1015.00	48573.14
1016.00	48158.86
1017.00	48318.02
1018.00	48303.98
1019.00	48243.12
1020.00	48865.70
1021.00	48760.38
1022.00	48734.63
1023.00	48725.27
1024.00	48917.20
1025.00	48697.19
1026.00	49153.59
1027.00	49034.22
1028.00	48746.34
1029.00	48772.08
1030.00	48633.99
1031.00	49069.33
1032.00	49207.42
1033.00	49062.31
1034.00	48947.62
1035.00	49069.33
1036.00	48666.76
1037.00	49336.15
1038.00	49251.89
1039.00	49111.46
1040.00	49167.63
1041.00	49263.60
1042.00	48898.47
1043.00	49062.31
1044.00	48870.39
1045.00	49359.56
1046.00	49717.66
1047.00	49013.16
1048.00	49031.88
1049.00	49382.96
1050.00	49263.60
1051.00	49734.04
1052.00	49593.61
1053.00	49434.45
1054.00	49471.90
1055.00	48861.02
1056.00	49518.71
1057.00	48898.47
1058.00	49165.29
1059.00	49883.84
1060.00	49464.88
1061.00	49717.66
1062.00	49792.56
1063.00	49450.84
1064.00	49069.33
1065.00	49851.07
1066.00	49511.69
1067.00	49237.85
1068.00	49656.81
1069.00	50223.22
1070.00	49827.66
1071.00	49879.16
1072.00	50012.57
1073.00	49965.76
1074.00	49511.69
1075.00	49832.35
1076.00	49787.88
1077.00	49574.89
1078.00	49626.38
1079.00	49801.92
1080.00	49813.62
1081.00	50164.70
1082.00	50057.04
1083.00	49904.90
1084.00	49588.93
1085.00	49394.67
1086.00	49851.07
1087.00	49729.36
1088.00	50263.00
1089.00	49961.08
1090.00	50277.05
1091.00	50389.39
1092.00	50096.83
1093.00	50031.29
1094.00	49722.34
1095.00	50021.93
1096.00	49921.29
1097.00	50085.12
1098.00	50040.65
1099.00	50234.92
1100.00	50274.71
1101.00	49879.16
1102.00	50047.68
1103.00	50567.27
1104.00	49745.75
1105.00	50033.63
1106.00	50057.04
1107.00	49993.84
1108.00	50162.36
1109.00	50454.93
1110.00	50600.04
1111.00	50501.74
1112.00	50438.54
1113.00	50513.44
1114.00	49954.05
1115.00	50373.01
1116.00	50092.15
1117.00	50176.40
1118.00	50021.93
1119.00	50150.66
1120.00	50508.76
1121.00	50171.72
1122.00	50412.80
1123.00	50560.25
1124.00	50000.86
1125.00	50103.85
1126.00	49518.71
1127.00	49874.48
1128.00	50192.79
1129.00	49830.01
1130.00	50068.74
1131.00	50440.89
1132.00	50014.91
1133.00	49872.14
1134.00	50583.66
1135.00	49958.73
1136.00	49895.54
1137.00	50164.70
1138.00	50106.19
1139.00	49813.62
1140.00	50614.08
1141.00	50096.83
1142.00	50518.12
1143.00	50253.64
1144.00	51042.40
1145.00	49902.56
1146.00	50248.96
1147.00	50387.05
1148.00	49895.54
1149.00	50096.83
1150.00	50300.45
1151.00	50700.68
1152.00	50248.96
1153.00	51040.06
1154.00	50571.96
1155.00	50251.30
1156.00	50405.78
1157.00	50202.15
1158.00	50302.79
1159.00	50134.28
1160.00	50597.70
1161.00	50075.76
1162.00	50564.93
1163.00	50415.14
1164.00	50295.77
1165.00	50328.54
1166.00	50358.97
1167.00	50148.32
1168.00	50225.56
1169.00	50305.13
1170.00	49921.29
1171.00	49808.94
1172.00	50475.99
1173.00	50054.70
1174.00	50595.36
1175.00	50635.15
1176.00	50370.67
1177.00	50401.10
1178.00	50040.65
1179.00	49790.22
1180.00	49867.45
1181.00	50068.74
1182.00	50010.23
1183.00	50103.85
1184.00	50141.30
1185.00	50553.23
1186.00	50499.40
1187.00	50122.57
1188.00	50461.95
1189.00	50075.76
1190.00	49963.42
1191.00	50251.30
1192.00	50323.86
1193.00	49963.42
1194.00	50012.57
1195.00	50110.87
1196.00	50688.98
1197.00	50337.90
1198.00	50454.93
1199.00	50101.51
1200.00	50375.35
1201.00	50209.17
1202.00	50066.40
1203.00	49818.30
1204.00	50370.67
1205.00	50127.25
1206.00	50419.82
1207.00	50440.89
1208.00	50403.44
1209.00	50431.52
1210.00	50354.29
1211.00	50358.97
1212.00	50108.53
1213.00	50040.65
1214.00	49993.84
1215.00	50064.06
1216.00	50459.61
1217.00	50082.78
1218.00	50169.38
1219.00	50157.68
1220.00	50326.20
1221.00	50370.67
1222.00	50141.30
1223.00	50258.32
1224.00	50026.61
1225.00	49783.19
1226.00	50080.44
1227.00	50258.32
1228.00	50059.38
1229.00	50398.76
1230.00	50309.82
1231.00	50192.79
1232.00	50391.73
1233.00	50209.17
1234.00	50314.50
1235.00	50143.64
1236.00	49762.13
1237.00	49954.05
1238.00	50094.49
1239.00	50398.76
1240.00	50653.87
1241.00	50410.46
1242.00	50550.89
1243.00	50504.08
1244.00	50415.14
1245.00	49944.69
1246.00	50136.62
1247.00	50270.03
1248.00	50237.26
1249.00	49834.69
1250.00	50239.60
1251.00	50314.50
1252.00	50368.33
1253.00	50642.17
1254.00	50564.93
1255.00	50817.71
1256.00	50258.32
1257.00	50485.36
1258.00	50527.48
1259.00	50059.38
1260.00	49626.38
1261.00	50108.53
1262.00	50555.57
1263.00	50501.74
1264.00	50798.99
1265.00	50499.40
1266.00	50869.20
1267.00	50480.67
1268.00	50281.73
1269.00	50300.45
1270.00	50473.65
1271.00	50171.72
1272.00	50174.06
1273.00	50417.48
1274.00	50302.79
1275.00	50871.54
1276.00	50721.75
1277.00	50506.42
1278.00	50181.09
1279.00	50532.17
1280.00	50820.05
1281.00	50532.17
1282.00	50190.45
1283.00	50202.15
1284.00	50225.56
1285.00	50103.85
1286.00	50857.50
1287.00	50295.77
1288.00	50904.31
1289.00	50553.23
1290.00	50555.57
1291.00	50309.82
1292.00	50539.19
1293.00	50492.38
1294.00	50141.30
1295.00	50337.90
1296.00	50103.85
1297.00	50380.03
1298.00	50457.27
1299.00	50387.05
1300.00	50525.14
1301.00	50480.67
1302.00	50454.93
1303.00	50230.24
1304.00	49968.10
1305.00	50571.96
1306.00	50396.42
1307.00	50408.12
1308.00	50300.45
1309.00	50323.86
1310.00	50241.94
1311.00	50227.90
1312.00	50272.37
1313.00	50834.10
1314.00	50218.53
1315.00	50557.91
1316.00	50263.00
1317.00	50080.44
1318.00	50344.92
1319.00	50040.65
1320.00	50263.00
1321.00	50548.55
1322.00	50213.85
1323.00	50618.77
1324.00	50745.15
1325.00	50555.57
1326.00	50646.85
1327.00	50171.72
1328.00	50246.62
1329.00	50497.06
1330.00	50611.74
1331.00	50054.70
1332.00	49961.08
1333.00	49958.73
1334.00	50321.52
1335.00	50555.57
1336.00	50623.45
1337.00	50518.12
1338.00	50255.98
1339.00	50155.34
1340.00	50534.51
1341.00	49794.90
1342.00	49944.69
1343.00	49617.02
1344.00	50059.38
1345.00	49858.09
1346.00	49930.65
1347.00	50138.96
1348.00	50445.57
1349.00	49961.08
1350.00	50005.55
1351.00	50178.75
1352.00	50082.78
1353.00	49762.13
1354.00	49879.16
1355.00	49394.67
1356.00	50246.62
1357.00	50068.74
1358.00	50401.10
1359.00	50045.33
1360.00	50129.59
1361.00	50047.68
1362.00	49841.71
1363.00	50160.02
1364.00	49673.19
1365.00	50096.83
1366.00	49928.31
1367.00	49485.95
1368.00	49605.31
1369.00	49495.31
1370.00	50059.38
1371.00	49893.20
1372.00	49972.78
1373.00	49755.11
1374.00	50010.23
1375.00	49832.35
1376.00	49944.69
1377.00	50050.02
1378.00	49588.93
1379.00	49607.65
1380.00	49483.61
1381.00	49106.78
1382.00	49436.80
1383.00	49436.80
1384.00	49542.12
1385.00	49661.49
1386.00	49490.63
1387.00	49673.19
1388.00	49525.74
1389.00	49326.79
1390.00	49308.07
1391.00	49350.20
1392.00	49104.44
1393.00	49200.40
1394.00	49090.40
1395.00	49301.04
1396.00	49050.61
1397.00	49179.34
1398.00	49656.81
1399.00	49694.25
1400.00	49499.99
1401.00	49647.44
1402.00	49326.79
1403.00	49045.93
1404.00	48706.55
1405.00	48573.14
1406.00	48861.02
1407.00	49272.96
1408.00	49244.87
1409.00	49261.26
1410.00	49134.87
1411.00	49193.38
1412.00	49291.68
1413.00	49233.17
1414.00	49111.46
1415.00	48978.05
1416.00	48624.63
1417.00	48870.39
1418.00	48542.71
1419.00	48671.44
1420.00	48374.19
1421.00	48685.48
1422.00	48439.73
1423.00	48683.14
1424.00	48882.09
1425.00	48715.91
1426.00	48814.21
1427.00	48193.97
1428.00	48474.84
1429.00	48261.85
1430.00	48584.84
1431.00	48554.41
1432.00	48032.47
1433.00	48318.02
1434.00	48112.05
1435.00	48348.45
1436.00	48673.78
1437.00	48320.36
1438.00	48502.92
1439.00	48343.77
1440.00	48296.95
1441.00	48170.57
1442.00	47814.80
1443.00	48016.09
1444.00	48044.18
1445.00	47597.13
1446.00	47803.10
1447.00	48306.32
1448.00	47873.32
1449.00	48062.90
1450.00	47796.08
1451.00	48229.08
1452.00	48100.35
1453.00	47950.56
1454.00	48039.50
1455.00	47833.53
1456.00	47608.84
1457.00	47571.39
1458.00	47620.54
1459.00	48119.07
1460.00	47538.62
1461.00	47566.71
1462.00	47421.59
1463.00	47896.72
1464.00	47789.06
1465.00	47870.98
1466.00	47409.89
1467.00	47760.97
1468.00	47576.07
1469.00	46911.36
1470.00	47309.25
1471.00	47210.95
1472.00	47051.79
1473.00	47466.06
1474.00	47126.69
1475.00	47150.09
1476.00	47749.27
1477.00	47473.09
1478.00	47547.98
1479.00	47374.78
1480.00	47501.17
1481.00	46766.24
1482.00	46829.44
1483.00	46981.57
1484.00	46635.17
1485.00	46401.12
1486.00	46373.03
1487.00	46728.80
1488.00	46731.14
1489.00	46663.26
1490.00	46642.20
1491.00	46855.18
1492.00	46810.71
1493.00	46848.16
1494.00	46817.74
1495.00	46621.13
1496.00	46539.21
1497.00	46976.89
1498.00	46298.14
1499.00	46607.09
1500.00	46178.77
1501.00	46525.17
1502.00	46644.54
1503.00	46583.68
1504.00	46396.44
1505.00	46731.14
1506.00	46520.49
1507.00	46518.15
1508.00	46096.85
1509.00	46267.71
1510.00	46220.90
1511.00	45970.46
1512.00	45844.07
1513.00	45464.91
1514.00	45820.67
1515.00	45595.98
1516.00	45734.07
1517.00	45474.27
1518.00	45612.36
1519.00	45593.64
1520.00	45539.80
1521.00	45766.84
1522.00	45830.03
1523.00	45490.65
1524.00	45549.17
1525.00	45481.29
1526.00	45766.84
1527.00	45270.64
1528.00	44898.50
1529.00	45385.33
1530.00	45347.88
1531.00	45752.79
1532.00	45411.07
1533.00	45549.17
1534.00	45439.16
1535.00	45511.72
1536.00	45427.46
1537.00	45380.65
1538.00	45191.06
1539.00	45078.72
1540.00	45226.17
1541.00	45289.37
1542.00	44842.32
1543.00	45153.62
1544.00	45102.12
1545.00	44964.03
1546.00	45212.13
1547.00	44879.77
1548.00	44821.26
1549.00	45450.86
1550.00	44825.94
1551.00	44987.44
1552.00	44655.08
1553.00	44608.27
1554.00	44879.77
1555.00	44257.19
1556.00	44687.85
1557.00	44839.98
1558.00	44479.54
1559.00	44348.47
1560.00	44524.01
1561.00	44128.46
1562.00	44779.13
1563.00	44659.76
1564.00	44737.00
1565.00	44430.39
1566.00	44088.67
1567.00	44304.00
1568.00	44619.97
1569.00	44292.30
1570.00	44091.01
1571.00	44414.01
1572.00	43908.45
1573.00	43976.33
1574.00	44313.36
1575.00	44179.95
1576.00	44231.44
1577.00	43875.68
1578.00	44091.01
1579.00	43964.62
1580.00	44222.08
1581.00	44013.77
1582.00	43772.70
1583.00	43356.08
1584.00	43777.38
1585.00	43639.29
1586.00	43470.77
1587.00	43241.40
1588.00	43166.50
1589.00	44102.71
1590.00	43349.06
1591.00	43646.31
1592.00	43840.57
1593.00	43246.08
1594.00	43503.54
1595.00	43435.66
1596.00	43154.80
1597.00	43454.39
1598.00	43037.77
1599.00	42843.51
1600.00	43084.58
1601.00	42782.65
1602.00	43091.60
1603.00	42965.21
1604.00	42934.79
1605.00	42887.98
1606.00	42932.45
1607.00	42979.26
1608.00	42705.41
1609.00	42623.50
1610.00	42689.03
1611.00	42911.38
1612.00	42391.78
1613.00	42527.53
1614.00	42562.64
1615.00	42658.60
1616.00	42649.24
1617.00	43014.37
1618.00	42766.27
1619.00	42604.77
1620.00	43168.84
1621.00	43000.32
1622.00	42913.72
1623.00	42995.64
1624.00	42731.16
1625.00	42841.17
1626.00	42476.04
1627.00	41993.89
1628.00	42291.14
1629.00	42382.42
1630.00	42401.14
1631.00	42794.36
1632.00	42253.69
1633.00	42206.88
1634.00	41968.15
1635.00	41853.46
1636.00	42405.83
1637.00	42363.70
1638.00	42660.94
1639.00	42167.09
1640.00	42216.24
1641.00	41750.48
1642.00	41881.55
1643.00	41516.42
1644.00	42024.32
1645.00	42251.35
1646.00	42007.94
1647.00	42085.17
1648.00	41729.41
1649.00	42143.69
1650.00	42195.18
1651.00	41600.68
1652.00	41357.27
1653.00	41940.06
1654.00	42033.68
1655.00	41448.55
1656.00	41476.63
1657.00	41207.47
1658.00	41408.76
1659.00	41441.53
1660.00	41289.39
1661.00	41144.28
1662.00	41219.17
1663.00	41268.33
1664.00	41158.32
1665.00	41659.20
1666.00	41172.36
1667.00	41270.67
1668.00	41284.71
1669.00	41427.48
1670.00	41125.55
1671.00	40947.67
1672.00	40989.80
1673.00	40828.30
1674.00	40652.76
1675.00	40832.99
1676.00	40680.85
1677.00	41258.96
1678.00	41071.72
1679.00	40903.20
1680.00	40486.59
1681.00	41130.23
1682.00	40720.64
1683.00	40847.03
1684.00	40928.95
1685.00	40767.45
1686.00	40683.19
1687.00	40423.39
1688.00	40521.69
1689.00	40294.66
1690.00	40439.78
1691.00	40552.12
1692.00	40325.09
1693.00	40252.53
1694.00	39789.11
1695.00	40257.21
1696.00	40362.54
1697.00	40612.98
1698.00	40367.22
1699.00	40355.52
1700.00	40217.43
1701.00	40287.64
1702.00	39707.19
1703.00	39580.80
1704.00	39847.62
1705.00	39817.19
1706.00	39463.77
1707.00	39831.24
1708.00	39529.31
1709.00	39552.71
1710.00	39873.37
1711.00	39615.91
1712.00	39798.47
1713.00	39533.99
1714.00	39583.14
1715.00	39999.76
1716.00	39739.96
1717.00	39634.63
1718.00	39206.31
1719.00	39686.12
1720.00	39178.23
1721.00	38967.58
1722.00	38983.96
1723.00	39274.19
1724.00	38724.16
1725.00	38780.34
1726.00	38714.80
1727.00	38888.00
1728.00	39218.02
1729.00	38885.66
1730.00	38703.10
1731.00	39105.67
1732.00	38904.38
1733.00	38775.66
1734.00	38375.42
1735.00	38218.61
1736.00	38302.87
1737.00	38148.39
1738.00	37846.46
1739.00	37839.44
1740.00	38019.66
1741.00	38134.35
1742.00	38368.40
1743.00	38000.94
1744.00	38113.28
1745.00	38223.29
1746.00	38085.20
1747.00	38417.55
1748.00	37993.92
1749.00	37748.16
1750.00	37923.70
1751.00	37673.26
1752.00	37317.50
1753.00	37109.19
1754.00	37282.39
1755.00	37090.47
1756.00	37425.17
1757.00	36957.06
1758.00	37387.72
1759.00	37240.26
1760.00	37209.84
1761.00	37535.17
1762.00	37497.72
1763.00	37319.84
1764.00	36921.95
1765.00	37195.79
1766.00	36889.18
1767.00	37092.81
1768.00	36346.18
1769.00	36598.96
1770.00	36617.68
1771.00	36774.50
1772.00	36409.37
1773.00	36751.09
1774.00	36514.70
1775.00	36744.07
1776.00	36343.84
1777.00	36175.32
1778.00	35868.71
1779.00	36285.33
1780.00	35828.92
1781.00	36130.85
1782.00	35950.63
1783.00	36177.66
1784.00	35756.36
1785.00	35611.25
1786.00	35543.38
1787.00	35515.29
1788.00	35693.17
1789.00	35346.77
1790.00	35845.30
1791.00	35512.95
1792.00	35194.64
1793.00	35274.21
1794.00	35679.13
1795.00	35267.19
1796.00	35255.49
1797.00	35086.97
1798.00	35634.66
1799.00	35168.89
1800.00	35283.58
1801.00	34733.55
1802.00	34520.56
1803.00	34618.86
1804.00	34047.77
1805.00	34181.18
1806.00	34295.87
1807.00	34389.49
1808.00	34216.29
1809.00	34328.64
1810.00	34064.16
1811.00	34174.16
1812.00	34115.65
1813.00	33778.61
1814.00	34279.49
1815.00	33912.02
1816.00	33422.85
1817.00	33591.37
1818.00	33523.49
1819.00	33476.68
1820.00	33397.10
1821.00	33331.57
1822.00	33457.96
1823.00	33039.00
1824.00	33083.47
1825.00	33404.13
1826.00	32898.57
1827.00	33251.99
1828.00	33127.94
1829.00	33064.75
1830.00	32591.96
1831.00	31737.66
1832.00	33017.94
1833.00	32884.53
1834.00	32744.09
1835.00	32634.09
1836.00	32584.94
1837.00	32072.36
1838.00	31742.35
1839.00	32336.84
1840.00	31637.02
1841.00	31850.01
1842.00	31276.58
1843.00	31274.24
1844.00	31796.18
1845.00	31637.02
1846.00	31412.33
1847.00	31227.43
1848.00	31110.40
1849.00	31255.51
1850.00	30590.80
1851.00	30986.35
1852.00	31417.01
1853.00	31023.80
1854.00	30375.47
1855.00	30810.81
1856.00	30232.70
1857.00	30192.91
1858.00	30476.12
1859.00	30323.98
1860.00	30419.94
1861.00	30146.10
1862.00	30024.39
1863.00	30267.81
1864.00	30274.83
1865.00	30190.57
1866.00	29830.13
1867.00	29759.91
1868.00	29680.33
1869.00	29631.18
1870.00	29237.97
1871.00	29289.46
1872.00	28882.21
1873.00	29132.65
1874.00	29434.58
1875.00	28975.83
1876.00	29134.99
1877.00	28596.67
1878.00	28828.38
1879.00	28411.76
1880.00	28266.65
1881.00	28580.28
1882.00	28383.68
1883.00	28273.67
1884.00	28437.51
1885.00	28414.10
1886.00	28163.67
1887.00	27861.74
1888.00	27770.46
1889.00	27646.41
1890.00	27449.80
1891.00	27344.48
1892.00	27562.15
1893.00	27033.19
1894.00	27197.02
1895.00	27225.11
1896.00	26841.26
1897.00	27012.12
1898.00	27054.25
1899.00	26951.27
1900.00	27143.19
1901.00	26801.47
1902.00	26595.51
1903.00	26513.59
1904.00	26745.30
1905.00	26396.56
1906.00	25869.94
1907.00	25926.11
1908.00	26195.28
1909.00	25745.89
1910.00	25666.31
1911.00	25469.71
1912.00	25633.55
1913.00	25551.63
1914.00	25811.43
1915.00	25556.31
1916.00	25640.57
1917.00	25687.38
1918.00	25284.81
1919.00	25399.49
1920.00	25586.74
1921.00	25198.21
1922.00	25298.85
1923.00	24952.45
1924.00	24774.57
1925.00	24273.70
1926.00	24709.04
1927.00	24243.27
1928.00	24231.57
1929.00	24304.12
1930.00	24507.75
1931.00	24156.67
1932.00	24318.17
1933.00	24037.30
1934.00	24177.73
1935.00	24222.20
1936.00	24306.46
1937.00	23889.85
1938.00	23756.44
1939.00	23910.91
1940.00	23730.69
1941.00	23941.34
1942.00	23431.10
1943.00	23370.25
1944.00	23206.41
1945.00	23068.32
1946.00	22780.43
1947.00	22885.76
1948.00	22794.48
1949.00	22672.77
1950.00	22525.32
1951.00	22574.47
1952.00	22672.77
1953.00	22621.28
1954.00	22544.04
1955.00	22415.31
1956.00	22375.52
1957.00	22003.38
1958.00	22462.12
1959.00	21958.91
1960.00	22050.19
1961.00	21820.81
1962.00	21778.68
1963.00	21762.30
1964.00	21804.43
1965.00	21387.82
1966.00	21282.49
1967.00	21186.53
1968.00	20863.54
1969.00	20725.44
1970.00	20978.22
1971.00	20943.11
1972.00	20872.90
1973.00	21013.33
1974.00	20849.49
1975.00	20695.02
1976.00	20524.16
1977.00	20786.30
1978.00	20526.50
1979.00	20524.16
1980.00	20355.64
1981.00	20112.22
1982.00	19798.59
1983.00	19988.18
1984.00	19735.40
1985.00	19798.59
1986.00	19791.57
1987.00	19440.49
1988.00	19452.19
1989.00	19456.87
1990.00	19271.97
1991.00	19190.05
1992.00	19557.52
1993.00	19321.12
1994.00	19363.25
1995.00	18815.57
1996.00	18965.36
1997.00	19014.51
1998.00	19030.90
1999.00	18806.20
2000.00	18623.64
2001.00	18677.48
2002.00	18525.34
2003.00	18806.20
2004.00	18305.33
2005.00	18312.35
2006.00	18054.89
2007.00	17837.22
2008.00	18317.03
2009.00	17893.40
2010.00	17778.71
2011.00	18029.15
2012.00	18029.15
2013.00	18249.16
2014.00	17750.62
2015.00	18022.12
2016.00	17652.32
2017.00	17446.35
2018.00	17872.33
2019.00	17338.69
2020.00	17245.07
2021.00	17057.82
2022.00	17121.02
2023.00	17048.46
2024.00	16720.79
2025.00	16774.62
2026.00	16828.45
2027.00	16718.45
2028.00	16493.76
2029.00	16533.54
2030.00	16540.57
2031.00	16596.74
2032.00	16744.19
2033.00	16404.81
2034.00	16205.87
2035.00	16229.27
2036.00	16140.33
2037.00	16119.27
2038.00	15950.75
2039.00	15990.54
2040.00	16002.24
2041.00	15868.83
2042.00	15826.70
2043.00	15585.63
2044.00	15639.46
2045.00	15363.28
2046.00	15426.47
2047.00	15501.37
