0.00	1069.62
1.00	1069.62
2.00	1069.62
3.00	997.07
4.00	973.66
5.00	985.37
6.00	994.73
7.00	964.30
8.00	945.58
9.00	1004.09
10.00	887.06
11.00	954.94
12.00	936.21
13.00	929.19
14.00	952.60
15.00	943.24
16.00	1022.81
17.00	1011.11
18.00	983.02
19.00	1053.24
20.00	990.05
21.00	999.41
22.00	1011.11
23.00	1046.22
24.00	1151.54
25.00	1390.28
26.00	1446.45
27.00	1404.32
28.00	1509.65
29.00	1474.54
30.00	1467.52
31.00	1465.18
32.00	1486.24
33.00	1563.48
34.00	1476.88
35.00	1542.41
36.00	1493.26
37.00	1502.62
38.00	1614.97
39.00	1600.93
40.00	1596.25
41.00	1631.35
42.00	1565.82
43.00	1547.09
44.00	1626.67
45.00	1530.71
46.00	1636.03
47.00	1570.50
48.00	1692.21
49.00	1619.65
50.00	1610.29
51.00	1598.59
52.00	1657.10
53.00	1626.67
54.00	1689.87
55.00	1675.82
56.00	1713.27
57.00	1724.97
58.00	1682.85
59.00	1696.89
60.00	1710.93
61.00	1650.08
62.00	1678.16
63.00	1755.40
64.00	1795.19
65.00	1673.48
66.00	1675.82
67.00	1696.89
68.00	1715.61
69.00	1689.87
70.00	1703.91
71.00	1776.47
72.00	1809.23
73.00	1682.85
74.00	1790.51
75.00	1767.10
76.00	1781.15
77.00	1724.97
78.00	1748.38
79.00	1823.28
80.00	1860.73
81.00	1830.30
82.00	1818.60
83.00	1877.11
84.00	1914.56
85.00	1858.39
86.00	1797.53
87.00	1851.36
88.00	1900.52
89.00	1944.99
90.00	1879.45
91.00	1893.49
92.00	1874.77
93.00	2019.88
94.00	1942.64
95.00	2038.61
96.00	1919.24
97.00	1893.49
98.00	1865.41
99.00	1944.99
100.00	1909.88
101.00	2003.50
102.00	1956.69
103.00	1977.75
104.00	2010.52
105.00	1940.30
106.00	2036.27
107.00	1996.48
108.00	2024.56
109.00	1966.05
110.00	2045.63
111.00	2047.97
112.00	2083.08
113.00	2062.01
114.00	2043.29
115.00	2001.16
116.00	2031.58
117.00	2076.06
118.00	2125.21
119.00	2104.14
120.00	2052.65
121.00	2094.78
122.00	2165.00
123.00	2218.83
124.00	2186.06
125.00	2232.87
126.00	2193.08
127.00	2167.34
128.00	2193.08
129.00	2150.95
130.00	2141.59
131.00	2218.83
132.00	2218.83
133.00	2225.85
134.00	2291.38
135.00	2270.32
136.00	2298.41
137.00	2331.17
138.00	2267.98
139.00	2328.83
140.00	2305.43
141.00	2303.09
142.00	2340.54
143.00	2354.58
144.00	2415.43
145.00	2340.54
146.00	2413.09
147.00	2359.26
148.00	2340.54
149.00	2359.26
150.00	2368.62
151.00	2457.56
152.00	2387.35
153.00	2487.99
154.00	2469.27
155.00	2445.86
156.00	2480.97
157.00	2462.24
158.00	2502.03
159.00	2452.88
160.00	2572.25
161.00	2511.39
162.00	2537.14
163.00	2499.69
164.00	2619.06
165.00	2567.57
166.00	2516.08
167.00	2621.40
168.00	2588.63
169.00	2555.86
170.00	2715.02
171.00	2668.21
172.00	2567.57
173.00	2651.83
174.00	2670.55
175.00	2658.85
176.00	2700.98
177.00	2703.32
178.00	2810.98
179.00	2764.17
180.00	2708.00
181.00	2869.50
182.00	2832.05
183.00	2759.49
184.00	2813.32
185.00	2881.20
186.00	2902.26
187.00	2885.88
188.00	2956.10
189.00	2937.37
190.00	2796.94
191.00	3002.91
192.00	2963.12
193.00	2871.84
194.00	2911.63
195.00	2988.86
196.00	3082.49
197.00	3054.40
198.00	3038.02
199.00	3016.95
200.00	3019.29
201.00	3084.83
202.00	3166.74
203.00	3126.96
204.00	3119.93
205.00	3229.94
206.00	3225.26
207.00	3133.98
208.00	3119.93
209.00	3183.13
210.00	3265.05
211.00	3283.77
212.00	3141.00
213.00	3218.24
214.00	3246.32
215.00	3339.94
216.00	3405.48
217.00	3386.76
218.00	3396.12
219.00	3353.99
220.00	3440.59
221.00	3375.05
222.00	3412.50
223.00	3365.69
224.00	3428.88
225.00	3716.77
226.00	3599.74
227.00	3515.48
228.00	3442.93
229.00	3630.17
230.00	3557.61
231.00	3616.13
232.00	3714.43
233.00	3716.77
234.00	3754.22
235.00	3857.20
236.00	3798.69
237.00	3805.71
238.00	3878.27
239.00	3847.84
240.00	3812.73
241.00	3971.89
242.00	3908.69
243.00	3904.01
244.00	3899.33
245.00	4058.49
246.00	4023.38
247.00	4004.66
248.00	4049.13
249.00	4191.90
250.00	4187.22
251.00	4159.13
252.00	4159.13
253.00	4250.41
254.00	4194.24
255.00	4294.88
256.00	4428.29
257.00	4407.23
258.00	4301.90
259.00	4575.75
260.00	4559.36
261.00	4514.89
262.00	4383.82
263.00	4475.10
264.00	4461.06
265.00	4667.03
266.00	4655.33
267.00	4631.92
268.00	4751.29
269.00	4688.09
270.00	4758.31
271.00	4840.23
272.00	4671.71
273.00	4807.46
274.00	4828.53
275.00	4793.42
276.00	4997.04
277.00	4917.47
278.00	4910.44
279.00	4854.27
280.00	4964.28
281.00	5116.41
282.00	4985.34
283.00	5160.88
284.00	5100.03
285.00	5116.41
286.00	5179.61
287.00	5116.41
288.00	5107.05
289.00	5118.75
290.00	5153.86
291.00	5132.79
292.00	5018.11
293.00	5277.91
294.00	5228.76
295.00	5305.99
296.00	5352.81
297.00	5413.66
298.00	5364.51
299.00	5142.16
300.00	5179.61
301.00	4980.66
302.00	4980.66
303.00	5062.58
304.00	5313.02
305.00	5315.36
306.00	5320.04
307.00	5331.74
308.00	5238.12
309.00	5399.62
310.00	5240.46
311.00	5394.93
312.00	5486.22
313.00	5390.25
314.00	5317.70
315.00	5348.12
316.00	5472.17
317.00	5479.19
318.00	5509.62
319.00	5741.33
320.00	5521.32
321.00	5504.94
322.00	5476.85
323.00	5455.79
324.00	5570.48
325.00	5605.58
326.00	5514.30
327.00	5764.74
328.00	5790.49
329.00	5500.26
330.00	5472.17
331.00	5661.76
332.00	5579.84
333.00	5521.32
334.00	5626.65
335.00	5736.65
336.00	5771.76
337.00	5757.72
338.00	5767.08
339.00	5645.37
340.00	5919.21
341.00	5898.15
342.00	6129.86
343.00	5860.70
344.00	5966.03
345.00	6120.50
346.00	5996.45
347.00	6106.46
348.00	6122.84
349.00	6239.87
350.00	6122.84
351.00	6143.91
352.00	6225.82
353.00	6171.99
354.00	6118.16
355.00	6375.62
356.00	6029.22
357.00	6218.80
358.00	6347.53
359.00	6293.70
360.00	6593.29
361.00	6429.45
362.00	6490.31
363.00	6581.59
364.00	6441.15
365.00	6445.84
366.00	6516.05
367.00	6492.65
368.00	6429.45
369.00	6750.10
370.00	6595.63
371.00	6586.27
372.00	6480.94
373.00	6590.95
374.00	6558.18
375.00	6649.46
376.00	6712.66
377.00	6614.35
378.00	6635.42
379.00	6825.00
380.00	6885.86
381.00	6883.52
382.00	6993.52
383.00	7166.72
384.00	7061.40
385.00	7295.45
386.00	7286.09
387.00	7295.45
388.00	7187.79
389.00	7318.86
390.00	7524.82
391.00	7494.40
392.00	7276.73
393.00	7323.54
394.00	7522.48
395.00	7548.23
396.00	7482.69
397.00	7808.03
398.00	7564.61
399.00	7854.84
400.00	7843.14
401.00	7838.45
402.00	7726.11
403.00	7796.32
404.00	8128.68
405.00	7817.39
406.00	8053.78
407.00	8107.62
408.00	7981.23
409.00	7796.32
410.00	7836.11
411.00	7864.20
412.00	8006.97
413.00	7983.57
414.00	8238.69
415.00	8060.80
416.00	7915.69
417.00	7903.99
418.00	8037.40
419.00	8180.17
420.00	8030.38
421.00	7981.23
422.00	8163.79
423.00	7999.95
424.00	7981.23
425.00	7997.61
426.00	8121.66
427.00	8088.89
428.00	8067.83
429.00	8299.54
430.00	8269.11
431.00	8009.31
432.00	8053.78
433.00	8081.87
434.00	7978.89
435.00	8355.71
436.00	8348.69
437.00	8283.16
438.00	8409.54
439.00	8325.29
440.00	8681.05
441.00	8482.10
442.00	8315.92
443.00	8416.57
444.00	8449.33
445.00	8608.49
446.00	8634.24
447.00	8793.39
448.00	8596.79
449.00	8603.81
450.00	8589.77
451.00	8505.51
452.00	8891.70
453.00	8744.24
454.00	8671.68
455.00	8870.63
456.00	8662.32
457.00	8772.33
458.00	8802.75
459.00	8777.01
460.00	8697.43
461.00	8961.91
462.00	8847.22
463.00	9018.08
464.00	8762.97
465.00	8961.91
466.00	8772.33
467.00	8933.82
468.00	9018.08
469.00	9259.16
470.00	9385.55
471.00	9188.94
472.00	9273.20
473.00	9338.74
474.00	9114.05
475.00	9210.01
476.00	9472.15
477.00	9439.38
478.00	9703.86
479.00	9444.06
480.00	9781.10
481.00	9605.56
482.00	9621.94
483.00	9628.96
484.00	9715.56
485.00	9717.90
486.00	9680.46
487.00	9783.44
488.00	9795.14
489.00	9715.56
490.00	9757.69
491.00	9689.82
492.00	9776.42
493.00	9914.51
494.00	10052.60
495.00	10104.09
496.00	10108.77
497.00	10024.51
498.00	10076.01
499.00	10307.72
500.00	10190.69
501.00	10249.21
502.00	10223.46
503.00	10120.48
504.00	10136.86
505.00	10445.81
506.00	10277.29
507.00	10499.64
508.00	10614.33
509.00	10391.98
510.00	10298.36
511.00	10448.15
512.00	10487.94
513.00	10504.32
514.00	10647.10
515.00	10534.75
516.00	10593.26
517.00	10593.26
518.00	10506.66
519.00	10483.26
520.00	10614.33
521.00	10906.90
522.00	10434.11
523.00	10595.61
524.00	10576.88
525.00	10846.04
526.00	10913.92
527.00	10974.77
528.00	10684.55
529.00	10988.82
530.00	10759.44
531.00	10710.29
532.00	10927.96
533.00	10902.22
534.00	10829.66
535.00	10885.83
536.00	11119.89
537.00	10745.40
538.00	11236.91
539.00	11176.06
540.00	10979.45
541.00	10913.92
542.00	11108.18
543.00	11492.03
544.00	11239.25
545.00	11396.07
546.00	11367.98
547.00	11234.57
548.00	11353.94
549.00	11541.18
550.00	11653.53
551.00	11618.42
552.00	11700.34
553.00	11599.70
554.00	11611.40
555.00	11573.95
556.00	11948.43
557.00	11538.84
558.00	11892.26
559.00	11829.07
560.00	12044.40
561.00	11864.18
562.00	12079.50
563.00	11950.78
564.00	12128.66
565.00	12278.45
566.00	12051.42
567.00	12374.41
568.00	12194.19
569.00	12262.07
570.00	12175.47
571.00	12470.37
572.00	12779.32
573.00	12671.66
574.00	12865.92
575.00	12519.53
576.00	12819.11
577.00	12964.23
578.00	13071.89
579.00	13132.75
580.00	12996.99
581.00	12987.63
582.00	13130.41
583.00	13202.96
584.00	13324.67
585.00	13577.45
586.00	13998.74
587.00	13942.57
588.00	13671.07
589.00	13717.88
590.00	13994.06
591.00	13977.68
592.00	14066.62
593.00	14099.39
594.00	14466.85
595.00	14434.08
596.00	14593.24
597.00	14916.23
598.00	14703.25
599.00	14977.09
600.00	14984.11
601.00	15037.94
602.00	14963.04
603.00	15262.63
604.00	15286.04
605.00	15637.12
606.00	15817.34
607.00	15616.05
608.00	15845.43
609.00	15988.20
610.00	15829.04
611.00	16053.73
612.00	15903.94
613.00	16166.08
614.00	16559.29
615.00	16383.75
616.00	16830.79
617.00	16779.30
618.00	16809.73
619.00	17310.60
620.00	17025.06
621.00	17202.94
622.00	17451.03
623.00	17549.34
624.00	17668.70
625.00	17685.09
626.00	17916.80
627.00	18073.62
628.00	18026.81
629.00	18333.42
630.00	18712.58
631.00	18651.73
632.00	18511.30
633.00	18565.13
634.00	19171.33
635.00	19168.99
636.00	18998.13
637.00	19293.04
638.00	19506.02
639.00	19651.14
640.00	19271.97
641.00	19536.45
642.00	19887.53
643.00	19997.54
644.00	20128.61
645.00	20404.79
646.00	20416.49
647.00	20421.17
648.00	20884.60
649.00	20931.41
650.00	20943.11
651.00	21633.57
652.00	21238.02
653.00	21369.09
654.00	21432.29
655.00	21549.31
656.00	21919.12
657.00	21860.60
658.00	22354.46
659.00	22312.33
660.00	22567.45
661.00	22822.56
662.00	22434.03
663.00	23035.55
664.00	23129.17
665.00	23431.10
666.00	23314.08
667.00	23887.51
668.00	23510.68
669.00	23541.11
670.00	23875.80
671.00	23913.25
672.00	24198.80
673.00	24079.43
674.00	24308.80
675.00	24896.28
676.00	24627.12
677.00	24783.93
678.00	25214.59
679.00	25247.36
680.00	25458.01
681.00	25418.22
682.00	25724.83
683.00	25174.80
684.00	25750.57
685.00	26211.66
686.00	25797.38
687.00	26153.15
688.00	26689.13
689.00	26197.62
690.00	26485.50
691.00	26560.40
692.00	26661.04
693.00	26874.03
694.00	27154.90
695.00	27103.40
696.00	27407.67
697.00	26923.18
698.00	27304.69
699.00	28353.25
700.00	27927.27
701.00	28056.00
702.00	27887.48
703.00	28519.43
704.00	28362.61
705.00	28793.27
706.00	28542.83
707.00	28519.43
708.00	29074.13
709.00	29074.13
710.00	28980.51
711.00	29249.67
712.00	29303.51
713.00	29731.83
714.00	29713.10
715.00	29766.93
716.00	29841.83
717.00	29834.81
718.00	29858.21
719.00	29956.52
720.00	30213.98
721.00	30345.05
722.00	30284.19
723.00	30209.29
724.00	30735.92
725.00	30714.85
726.00	31000.40
727.00	30614.21
728.00	30838.90
729.00	30857.62
730.00	31140.83
731.00	31442.76
732.00	31274.24
733.00	31388.92
734.00	31346.79
735.00	31417.01
736.00	31393.61
737.00	31405.31
738.00	31529.36
739.00	32140.24
740.00	31842.99
741.00	31908.52
742.00	31978.74
743.00	31899.16
744.00	32364.93
745.00	32552.17
746.00	32842.40
747.00	33039.00
748.00	32950.06
749.00	32638.77
750.00	32765.16
751.00	32648.13
752.00	32844.74
753.00	33415.83
754.00	33029.64
755.00	33294.12
756.00	33469.66
757.00	33699.03
758.00	33450.94
759.00	33228.59
760.00	33865.21
761.00	33790.31
762.00	34139.05
763.00	34094.58
764.00	34157.78
765.00	34033.73
766.00	34309.91
767.00	34270.12
768.00	34326.30
769.00	34511.20
770.00	34483.11
771.00	34951.22
772.00	34965.26
773.00	34890.37
774.00	35140.80
775.00	34733.55
776.00	35056.54
777.00	35637.00
778.00	35821.90
779.00	35332.73
780.00	35629.98
781.00	35339.75
782.00	35449.75
783.00	35889.77
784.00	35849.99
785.00	36388.31
786.00	36311.07
787.00	36521.72
788.00	36128.51
789.00	36533.42
790.00	36219.79
791.00	36004.46
792.00	36879.82
793.00	36388.31
794.00	36870.46
795.00	36910.25
796.00	36425.76
797.00	37174.73
798.00	36594.28
799.00	37158.34
800.00	37214.52
801.00	37357.29
802.00	37460.27
803.00	37579.64
804.00	37605.39
805.00	37207.50
806.00	37464.96
807.00	37483.68
808.00	37603.05
809.00	38022.00
810.00	37914.34
811.00	37846.46
812.00	38337.98
813.00	38043.07
814.00	37940.08
815.00	38298.19
816.00	38408.19
817.00	38597.77
818.00	38279.46
819.00	38639.90
820.00	38059.45
821.00	38497.13
822.00	38710.12
823.00	38426.92
824.00	38665.65
825.00	38693.74
826.00	39274.19
827.00	39138.44
828.00	38820.13
829.00	39267.17
830.00	39096.31
831.00	39311.64
832.00	39377.17
833.00	39899.11
834.00	39433.35
835.00	39655.70
836.00	39337.38
837.00	40123.80
838.00	40016.14
839.00	39239.08
840.00	39702.51
841.00	39655.70
842.00	40416.37
843.00	40189.34
844.00	40098.06
845.00	40804.90
846.00	40708.94
847.00	40140.19
848.00	40236.15
849.00	40250.19
850.00	41436.84
851.00	41069.38
852.00	41202.79
853.00	41036.61
854.00	40886.82
855.00	40631.70
856.00	40886.82
857.00	40896.18
858.00	41385.35
859.00	41254.28
860.00	41088.10
861.00	41102.15
862.00	41441.53
863.00	41621.75
864.00	41551.53
865.00	41631.11
866.00	42003.25
867.00	42136.66
868.00	41808.99
869.00	41874.52
870.00	41958.78
871.00	41598.34
872.00	41673.24
873.00	41851.12
874.00	42131.98
875.00	42321.57
876.00	42497.11
877.00	42497.11
878.00	42256.03
879.00	42366.04
880.00	42408.17
881.00	42131.98
882.00	42485.40
883.00	42909.04
884.00	43040.11
885.00	42974.58
886.00	42267.73
887.00	43002.66
888.00	42925.42
889.00	42560.30
890.00	42698.39
891.00	42667.97
892.00	43150.12
893.00	43393.53
894.00	43100.97
895.00	43229.69
896.00	43222.67
897.00	42892.66
898.00	43140.75
899.00	43356.08
900.00	43625.25
901.00	43014.37
902.00	43330.34
903.00	44027.82
904.00	43250.76
905.00	43421.62
906.00	43906.11
907.00	43725.89
908.00	43756.32
909.00	43779.72
910.00	43746.95
911.00	44210.38
912.00	44460.82
913.00	44044.20
914.00	43653.33
915.00	43817.17
916.00	44009.09
917.00	44116.76
918.00	44629.34
919.00	44524.01
920.00	44629.34
921.00	44610.61
922.00	44273.57
923.00	44299.32
924.00	44367.20
925.00	44334.43
926.00	44732.32
927.00	44971.05
928.00	45177.02
929.00	45017.86
930.00	44875.09
931.00	44828.28
932.00	44996.80
933.00	45380.65
934.00	44889.13
935.00	45258.94
936.00	45092.76
937.00	45347.88
938.00	45497.67
939.00	44957.01
940.00	45001.48
941.00	45408.73
942.00	45085.74
943.00	45256.60
944.00	45158.30
945.00	45483.63
946.00	45689.60
947.00	45715.34
948.00	45490.65
949.00	45923.65
950.00	45628.74
951.00	45897.91
952.00	45394.69
953.00	45551.51
954.00	45928.33
955.00	45621.72
956.00	45750.45
957.00	45696.62
958.00	46103.87
959.00	45535.12
960.00	46340.27
961.00	45006.16
962.00	46005.57
963.00	46286.43
964.00	46696.03
965.00	45963.44
966.00	46628.15
967.00	46953.49
968.00	46546.23
969.00	46604.75
970.00	46492.40
971.00	47056.47
972.00	46838.80
973.00	46897.31
974.00	46946.47
975.00	46993.28
976.00	47356.06
977.00	46974.55
978.00	46866.89
979.00	46499.42
980.00	46630.49
981.00	46777.95
982.00	47276.48
983.00	47070.51
984.00	47402.87
985.00	47552.66
986.00	47140.73
987.00	46857.52
988.00	46962.85
989.00	47117.32
990.00	46604.75
991.00	47318.61
992.00	46944.12
993.00	47150.09
994.00	47475.43
995.00	47908.43
996.00	47356.06
997.00	47625.22
998.00	47578.41
999.00	47077.54
1000.00	47957.58
1001.00	47814.80
1002.00	47978.64
1003.00	47711.82
1004.00	47973.96
1005.00	47449.68
1006.00	47800.76
1007.00	47304.57
1008.00	47798.42
1009.00	47821.83
1010.00	47615.86
1011.00	47922.47
1012.00	48182.27
1013.00	48357.81
1014.00	47835.87
1015.00	48076.94
1016.00	48095.67
1017.00	47627.56
1018.00	48098.01
1019.00	48236.10
1020.00	48463.13
1021.00	48535.69
1022.00	48687.82
1023.00	48165.88
1024.00	48538.03
1025.00	48060.56
1026.00	48119.07
1027.00	48591.86
1028.00	48135.46
1029.00	48552.07
1030.00	48285.25
1031.00	48713.57
1032.00	49221.47
1033.00	48708.89
1034.00	48685.48
1035.00	48449.09
1036.00	48399.94
1037.00	48430.36
1038.00	48776.76
1039.00	48694.85
1040.00	48678.46
1041.00	48636.33
1042.00	48783.79
1043.00	48601.22
1044.00	48842.30
1045.00	48966.35
1046.00	49013.16
1047.00	48839.96
1048.00	49193.38
1049.00	49155.93
1050.00	49010.82
1051.00	49085.72
1052.00	49294.02
1053.00	48725.27
1054.00	48966.35
1055.00	48849.32
1056.00	48774.42
1057.00	49066.99
1058.00	49312.75
1059.00	48931.24
1060.00	49066.99
1061.00	49279.98
1062.00	49078.69
1063.00	49303.38
1064.00	48917.20
1065.00	49062.31
1066.00	48896.13
1067.00	49240.19
1068.00	49488.29
1069.00	49539.78
1070.00	49408.71
1071.00	49488.29
1072.00	49455.52
1073.00	49762.13
1074.00	49684.89
1075.00	49546.80
1076.00	49375.94
1077.00	49212.10
1078.00	49598.29
1079.00	49406.37
1080.00	49689.57
1081.00	49982.14
1082.00	49893.20
1083.00	49499.99
1084.00	49638.08
1085.00	49507.01
1086.00	49284.66
1087.00	49420.41
1088.00	49883.84
1089.00	49633.40
1090.00	49975.12
1091.00	49712.98
1092.00	49654.47
1093.00	49940.01
1094.00	49427.43
1095.00	49766.81
1096.00	49537.44
1097.00	49677.87
1098.00	49586.59
1099.00	49687.23
1100.00	50010.23
1101.00	49925.97
1102.00	49389.98
1103.00	49986.82
1104.00	49364.24
1105.00	49476.58
1106.00	49855.75
1107.00	49415.73
1108.00	49626.38
1109.00	49909.58
1110.00	50005.55
1111.00	50665.58
1112.00	49937.67
1113.00	50368.33
1114.00	49975.12
1115.00	49663.83
1116.00	49907.24
1117.00	50005.55
1118.00	50019.59
1119.00	49584.25
1120.00	50120.23
1121.00	49825.32
1122.00	50239.60
1123.00	49951.71
1124.00	50134.28
1125.00	49261.26
1126.00	49514.03
1127.00	49670.85
1128.00	49811.28
1129.00	50026.61
1130.00	49916.61
1131.00	50087.46
1132.00	49848.73
1133.00	49883.84
1134.00	50157.68
1135.00	49743.41
1136.00	49514.03
1137.00	49731.70
1138.00	49673.19
1139.00	49275.30
1140.00	49799.58
1141.00	50045.33
1142.00	50108.53
1143.00	50071.08
1144.00	49935.33
1145.00	49734.04
1146.00	49752.77
1147.00	50068.74
1148.00	50042.99
1149.00	50237.26
1150.00	50047.68
1151.00	50071.08
1152.00	49998.52
1153.00	50513.44
1154.00	50206.83
1155.00	49640.42
1156.00	50380.03
1157.00	49998.52
1158.00	49790.22
1159.00	49663.83
1160.00	49989.16
1161.00	49874.48
1162.00	50115.55
1163.00	50035.97
1164.00	50087.46
1165.00	50522.80
1166.00	50639.83
1167.00	49801.92
1168.00	49972.78
1169.00	49914.26
1170.00	49916.61
1171.00	49825.32
1172.00	49783.19
1173.00	50064.06
1174.00	50204.49
1175.00	50089.80
1176.00	50061.72
1177.00	49619.36
1178.00	49619.36
1179.00	50094.49
1180.00	49928.31
1181.00	49853.41
1182.00	49448.50
1183.00	49549.14
1184.00	49694.25
1185.00	50218.53
1186.00	50555.57
1187.00	49930.65
1188.00	50267.69
1189.00	50071.08
1190.00	49645.10
1191.00	49914.26
1192.00	49834.69
1193.00	49642.76
1194.00	50012.57
1195.00	50028.95
1196.00	50178.75
1197.00	49874.48
1198.00	49918.95
1199.00	49598.29
1200.00	50131.93
1201.00	49790.22
1202.00	49717.66
1203.00	49783.19
1204.00	50113.21
1205.00	49830.01
1206.00	49972.78
1207.00	50225.56
1208.00	50328.54
1209.00	50176.40
1210.00	49935.33
1211.00	49703.62
1212.00	49478.92
1213.00	49694.25
1214.00	49659.15
1215.00	49822.98
1216.00	49951.71
1217.00	49787.88
1218.00	50089.80
1219.00	49862.77
1220.00	50195.13
1221.00	49720.00
1222.00	49680.21
1223.00	50160.02
1224.00	49844.05
1225.00	50068.74
1226.00	49846.39
1227.00	49743.41
1228.00	50010.23
1229.00	49556.16
1230.00	50326.20
1231.00	49750.43
1232.00	49846.39
1233.00	50155.34
1234.00	49951.71
1235.00	49502.33
1236.00	49787.88
1237.00	49907.24
1238.00	49579.57
1239.00	50370.67
1240.00	50284.07
1241.00	50239.60
1242.00	50199.81
1243.00	50319.18
1244.00	50012.57
1245.00	49975.12
1246.00	49652.12
1247.00	50068.74
1248.00	49804.26
1249.00	49748.09
1250.00	49853.41
1251.00	49862.77
1252.00	50279.39
1253.00	50637.49
1254.00	50204.49
1255.00	50284.07
1256.00	50394.07
1257.00	50026.61
1258.00	50153.00
1259.00	49900.22
1260.00	49549.14
1261.00	49605.31
1262.00	50483.01
1263.00	50138.96
1264.00	50754.52
1265.00	50459.61
1266.00	50497.06
1267.00	50314.50
1268.00	50094.49
1269.00	50251.30
1270.00	50176.40
1271.00	50138.96
1272.00	49443.82
1273.00	50059.38
1274.00	49935.33
1275.00	50471.31
1276.00	50419.82
1277.00	50094.49
1278.00	50497.06
1279.00	50443.23
1280.00	50520.46
1281.00	49804.26
1282.00	50408.12
1283.00	49949.37
1284.00	49649.78
1285.00	49979.80
1286.00	50176.40
1287.00	50164.70
1288.00	50295.77
1289.00	50122.57
1290.00	50438.54
1291.00	50244.28
1292.00	50155.34
1293.00	49965.76
1294.00	49937.67
1295.00	49907.24
1296.00	49670.85
1297.00	50239.60
1298.00	50005.55
1299.00	49937.67
1300.00	50370.67
1301.00	50253.64
1302.00	50398.76
1303.00	49834.69
1304.00	49822.98
1305.00	50108.53
1306.00	49886.18
1307.00	49855.75
1308.00	50148.32
1309.00	50181.09
1310.00	50035.97
1311.00	49895.54
1312.00	49916.61
1313.00	50604.72
1314.00	50012.57
1315.00	50363.65
1316.00	50164.70
1317.00	49947.03
1318.00	50181.09
1319.00	49914.26
1320.00	50429.18
1321.00	50384.71
1322.00	50244.28
1323.00	50377.69
1324.00	50492.38
1325.00	50808.35
1326.00	50237.26
1327.00	50220.87
1328.00	49907.24
1329.00	49748.09
1330.00	50241.94
1331.00	49937.67
1332.00	49837.03
1333.00	50059.38
1334.00	50218.53
1335.00	50108.53
1336.00	50183.43
1337.00	50155.34
1338.00	50375.35
1339.00	49851.07
1340.00	49434.45
1341.00	50014.91
1342.00	49961.08
1343.00	49497.65
1344.00	49846.39
1345.00	49900.22
1346.00	49635.74
1347.00	50183.43
1348.00	50092.15
1349.00	50005.55
1350.00	50047.68
1351.00	50054.70
1352.00	50033.63
1353.00	49509.35
1354.00	49507.01
1355.00	49677.87
1356.00	49642.76
1357.00	49113.80
1358.00	49787.88
1359.00	49645.10
1360.00	50050.02
1361.00	49998.52
1362.00	49656.81
1363.00	50162.36
1364.00	49766.81
1365.00	49448.50
1366.00	49492.97
1367.00	49361.90
1368.00	49413.39
1369.00	49375.94
1370.00	49214.44
1371.00	49401.69
1372.00	49535.10
1373.00	49275.30
1374.00	49923.63
1375.00	49062.31
1376.00	49322.11
1377.00	49656.81
1378.00	49127.84
1379.00	49052.95
1380.00	49085.72
1381.00	49141.89
1382.00	49261.26
1383.00	49090.40
1384.00	49446.16
1385.00	49387.64
1386.00	49158.27
1387.00	49066.99
1388.00	49345.51
1389.00	49588.93
1390.00	48842.30
1391.00	48978.05
1392.00	48830.60
1393.00	48488.88
1394.00	48385.89
1395.00	48992.09
1396.00	48919.54
1397.00	49043.59
1398.00	48968.69
1399.00	49279.98
1400.00	48650.38
1401.00	49219.13
1402.00	49048.27
1403.00	48699.53
1404.00	48596.54
1405.00	48435.05
1406.00	48446.75
1407.00	48570.80
1408.00	48858.68
1409.00	48940.60
1410.00	48863.36
1411.00	48884.43
1412.00	48790.81
1413.00	48744.00
1414.00	48636.33
1415.00	48465.47
1416.00	48126.10
1417.00	48112.05
1418.00	48215.04
1419.00	48069.92
1420.00	47936.51
1421.00	48505.26
1422.00	48313.34
1423.00	48545.05
1424.00	48507.60
1425.00	48413.98
1426.00	48397.60
1427.00	48278.23
1428.00	48332.06
1429.00	47562.03
1430.00	48018.43
1431.00	47861.61
1432.00	47997.37
1433.00	47997.37
1434.00	47847.57
1435.00	47999.71
1436.00	48596.54
1437.00	48018.43
1438.00	48275.89
1439.00	48266.53
1440.00	48287.59
1441.00	48205.67
1442.00	48093.33
1443.00	47629.90
1444.00	47824.17
1445.00	47292.86
1446.00	47316.27
1447.00	47323.29
1448.00	47634.58
1449.00	47452.02
1450.00	47463.72
1451.00	47978.64
1452.00	47796.08
1453.00	47428.62
1454.00	47971.62
1455.00	47468.40
1456.00	47564.37
1457.00	46960.51
1458.00	47330.31
1459.00	47480.11
1460.00	47299.89
1461.00	47023.70
1462.00	47297.55
1463.00	47688.42
1464.00	47501.17
1465.00	47786.72
1466.00	47622.88
1467.00	47086.90
1468.00	46848.16
1469.00	47040.09
1470.00	47065.83
1471.00	47281.16
1472.00	46986.25
1473.00	47077.54
1474.00	46913.70
1475.00	47047.11
1476.00	47063.49
1477.00	47063.49
1478.00	47239.03
1479.00	47241.37
1480.00	47136.05
1481.00	46506.44
1482.00	46761.56
1483.00	46660.92
1484.00	46244.30
1485.00	46398.78
1486.00	46536.87
1487.00	46115.58
1488.00	46415.16
1489.00	46068.76
1490.00	46286.43
1491.00	46504.10
1492.00	46527.51
1493.00	46124.94
1494.00	46560.28
1495.00	46019.61
1496.00	46234.94
1497.00	46216.22
1498.00	45930.67
1499.00	46185.79
1500.00	46000.89
1501.00	46197.49
1502.00	46225.58
1503.00	45825.35
1504.00	45963.44
1505.00	46328.56
1506.00	46176.43
1507.00	45853.44
1508.00	45942.38
1509.00	45876.84
1510.00	45717.68
1511.00	45502.35
1512.00	44973.39
1513.00	45701.30
1514.00	45820.67
1515.00	45490.65
1516.00	45382.99
1517.00	45399.37
1518.00	45476.61
1519.00	45476.61
1520.00	45565.55
1521.00	45558.53
1522.00	45675.55
1523.00	44872.75
1524.00	45443.84
1525.00	45041.27
1526.00	45268.30
1527.00	45443.84
1528.00	45275.32
1529.00	45481.29
1530.00	45074.04
1531.00	45251.92
1532.00	45074.04
1533.00	45050.63
1534.00	45504.70
1535.00	45347.88
1536.00	45413.41
1537.00	44769.77
1538.00	44807.22
1539.00	44713.59
1540.00	44622.31
1541.00	44346.13
1542.00	44446.77
1543.00	44739.34
1544.00	44397.62
1545.00	44437.41
1546.00	44484.22
1547.00	44802.53
1548.00	44598.91
1549.00	44652.74
1550.00	44931.26
1551.00	44648.06
1552.00	44451.45
1553.00	44161.23
1554.00	44474.86
1555.00	44233.78
1556.00	43964.62
1557.00	44704.23
1558.00	44378.90
1559.00	44147.18
1560.00	44336.77
1561.00	44322.72
1562.00	44556.78
1563.00	44404.64
1564.00	44591.89
1565.00	43840.57
1566.00	44179.95
1567.00	43835.89
1568.00	43866.32
1569.00	43735.25
1570.00	43796.10
1571.00	43634.61
1572.00	43805.47
1573.00	43838.23
1574.00	43917.81
1575.00	43915.47
1576.00	43732.91
1577.00	43859.30
1578.00	44287.62
1579.00	43772.70
1580.00	43854.62
1581.00	43540.99
1582.00	43358.42
1583.00	42958.19
1584.00	43215.65
1585.00	43313.95
1586.00	43697.80
1587.00	42728.82
1588.00	43152.46
1589.00	43489.49
1590.00	43477.79
1591.00	43716.53
1592.00	43695.46
1593.00	43084.58
1594.00	42986.28
1595.00	42946.49
1596.00	42604.77
1597.00	43283.53
1598.00	42677.33
1599.00	42588.39
1600.00	43356.08
1601.00	42892.66
1602.00	42394.12
1603.00	42976.92
1604.00	42682.01
1605.00	43115.01
1606.00	42745.20
1607.00	42733.50
1608.00	42885.64
1609.00	42962.87
1610.00	42366.04
1611.00	42424.55
1612.00	42120.28
1613.00	42445.62
1614.00	42433.91
1615.00	42714.78
1616.00	42445.62
1617.00	42302.84
1618.00	42550.94
1619.00	42562.64
1620.00	42873.93
1621.00	42550.94
1622.00	42997.98
1623.00	43110.33
1624.00	42246.67
1625.00	42366.04
1626.00	42108.58
1627.00	42359.02
1628.00	41897.93
1629.00	41614.72
1630.00	42059.43
1631.00	41977.51
1632.00	41853.46
1633.00	41991.55
1634.00	41816.01
1635.00	41993.89
1636.00	42082.83
1637.00	41818.35
1638.00	41617.07
1639.00	41949.42
1640.00	42066.45
1641.00	41652.17
1642.00	41670.90
1643.00	41851.12
1644.00	41345.56
1645.00	41296.41
1646.00	41427.48
1647.00	41511.74
1648.00	41708.35
1649.00	41514.08
1650.00	41244.92
1651.00	41968.15
1652.00	41558.55
1653.00	41563.23
1654.00	41418.12
1655.00	41677.92
1656.00	41371.31
1657.00	41373.65
1658.00	41326.84
1659.00	41202.79
1660.00	41001.50
1661.00	40758.09
1662.00	40996.82
1663.00	40767.45
1664.00	40999.16
1665.00	41254.28
1666.00	41273.01
1667.00	41343.22
1668.00	41146.62
1669.00	41111.51
1670.00	40315.73
1671.00	40566.16
1672.00	40964.06
1673.00	40568.51
1674.00	40451.48
1675.00	40463.18
1676.00	40339.13
1677.00	40708.94
1678.00	40730.00
1679.00	40243.17
1680.00	40456.16
1681.00	40844.69
1682.00	41146.62
1683.00	40926.61
1684.00	40893.84
1685.00	40198.70
1686.00	40275.94
1687.00	40201.04
1688.00	40264.24
1689.00	40034.86
1690.00	40140.19
1691.00	40013.80
1692.00	40011.46
1693.00	39896.77
1694.00	40149.55
1695.00	39658.04
1696.00	40081.67
1697.00	39812.51
1698.00	40446.80
1699.00	39983.37
1700.00	39831.24
1701.00	39672.08
1702.00	39620.59
1703.00	39608.89
1704.00	39585.48
1705.00	39709.53
1706.00	39482.50
1707.00	39393.56
1708.00	39421.64
1709.00	39374.83
1710.00	39793.79
1711.00	39386.54
1712.00	39578.46
1713.00	39711.87
1714.00	39213.34
1715.00	39606.55
1716.00	39782.09
1717.00	39143.12
1718.00	39250.78
1719.00	39185.25
1720.00	38721.82
1721.00	38958.22
1722.00	39047.16
1723.00	38733.53
1724.00	38483.09
1725.00	38054.77
1726.00	38199.88
1727.00	38328.61
1728.00	38845.87
1729.00	38703.10
1730.00	38410.53
1731.00	38532.24
1732.00	38541.60
1733.00	38335.63
1734.00	38443.30
1735.00	38342.66
1736.00	38319.25
1737.00	37947.11
1738.00	37869.87
1739.00	37647.52
1740.00	38267.76
1741.00	38185.84
1742.00	38169.46
1743.00	37883.91
1744.00	37612.41
1745.00	37897.95
1746.00	37919.02
1747.00	37743.48
1748.00	37724.75
1749.00	37493.04
1750.00	37670.92
1751.00	37624.11
1752.00	37371.33
1753.00	37067.06
1754.00	37134.94
1755.00	37031.96
1756.00	36854.08
1757.00	36505.34
1758.00	36879.82
1759.00	36886.84
1760.00	37251.97
1761.00	36772.16
1762.00	36931.31
1763.00	37277.71
1764.00	36643.43
1765.00	36540.44
1766.00	36790.88
1767.00	36650.45
1768.00	36074.68
1769.00	36332.14
1770.00	36315.75
1771.00	36561.51
1772.00	36662.15
1773.00	36737.05
1774.00	36299.37
1775.00	36491.29
1776.00	35906.16
1777.00	36027.87
1778.00	36062.97
1779.00	36264.26
1780.00	35674.45
1781.00	35618.27
1782.00	36238.51
1783.00	35721.26
1784.00	35372.52
1785.00	35501.25
1786.00	35016.75
1787.00	35182.93
1788.00	34974.63
1789.00	35318.68
1790.00	35278.89
1791.00	35026.12
1792.00	35054.20
1793.00	34726.53
1794.00	34983.99
1795.00	35150.17
1796.00	34771.00
1797.00	34810.79
1798.00	35337.41
1799.00	34979.31
1800.00	34637.59
1801.00	34291.19
1802.00	34235.02
1803.00	34532.26
1804.00	34099.26
1805.00	34050.11
1806.00	34300.55
1807.00	34520.56
1808.00	34117.99
1809.00	34157.78
1810.00	34096.92
1811.00	33928.41
1812.00	33799.68
1813.00	33605.41
1814.00	33890.96
1815.00	33584.35
1816.00	33727.12
1817.00	33312.84
1818.00	33696.69
1819.00	33209.86
1820.00	33170.07
1821.00	33315.19
1822.00	32947.72
1823.00	33041.34
1824.00	33090.49
1825.00	32856.44
1826.00	32783.88
1827.00	32905.59
1828.00	32631.75
1829.00	32723.03
1830.00	32793.25
1831.00	31545.74
1832.00	32790.91
1833.00	32741.75
1834.00	32531.11
1835.00	32423.44
1836.00	32126.19
1837.00	31674.47
1838.00	31952.99
1839.00	31728.30
1840.00	31716.60
1841.00	31459.14
1842.00	31789.16
1843.00	31580.85
1844.00	31068.27
1845.00	31534.04
1846.00	31091.68
1847.00	31075.29
1848.00	31267.22
1849.00	31140.83
1850.00	31051.89
1851.00	31037.84
1852.00	30658.68
1853.00	30499.52
1854.00	30836.56
1855.00	30045.46
1856.00	30150.78
1857.00	29921.41
1858.00	30459.73
1859.00	30000.99
1860.00	30071.20
1861.00	29876.94
1862.00	29926.09
1863.00	30075.88
1864.00	30050.14
1865.00	29582.03
1866.00	29806.72
1867.00	29149.03
1868.00	29572.67
1869.00	29378.40
1870.00	29139.67
1871.00	29237.97
1872.00	29076.48
1873.00	29043.71
1874.00	28926.68
1875.00	28730.08
1876.00	28369.63
1877.00	28322.82
1878.00	28545.17
1879.00	28254.95
1880.00	28201.11
1881.00	28463.25
1882.00	28350.91
1883.00	28240.90
1884.00	28161.33
1885.00	28283.03
1886.00	28056.00
1887.00	27807.90
1888.00	28079.41
1889.00	27520.02
1890.00	27089.36
1891.00	27290.65
1892.00	27328.10
1893.00	26724.24
1894.00	27007.44
1895.00	26841.26
1896.00	26731.26
1897.00	26810.84
1898.00	26986.38
1899.00	26925.52
1900.00	26663.38
1901.00	26483.16
1902.00	27054.25
1903.00	26436.35
1904.00	26497.20
1905.00	26040.80
1906.00	26267.83
1907.00	25778.66
1908.00	25436.94
1909.00	25710.78
1910.00	25376.09
1911.00	25530.56
1912.00	25481.41
1913.00	25902.71
1914.00	25125.65
1915.00	25326.94
1916.00	25514.18
1917.00	25022.67
1918.00	25266.08
1919.00	25132.67
1920.00	25425.24
1921.00	25446.30
1922.00	25081.18
1923.00	24678.61
1924.00	24814.36
1925.00	24144.97
1926.00	24357.96
1927.00	24393.06
1928.00	23892.19
1929.00	24229.23
1930.00	24016.24
1931.00	24056.03
1932.00	24217.52
1933.00	23927.30
1934.00	23967.09
1935.00	23850.06
1936.00	23700.26
1937.00	23782.18
1938.00	23775.16
1939.00	23917.93
1940.00	23510.68
1941.00	23555.15
1942.00	23080.02
1943.00	23070.66
1944.00	23227.48
1945.00	22888.10
1946.00	22707.88
1947.00	22721.92
1948.00	22295.94
1949.00	22377.86
1950.00	22431.69
1951.00	22504.25
1952.00	22302.96
1953.00	22370.84
1954.00	22333.39
1955.00	22291.26
1956.00	22038.48
1957.00	22185.94
1958.00	21891.03
1959.00	21947.20
1960.00	21778.68
1961.00	21511.86
1962.00	21668.68
1963.00	21633.57
1964.00	21511.86
1965.00	21280.15
1966.00	21120.99
1967.00	21081.21
1968.00	20793.32
1969.00	20936.09
1970.00	21205.25
1971.00	21050.78
1972.00	21032.05
1973.00	20900.98
1974.00	20828.43
1975.00	20631.82
1976.00	20673.95
1977.00	20390.75
1978.00	20264.36
1979.00	20084.14
1980.00	20147.33
1981.00	20065.41
1982.00	20072.43
1983.00	19798.59
1984.00	20006.90
1985.00	19648.80
1986.00	19440.49
1987.00	19711.99
1988.00	19332.82
1989.00	19246.23
1990.00	19410.06
1991.00	19506.02
1992.00	19042.60
1993.00	18977.06
1994.00	19229.84
1995.00	18967.70
1996.00	18714.92
1997.00	18731.31
1998.00	18761.73
1999.00	18754.71
2000.00	18647.05
2001.00	18637.69
2002.00	18352.14
2003.00	18412.99
2004.00	18295.97
2005.00	18249.16
2006.00	18054.89
2007.00	17961.27
2008.00	18167.24
2009.00	17755.30
2010.00	17767.01
2011.00	17769.35
2012.00	18099.36
2013.00	17621.89
2014.00	17689.77
2015.00	17455.72
2016.00	17495.50
2017.00	17521.25
2018.00	17486.14
2019.00	17345.71
2020.00	17207.62
2021.00	17062.51
2022.00	16898.67
2023.00	16982.93
2024.00	16748.87
2025.00	16720.79
2026.00	16613.12
2027.00	16397.79
2028.00	16566.31
2029.00	16460.99
2030.00	16507.80
2031.00	16456.31
2032.00	16416.52
2033.00	16341.62
2034.00	16336.94
2035.00	16137.99
2036.00	16095.86
2037.00	15892.24
2038.00	16119.27
2039.00	15700.31
2040.00	15639.46
2041.00	15651.16
2042.00	15735.42
2043.00	15475.62
2044.00	15484.98
2045.00	15274.34
2046.00	15288.38
2047.00	15262.63
