0.00	1100.05
1.00	1100.05
2.00	1100.05
3.00	966.64
4.00	959.62
5.00	1015.79
6.00	1011.11
7.00	980.68
8.00	947.92
9.00	938.55
10.00	908.13
11.00	945.58
12.00	950.26
13.00	990.05
14.00	931.53
15.00	1018.13
16.00	926.85
17.00	901.11
18.00	985.37
19.00	940.90
20.00	999.41
21.00	1041.54
22.00	1001.75
23.00	1018.13
24.00	1081.33
25.00	1392.62
26.00	1465.18
27.00	1500.28
28.00	1411.34
29.00	1497.94
30.00	1439.43
31.00	1465.18
32.00	1472.20
33.00	1523.69
34.00	1495.60
35.00	1558.80
36.00	1561.14
37.00	1549.43
38.00	1563.48
39.00	1535.39
40.00	1568.16
41.00	1664.12
42.00	1638.38
43.00	1640.72
44.00	1638.38
45.00	1696.89
46.00	1640.72
47.00	1619.65
48.00	1636.03
49.00	1675.82
50.00	1682.85
51.00	1685.19
52.00	1689.87
53.00	1741.36
54.00	1629.01
55.00	1666.46
56.00	1619.65
57.00	1593.90
58.00	1692.21
59.00	1631.35
60.00	1701.57
61.00	1689.87
62.00	1743.70
63.00	1734.34
64.00	1715.61
65.00	1734.34
66.00	1830.30
67.00	1729.66
68.00	1734.34
69.00	1870.09
70.00	1757.74
71.00	1818.60
72.00	1834.98
73.00	1764.76
74.00	1743.70
75.00	1811.57
76.00	1795.19
77.00	1792.85
78.00	1783.49
79.00	1863.07
80.00	1804.55
81.00	1748.38
82.00	1837.32
83.00	1863.07
84.00	1914.56
85.00	1830.30
86.00	1867.75
87.00	1902.86
88.00	1895.83
89.00	1886.47
90.00	1977.75
91.00	1893.49
92.00	1898.17
93.00	1928.60
94.00	1858.39
95.00	1973.07
96.00	1907.54
97.00	1919.24
98.00	1914.56
99.00	1975.41
100.00	1916.90
101.00	1853.70
102.00	2003.50
103.00	1970.73
104.00	2076.06
105.00	1980.09
106.00	1989.46
107.00	1935.62
108.00	2031.58
109.00	2026.90
110.00	1954.35
111.00	1952.01
112.00	2050.31
113.00	2017.54
114.00	2066.69
115.00	2052.65
116.00	2076.06
117.00	2106.48
118.00	2193.08
119.00	2174.36
120.00	2127.55
121.00	2122.87
122.00	2097.12
123.00	2139.25
124.00	2230.53
125.00	2127.55
126.00	2181.38
127.00	2127.55
128.00	2179.04
129.00	2202.44
130.00	2188.40
131.00	2188.40
132.00	2202.44
133.00	2239.89
134.00	2272.66
135.00	2237.55
136.00	2303.09
137.00	2228.19
138.00	2284.36
139.00	2209.47
140.00	2228.19
141.00	2291.38
142.00	2399.05
143.00	2333.51
144.00	2319.47
145.00	2415.43
146.00	2377.98
147.00	2340.54
148.00	2436.50
149.00	2375.64
150.00	2420.11
151.00	2345.22
152.00	2525.44
153.00	2523.10
154.00	2396.71
155.00	2544.16
156.00	2544.16
157.00	2595.65
158.00	2558.21
159.00	2483.31
160.00	2434.16
161.00	2544.16
162.00	2495.01
163.00	2574.59
164.00	2586.29
165.00	2623.74
166.00	2605.02
167.00	2649.49
168.00	2614.38
169.00	2745.45
170.00	2668.21
171.00	2623.74
172.00	2518.42
173.00	2663.53
174.00	2684.59
175.00	2775.88
176.00	2684.59
177.00	2834.39
178.00	2778.22
179.00	2738.43
180.00	2703.32
181.00	2719.70
182.00	2726.72
183.00	2747.79
184.00	2806.30
185.00	2920.99
186.00	2871.84
187.00	2965.46
188.00	2911.63
189.00	2850.77
190.00	2935.03
191.00	2930.35
192.00	2867.16
193.00	2857.79
194.00	3005.25
195.00	3063.76
196.00	3026.31
197.00	2956.10
198.00	3091.85
199.00	3075.46
200.00	3155.04
201.00	3049.72
202.00	3126.96
203.00	3075.46
204.00	3073.12
205.00	3171.43
206.00	3080.14
207.00	3117.59
208.00	3204.19
209.00	3267.39
210.00	3386.76
211.00	3262.71
212.00	3213.56
213.00	3227.60
214.00	3316.54
215.00	3323.56
216.00	3328.24
217.00	3421.86
218.00	3318.88
219.00	3447.61
220.00	3286.11
221.00	3424.20
222.00	3506.12
223.00	3475.70
224.00	3468.67
225.00	3438.25
226.00	3536.55
227.00	3463.99
228.00	3536.55
229.00	3531.87
230.00	3564.64
231.00	3618.47
232.00	3611.45
233.00	3543.57
234.00	3749.54
235.00	3658.26
236.00	3751.88
237.00	3599.74
238.00	3782.31
239.00	3866.56
240.00	3871.25
241.00	3999.98
242.00	4079.55
243.00	3927.42
244.00	3995.29
245.00	4128.70
246.00	4051.47
247.00	4046.79
248.00	4217.65
249.00	4182.54
250.00	4212.96
251.00	4290.20
252.00	4250.41
253.00	4348.72
254.00	4365.10
255.00	4397.87
256.00	4489.15
257.00	4447.02
258.00	4365.10
259.00	4517.23
260.00	4425.95
261.00	4535.96
262.00	4535.96
263.00	4507.87
264.00	4470.42
265.00	4716.18
266.00	4695.11
267.00	4737.24
268.00	4840.23
269.00	4816.82
270.00	4779.37
271.00	4868.31
272.00	4840.23
273.00	4833.21
274.00	4849.59
275.00	4954.91
276.00	4950.23
277.00	4999.38
278.00	4978.32
279.00	4816.82
280.00	4898.74
281.00	5022.79
282.00	5188.97
283.00	4940.87
284.00	4987.68
285.00	5172.58
286.00	5149.18
287.00	5135.14
288.00	5128.11
289.00	5221.74
290.00	5219.39
291.00	5093.01
292.00	5345.78
293.00	5249.82
294.00	5217.05
295.00	5352.81
296.00	5247.48
297.00	5366.85
298.00	5308.34
299.00	5247.48
300.00	5233.44
301.00	5336.42
302.00	4990.02
303.00	5191.31
304.00	5324.72
305.00	5490.90
306.00	5521.32
307.00	5341.10
308.00	5322.38
309.00	5434.72
310.00	5252.16
311.00	5320.04
312.00	5455.79
313.00	5404.30
314.00	5359.83
315.00	5273.23
316.00	5483.88
317.00	5416.00
318.00	5362.17
319.00	5547.07
320.00	5462.81
321.00	5591.54
322.00	5486.22
323.00	5593.88
324.00	5530.69
325.00	5685.16
326.00	5430.04
327.00	5799.85
328.00	5685.16
329.00	5476.85
330.00	5526.00
331.00	5757.72
332.00	5717.93
333.00	5638.35
334.00	5717.93
335.00	5802.19
336.00	5760.06
337.00	5785.80
338.00	6001.13
339.00	5771.76
340.00	5984.75
341.00	6078.37
342.00	5982.41
343.00	6099.44
344.00	5980.07
345.00	6045.60
346.00	6036.24
347.00	5963.68
348.00	6083.05
349.00	6092.41
350.00	6120.50
351.00	6092.41
352.00	6237.53
353.00	6326.47
354.00	6338.17
355.00	6197.74
356.00	6232.85
357.00	6445.84
358.00	6396.68
359.00	6298.38
360.00	6441.15
361.00	6368.60
362.00	6712.66
363.00	6457.54
364.00	6457.54
365.00	6513.71
366.00	6384.98
367.00	6534.78
368.00	6539.46
369.00	6630.74
370.00	6509.03
371.00	6640.10
372.00	6668.19
373.00	6532.44
374.00	6780.53
375.00	6710.32
376.00	6761.81
377.00	6778.19
378.00	6745.42
379.00	6918.62
380.00	7143.32
381.00	6972.46
382.00	7094.16
383.00	7131.61
384.00	7117.57
385.00	7295.45
386.00	7215.87
387.00	7206.51
388.00	7316.51
389.00	7428.86
390.00	7543.55
391.00	7520.14
392.00	7396.09
393.00	7545.89
394.00	7417.16
395.00	7611.42
396.00	7679.30
397.00	7791.64
398.00	7772.92
399.00	7829.09
400.00	7805.69
401.00	7691.00
402.00	7737.81
403.00	7920.37
404.00	7985.91
405.00	7911.01
406.00	8032.72
407.00	8070.17
408.00	7908.67
409.00	7541.21
410.00	8044.42
411.00	8074.85
412.00	8056.12
413.00	8037.40
414.00	8070.17
415.00	8032.72
416.00	7964.84
417.00	8018.68
418.00	8039.74
419.00	8287.84
420.00	8229.32
421.00	8149.75
422.00	8318.26
423.00	8065.49
424.00	8051.44
425.00	8102.93
426.00	8180.17
427.00	8285.50
428.00	8128.68
429.00	8325.29
430.00	8147.40
431.00	7997.61
432.00	8273.79
433.00	8138.04
434.00	8292.52
435.00	8208.26
436.00	8341.67
437.00	8196.56
438.00	8444.65
439.00	8353.37
440.00	8505.51
441.00	8571.04
442.00	8620.19
443.00	8493.80
444.00	8725.52
445.00	8739.56
446.00	8531.25
447.00	8674.03
448.00	8552.32
449.00	8692.75
450.00	8566.36
451.00	8819.14
452.00	8809.78
453.00	8849.57
454.00	8844.88
455.00	8727.86
456.00	8882.33
457.00	8908.08
458.00	8905.74
459.00	8702.11
460.00	8781.69
461.00	8966.59
462.00	8791.05
463.00	8854.25
464.00	9034.47
465.00	9102.34
466.00	9071.92
467.00	9064.89
468.00	9172.56
469.00	9298.95
470.00	9310.65
471.00	9224.05
472.00	9263.84
473.00	9387.89
474.00	9331.72
475.00	9486.19
476.00	9331.72
477.00	9525.98
478.00	9666.41
479.00	9666.41
480.00	9511.94
481.00	9638.33
482.00	9797.48
483.00	9753.01
484.00	9628.96
485.00	9886.42
486.00	9834.93
487.00	9645.35
488.00	9809.19
489.00	9748.33
490.00	9776.42
491.00	9678.12
492.00	9907.49
493.00	9909.83
494.00	10068.98
495.00	10083.03
496.00	10106.43
497.00	9926.21
498.00	10230.48
499.00	10099.41
500.00	10249.21
501.00	10438.79
502.00	10310.06
503.00	10092.39
504.00	10370.91
505.00	10399.00
506.00	10174.31
507.00	10516.03
508.00	10635.39
509.00	10532.41
510.00	10370.91
511.00	10668.16
512.00	10555.82
513.00	10604.97
514.00	10504.32
515.00	10544.11
516.00	10721.99
517.00	10558.16
518.00	10588.58
519.00	10689.23
520.00	10527.73
521.00	10799.23
522.00	10729.02
523.00	10609.65
524.00	10930.30
525.00	10675.18
526.00	10946.69
527.00	10810.93
528.00	10902.22
529.00	10995.84
530.00	11103.50
531.00	11162.01
532.00	11049.67
533.00	10918.60
534.00	10927.96
535.00	11096.48
536.00	11164.36
537.00	11091.80
538.00	11147.97
539.00	11218.19
540.00	11033.29
541.00	11321.17
542.00	11302.45
543.00	11152.65
544.00	11096.48
545.00	11339.90
546.00	11492.03
547.00	11351.60
548.00	11372.66
549.00	11571.61
550.00	11587.99
551.00	11669.91
552.00	11559.91
553.00	11838.43
554.00	11665.23
555.00	11852.47
556.00	12016.31
557.00	11705.02
558.00	11786.94
559.00	11875.88
560.00	11950.78
561.00	12084.19
562.00	12421.22
563.00	12060.78
564.00	12325.26
565.00	12329.94
566.00	12322.92
567.00	12695.07
568.00	12264.41
569.00	12280.79
570.00	12580.38
571.00	12655.28
572.00	12556.97
573.00	12652.94
574.00	12795.71
575.00	12564.00
576.00	12924.44
577.00	13111.68
578.00	13041.46
579.00	13212.32
580.00	13097.64
581.00	13263.82
582.00	13406.59
583.00	13116.36
584.00	13254.45
585.00	13577.45
586.00	13888.74
587.00	13987.04
588.00	13736.60
589.00	13795.12
590.00	13982.36
591.00	13975.34
592.00	13933.21
593.00	14183.65
594.00	14637.71
595.00	14431.74
596.00	14349.82
597.00	14824.95
598.00	14698.56
599.00	14932.62
600.00	15253.27
601.00	15384.34
602.00	15484.98
603.00	15431.15
604.00	15492.01
605.00	15571.58
606.00	15967.13
607.00	15548.18
608.00	16145.02
609.00	15793.94
610.00	15882.88
611.00	16215.23
612.00	15903.94
613.00	16189.49
614.00	16727.81
615.00	16886.97
616.00	16751.21
617.00	17025.06
618.00	16793.34
619.00	17090.59
620.00	17097.61
621.00	17469.76
622.00	17439.33
623.00	17799.77
624.00	17865.31
625.00	17954.25
626.00	17795.09
627.00	17961.27
628.00	17781.05
629.00	18272.56
630.00	18572.15
631.00	19073.03
632.00	18485.55
633.00	18773.44
634.00	18822.59
635.00	19222.82
636.00	18974.72
637.00	19311.76
638.00	19491.98
639.00	19716.67
640.00	19393.68
641.00	19833.70
642.00	19917.96
643.00	20044.35
644.00	20496.07
645.00	20842.47
646.00	21020.35
647.00	20610.76
648.00	20851.83
649.00	21439.31
650.00	21333.98
651.00	21916.78
652.00	21713.15
653.00	21535.27
654.00	21837.20
655.00	22064.23
656.00	21968.27
657.00	22040.82
658.00	22457.44
659.00	22286.58
660.00	23140.88
661.00	22948.95
662.00	22656.39
663.00	23096.41
664.00	23709.63
665.00	23583.24
666.00	23470.89
667.00	23695.58
668.00	23803.25
669.00	23868.78
670.00	24201.14
671.00	24072.41
672.00	24460.94
673.00	24444.56
674.00	24758.19
675.00	24474.98
676.00	24797.98
677.00	24589.67
678.00	24882.24
679.00	25144.38
680.00	25575.03
681.00	25558.65
682.00	25436.94
683.00	25776.32
684.00	25680.36
685.00	26026.76
686.00	26099.31
687.00	26422.31
688.00	26480.82
689.00	26293.58
690.00	26450.39
691.00	27070.64
692.00	26679.77
693.00	27278.94
694.00	27140.85
695.00	27405.33
696.00	27709.60
697.00	27674.49
698.00	27828.97
699.00	28285.37
700.00	28048.98
701.00	28346.23
702.00	28360.27
703.00	28149.62
704.00	28301.76
705.00	28645.82
706.00	28442.19
707.00	28830.72
708.00	29163.08
709.00	29378.40
710.00	29708.42
711.00	29352.66
712.00	29401.81
713.00	29773.95
714.00	29818.42
715.00	29710.76
716.00	29874.60
717.00	30319.30
718.00	30078.22
719.00	30328.66
720.00	30335.68
721.00	30513.56
722.00	30473.78
723.00	30637.61
724.00	31147.85
725.00	31021.46
726.00	30967.63
727.00	30686.76
728.00	30953.58
729.00	30955.93
730.00	30930.18
731.00	31426.37
732.00	31351.48
733.00	31704.90
734.00	31700.22
735.00	31517.65
736.00	31864.05
737.00	31812.56
738.00	32224.50
739.00	32137.90
740.00	31960.02
741.00	32091.09
742.00	32088.74
743.00	32135.56
744.00	32173.00
745.00	32608.34
746.00	32727.71
747.00	33144.33
748.00	33233.27
749.00	32519.40
750.00	32706.65
751.00	32938.36
752.00	32907.93
753.00	33493.07
754.00	33886.28
755.00	33624.14
756.00	33237.95
757.00	33596.05
758.00	33652.22
759.00	33486.04
760.00	34160.12
761.00	34408.22
762.00	34384.81
763.00	33970.54
764.00	34071.18
765.00	34630.57
766.00	34253.74
767.00	34567.37
768.00	35208.68
769.00	34698.44
770.00	35093.99
771.00	35161.87
772.00	35409.96
773.00	35187.61
774.00	35250.81
775.00	35093.99
776.00	35449.75
777.00	35548.06
778.00	35615.93
779.00	35761.05
780.00	35967.01
781.00	36119.15
782.00	35690.83
783.00	36140.21
784.00	36519.38
785.00	36126.17
786.00	36421.08
787.00	36194.04
788.00	36402.35
789.00	36521.72
790.00	36282.98
791.00	37027.28
792.00	36767.48
793.00	37062.38
794.00	36847.05
795.00	37092.81
796.00	36992.17
797.00	37020.25
798.00	37111.53
799.00	37593.68
800.00	37422.83
801.00	37696.67
802.00	37778.59
803.00	37483.68
804.00	37397.08
805.00	37780.93
806.00	37750.50
807.00	38265.42
808.00	37886.25
809.00	38455.00
810.00	38581.39
811.00	38103.92
812.00	38398.83
813.00	38101.58
814.00	38251.38
815.00	38106.26
816.00	38759.27
817.00	38782.68
818.00	38824.81
819.00	38742.89
820.00	38501.81
821.00	39225.04
822.00	38197.54
823.00	38656.29
824.00	38543.94
825.00	39274.19
826.00	39412.28
827.00	39110.35
828.00	38845.87
829.00	39353.77
830.00	39559.73
831.00	39339.72
832.00	39414.62
833.00	40018.48
834.00	39557.39
835.00	39847.62
836.00	39608.89
837.00	40179.98
838.00	39768.04
839.00	39761.02
840.00	40039.54
841.00	40360.20
842.00	40320.41
843.00	40275.94
844.00	40844.69
845.00	40250.19
846.00	40933.63
847.00	40898.52
848.00	41200.45
849.00	40680.85
850.00	41205.13
851.00	40690.21
852.00	41062.36
853.00	40423.39
854.00	41579.62
855.00	40844.69
856.00	40753.41
857.00	41677.92
858.00	41345.56
859.00	41663.88
860.00	41521.10
861.00	41766.86
862.00	41340.88
863.00	41631.11
864.00	42082.83
865.00	42117.94
866.00	42237.31
867.00	42274.76
868.00	41986.87
869.00	42218.58
870.00	42131.98
871.00	41947.08
872.00	42277.10
873.00	41631.11
874.00	42384.76
875.00	42607.11
876.00	42454.98
877.00	42595.41
878.00	42567.32
879.00	42780.31
880.00	42693.71
881.00	42593.07
882.00	42660.94
883.00	42607.11
884.00	43433.32
885.00	43161.82
886.00	42913.72
887.00	43173.52
888.00	42925.42
889.00	42731.16
890.00	43459.07
891.00	43335.02
892.00	43213.31
893.00	43037.77
894.00	43328.00
895.00	43299.91
896.00	43100.97
897.00	43246.08
898.00	43356.08
899.00	43407.58
900.00	43522.26
901.00	43859.30
902.00	44048.88
903.00	44034.84
904.00	43365.45
905.00	43971.64
906.00	43894.41
907.00	43981.01
908.00	43798.44
909.00	44165.91
910.00	44334.43
911.00	44774.45
912.00	44236.12
913.00	44027.82
914.00	44421.03
915.00	43988.03
916.00	44652.74
917.00	44257.19
918.00	45059.99
919.00	44671.46
920.00	44287.62
921.00	44662.10
922.00	45015.52
923.00	44713.59
924.00	44397.62
925.00	44779.13
926.00	44790.83
927.00	45586.61
928.00	45294.05
929.00	45347.88
930.00	45464.91
931.00	44898.50
932.00	45439.16
933.00	45219.15
934.00	44898.50
935.00	45198.09
936.00	45242.56
937.00	45682.58
938.00	45338.52
939.00	44795.51
940.00	45560.87
941.00	45612.36
942.00	45446.18
943.00	45235.53
944.00	45991.53
945.00	45504.70
946.00	45961.10
947.00	45963.44
948.00	45652.15
949.00	45848.75
950.00	46000.89
951.00	45937.69
952.00	45743.43
953.00	45654.49
954.00	46185.79
955.00	45729.39
956.00	46192.81
957.00	46110.89
958.00	45890.88
959.00	45787.90
960.00	46176.43
961.00	45823.01
962.00	46010.25
963.00	46071.10
964.00	46560.28
965.00	46431.55
966.00	46712.41
967.00	47178.18
968.00	47234.35
969.00	46583.68
970.00	46597.73
971.00	47323.29
972.00	47042.43
973.00	47030.72
974.00	47187.54
975.00	47107.96
976.00	47473.09
977.00	47061.15
978.00	46923.06
979.00	46742.84
980.00	47133.71
981.00	47030.72
982.00	47636.92
983.00	47414.57
984.00	47552.66
985.00	47887.36
986.00	47477.77
987.00	47103.28
988.00	47365.42
989.00	47068.17
990.00	46852.84
991.00	47519.90
992.00	47866.30
993.00	47732.89
994.00	47714.16
995.00	48292.27
996.00	47526.92
997.00	47812.46
998.00	48109.71
999.00	47723.52
1000.00	48559.09
1001.00	47957.58
1002.00	48055.88
1003.00	48032.47
1004.00	47594.79
1005.00	48011.41
1006.00	48004.39
1007.00	47751.61
1008.00	47700.12
1009.00	47789.06
1010.00	48060.56
1011.00	48329.72
1012.00	48378.87
1013.00	48538.03
1014.00	48079.28
1015.00	48243.12
1016.00	47973.96
1017.00	48243.12
1018.00	48329.72
1019.00	48453.77
1020.00	48851.66
1021.00	48704.21
1022.00	48271.21
1023.00	48336.74
1024.00	48795.49
1025.00	48025.45
1026.00	48898.47
1027.00	48954.64
1028.00	48669.10
1029.00	48662.08
1030.00	48765.06
1031.00	48612.93
1032.00	49205.08
1033.00	49066.99
1034.00	48851.66
1035.00	48535.69
1036.00	48823.58
1037.00	48746.34
1038.00	49090.40
1039.00	49389.98
1040.00	48886.77
1041.00	49022.52
1042.00	49155.93
1043.00	48516.96
1044.00	48949.96
1045.00	49134.87
1046.00	49038.90
1047.00	49359.56
1048.00	49066.99
1049.00	49151.25
1050.00	49202.74
1051.00	49612.34
1052.00	49382.96
1053.00	49251.89
1054.00	49230.83
1055.00	49469.56
1056.00	49354.88
1057.00	49272.96
1058.00	49698.94
1059.00	49734.04
1060.00	49368.92
1061.00	49602.97
1062.00	49350.20
1063.00	49169.97
1064.00	49389.98
1065.00	48966.35
1066.00	49443.82
1067.00	49319.77
1068.00	49329.13
1069.00	49743.41
1070.00	49703.62
1071.00	49366.58
1072.00	49560.84
1073.00	50021.93
1074.00	49769.15
1075.00	49499.99
1076.00	49605.31
1077.00	49577.23
1078.00	49605.31
1079.00	49696.59
1080.00	49979.80
1081.00	49642.76
1082.00	49902.56
1083.00	49354.88
1084.00	49785.54
1085.00	49932.99
1086.00	49619.36
1087.00	49769.15
1088.00	50071.08
1089.00	49869.79
1090.00	50422.16
1091.00	49677.87
1092.00	50155.34
1093.00	50174.06
1094.00	49820.64
1095.00	49598.29
1096.00	49928.31
1097.00	49890.86
1098.00	49556.16
1099.00	49546.80
1100.00	50174.06
1101.00	50127.25
1102.00	50096.83
1103.00	50211.51
1104.00	49762.13
1105.00	49888.52
1106.00	50005.55
1107.00	50227.90
1108.00	49804.26
1109.00	50272.37
1110.00	50412.80
1111.00	50728.77
1112.00	50092.15
1113.00	50665.58
1114.00	50045.33
1115.00	50052.36
1116.00	50185.77
1117.00	49567.87
1118.00	49993.84
1119.00	50071.08
1120.00	49998.52
1121.00	50199.81
1122.00	50333.22
1123.00	49972.78
1124.00	50213.85
1125.00	49668.51
1126.00	50253.64
1127.00	49712.98
1128.00	49951.71
1129.00	50024.27
1130.00	50061.72
1131.00	50291.09
1132.00	50176.40
1133.00	50181.09
1134.00	50223.22
1135.00	50433.86
1136.00	50012.57
1137.00	49701.28
1138.00	49932.99
1139.00	50131.93
1140.00	50314.50
1141.00	50012.57
1142.00	50370.67
1143.00	50047.68
1144.00	50265.34
1145.00	50578.98
1146.00	50110.87
1147.00	50042.99
1148.00	49743.41
1149.00	49801.92
1150.00	50199.81
1151.00	50614.08
1152.00	50506.42
1153.00	50578.98
1154.00	50368.33
1155.00	50064.06
1156.00	50115.55
1157.00	50394.07
1158.00	49848.73
1159.00	50234.92
1160.00	49900.22
1161.00	50160.02
1162.00	50298.11
1163.00	50096.83
1164.00	50265.34
1165.00	50145.98
1166.00	50342.58
1167.00	50239.60
1168.00	50223.22
1169.00	50143.64
1170.00	49982.14
1171.00	49663.83
1172.00	50031.29
1173.00	50127.25
1174.00	50216.19
1175.00	50454.93
1176.00	50019.59
1177.00	50202.15
1178.00	49612.34
1179.00	49813.62
1180.00	50035.97
1181.00	50113.21
1182.00	50141.30
1183.00	50188.11
1184.00	49975.12
1185.00	50677.28
1186.00	50798.99
1187.00	50012.57
1188.00	49846.39
1189.00	50110.87
1190.00	50284.07
1191.00	50209.17
1192.00	50188.11
1193.00	49783.19
1194.00	50035.97
1195.00	50410.46
1196.00	50375.35
1197.00	50068.74
1198.00	50546.21
1199.00	49881.50
1200.00	50691.32
1201.00	50277.05
1202.00	49773.83
1203.00	49895.54
1204.00	50127.25
1205.00	49940.01
1206.00	50248.96
1207.00	50274.71
1208.00	50239.60
1209.00	50162.36
1210.00	50312.16
1211.00	50089.80
1212.00	49848.73
1213.00	50216.19
1214.00	49785.54
1215.00	49773.83
1216.00	49968.10
1217.00	50330.88
1218.00	50368.33
1219.00	50223.22
1220.00	50082.78
1221.00	49881.50
1222.00	49804.26
1223.00	49727.02
1224.00	49930.65
1225.00	49652.12
1226.00	49591.27
1227.00	50010.23
1228.00	50387.05
1229.00	49883.84
1230.00	50387.05
1231.00	50164.70
1232.00	50068.74
1233.00	50176.40
1234.00	50270.03
1235.00	49907.24
1236.00	49633.40
1237.00	50368.33
1238.00	49769.15
1239.00	50483.01
1240.00	50129.59
1241.00	50581.32
1242.00	50593.02
1243.00	50534.51
1244.00	49785.54
1245.00	50263.00
1246.00	49759.79
1247.00	50031.29
1248.00	50263.00
1249.00	50110.87
1250.00	50389.39
1251.00	49780.85
1252.00	50340.24
1253.00	50396.42
1254.00	50335.56
1255.00	50354.29
1256.00	50679.62
1257.00	50178.75
1258.00	50396.42
1259.00	50066.40
1260.00	49876.82
1261.00	50443.23
1262.00	50164.70
1263.00	50358.97
1264.00	50777.92
1265.00	50653.87
1266.00	50323.86
1267.00	50459.61
1268.00	50148.32
1269.00	50330.88
1270.00	50108.53
1271.00	49792.56
1272.00	49977.46
1273.00	50305.13
1274.00	50082.78
1275.00	50330.88
1276.00	50637.49
1277.00	50583.66
1278.00	50445.57
1279.00	50363.65
1280.00	50361.31
1281.00	49858.09
1282.00	50452.59
1283.00	50286.41
1284.00	49712.98
1285.00	50127.25
1286.00	50461.95
1287.00	50010.23
1288.00	50419.82
1289.00	50646.85
1290.00	50279.39
1291.00	50181.09
1292.00	50047.68
1293.00	50148.32
1294.00	50183.43
1295.00	50230.24
1296.00	50148.32
1297.00	50499.40
1298.00	50094.49
1299.00	50429.18
1300.00	50475.99
1301.00	50302.79
1302.00	50422.16
1303.00	50419.82
1304.00	50291.09
1305.00	50230.24
1306.00	50230.24
1307.00	50047.68
1308.00	50337.90
1309.00	49837.03
1310.00	50391.73
1311.00	50644.51
1312.00	50312.16
1313.00	50480.67
1314.00	50714.73
1315.00	50248.96
1316.00	50005.55
1317.00	50368.33
1318.00	50115.55
1319.00	50307.47
1320.00	49998.52
1321.00	50529.83
1322.00	50335.56
1323.00	50639.83
1324.00	50574.30
1325.00	50443.23
1326.00	50464.29
1327.00	50192.79
1328.00	50232.58
1329.00	50164.70
1330.00	50604.72
1331.00	49956.39
1332.00	50234.92
1333.00	50417.48
1334.00	50733.45
1335.00	50340.24
1336.00	50213.85
1337.00	50255.98
1338.00	50248.96
1339.00	50246.62
1340.00	50005.55
1341.00	50010.23
1342.00	50300.45
1343.00	50092.15
1344.00	49776.17
1345.00	50239.60
1346.00	49703.62
1347.00	50129.59
1348.00	50384.71
1349.00	49780.85
1350.00	50195.13
1351.00	50085.12
1352.00	50047.68
1353.00	49617.02
1354.00	49876.82
1355.00	49591.27
1356.00	49736.38
1357.00	49382.96
1358.00	50164.70
1359.00	49359.56
1360.00	50295.77
1361.00	50005.55
1362.00	49979.80
1363.00	50038.31
1364.00	49771.49
1365.00	50071.08
1366.00	49818.30
1367.00	49736.38
1368.00	49336.15
1369.00	49181.68
1370.00	49418.07
1371.00	49811.28
1372.00	49614.68
1373.00	49879.16
1374.00	49851.07
1375.00	49801.92
1376.00	49450.84
1377.00	49155.93
1378.00	49375.94
1379.00	49593.61
1380.00	49588.93
1381.00	49450.84
1382.00	49757.45
1383.00	49415.73
1384.00	49261.26
1385.00	49298.70
1386.00	49382.96
1387.00	49432.11
1388.00	49368.92
1389.00	49382.96
1390.00	49148.91
1391.00	49244.87
1392.00	49184.02
1393.00	48917.20
1394.00	48816.55
1395.00	49235.51
1396.00	49221.47
1397.00	49481.27
1398.00	49317.43
1399.00	49673.19
1400.00	49366.58
1401.00	49696.59
1402.00	49109.12
1403.00	49226.15
1404.00	48879.75
1405.00	48856.34
1406.00	48868.05
1407.00	48992.09
1408.00	49155.93
1409.00	49230.83
1410.00	48779.10
1411.00	49397.01
1412.00	49230.83
1413.00	48994.43
1414.00	48945.28
1415.00	48753.36
1416.00	48563.78
1417.00	48662.08
1418.00	48556.75
1419.00	48355.47
1420.00	48430.36
1421.00	48399.94
1422.00	48671.44
1423.00	48329.72
1424.00	48303.98
1425.00	48926.56
1426.00	48589.52
1427.00	48058.22
1428.00	48289.93
1429.00	48409.30
1430.00	48430.36
1431.00	48521.65
1432.00	47854.59
1433.00	47950.56
1434.00	48369.51
1435.00	48266.53
1436.00	48411.64
1437.00	48105.03
1438.00	47959.92
1439.00	48289.93
1440.00	48341.42
1441.00	48605.91
1442.00	48121.41
1443.00	47772.67
1444.00	47885.02
1445.00	47388.83
1446.00	47372.44
1447.00	48320.36
1448.00	47870.98
1449.00	47302.23
1450.00	47468.40
1451.00	47906.08
1452.00	48020.77
1453.00	48182.27
1454.00	47672.03
1455.00	47772.67
1456.00	47622.88
1457.00	47246.05
1458.00	47320.95
1459.00	47501.17
1460.00	47009.66
1461.00	47700.12
1462.00	47547.98
1463.00	47372.44
1464.00	47786.72
1465.00	47636.92
1466.00	47540.96
1467.00	47400.53
1468.00	47260.10
1469.00	47400.53
1470.00	46997.96
1471.00	47332.65
1472.00	46773.27
1473.00	47145.41
1474.00	46721.77
1475.00	47372.44
1476.00	47224.99
1477.00	47334.99
1478.00	46981.57
1479.00	47114.98
1480.00	47309.25
1481.00	46899.65
1482.00	47093.92
1483.00	46787.31
1484.00	46541.55
1485.00	46527.51
1486.00	46721.77
1487.00	46256.01
1488.00	46710.07
1489.00	46295.80
1490.00	46305.16
1491.00	46436.23
1492.00	46824.76
1493.00	46263.03
1494.00	46225.58
1495.00	46497.08
1496.00	46410.48
1497.00	46518.15
1498.00	46405.80
1499.00	46593.04
1500.00	46553.26
1501.00	46237.28
1502.00	46117.92
1503.00	46436.23
1504.00	46122.60
1505.00	46808.37
1506.00	46497.08
1507.00	46452.61
1508.00	46190.47
1509.00	45837.05
1510.00	45759.81
1511.00	46047.70
1512.00	46059.40
1513.00	45654.49
1514.00	45663.85
1515.00	45705.98
1516.00	45558.53
1517.00	45565.55
1518.00	45588.95
1519.00	45771.52
1520.00	45560.87
1521.00	45925.99
1522.00	45661.51
1523.00	45677.90
1524.00	45574.91
1525.00	45544.48
1526.00	45212.13
1527.00	45862.80
1528.00	45387.67
1529.00	45404.05
1530.00	45310.43
1531.00	45214.47
1532.00	45787.90
1533.00	45738.75
1534.00	45577.25
1535.00	45507.04
1536.00	45263.62
1537.00	45303.41
1538.00	45106.80
1539.00	44928.92
1540.00	45315.11
1541.00	45017.86
1542.00	44617.63
1543.00	44877.43
1544.00	45017.86
1545.00	45038.93
1546.00	45247.24
1547.00	44947.65
1548.00	44935.95
1549.00	45258.94
1550.00	45132.55
1551.00	45247.24
1552.00	44818.92
1553.00	44428.05
1554.00	44816.58
1555.00	44767.43
1556.00	44226.76
1557.00	44741.68
1558.00	44460.82
1559.00	44542.74
1560.00	44191.65
1561.00	44545.08
1562.00	44481.88
1563.00	44622.31
1564.00	44385.92
1565.00	44259.53
1566.00	44346.13
1567.00	43952.92
1568.00	44142.50
1569.00	43393.53
1570.00	43966.96
1571.00	43927.17
1572.00	43480.13
1573.00	43824.19
1574.00	43931.86
1575.00	44236.12
1576.00	44191.65
1577.00	44088.67
1578.00	44226.76
1579.00	44126.12
1580.00	43700.14
1581.00	43817.17
1582.00	43885.04
1583.00	43807.81
1584.00	43388.85
1585.00	43903.77
1586.00	43597.16
1587.00	43316.29
1588.00	43203.95
1589.00	43634.61
1590.00	43763.34
1591.00	43386.51
1592.00	43908.45
1593.00	43585.46
1594.00	43746.95
1595.00	43292.89
1596.00	43236.72
1597.00	43386.51
1598.00	42909.04
1599.00	42789.67
1600.00	43110.33
1601.00	43030.75
1602.00	42803.72
1603.00	43009.68
1604.00	42864.57
1605.00	43234.38
1606.00	42866.91
1607.00	42651.58
1608.00	42848.19
1609.00	42555.62
1610.00	42752.23
1611.00	42693.71
1612.00	42607.11
1613.00	42799.04
1614.00	42410.51
1615.00	42969.90
1616.00	42707.76
1617.00	42450.30
1618.00	42583.71
1619.00	42689.03
1620.00	43044.79
1621.00	42625.84
1622.00	42316.89
1623.00	42745.20
1624.00	42342.63
1625.00	42803.72
1626.00	42518.17
1627.00	42476.04
1628.00	42033.68
1629.00	42188.16
1630.00	42108.58
1631.00	42155.39
1632.00	42122.62
1633.00	41890.91
1634.00	42014.96
1635.00	42319.23
1636.00	42225.60
1637.00	42604.77
1638.00	42188.16
1639.00	42176.45
1640.00	41801.97
1641.00	41787.92
1642.00	41832.39
1643.00	41897.93
1644.00	41649.83
1645.00	41610.04
1646.00	41467.27
1647.00	41556.21
1648.00	41872.18
1649.00	42064.11
1650.00	41514.08
1651.00	41949.42
1652.00	41530.47
1653.00	41794.95
1654.00	41874.52
1655.00	41558.55
1656.00	41640.47
1657.00	41013.21
1658.00	41315.14
1659.00	41298.75
1660.00	40870.43
1661.00	41144.28
1662.00	41436.84
1663.00	41125.55
1664.00	41439.18
1665.00	41715.37
1666.00	41572.60
1667.00	41532.81
1668.00	41521.10
1669.00	41106.83
1670.00	40905.54
1671.00	40996.82
1672.00	41095.13
1673.00	41024.91
1674.00	40685.53
1675.00	40898.52
1676.00	40346.15
1677.00	40582.55
1678.00	40584.89
1679.00	40835.33
1680.00	40678.51
1681.00	40961.72
1682.00	41050.66
1683.00	40795.54
1684.00	40690.21
1685.00	40500.63
1686.00	40563.82
1687.00	40318.07
1688.00	40402.33
1689.00	40643.40
1690.00	40343.81
1691.00	40219.77
1692.00	39864.00
1693.00	40002.10
1694.00	40084.01
1695.00	40545.10
1696.00	39936.56
1697.00	40130.83
1698.00	40367.22
1699.00	40210.40
1700.00	40009.12
1701.00	39749.32
1702.00	39604.20
1703.00	39721.23
1704.00	40147.21
1705.00	39583.14
1706.00	39913.16
1707.00	40004.44
1708.00	39627.61
1709.00	39454.41
1710.00	39885.07
1711.00	39651.02
1712.00	39454.41
1713.00	39721.23
1714.00	39948.26
1715.00	39405.26
1716.00	39250.78
1717.00	39463.77
1718.00	39550.37
1719.00	39351.43
1720.00	39468.45
1721.00	38859.91
1722.00	38841.19
1723.00	38455.00
1724.00	38719.48
1725.00	38281.80
1726.00	38644.59
1727.00	38639.90
1728.00	38864.60
1729.00	38234.99
1730.00	38920.77
1731.00	38670.33
1732.00	38700.76
1733.00	38251.38
1734.00	38190.52
1735.00	38724.16
1736.00	38263.08
1737.00	38548.62
1738.00	37703.69
1739.00	37921.36
1740.00	37912.00
1741.00	37879.23
1742.00	38230.31
1743.00	38256.06
1744.00	38117.96
1745.00	38485.43
1746.00	38075.84
1747.00	37514.11
1748.00	38068.81
1749.00	37514.11
1750.00	37897.95
1751.00	37415.80
1752.00	37848.80
1753.00	37179.41
1754.00	37193.45
1755.00	37263.67
1756.00	37420.48
1757.00	36891.52
1758.00	37099.83
1759.00	37076.43
1760.00	36957.06
1761.00	37406.44
1762.00	37081.11
1763.00	37603.05
1764.00	37219.20
1765.00	36987.49
1766.00	36676.19
1767.00	36514.70
1768.00	36783.86
1769.00	36755.77
1770.00	36491.29
1771.00	36444.48
1772.00	36334.48
1773.00	36865.78
1774.00	36077.02
1775.00	36238.51
1776.00	36421.08
1777.00	36498.31
1778.00	35950.63
1779.00	36402.35
1780.00	36350.86
1781.00	35864.03
1782.00	36287.67
1783.00	35908.50
1784.00	35288.26
1785.00	35489.54
1786.00	35800.83
1787.00	35225.06
1788.00	35222.72
1789.00	35124.42
1790.00	35428.69
1791.00	35196.98
1792.00	35480.18
1793.00	35056.54
1794.00	35325.71
1795.00	35040.16
1796.00	35222.72
1797.00	34979.31
1798.00	35395.92
1799.00	34848.24
1800.00	34939.52
1801.00	34672.70
1802.00	34478.43
1803.00	34235.02
1804.00	34445.66
1805.00	34204.59
1806.00	34410.56
1807.00	34195.23
1808.00	34464.39
1809.00	34326.30
1810.00	34583.76
1811.00	34319.28
1812.00	34216.29
1813.00	33832.44
1814.00	33926.07
1815.00	34134.37
1816.00	33717.76
1817.00	33897.98
1818.00	33883.94
1819.00	33390.08
1820.00	33589.03
1821.00	33251.99
1822.00	33266.03
1823.00	33333.91
1824.00	32992.19
1825.00	32858.78
1826.00	32903.25
1827.00	33139.65
1828.00	33202.84
1829.00	33090.49
1830.00	32987.51
1831.00	32402.38
1832.00	32720.69
1833.00	32510.04
1834.00	32510.04
1835.00	32470.25
1836.00	32273.65
1837.00	31744.69
1838.00	31812.56
1839.00	31573.83
1840.00	32070.02
1841.00	31789.16
1842.00	31447.44
1843.00	31964.70
1844.00	31386.58
1845.00	31594.89
1846.00	31309.35
1847.00	31225.09
1848.00	31314.03
1849.00	31138.49
1850.00	31126.78
1851.00	31009.76
1852.00	30878.69
1853.00	30888.05
1854.00	30995.71
1855.00	30361.43
1856.00	30167.16
1857.00	30129.72
1858.00	29993.97
1859.00	30370.79
1860.00	30675.06
1861.00	29970.56
1862.00	30338.02
1863.00	30181.21
1864.00	29818.42
1865.00	29532.88
1866.00	29764.59
1867.00	29905.02
1868.00	29862.90
1869.00	29427.56
1870.00	29088.18
1871.00	29441.60
1872.00	29455.64
1873.00	29294.14
1874.00	28854.12
1875.00	29060.09
1876.00	28767.52
1877.00	28961.79
1878.00	28744.12
1879.00	28723.05
1880.00	28332.18
1881.00	28400.06
1882.00	28439.85
1883.00	28252.61
1884.00	28203.46
1885.00	28624.75
1886.00	27798.54
1887.00	28245.58
1888.00	27709.60
1889.00	27608.96
1890.00	27608.96
1891.00	27391.29
1892.00	27358.52
1893.00	27325.75
1894.00	27353.84
1895.00	27009.78
1896.00	27072.98
1897.00	26857.65
1898.00	26665.72
1899.00	26892.76
1900.00	27241.50
1901.00	26871.69
1902.00	26986.38
1903.00	26539.33
1904.00	26939.57
1905.00	26349.75
1906.00	26363.79
1907.00	26160.17
1908.00	25654.61
1909.00	25661.63
1910.00	25528.22
1911.00	25930.80
1912.00	25874.62
1913.00	25722.49
1914.00	25603.12
1915.00	25425.24
1916.00	25465.03
1917.00	25076.50
1918.00	25605.46
1919.00	25146.72
1920.00	25523.54
1921.00	25397.15
1922.00	25097.56
1923.00	24989.90
1924.00	24940.75
1925.00	24587.33
1926.00	24463.28
1927.00	24577.97
1928.00	23871.12
1929.00	24142.63
1930.00	24322.85
1931.00	24184.76
1932.00	23878.15
1933.00	24086.45
1934.00	24201.14
1935.00	24053.69
1936.00	24432.85
1937.00	23843.04
1938.00	23426.42
1939.00	23651.11
1940.00	23751.76
1941.00	23583.24
1942.00	23585.58
1943.00	23248.54
1944.00	23288.33
1945.00	22948.95
1946.00	22993.42
1947.00	22707.88
1948.00	22492.55
1949.00	22665.75
1950.00	22314.67
1951.00	22611.92
1952.00	22045.51
1953.00	22726.60
1954.00	22195.30
1955.00	22223.39
1956.00	22352.12
1957.00	21898.05
1958.00	22178.92
1959.00	21872.31
1960.00	21977.63
1961.00	21774.00
1962.00	21722.51
1963.00	21556.33
1964.00	21575.06
1965.00	21343.35
1966.00	21331.64
1967.00	21151.42
1968.00	20917.37
1969.00	20994.61
1970.00	20786.30
1971.00	21130.36
1972.00	21083.55
1973.00	20826.09
1974.00	20819.07
1975.00	20987.58
1976.00	20863.54
1977.00	20706.72
1978.00	20657.57
1979.00	20556.93
1980.00	20393.09
1981.00	20350.96
1982.00	19660.50
1983.00	19880.51
1984.00	19969.45
1985.00	19613.69
1986.00	19826.68
1987.00	19342.19
1988.00	19391.34
1989.00	19517.73
1990.00	19555.18
1991.00	19332.82
1992.00	19534.11
1993.00	19253.25
1994.00	19218.14
1995.00	19529.43
1996.00	19042.60
1997.00	18876.42
1998.00	18979.40
1999.00	18787.48
2000.00	18480.87
2001.00	18745.35
2002.00	18794.50
2003.00	18427.04
2004.00	18361.50
2005.00	18396.61
2006.00	17869.99
2007.00	17940.21
2008.00	18139.15
2009.00	18017.44
2010.00	17649.98
2011.00	17853.61
2012.00	17682.75
2013.00	18082.98
2014.00	17568.06
2015.00	17778.71
2016.00	17586.79
2017.00	17547.00
2018.00	17582.10
2019.00	17455.72
2020.00	17228.68
2021.00	17188.89
2022.00	16985.27
2023.00	17046.12
2024.00	16812.07
2025.00	16622.48
2026.00	16744.19
2027.00	16409.50
2028.00	16535.88
2029.00	16463.33
2030.00	16421.20
2031.00	16697.38
2032.00	16336.94
2033.00	16383.75
2034.00	16369.71
2035.00	16116.93
2036.00	16020.97
2037.00	15939.05
2038.00	15901.60
2039.00	16161.40
2040.00	15704.99
2041.00	15625.42
2042.00	15545.84
2043.00	15623.08
2044.00	15578.61
2045.00	15435.83
2046.00	15328.17
2047.00	15288.38
