0.00	1076.65
1.00	1076.65
2.00	1076.65
3.00	976.00
4.00	894.08
5.00	950.26
6.00	884.72
7.00	908.13
8.00	891.74
9.00	910.47
10.00	971.32
11.00	954.94
12.00	1008.77
13.00	940.90
14.00	936.21
15.00	947.92
16.00	952.60
17.00	978.34
18.00	978.34
19.00	917.49
20.00	929.19
21.00	1043.88
22.00	919.83
23.00	1036.86
24.00	1069.62
25.00	1418.36
26.00	1394.96
27.00	1483.90
28.00	1432.41
29.00	1502.62
30.00	1530.71
31.00	1465.18
32.00	1467.52
33.00	1521.35
34.00	1521.35
35.00	1444.11
36.00	1575.18
37.00	1519.01
38.00	1537.73
39.00	1511.99
40.00	1540.07
41.00	1547.09
42.00	1575.18
43.00	1645.40
44.00	1547.09
45.00	1638.38
46.00	1535.39
47.00	1652.42
48.00	1612.63
49.00	1577.52
50.00	1561.14
51.00	1696.89
52.00	1624.33
53.00	1706.25
54.00	1619.65
55.00	1631.35
56.00	1650.08
57.00	1652.42
58.00	1722.63
59.00	1682.85
60.00	1687.53
61.00	1722.63
62.00	1666.46
63.00	1668.80
64.00	1668.80
65.00	1652.42
66.00	1734.34
67.00	1755.40
68.00	1778.81
69.00	1689.87
70.00	1715.61
71.00	1699.23
72.00	1778.81
73.00	1750.72
74.00	1802.21
75.00	1762.42
76.00	1741.36
77.00	1724.97
78.00	1757.74
79.00	1846.68
80.00	1795.19
81.00	1753.06
82.00	1870.09
83.00	1830.30
84.00	1802.21
85.00	1870.09
86.00	1886.47
87.00	1839.66
88.00	1907.54
89.00	1870.09
90.00	1905.20
91.00	1837.32
92.00	1884.13
93.00	1853.70
94.00	1919.24
95.00	1856.04
96.00	1844.34
97.00	1799.87
98.00	1893.49
99.00	1947.33
100.00	1895.83
101.00	1935.62
102.00	2026.90
103.00	1987.11
104.00	2008.18
105.00	2029.24
106.00	1970.73
107.00	1952.01
108.00	1959.03
109.00	2043.29
110.00	1956.69
111.00	2033.93
112.00	2015.20
113.00	2113.50
114.00	2043.29
115.00	2026.90
116.00	2022.22
117.00	2029.24
118.00	2085.42
119.00	2160.31
120.00	2111.16
121.00	2090.10
122.00	2054.99
123.00	2120.53
124.00	2183.72
125.00	2162.66
126.00	2141.59
127.00	2221.17
128.00	2190.74
129.00	2195.42
130.00	2260.96
131.00	2244.57
132.00	2207.13
133.00	2258.62
134.00	2214.15
135.00	2230.53
136.00	2218.83
137.00	2272.66
138.00	2303.09
139.00	2303.09
140.00	2214.15
141.00	2340.54
142.00	2319.47
143.00	2300.75
144.00	2345.22
145.00	2359.26
146.00	2356.92
147.00	2382.67
148.00	2326.49
149.00	2298.41
150.00	2354.58
151.00	2345.22
152.00	2399.05
153.00	2422.45
154.00	2434.16
155.00	2513.74
156.00	2572.25
157.00	2415.43
158.00	2537.14
159.00	2417.77
160.00	2473.95
161.00	2506.71
162.00	2527.78
163.00	2495.01
164.00	2476.29
165.00	2647.15
166.00	2588.63
167.00	2663.53
168.00	2569.91
169.00	2619.06
170.00	2640.12
171.00	2661.19
172.00	2626.08
173.00	2588.63
174.00	2668.21
175.00	2642.46
176.00	2637.78
177.00	2794.60
178.00	2754.81
179.00	2803.96
180.00	2698.64
181.00	2780.56
182.00	2801.62
183.00	2738.43
184.00	2848.43
185.00	2785.24
186.00	2827.37
187.00	2846.09
188.00	2902.26
189.00	2815.66
190.00	2902.26
191.00	2951.42
192.00	3007.59
193.00	2942.05
194.00	2885.88
195.00	2939.71
196.00	2977.16
197.00	3026.31
198.00	3040.36
199.00	2993.55
200.00	3108.23
201.00	3148.02
202.00	3073.12
203.00	3197.17
204.00	3047.38
205.00	3133.98
206.00	3124.62
207.00	3129.30
208.00	3272.07
209.00	3353.99
210.00	3232.28
211.00	3227.60
212.00	3145.68
213.00	3281.43
214.00	3227.60
215.00	3295.47
216.00	3398.46
217.00	3405.48
218.00	3325.90
219.00	3330.58
220.00	3456.97
221.00	3435.91
222.00	3534.21
223.00	3452.29
224.00	3435.91
225.00	3480.38
226.00	3475.70
227.00	3609.11
228.00	3719.11
229.00	3723.79
230.00	3606.77
231.00	3595.06
232.00	3723.79
233.00	3634.85
234.00	3784.65
235.00	3702.73
236.00	3796.35
237.00	3836.14
238.00	3805.71
239.00	3810.39
240.00	3824.44
241.00	4072.53
242.00	4002.32
243.00	3922.74
244.00	3904.01
245.00	4102.96
246.00	3999.98
247.00	3995.29
248.00	4187.22
249.00	4093.60
250.00	4077.21
251.00	4273.82
252.00	4210.62
253.00	4189.56
254.00	4140.41
255.00	4290.20
256.00	4292.54
257.00	4369.78
258.00	4416.59
259.00	4351.06
260.00	4575.75
261.00	4386.16
262.00	4568.73
263.00	4683.41
264.00	4519.57
265.00	4624.90
266.00	4554.68
267.00	4652.98
268.00	4622.56
269.00	4791.08
270.00	4669.37
271.00	4812.14
272.00	4777.03
273.00	4814.48
274.00	4849.59
275.00	5093.01
276.00	4847.25
277.00	4917.47
278.00	5008.75
279.00	4795.76
280.00	5085.98
281.00	5135.14
282.00	4950.23
283.00	5116.41
284.00	5039.17
285.00	5156.20
286.00	5109.39
287.00	5252.16
288.00	5013.43
289.00	5144.50
290.00	5095.35
291.00	5163.22
292.00	5163.22
293.00	5158.54
294.00	5277.91
295.00	5198.33
296.00	5242.80
297.00	5418.34
298.00	5465.15
299.00	5221.74
300.00	5455.79
301.00	5249.82
302.00	5057.90
303.00	5191.31
304.00	5320.04
305.00	5476.85
306.00	5317.70
307.00	5348.12
308.00	5266.21
309.00	5320.04
310.00	5322.38
311.00	5233.44
312.00	5343.44
313.00	5479.19
314.00	5394.93
315.00	5383.23
316.00	5404.30
317.00	5411.32
318.00	5397.28
319.00	5610.26
320.00	5451.11
321.00	5631.33
322.00	5474.51
323.00	5682.82
324.00	5521.32
325.00	5652.39
326.00	5568.13
327.00	5713.25
328.00	5591.54
329.00	5636.01
330.00	5731.97
331.00	5769.42
332.00	5593.88
333.00	5558.77
334.00	5703.89
335.00	5937.94
336.00	5860.70
337.00	5963.68
338.00	5781.12
339.00	5785.80
340.00	5987.09
341.00	6012.84
342.00	5816.23
343.00	5907.51
344.00	6143.91
345.00	6125.18
346.00	6181.35
347.00	6132.20
348.00	6120.50
349.00	6083.05
350.00	6214.12
351.00	6169.65
352.00	6209.44
353.00	6331.15
354.00	6148.59
355.00	6263.27
356.00	6115.82
357.00	6244.55
358.00	6457.54
359.00	6438.81
360.00	6509.03
361.00	6328.81
362.00	6612.01
363.00	6413.07
364.00	6476.26
365.00	6665.85
366.00	6441.15
367.00	6270.30
368.00	6532.44
369.00	6745.42
370.00	6382.64
371.00	6626.06
372.00	6670.53
373.00	6654.14
374.00	6832.02
375.00	6890.54
376.00	6733.72
377.00	6806.28
378.00	6707.98
379.00	7068.42
380.00	6984.16
381.00	6853.09
382.00	7049.69
383.00	7098.84
384.00	7262.68
385.00	7232.26
386.00	7241.62
387.00	7190.13
388.00	7297.79
389.00	7293.11
390.00	7370.35
391.00	7396.09
392.00	7239.28
393.00	7435.88
394.00	7613.76
395.00	7623.12
396.00	7789.30
397.00	7789.30
398.00	7665.25
399.00	7733.13
400.00	7819.73
401.00	7878.24
402.00	7894.63
403.00	7878.24
404.00	7824.41
405.00	7953.14
406.00	8109.96
407.00	8098.25
408.00	7976.55
409.00	7557.59
410.00	7763.56
411.00	8086.55
412.00	8107.62
413.00	8011.65
414.00	8086.55
415.00	8011.65
416.00	8067.83
417.00	8060.80
418.00	8011.65
419.00	8236.35
420.00	8098.25
421.00	7941.44
422.00	8173.15
423.00	8021.02
424.00	8208.26
425.00	7950.80
426.00	8131.02
427.00	8065.49
428.00	8191.88
429.00	8100.59
430.00	8182.51
431.00	8126.34
432.00	8353.37
433.00	8163.79
434.00	8156.77
435.00	8252.73
436.00	8386.14
437.00	8177.83
438.00	8292.52
439.00	8351.03
440.00	8472.74
441.00	8428.27
442.00	8762.97
443.00	8542.96
444.00	8636.58
445.00	8767.65
446.00	8657.64
447.00	8908.08
448.00	8744.24
449.00	8667.00
450.00	8669.34
451.00	8688.07
452.00	8896.38
453.00	8926.80
454.00	8697.43
455.00	8896.38
456.00	8950.21
457.00	8667.00
458.00	8861.27
459.00	8699.77
460.00	8741.90
461.00	8980.64
462.00	8737.22
463.00	9022.77
464.00	8865.95
465.00	8978.30
466.00	9167.88
467.00	8982.98
468.00	9015.74
469.00	9336.40
470.00	9095.32
471.00	9163.20
472.00	9097.66
473.00	9315.33
474.00	9259.16
475.00	9291.93
476.00	9303.63
477.00	9757.69
478.00	9614.92
479.00	9673.43
480.00	9568.11
481.00	9570.45
482.00	9673.43
483.00	9643.01
484.00	9664.07
485.00	9902.81
486.00	9764.72
487.00	9921.53
488.00	10010.47
489.00	10010.47
490.00	9727.27
491.00	9851.31
492.00	9867.70
493.00	10094.73
494.00	10047.92
495.00	10279.63
496.00	9937.91
497.00	10033.88
498.00	10097.07
499.00	10239.84
500.00	10164.95
501.00	10228.14
502.00	10197.71
503.00	10113.45
504.00	10490.28
505.00	10436.45
506.00	10394.32
507.00	10534.75
508.00	10668.16
509.00	10228.14
510.00	10228.14
511.00	10778.17
512.00	10595.61
513.00	10623.69
514.00	10733.70
515.00	10640.08
516.00	10731.36
517.00	10394.32
518.00	10527.73
519.00	10752.42
520.00	10532.41
521.00	10808.59
522.00	10923.28
523.00	10602.63
524.00	10918.60
525.00	10649.44
526.00	10942.00
527.00	11026.26
528.00	10857.75
529.00	10817.96
530.00	11049.67
531.00	11173.72
532.00	10956.05
533.00	10970.09
534.00	11000.52
535.00	10897.53
536.00	11178.40
537.00	10986.47
538.00	10965.41
539.00	11236.91
540.00	11192.44
541.00	11061.37
542.00	11138.61
543.00	11412.45
544.00	11171.38
545.00	11389.05
546.00	11653.53
547.00	11304.79
548.00	11571.61
549.00	11625.44
550.00	11620.76
551.00	11627.78
552.00	11751.83
553.00	11541.18
554.00	11587.99
555.00	11653.53
556.00	12032.69
557.00	11714.38
558.00	11943.75
559.00	11850.13
560.00	11953.12
561.00	12191.85
562.00	12276.11
563.00	12175.47
564.00	12453.99
565.00	12297.17
566.00	12166.10
567.00	12751.24
568.00	12271.43
569.00	12559.31
570.00	12222.28
571.00	12695.07
572.00	12727.83
573.00	12805.07
574.00	12868.27
575.00	12751.24
576.00	13022.74
577.00	13287.22
578.00	12844.86
579.00	13043.81
580.00	12908.05
581.00	13022.74
582.00	13130.41
583.00	13214.66
584.00	13514.25
585.00	13837.25
586.00	13926.19
587.00	13640.64
588.00	13631.28
589.00	13596.17
590.00	13982.36
591.00	14153.22
592.00	14239.82
593.00	14106.41
594.00	14738.35
595.00	14455.15
596.00	14644.73
597.00	14965.39
598.00	14977.09
599.00	14991.13
600.00	15094.11
601.00	15323.49
602.00	15309.44
603.00	15414.77
604.00	15536.48
605.00	15520.09
606.00	15969.48
607.00	15594.99
608.00	15955.43
609.00	15927.35
610.00	16100.55
611.00	16105.23
612.00	16023.31
613.00	16496.10
614.00	16662.27
615.00	16599.08
616.00	16985.27
617.00	16664.61
618.00	16713.77
619.00	17256.77
620.00	17116.34
621.00	17273.15
622.00	17336.35
623.00	17710.83
624.00	17834.88
625.00	17930.84
626.00	18061.91
627.00	18005.74
628.00	17827.86
629.00	18295.97
630.00	18590.88
631.00	18808.54
632.00	18618.96
633.00	18892.80
634.00	19288.35
635.00	18911.53
636.00	19363.25
637.00	19421.77
638.00	19695.61
639.00	19487.30
640.00	19452.19
641.00	19880.51
642.00	20020.94
643.00	20329.89
644.00	20163.72
645.00	20776.94
646.00	20629.48
647.00	20739.49
648.00	21003.97
649.00	21392.50
650.00	21240.36
651.00	21886.35
652.00	21617.19
653.00	21544.63
654.00	21715.49
655.00	22052.53
656.00	22237.43
657.00	22401.27
658.00	22625.96
659.00	22515.95
660.00	22609.58
661.00	22838.95
662.00	22890.44
663.00	23285.99
664.00	23302.37
665.00	23498.98
666.00	23555.15
667.00	23697.92
668.00	23655.79
669.00	23672.18
670.00	24194.12
671.00	23992.83
672.00	24226.89
673.00	24720.74
674.00	24711.38
675.00	24205.82
676.00	24744.14
677.00	24776.91
678.00	24917.34
679.00	25109.27
680.00	25579.71
681.00	25584.40
682.00	25902.71
683.00	25867.60
684.00	25972.92
685.00	26155.49
686.00	26375.50
687.00	26665.72
688.00	26560.40
689.00	26700.83
690.00	26735.94
691.00	27016.80
692.00	27192.34
693.00	27044.89
694.00	27534.06
695.00	27147.87
696.00	27955.36
697.00	27782.16
698.00	27950.68
699.00	28261.97
700.00	27728.33
701.00	28133.24
702.00	28538.15
703.00	28655.18
704.00	28533.47
705.00	28886.89
706.00	28397.72
707.00	29266.06
708.00	29233.29
709.00	28898.59
710.00	29617.14
711.00	29149.03
712.00	29617.14
713.00	29523.52
714.00	29982.26
715.00	30040.78
716.00	30157.80
717.00	30199.93
718.00	30628.25
719.00	30239.72
720.00	30155.46
721.00	30602.50
722.00	30349.73
723.00	30628.25
724.00	31246.15
725.00	31150.19
726.00	30756.98
727.00	30874.01
728.00	31271.90
729.00	31470.84
730.00	31248.49
731.00	31255.51
732.00	31707.24
733.00	31545.74
734.00	31948.31
735.00	31784.48
736.00	31618.30
737.00	31798.52
738.00	32299.39
739.00	32400.04
740.00	32376.63
741.00	31679.15
742.00	32477.27
743.00	32388.33
744.00	32322.80
745.00	32671.54
746.00	33076.45
747.00	32786.22
748.00	32924.32
749.00	33057.73
750.00	33275.40
751.00	33266.03
752.00	32788.56
753.00	33266.03
754.00	33542.22
755.00	33778.61
756.00	33593.71
757.00	33507.11
758.00	33521.15
759.00	33928.41
760.00	33783.29
761.00	34632.91
762.00	34431.62
763.00	34178.84
764.00	34012.66
765.00	34628.23
766.00	34665.67
767.00	34478.43
768.00	34789.72
769.00	34415.24
770.00	35330.39
771.00	35405.28
772.00	35014.41
773.00	34930.16
774.00	35262.51
775.00	35253.15
776.00	35309.32
777.00	35480.18
778.00	36074.68
779.00	35920.20
780.00	36011.48
781.00	35388.90
782.00	35491.88
783.00	36311.07
784.00	36067.66
785.00	36414.05
786.00	36297.03
787.00	36517.04
788.00	36362.56
789.00	36432.78
790.00	36903.23
791.00	36596.62
792.00	37317.50
793.00	36664.49
794.00	36830.67
795.00	37415.80
796.00	37067.06
797.00	37251.97
798.00	37132.60
799.00	37436.87
800.00	37467.30
801.00	37525.81
802.00	37855.82
803.00	37790.29
804.00	37731.78
805.00	37556.24
806.00	38368.40
807.00	37947.11
808.00	37656.88
809.00	38167.12
810.00	38705.44
811.00	37830.08
812.00	38560.33
813.00	38710.12
814.00	38312.23
815.00	38590.75
816.00	38703.10
817.00	38906.73
818.00	39398.24
819.00	39353.77
820.00	39030.77
821.00	39274.19
822.00	38932.47
823.00	39016.73
824.00	39143.12
825.00	39103.33
826.00	39566.76
827.00	38976.94
828.00	39693.15
829.00	39487.18
830.00	39075.24
831.00	39772.72
832.00	39140.78
833.00	39756.34
834.00	39473.13
835.00	40065.29
836.00	40147.21
837.00	39859.32
838.00	40135.51
839.00	39276.53
840.00	40105.08
841.00	40818.94
842.00	40507.65
843.00	40931.29
844.00	40392.97
845.00	40407.01
846.00	40713.62
847.00	40643.40
848.00	40570.85
849.00	41207.47
850.00	41614.72
851.00	41315.14
852.00	40889.16
853.00	41347.90
854.00	41638.13
855.00	40886.82
856.00	41443.87
857.00	41490.68
858.00	42253.69
859.00	41677.92
860.00	41448.55
861.00	41783.24
862.00	41668.56
863.00	41811.33
864.00	41951.76
865.00	41743.45
866.00	41998.57
867.00	42258.37
868.00	42043.04
869.00	42532.22
870.00	42616.47
871.00	42026.66
872.00	42504.13
873.00	42211.56
874.00	42260.71
875.00	42815.42
876.00	42438.59
877.00	42768.61
878.00	43023.73
879.00	42064.11
880.00	42862.23
881.00	42478.38
882.00	43131.39
883.00	42799.04
884.00	42887.98
885.00	43456.73
886.00	42789.67
887.00	43344.38
888.00	43220.33
889.00	42878.61
890.00	43173.52
891.00	43077.56
892.00	43587.80
893.00	43236.72
894.00	43342.04
895.00	43313.95
896.00	43817.17
897.00	43168.84
898.00	43302.25
899.00	43622.90
900.00	43559.71
901.00	43847.60
902.00	43913.13
903.00	43969.30
904.00	44306.34
905.00	44046.54
906.00	44205.70
907.00	43592.48
908.00	44065.27
909.00	44086.33
910.00	44334.43
911.00	44769.77
912.00	44603.59
913.00	44542.74
914.00	44121.44
915.00	44259.53
916.00	44753.38
917.00	44245.49
918.00	44758.06
919.00	45029.57
920.00	44547.42
921.00	44727.64
922.00	45095.10
923.00	44856.37
924.00	44561.46
925.00	44535.71
926.00	44722.96
927.00	45134.89
928.00	45310.43
929.00	45392.35
930.00	44992.12
931.00	45013.18
932.00	45361.92
933.00	45762.15
934.00	45471.93
935.00	45071.70
936.00	45551.51
937.00	45837.05
938.00	45324.47
939.00	45298.73
940.00	45324.47
941.00	45827.69
942.00	45226.17
943.00	46005.57
944.00	45837.05
945.00	45841.73
946.00	46033.66
947.00	46237.28
948.00	45703.64
949.00	46443.25
950.00	45961.10
951.00	45818.33
952.00	45940.04
953.00	46052.38
954.00	45876.84
955.00	46478.36
956.00	46204.52
957.00	46480.70
958.00	46167.07
959.00	46169.41
960.00	46227.92
961.00	45668.53
962.00	46356.65
963.00	46555.60
964.00	46447.93
965.00	46635.17
966.00	47136.05
967.00	47035.41
968.00	46768.58
969.00	46934.76
970.00	46457.29
971.00	47344.36
972.00	47154.77
973.00	47679.05
974.00	47086.90
975.00	47412.23
976.00	47262.44
977.00	47704.80
978.00	47337.33
979.00	46691.35
980.00	47129.03
981.00	47161.79
982.00	47920.13
983.00	48072.26
984.00	47716.50
985.00	47606.50
986.00	47194.56
987.00	47487.13
988.00	47103.28
989.00	47770.33
990.00	47096.26
991.00	47622.88
992.00	47557.35
993.00	47744.59
994.00	47641.60
995.00	47901.40
996.00	47964.60
997.00	47924.81
998.00	48027.79
999.00	47922.47
1000.00	48158.86
1001.00	48238.44
1002.00	47966.94
1003.00	47969.28
1004.00	47988.00
1005.00	48315.68
1006.00	47847.57
1007.00	48282.91
1008.00	48044.18
1009.00	48149.50
1010.00	47997.37
1011.00	48273.55
1012.00	48500.58
1013.00	48671.44
1014.00	47760.97
1015.00	48552.07
1016.00	48240.78
1017.00	48357.81
1018.00	48037.16
1019.00	48804.85
1020.00	48708.89
1021.00	48514.62
1022.00	48779.10
1023.00	48474.84
1024.00	48678.46
1025.00	48381.21
1026.00	48547.39
1027.00	48809.53
1028.00	48479.52
1029.00	49059.97
1030.00	49331.47
1031.00	49116.14
1032.00	48858.68
1033.00	48896.13
1034.00	48985.07
1035.00	48987.41
1036.00	48912.52
1037.00	48971.03
1038.00	48879.75
1039.00	49553.82
1040.00	49066.99
1041.00	49139.55
1042.00	49453.18
1043.00	49059.97
1044.00	48872.73
1045.00	49237.85
1046.00	49518.71
1047.00	49406.37
1048.00	49081.03
1049.00	49366.58
1050.00	49066.99
1051.00	49378.28
1052.00	49413.39
1053.00	49893.20
1054.00	49752.77
1055.00	49265.94
1056.00	49682.55
1057.00	49174.66
1058.00	49329.13
1059.00	49963.42
1060.00	49631.06
1061.00	49659.15
1062.00	49507.01
1063.00	49359.56
1064.00	49439.14
1065.00	49184.02
1066.00	49195.72
1067.00	49457.86
1068.00	49617.02
1069.00	49872.14
1070.00	49755.11
1071.00	49762.13
1072.00	49780.85
1073.00	49736.38
1074.00	49523.40
1075.00	50141.30
1076.00	49598.29
1077.00	49979.80
1078.00	49799.58
1079.00	50017.25
1080.00	49954.05
1081.00	50164.70
1082.00	50263.00
1083.00	49446.16
1084.00	49471.90
1085.00	49385.30
1086.00	50045.33
1087.00	49223.81
1088.00	50171.72
1089.00	49750.43
1090.00	50298.11
1091.00	50038.31
1092.00	49801.92
1093.00	50073.42
1094.00	49808.94
1095.00	49869.79
1096.00	49659.15
1097.00	49837.03
1098.00	49860.43
1099.00	50129.59
1100.00	50045.33
1101.00	50272.37
1102.00	50293.43
1103.00	50017.25
1104.00	49638.08
1105.00	49958.73
1106.00	49975.12
1107.00	49572.55
1108.00	50087.46
1109.00	50014.91
1110.00	50279.39
1111.00	50529.83
1112.00	50483.01
1113.00	50562.59
1114.00	50373.01
1115.00	50024.27
1116.00	50045.33
1117.00	50181.09
1118.00	50007.89
1119.00	50148.32
1120.00	50396.42
1121.00	49986.82
1122.00	50021.93
1123.00	50122.57
1124.00	49654.47
1125.00	49902.56
1126.00	50026.61
1127.00	49659.15
1128.00	49982.14
1129.00	50050.02
1130.00	50202.15
1131.00	50277.05
1132.00	50195.13
1133.00	50312.16
1134.00	50349.60
1135.00	49965.76
1136.00	50087.46
1137.00	50192.79
1138.00	49818.30
1139.00	50223.22
1140.00	50078.10
1141.00	49984.48
1142.00	50183.43
1143.00	50665.58
1144.00	50593.02
1145.00	50309.82
1146.00	50183.43
1147.00	50518.12
1148.00	50244.28
1149.00	49972.78
1150.00	50164.70
1151.00	50295.77
1152.00	50333.22
1153.00	50653.87
1154.00	50145.98
1155.00	50120.23
1156.00	50445.57
1157.00	49993.84
1158.00	50270.03
1159.00	50265.34
1160.00	50153.00
1161.00	50766.22
1162.00	50358.97
1163.00	49951.71
1164.00	50274.71
1165.00	50410.46
1166.00	50213.85
1167.00	50234.92
1168.00	50581.32
1169.00	50143.64
1170.00	50267.69
1171.00	50042.99
1172.00	50176.40
1173.00	50129.59
1174.00	50174.06
1175.00	50766.22
1176.00	50302.79
1177.00	50478.33
1178.00	50096.83
1179.00	50176.40
1180.00	50129.59
1181.00	49921.29
1182.00	49858.09
1183.00	50270.03
1184.00	50539.19
1185.00	50745.15
1186.00	50475.99
1187.00	50153.00
1188.00	50370.67
1189.00	50131.93
1190.00	49773.83
1191.00	49904.90
1192.00	49937.67
1193.00	49822.98
1194.00	50145.98
1195.00	50424.50
1196.00	50546.21
1197.00	50539.19
1198.00	50307.47
1199.00	50181.09
1200.00	50284.07
1201.00	50129.59
1202.00	49762.13
1203.00	49813.62
1204.00	50038.31
1205.00	50141.30
1206.00	50216.19
1207.00	50155.34
1208.00	50485.36
1209.00	50377.69
1210.00	50288.75
1211.00	50707.71
1212.00	49588.93
1213.00	49963.42
1214.00	50115.55
1215.00	50218.53
1216.00	50183.43
1217.00	50042.99
1218.00	50471.31
1219.00	50452.59
1220.00	50445.57
1221.00	50270.03
1222.00	50012.57
1223.00	50160.02
1224.00	50164.70
1225.00	49867.45
1226.00	50223.22
1227.00	50284.07
1228.00	50033.63
1229.00	49895.54
1230.00	50155.34
1231.00	50342.58
1232.00	50237.26
1233.00	50431.52
1234.00	50108.53
1235.00	49762.13
1236.00	49729.36
1237.00	50239.60
1238.00	50050.02
1239.00	50351.94
1240.00	50209.17
1241.00	50513.44
1242.00	50263.00
1243.00	50581.32
1244.00	50508.76
1245.00	50209.17
1246.00	49825.32
1247.00	49860.43
1248.00	50248.96
1249.00	50050.02
1250.00	50354.29
1251.00	50487.70
1252.00	50300.45
1253.00	50586.00
1254.00	50354.29
1255.00	50438.54
1256.00	49970.44
1257.00	50595.36
1258.00	50195.13
1259.00	50209.17
1260.00	49930.65
1261.00	50211.51
1262.00	50319.18
1263.00	50532.17
1264.00	50717.07
1265.00	50745.15
1266.00	50419.82
1267.00	50796.65
1268.00	50178.75
1269.00	50195.13
1270.00	50103.85
1271.00	50298.11
1272.00	50082.78
1273.00	50305.13
1274.00	50342.58
1275.00	50873.88
1276.00	50518.12
1277.00	50333.22
1278.00	50625.79
1279.00	50852.82
1280.00	50602.38
1281.00	50508.76
1282.00	50445.57
1283.00	50274.71
1284.00	50328.54
1285.00	49989.16
1286.00	50878.57
1287.00	50677.28
1288.00	50892.61
1289.00	50595.36
1290.00	50693.66
1291.00	50131.93
1292.00	50450.25
1293.00	50363.65
1294.00	50396.42
1295.00	50038.31
1296.00	50394.07
1297.00	50581.32
1298.00	50295.77
1299.00	50431.52
1300.00	50192.79
1301.00	50424.50
1302.00	50918.35
1303.00	50155.34
1304.00	50047.68
1305.00	50305.13
1306.00	50431.52
1307.00	50326.20
1308.00	50284.07
1309.00	50452.59
1310.00	50473.65
1311.00	50611.74
1312.00	50490.04
1313.00	50857.50
1314.00	50487.70
1315.00	50464.29
1316.00	50230.24
1317.00	50642.17
1318.00	50511.10
1319.00	50150.66
1320.00	50309.82
1321.00	50450.25
1322.00	50373.01
1323.00	50930.06
1324.00	50588.34
1325.00	50995.59
1326.00	50539.19
1327.00	50586.00
1328.00	50314.50
1329.00	50188.11
1330.00	49865.11
1331.00	50340.24
1332.00	50270.03
1333.00	50450.25
1334.00	50291.09
1335.00	50625.79
1336.00	50630.47
1337.00	50754.52
1338.00	50433.86
1339.00	50314.50
1340.00	50012.57
1341.00	50246.62
1342.00	50035.97
1343.00	49806.60
1344.00	50010.23
1345.00	50131.93
1346.00	50033.63
1347.00	50485.36
1348.00	50431.52
1349.00	50033.63
1350.00	50192.79
1351.00	50131.93
1352.00	50335.56
1353.00	49724.68
1354.00	49968.10
1355.00	49792.56
1356.00	49867.45
1357.00	49666.17
1358.00	50110.87
1359.00	49886.18
1360.00	50127.25
1361.00	50707.71
1362.00	49965.76
1363.00	50288.75
1364.00	50237.26
1365.00	49855.75
1366.00	49790.22
1367.00	49354.88
1368.00	49546.80
1369.00	49909.58
1370.00	49670.85
1371.00	49841.71
1372.00	49708.30
1373.00	50017.25
1374.00	49619.36
1375.00	49652.12
1376.00	49551.48
1377.00	49514.03
1378.00	49319.77
1379.00	49507.01
1380.00	49392.33
1381.00	49406.37
1382.00	49432.11
1383.00	49574.89
1384.00	49712.98
1385.00	49434.45
1386.00	49649.78
1387.00	49659.15
1388.00	49481.27
1389.00	49598.29
1390.00	48545.05
1391.00	49886.18
1392.00	49212.10
1393.00	48676.12
1394.00	49261.26
1395.00	49256.57
1396.00	48949.96
1397.00	49488.29
1398.00	49455.52
1399.00	49315.09
1400.00	49212.10
1401.00	49485.95
1402.00	49865.11
1403.00	49207.42
1404.00	48849.32
1405.00	48884.43
1406.00	48872.73
1407.00	49118.48
1408.00	49272.96
1409.00	49237.85
1410.00	48996.77
1411.00	49694.25
1412.00	49270.62
1413.00	49057.63
1414.00	49195.72
1415.00	48921.88
1416.00	48802.51
1417.00	49090.40
1418.00	48701.87
1419.00	48411.64
1420.00	48779.10
1421.00	48793.15
1422.00	48996.77
1423.00	48790.81
1424.00	48542.71
1425.00	48748.68
1426.00	48891.45
1427.00	48912.52
1428.00	48629.31
1429.00	47983.32
1430.00	48233.76
1431.00	48652.72
1432.00	48280.57
1433.00	48371.85
1434.00	48034.81
1435.00	48533.35
1436.00	48360.15
1437.00	48694.85
1438.00	48416.32
1439.00	48369.51
1440.00	48217.38
1441.00	48261.85
1442.00	47786.72
1443.00	47950.56
1444.00	47529.26
1445.00	47194.56
1446.00	47957.58
1447.00	47863.96
1448.00	47594.79
1449.00	47863.96
1450.00	48107.37
1451.00	47997.37
1452.00	48189.29
1453.00	47728.20
1454.00	48545.05
1455.00	47599.47
1456.00	47559.69
1457.00	47536.28
1458.00	47627.56
1459.00	48004.39
1460.00	47578.41
1461.00	47625.22
1462.00	47908.43
1463.00	48034.81
1464.00	47384.15
1465.00	47430.96
1466.00	47679.05
1467.00	47412.23
1468.00	47629.90
1469.00	47206.26
1470.00	47356.06
1471.00	47384.15
1472.00	47440.32
1473.00	47325.63
1474.00	47065.83
1475.00	47290.52
1476.00	47700.12
1477.00	47210.95
1478.00	47508.19
1479.00	47349.04
1480.00	47480.11
1481.00	46773.27
1482.00	46604.75
1483.00	46763.90
1484.00	46593.04
1485.00	46632.83
1486.00	46429.21
1487.00	46574.32
1488.00	47054.13
1489.00	46508.79
1490.00	46614.11
1491.00	46518.15
1492.00	46841.14
1493.00	46593.04
1494.00	46689.01
1495.00	46574.32
1496.00	46639.86
1497.00	46590.70
1498.00	46113.23
1499.00	46129.62
1500.00	46590.70
1501.00	46623.47
1502.00	46148.34
1503.00	46106.21
1504.00	46124.94
1505.00	46277.07
1506.00	46045.36
1507.00	46073.45
1508.00	46005.57
1509.00	46019.61
1510.00	45713.00
1511.00	46057.06
1512.00	45434.48
1513.00	46031.32
1514.00	45682.58
1515.00	45727.05
1516.00	45832.37
1517.00	45956.42
1518.00	45928.33
1519.00	45771.52
1520.00	45790.24
1521.00	46323.88
1522.00	45862.80
1523.00	45710.66
1524.00	45954.08
1525.00	45841.73
1526.00	45825.35
1527.00	45052.97
1528.00	45488.31
1529.00	45668.53
1530.00	45209.79
1531.00	45289.37
1532.00	44903.18
1533.00	45535.12
1534.00	45193.40
1535.00	45462.57
1536.00	45357.24
1537.00	45148.93
1538.00	45127.87
1539.00	44982.76
1540.00	45193.40
1541.00	45123.19
1542.00	45256.60
1543.00	44652.74
1544.00	44961.69
1545.00	45181.70
1546.00	44931.26
1547.00	44968.71
1548.00	44994.46
1549.00	45382.99
1550.00	44917.22
1551.00	44554.44
1552.00	45008.50
1553.00	44596.57
1554.00	44779.13
1555.00	45202.77
1556.00	44402.30
1557.00	44851.69
1558.00	44395.28
1559.00	44481.88
1560.00	44514.65
1561.00	44406.98
1562.00	44657.42
1563.00	44690.19
1564.00	44596.57
1565.00	44261.87
1566.00	43845.26
1567.00	43985.69
1568.00	44018.46
1569.00	44538.05
1570.00	44034.84
1571.00	44442.09
1572.00	43517.58
1573.00	44091.01
1574.00	44175.27
1575.00	44133.14
1576.00	44254.85
1577.00	44011.43
1578.00	44020.80
1579.00	44013.77
1580.00	43807.81
1581.00	44137.82
1582.00	43721.21
1583.00	43856.96
1584.00	43765.68
1585.00	43604.18
1586.00	43552.69
1587.00	43452.05
1588.00	43147.78
1589.00	43955.26
1590.00	43966.96
1591.00	43353.74
1592.00	43669.72
1593.00	43758.66
1594.00	43250.76
1595.00	43131.39
1596.00	43262.46
1597.00	43419.28
1598.00	43330.34
1599.00	43005.00
1600.00	43070.54
1601.00	42682.01
1602.00	42932.45
1603.00	42880.95
1604.00	42930.11
1605.00	43627.59
1606.00	42820.10
1607.00	42710.10
1608.00	43086.92
1609.00	43161.82
1610.00	42923.08
1611.00	43000.32
1612.00	42630.52
1613.00	42333.27
1614.00	42780.31
1615.00	42880.95
1616.00	42726.48
1617.00	42532.22
1618.00	42602.43
1619.00	42438.59
1620.00	42808.40
1621.00	43091.60
1622.00	43037.77
1623.00	43058.84
1624.00	42637.54
1625.00	42244.33
1626.00	42525.19
1627.00	42241.99
1628.00	42328.59
1629.00	42410.51
1630.00	42068.79
1631.00	42534.56
1632.00	42218.58
1633.00	42424.55
1634.00	42419.87
1635.00	42621.16
1636.00	42529.87
1637.00	42572.00
1638.00	42581.37
1639.00	42082.83
1640.00	42541.58
1641.00	41933.04
1642.00	41748.14
1643.00	41603.02
1644.00	41656.85
1645.00	41942.40
1646.00	41352.58
1647.00	41406.42
1648.00	42216.24
1649.00	42139.00
1650.00	41818.35
1651.00	42096.88
1652.00	41619.41
1653.00	41614.72
1654.00	42033.68
1655.00	41535.15
1656.00	41703.67
1657.00	41467.27
1658.00	41322.16
1659.00	41280.03
1660.00	40842.35
1661.00	40865.75
1662.00	40928.95
1663.00	41212.15
1664.00	41490.68
1665.00	41291.73
1666.00	41490.68
1667.00	41483.66
1668.00	41455.57
1669.00	41399.40
1670.00	41017.89
1671.00	41057.68
1672.00	40868.09
1673.00	40671.49
1674.00	40942.99
1675.00	40517.01
1676.00	41048.32
1677.00	40657.45
1678.00	40919.59
1679.00	40811.92
1680.00	40521.69
1681.00	41170.02
1682.00	40907.88
1683.00	40751.07
1684.00	40657.45
1685.00	40734.68
1686.00	40596.59
1687.00	40184.66
1688.00	40938.31
1689.00	40378.92
1690.00	40123.80
1691.00	40065.29
1692.00	40243.17
1693.00	40114.44
1694.00	40189.34
1695.00	40140.19
1696.00	39999.76
1697.00	39966.99
1698.00	40697.24
1699.00	40154.23
1700.00	40215.08
1701.00	40348.50
1702.00	39964.65
1703.00	39875.71
1704.00	40343.81
1705.00	39782.09
1706.00	39922.52
1707.00	39793.79
1708.00	39538.67
1709.00	39686.12
1710.00	39604.20
1711.00	39805.49
1712.00	39489.52
1713.00	39852.30
1714.00	39625.27
1715.00	39749.32
1716.00	39496.54
1717.00	39391.22
1718.00	39328.02
1719.00	39325.68
1720.00	39019.07
1721.00	38923.11
1722.00	39248.44
1723.00	39002.69
1724.00	39016.73
1725.00	38557.99
1726.00	38609.48
1727.00	38815.44
1728.00	38756.93
1729.00	39145.46
1730.00	38656.29
1731.00	38913.75
1732.00	38883.32
1733.00	38487.77
1734.00	38820.13
1735.00	38471.39
1736.00	38639.90
1737.00	38408.19
1738.00	38036.05
1739.00	38085.20
1740.00	38195.20
1741.00	38330.95
1742.00	38209.25
1743.00	38197.54
1744.00	38071.15
1745.00	38129.67
1746.00	38089.88
1747.00	38628.20
1748.00	37780.93
1749.00	37659.22
1750.00	37794.97
1751.00	38230.31
1752.00	37645.18
1753.00	37200.47
1754.00	37134.94
1755.00	37069.40
1756.00	37310.48
1757.00	37177.07
1758.00	37345.59
1759.00	37195.79
1760.00	37256.65
1761.00	37333.89
1762.00	36933.65
1763.00	37048.34
1764.00	36959.40
1765.00	36907.91
1766.00	36917.27
1767.00	37090.47
1768.00	36378.95
1769.00	36563.85
1770.00	36524.06
1771.00	36371.92
1772.00	36395.33
1773.00	36580.23
1774.00	36226.81
1775.00	36039.57
1776.00	36030.21
1777.00	35999.78
1778.00	35763.39
1779.00	36236.17
1780.00	36086.38
1781.00	35819.56
1782.00	35957.65
1783.00	35875.73
1784.00	35735.30
1785.00	35515.29
1786.00	35381.88
1787.00	35524.65
1788.00	35189.95
1789.00	35171.23
1790.00	35501.25
1791.00	35208.68
1792.00	35629.98
1793.00	35140.80
1794.00	35402.94
1795.00	35269.53
1796.00	35246.13
1797.00	35349.11
1798.00	35358.47
1799.00	34817.81
1800.00	35026.12
1801.00	34749.93
1802.00	34415.24
1803.00	34235.02
1804.00	34614.18
1805.00	34202.25
1806.00	34391.83
1807.00	34227.99
1808.00	34136.71
1809.00	34227.99
1810.00	34249.06
1811.00	34162.46
1812.00	34213.95
1813.00	33872.23
1814.00	33574.98
1815.00	34029.05
1816.00	33858.19
1817.00	33647.54
1818.00	33563.28
1819.00	33820.74
1820.00	33546.90
1821.00	33411.15
1822.00	33736.48
1823.00	32987.51
1824.00	33088.15
1825.00	33315.19
1826.00	33235.61
1827.00	33081.13
1828.00	33144.33
1829.00	33277.74
1830.00	33223.90
1831.00	31817.24
1832.00	32809.63
1833.00	33036.66
1834.00	32837.72
1835.00	32575.58
1836.00	32540.47
1837.00	32140.24
1838.00	31688.51
1839.00	32013.85
1840.00	31630.00
1841.00	31990.44
1842.00	31976.40
1843.00	31833.63
1844.00	31688.51
1845.00	31597.23
1846.00	31431.05
1847.00	31393.61
1848.00	31082.31
1849.00	30981.67
1850.00	31126.78
1851.00	31145.51
1852.00	30927.84
1853.00	30604.84
1854.00	30899.75
1855.00	30457.39
1856.00	30108.65
1857.00	29876.94
1858.00	30459.73
1859.00	30232.70
1860.00	30199.93
1861.00	29825.45
1862.00	30110.99
1863.00	29832.47
1864.00	29839.49
1865.00	29619.48
1866.00	29415.85
1867.00	29642.88
1868.00	29776.30
1869.00	29694.38
1870.00	29579.69
1871.00	29120.95
1872.00	29336.27
1873.00	28940.72
1874.00	29296.49
1875.00	29041.37
1876.00	28556.88
1877.00	28730.08
1878.00	28861.15
1879.00	28400.06
1880.00	28304.10
1881.00	28470.28
1882.00	28739.44
1883.00	28446.87
1884.00	28449.21
1885.00	28531.13
1886.00	28151.96
1887.00	27768.12
1888.00	27828.97
1889.00	27573.85
1890.00	27791.52
1891.00	27190.00
1892.00	27381.93
1893.00	27360.86
1894.00	27318.73
1895.00	26813.18
1896.00	26948.93
1897.00	27047.23
1898.00	27056.59
1899.00	27098.72
1900.00	27192.34
1901.00	26794.45
1902.00	26735.94
1903.00	26876.37
1904.00	26562.74
1905.00	26307.62
1906.00	26419.97
1907.00	25596.10
1908.00	25806.75
1909.00	25797.38
1910.00	25837.17
1911.00	25748.23
1912.00	25507.16
1913.00	25806.75
1914.00	25778.66
1915.00	25371.41
1916.00	25902.71
1917.00	25532.90
1918.00	25268.42
1919.00	25289.49
1920.00	25352.68
1921.00	25350.34
1922.00	24819.04
1923.00	24823.72
1924.00	25111.61
1925.00	24395.40
1926.00	24694.99
1927.00	24458.60
1928.00	23990.49
1929.00	24346.25
1930.00	24217.52
1931.00	24065.39
1932.00	24072.41
1933.00	23964.75
1934.00	24077.09
1935.00	24348.59
1936.00	24339.23
1937.00	23611.32
1938.00	23840.70
1939.00	23761.12
1940.00	23824.31
1941.00	23470.89
1942.00	23740.05
1943.00	23550.47
1944.00	23065.98
1945.00	23051.94
1946.00	22895.12
1947.00	22827.24
1948.00	22654.05
1949.00	22197.64
1950.00	22593.19
1951.00	22766.39
1952.00	22562.76
1953.00	22352.12
1954.00	22544.04
1955.00	22712.56
1956.00	22450.42
1957.00	22340.41
1958.00	22118.06
1959.00	21818.47
1960.00	21771.66
1961.00	21841.88
1962.00	21685.06
1963.00	21930.82
1964.00	21607.83
1965.00	21322.28
1966.00	21099.93
1967.00	21249.72
1968.00	21174.83
1969.00	20718.42
1970.00	21301.22
1971.00	20933.75
1972.00	20699.70
1973.00	21317.60
1974.00	20900.98
1975.00	20599.05
1976.00	20814.38
1977.00	20926.73
1978.00	20416.49
1979.00	20327.55
1980.00	20479.69
1981.00	20617.78
1982.00	20084.14
1983.00	19793.91
1984.00	20086.48
1985.00	19611.35
1986.00	19892.21
1987.00	19587.94
1988.00	19524.75
1989.00	19557.52
1990.00	19058.98
1991.00	19630.07
1992.00	19630.07
1993.00	19466.24
1994.00	19143.24
1995.00	18995.79
1996.00	18806.20
1997.00	19094.09
1998.00	18714.92
1999.00	18862.38
2000.00	18544.06
2001.00	18436.40
2002.00	18408.31
2003.00	18366.18
2004.00	18277.24
2005.00	17940.21
2006.00	18111.07
2007.00	18078.30
2008.00	18422.36
2009.00	18104.04
2010.00	17949.57
2011.00	17673.39
2012.00	17884.03
2013.00	17884.03
2014.00	17965.95
2015.00	17774.03
2016.00	17792.75
2017.00	17308.26
2018.00	17451.03
2019.00	17298.90
2020.00	17460.40
2021.00	17053.14
2022.00	17011.01
2023.00	16755.90
2024.00	16650.57
2025.00	16755.90
2026.00	16615.46
2027.00	16601.42
2028.00	16828.45
2029.00	16695.04
2030.00	16456.31
2031.00	16358.00
2032.00	16552.27
2033.00	16322.90
2034.00	16432.90
2035.00	16278.43
2036.00	16056.08
2037.00	15988.20
2038.00	16301.83
2039.00	15768.19
2040.00	16161.40
2041.00	15829.04
2042.00	15669.89
2043.00	15379.66
2044.00	15627.76
2045.00	15309.44
2046.00	15524.77
2047.00	15103.48
