0.00	1076.65
1.00	1076.65
2.00	1076.65
3.00	1025.15
4.00	971.32
5.00	919.83
6.00	929.19
7.00	884.72
8.00	915.15
9.00	943.24
10.00	938.55
11.00	968.98
12.00	880.04
13.00	938.55
14.00	990.05
15.00	884.72
16.00	912.81
17.00	1020.47
18.00	931.53
19.00	1022.81
20.00	1034.52
21.00	950.26
22.00	959.62
23.00	938.55
24.00	1114.10
25.00	1404.32
26.00	1343.47
27.00	1317.72
28.00	1406.66
29.00	1420.71
30.00	1514.33
31.00	1444.11
32.00	1439.43
33.00	1493.26
34.00	1558.80
35.00	1500.28
36.00	1511.99
37.00	1544.75
38.00	1603.27
39.00	1507.30
40.00	1544.75
41.00	1610.29
42.00	1570.50
43.00	1633.69
44.00	1607.95
45.00	1624.33
46.00	1619.65
47.00	1640.72
48.00	1657.10
49.00	1673.48
50.00	1586.88
51.00	1706.25
52.00	1636.03
53.00	1619.65
54.00	1748.38
55.00	1699.23
56.00	1607.95
57.00	1626.67
58.00	1755.40
59.00	1617.31
60.00	1659.44
61.00	1792.85
62.00	1774.13
63.00	1727.32
64.00	1664.12
65.00	1816.26
66.00	1685.19
67.00	1739.02
68.00	1727.32
69.00	1715.61
70.00	1771.79
71.00	1687.53
72.00	1760.08
73.00	1816.26
74.00	1820.94
75.00	1783.49
76.00	1799.87
77.00	1753.06
78.00	1748.38
79.00	1849.02
80.00	1783.49
81.00	1743.70
82.00	1881.79
83.00	1832.64
84.00	1806.89
85.00	1923.92
86.00	1818.60
87.00	1741.36
88.00	1898.17
89.00	1914.56
90.00	1977.75
91.00	1863.07
92.00	1963.71
93.00	1933.28
94.00	1956.69
95.00	1926.26
96.00	1914.56
97.00	1921.58
98.00	1994.14
99.00	1928.60
100.00	1877.11
101.00	1973.07
102.00	1930.94
103.00	2059.67
104.00	2026.90
105.00	1914.56
106.00	1937.96
107.00	1884.13
108.00	2118.18
109.00	2003.50
110.00	2078.40
111.00	1961.37
112.00	2062.01
113.00	2026.90
114.00	2054.99
115.00	1998.82
116.00	2066.69
117.00	2115.84
118.00	2160.31
119.00	2094.78
120.00	2120.53
121.00	2062.01
122.00	2176.70
123.00	2193.08
124.00	2054.99
125.00	2153.29
126.00	2143.93
127.00	2204.78
128.00	2181.38
129.00	2134.57
130.00	2214.15
131.00	2282.02
132.00	2214.15
133.00	2169.68
134.00	2172.02
135.00	2265.64
136.00	2249.25
137.00	2172.02
138.00	2326.49
139.00	2347.56
140.00	2291.38
141.00	2260.96
142.00	2340.54
143.00	2282.02
144.00	2305.43
145.00	2373.30
146.00	2317.13
147.00	2359.26
148.00	2366.28
149.00	2333.51
150.00	2415.43
151.00	2363.94
152.00	2408.41
153.00	2469.27
154.00	2443.52
155.00	2485.65
156.00	2506.71
157.00	2394.37
158.00	2597.99
159.00	2438.84
160.00	2497.35
161.00	2516.08
162.00	2506.71
163.00	2572.25
164.00	2593.31
165.00	2679.91
166.00	2623.74
167.00	2619.06
168.00	2527.78
169.00	2555.86
170.00	2661.19
171.00	2619.06
172.00	2633.10
173.00	2551.18
174.00	2722.04
175.00	2640.12
176.00	2719.70
177.00	2839.07
178.00	2745.45
179.00	2792.26
180.00	2789.92
181.00	2822.69
182.00	2801.62
183.00	2708.00
184.00	2937.37
185.00	2881.20
186.00	2883.54
187.00	2902.26
188.00	2848.43
189.00	2897.58
190.00	2883.54
191.00	2899.92
192.00	3012.27
193.00	2888.22
194.00	3007.59
195.00	3012.27
196.00	3152.70
197.00	3040.36
198.00	3091.85
199.00	3084.83
200.00	3103.55
201.00	3077.80
202.00	3110.57
203.00	3075.46
204.00	3290.79
205.00	3141.00
206.00	3220.58
207.00	3115.25
208.00	3361.01
209.00	3101.21
210.00	3260.37
211.00	3342.28
212.00	3155.04
213.00	3262.71
214.00	3131.64
215.00	3361.01
216.00	3482.72
217.00	3323.56
218.00	3363.35
219.00	3332.92
220.00	3571.66
221.00	3468.67
222.00	3435.91
223.00	3428.88
224.00	3473.36
225.00	3503.78
226.00	3531.87
227.00	3492.08
228.00	3660.60
229.00	3571.66
230.00	3646.55
231.00	3655.92
232.00	3625.49
233.00	3719.11
234.00	3927.42
235.00	3765.92
236.00	3789.33
237.00	3660.60
238.00	3943.80
239.00	3866.56
240.00	3758.90
241.00	3861.88
242.00	4014.02
243.00	3908.69
244.00	4037.42
245.00	4180.20
246.00	4060.83
247.00	4131.05
248.00	4119.34
249.00	4194.24
250.00	4105.30
251.00	4170.83
252.00	4255.09
253.00	4163.81
254.00	4395.53
255.00	4327.65
256.00	4404.89
257.00	4339.35
258.00	4461.06
259.00	4376.80
260.00	4486.81
261.00	4463.40
262.00	4514.89
263.00	4447.02
264.00	4435.32
265.00	4678.73
266.00	4716.18
267.00	4599.15
268.00	4667.03
269.00	4685.75
270.00	4720.86
271.00	4877.68
272.00	4741.93
273.00	4901.08
274.00	4751.29
275.00	4873.00
276.00	4903.42
277.00	4966.62
278.00	4849.59
279.00	4713.84
280.00	4985.34
281.00	5043.85
282.00	5020.45
283.00	4887.04
284.00	4987.68
285.00	5142.16
286.00	5095.35
287.00	5137.48
288.00	5167.90
289.00	5121.09
290.00	5226.42
291.00	5179.61
292.00	5135.14
293.00	5284.93
294.00	5317.70
295.00	5284.93
296.00	5231.10
297.00	5233.44
298.00	5284.93
299.00	5245.14
300.00	5322.38
301.00	5242.80
302.00	5085.98
303.00	5130.45
304.00	5434.72
305.00	5472.17
306.00	5294.29
307.00	5343.44
308.00	5252.16
309.00	5245.14
310.00	5135.14
311.00	5453.45
312.00	5362.17
313.00	5376.21
314.00	5439.40
315.00	5458.13
316.00	5448.77
317.00	5514.30
318.00	5458.13
319.00	5490.90
320.00	5364.51
321.00	5544.73
322.00	5406.64
323.00	5605.58
324.00	5682.82
325.00	5593.88
326.00	5526.00
327.00	5776.44
328.00	5631.33
329.00	5556.43
330.00	5788.14
331.00	5666.44
332.00	5586.86
333.00	5420.68
334.00	5762.40
335.00	5977.73
336.00	5834.96
337.00	5804.53
338.00	5830.27
339.00	5673.46
340.00	5951.98
341.00	5757.72
342.00	6083.05
343.00	5753.04
344.00	6026.88
345.00	6195.40
346.00	6076.03
347.00	6155.61
348.00	6164.97
349.00	6296.04
350.00	6136.88
351.00	6160.29
352.00	6132.20
353.00	6340.51
354.00	6019.86
355.00	6193.06
356.00	6073.69
357.00	6340.51
358.00	6284.34
359.00	6314.77
360.00	6218.80
361.00	6452.86
362.00	6553.50
363.00	6333.49
364.00	6476.26
365.00	6455.20
366.00	6314.77
367.00	6443.49
368.00	6490.31
369.00	6612.01
370.00	6478.60
371.00	6602.65
372.00	6553.50
373.00	6604.99
374.00	6733.72
375.00	6878.83
376.00	6722.02
377.00	6911.60
378.00	6750.10
379.00	6846.07
380.00	7140.97
381.00	7049.69
382.00	6949.05
383.00	7112.89
384.00	7283.75
385.00	7162.04
386.00	7485.03
387.00	7173.74
388.00	7063.74
389.00	7328.22
390.00	7201.83
391.00	7541.21
392.00	7564.61
393.00	7428.86
394.00	7482.69
395.00	7618.44
396.00	7655.89
397.00	7620.78
398.00	7758.88
399.00	7627.81
400.00	7702.70
401.00	7985.91
402.00	7627.81
403.00	7908.67
404.00	7934.42
405.00	7779.94
406.00	7918.03
407.00	8156.77
408.00	7754.19
409.00	7719.09
410.00	7873.56
411.00	7852.50
412.00	8077.19
413.00	8095.91
414.00	8060.80
415.00	8154.43
416.00	8006.97
417.00	8107.62
418.00	8201.24
419.00	8142.72
420.00	8180.17
421.00	8079.53
422.00	8212.94
423.00	8210.60
424.00	8074.85
425.00	8086.55
426.00	8114.64
427.00	8016.33
428.00	8081.87
429.00	8173.15
430.00	8063.15
431.00	8154.43
432.00	8147.40
433.00	8175.49
434.00	8023.36
435.00	8292.52
436.00	8418.91
437.00	8273.79
438.00	8648.28
439.00	8559.34
440.00	8425.93
441.00	8498.49
442.00	8510.19
443.00	8575.72
444.00	8578.06
445.00	8315.92
446.00	8549.98
447.00	8610.83
448.00	8826.16
449.00	8667.00
450.00	8664.66
451.00	8688.07
452.00	8755.94
453.00	8894.04
454.00	8755.94
455.00	8737.22
456.00	8814.46
457.00	8704.45
458.00	8842.54
459.00	9062.55
460.00	8751.26
461.00	8807.44
462.00	8931.48
463.00	8994.68
464.00	8910.42
465.00	9193.62
466.00	9125.75
467.00	9130.43
468.00	9160.86
469.00	9247.46
470.00	9320.01
471.00	9114.05
472.00	9200.65
473.00	9275.54
474.00	9231.07
475.00	9317.67
476.00	9231.07
477.00	9643.01
478.00	9465.13
479.00	9446.40
480.00	9771.74
481.00	9542.36
482.00	9703.86
483.00	9776.42
484.00	9577.47
485.00	9671.09
486.00	9764.72
487.00	9738.97
488.00	9947.28
489.00	10050.26
490.00	9987.07
491.00	9865.36
492.00	9914.51
493.00	9837.27
494.00	10064.30
495.00	10092.39
496.00	9930.89
497.00	10083.03
498.00	10436.45
499.00	10310.06
500.00	10403.68
501.00	10111.11
502.00	10094.73
503.00	10171.97
504.00	10333.47
505.00	10265.59
506.00	10361.55
507.00	10342.83
508.00	10593.26
509.00	10413.04
510.00	10263.25
511.00	10471.56
512.00	10494.96
513.00	10565.18
514.00	10626.03
515.00	10525.39
516.00	10684.55
517.00	10471.56
518.00	10438.79
519.00	10668.16
520.00	10675.18
521.00	10944.34
522.00	10862.43
523.00	10747.74
524.00	10637.73
525.00	10988.82
526.00	10995.84
527.00	10953.71
528.00	10944.34
529.00	10958.39
530.00	11037.97
531.00	11190.10
532.00	10944.34
533.00	11019.24
534.00	11016.90
535.00	11044.99
536.00	11215.85
537.00	10878.81
538.00	11185.42
539.00	11119.89
540.00	11059.03
541.00	11140.95
542.00	11213.51
543.00	11342.24
544.00	11470.97
545.00	11164.36
546.00	11473.31
547.00	11281.38
548.00	11391.39
549.00	11447.56
550.00	11587.99
551.00	11707.36
552.00	11543.52
553.00	11892.26
554.00	11637.14
555.00	11655.87
556.00	11943.75
557.00	11541.18
558.00	11824.39
559.00	11822.05
560.00	12088.87
561.00	12051.42
562.00	12327.60
563.00	11908.65
564.00	12105.25
565.00	12313.56
566.00	12545.27
567.00	12659.96
568.00	11964.82
569.00	12360.37
570.00	12425.90
571.00	12664.64
572.00	12681.02
573.00	12645.91
574.00	12954.87
575.00	12847.20
576.00	13067.21
577.00	13245.09
578.00	12903.37
579.00	13135.09
580.00	13217.01
581.00	13294.24
582.00	13294.24
583.00	13495.53
584.00	13509.57
585.00	13469.78
586.00	13891.08
587.00	13811.50
588.00	13781.07
589.00	13823.20
590.00	14195.35
591.00	14057.26
592.00	14064.28
593.00	14150.88
594.00	14424.72
595.00	14410.68
596.00	14808.57
597.00	14785.16
598.00	14745.38
599.00	15353.91
600.00	15023.90
601.00	15260.29
602.00	15220.50
603.00	15482.64
604.00	15435.83
605.00	15281.36
606.00	16002.24
607.00	15712.02
608.00	15803.30
609.00	16226.93
610.00	15896.92
611.00	16042.03
612.00	16032.67
613.00	16271.40
614.00	16365.03
615.00	16465.67
616.00	16592.06
617.00	16973.56
618.00	16858.88
619.00	17062.51
620.00	17046.12
621.00	17399.54
622.00	17736.58
623.00	17572.74
624.00	18050.21
625.00	17729.56
626.00	17958.93
627.00	17977.65
628.00	17987.02
629.00	18443.42
630.00	18579.17
631.00	18831.95
632.00	18288.95
633.00	18654.07
634.00	18888.12
635.00	19171.33
636.00	19346.87
637.00	19288.35
638.00	19791.57
639.00	19571.56
640.00	19749.44
641.00	20018.60
642.00	20308.83
643.00	20149.67
644.00	20292.44
645.00	20278.40
646.00	20861.19
647.00	20533.52
648.00	20823.75
649.00	21062.48
650.00	21172.49
651.00	21514.20
652.00	21731.87
653.00	21481.44
654.00	22031.46
655.00	22001.04
656.00	22136.79
657.00	22328.71
658.00	22424.67
659.00	22382.54
660.00	22658.73
661.00	22864.69
662.00	22820.22
663.00	23227.48
664.00	23274.29
665.00	23236.84
666.00	23211.09
667.00	23889.85
668.00	23772.82
669.00	23646.43
670.00	24294.76
671.00	24128.58
672.00	24397.74
673.00	24596.69
674.00	24723.08
675.00	24596.69
676.00	24692.65
677.00	25137.35
678.00	25046.07
679.00	25184.16
680.00	25149.06
681.00	25467.37
682.00	25605.46
683.00	25558.65
684.00	25844.20
685.00	26232.72
686.00	26251.45
687.00	26593.17
688.00	26501.89
689.00	26199.96
690.00	26331.03
691.00	26799.13
692.00	26787.43
693.00	26890.41
694.00	27388.95
695.00	27515.34
696.00	27452.14
697.00	27239.15
698.00	27669.81
699.00	28133.24
700.00	28140.26
701.00	28187.07
702.00	28322.82
703.00	28400.06
704.00	28701.99
705.00	28966.47
706.00	28659.86
707.00	29244.99
708.00	28992.22
709.00	29352.66
710.00	29357.34
711.00	29565.65
712.00	29411.17
713.00	29647.57
714.00	29577.35
715.00	29589.05
716.00	30382.49
717.00	30223.34
718.00	30370.79
719.00	30321.64
720.00	30005.67
721.00	30354.41
722.00	30045.46
723.00	30443.35
724.00	31555.10
725.00	30595.48
726.00	31035.50
727.00	30628.25
728.00	31054.23
729.00	30916.14
730.00	31173.60
731.00	31501.27
732.00	31515.31
733.00	31892.14
734.00	31548.08
735.00	31379.56
736.00	31442.76
737.00	31936.61
738.00	31583.19
739.00	32205.77
740.00	31948.31
741.00	32343.86
742.00	32243.22
743.00	31910.86
744.00	32292.37
745.00	32851.76
746.00	33132.62
747.00	32610.68
748.00	33230.93
749.00	33020.28
750.00	33046.02
751.00	33268.37
752.00	32807.29
753.00	33397.10
754.00	33200.50
755.00	33692.01
756.00	33495.41
757.00	33570.30
758.00	33259.01
759.00	33640.52
760.00	34258.42
761.00	34007.98
762.00	34525.24
763.00	34026.71
764.00	33837.12
765.00	33841.81
766.00	34218.63
767.00	34803.77
768.00	34763.98
769.00	34579.07
770.00	35449.75
771.00	35075.27
772.00	35140.80
773.00	35093.99
774.00	35030.80
775.00	35058.88
776.00	35112.72
777.00	35618.27
778.00	35772.75
779.00	35873.39
780.00	36048.93
781.00	35503.59
782.00	36126.17
783.00	35814.88
784.00	36163.62
785.00	36575.55
786.00	36009.14
787.00	36620.02
788.00	36381.29
789.00	36573.21
790.00	36837.69
791.00	36542.78
792.00	36800.24
793.00	36950.04
794.00	36992.17
795.00	36964.08
796.00	36891.52
797.00	37273.03
798.00	36772.16
799.00	37404.10
800.00	37523.47
801.00	37364.31
802.00	37706.03
803.00	37488.36
804.00	37961.15
805.00	37364.31
806.00	37507.08
807.00	37682.62
808.00	37689.65
809.00	38440.96
810.00	38298.19
811.00	38375.42
812.00	38450.32
813.00	38148.39
814.00	38391.81
815.00	38841.19
816.00	38579.05
817.00	38754.59
818.00	39030.77
819.00	38686.71
820.00	38366.06
821.00	38319.25
822.00	38476.07
823.00	38728.84
824.00	38773.31
825.00	38686.71
826.00	39620.59
827.00	39342.06
828.00	39337.38
829.00	39372.49
830.00	39222.70
831.00	39594.84
832.00	39419.30
833.00	39952.94
834.00	39868.69
835.00	39835.92
836.00	39983.37
837.00	40362.54
838.00	39835.92
839.00	39700.17
840.00	40233.81
841.00	40147.21
842.00	40292.32
843.00	40467.86
844.00	40584.89
845.00	40470.20
846.00	40809.58
847.00	40966.40
848.00	40856.39
849.00	40524.04
850.00	41373.65
851.00	41069.38
852.00	40931.29
853.00	40662.13
854.00	41394.71
855.00	41174.70
856.00	41118.53
857.00	41881.55
858.00	41661.54
859.00	41326.84
860.00	41642.81
861.00	41317.48
862.00	41160.66
863.00	41916.65
864.00	41727.07
865.00	41881.55
866.00	42417.53
867.00	42176.45
868.00	41958.78
869.00	42225.60
870.00	42019.64
871.00	42038.36
872.00	42272.42
873.00	42195.18
874.00	42059.43
875.00	42476.04
876.00	42618.81
877.00	42822.44
878.00	42628.18
879.00	42541.58
880.00	42738.18
881.00	42672.65
882.00	42899.68
883.00	42536.90
884.00	42553.28
885.00	43021.39
886.00	42953.51
887.00	43175.86
888.00	42656.26
889.00	42586.05
890.00	43110.33
891.00	43058.84
892.00	43215.65
893.00	43702.48
894.00	43299.91
895.00	43264.80
896.00	43452.05
897.00	42953.51
898.00	43297.57
899.00	43863.98
900.00	43367.79
901.00	43875.68
902.00	44098.03
903.00	44236.12
904.00	43793.76
905.00	44069.95
906.00	43861.64
907.00	43538.65
908.00	44086.33
909.00	43800.79
910.00	44259.53
911.00	44425.71
912.00	44254.85
913.00	43599.50
914.00	44175.27
915.00	44037.18
916.00	44409.32
917.00	44559.12
918.00	44921.90
919.00	45024.89
920.00	44439.75
921.00	44404.64
922.00	44945.31
923.00	44964.03
924.00	44542.74
925.00	44821.26
926.00	44814.24
927.00	45059.99
928.00	45530.44
929.00	45155.96
930.00	45413.41
931.00	44982.76
932.00	44928.92
933.00	44980.42
934.00	44980.42
935.00	45162.98
936.00	45256.60
937.00	45588.95
938.00	45319.79
939.00	45104.46
940.00	45425.12
941.00	45256.60
942.00	45336.18
943.00	45720.02
944.00	45603.00
945.00	45879.18
946.00	46197.49
947.00	46066.42
948.00	46127.28
949.00	46232.60
950.00	45830.03
951.00	46043.02
952.00	46223.24
953.00	45968.12
954.00	45610.02
955.00	46183.45
956.00	45937.69
957.00	45883.86
958.00	46110.89
959.00	45443.84
960.00	46354.31
961.00	46316.86
962.00	46220.90
963.00	46335.59
964.00	46696.03
965.00	46525.17
966.00	46770.93
967.00	46899.65
968.00	47239.03
969.00	46391.76
970.00	47138.39
971.00	47040.09
972.00	47199.24
973.00	47597.13
974.00	47480.11
975.00	47395.85
976.00	47166.48
977.00	47086.90
978.00	47351.38
979.00	46784.97
980.00	47082.22
981.00	47028.38
982.00	47416.91
983.00	47597.13
984.00	47421.59
985.00	47959.92
986.00	47562.03
987.00	47491.81
988.00	47239.03
989.00	47482.45
990.00	47133.71
991.00	47395.85
992.00	47625.22
993.00	47475.43
994.00	48006.73
995.00	48133.12
996.00	47714.16
997.00	48065.24
998.00	48121.41
999.00	47269.46
1000.00	48011.41
1001.00	48200.99
1002.00	47845.23
1003.00	47892.04
1004.00	47613.52
1005.00	48123.75
1006.00	47775.02
1007.00	47842.89
1008.00	47927.15
1009.00	47995.03
1010.00	47892.04
1011.00	48308.66
1012.00	48219.72
1013.00	48395.26
1014.00	48128.44
1015.00	48423.34
1016.00	48144.82
1017.00	48306.32
1018.00	48186.95
1019.00	48678.46
1020.00	48692.50
1021.00	48715.91
1022.00	48821.23
1023.00	48355.47
1024.00	48776.76
1025.00	48526.33
1026.00	48521.65
1027.00	48816.55
1028.00	48804.85
1029.00	48882.09
1030.00	48949.96
1031.00	48886.77
1032.00	49598.29
1033.00	49237.85
1034.00	48814.21
1035.00	49059.97
1036.00	48643.35
1037.00	49317.43
1038.00	48905.49
1039.00	48842.30
1040.00	49059.97
1041.00	48879.75
1042.00	48889.11
1043.00	49015.50
1044.00	49247.21
1045.00	49109.12
1046.00	48964.01
1047.00	49212.10
1048.00	49509.35
1049.00	49560.84
1050.00	48933.58
1051.00	49935.33
1052.00	49808.94
1053.00	49389.98
1054.00	49270.62
1055.00	49085.72
1056.00	49373.60
1057.00	49139.55
1058.00	49265.94
1059.00	49165.29
1060.00	49949.37
1061.00	49670.85
1062.00	49441.48
1063.00	49397.01
1064.00	49059.97
1065.00	49319.77
1066.00	49839.37
1067.00	49315.09
1068.00	49638.08
1069.00	50010.23
1070.00	49790.22
1071.00	49883.84
1072.00	49930.65
1073.00	49808.94
1074.00	49914.26
1075.00	49359.56
1076.00	49626.38
1077.00	49420.41
1078.00	50014.91
1079.00	49879.16
1080.00	49598.29
1081.00	50045.33
1082.00	49811.28
1083.00	49647.44
1084.00	49645.10
1085.00	49846.39
1086.00	49682.55
1087.00	49628.72
1088.00	49991.50
1089.00	49928.31
1090.00	50450.25
1091.00	49940.01
1092.00	49848.73
1093.00	49818.30
1094.00	49745.75
1095.00	49975.12
1096.00	49975.12
1097.00	49865.11
1098.00	50021.93
1099.00	49949.37
1100.00	50085.12
1101.00	50190.45
1102.00	49790.22
1103.00	50494.72
1104.00	50108.53
1105.00	49741.06
1106.00	49888.52
1107.00	50061.72
1108.00	49748.09
1109.00	50209.17
1110.00	50122.57
1111.00	50127.25
1112.00	50307.47
1113.00	50415.14
1114.00	50094.49
1115.00	50024.27
1116.00	50286.41
1117.00	49883.84
1118.00	50021.93
1119.00	49886.18
1120.00	49993.84
1121.00	49893.20
1122.00	50337.90
1123.00	50361.31
1124.00	49797.24
1125.00	49841.71
1126.00	49830.01
1127.00	49326.79
1128.00	50153.00
1129.00	50068.74
1130.00	50087.46
1131.00	50251.30
1132.00	50518.12
1133.00	50457.27
1134.00	50293.43
1135.00	49869.79
1136.00	50007.89
1137.00	50314.50
1138.00	49883.84
1139.00	50143.64
1140.00	50312.16
1141.00	49961.08
1142.00	50293.43
1143.00	50286.41
1144.00	50405.78
1145.00	50330.88
1146.00	49954.05
1147.00	50277.05
1148.00	50174.06
1149.00	50241.94
1150.00	50370.67
1151.00	50361.31
1152.00	50230.24
1153.00	50693.66
1154.00	50365.99
1155.00	49818.30
1156.00	50101.51
1157.00	50127.25
1158.00	50164.70
1159.00	49918.95
1160.00	50103.85
1161.00	50096.83
1162.00	50220.87
1163.00	50384.71
1164.00	50356.63
1165.00	50401.10
1166.00	50059.38
1167.00	49928.31
1168.00	50255.98
1169.00	50478.33
1170.00	49837.03
1171.00	49492.97
1172.00	50225.56
1173.00	49848.73
1174.00	50571.96
1175.00	50344.92
1176.00	50040.65
1177.00	50309.82
1178.00	50263.00
1179.00	49507.01
1180.00	49741.06
1181.00	50099.17
1182.00	49890.86
1183.00	50253.64
1184.00	50609.40
1185.00	50234.92
1186.00	50527.48
1187.00	50361.31
1188.00	50550.89
1189.00	50255.98
1190.00	50234.92
1191.00	50169.38
1192.00	50082.78
1193.00	49551.48
1194.00	49792.56
1195.00	50265.34
1196.00	50188.11
1197.00	50155.34
1198.00	50155.34
1199.00	50138.96
1200.00	50148.32
1201.00	50028.95
1202.00	49727.02
1203.00	49694.25
1204.00	50403.44
1205.00	49968.10
1206.00	50188.11
1207.00	50120.23
1208.00	50265.34
1209.00	50391.73
1210.00	50211.51
1211.00	50401.10
1212.00	49720.00
1213.00	50071.08
1214.00	50038.31
1215.00	50092.15
1216.00	50038.31
1217.00	49755.11
1218.00	50525.14
1219.00	50120.23
1220.00	50356.63
1221.00	50361.31
1222.00	50082.78
1223.00	49935.33
1224.00	49858.09
1225.00	49827.66
1226.00	50223.22
1227.00	49846.39
1228.00	50115.55
1229.00	49872.14
1230.00	50305.13
1231.00	50408.12
1232.00	50267.69
1233.00	49883.84
1234.00	49736.38
1235.00	49853.41
1236.00	50047.68
1237.00	50286.41
1238.00	50227.90
1239.00	50028.95
1240.00	50494.72
1241.00	50349.60
1242.00	50155.34
1243.00	50265.34
1244.00	50103.85
1245.00	50361.31
1246.00	49930.65
1247.00	49769.15
1248.00	50272.37
1249.00	50213.85
1250.00	50211.51
1251.00	50391.73
1252.00	50600.04
1253.00	50707.71
1254.00	50328.54
1255.00	50548.55
1256.00	50373.01
1257.00	50108.53
1258.00	50239.60
1259.00	50426.84
1260.00	49979.80
1261.00	50651.53
1262.00	50829.41
1263.00	50742.81
1264.00	50927.72
1265.00	50630.47
1266.00	51016.66
1267.00	50190.45
1268.00	50227.90
1269.00	50337.90
1270.00	50263.00
1271.00	50068.74
1272.00	49822.98
1273.00	50204.49
1274.00	50443.23
1275.00	50583.66
1276.00	50850.48
1277.00	50773.24
1278.00	50391.73
1279.00	50628.13
1280.00	50588.34
1281.00	50117.89
1282.00	50410.46
1283.00	49841.71
1284.00	50263.00
1285.00	50609.40
1286.00	50731.11
1287.00	50323.86
1288.00	50473.65
1289.00	50363.65
1290.00	50309.82
1291.00	50127.25
1292.00	50057.04
1293.00	50431.52
1294.00	50272.37
1295.00	50038.31
1296.00	50096.83
1297.00	50284.07
1298.00	50216.19
1299.00	50333.22
1300.00	50429.18
1301.00	50373.01
1302.00	50710.05
1303.00	50436.20
1304.00	50052.36
1305.00	50246.62
1306.00	50227.90
1307.00	49921.29
1308.00	50410.46
1309.00	50101.51
1310.00	49832.35
1311.00	50092.15
1312.00	50202.15
1313.00	51009.64
1314.00	50485.36
1315.00	49801.92
1316.00	50234.92
1317.00	50195.13
1318.00	49991.50
1319.00	50122.57
1320.00	50447.91
1321.00	50239.60
1322.00	50302.79
1323.00	50436.20
1324.00	50260.66
1325.00	50670.26
1326.00	50436.20
1327.00	50138.96
1328.00	50562.59
1329.00	50204.49
1330.00	50356.63
1331.00	49930.65
1332.00	49881.50
1333.00	49869.79
1334.00	50583.66
1335.00	50492.38
1336.00	50199.81
1337.00	50232.58
1338.00	50410.46
1339.00	50141.30
1340.00	50253.64
1341.00	50373.01
1342.00	50028.95
1343.00	50199.81
1344.00	50019.59
1345.00	49986.82
1346.00	50286.41
1347.00	50555.57
1348.00	50560.25
1349.00	50408.12
1350.00	50265.34
1351.00	50038.31
1352.00	50429.18
1353.00	49881.50
1354.00	49902.56
1355.00	49525.74
1356.00	49731.70
1357.00	49867.45
1358.00	49984.48
1359.00	49879.16
1360.00	50148.32
1361.00	49811.28
1362.00	50417.48
1363.00	49954.05
1364.00	49780.85
1365.00	49710.64
1366.00	49720.00
1367.00	49275.30
1368.00	49581.91
1369.00	49624.04
1370.00	49652.12
1371.00	49631.06
1372.00	49822.98
1373.00	49801.92
1374.00	49921.29
1375.00	49853.41
1376.00	49546.80
1377.00	49895.54
1378.00	49366.58
1379.00	49357.22
1380.00	49492.97
1381.00	48938.26
1382.00	49141.89
1383.00	49298.70
1384.00	49488.29
1385.00	49347.86
1386.00	49504.67
1387.00	49223.81
1388.00	49429.77
1389.00	49659.15
1390.00	48596.54
1391.00	48935.92
1392.00	48940.60
1393.00	48903.15
1394.00	49106.78
1395.00	48882.09
1396.00	48886.77
1397.00	49429.77
1398.00	49069.33
1399.00	49673.19
1400.00	49411.05
1401.00	49455.52
1402.00	49382.96
1403.00	49392.33
1404.00	48715.91
1405.00	48655.06
1406.00	48594.20
1407.00	48889.11
1408.00	49083.37
1409.00	49303.38
1410.00	49134.87
1411.00	49294.02
1412.00	48989.75
1413.00	49031.88
1414.00	48701.87
1415.00	48781.45
1416.00	49071.67
1417.00	48353.13
1418.00	48332.06
1419.00	48432.71
1420.00	48624.63
1421.00	48734.63
1422.00	48540.37
1423.00	48903.15
1424.00	48662.08
1425.00	48360.15
1426.00	48753.36
1427.00	48390.58
1428.00	48411.64
1429.00	48374.19
1430.00	48547.39
1431.00	48385.89
1432.00	48205.67
1433.00	47887.36
1434.00	48142.48
1435.00	48172.91
1436.00	48023.11
1437.00	48320.36
1438.00	48116.73
1439.00	48341.42
1440.00	48114.39
1441.00	48318.02
1442.00	48018.43
1443.00	48210.35
1444.00	47826.51
1445.00	47580.75
1446.00	47648.63
1447.00	48006.73
1448.00	48243.12
1449.00	47580.75
1450.00	48060.56
1451.00	48034.81
1452.00	48378.87
1453.00	47786.72
1454.00	48144.82
1455.00	47950.56
1456.00	47611.18
1457.00	47442.66
1458.00	47611.18
1459.00	47349.04
1460.00	47526.92
1461.00	47498.83
1462.00	47606.50
1463.00	47746.93
1464.00	47667.35
1465.00	48062.90
1466.00	47501.17
1467.00	47381.80
1468.00	47208.61
1469.00	47173.50
1470.00	47304.57
1471.00	47306.91
1472.00	47166.48
1473.00	47337.33
1474.00	47091.58
1475.00	47372.44
1476.00	47363.08
1477.00	47047.11
1478.00	47306.91
1479.00	47613.52
1480.00	47311.59
1481.00	46969.87
1482.00	47044.77
1483.00	47030.72
1484.00	46838.80
1485.00	46220.90
1486.00	46548.57
1487.00	46363.67
1488.00	46637.51
1489.00	46843.48
1490.00	46232.60
1491.00	46117.92
1492.00	46763.90
1493.00	46543.89
1494.00	46799.01
1495.00	46815.40
1496.00	46548.57
1497.00	46436.23
1498.00	46642.20
1499.00	46274.73
1500.00	45848.75
1501.00	46131.96
1502.00	46241.96
1503.00	46611.77
1504.00	46251.33
1505.00	46560.28
1506.00	46307.50
1507.00	45771.52
1508.00	46239.62
1509.00	45874.50
1510.00	45537.46
1511.00	45539.80
1512.00	45752.79
1513.00	45696.62
1514.00	45727.05
1515.00	45869.82
1516.00	45806.62
1517.00	45450.86
1518.00	45595.98
1519.00	45916.63
1520.00	45207.45
1521.00	45883.86
1522.00	45907.27
1523.00	45249.58
1524.00	45483.63
1525.00	45741.09
1526.00	45661.51
1527.00	45214.47
1528.00	45413.41
1529.00	45724.71
1530.00	45027.23
1531.00	45200.43
1532.00	45188.72
1533.00	45633.42
1534.00	45221.49
1535.00	45385.33
1536.00	45366.60
1537.00	45010.84
1538.00	44994.46
1539.00	45059.99
1540.00	45029.57
1541.00	44893.82
1542.00	44954.67
1543.00	44921.90
1544.00	45181.70
1545.00	45123.19
1546.00	44680.83
1547.00	44907.86
1548.00	45202.77
1549.00	45242.56
1550.00	44774.45
1551.00	45223.83
1552.00	44687.85
1553.00	44786.15
1554.00	44818.92
1555.00	44458.48
1556.00	44526.35
1557.00	44383.58
1558.00	44460.82
1559.00	44645.72
1560.00	44479.54
1561.00	44456.14
1562.00	44790.83
1563.00	44563.80
1564.00	44643.38
1565.00	44069.95
1566.00	44238.47
1567.00	44318.04
1568.00	44107.40
1569.00	44067.61
1570.00	43938.88
1571.00	43964.62
1572.00	44158.89
1573.00	44217.40
1574.00	43786.74
1575.00	44027.82
1576.00	44020.80
1577.00	43842.92
1578.00	44491.24
1579.00	43976.33
1580.00	43866.32
1581.00	43875.68
1582.00	43854.62
1583.00	43566.73
1584.00	43407.58
1585.00	43625.25
1586.00	43669.72
1587.00	43269.48
1588.00	43196.93
1589.00	43430.98
1590.00	43927.17
1591.00	43304.59
1592.00	43381.83
1593.00	44123.78
1594.00	43292.89
1595.00	43192.25
1596.00	43166.50
1597.00	43714.19
1598.00	42401.14
1599.00	43026.07
1600.00	43119.69
1601.00	43037.77
1602.00	42873.93
1603.00	42902.02
1604.00	43136.07
1605.00	43178.20
1606.00	43213.31
1607.00	42937.13
1608.00	42836.48
1609.00	42703.07
1610.00	42880.95
1611.00	42597.75
1612.00	42995.64
1613.00	42670.31
1614.00	42852.87
1615.00	42581.37
1616.00	42696.05
1617.00	42614.13
1618.00	42934.79
1619.00	42628.18
1620.00	42913.72
1621.00	42845.85
1622.00	43037.77
1623.00	43203.95
1624.00	42010.28
1625.00	42710.10
1626.00	42574.34
1627.00	42403.49
1628.00	42686.69
1629.00	42326.25
1630.00	42202.20
1631.00	41736.43
1632.00	42548.60
1633.00	42363.70
1634.00	42108.58
1635.00	42349.65
1636.00	42415.19
1637.00	42295.82
1638.00	42452.64
1639.00	41706.01
1640.00	42017.30
1641.00	41804.31
1642.00	42029.00
1643.00	41556.21
1644.00	41588.98
1645.00	41890.91
1646.00	41539.83
1647.00	42127.30
1648.00	41691.96
1649.00	42171.77
1650.00	41598.34
1651.00	41610.04
1652.00	41874.52
1653.00	42239.65
1654.00	41825.37
1655.00	41516.42
1656.00	41727.07
1657.00	41378.33
1658.00	41518.76
1659.00	41249.60
1660.00	41144.28
1661.00	41151.30
1662.00	40966.40
1663.00	41228.54
1664.00	41415.78
1665.00	41226.20
1666.00	41509.40
1667.00	41228.54
1668.00	41560.89
1669.00	41228.54
1670.00	41212.15
1671.00	40608.29
1672.00	40872.78
1673.00	40804.90
1674.00	40985.12
1675.00	40830.65
1676.00	40493.61
1677.00	40566.16
1678.00	40687.87
1679.00	40706.60
1680.00	40708.94
1681.00	41404.08
1682.00	40790.86
1683.00	41092.79
1684.00	40664.47
1685.00	40643.40
1686.00	40573.19
1687.00	40009.12
1688.00	40832.99
1689.00	40652.76
1690.00	40437.44
1691.00	40233.81
1692.00	40435.10
1693.00	40294.66
1694.00	40175.30
1695.00	40275.94
1696.00	40362.54
1697.00	40289.98
1698.00	40488.93
1699.00	40254.87
1700.00	40397.65
1701.00	40119.12
1702.00	39864.00
1703.00	39758.68
1704.00	39805.49
1705.00	39658.04
1706.00	39782.09
1707.00	40044.23
1708.00	39962.31
1709.00	39604.20
1710.00	39416.96
1711.00	39566.76
1712.00	39796.13
1713.00	39737.62
1714.00	40058.27
1715.00	39765.70
1716.00	39356.11
1717.00	39594.84
1718.00	39012.05
1719.00	39009.71
1720.00	39175.89
1721.00	39253.12
1722.00	38845.87
1723.00	38782.68
1724.00	39000.35
1725.00	38232.65
1726.00	38775.66
1727.00	38773.31
1728.00	38897.36
1729.00	38960.56
1730.00	38665.65
1731.00	38895.02
1732.00	38689.06
1733.00	38649.27
1734.00	38492.45
1735.00	38646.93
1736.00	38534.58
1737.00	37928.38
1738.00	38417.55
1739.00	38281.80
1740.00	38270.10
1741.00	37904.98
1742.00	38316.91
1743.00	38136.69
1744.00	38265.42
1745.00	38122.65
1746.00	37879.23
1747.00	38019.66
1748.00	37928.38
1749.00	37481.34
1750.00	37563.26
1751.00	37584.32
1752.00	37645.18
1753.00	37125.58
1754.00	37628.79
1755.00	37256.65
1756.00	37516.45
1757.00	37111.53
1758.00	37141.96
1759.00	37418.14
1760.00	37600.71
1761.00	37481.34
1762.00	37514.11
1763.00	37254.31
1764.00	36968.76
1765.00	37298.78
1766.00	36800.24
1767.00	36858.76
1768.00	36414.05
1769.00	36486.61
1770.00	36664.49
1771.00	36879.82
1772.00	36662.15
1773.00	36151.91
1774.00	36292.35
1775.00	36257.24
1776.00	36215.11
1777.00	36364.90
1778.00	35997.44
1779.00	36062.97
1780.00	36292.35
1781.00	36062.97
1782.00	35908.50
1783.00	35613.59
1784.00	35725.94
1785.00	35580.82
1786.00	35601.89
1787.00	35391.24
1788.00	35175.91
1789.00	35519.97
1790.00	35061.22
1791.00	35339.75
1792.00	35271.87
1793.00	34796.74
1794.00	35292.94
1795.00	35093.99
1796.00	34932.50
1797.00	35091.65
1798.00	35220.38
1799.00	35222.72
1800.00	35215.70
1801.00	34754.61
1802.00	34363.75
1803.00	34579.07
1804.00	34192.89
1805.00	33907.34
1806.00	33893.30
1807.00	34286.51
1808.00	34384.81
1809.00	34146.08
1810.00	34410.56
1811.00	33759.89
1812.00	34150.76
1813.00	34120.33
1814.00	34260.76
1815.00	34000.96
1816.00	33848.83
1817.00	33694.35
1818.00	33633.50
1819.00	34164.80
1820.00	33392.42
1821.00	33233.27
1822.00	33464.98
1823.00	32929.00
1824.00	33340.93
1825.00	33160.71
1826.00	33120.92
1827.00	32966.45
1828.00	33771.59
1829.00	32999.21
1830.00	33146.67
1831.00	31854.69
1832.00	32582.60
1833.00	32680.90
1834.00	32694.94
1835.00	32657.49
1836.00	32479.61
1837.00	31512.97
1838.00	32020.87
1839.00	31931.93
1840.00	31859.37
1841.00	31873.42
1842.00	31470.84
1843.00	31599.57
1844.00	31356.16
1845.00	31620.64
1846.00	31454.46
1847.00	31239.13
1848.00	31475.52
1849.00	31030.82
1850.00	31101.04
1851.00	30958.27
1852.00	30888.05
1853.00	30403.56
1854.00	30457.39
1855.00	30567.40
1856.00	30504.20
1857.00	30237.38
1858.00	30288.87
1859.00	30045.46
1860.00	30064.18
1861.00	29921.41
1862.00	30000.99
1863.00	29921.41
1864.00	30094.61
1865.00	29811.40
1866.00	29937.79
1867.00	29509.47
1868.00	29434.58
1869.00	29635.86
1870.00	29465.00
1871.00	29331.59
1872.00	29160.73
1873.00	29184.14
1874.00	29020.30
1875.00	29076.48
1876.00	28706.67
1877.00	28643.48
1878.00	28458.57
1879.00	28276.01
1880.00	28215.16
1881.00	28940.72
1882.00	28512.41
1883.00	28313.46
1884.00	28304.10
1885.00	28173.03
1886.00	28084.09
1887.00	28020.89
1888.00	27901.53
1889.00	27756.41
1890.00	27442.78
1891.00	27454.48
1892.00	27115.11
1893.00	27346.82
1894.00	26787.43
1895.00	27608.96
1896.00	27005.10
1897.00	26944.25
1898.00	27124.47
1899.00	27103.40
1900.00	27037.87
1901.00	26661.04
1902.00	26700.83
1903.00	26911.48
1904.00	26485.50
1905.00	26309.96
1906.00	26363.79
1907.00	25975.27
1908.00	25556.31
1909.00	25535.24
1910.00	25827.81
1911.00	25813.77
1912.00	25565.67
1913.00	25572.69
1914.00	25790.36
1915.00	25429.92
1916.00	25549.29
1917.00	25387.79
1918.00	25216.93
1919.00	25458.01
1920.00	25450.99
1921.00	25242.68
1922.00	25006.28
1923.00	24659.88
1924.00	24582.65
1925.00	24533.50
1926.00	24196.46
1927.00	24430.51
1928.00	23978.79
1929.00	24013.90
1930.00	24187.10
1931.00	24098.16
1932.00	24184.76
1933.00	23941.34
1934.00	24140.29
1935.00	24280.72
1936.00	24123.90
1937.00	23765.80
1938.00	23552.81
1939.00	23730.69
1940.00	23744.73
1941.00	23634.73
1942.00	23260.24
1943.00	23330.46
1944.00	23164.28
1945.00	22855.33
1946.00	22665.75
1947.00	22845.97
1948.00	22181.26
1949.00	22553.40
1950.00	22340.41
1951.00	22319.35
1952.00	22101.68
1953.00	22595.53
1954.00	22511.27
1955.00	22298.28
1956.00	22228.07
1957.00	21977.63
1958.00	22038.48
1959.00	22045.51
1960.00	21867.63
1961.00	21766.98
1962.00	21696.77
1963.00	21755.28
1964.00	21462.71
1965.00	21378.45
1966.00	21268.45
1967.00	21130.36
1968.00	20884.60
1969.00	21076.52
1970.00	20896.30
1971.00	20833.11
1972.00	21057.80
1973.00	20732.47
1974.00	20798.00
1975.00	20678.63
1976.00	20636.50
1977.00	20793.32
1978.00	20650.55
1979.00	20554.58
1980.00	20493.73
1981.00	20004.56
1982.00	19854.76
1983.00	19915.62
1984.00	20255.00
1985.00	19669.86
1986.00	19597.31
1987.00	19295.38
1988.00	19412.40
1989.00	19403.04
1990.00	19508.37
1991.00	19473.26
1992.00	19192.39
1993.00	19122.18
1994.00	19122.18
1995.00	19077.71
1996.00	19363.25
1997.00	18614.28
1998.00	18899.83
1999.00	18986.43
2000.00	18775.78
2001.00	18562.79
2002.00	18487.89
2003.00	18597.90
2004.00	18490.23
2005.00	18160.22
2006.00	18080.64
2007.00	17912.12
2008.00	18001.06
2009.00	18008.08
2010.00	17823.18
2011.00	17795.09
2012.00	18167.24
2013.00	17858.29
2014.00	17635.94
2015.00	17757.64
2016.00	17680.41
2017.00	17472.10
2018.00	17673.39
2019.00	17326.99
2020.00	17589.13
2021.00	17310.60
2022.00	17123.36
2023.00	16685.68
2024.00	16395.45
2025.00	16819.09
2026.00	16769.94
2027.00	16812.07
2028.00	16402.47
2029.00	16451.63
2030.00	16519.50
2031.00	16713.77
2032.00	16409.50
2033.00	16365.03
2034.00	16561.63
2035.00	16161.40
2036.00	16142.67
2037.00	15887.56
2038.00	16145.02
2039.00	15829.04
2040.00	15793.94
2041.00	15784.57
2042.00	15742.44
2043.00	15496.69
2044.00	15344.55
2045.00	15377.32
2046.00	15321.15
2047.00	15456.90
