0.00	952.60
1.00	952.60
2.00	952.60
3.00	877.70
4.00	901.11
5.00	1025.15
6.00	880.04
7.00	968.98
8.00	910.47
9.00	931.53
10.00	887.06
11.00	856.64
12.00	922.17
13.00	933.87
14.00	875.36
15.00	950.26
16.00	980.68
17.00	945.58
18.00	992.39
19.00	917.49
20.00	957.28
21.00	903.45
22.00	976.00
23.00	1022.81
24.00	1090.69
25.00	1306.02
26.00	1369.21
27.00	1472.20
28.00	1530.71
29.00	1418.36
30.00	1476.88
31.00	1467.52
32.00	1401.98
33.00	1526.03
34.00	1441.77
35.00	1530.71
36.00	1465.18
37.00	1619.65
38.00	1598.59
39.00	1619.65
40.00	1526.03
41.00	1631.35
42.00	1504.96
43.00	1617.31
44.00	1579.86
45.00	1614.97
46.00	1586.88
47.00	1607.95
48.00	1619.65
49.00	1593.90
50.00	1629.01
51.00	1666.46
52.00	1696.89
53.00	1661.78
54.00	1596.25
55.00	1727.32
56.00	1614.97
57.00	1687.53
58.00	1722.63
59.00	1706.25
60.00	1703.91
61.00	1729.66
62.00	1760.08
63.00	1753.06
64.00	1682.85
65.00	1741.36
66.00	1769.44
67.00	1795.19
68.00	1746.04
69.00	1839.66
70.00	1727.32
71.00	1629.01
72.00	1760.08
73.00	1743.70
74.00	1832.64
75.00	1813.92
76.00	1790.51
77.00	1764.76
78.00	1710.93
79.00	1748.38
80.00	1797.53
81.00	1825.62
82.00	1795.19
83.00	1856.04
84.00	1900.52
85.00	1907.54
86.00	1830.30
87.00	1877.11
88.00	1867.75
89.00	1902.86
90.00	1895.83
91.00	1909.88
92.00	1872.43
93.00	1942.64
94.00	1928.60
95.00	1926.26
96.00	1870.09
97.00	1954.35
98.00	1893.49
99.00	1935.62
100.00	1970.73
101.00	1900.52
102.00	1937.96
103.00	1921.58
104.00	1944.99
105.00	1970.73
106.00	1928.60
107.00	1952.01
108.00	1980.09
109.00	1947.33
110.00	1926.26
111.00	1935.62
112.00	2003.50
113.00	2003.50
114.00	2071.37
115.00	1975.41
116.00	1998.82
117.00	2097.12
118.00	2054.99
119.00	2155.63
120.00	2064.35
121.00	2069.03
122.00	2106.48
123.00	2136.91
124.00	2120.53
125.00	2099.46
126.00	2073.71
127.00	2218.83
128.00	2129.89
129.00	2099.46
130.00	2148.61
131.00	2263.30
132.00	2277.34
133.00	2211.81
134.00	2176.70
135.00	2181.38
136.00	2186.06
137.00	2289.04
138.00	2235.21
139.00	2216.49
140.00	2195.42
141.00	2265.64
142.00	2340.54
143.00	2312.45
144.00	2289.04
145.00	2310.11
146.00	2469.27
147.00	2422.45
148.00	2291.38
149.00	2406.07
150.00	2441.18
151.00	2436.50
152.00	2408.41
153.00	2396.71
154.00	2408.41
155.00	2436.50
156.00	2473.95
157.00	2399.05
158.00	2469.27
159.00	2424.80
160.00	2420.11
161.00	2380.32
162.00	2464.58
163.00	2621.40
164.00	2588.63
165.00	2560.55
166.00	2672.89
167.00	2483.31
168.00	2527.78
169.00	2644.81
170.00	2764.17
171.00	2628.42
172.00	2665.87
173.00	2656.51
174.00	2740.77
175.00	2619.06
176.00	2700.98
177.00	2722.04
178.00	2628.42
179.00	2806.30
180.00	2775.88
181.00	2738.43
182.00	2782.90
183.00	2792.26
184.00	2897.58
185.00	2902.26
186.00	2864.82
187.00	2928.01
188.00	2895.24
189.00	2904.60
190.00	2801.62
191.00	2918.65
192.00	2932.69
193.00	2995.89
194.00	2930.35
195.00	3030.99
196.00	2949.08
197.00	3066.10
198.00	3028.65
199.00	3038.02
200.00	2993.55
201.00	3096.53
202.00	2986.52
203.00	3091.85
204.00	3056.74
205.00	3220.58
206.00	3138.66
207.00	3152.70
208.00	3314.20
209.00	3199.51
210.00	3393.78
211.00	3201.85
212.00	3234.62
213.00	3180.79
214.00	3272.07
215.00	3283.77
216.00	3361.01
217.00	3260.37
218.00	3361.01
219.00	3332.92
220.00	3372.71
221.00	3456.97
222.00	3396.12
223.00	3506.12
224.00	3492.08
225.00	3456.97
226.00	3295.47
227.00	3503.78
228.00	3653.58
229.00	3557.61
230.00	3653.58
231.00	3714.43
232.00	3590.38
233.00	3557.61
234.00	3744.86
235.00	3639.53
236.00	3660.60
237.00	3772.94
238.00	3810.39
239.00	3801.03
240.00	3833.80
241.00	3892.31
242.00	3992.95
243.00	3882.95
244.00	4007.00
245.00	4224.67
246.00	3997.64
247.00	4011.68
248.00	4039.76
249.00	4126.36
250.00	4198.92
251.00	4025.72
252.00	4205.94
253.00	4100.62
254.00	4308.93
255.00	4250.41
256.00	4276.16
257.00	4383.82
258.00	4547.66
259.00	4575.75
260.00	4470.42
261.00	4470.42
262.00	4430.63
263.00	4540.64
264.00	4540.64
265.00	4615.54
266.00	4606.17
267.00	4589.79
268.00	4814.48
269.00	4844.91
270.00	4767.67
271.00	4755.97
272.00	4767.67
273.00	4849.59
274.00	4865.97
275.00	4915.12
276.00	4957.25
277.00	4919.81
278.00	4980.66
279.00	4863.63
280.00	4990.02
281.00	5074.28
282.00	4954.91
283.00	4870.65
284.00	4954.91
285.00	4968.96
286.00	4905.76
287.00	5067.26
288.00	4994.70
289.00	5163.22
290.00	5144.50
291.00	4975.98
292.00	5193.65
293.00	5163.22
294.00	5298.97
295.00	5284.93
296.00	5160.88
297.00	5350.46
298.00	5364.51
299.00	5240.46
300.00	5301.31
301.00	5111.73
302.00	4971.30
303.00	5142.16
304.00	5439.40
305.00	5348.12
306.00	5357.49
307.00	5200.67
308.00	5165.56
309.00	5359.83
310.00	5268.55
311.00	5364.51
312.00	5366.85
313.00	5273.23
314.00	5530.69
315.00	5338.76
316.00	5249.82
317.00	5408.98
318.00	5481.53
319.00	5444.09
320.00	5551.75
321.00	5518.98
322.00	5586.86
323.00	5537.71
324.00	5579.84
325.00	5610.26
326.00	5455.79
327.00	5736.65
328.00	5687.50
329.00	5640.69
330.00	5818.57
331.00	5921.56
332.00	5586.86
333.00	5572.82
334.00	5570.48
335.00	5647.71
336.00	5781.12
337.00	5884.11
338.00	5713.25
339.00	5802.19
340.00	5834.96
341.00	5806.87
342.00	5900.49
343.00	6038.58
344.00	5937.94
345.00	6127.52
346.00	6033.90
347.00	5748.36
348.00	6225.82
349.00	6108.80
350.00	6181.35
351.00	6132.20
352.00	6190.72
353.00	6321.79
354.00	6230.51
355.00	6162.63
356.00	6080.71
357.00	6321.79
358.00	6347.53
359.00	6230.51
360.00	6422.43
361.00	6249.23
362.00	6450.52
363.00	6466.90
364.00	6441.15
365.00	6504.35
366.00	6551.16
367.00	6394.34
368.00	6595.63
369.00	6553.50
370.00	6602.65
371.00	6473.92
372.00	6525.41
373.00	6431.79
374.00	6682.23
375.00	6729.04
376.00	6759.47
377.00	6665.85
378.00	6850.75
379.00	6991.18
380.00	6935.01
381.00	6953.73
382.00	6986.50
383.00	7148.00
384.00	7155.02
385.00	7173.74
386.00	7183.10
387.00	7213.53
388.00	7077.78
389.00	7337.58
390.00	7279.07
391.00	7571.63
392.00	7335.24
393.00	7592.70
394.00	7510.78
395.00	7609.08
396.00	7658.23
397.00	7747.17
398.00	7695.68
399.00	7859.52
400.00	7887.61
401.00	7908.67
402.00	7676.96
403.00	7906.33
404.00	7880.58
405.00	8077.19
406.00	7744.83
407.00	8133.36
408.00	7805.69
409.00	7611.42
410.00	7803.35
411.00	8184.85
412.00	7932.08
413.00	8072.51
414.00	8046.76
415.00	7964.84
416.00	8053.78
417.00	8142.72
418.00	8074.85
419.00	8079.53
420.00	8124.00
421.00	8201.24
422.00	8208.26
423.00	8177.83
424.00	7786.96
425.00	7903.99
426.00	8081.87
427.00	7995.27
428.00	8131.02
429.00	8065.49
430.00	8196.56
431.00	8159.11
432.00	8184.85
433.00	8215.28
434.00	8112.30
435.00	8395.50
436.00	8285.50
437.00	8245.71
438.00	8451.67
439.00	8456.36
440.00	8549.98
441.00	8531.25
442.00	8554.66
443.00	8510.19
444.00	8547.64
445.00	8671.68
446.00	8505.51
447.00	8615.51
448.00	8702.11
449.00	8332.31
450.00	8547.64
451.00	8624.87
452.00	8854.25
453.00	8812.12
454.00	8769.99
455.00	8819.14
456.00	8486.78
457.00	8898.72
458.00	8751.26
459.00	8816.80
460.00	8709.13
461.00	8889.35
462.00	8952.55
463.00	9062.55
464.00	8891.70
465.00	9198.31
466.00	9069.58
467.00	8961.91
468.00	9224.05
469.00	9301.29
470.00	9312.99
471.00	9423.00
472.00	9207.67
473.00	9338.74
474.00	9149.15
475.00	9415.98
476.00	9397.25
477.00	9507.26
478.00	9568.11
479.00	9570.45
480.00	9640.67
481.00	9535.34
482.00	9703.86
483.00	9619.60
484.00	9783.44
485.00	9813.87
486.00	9617.26
487.00	9825.57
488.00	9879.40
489.00	9771.74
490.00	9792.80
491.00	9984.73
492.00	9958.98
493.00	9930.89
494.00	10078.35
495.00	10129.84
496.00	9944.94
497.00	10026.86
498.00	9954.30
499.00	10092.39
500.00	10279.63
501.00	10188.35
502.00	10331.12
503.00	10164.95
504.00	10127.50
505.00	10230.48
506.00	10303.04
507.00	10317.08
508.00	10368.57
509.00	10399.00
510.00	10431.77
511.00	10501.98
512.00	10427.09
513.00	10490.28
514.00	10485.60
515.00	10635.39
516.00	10743.06
517.00	10450.49
518.00	10726.68
519.00	10548.79
520.00	10478.58
521.00	10710.29
522.00	10801.57
523.00	10464.54
524.00	10824.98
525.00	10923.28
526.00	10895.19
527.00	10860.09
528.00	10815.62
529.00	10820.30
530.00	11054.35
531.00	11190.10
532.00	10895.19
533.00	10878.81
534.00	10707.95
535.00	11042.65
536.00	11365.64
537.00	10757.10
538.00	11145.63
539.00	11023.92
540.00	11049.67
541.00	11236.91
542.00	11157.33
543.00	11318.83
544.00	11183.08
545.00	11396.07
546.00	11470.97
547.00	11403.09
548.00	11475.65
549.00	11836.09
550.00	11573.95
551.00	11674.59
552.00	11782.26
553.00	11492.03
554.00	11564.59
555.00	11646.51
556.00	12114.61
557.00	11564.59
558.00	12086.53
559.00	12009.29
560.00	11978.86
561.00	11999.93
562.00	12299.52
563.00	11953.12
564.00	11953.12
565.00	12346.33
566.00	12142.70
567.00	12734.85
568.00	12376.75
569.00	12652.94
570.00	12353.35
571.00	12535.91
572.00	12702.09
573.00	12685.70
574.00	12767.62
575.00	12683.36
576.00	12933.80
577.00	13198.28
578.00	13158.49
579.00	13078.91
580.00	12957.21
581.00	13249.77
582.00	13245.09
583.00	13413.61
584.00	13422.97
585.00	13558.72
586.00	13668.73
587.00	13785.76
588.00	13823.20
589.00	13743.63
590.00	14008.11
591.00	14326.42
592.00	14197.69
593.00	13998.74
594.00	14602.60
595.00	14626.01
596.00	14485.58
597.00	14527.71
598.00	14780.48
599.00	14829.63
600.00	14939.64
601.00	15042.62
602.00	15145.61
603.00	15335.19
604.00	15400.72
605.00	15578.61
606.00	15709.68
607.00	15630.10
608.00	15733.08
609.00	15896.92
610.00	15913.30
611.00	15985.86
612.00	15786.91
613.00	16278.43
614.00	16142.67
615.00	16662.27
616.00	16524.18
617.00	17191.23
618.00	16905.69
619.00	17282.52
620.00	16926.75
621.00	17191.23
622.00	17277.83
623.00	17525.93
624.00	17715.51
625.00	17933.18
626.00	17881.69
627.00	17869.99
628.00	17919.14
629.00	18398.95
630.00	18450.44
631.00	18691.52
632.00	18485.55
633.00	18675.13
634.00	19173.67
635.00	19276.65
636.00	19396.02
637.00	19374.95
638.00	19599.65
639.00	19585.60
640.00	19594.96
641.00	19585.60
642.00	20159.03
643.00	20037.33
644.00	20357.98
645.00	20842.47
646.00	20659.91
647.00	20608.42
648.00	20725.44
649.00	21018.01
650.00	21226.32
651.00	21439.31
652.00	21757.62
653.00	21458.03
654.00	21682.72
655.00	21748.26
656.00	22120.40
657.00	22176.58
658.00	22508.93
659.00	22534.68
660.00	22700.86
661.00	22981.72
662.00	23152.58
663.00	22855.33
664.00	22993.42
665.00	23454.51
666.00	23524.72
667.00	23894.53
668.00	23847.72
669.00	23580.90
670.00	23903.89
671.00	24133.26
672.00	24063.05
673.00	24659.88
674.00	24704.35
675.00	24657.54
676.00	24957.13
677.00	24357.96
678.00	25060.12
679.00	25453.33
680.00	25355.02
681.00	25729.51
682.00	25493.12
683.00	25668.66
684.00	26153.15
685.00	26031.44
686.00	26197.62
687.00	26583.80
688.00	26101.65
689.00	26277.19
690.00	26740.62
691.00	26693.81
692.00	26452.73
693.00	27108.08
694.00	27522.36
695.00	27161.92
696.00	27571.51
697.00	27772.80
698.00	27660.45
699.00	27999.83
700.00	27899.19
701.00	27943.66
702.00	28411.76
703.00	28402.40
704.00	28395.38
705.00	28884.55
706.00	28627.09
707.00	28840.08
708.00	29549.26
709.00	29163.08
710.00	28924.34
711.00	29158.39
712.00	29656.93
713.00	29436.92
714.00	29656.93
715.00	29930.77
716.00	29860.55
717.00	29996.31
718.00	30213.98
719.00	30024.39
720.00	30426.96
721.00	30216.32
722.00	30345.05
723.00	30546.33
724.00	30960.61
725.00	31094.02
726.00	30927.84
727.00	30646.97
728.00	31143.17
729.00	30878.69
730.00	31519.99
731.00	31519.99
732.00	31349.14
733.00	31655.75
734.00	31576.17
735.00	31449.78
736.00	31697.88
737.00	31419.35
738.00	31962.36
739.00	32151.94
740.00	31906.18
741.00	32334.50
742.00	32313.44
743.00	32020.87
744.00	32077.04
745.00	32933.68
746.00	32631.75
747.00	32929.00
748.00	33273.06
749.00	32678.56
750.00	33057.73
751.00	33230.93
752.00	32856.44
753.00	33558.60
754.00	33259.01
755.00	33546.90
756.00	33567.96
757.00	34059.48
758.00	33404.13
759.00	33701.37
760.00	33806.70
761.00	34085.22
762.00	34272.46
763.00	34024.37
764.00	34050.11
765.00	34265.44
766.00	34639.93
767.00	34602.48
768.00	34480.77
769.00	34745.25
770.00	34913.77
771.00	35323.36
772.00	34815.47
773.00	35166.55
774.00	35096.33
775.00	34937.18
776.00	35211.02
777.00	35597.21
778.00	35725.94
779.00	35835.94
780.00	35365.49
781.00	35477.84
782.00	35716.58
783.00	35730.62
784.00	35915.52
785.00	36542.78
786.00	36385.97
787.00	36404.69
788.00	36016.16
789.00	36381.29
790.00	36615.34
791.00	36062.97
792.00	36891.52
793.00	36933.65
794.00	36968.76
795.00	37137.28
796.00	36708.96
797.00	36648.11
798.00	36917.27
799.00	37308.14
800.00	37345.59
801.00	37535.17
802.00	37530.49
803.00	37684.97
804.00	37474.32
805.00	37504.74
806.00	37907.32
807.00	38045.41
808.00	38197.54
809.00	37968.17
810.00	38635.22
811.00	38064.13
812.00	38263.08
813.00	38272.44
814.00	38192.86
815.00	38396.49
816.00	38501.81
817.00	38272.44
818.00	38660.97
819.00	39159.50
820.00	38553.30
821.00	38155.41
822.00	38792.04
823.00	38323.93
824.00	39239.08
825.00	38859.91
826.00	39236.74
827.00	39480.16
828.00	39395.90
829.00	39239.08
830.00	39688.46
831.00	39536.33
832.00	39447.39
833.00	39482.50
834.00	39131.42
835.00	39934.22
836.00	39945.92
837.00	40009.12
838.00	40210.40
839.00	40041.88
840.00	39824.22
841.00	40030.18
842.00	40397.65
843.00	40374.24
844.00	40481.91
845.00	40835.33
846.00	40664.47
847.00	40760.43
848.00	40769.79
849.00	41036.61
850.00	41338.54
851.00	40996.82
852.00	41287.05
853.00	40978.10
854.00	40978.10
855.00	40917.25
856.00	41134.92
857.00	41310.46
858.00	41408.76
859.00	41652.17
860.00	41504.72
861.00	41773.88
862.00	41165.34
863.00	41525.78
864.00	41530.47
865.00	41986.87
866.00	41911.97
867.00	42190.50
868.00	42239.65
869.00	42429.23
870.00	42501.79
871.00	41614.72
872.00	41940.06
873.00	41923.68
874.00	42349.65
875.00	42190.50
876.00	42719.46
877.00	42745.20
878.00	42703.07
879.00	42646.90
880.00	42567.32
881.00	42469.02
882.00	42532.22
883.00	42284.12
884.00	42817.76
885.00	42923.08
886.00	42714.78
887.00	43206.29
888.00	42878.61
889.00	42623.50
890.00	43152.46
891.00	43079.90
892.00	43112.67
893.00	43459.07
894.00	43445.02
895.00	42852.87
896.00	43351.40
897.00	43290.55
898.00	43339.70
899.00	43653.33
900.00	43613.54
901.00	43807.81
902.00	44102.71
903.00	43931.86
904.00	43889.73
905.00	43824.19
906.00	43730.57
907.00	43557.37
908.00	44051.22
909.00	44425.71
910.00	44116.76
911.00	44793.17
912.00	44002.07
913.00	44175.27
914.00	44135.48
915.00	44236.12
916.00	44535.71
917.00	44547.42
918.00	44933.60
919.00	45081.06
920.00	44451.45
921.00	44512.31
922.00	44179.95
923.00	44612.95
924.00	44346.13
925.00	44369.54
926.00	44926.58
927.00	45144.25
928.00	45385.33
929.00	45301.07
930.00	45104.46
931.00	44830.62
932.00	45017.86
933.00	44893.82
934.00	44945.31
935.00	45144.25
936.00	45181.70
937.00	45832.37
938.00	45385.33
939.00	45340.86
940.00	45619.38
941.00	45654.49
942.00	45099.78
943.00	45371.28
944.00	45705.98
945.00	45755.13
946.00	45727.05
947.00	45893.22
948.00	45617.04
949.00	46122.60
950.00	45813.65
951.00	45801.94
952.00	45734.07
953.00	46066.42
954.00	45762.15
955.00	46197.49
956.00	46089.83
957.00	46136.64
958.00	46319.20
959.00	45972.80
960.00	46094.51
961.00	45478.95
962.00	46209.20
963.00	46466.66
964.00	46579.00
965.00	46445.59
966.00	46555.60
967.00	47145.41
968.00	47159.45
969.00	46028.98
970.00	46398.78
971.00	46827.10
972.00	47201.58
973.00	46820.08
974.00	47021.36
975.00	46810.71
976.00	47353.72
977.00	47311.59
978.00	46857.52
979.00	46960.51
980.00	47159.45
981.00	47292.86
982.00	47641.60
983.00	48037.16
984.00	47423.93
985.00	47995.03
986.00	47449.68
987.00	46782.63
988.00	47222.65
989.00	47519.90
990.00	47004.98
991.00	47704.80
992.00	47725.86
993.00	47718.84
994.00	47704.80
995.00	48051.20
996.00	48002.05
997.00	47529.26
998.00	47789.06
999.00	48041.84
1000.00	47929.49
1001.00	47929.49
1002.00	47920.13
1003.00	47962.26
1004.00	47629.90
1005.00	47985.66
1006.00	48027.79
1007.00	47587.77
1008.00	47735.23
1009.00	47763.31
1010.00	47941.19
1011.00	48388.24
1012.00	48535.69
1013.00	48222.06
1014.00	47889.70
1015.00	48390.58
1016.00	48039.50
1017.00	47910.77
1018.00	48334.40
1019.00	48507.60
1020.00	48243.12
1021.00	48563.78
1022.00	48802.51
1023.00	48217.38
1024.00	48797.83
1025.00	48186.95
1026.00	48542.71
1027.00	48596.54
1028.00	48402.28
1029.00	48875.07
1030.00	48807.19
1031.00	48671.44
1032.00	48816.55
1033.00	49071.67
1034.00	48409.30
1035.00	48495.90
1036.00	48715.91
1037.00	48863.36
1038.00	48662.08
1039.00	48898.47
1040.00	49240.19
1041.00	48711.23
1042.00	48736.98
1043.00	48643.35
1044.00	48931.24
1045.00	48751.02
1046.00	48821.23
1047.00	48945.28
1048.00	49368.92
1049.00	49151.25
1050.00	49251.89
1051.00	49247.21
1052.00	49336.15
1053.00	49092.74
1054.00	49207.42
1055.00	48907.83
1056.00	49169.97
1057.00	48907.83
1058.00	49233.17
1059.00	49879.16
1060.00	49549.14
1061.00	49654.47
1062.00	49319.77
1063.00	49481.27
1064.00	49333.81
1065.00	49001.46
1066.00	49434.45
1067.00	49507.01
1068.00	49755.11
1069.00	49600.63
1070.00	49687.23
1071.00	49617.02
1072.00	49404.03
1073.00	49558.50
1074.00	50064.06
1075.00	49968.10
1076.00	49649.78
1077.00	49961.08
1078.00	49207.42
1079.00	49727.02
1080.00	49743.41
1081.00	50024.27
1082.00	50017.25
1083.00	49366.58
1084.00	49848.73
1085.00	49474.24
1086.00	50028.95
1087.00	49148.91
1088.00	49907.24
1089.00	49593.61
1090.00	50246.62
1091.00	49727.02
1092.00	49757.45
1093.00	49989.16
1094.00	49490.63
1095.00	49741.06
1096.00	49862.77
1097.00	49956.39
1098.00	49626.38
1099.00	50387.05
1100.00	50237.26
1101.00	50057.04
1102.00	49858.09
1103.00	50103.85
1104.00	49998.52
1105.00	49588.93
1106.00	49743.41
1107.00	49923.63
1108.00	49710.64
1109.00	49914.26
1110.00	50202.15
1111.00	50576.64
1112.00	50347.26
1113.00	50230.24
1114.00	50281.73
1115.00	49752.77
1116.00	49832.35
1117.00	49879.16
1118.00	50068.74
1119.00	49834.69
1120.00	50052.36
1121.00	49827.66
1122.00	50286.41
1123.00	50274.71
1124.00	50094.49
1125.00	49705.96
1126.00	49914.26
1127.00	49827.66
1128.00	50358.97
1129.00	49893.20
1130.00	50319.18
1131.00	50017.25
1132.00	50089.80
1133.00	50183.43
1134.00	50120.23
1135.00	49947.03
1136.00	49752.77
1137.00	49923.63
1138.00	49993.84
1139.00	50007.89
1140.00	49879.16
1141.00	49972.78
1142.00	50560.25
1143.00	50452.59
1144.00	50073.42
1145.00	50298.11
1146.00	50260.66
1147.00	49991.50
1148.00	50255.98
1149.00	49923.63
1150.00	50134.28
1151.00	50138.96
1152.00	50237.26
1153.00	50419.82
1154.00	50316.84
1155.00	50042.99
1156.00	50033.63
1157.00	49860.43
1158.00	50129.59
1159.00	50042.99
1160.00	50436.20
1161.00	49883.84
1162.00	50564.93
1163.00	49925.97
1164.00	50337.90
1165.00	50513.44
1166.00	50398.76
1167.00	49947.03
1168.00	50410.46
1169.00	49663.83
1170.00	50014.91
1171.00	49553.82
1172.00	50220.87
1173.00	50021.93
1174.00	50258.32
1175.00	50150.66
1176.00	49900.22
1177.00	49893.20
1178.00	50068.74
1179.00	49942.35
1180.00	49979.80
1181.00	49832.35
1182.00	50031.29
1183.00	50120.23
1184.00	50337.90
1185.00	50726.43
1186.00	50546.21
1187.00	50153.00
1188.00	50543.87
1189.00	50080.44
1190.00	49595.95
1191.00	49722.34
1192.00	50129.59
1193.00	49965.76
1194.00	50106.19
1195.00	50321.52
1196.00	50389.39
1197.00	50225.56
1198.00	50497.06
1199.00	49872.14
1200.00	50380.03
1201.00	50232.58
1202.00	49925.97
1203.00	49825.32
1204.00	50145.98
1205.00	49703.62
1206.00	49982.14
1207.00	50241.94
1208.00	49956.39
1209.00	50078.10
1210.00	49944.69
1211.00	50515.78
1212.00	49825.32
1213.00	49879.16
1214.00	50323.86
1215.00	49855.75
1216.00	50321.52
1217.00	50234.92
1218.00	50251.30
1219.00	50216.19
1220.00	50337.90
1221.00	49991.50
1222.00	49818.30
1223.00	49944.69
1224.00	49949.37
1225.00	49951.71
1226.00	49572.55
1227.00	49977.46
1228.00	49968.10
1229.00	49808.94
1230.00	50344.92
1231.00	50225.56
1232.00	50330.88
1233.00	50007.89
1234.00	49963.42
1235.00	49315.09
1236.00	50085.12
1237.00	50401.10
1238.00	50232.58
1239.00	50239.60
1240.00	49975.12
1241.00	50410.46
1242.00	50045.33
1243.00	50094.49
1244.00	50197.47
1245.00	50211.51
1246.00	49682.55
1247.00	49935.33
1248.00	49932.99
1249.00	50092.15
1250.00	50129.59
1251.00	50581.32
1252.00	50185.77
1253.00	50773.24
1254.00	50206.83
1255.00	50356.63
1256.00	50284.07
1257.00	49862.77
1258.00	50045.33
1259.00	50061.72
1260.00	49757.45
1261.00	50260.66
1262.00	50686.64
1263.00	50197.47
1264.00	50520.46
1265.00	50784.94
1266.00	50295.77
1267.00	49930.65
1268.00	50380.03
1269.00	50326.20
1270.00	49907.24
1271.00	50061.72
1272.00	50197.47
1273.00	50024.27
1274.00	50045.33
1275.00	50593.02
1276.00	50422.16
1277.00	50387.05
1278.00	50176.40
1279.00	50354.29
1280.00	50234.92
1281.00	50145.98
1282.00	50370.67
1283.00	50113.21
1284.00	50033.63
1285.00	49958.73
1286.00	50377.69
1287.00	50028.95
1288.00	50866.86
1289.00	50719.41
1290.00	50665.58
1291.00	50171.72
1292.00	50223.22
1293.00	50408.12
1294.00	50321.52
1295.00	50003.20
1296.00	50197.47
1297.00	50293.43
1298.00	50700.68
1299.00	50305.13
1300.00	50473.65
1301.00	50789.62
1302.00	50473.65
1303.00	50499.40
1304.00	50028.95
1305.00	49991.50
1306.00	50066.40
1307.00	50012.57
1308.00	50263.00
1309.00	50562.59
1310.00	50232.58
1311.00	50468.97
1312.00	50061.72
1313.00	50384.71
1314.00	50461.95
1315.00	50220.87
1316.00	49771.49
1317.00	50155.34
1318.00	50237.26
1319.00	49820.64
1320.00	50110.87
1321.00	50244.28
1322.00	50099.17
1323.00	50410.46
1324.00	50541.53
1325.00	50499.40
1326.00	50216.19
1327.00	50244.28
1328.00	50293.43
1329.00	49984.48
1330.00	50181.09
1331.00	49780.85
1332.00	50026.61
1333.00	50171.72
1334.00	50333.22
1335.00	50321.52
1336.00	50529.83
1337.00	50183.43
1338.00	50061.72
1339.00	49893.20
1340.00	50248.96
1341.00	49691.91
1342.00	50169.38
1343.00	49605.31
1344.00	50110.87
1345.00	49743.41
1346.00	50050.02
1347.00	49727.02
1348.00	50468.97
1349.00	50110.87
1350.00	50115.55
1351.00	50099.17
1352.00	50373.01
1353.00	49535.10
1354.00	49820.64
1355.00	49631.06
1356.00	49766.81
1357.00	49722.34
1358.00	50031.29
1359.00	50244.28
1360.00	50380.03
1361.00	49951.71
1362.00	49914.26
1363.00	50108.53
1364.00	50129.59
1365.00	49553.82
1366.00	49633.40
1367.00	49497.65
1368.00	49546.80
1369.00	49373.60
1370.00	49631.06
1371.00	49731.70
1372.00	49624.04
1373.00	49858.09
1374.00	50000.86
1375.00	49738.72
1376.00	49450.84
1377.00	49677.87
1378.00	49401.69
1379.00	49315.09
1380.00	49268.28
1381.00	49195.72
1382.00	49443.82
1383.00	49179.34
1384.00	49497.65
1385.00	49439.14
1386.00	49682.55
1387.00	49324.45
1388.00	49050.61
1389.00	49626.38
1390.00	49120.82
1391.00	49088.06
1392.00	49261.26
1393.00	48994.43
1394.00	49043.59
1395.00	48765.06
1396.00	48861.02
1397.00	49457.86
1398.00	49127.84
1399.00	49785.54
1400.00	49375.94
1401.00	49794.90
1402.00	48971.03
1403.00	49261.26
1404.00	48687.82
1405.00	48428.02
1406.00	48605.91
1407.00	48554.41
1408.00	49188.70
1409.00	49226.15
1410.00	48692.50
1411.00	49045.93
1412.00	49066.99
1413.00	48856.34
1414.00	48390.58
1415.00	48636.33
1416.00	49041.24
1417.00	48608.25
1418.00	48250.14
1419.00	48390.58
1420.00	48343.77
1421.00	48381.21
1422.00	48299.30
1423.00	48765.06
1424.00	48608.25
1425.00	48428.02
1426.00	48631.65
1427.00	48428.02
1428.00	48746.34
1429.00	48346.11
1430.00	48210.35
1431.00	47985.66
1432.00	48367.17
1433.00	48123.75
1434.00	47927.15
1435.00	48193.97
1436.00	48371.85
1437.00	48421.00
1438.00	48123.75
1439.00	48535.69
1440.00	47966.94
1441.00	48037.16
1442.00	47842.89
1443.00	48098.01
1444.00	48027.79
1445.00	47260.10
1446.00	47529.26
1447.00	47756.29
1448.00	47899.06
1449.00	47693.10
1450.00	47875.66
1451.00	47697.78
1452.00	47931.83
1453.00	47889.70
1454.00	47580.75
1455.00	47405.21
1456.00	47730.54
1457.00	47466.06
1458.00	47608.84
1459.00	47861.61
1460.00	47421.59
1461.00	47185.20
1462.00	47517.56
1463.00	47089.24
1464.00	47220.31
1465.00	47463.72
1466.00	47421.59
1467.00	47171.16
1468.00	47435.64
1469.00	47503.51
1470.00	47452.02
1471.00	47395.85
1472.00	47047.11
1473.00	47445.00
1474.00	46806.03
1475.00	46850.50
1476.00	46763.90
1477.00	47203.92
1478.00	47409.89
1479.00	47323.29
1480.00	47454.36
1481.00	47196.90
1482.00	47224.99
1483.00	47070.51
1484.00	46689.01
1485.00	46377.72
1486.00	46883.27
1487.00	46389.42
1488.00	46815.40
1489.00	46593.04
1490.00	46518.15
1491.00	46440.91
1492.00	46618.79
1493.00	46330.90
1494.00	46361.33
1495.00	46775.61
1496.00	46326.22
1497.00	46358.99
1498.00	46185.79
1499.00	46506.44
1500.00	45851.09
1501.00	46150.68
1502.00	46099.19
1503.00	46461.97
1504.00	46351.97
1505.00	46267.71
1506.00	46693.69
1507.00	46092.17
1508.00	46096.85
1509.00	46050.04
1510.00	45874.50
1511.00	45694.28
1512.00	45652.15
1513.00	45308.09
1514.00	45633.42
1515.00	45888.54
1516.00	45556.19
1517.00	45118.51
1518.00	45720.02
1519.00	46057.06
1520.00	45621.72
1521.00	46005.57
1522.00	46085.15
1523.00	45373.63
1524.00	45581.93
1525.00	45705.98
1526.00	45303.41
1527.00	45626.40
1528.00	45504.70
1529.00	45481.29
1530.00	45186.38
1531.00	45675.55
1532.00	45364.26
1533.00	45507.04
1534.00	45282.34
1535.00	45233.19
1536.00	44788.49
1537.00	45818.33
1538.00	45099.78
1539.00	44821.26
1540.00	44849.35
1541.00	45038.93
1542.00	45249.58
1543.00	44706.57
1544.00	44856.37
1545.00	45223.83
1546.00	44931.26
1547.00	45102.12
1548.00	44947.65
1549.00	44753.38
1550.00	44584.86
1551.00	44769.77
1552.00	44563.80
1553.00	44729.98
1554.00	44741.68
1555.00	44739.34
1556.00	44161.23
1557.00	44322.72
1558.00	44294.64
1559.00	44561.46
1560.00	44311.02
1561.00	44568.48
1562.00	44488.90
1563.00	44282.94
1564.00	44561.46
1565.00	43737.59
1566.00	44460.82
1567.00	44261.87
1568.00	44109.74
1569.00	44011.43
1570.00	43735.25
1571.00	43859.30
1572.00	44278.25
1573.00	44224.42
1574.00	43838.23
1575.00	43978.67
1576.00	44100.37
1577.00	43856.96
1578.00	44236.12
1579.00	44128.46
1580.00	44058.24
1581.00	43929.51
1582.00	43899.09
1583.00	43473.11
1584.00	43594.82
1585.00	43250.76
1586.00	43416.94
1587.00	43274.16
1588.00	43028.41
1589.00	44006.75
1590.00	43676.74
1591.00	43597.16
1592.00	43428.64
1593.00	43285.87
1594.00	43065.86
1595.00	43243.74
1596.00	43051.81
1597.00	43852.28
1598.00	43126.71
1599.00	43098.62
1600.00	43096.28
1601.00	42841.17
1602.00	43292.89
1603.00	43058.84
1604.00	43337.36
1605.00	43098.62
1606.00	42677.33
1607.00	42897.34
1608.00	42541.58
1609.00	42752.23
1610.00	42089.85
1611.00	42529.87
1612.00	42485.40
1613.00	42263.05
1614.00	42445.62
1615.00	42616.47
1616.00	42941.81
1617.00	42721.80
1618.00	42569.66
1619.00	42717.12
1620.00	42885.64
1621.00	42513.49
1622.00	42979.26
1623.00	42876.27
1624.00	42515.83
1625.00	42471.36
1626.00	42408.17
1627.00	42398.80
1628.00	41942.40
1629.00	42057.09
1630.00	42356.67
1631.00	42092.19
1632.00	41984.53
1633.00	42178.79
1634.00	41916.65
1635.00	41961.12
1636.00	42244.33
1637.00	42333.27
1638.00	42539.24
1639.00	42078.15
1640.00	41673.24
1641.00	41247.26
1642.00	41738.77
1643.00	41680.26
1644.00	42052.41
1645.00	41729.41
1646.00	41638.13
1647.00	42258.37
1648.00	41783.24
1649.00	41916.65
1650.00	41743.45
1651.00	41497.70
1652.00	41422.80
1653.00	42089.85
1654.00	42232.63
1655.00	41876.86
1656.00	41691.96
1657.00	41247.26
1658.00	41493.02
1659.00	41153.64
1660.00	40985.12
1661.00	40580.21
1662.00	40573.19
1663.00	40996.82
1664.00	40959.38
1665.00	41226.20
1666.00	41078.74
1667.00	41167.68
1668.00	41050.66
1669.00	41359.61
1670.00	41488.34
1671.00	40776.81
1672.00	41378.33
1673.00	40961.72
1674.00	40957.03
1675.00	40755.75
1676.00	40671.49
1677.00	41165.34
1678.00	41017.89
1679.00	40694.89
1680.00	40711.28
1681.00	40818.94
1682.00	40980.44
1683.00	40341.47
1684.00	40561.48
1685.00	40573.19
1686.00	40575.53
1687.00	40318.07
1688.00	40402.33
1689.00	40418.71
1690.00	40182.32
1691.00	39852.30
1692.00	40224.45
1693.00	40023.16
1694.00	40137.85
1695.00	40465.52
1696.00	40095.72
1697.00	40301.68
1698.00	40678.51
1699.00	40205.72
1700.00	40177.64
1701.00	39941.24
1702.00	39601.86
1703.00	39871.03
1704.00	39744.64
1705.00	39627.61
1706.00	39700.17
1707.00	39330.36
1708.00	39438.03
1709.00	39735.27
1710.00	39550.37
1711.00	39868.69
1712.00	38995.67
1713.00	39737.62
1714.00	39798.47
1715.00	39966.99
1716.00	39402.92
1717.00	39157.16
1718.00	39019.07
1719.00	39335.04
1720.00	39122.05
1721.00	39435.69
1722.00	39023.75
1723.00	38789.70
1724.00	38822.47
1725.00	38810.76
1726.00	38440.96
1727.00	38862.26
1728.00	38719.48
1729.00	38930.13
1730.00	38761.61
1731.00	38583.73
1732.00	38925.45
1733.00	38150.73
1734.00	38335.63
1735.00	38614.16
1736.00	38312.23
1737.00	37846.46
1738.00	37888.59
1739.00	37963.49
1740.00	38026.68
1741.00	38124.99
1742.00	38291.16
1743.00	37979.87
1744.00	38124.99
1745.00	38000.94
1746.00	37741.14
1747.00	38494.79
1748.00	38052.43
1749.00	37764.54
1750.00	37944.76
1751.00	37422.83
1752.00	37720.07
1753.00	37228.56
1754.00	37457.93
1755.00	37240.26
1756.00	37090.47
1757.00	36835.35
1758.00	36978.12
1759.00	36957.06
1760.00	37331.54
1761.00	37202.82
1762.00	37113.87
1763.00	36903.23
1764.00	37024.93
1765.00	36444.48
1766.00	37078.77
1767.00	36982.80
1768.00	36243.20
1769.00	36275.96
1770.00	36364.90
1771.00	36538.10
1772.00	36503.00
1773.00	36453.84
1774.00	36381.29
1775.00	36290.01
1776.00	36514.70
1777.00	36105.10
1778.00	36404.69
1779.00	36353.20
1780.00	35922.54
1781.00	36077.02
1782.00	35948.29
1783.00	35639.34
1784.00	35438.05
1785.00	35274.21
1786.00	35269.53
1787.00	35419.33
1788.00	35182.93
1789.00	35335.07
1790.00	35330.39
1791.00	35442.73
1792.00	35054.20
1793.00	35239.11
1794.00	35632.32
1795.00	35339.75
1796.00	35220.38
1797.00	35316.34
1798.00	35395.92
1799.00	34906.75
1800.00	34864.62
1801.00	34525.24
1802.00	34536.94
1803.00	34876.32
1804.00	34216.29
1805.00	34321.62
1806.00	34141.39
1807.00	34326.30
1808.00	34178.84
1809.00	34103.95
1810.00	34373.11
1811.00	34536.94
1812.00	34157.78
1813.00	33645.20
1814.00	34235.02
1815.00	33619.46
1816.00	33710.74
1817.00	33738.82
1818.00	33584.35
1819.00	33523.49
1820.00	33415.83
1821.00	33401.79
1822.00	33153.69
1823.00	32694.94
1824.00	33153.69
1825.00	33146.67
1826.00	33008.58
1827.00	33268.37
1828.00	32858.78
1829.00	32987.51
1830.00	32723.03
1831.00	31878.10
1832.00	33158.37
1833.00	32505.36
1834.00	32648.13
1835.00	32397.70
1836.00	32493.66
1837.00	31658.09
1838.00	31868.73
1839.00	31480.21
1840.00	32046.62
1841.00	31304.67
1842.00	31732.98
1843.00	31847.67
1844.00	31594.89
1845.00	31817.24
1846.00	31646.38
1847.00	31225.09
1848.00	31414.67
1849.00	30904.43
1850.00	30733.57
1851.00	30972.31
1852.00	31094.02
1853.00	31007.42
1854.00	30761.66
1855.00	30309.94
1856.00	30054.82
1857.00	30319.30
1858.00	30033.75
1859.00	29858.21
1860.00	29991.62
1861.00	29743.53
1862.00	30326.32
1863.00	30132.06
1864.00	29879.28
1865.00	29965.88
1866.00	29656.93
1867.00	29851.19
1868.00	30239.72
1869.00	29312.87
1870.00	29411.17
1871.00	29226.27
1872.00	29385.43
1873.00	29111.58
1874.00	29198.18
1875.00	29022.64
1876.00	28521.77
1877.00	28779.23
1878.00	28627.09
1879.00	28709.01
1880.00	28116.86
1881.00	28158.99
1882.00	28631.77
1883.00	28568.58
1884.00	28114.52
1885.00	28570.92
1886.00	28091.11
1887.00	27861.74
1888.00	27828.97
1889.00	27700.24
1890.00	27381.93
1891.00	27400.65
1892.00	27285.97
1893.00	26939.57
1894.00	27204.05
1895.00	26939.57
1896.00	26927.86
1897.00	27108.08
1898.00	26836.58
1899.00	27110.43
1900.00	26857.65
1901.00	26583.80
1902.00	26768.71
1903.00	26642.32
1904.00	26677.43
1905.00	25900.37
1906.00	26101.65
1907.00	25886.32
1908.00	25458.01
1909.00	25731.85
1910.00	25954.20
1911.00	25783.34
1912.00	25731.85
1913.00	25535.24
1914.00	25495.46
1915.00	25696.74
1916.00	25656.95
1917.00	25376.09
1918.00	25067.14
1919.00	25345.66
1920.00	25481.41
1921.00	25259.06
1922.00	24889.26
1923.00	24961.81
1924.00	24898.62
1925.00	24212.84
1926.00	24393.06
1927.00	24678.61
1928.00	23754.10
1929.00	23800.91
1930.00	23948.36
1931.00	24056.03
1932.00	24093.47
1933.00	23967.09
1934.00	24140.29
1935.00	23819.63
1936.00	24278.38
1937.00	23744.73
1938.00	23763.46
1939.00	23985.81
1940.00	23941.34
1941.00	23632.39
1942.00	23372.59
1943.00	23417.06
1944.00	23243.86
1945.00	22927.89
1946.00	22661.07
1947.00	22429.35
1948.00	22403.61
1949.00	22600.21
1950.00	22511.27
1951.00	22424.67
1952.00	22380.20
1953.00	22548.72
1954.00	22628.30
1955.00	22370.84
1956.00	22218.71
1957.00	21865.28
1958.00	21848.90
1959.00	21813.79
1960.00	21977.63
1961.00	21579.74
1962.00	21692.08
1963.00	21518.89
1964.00	21317.60
1965.00	21172.49
1966.00	20992.26
1967.00	20996.95
1968.00	20886.94
1969.00	21071.84
1970.00	20718.42
1971.00	20875.24
1972.00	20978.22
1973.00	20896.30
1974.00	20676.29
1975.00	20741.83
1976.00	20587.35
1977.00	20475.01
1978.00	20517.14
1979.00	20519.48
1980.00	20318.19
1981.00	19936.68
1982.00	19871.15
1983.00	19775.19
1984.00	19864.13
1985.00	19470.92
1986.00	19875.83
1987.00	19391.34
1988.00	19417.08
1989.00	19410.06
1990.00	19527.09
1991.00	19391.34
1992.00	19176.01
1993.00	19227.50
1994.00	19232.18
1995.00	19360.91
1996.00	19225.16
1997.00	18843.65
1998.00	19014.51
1999.00	18752.37
2000.00	18490.23
2001.00	18640.03
2002.00	18635.35
2003.00	18499.59
2004.00	18363.84
2005.00	18160.22
2006.00	18066.60
2007.00	17937.87
2008.00	18057.23
2009.00	17977.65
2010.00	17827.86
2011.00	17989.36
2012.00	17802.11
2013.00	17699.13
2014.00	17774.03
2015.00	17722.54
2016.00	17692.11
2017.00	17383.16
2018.00	17502.53
2019.00	17404.22
2020.00	17308.26
2021.00	17057.82
2022.00	16863.56
2023.00	16688.02
2024.00	16788.66
2025.00	16765.26
2026.00	16809.73
2027.00	16645.89
2028.00	16531.20
2029.00	16559.29
2030.00	16381.41
2031.00	16606.10
2032.00	16563.97
2033.00	16568.65
2034.00	16294.81
2035.00	16114.59
2036.00	15913.30
2037.00	16091.18
2038.00	16081.82
2039.00	16020.97
2040.00	16056.08
2041.00	15637.12
2042.00	15672.23
2043.00	15737.76
2044.00	15679.25
2045.00	15442.85
2046.00	15276.68
2047.00	15316.47
