0.00	1100.05
1.00	1100.05
2.00	1100.05
3.00	1046.22
4.00	978.34
5.00	985.37
6.00	957.28
7.00	933.87
8.00	898.77
9.00	1027.50
10.00	1008.77
11.00	987.71
12.00	992.39
13.00	1025.15
14.00	1015.79
15.00	1013.45
16.00	1034.52
17.00	1004.09
18.00	976.00
19.00	990.05
20.00	994.73
21.00	961.96
22.00	1043.88
23.00	1062.60
24.00	1181.97
25.00	1519.01
26.00	1453.47
27.00	1483.90
28.00	1514.33
29.00	1371.55
30.00	1495.60
31.00	1472.20
32.00	1636.03
33.00	1516.67
34.00	1579.86
35.00	1621.99
36.00	1514.33
37.00	1521.35
38.00	1570.50
39.00	1640.72
40.00	1589.22
41.00	1561.14
42.00	1650.08
43.00	1645.40
44.00	1614.97
45.00	1666.46
46.00	1643.06
47.00	1586.88
48.00	1703.91
49.00	1722.63
50.00	1633.69
51.00	1823.28
52.00	1689.87
53.00	1741.36
54.00	1720.29
55.00	1671.14
56.00	1748.38
57.00	1696.89
58.00	1685.19
59.00	1797.53
60.00	1692.21
61.00	1760.08
62.00	1689.87
63.00	1720.29
64.00	1785.83
65.00	1743.70
66.00	1865.41
67.00	1776.47
68.00	1680.50
69.00	1799.87
70.00	1739.02
71.00	1764.76
72.00	1870.09
73.00	1802.21
74.00	1795.19
75.00	1809.23
76.00	1853.70
77.00	1856.04
78.00	1823.28
79.00	1806.89
80.00	1930.94
81.00	1823.28
82.00	1888.81
83.00	1865.41
84.00	1825.62
85.00	1870.09
86.00	1912.22
87.00	1895.83
88.00	1853.70
89.00	1895.83
90.00	1905.20
91.00	1935.62
92.00	1954.35
93.00	1968.39
94.00	1937.96
95.00	1942.64
96.00	1975.41
97.00	1900.52
98.00	2029.24
99.00	1916.90
100.00	2033.93
101.00	2003.50
102.00	1914.56
103.00	1895.83
104.00	1987.11
105.00	1973.07
106.00	2036.27
107.00	1996.48
108.00	1947.33
109.00	1963.71
110.00	2080.74
111.00	2029.24
112.00	2104.14
113.00	2132.23
114.00	2092.44
115.00	2094.78
116.00	2036.27
117.00	2024.56
118.00	2193.08
119.00	2097.12
120.00	2143.93
121.00	2200.10
122.00	2230.53
123.00	2244.57
124.00	2204.78
125.00	2200.10
126.00	2153.29
127.00	2197.76
128.00	2176.70
129.00	2167.34
130.00	2242.23
131.00	2209.47
132.00	2291.38
133.00	2279.68
134.00	2195.42
135.00	2172.02
136.00	2265.64
137.00	2235.21
138.00	2282.02
139.00	2263.30
140.00	2314.79
141.00	2361.60
142.00	2354.58
143.00	2356.92
144.00	2340.54
145.00	2382.67
146.00	2480.97
147.00	2363.94
148.00	2401.39
149.00	2431.82
150.00	2380.32
151.00	2443.52
152.00	2464.58
153.00	2495.01
154.00	2553.52
155.00	2462.24
156.00	2408.41
157.00	2523.10
158.00	2525.44
159.00	2616.72
160.00	2499.69
161.00	2523.10
162.00	2609.70
163.00	2560.55
164.00	2621.40
165.00	2644.81
166.00	2630.76
167.00	2619.06
168.00	2623.74
169.00	2698.64
170.00	2588.63
171.00	2677.57
172.00	2703.32
173.00	2712.68
174.00	2731.41
175.00	2698.64
176.00	2698.64
177.00	2806.30
178.00	2815.66
179.00	2813.32
180.00	2857.79
181.00	2857.79
182.00	2930.35
183.00	2836.73
184.00	2796.94
185.00	2874.18
186.00	2813.32
187.00	2761.83
188.00	2874.18
189.00	2963.12
190.00	2928.01
191.00	2979.50
192.00	2970.14
193.00	2972.48
194.00	3035.67
195.00	2979.50
196.00	3166.74
197.00	3049.72
198.00	3136.32
199.00	2965.46
200.00	3047.38
201.00	3084.83
202.00	3042.70
203.00	3192.49
204.00	3159.72
205.00	3159.72
206.00	3199.51
207.00	3211.22
208.00	3339.94
209.00	3159.72
210.00	3304.84
211.00	3365.69
212.00	3267.39
213.00	3267.39
214.00	3311.86
215.00	3368.03
216.00	3288.45
217.00	3372.71
218.00	3391.44
219.00	3424.20
220.00	3421.86
221.00	3468.67
222.00	3463.99
223.00	3566.98
224.00	3618.47
225.00	3452.29
226.00	3531.87
227.00	3541.23
228.00	3538.89
229.00	3754.22
230.00	3562.30
231.00	3646.55
232.00	3644.21
233.00	3794.01
234.00	3777.62
235.00	3810.39
236.00	3936.78
237.00	3936.78
238.00	3805.71
239.00	3803.37
240.00	3929.76
241.00	3913.38
242.00	4063.17
243.00	3981.25
244.00	3889.97
245.00	4175.52
246.00	3894.65
247.00	4023.38
248.00	4198.92
249.00	4084.23
250.00	4198.92
251.00	4163.81
252.00	4210.62
253.00	4245.73
254.00	4189.56
255.00	4421.27
256.00	4348.72
257.00	4360.42
258.00	4400.21
259.00	4444.68
260.00	4493.83
261.00	4507.87
262.00	4629.58
263.00	4634.26
264.00	4493.83
265.00	4564.04
266.00	4629.58
267.00	4655.33
268.00	4704.48
269.00	4793.42
270.00	4844.91
271.00	4868.31
272.00	4910.44
273.00	5071.94
274.00	4919.81
275.00	4861.29
276.00	5071.94
277.00	5057.90
278.00	4952.57
279.00	4933.85
280.00	5158.54
281.00	5078.96
282.00	5109.39
283.00	5100.03
284.00	5088.32
285.00	5081.30
286.00	5228.76
287.00	5130.45
288.00	5118.75
289.00	5203.01
290.00	5158.54
291.00	5046.20
292.00	5184.29
293.00	5235.78
294.00	5158.54
295.00	5416.00
296.00	5224.08
297.00	5301.31
298.00	5352.81
299.00	5238.12
300.00	5387.91
301.00	5149.18
302.00	4983.00
303.00	5060.24
304.00	5437.06
305.00	5472.17
306.00	5416.00
307.00	5305.99
308.00	5296.63
309.00	5228.76
310.00	5200.67
311.00	5345.78
312.00	5514.30
313.00	5210.03
314.00	5416.00
315.00	5446.43
316.00	5270.89
317.00	5359.83
318.00	5469.83
319.00	5392.59
320.00	5659.42
321.00	5724.95
322.00	5516.64
323.00	5603.24
324.00	5743.67
325.00	5729.63
326.00	5603.24
327.00	5902.83
328.00	5715.59
329.00	5432.38
330.00	5900.49
331.00	5844.32
332.00	5540.05
333.00	5687.50
334.00	5750.70
335.00	5914.53
336.00	5820.91
337.00	5767.08
338.00	5942.62
339.00	5895.81
340.00	6031.56
341.00	5973.05
342.00	6090.07
343.00	6038.58
344.00	5989.43
345.00	6099.44
346.00	6111.14
347.00	5933.26
348.00	6146.25
349.00	6038.58
350.00	6073.69
351.00	6101.78
352.00	6260.93
353.00	6127.52
354.00	6408.39
355.00	6223.48
356.00	6277.32
357.00	6408.39
358.00	6413.07
359.00	6392.00
360.00	6487.96
361.00	6256.25
362.00	6609.67
363.00	6509.03
364.00	6616.69
365.00	6438.81
366.00	6520.73
367.00	6651.80
368.00	6717.34
369.00	6707.98
370.00	6473.92
371.00	6750.10
372.00	6436.47
373.00	6806.28
374.00	6689.25
375.00	6778.19
376.00	6705.63
377.00	6848.41
378.00	6731.38
379.00	7009.90
380.00	7110.55
381.00	6883.52
382.00	6963.09
383.00	7169.06
384.00	7239.28
385.00	7133.95
386.00	7194.81
387.00	7164.38
388.00	7290.77
389.00	7314.17
390.00	7349.28
391.00	7412.48
392.00	7321.20
393.00	7478.01
394.00	7733.13
395.00	7651.21
396.00	7719.09
397.00	7779.94
398.00	7779.94
399.00	7960.16
400.00	7829.09
401.00	7751.85
402.00	7716.75
403.00	7817.39
404.00	7903.99
405.00	8006.97
406.00	7901.65
407.00	8215.28
408.00	7737.81
409.00	7564.61
410.00	7913.35
411.00	8116.98
412.00	8044.42
413.00	7815.05
414.00	8156.77
415.00	8044.42
416.00	8011.65
417.00	8098.25
418.00	8081.87
419.00	8273.79
420.00	7969.52
421.00	8152.09
422.00	8255.07
423.00	8177.83
424.00	7960.16
425.00	8140.38
426.00	8056.12
427.00	8208.26
428.00	8088.89
429.00	8049.10
430.00	8287.84
431.00	8175.49
432.00	8351.03
433.00	8053.78
434.00	8313.58
435.00	8318.26
436.00	8245.71
437.00	8301.88
438.00	8458.70
439.00	8505.51
440.00	8585.08
441.00	8599.13
442.00	8482.10
443.00	8526.57
444.00	8578.06
445.00	8720.84
446.00	8683.39
447.00	8833.18
448.00	8695.09
449.00	8643.60
450.00	8667.00
451.00	8634.24
452.00	8919.78
453.00	9034.47
454.00	8610.83
455.00	8863.61
456.00	8863.61
457.00	8997.02
458.00	8978.30
459.00	8793.39
460.00	8777.01
461.00	9158.52
462.00	8802.75
463.00	9064.89
464.00	8781.69
465.00	9107.02
466.00	8938.51
467.00	8992.34
468.00	9158.52
469.00	9135.11
470.00	9343.42
471.00	9348.10
472.00	9195.96
473.00	9191.28
474.00	9245.12
475.00	9437.04
476.00	9385.55
477.00	9647.69
478.00	9638.33
479.00	9666.41
480.00	9589.17
481.00	9589.17
482.00	9760.03
483.00	9764.72
484.00	9668.75
485.00	9898.13
486.00	9762.37
487.00	9795.14
488.00	10068.98
489.00	9980.04
490.00	9811.53
491.00	9966.00
492.00	10078.35
493.00	9891.10
494.00	10132.18
495.00	10015.15
496.00	9987.07
497.00	10057.28
498.00	10111.11
499.00	10066.64
500.00	10443.47
501.00	10052.60
502.00	10127.50
503.00	10141.54
504.00	10169.63
505.00	10532.41
506.00	10415.38
507.00	10434.11
508.00	10663.48
509.00	10436.45
510.00	10422.41
511.00	10754.76
512.00	10513.69
513.00	10700.93
514.00	10523.05
515.00	10555.82
516.00	10649.44
517.00	10466.88
518.00	10647.10
519.00	10677.52
520.00	10588.58
521.00	10897.53
522.00	10878.81
523.00	10539.43
524.00	10878.81
525.00	10869.45
526.00	10967.75
527.00	10972.43
528.00	11047.33
529.00	10890.51
530.00	10726.68
531.00	11002.86
532.00	10956.05
533.00	10895.19
534.00	11000.52
535.00	11115.20
536.00	11201.80
537.00	10927.96
538.00	10981.79
539.00	11087.12
540.00	10906.90
541.00	11030.94
542.00	11356.28
543.00	11517.78
544.00	11288.40
545.00	11323.51
546.00	11477.99
547.00	11199.46
548.00	11597.35
549.00	11674.59
550.00	11611.40
551.00	11885.24
552.00	11695.66
553.00	11850.13
554.00	11653.53
555.00	11592.67
556.00	11831.41
557.00	11845.45
558.00	12037.38
559.00	11922.69
560.00	12044.40
561.00	12147.38
562.00	12409.52
563.00	12086.53
564.00	12180.15
565.00	12112.27
566.00	12379.09
567.00	12861.24
568.00	12351.01
569.00	12692.73
570.00	12407.18
571.00	12351.01
572.00	12620.17
573.00	12692.73
574.00	12816.77
575.00	12685.70
576.00	12882.31
577.00	13062.53
578.00	13186.58
579.00	13282.54
580.00	13111.68
581.00	13205.30
582.00	13158.49
583.00	13231.05
584.00	13446.38
585.00	13710.86
586.00	13731.92
587.00	13724.90
588.00	13837.25
589.00	13994.06
590.00	13832.57
591.00	13862.99
592.00	14125.13
593.00	14167.26
594.00	14478.55
595.00	14459.83
596.00	14822.61
597.00	14738.35
598.00	14773.46
599.00	15115.18
600.00	14932.62
601.00	15447.54
602.00	15183.06
603.00	15550.52
604.00	15377.32
605.00	15353.91
606.00	15983.52
607.00	15571.58
608.00	15616.05
609.00	15978.84
610.00	15796.28
611.00	16093.52
612.00	16152.04
613.00	16240.98
614.00	16126.29
615.00	16538.23
616.00	16716.11
617.00	16767.60
618.00	16650.57
619.00	17116.34
620.00	17128.04
621.00	17132.72
622.00	17441.67
623.00	17642.96
624.00	17846.58
625.00	17575.08
626.00	17703.81
627.00	18078.30
628.00	17797.43
629.00	18167.24
630.00	18422.36
631.00	18750.03
632.00	18717.26
633.00	18827.27
634.00	19161.97
635.00	19414.74
636.00	19297.72
637.00	19606.67
638.00	19772.85
639.00	19503.68
640.00	19435.81
641.00	19499.00
642.00	19908.60
643.00	20130.95
644.00	20285.42
645.00	20608.42
646.00	20430.54
647.00	20699.70
648.00	20748.85
649.00	20842.47
650.00	21242.70
651.00	21451.01
652.00	21844.22
653.00	21474.42
654.00	21701.45
655.00	21841.88
656.00	21991.67
657.00	22132.11
658.00	22366.16
659.00	22293.60
660.00	22520.63
661.00	23075.34
662.00	23274.29
663.00	23288.33
664.00	23295.35
665.00	23419.40
666.00	23527.06
667.00	24159.01
668.00	23960.06
669.00	23707.29
670.00	23796.23
671.00	24184.76
672.00	24318.17
673.00	24645.84
674.00	24489.03
675.00	24395.40
676.00	24706.70
677.00	24821.38
678.00	25397.15
679.00	25083.52
680.00	25537.59
681.00	25558.65
682.00	25734.19
683.00	25350.34
684.00	26209.32
685.00	26075.91
686.00	26370.82
687.00	25993.99
688.00	26363.79
689.00	26434.01
690.00	26637.64
691.00	26555.72
692.00	26883.39
693.00	27072.98
694.00	27248.52
695.00	27288.31
696.00	27723.65
697.00	27555.13
698.00	27594.92
699.00	28058.34
700.00	27730.67
701.00	28189.41
702.00	28521.77
703.00	28348.57
704.00	28039.62
705.00	28730.08
706.00	28423.47
707.00	29015.62
708.00	29235.63
709.00	29032.00
710.00	29523.52
711.00	29303.51
712.00	29448.62
713.00	29617.14
714.00	29406.49
715.00	29834.81
716.00	30265.47
717.00	30129.72
718.00	30066.52
719.00	30253.76
720.00	30267.81
721.00	30525.27
722.00	30153.12
723.00	30684.42
724.00	30984.01
725.00	30698.47
726.00	31028.48
727.00	30677.40
728.00	31058.91
729.00	30927.84
730.00	31337.43
731.00	31466.16
732.00	31438.08
733.00	31859.37
734.00	31796.18
735.00	31295.30
736.00	31267.22
737.00	31512.97
738.00	32315.78
739.00	32133.21
740.00	32135.56
741.00	32290.03
742.00	32465.57
743.00	32039.59
744.00	32488.98
745.00	32687.92
746.00	32467.91
747.00	32905.59
748.00	32879.85
749.00	33163.05
750.00	33174.75
751.00	32830.69
752.00	32800.27
753.00	33614.77
754.00	33467.32
755.00	33256.67
756.00	33235.61
757.00	33748.18
758.00	33769.25
759.00	33481.36
760.00	33738.82
761.00	33649.88
762.00	34068.84
763.00	34038.41
764.00	33937.77
765.00	34485.45
766.00	34403.53
767.00	34707.80
768.00	34780.36
769.00	34642.27
770.00	34871.64
771.00	35040.16
772.00	35246.13
773.00	35262.51
774.00	35508.27
775.00	34686.74
776.00	34754.61
777.00	35477.84
778.00	35646.36
779.00	35365.49
780.00	35723.60
781.00	35538.69
782.00	35358.47
783.00	35887.43
784.00	35852.33
785.00	36444.48
786.00	36498.31
787.00	36503.00
788.00	36299.37
789.00	36549.81
790.00	36566.19
791.00	36381.29
792.00	36591.94
793.00	36921.95
794.00	36856.42
795.00	36790.88
796.00	36676.19
797.00	36814.29
798.00	36769.82
799.00	37156.00
800.00	37619.43
801.00	37614.75
802.00	37303.46
803.00	37661.56
804.00	37195.79
805.00	37411.12
806.00	38045.41
807.00	37684.97
808.00	37787.95
809.00	38064.13
810.00	38246.69
811.00	38059.45
812.00	38227.97
813.00	38174.14
814.00	38277.12
815.00	38609.48
816.00	38440.96
817.00	39154.82
818.00	39482.50
819.00	38958.22
820.00	38635.22
821.00	38555.64
822.00	38565.01
823.00	38473.73
824.00	38766.29
825.00	39182.91
826.00	39178.23
827.00	39072.90
828.00	39096.31
829.00	38904.38
830.00	38988.64
831.00	39615.91
832.00	39068.22
833.00	39569.10
834.00	39267.17
835.00	39929.54
836.00	39976.35
837.00	39962.31
838.00	39859.32
839.00	39728.25
840.00	40041.88
841.00	40116.78
842.00	40154.23
843.00	40371.90
844.00	40722.98
845.00	40498.29
846.00	40725.32
847.00	40369.56
848.00	40350.84
849.00	40739.36
850.00	41151.30
851.00	40910.22
852.00	41277.69
853.00	40575.53
854.00	41223.86
855.00	40540.42
856.00	41106.83
857.00	40889.16
858.00	41380.67
859.00	41776.22
860.00	41415.78
861.00	41771.54
862.00	41469.61
863.00	41734.09
864.00	41415.78
865.00	41879.21
866.00	42050.06
867.00	41984.53
868.00	41958.78
869.00	42054.75
870.00	42560.30
871.00	41752.82
872.00	42075.81
873.00	41949.42
874.00	42286.46
875.00	42342.63
876.00	42539.24
877.00	42799.04
878.00	42614.13
879.00	42492.43
880.00	42557.96
881.00	42286.46
882.00	42932.45
883.00	42841.17
884.00	42953.51
885.00	42593.07
886.00	42944.15
887.00	42712.44
888.00	42745.20
889.00	42752.23
890.00	43203.95
891.00	42930.11
892.00	43005.00
893.00	42939.47
894.00	43189.91
895.00	43292.89
896.00	43805.47
897.00	43449.70
898.00	43363.11
899.00	43325.66
900.00	43585.46
901.00	43770.36
902.00	44245.49
903.00	43714.19
904.00	43629.93
905.00	44079.31
906.00	44002.07
907.00	43737.59
908.00	43948.24
909.00	43896.75
910.00	44296.98
911.00	44683.17
912.00	44158.89
913.00	43739.93
914.00	44053.56
915.00	43882.70
916.00	44734.66
917.00	44280.60
918.00	44502.95
919.00	44739.34
920.00	44788.49
921.00	44535.71
922.00	44690.19
923.00	45153.62
924.00	44549.76
925.00	44409.32
926.00	44421.03
927.00	44828.28
928.00	44868.07
929.00	45315.11
930.00	45352.56
931.00	44842.32
932.00	44985.10
933.00	45230.85
934.00	45069.36
935.00	44945.31
936.00	44954.67
937.00	45345.54
938.00	45148.93
939.00	44971.05
940.00	45476.61
941.00	46003.23
942.00	44779.13
943.00	45539.80
944.00	45453.20
945.00	45476.61
946.00	45734.07
947.00	45631.08
948.00	45834.71
949.00	46134.30
950.00	45799.60
951.00	45897.91
952.00	46010.25
953.00	45748.11
954.00	45818.33
955.00	45750.45
956.00	45808.96
957.00	46167.07
958.00	46052.38
959.00	46391.76
960.00	46089.83
961.00	45521.08
962.00	45851.09
963.00	46351.97
964.00	46579.00
965.00	46719.43
966.00	46562.62
967.00	46845.82
968.00	46983.91
969.00	46354.31
970.00	46939.44
971.00	46632.83
972.00	47100.94
973.00	46799.01
974.00	46990.94
975.00	46777.95
976.00	46979.23
977.00	46698.37
978.00	46827.10
979.00	46880.93
980.00	47157.11
981.00	47023.70
982.00	47753.95
983.00	47868.64
984.00	47456.70
985.00	47737.57
986.00	47477.77
987.00	47428.62
988.00	46960.51
989.00	47840.55
990.00	47075.19
991.00	47721.18
992.00	47374.78
993.00	47393.51
994.00	48023.11
995.00	47997.37
996.00	47576.07
997.00	47533.94
998.00	48079.28
999.00	47398.19
1000.00	47906.08
1001.00	48062.90
1002.00	48006.73
1003.00	47927.15
1004.00	47721.18
1005.00	47943.53
1006.00	47648.63
1007.00	47913.11
1008.00	47777.36
1009.00	47962.26
1010.00	47945.87
1011.00	48278.23
1012.00	48423.34
1013.00	48655.06
1014.00	48217.38
1015.00	47803.10
1016.00	47917.79
1017.00	48219.72
1018.00	48086.31
1019.00	48308.66
1020.00	48322.70
1021.00	48067.58
1022.00	48526.33
1023.00	47999.71
1024.00	48699.53
1025.00	47976.30
1026.00	48416.32
1027.00	48402.28
1028.00	48690.16
1029.00	48669.10
1030.00	48666.76
1031.00	48807.19
1032.00	49418.07
1033.00	48947.62
1034.00	48378.87
1035.00	48940.60
1036.00	48556.75
1037.00	49364.24
1038.00	49013.16
1039.00	49095.08
1040.00	48664.42
1041.00	49104.44
1042.00	48865.70
1043.00	49003.80
1044.00	48914.86
1045.00	49296.36
1046.00	49188.70
1047.00	49083.37
1048.00	49127.84
1049.00	49460.20
1050.00	49059.97
1051.00	49008.48
1052.00	49326.79
1053.00	49109.12
1054.00	49378.28
1055.00	48994.43
1056.00	49148.91
1057.00	49310.41
1058.00	49457.86
1059.00	49198.06
1060.00	49581.91
1061.00	49530.42
1062.00	49502.33
1063.00	49289.34
1064.00	49195.72
1065.00	49078.69
1066.00	49048.27
1067.00	49195.72
1068.00	49696.59
1069.00	49743.41
1070.00	49682.55
1071.00	49846.39
1072.00	49661.49
1073.00	49778.51
1074.00	49839.37
1075.00	49762.13
1076.00	49249.55
1077.00	49689.57
1078.00	49361.90
1079.00	49954.05
1080.00	49673.19
1081.00	49785.54
1082.00	49815.96
1083.00	49483.61
1084.00	49645.10
1085.00	49757.45
1086.00	49514.03
1087.00	49202.74
1088.00	49771.49
1089.00	49645.10
1090.00	50089.80
1091.00	49764.47
1092.00	49652.12
1093.00	49862.77
1094.00	49673.19
1095.00	49928.31
1096.00	49265.94
1097.00	49481.27
1098.00	49556.16
1099.00	50150.66
1100.00	50349.60
1101.00	50012.57
1102.00	49968.10
1103.00	50248.96
1104.00	49956.39
1105.00	49951.71
1106.00	49490.63
1107.00	49993.84
1108.00	49661.49
1109.00	49954.05
1110.00	50265.34
1111.00	50878.57
1112.00	50071.08
1113.00	50410.46
1114.00	50473.65
1115.00	49860.43
1116.00	50005.55
1117.00	49743.41
1118.00	50078.10
1119.00	49670.85
1120.00	50223.22
1121.00	49993.84
1122.00	50555.57
1123.00	50295.77
1124.00	49921.29
1125.00	49991.50
1126.00	49811.28
1127.00	50028.95
1128.00	50192.79
1129.00	50073.42
1130.00	50003.20
1131.00	50101.51
1132.00	49930.65
1133.00	49954.05
1134.00	49659.15
1135.00	49968.10
1136.00	49504.67
1137.00	49965.76
1138.00	49621.70
1139.00	50255.98
1140.00	49907.24
1141.00	50466.63
1142.00	50534.51
1143.00	50202.15
1144.00	50494.72
1145.00	49837.03
1146.00	49923.63
1147.00	50197.47
1148.00	49502.33
1149.00	50078.10
1150.00	50284.07
1151.00	50195.13
1152.00	50227.90
1153.00	50609.40
1154.00	50003.20
1155.00	50092.15
1156.00	50204.49
1157.00	49766.81
1158.00	49818.30
1159.00	50101.51
1160.00	49979.80
1161.00	50124.91
1162.00	50340.24
1163.00	50314.50
1164.00	49986.82
1165.00	50553.23
1166.00	50052.36
1167.00	49982.14
1168.00	50017.25
1169.00	50153.00
1170.00	49710.64
1171.00	49832.35
1172.00	50354.29
1173.00	50045.33
1174.00	50305.13
1175.00	50340.24
1176.00	50050.02
1177.00	50089.80
1178.00	49701.28
1179.00	49954.05
1180.00	49930.65
1181.00	49907.24
1182.00	49806.60
1183.00	50033.63
1184.00	50342.58
1185.00	50342.58
1186.00	50485.36
1187.00	49907.24
1188.00	50389.39
1189.00	50660.90
1190.00	49736.38
1191.00	49797.24
1192.00	50087.46
1193.00	49425.09
1194.00	50092.15
1195.00	49998.52
1196.00	50380.03
1197.00	50349.60
1198.00	50120.23
1199.00	50206.83
1200.00	50010.23
1201.00	49607.65
1202.00	50092.15
1203.00	49502.33
1204.00	49867.45
1205.00	50181.09
1206.00	50087.46
1207.00	50272.37
1208.00	50096.83
1209.00	50227.90
1210.00	49820.64
1211.00	50218.53
1212.00	50265.34
1213.00	50014.91
1214.00	50145.98
1215.00	49951.71
1216.00	50131.93
1217.00	49867.45
1218.00	50358.97
1219.00	50298.11
1220.00	50108.53
1221.00	49932.99
1222.00	49701.28
1223.00	49961.08
1224.00	49865.11
1225.00	50096.83
1226.00	50099.17
1227.00	50295.77
1228.00	50492.38
1229.00	49640.42
1230.00	50045.33
1231.00	50244.28
1232.00	49984.48
1233.00	50188.11
1234.00	49872.14
1235.00	49855.75
1236.00	49904.90
1237.00	50092.15
1238.00	50005.55
1239.00	50012.57
1240.00	50101.51
1241.00	50450.25
1242.00	50483.01
1243.00	50426.84
1244.00	50136.62
1245.00	49954.05
1246.00	50014.91
1247.00	49804.26
1248.00	49792.56
1249.00	50138.96
1250.00	49970.44
1251.00	50251.30
1252.00	50108.53
1253.00	50145.98
1254.00	50092.15
1255.00	50607.06
1256.00	50237.26
1257.00	50326.20
1258.00	50485.36
1259.00	50101.51
1260.00	49483.61
1261.00	50263.00
1262.00	50396.42
1263.00	50813.03
1264.00	50876.22
1265.00	50225.56
1266.00	50251.30
1267.00	50333.22
1268.00	50403.44
1269.00	50241.94
1270.00	50106.19
1271.00	50014.91
1272.00	49684.89
1273.00	50192.79
1274.00	50206.83
1275.00	50405.78
1276.00	50438.54
1277.00	50309.82
1278.00	50148.32
1279.00	50162.36
1280.00	50307.47
1281.00	49914.26
1282.00	50061.72
1283.00	50061.72
1284.00	50148.32
1285.00	50101.51
1286.00	50225.56
1287.00	50141.30
1288.00	50646.85
1289.00	50330.88
1290.00	50195.13
1291.00	50204.49
1292.00	50085.12
1293.00	50007.89
1294.00	50342.58
1295.00	49776.17
1296.00	50148.32
1297.00	50588.34
1298.00	50232.58
1299.00	50380.03
1300.00	50326.20
1301.00	50539.19
1302.00	50342.58
1303.00	50515.78
1304.00	50045.33
1305.00	50106.19
1306.00	50068.74
1307.00	50141.30
1308.00	49881.50
1309.00	50202.15
1310.00	49982.14
1311.00	50183.43
1312.00	50454.93
1313.00	50637.49
1314.00	50141.30
1315.00	50195.13
1316.00	50263.00
1317.00	50127.25
1318.00	49940.01
1319.00	50096.83
1320.00	49937.67
1321.00	50354.29
1322.00	50574.30
1323.00	50321.52
1324.00	50422.16
1325.00	50557.91
1326.00	50265.34
1327.00	50712.39
1328.00	50085.12
1329.00	49577.23
1330.00	50267.69
1331.00	50017.25
1332.00	50085.12
1333.00	50106.19
1334.00	50380.03
1335.00	50464.29
1336.00	50099.17
1337.00	50337.90
1338.00	50614.08
1339.00	50522.80
1340.00	49991.50
1341.00	49822.98
1342.00	50216.19
1343.00	49731.70
1344.00	50101.51
1345.00	50000.86
1346.00	49937.67
1347.00	50323.86
1348.00	50251.30
1349.00	50012.57
1350.00	50134.28
1351.00	49790.22
1352.00	49752.77
1353.00	49677.87
1354.00	49612.34
1355.00	49689.57
1356.00	49708.30
1357.00	49556.16
1358.00	50117.89
1359.00	49851.07
1360.00	50080.44
1361.00	49792.56
1362.00	49794.90
1363.00	49734.04
1364.00	49612.34
1365.00	49572.55
1366.00	49462.54
1367.00	49375.94
1368.00	49572.55
1369.00	49422.75
1370.00	49820.64
1371.00	49698.94
1372.00	49331.47
1373.00	49755.11
1374.00	49827.66
1375.00	49961.08
1376.00	49476.58
1377.00	49745.75
1378.00	49509.35
1379.00	49490.63
1380.00	49537.44
1381.00	49441.48
1382.00	49432.11
1383.00	49069.33
1384.00	49303.38
1385.00	49694.25
1386.00	49448.50
1387.00	49432.11
1388.00	49256.57
1389.00	49125.50
1390.00	49125.50
1391.00	49148.91
1392.00	48992.09
1393.00	49008.48
1394.00	49071.67
1395.00	49081.03
1396.00	49074.01
1397.00	49139.55
1398.00	49263.60
1399.00	49736.38
1400.00	48994.43
1401.00	49165.29
1402.00	48959.33
1403.00	49104.44
1404.00	48767.40
1405.00	48711.23
1406.00	49022.52
1407.00	48804.85
1408.00	48697.19
1409.00	49134.87
1410.00	48587.18
1411.00	49031.88
1412.00	48837.62
1413.00	49092.74
1414.00	48556.75
1415.00	48961.67
1416.00	48949.96
1417.00	48781.45
1418.00	48556.75
1419.00	48736.98
1420.00	48406.96
1421.00	48659.74
1422.00	48481.86
1423.00	48783.79
1424.00	48601.22
1425.00	48547.39
1426.00	48320.36
1427.00	48458.45
1428.00	48151.84
1429.00	48208.01
1430.00	48226.74
1431.00	48282.91
1432.00	48076.94
1433.00	47859.27
1434.00	48090.99
1435.00	48311.00
1436.00	48193.97
1437.00	48339.08
1438.00	47896.72
1439.00	48397.60
1440.00	48325.04
1441.00	48280.57
1442.00	48065.24
1443.00	47924.81
1444.00	47243.71
1445.00	47856.93
1446.00	47707.14
1447.00	47667.35
1448.00	47569.05
1449.00	47501.17
1450.00	47505.85
1451.00	48027.79
1452.00	47955.24
1453.00	47950.56
1454.00	47519.90
1455.00	47412.23
1456.00	47384.15
1457.00	47580.75
1458.00	47260.10
1459.00	47767.99
1460.00	47313.93
1461.00	47313.93
1462.00	47285.84
1463.00	47934.17
1464.00	47693.10
1465.00	47601.82
1466.00	47168.82
1467.00	47452.02
1468.00	47096.26
1469.00	46777.95
1470.00	47316.27
1471.00	47283.50
1472.00	47096.26
1473.00	47047.11
1474.00	46925.40
1475.00	47002.64
1476.00	47065.83
1477.00	46953.49
1478.00	47250.74
1479.00	47269.46
1480.00	47220.31
1481.00	46770.93
1482.00	47213.29
1483.00	47100.94
1484.00	46670.28
1485.00	46808.37
1486.00	46588.36
1487.00	46485.38
1488.00	46504.10
1489.00	46602.41
1490.00	46396.44
1491.00	46728.80
1492.00	46986.25
1493.00	46813.05
1494.00	46197.49
1495.00	46284.09
1496.00	46382.40
1497.00	46113.23
1498.00	46174.09
1499.00	46333.24
1500.00	46017.27
1501.00	46487.72
1502.00	45853.44
1503.00	45909.61
1504.00	46195.15
1505.00	46274.73
1506.00	46157.70
1507.00	46075.79
1508.00	45661.51
1509.00	45806.62
1510.00	45504.70
1511.00	45570.23
1512.00	45911.95
1513.00	45638.11
1514.00	45581.93
1515.00	45572.57
1516.00	45705.98
1517.00	45160.64
1518.00	45621.72
1519.00	45654.49
1520.00	45764.49
1521.00	45539.80
1522.00	45705.98
1523.00	44964.03
1524.00	45521.08
1525.00	45036.59
1526.00	45329.16
1527.00	45544.48
1528.00	45514.06
1529.00	45729.39
1530.00	45088.08
1531.00	45867.48
1532.00	45385.33
1533.00	45296.39
1534.00	45258.94
1535.00	45240.21
1536.00	45443.84
1537.00	45315.11
1538.00	44776.79
1539.00	44694.87
1540.00	44648.06
1541.00	44748.70
1542.00	44882.11
1543.00	44603.59
1544.00	44935.95
1545.00	45333.84
1546.00	44849.35
1547.00	45177.02
1548.00	44715.93
1549.00	44938.29
1550.00	44739.34
1551.00	44734.66
1552.00	44839.98
1553.00	45226.17
1554.00	44449.11
1555.00	44535.71
1556.00	44348.47
1557.00	44706.57
1558.00	44519.33
1559.00	44624.65
1560.00	44678.49
1561.00	44289.96
1562.00	44542.74
1563.00	44519.33
1564.00	44573.16
1565.00	43945.90
1566.00	43828.87
1567.00	43931.86
1568.00	43761.00
1569.00	44294.64
1570.00	43814.83
1571.00	43449.70
1572.00	43274.16
1573.00	43571.41
1574.00	43751.63
1575.00	43697.80
1576.00	43838.23
1577.00	43585.46
1578.00	44168.25
1579.00	44013.77
1580.00	43613.54
1581.00	43711.84
1582.00	43601.84
1583.00	43938.88
1584.00	43807.81
1585.00	43580.78
1586.00	43548.01
1587.00	42810.74
1588.00	43122.03
1589.00	43903.77
1590.00	43463.75
1591.00	43522.26
1592.00	42997.98
1593.00	43409.92
1594.00	43086.92
1595.00	43274.16
1596.00	42808.40
1597.00	42969.90
1598.00	43063.52
1599.00	42890.32
1600.00	43030.75
1601.00	42738.18
1602.00	42344.97
1603.00	43122.03
1604.00	42843.51
1605.00	43323.32
1606.00	43199.27
1607.00	43115.01
1608.00	42815.42
1609.00	42862.23
1610.00	42726.48
1611.00	42829.46
1612.00	42462.00
1613.00	42810.74
1614.00	42731.16
1615.00	42518.17
1616.00	42398.80
1617.00	42569.66
1618.00	42691.37
1619.00	42614.13
1620.00	42883.30
1621.00	42719.46
1622.00	43047.13
1623.00	43028.41
1624.00	42176.45
1625.00	42560.30
1626.00	42351.99
1627.00	42590.73
1628.00	42326.25
1629.00	41874.52
1630.00	42316.89
1631.00	42185.82
1632.00	42286.46
1633.00	42094.53
1634.00	42492.43
1635.00	42115.60
1636.00	42394.12
1637.00	42211.56
1638.00	42239.65
1639.00	41706.01
1640.00	42213.90
1641.00	41635.79
1642.00	41490.68
1643.00	41624.09
1644.00	41778.56
1645.00	41738.77
1646.00	41404.08
1647.00	41399.40
1648.00	41467.27
1649.00	41827.71
1650.00	41303.43
1651.00	41867.50
1652.00	41785.58
1653.00	41588.98
1654.00	41493.02
1655.00	41780.90
1656.00	41390.03
1657.00	41148.96
1658.00	41383.01
1659.00	41006.19
1660.00	41102.15
1661.00	41118.53
1662.00	41439.18
1663.00	41127.89
1664.00	41563.23
1665.00	41291.73
1666.00	41366.63
1667.00	41038.95
1668.00	41144.28
1669.00	41280.03
1670.00	41031.93
1671.00	40950.01
1672.00	41282.37
1673.00	40664.47
1674.00	40858.73
1675.00	40933.63
1676.00	40552.12
1677.00	40636.38
1678.00	40594.25
1679.00	40627.02
1680.00	40584.89
1681.00	40964.06
1682.00	40645.74
1683.00	40760.43
1684.00	40641.06
1685.00	40573.19
1686.00	40222.11
1687.00	40486.59
1688.00	40573.19
1689.00	40179.98
1690.00	40172.96
1691.00	39676.76
1692.00	40289.98
1693.00	40451.48
1694.00	40311.05
1695.00	40289.98
1696.00	40306.37
1697.00	40175.30
1698.00	40135.51
1699.00	40013.80
1700.00	39936.56
1701.00	39992.73
1702.00	39641.65
1703.00	40119.12
1704.00	39571.44
1705.00	39744.64
1706.00	39735.27
1707.00	39529.31
1708.00	39433.35
1709.00	39363.13
1710.00	39826.56
1711.00	39597.18
1712.00	39723.57
1713.00	39435.69
1714.00	39688.46
1715.00	39550.37
1716.00	39070.56
1717.00	39079.92
1718.00	38827.15
1719.00	39370.15
1720.00	38714.80
1721.00	39313.98
1722.00	38838.85
1723.00	38785.02
1724.00	38663.31
1725.00	38422.23
1726.00	38658.63
1727.00	38696.08
1728.00	38899.70
1729.00	38721.82
1730.00	38916.09
1731.00	38780.34
1732.00	38707.78
1733.00	38567.35
1734.00	38244.35
1735.00	38089.88
1736.00	38277.12
1737.00	37715.39
1738.00	37965.83
1739.00	37897.95
1740.00	38073.49
1741.00	38010.30
1742.00	38120.31
1743.00	38312.23
1744.00	37846.46
1745.00	37839.44
1746.00	37818.38
1747.00	37907.32
1748.00	37523.47
1749.00	37933.06
1750.00	37291.76
1751.00	37453.25
1752.00	37280.05
1753.00	37113.87
1754.00	37092.81
1755.00	37092.81
1756.00	37361.97
1757.00	37123.24
1758.00	37254.31
1759.00	37069.40
1760.00	36884.50
1761.00	37141.96
1762.00	37305.80
1763.00	37181.75
1764.00	36737.05
1765.00	36634.06
1766.00	36790.88
1767.00	36645.77
1768.00	36746.41
1769.00	36453.84
1770.00	36348.52
1771.00	36727.69
1772.00	36306.39
1773.00	36425.76
1774.00	36371.92
1775.00	36741.73
1776.00	35903.82
1777.00	35796.15
1778.00	36093.40
1779.00	36121.49
1780.00	35833.60
1781.00	35889.77
1782.00	36006.80
1783.00	36126.17
1784.00	35658.06
1785.00	35342.09
1786.00	35309.32
1787.00	34771.00
1788.00	35461.46
1789.00	35449.75
1790.00	35136.12
1791.00	35337.41
1792.00	34911.43
1793.00	35082.29
1794.00	35065.91
1795.00	34649.29
1796.00	35393.58
1797.00	35103.35
1798.00	35288.26
1799.00	35096.33
1800.00	34742.91
1801.00	34696.10
1802.00	34471.41
1803.00	34602.48
1804.00	34143.74
1805.00	34232.68
1806.00	34110.97
1807.00	34220.97
1808.00	33958.83
1809.00	34211.61
1810.00	34064.16
1811.00	33930.75
1812.00	34181.18
1813.00	33570.30
1814.00	34075.86
1815.00	33954.15
1816.00	33586.69
1817.00	33574.98
1818.00	33771.59
1819.00	33776.27
1820.00	33759.89
1821.00	33706.05
1822.00	32821.33
1823.00	33099.86
1824.00	33111.56
1825.00	33247.31
1826.00	33352.63
1827.00	33188.80
1828.00	32659.84
1829.00	32847.08
1830.00	32877.51
1831.00	32119.17
1832.00	32554.51
1833.00	32847.08
1834.00	32554.51
1835.00	32472.59
1836.00	32343.86
1837.00	32004.49
1838.00	32144.92
1839.00	31805.54
1840.00	31749.37
1841.00	31812.56
1842.00	31438.08
1843.00	31131.47
1844.00	31250.83
1845.00	31459.14
1846.00	31541.06
1847.00	31129.12
1848.00	31119.76
1849.00	30822.51
1850.00	31309.35
1851.00	30747.62
1852.00	30859.96
1853.00	30398.88
1854.00	30841.24
1855.00	30108.65
1856.00	30221.00
1857.00	30377.81
1858.00	30054.82
1859.00	29970.56
1860.00	29853.53
1861.00	29823.11
1862.00	29799.70
1863.00	30066.52
1864.00	29818.42
1865.00	30000.99
1866.00	29804.38
1867.00	29474.37
1868.00	29436.92
1869.00	29329.25
1870.00	29209.89
1871.00	29394.79
1872.00	29429.90
1873.00	28989.88
1874.00	28945.41
1875.00	28477.30
1876.00	28519.43
1877.00	28664.54
1878.00	28484.32
1879.00	28453.89
1880.00	28474.96
1881.00	28613.05
1882.00	28559.22
1883.00	28006.85
1884.00	28088.77
1885.00	28180.05
1886.00	27913.23
1887.00	27623.00
1888.00	27847.69
1889.00	28025.57
1890.00	27344.48
1891.00	27096.38
1892.00	27292.99
1893.00	27412.35
1894.00	26920.84
1895.00	27136.17
1896.00	26988.72
1897.00	26953.61
1898.00	27002.76
1899.00	27028.51
1900.00	26806.16
1901.00	26838.92
1902.00	26890.41
1903.00	26621.25
1904.00	26469.12
1905.00	26185.91
1906.00	26361.45
1907.00	25647.59
1908.00	25729.51
1909.00	25687.38
1910.00	25628.87
1911.00	25607.80
1912.00	25621.84
1913.00	25654.61
1914.00	25671.00
1915.00	25413.54
1916.00	25387.79
1917.00	25216.93
1918.00	25394.81
1919.00	25483.75
1920.00	25614.82
1921.00	25268.42
1922.00	25034.37
1923.00	25125.65
1924.00	24739.46
1925.00	24229.23
1926.00	24407.11
1927.00	24091.13
1928.00	24128.58
1929.00	23639.41
1930.00	24194.12
1931.00	24341.57
1932.00	23735.37
1933.00	23789.20
1934.00	24144.97
1935.00	23742.39
1936.00	24095.82
1937.00	23733.03
1938.00	23967.09
1939.00	23969.43
1940.00	23859.42
1941.00	23903.89
1942.00	23737.71
1943.00	23321.10
1944.00	23218.11
1945.00	22979.38
1946.00	22813.20
1947.00	22607.23
1948.00	22366.16
1949.00	22696.17
1950.00	22616.60
1951.00	22279.56
1952.00	22115.72
1953.00	22649.36
1954.00	22530.00
1955.00	22242.11
1956.00	22553.40
1957.00	22197.64
1958.00	21886.35
1959.00	21846.56
1960.00	22209.34
1961.00	21469.73
1962.00	21507.18
1963.00	21600.80
1964.00	21357.39
1965.00	21507.18
1966.00	21324.62
1967.00	21055.46
1968.00	20833.11
1969.00	20814.38
1970.00	20460.96
1971.00	21020.35
1972.00	20849.49
1973.00	20748.85
1974.00	21064.82
1975.00	20912.69
1976.00	20589.69
1977.00	20613.10
1978.00	20484.37
1979.00	20322.87
1980.00	20594.37
1981.00	19983.49
1982.00	19791.57
1983.00	19744.76
1984.00	19777.53
1985.00	19597.31
1986.00	19428.79
1987.00	19726.04
1988.00	19452.19
1989.00	19552.84
1990.00	19250.91
1991.00	19218.14
1992.00	19124.52
1993.00	19297.72
1994.00	19016.85
1995.00	18941.96
1996.00	19030.90
1997.00	19037.92
1998.00	18970.04
1999.00	18789.82
2000.00	18420.02
2001.00	18934.93
2002.00	18349.80
2003.00	18523.00
2004.00	18679.82
2005.00	17855.95
2006.00	18445.76
2007.00	18073.62
2008.00	17928.50
2009.00	17799.77
2010.00	17741.26
2011.00	17975.31
2012.00	17741.26
2013.00	17790.41
2014.00	17500.19
2015.00	17729.56
2016.00	17694.45
2017.00	17462.74
2018.00	17474.44
2019.00	17322.30
2020.00	17406.56
2021.00	16847.18
2022.00	17109.32
2023.00	16659.93
2024.00	16760.58
2025.00	16716.11
2026.00	16711.42
2027.00	16594.40
2028.00	16561.63
2029.00	16702.06
2030.00	16491.41
2031.00	16379.07
2032.00	16187.14
2033.00	16339.28
2034.00	16177.78
2035.00	16332.26
2036.00	15857.13
2037.00	15917.98
2038.00	15948.41
2039.00	16025.65
2040.00	15901.60
2041.00	15896.92
2042.00	15627.76
2043.00	15726.06
2044.00	15487.32
2045.00	15417.11
2046.00	15538.82
2047.00	15236.89
