0.00	1067.28
1.00	1067.28
2.00	1067.28
3.00	938.55
4.00	922.17
5.00	994.73
6.00	926.85
7.00	973.66
8.00	978.34
9.00	938.55
10.00	957.28
11.00	931.53
12.00	924.51
13.00	961.96
14.00	922.17
15.00	1001.75
16.00	968.98
17.00	976.00
18.00	1006.43
19.00	992.39
20.00	931.53
21.00	1018.13
22.00	994.73
23.00	957.28
24.00	1184.31
25.00	1345.81
26.00	1357.51
27.00	1425.39
28.00	1413.68
29.00	1528.37
30.00	1519.01
31.00	1401.98
32.00	1479.22
33.00	1507.30
34.00	1521.35
35.00	1614.97
36.00	1570.50
37.00	1607.95
38.00	1514.33
39.00	1624.33
40.00	1472.20
41.00	1570.50
42.00	1636.03
43.00	1610.29
44.00	1584.54
45.00	1685.19
46.00	1551.78
47.00	1610.29
48.00	1582.20
49.00	1593.90
50.00	1617.31
51.00	1652.42
52.00	1612.63
53.00	1685.19
54.00	1687.53
55.00	1671.14
56.00	1678.16
57.00	1673.48
58.00	1666.46
59.00	1678.16
60.00	1701.57
61.00	1734.34
62.00	1621.99
63.00	1741.36
64.00	1755.40
65.00	1750.72
66.00	1699.23
67.00	1722.63
68.00	1788.17
69.00	1846.68
70.00	1790.51
71.00	1774.13
72.00	1746.04
73.00	1774.13
74.00	1741.36
75.00	1729.66
76.00	1767.10
77.00	1785.83
78.00	1792.85
79.00	1811.57
80.00	1764.76
81.00	1851.36
82.00	1774.13
83.00	1788.17
84.00	1870.09
85.00	1832.64
86.00	1851.36
87.00	1851.36
88.00	1844.34
89.00	1865.41
90.00	1874.77
91.00	1832.64
92.00	1860.73
93.00	1907.54
94.00	1884.13
95.00	1956.69
96.00	1926.26
97.00	1879.45
98.00	1825.62
99.00	1954.35
100.00	1933.28
101.00	1963.71
102.00	1937.96
103.00	2012.86
104.00	1973.07
105.00	1900.52
106.00	1987.11
107.00	1940.30
108.00	2101.80
109.00	2024.56
110.00	2043.29
111.00	2010.52
112.00	2097.12
113.00	2015.20
114.00	2078.40
115.00	2043.29
116.00	2073.71
117.00	2111.16
118.00	2038.61
119.00	2047.97
120.00	2134.57
121.00	2090.10
122.00	2157.97
123.00	2120.53
124.00	2232.87
125.00	2186.06
126.00	2139.25
127.00	2209.47
128.00	2157.97
129.00	2132.23
130.00	2244.57
131.00	2237.55
132.00	2106.48
133.00	2291.38
134.00	2195.42
135.00	2237.55
136.00	2328.83
137.00	2275.00
138.00	2258.62
139.00	2354.58
140.00	2368.62
141.00	2399.05
142.00	2335.85
143.00	2387.35
144.00	2331.17
145.00	2282.02
146.00	2403.73
147.00	2392.03
148.00	2436.50
149.00	2427.14
150.00	2363.94
151.00	2401.39
152.00	2476.29
153.00	2356.92
154.00	2525.44
155.00	2506.71
156.00	2438.84
157.00	2469.27
158.00	2562.89
159.00	2492.67
160.00	2562.89
161.00	2562.89
162.00	2562.89
163.00	2569.91
164.00	2574.59
165.00	2492.67
166.00	2553.52
167.00	2574.59
168.00	2576.93
169.00	2590.97
170.00	2555.86
171.00	2712.68
172.00	2607.36
173.00	2689.28
174.00	2644.81
175.00	2565.23
176.00	2731.41
177.00	2768.85
178.00	2803.96
179.00	2780.56
180.00	2780.56
181.00	2754.81
182.00	2782.90
183.00	2832.05
184.00	2794.60
185.00	2853.11
186.00	2864.82
187.00	2853.11
188.00	2911.63
189.00	2904.60
190.00	2974.82
191.00	2902.26
192.00	3033.33
193.00	2897.58
194.00	3012.27
195.00	3096.53
196.00	3066.10
197.00	2991.20
198.00	2956.10
199.00	3115.25
200.00	2977.16
201.00	3103.55
202.00	3126.96
203.00	3206.53
204.00	3183.13
205.00	3236.96
206.00	3133.98
207.00	3129.30
208.00	3176.11
209.00	3267.39
210.00	3255.69
211.00	3316.54
212.00	3241.64
213.00	3283.77
214.00	3304.84
215.00	3272.07
216.00	3307.18
217.00	3342.28
218.00	3510.80
219.00	3405.48
220.00	3393.78
221.00	3403.14
222.00	3426.54
223.00	3506.12
224.00	3569.32
225.00	3466.33
226.00	3602.08
227.00	3475.70
228.00	3700.39
229.00	3611.45
230.00	3634.85
231.00	3660.60
232.00	3747.20
233.00	3751.88
234.00	3763.58
235.00	3679.32
236.00	3854.86
237.00	3997.64
238.00	3873.59
239.00	3932.10
240.00	3913.38
241.00	3885.29
242.00	4058.49
243.00	4016.36
244.00	4032.74
245.00	4088.92
246.00	4023.38
247.00	4159.13
248.00	4212.96
249.00	4126.36
250.00	4191.90
251.00	4191.90
252.00	4170.83
253.00	4248.07
254.00	4159.13
255.00	4315.95
256.00	4407.23
257.00	4418.93
258.00	4409.57
259.00	4547.66
260.00	4447.02
261.00	4484.47
262.00	4580.43
263.00	4641.28
264.00	4430.63
265.00	4524.26
266.00	4669.37
267.00	4669.37
268.00	4772.35
269.00	4741.93
270.00	4816.82
271.00	4699.80
272.00	4865.97
273.00	4898.74
274.00	4870.65
275.00	5018.11
276.00	5041.51
277.00	5032.15
278.00	4905.76
279.00	4898.74
280.00	4865.97
281.00	5025.13
282.00	4980.66
283.00	4985.34
284.00	5210.03
285.00	5280.25
286.00	5088.32
287.00	5214.71
288.00	5074.28
289.00	5322.38
290.00	5287.27
291.00	5172.58
292.00	5186.63
293.00	5252.16
294.00	5158.54
295.00	5320.04
296.00	5317.70
297.00	5233.44
298.00	5518.98
299.00	5224.08
300.00	5348.12
301.00	5151.52
302.00	4863.63
303.00	5238.12
304.00	5334.08
305.00	5460.47
306.00	5446.43
307.00	5359.83
308.00	5153.86
309.00	5242.80
310.00	5217.05
311.00	5423.02
312.00	5427.70
313.00	5430.04
314.00	5488.56
315.00	5378.55
316.00	5493.24
317.00	5486.22
318.00	5607.92
319.00	5444.09
320.00	5397.28
321.00	5589.20
322.00	5472.17
323.00	5703.89
324.00	5481.53
325.00	5774.10
326.00	5561.11
327.00	5696.86
328.00	5888.79
329.00	5441.75
330.00	5774.10
331.00	5708.57
332.00	5568.13
333.00	5544.73
334.00	5774.10
335.00	5914.53
336.00	5680.48
337.00	5949.64
338.00	5827.93
339.00	5926.24
340.00	5926.24
341.00	5919.21
342.00	6038.58
343.00	5970.71
344.00	6033.90
345.00	6064.33
346.00	6141.57
347.00	6094.76
348.00	6078.37
349.00	6171.99
350.00	6118.16
351.00	6087.73
352.00	6239.87
353.00	6169.65
354.00	6289.02
355.00	6338.17
356.00	6237.53
357.00	6279.66
358.00	6438.81
359.00	6441.15
360.00	6356.90
361.00	6317.11
362.00	6654.14
363.00	6597.97
364.00	6565.20
365.00	6574.56
366.00	6448.18
367.00	6509.03
368.00	6642.44
369.00	6750.10
370.00	6644.78
371.00	6579.25
372.00	6532.44
373.00	6642.44
374.00	6825.00
375.00	6881.18
376.00	6555.84
377.00	6827.34
378.00	6757.13
379.00	6935.01
380.00	7183.10
381.00	6974.80
382.00	7321.20
383.00	7194.81
384.00	6981.82
385.00	7220.55
386.00	7349.28
387.00	7297.79
388.00	7424.18
389.00	7321.20
390.00	7503.76
391.00	7538.87
392.00	7470.99
393.00	7440.56
394.00	7592.70
395.00	7616.10
396.00	7644.19
397.00	7808.03
398.00	7623.12
399.00	7798.66
400.00	7770.58
401.00	7789.30
402.00	7932.08
403.00	7737.81
404.00	7878.24
405.00	7988.25
406.00	8006.97
407.00	8124.00
408.00	7915.69
409.00	7698.02
410.00	7906.33
411.00	8259.75
412.00	8154.43
413.00	7880.58
414.00	8166.13
415.00	8105.28
416.00	8030.38
417.00	7978.89
418.00	8257.41
419.00	8212.94
420.00	8241.03
421.00	8013.99
422.00	8177.83
423.00	8088.89
424.00	8032.72
425.00	8142.72
426.00	8292.52
427.00	8126.34
428.00	8037.40
429.00	8091.23
430.00	8416.57
431.00	7992.93
432.00	8191.88
433.00	8306.56
434.00	8163.79
435.00	8348.69
436.00	8315.92
437.00	8262.09
438.00	8475.08
439.00	8610.83
440.00	8667.00
441.00	8592.11
442.00	8535.93
443.00	8566.36
444.00	8554.66
445.00	8592.11
446.00	8741.90
447.00	8769.99
448.00	8667.00
449.00	8636.58
450.00	8587.43
451.00	8692.75
452.00	8671.68
453.00	8779.35
454.00	8748.92
455.00	8865.95
456.00	8826.16
457.00	8730.20
458.00	8957.23
459.00	8943.19
460.00	8990.00
461.00	8919.78
462.00	8872.97
463.00	9062.55
464.00	8901.06
465.00	8994.68
466.00	9006.38
467.00	9027.45
468.00	9071.92
469.00	9242.78
470.00	9254.48
471.00	9252.14
472.00	9228.73
473.00	9425.34
474.00	9362.14
475.00	9427.68
476.00	9453.42
477.00	9633.64
478.00	9769.40
479.00	9577.47
480.00	9568.11
481.00	9551.73
482.00	9771.74
483.00	9685.14
484.00	9556.41
485.00	9823.23
486.00	9834.93
487.00	10012.81
488.00	9867.70
489.00	9788.12
490.00	9820.89
491.00	9802.16
492.00	9947.28
493.00	10024.51
494.00	10101.75
495.00	10085.37
496.00	10111.11
497.00	10289.00
498.00	9980.04
499.00	10218.78
500.00	10494.96
501.00	10370.91
502.00	9994.09
503.00	10326.44
504.00	10281.97
505.00	10307.72
506.00	10375.59
507.00	10473.90
508.00	10572.20
509.00	10289.00
510.00	10487.94
511.00	10717.31
512.00	10721.99
513.00	10525.39
514.00	10745.40
515.00	10593.26
516.00	10906.90
517.00	10527.73
518.00	10516.03
519.00	10567.52
520.00	10546.45
521.00	10684.55
522.00	10808.59
523.00	10417.72
524.00	10677.52
525.00	10738.38
526.00	11007.54
527.00	10951.37
528.00	10864.77
529.00	11110.52
530.00	11087.12
531.00	11068.39
532.00	11117.54
533.00	10836.68
534.00	11122.23
535.00	11040.31
536.00	11084.78
537.00	11044.99
538.00	11295.43
539.00	11309.47
540.00	10895.19
541.00	11126.91
542.00	11246.27
543.00	11290.74
544.00	11300.11
545.00	11255.64
546.00	11496.71
547.00	11321.17
548.00	11702.68
549.00	11683.95
550.00	11646.51
551.00	11632.46
552.00	11555.22
553.00	11878.22
554.00	11616.08
555.00	11765.87
556.00	12018.65
557.00	11824.39
558.00	11927.37
559.00	12030.35
560.00	11887.58
561.00	12166.10
562.00	12292.49
563.00	12320.58
564.00	12231.64
565.00	12126.32
566.00	12458.67
567.00	12725.49
568.00	12381.43
569.00	12332.28
570.00	12601.44
571.00	12524.21
572.00	12854.22
573.00	12678.68
574.00	12975.93
575.00	12636.55
576.00	13050.83
577.00	13195.94
578.00	13069.55
579.00	13195.94
580.00	13090.62
581.00	13331.69
582.00	13219.35
583.00	13425.31
584.00	13486.17
585.00	13420.63
586.00	13937.89
587.00	13935.55
588.00	13706.18
589.00	13734.26
590.00	14092.37
591.00	14167.26
592.00	14026.83
593.00	14157.90
594.00	14609.62
595.00	14637.71
596.00	14544.09
597.00	14780.48
598.00	14721.97
599.00	14963.04
600.00	14906.87
601.00	15185.40
602.00	15314.13
603.00	15267.31
604.00	15733.08
605.00	15433.49
606.00	16042.03
607.00	15382.00
608.00	15812.66
609.00	15948.41
610.00	15786.91
611.00	15859.47
612.00	16121.61
613.00	16383.75
614.00	16563.97
615.00	16479.71
616.00	16692.70
617.00	16830.79
618.00	16971.22
619.00	17106.98
620.00	17165.49
621.00	17329.33
622.00	17710.83
623.00	17617.21
624.00	17813.82
625.00	17729.56
626.00	17867.65
627.00	18368.52
628.00	17916.80
629.00	18630.66
630.00	18609.60
631.00	18834.29
632.00	18375.55
633.00	18569.81
634.00	18909.19
635.00	19316.44
636.00	19384.32
637.00	19590.28
638.00	19648.80
639.00	19681.56
640.00	19520.07
641.00	19826.68
642.00	20044.35
643.00	20311.17
644.00	20456.28
645.00	20720.76
646.00	20404.79
647.00	20835.45
648.00	20737.15
649.00	21116.31
650.00	21577.40
651.00	21411.22
652.00	21511.86
653.00	21811.45
654.00	21649.96
655.00	21844.22
656.00	22181.26
657.00	22487.87
658.00	22356.80
659.00	22497.23
660.00	22700.86
661.00	22977.04
662.00	22946.61
663.00	23475.57
664.00	23332.80
665.00	23454.51
666.00	23517.70
667.00	24058.37
668.00	23695.58
669.00	23981.13
670.00	24077.09
671.00	24180.07
672.00	24325.19
673.00	24273.70
674.00	24570.94
675.00	24690.31
676.00	25287.15
677.00	25109.27
678.00	25364.39
679.00	25434.60
680.00	25490.77
681.00	25535.24
682.00	25907.39
683.00	25991.65
684.00	25722.49
685.00	26134.42
686.00	26155.49
687.00	26408.26
688.00	26443.37
689.00	26618.91
690.00	26806.16
691.00	26984.04
692.00	27051.91
693.00	27051.91
694.00	27480.23
695.00	27314.05
696.00	27536.40
697.00	27522.36
698.00	28095.79
699.00	28102.81
700.00	28189.41
701.00	27899.19
702.00	28023.23
703.00	28348.57
704.00	28697.31
705.00	28999.24
706.00	28432.83
707.00	29090.52
708.00	29102.22
709.00	29132.65
710.00	29539.90
711.00	29612.46
712.00	29586.71
713.00	29347.98
714.00	29455.64
715.00	29935.45
716.00	30127.38
717.00	30157.80
718.00	30279.51
719.00	29919.07
720.00	30242.06
721.00	30522.93
722.00	30309.94
723.00	30726.55
724.00	31227.43
725.00	31157.21
726.00	30787.41
727.00	31147.85
728.00	31075.29
729.00	31421.69
730.00	31250.83
731.00	31594.89
732.00	31651.06
733.00	31536.38
734.00	31763.41
735.00	31534.04
736.00	31648.72
737.00	31962.36
738.00	32355.57
739.00	31971.72
740.00	32201.09
741.00	32364.93
742.00	32680.90
743.00	31952.99
744.00	32297.05
745.00	32643.45
746.00	33130.28
747.00	33228.59
748.00	33345.61
749.00	32879.85
750.00	33198.16
751.00	33109.22
752.00	33015.60
753.00	33542.22
754.00	33223.90
755.00	33757.55
756.00	33694.35
757.00	33944.79
758.00	33340.93
759.00	33947.13
760.00	34050.11
761.00	34829.51
762.00	34541.63
763.00	33830.10
764.00	34675.04
765.00	34490.13
766.00	34345.02
767.00	34555.67
768.00	34801.43
769.00	34951.22
770.00	34593.12
771.00	35119.74
772.00	34892.71
773.00	35529.33
774.00	35264.85
775.00	35306.98
776.00	35140.80
777.00	35777.43
778.00	35866.37
779.00	35695.51
780.00	35796.15
781.00	35744.66
782.00	35658.06
783.00	36212.77
784.00	35952.97
785.00	36451.50
786.00	36730.03
787.00	36456.18
788.00	36488.95
789.00	36891.52
790.00	36655.13
791.00	36701.94
792.00	37251.97
793.00	37153.66
794.00	37031.96
795.00	37144.30
796.00	36966.42
797.00	37244.94
798.00	36744.07
799.00	37251.97
800.00	37645.18
801.00	37069.40
802.00	37624.11
803.00	37909.66
804.00	37537.51
805.00	37308.14
806.00	38029.02
807.00	37776.25
808.00	37865.19
809.00	38316.91
810.00	38256.06
811.00	38340.32
812.00	38377.76
813.00	37975.19
814.00	37956.47
815.00	38284.14
816.00	38859.91
817.00	38658.63
818.00	38616.50
819.00	38513.52
820.00	39124.40
821.00	38906.73
822.00	38433.94
823.00	39182.91
824.00	39213.34
825.00	39213.34
826.00	39538.67
827.00	38955.88
828.00	39576.12
829.00	39510.58
830.00	39548.03
831.00	39845.28
832.00	39501.22
833.00	39679.10
834.00	39744.64
835.00	39861.66
836.00	39798.47
837.00	40224.45
838.00	39793.79
839.00	39938.90
840.00	40282.96
841.00	40451.48
842.00	40598.93
843.00	40744.05
844.00	40739.36
845.00	40905.54
846.00	40952.35
847.00	40987.46
848.00	40781.49
849.00	40919.59
850.00	40954.69
851.00	40912.56
852.00	41598.34
853.00	41113.85
854.00	41214.49
855.00	41294.07
856.00	41315.14
857.00	41436.84
858.00	41579.62
859.00	41979.85
860.00	41937.72
861.00	41731.75
862.00	41635.79
863.00	41698.98
864.00	41839.42
865.00	42007.94
866.00	42197.52
867.00	42340.29
868.00	42181.13
869.00	41961.12
870.00	42588.39
871.00	42124.96
872.00	42038.36
873.00	42080.49
874.00	42616.47
875.00	42431.57
876.00	42913.72
877.00	42918.40
878.00	42864.57
879.00	42508.81
880.00	42761.59
881.00	42436.25
882.00	43098.62
883.00	42838.83
884.00	42792.01
885.00	43030.75
886.00	42876.27
887.00	43306.93
888.00	42742.86
889.00	42890.32
890.00	43370.13
891.00	43330.34
892.00	43210.97
893.00	43367.79
894.00	43290.55
895.00	43313.95
896.00	43557.37
897.00	43423.96
898.00	43423.96
899.00	43234.38
900.00	43887.39
901.00	43988.03
902.00	43901.43
903.00	44144.84
904.00	43693.12
905.00	43896.75
906.00	44013.77
907.00	43751.63
908.00	44233.78
909.00	44128.46
910.00	44266.55
911.00	44360.17
912.00	44804.88
913.00	44233.78
914.00	44648.06
915.00	44428.05
916.00	44657.42
917.00	44655.08
918.00	45034.25
919.00	45008.50
920.00	44755.72
921.00	44385.92
922.00	45228.51
923.00	44779.13
924.00	43938.88
925.00	44809.56
926.00	44582.52
927.00	44928.92
928.00	45083.40
929.00	45542.14
930.00	45059.99
931.00	45666.19
932.00	45139.57
933.00	45287.03
934.00	45558.53
935.00	45427.46
936.00	45326.81
937.00	45766.84
938.00	45654.49
939.00	45677.90
940.00	45677.90
941.00	45900.25
942.00	45453.20
943.00	45895.56
944.00	45666.19
945.00	45958.76
946.00	45738.75
947.00	46028.98
948.00	46089.83
949.00	46155.36
950.00	45996.21
951.00	45991.53
952.00	46003.23
953.00	46052.38
954.00	46026.63
955.00	46183.45
956.00	46141.32
957.00	46183.45
958.00	46019.61
959.00	46003.23
960.00	46380.06
961.00	45549.17
962.00	46358.99
963.00	46546.23
964.00	46457.29
965.00	46710.07
966.00	47161.79
967.00	47147.75
968.00	47084.56
969.00	46951.15
970.00	46644.54
971.00	47138.39
972.00	47456.70
973.00	47461.38
974.00	47131.37
975.00	47147.75
976.00	47484.79
977.00	47288.18
978.00	46948.81
979.00	46857.52
980.00	47337.33
981.00	47421.59
982.00	47604.16
983.00	47585.43
984.00	47908.43
985.00	47569.05
986.00	47463.72
987.00	47166.48
988.00	46848.16
989.00	47529.26
990.00	47334.99
991.00	47709.48
992.00	47824.17
993.00	47714.16
994.00	48044.18
995.00	48318.02
996.00	48266.53
997.00	48320.36
998.00	48226.74
999.00	47892.04
1000.00	47819.49
1001.00	48208.01
1002.00	48271.21
1003.00	48032.47
1004.00	48149.50
1005.00	48090.99
1006.00	47878.00
1007.00	47714.16
1008.00	48121.41
1009.00	47847.57
1010.00	47803.10
1011.00	48334.40
1012.00	48252.48
1013.00	48479.52
1014.00	48208.01
1015.00	48397.60
1016.00	48231.42
1017.00	47665.01
1018.00	48098.01
1019.00	48498.24
1020.00	48055.88
1021.00	48636.33
1022.00	48821.23
1023.00	48594.20
1024.00	48456.11
1025.00	48575.48
1026.00	48741.66
1027.00	48694.85
1028.00	48900.81
1029.00	48774.42
1030.00	49095.08
1031.00	48863.36
1032.00	48964.01
1033.00	49279.98
1034.00	48842.30
1035.00	48863.36
1036.00	49254.23
1037.00	49439.14
1038.00	49174.66
1039.00	48720.59
1040.00	48999.12
1041.00	48762.72
1042.00	49158.27
1043.00	49502.33
1044.00	49029.54
1045.00	49312.75
1046.00	49382.96
1047.00	49600.63
1048.00	48973.37
1049.00	49399.35
1050.00	49059.97
1051.00	49511.69
1052.00	49743.41
1053.00	49443.82
1054.00	49272.96
1055.00	48968.69
1056.00	48989.75
1057.00	49289.34
1058.00	49303.38
1059.00	49244.87
1060.00	49415.73
1061.00	49727.02
1062.00	49722.34
1063.00	49525.74
1064.00	49558.50
1065.00	49078.69
1066.00	49399.35
1067.00	49724.68
1068.00	49705.96
1069.00	49738.72
1070.00	49380.62
1071.00	49993.84
1072.00	50003.20
1073.00	49762.13
1074.00	49858.09
1075.00	49872.14
1076.00	50059.38
1077.00	49647.44
1078.00	49406.37
1079.00	49853.41
1080.00	49701.28
1081.00	49748.09
1082.00	50082.78
1083.00	49881.50
1084.00	49947.03
1085.00	49689.57
1086.00	49858.09
1087.00	49539.78
1088.00	49928.31
1089.00	49542.12
1090.00	50096.83
1091.00	49921.29
1092.00	50122.57
1093.00	49897.88
1094.00	49808.94
1095.00	50319.18
1096.00	49598.29
1097.00	50106.19
1098.00	49881.50
1099.00	50190.45
1100.00	50223.22
1101.00	50185.77
1102.00	49593.61
1103.00	50225.56
1104.00	49694.25
1105.00	50038.31
1106.00	49820.64
1107.00	50085.12
1108.00	49811.28
1109.00	50174.06
1110.00	50157.68
1111.00	50672.60
1112.00	50185.77
1113.00	50637.49
1114.00	50295.77
1115.00	50122.57
1116.00	50438.54
1117.00	49865.11
1118.00	49977.46
1119.00	49872.14
1120.00	50035.97
1121.00	50122.57
1122.00	50216.19
1123.00	50227.90
1124.00	49963.42
1125.00	50174.06
1126.00	50108.53
1127.00	49935.33
1128.00	50429.18
1129.00	50162.36
1130.00	49851.07
1131.00	50239.60
1132.00	50040.65
1133.00	50019.59
1134.00	50047.68
1135.00	49844.05
1136.00	50005.55
1137.00	49785.54
1138.00	49661.49
1139.00	50171.72
1140.00	50141.30
1141.00	49549.14
1142.00	50401.10
1143.00	50717.07
1144.00	50543.87
1145.00	50014.91
1146.00	49879.16
1147.00	50412.80
1148.00	50412.80
1149.00	50260.66
1150.00	50630.47
1151.00	50279.39
1152.00	50272.37
1153.00	50445.57
1154.00	50504.08
1155.00	50174.06
1156.00	50443.23
1157.00	50085.12
1158.00	50213.85
1159.00	50162.36
1160.00	50316.84
1161.00	50925.38
1162.00	50696.00
1163.00	50279.39
1164.00	50124.91
1165.00	50274.71
1166.00	50284.07
1167.00	50019.59
1168.00	49902.56
1169.00	50480.67
1170.00	49965.76
1171.00	49867.45
1172.00	50150.66
1173.00	50195.13
1174.00	50190.45
1175.00	50705.37
1176.00	50197.47
1177.00	50300.45
1178.00	49979.80
1179.00	49808.94
1180.00	49844.05
1181.00	50073.42
1182.00	50078.10
1183.00	50162.36
1184.00	50038.31
1185.00	50646.85
1186.00	50403.44
1187.00	50174.06
1188.00	50492.38
1189.00	50272.37
1190.00	50005.55
1191.00	49738.72
1192.00	49989.16
1193.00	49902.56
1194.00	49932.99
1195.00	50265.34
1196.00	50581.32
1197.00	50604.72
1198.00	50237.26
1199.00	50033.63
1200.00	50188.11
1201.00	50019.59
1202.00	49808.94
1203.00	50150.66
1204.00	50255.98
1205.00	50527.48
1206.00	50330.88
1207.00	50490.04
1208.00	50248.96
1209.00	50099.17
1210.00	50401.10
1211.00	50281.73
1212.00	49993.84
1213.00	50272.37
1214.00	49979.80
1215.00	50365.99
1216.00	50066.40
1217.00	49977.46
1218.00	49907.24
1219.00	50220.87
1220.00	50164.70
1221.00	49989.16
1222.00	49862.77
1223.00	50148.32
1224.00	50295.77
1225.00	50087.46
1226.00	50223.22
1227.00	50361.31
1228.00	50471.31
1229.00	50031.29
1230.00	50562.59
1231.00	50457.27
1232.00	50197.47
1233.00	50241.94
1234.00	50005.55
1235.00	50263.00
1236.00	50190.45
1237.00	50370.67
1238.00	49848.73
1239.00	50209.17
1240.00	50436.20
1241.00	50532.17
1242.00	50646.85
1243.00	50454.93
1244.00	50562.59
1245.00	50028.95
1246.00	50106.19
1247.00	49865.11
1248.00	50045.33
1249.00	50169.38
1250.00	49858.09
1251.00	50426.84
1252.00	50061.72
1253.00	50822.39
1254.00	50742.81
1255.00	50394.07
1256.00	50497.06
1257.00	50220.87
1258.00	50230.24
1259.00	50295.77
1260.00	50040.65
1261.00	49755.11
1262.00	50539.19
1263.00	50513.44
1264.00	50391.73
1265.00	50653.87
1266.00	50508.76
1267.00	50192.79
1268.00	50153.00
1269.00	50564.93
1270.00	49958.73
1271.00	49951.71
1272.00	50384.71
1273.00	50363.65
1274.00	50466.63
1275.00	50733.45
1276.00	50567.27
1277.00	50450.25
1278.00	50494.72
1279.00	50480.67
1280.00	50630.47
1281.00	50218.53
1282.00	50447.91
1283.00	50103.85
1284.00	50688.98
1285.00	50340.24
1286.00	50611.74
1287.00	50333.22
1288.00	51079.85
1289.00	50607.06
1290.00	50426.84
1291.00	50410.46
1292.00	50110.87
1293.00	50164.70
1294.00	50012.57
1295.00	50358.97
1296.00	50356.63
1297.00	50305.13
1298.00	50092.15
1299.00	50328.54
1300.00	50609.40
1301.00	50234.92
1302.00	50696.00
1303.00	50284.07
1304.00	50188.11
1305.00	50141.30
1306.00	50171.72
1307.00	49881.50
1308.00	50387.05
1309.00	50562.59
1310.00	50447.91
1311.00	50419.82
1312.00	50808.35
1313.00	50513.44
1314.00	50398.76
1315.00	50581.32
1316.00	50211.51
1317.00	50099.17
1318.00	50263.00
1319.00	50602.38
1320.00	50047.68
1321.00	50358.97
1322.00	50527.48
1323.00	50492.38
1324.00	50450.25
1325.00	50422.16
1326.00	50548.55
1327.00	50703.03
1328.00	50190.45
1329.00	50071.08
1330.00	50408.12
1331.00	49977.46
1332.00	50138.96
1333.00	50375.35
1334.00	50211.51
1335.00	50490.04
1336.00	50555.57
1337.00	50468.97
1338.00	50508.76
1339.00	50157.68
1340.00	50293.43
1341.00	49853.41
1342.00	50024.27
1343.00	49930.65
1344.00	50272.37
1345.00	50124.91
1346.00	50356.63
1347.00	49982.14
1348.00	50569.61
1349.00	50316.84
1350.00	50237.26
1351.00	49932.99
1352.00	50099.17
1353.00	50087.46
1354.00	50120.23
1355.00	49673.19
1356.00	50038.31
1357.00	49771.49
1358.00	50188.11
1359.00	49600.63
1360.00	50115.55
1361.00	50211.51
1362.00	49975.12
1363.00	50010.23
1364.00	49869.79
1365.00	49893.20
1366.00	49766.81
1367.00	49324.45
1368.00	49776.17
1369.00	49670.85
1370.00	49794.90
1371.00	49794.90
1372.00	49837.03
1373.00	49792.56
1374.00	49942.35
1375.00	49539.78
1376.00	49441.48
1377.00	49944.69
1378.00	49661.49
1379.00	49375.94
1380.00	49380.62
1381.00	49191.04
1382.00	49408.71
1383.00	49617.02
1384.00	49652.12
1385.00	49090.40
1386.00	49570.21
1387.00	49305.73
1388.00	49387.64
1389.00	49184.02
1390.00	49172.31
1391.00	49593.61
1392.00	48992.09
1393.00	49078.69
1394.00	48879.75
1395.00	49340.83
1396.00	48879.75
1397.00	49525.74
1398.00	49024.86
1399.00	49830.01
1400.00	49382.96
1401.00	49263.60
1402.00	49111.46
1403.00	49174.66
1404.00	48804.85
1405.00	48755.70
1406.00	48910.17
1407.00	48954.64
1408.00	49092.74
1409.00	49336.15
1410.00	49041.24
1411.00	49069.33
1412.00	48837.62
1413.00	49167.63
1414.00	49071.67
1415.00	49106.78
1416.00	48502.92
1417.00	49174.66
1418.00	48886.77
1419.00	48842.30
1420.00	48783.79
1421.00	48753.36
1422.00	48753.36
1423.00	49134.87
1424.00	48587.18
1425.00	48542.71
1426.00	48931.24
1427.00	48430.36
1428.00	48266.53
1429.00	48556.75
1430.00	48186.95
1431.00	48303.98
1432.00	48362.49
1433.00	48306.32
1434.00	48126.10
1435.00	48076.94
1436.00	48568.46
1437.00	48289.93
1438.00	48027.79
1439.00	48229.08
1440.00	48636.33
1441.00	48191.63
1442.00	47873.32
1443.00	47938.85
1444.00	47594.79
1445.00	47735.23
1446.00	47863.96
1447.00	47779.70
1448.00	47646.29
1449.00	47709.48
1450.00	48004.39
1451.00	48182.27
1452.00	48060.56
1453.00	47988.00
1454.00	48292.27
1455.00	47908.43
1456.00	47365.42
1457.00	47199.24
1458.00	47812.46
1459.00	47770.33
1460.00	47384.15
1461.00	47391.17
1462.00	47550.32
1463.00	47590.11
1464.00	47697.78
1465.00	47625.22
1466.00	47480.11
1467.00	47302.23
1468.00	47358.40
1469.00	47419.25
1470.00	46838.80
1471.00	47136.05
1472.00	47412.23
1473.00	47358.40
1474.00	47295.21
1475.00	47447.34
1476.00	47353.72
1477.00	47236.69
1478.00	47189.88
1479.00	47442.66
1480.00	47552.66
1481.00	46815.40
1482.00	47126.69
1483.00	46815.40
1484.00	46429.21
1485.00	46604.75
1486.00	46483.04
1487.00	46946.47
1488.00	46820.08
1489.00	46855.18
1490.00	46658.58
1491.00	46593.04
1492.00	46834.12
1493.00	46604.75
1494.00	46838.80
1495.00	46469.00
1496.00	46293.46
1497.00	46459.63
1498.00	46293.46
1499.00	46340.27
1500.00	46169.41
1501.00	46548.57
1502.00	46492.40
1503.00	46204.52
1504.00	46775.61
1505.00	46501.76
1506.00	46639.86
1507.00	46136.64
1508.00	46115.58
1509.00	46227.92
1510.00	46232.60
1511.00	46195.15
1512.00	45680.24
1513.00	45741.09
1514.00	46028.98
1515.00	45900.25
1516.00	45986.85
1517.00	45808.96
1518.00	45982.16
1519.00	45991.53
1520.00	45577.25
1521.00	45844.07
1522.00	45270.64
1523.00	45743.43
1524.00	45715.34
1525.00	45492.99
1526.00	45612.36
1527.00	45350.22
1528.00	45399.37
1529.00	44954.67
1530.00	45017.86
1531.00	45689.60
1532.00	45280.00
1533.00	45879.18
1534.00	45167.66
1535.00	45579.59
1536.00	45392.35
1537.00	45380.65
1538.00	45237.87
1539.00	45265.96
1540.00	45078.72
1541.00	45031.91
1542.00	44662.10
1543.00	44978.07
1544.00	44856.37
1545.00	45202.77
1546.00	45188.72
1547.00	45315.11
1548.00	45202.77
1549.00	44985.10
1550.00	45125.53
1551.00	44392.94
1552.00	44594.23
1553.00	44718.28
1554.00	44573.16
1555.00	44856.37
1556.00	44767.43
1557.00	44624.65
1558.00	44311.02
1559.00	44589.55
1560.00	44882.11
1561.00	44811.90
1562.00	44753.38
1563.00	44355.49
1564.00	44348.47
1565.00	44154.21
1566.00	43908.45
1567.00	44069.95
1568.00	44245.49
1569.00	44182.29
1570.00	43894.41
1571.00	44196.34
1572.00	44196.34
1573.00	43950.58
1574.00	44055.90
1575.00	44048.88
1576.00	43990.37
1577.00	44240.81
1578.00	43957.60
1579.00	44287.62
1580.00	43711.84
1581.00	43723.55
1582.00	43540.99
1583.00	43735.25
1584.00	43786.74
1585.00	42899.68
1586.00	43573.75
1587.00	43180.54
1588.00	43000.32
1589.00	43777.38
1590.00	43896.75
1591.00	43847.60
1592.00	43643.97
1593.00	43861.64
1594.00	42890.32
1595.00	43697.80
1596.00	42843.51
1597.00	43372.47
1598.00	42749.88
1599.00	42925.42
1600.00	43044.79
1601.00	43421.62
1602.00	43540.99
1603.00	43131.39
1604.00	42904.36
1605.00	43068.20
1606.00	42972.24
1607.00	43047.13
1608.00	42897.34
1609.00	43143.09
1610.00	42820.10
1611.00	42761.59
1612.00	42876.27
1613.00	42557.96
1614.00	42827.12
1615.00	42674.99
1616.00	42810.74
1617.00	42745.20
1618.00	42829.46
1619.00	42752.23
1620.00	42770.95
1621.00	42557.96
1622.00	42866.91
1623.00	42717.12
1624.00	42553.28
1625.00	42703.07
1626.00	42321.57
1627.00	42408.17
1628.00	42593.07
1629.00	42031.34
1630.00	42447.96
1631.00	42080.49
1632.00	42101.56
1633.00	42092.19
1634.00	42012.62
1635.00	41979.85
1636.00	41909.63
1637.00	42660.94
1638.00	41998.57
1639.00	42082.83
1640.00	41785.58
1641.00	41806.65
1642.00	41691.96
1643.00	41837.08
1644.00	42239.65
1645.00	41539.83
1646.00	41832.39
1647.00	41766.86
1648.00	42239.65
1649.00	42340.29
1650.00	42155.39
1651.00	42192.84
1652.00	42066.45
1653.00	41710.69
1654.00	41816.01
1655.00	41993.89
1656.00	41214.49
1657.00	41364.29
1658.00	41305.77
1659.00	41268.33
1660.00	41216.83
1661.00	41425.14
1662.00	41361.95
1663.00	41418.12
1664.00	41109.17
1665.00	41523.44
1666.00	41572.60
1667.00	41453.23
1668.00	41539.83
1669.00	41265.99
1670.00	41233.22
1671.00	40669.15
1672.00	41329.18
1673.00	40994.48
1674.00	40891.50
1675.00	40811.92
1676.00	40697.24
1677.00	40598.93
1678.00	40741.71
1679.00	41099.81
1680.00	40814.26
1681.00	41132.57
1682.00	40643.40
1683.00	40598.93
1684.00	40844.69
1685.00	40535.74
1686.00	40624.68
1687.00	40446.80
1688.00	40460.84
1689.00	40182.32
1690.00	40201.04
1691.00	39988.05
1692.00	40280.62
1693.00	40100.40
1694.00	40423.39
1695.00	39955.29
1696.00	40016.14
1697.00	40437.44
1698.00	40215.08
1699.00	40013.80
1700.00	40318.07
1701.00	39871.03
1702.00	39945.92
1703.00	40095.72
1704.00	39894.43
1705.00	39744.64
1706.00	39697.83
1707.00	39564.42
1708.00	39232.06
1709.00	39693.15
1710.00	39758.68
1711.00	39643.99
1712.00	39344.41
1713.00	39297.59
1714.00	39721.23
1715.00	39552.71
1716.00	39505.90
1717.00	39377.17
1718.00	39178.23
1719.00	39459.09
1720.00	39084.61
1721.00	39243.76
1722.00	38792.04
1723.00	39091.63
1724.00	38876.30
1725.00	38309.89
1726.00	39253.12
1727.00	38433.94
1728.00	38742.89
1729.00	38850.55
1730.00	38621.18
1731.00	38918.43
1732.00	38667.99
1733.00	38773.31
1734.00	38635.22
1735.00	38675.01
1736.00	38792.04
1737.00	37710.71
1738.00	38330.95
1739.00	37874.55
1740.00	38204.56
1741.00	38176.48
1742.00	38541.60
1743.00	38169.46
1744.00	38230.31
1745.00	38209.25
1746.00	37972.85
1747.00	38174.14
1748.00	37820.72
1749.00	37708.37
1750.00	37729.44
1751.00	37523.47
1752.00	37799.65
1753.00	36994.51
1754.00	36921.95
1755.00	37038.98
1756.00	37427.51
1757.00	37249.63
1758.00	37408.78
1759.00	36992.17
1760.00	37443.89
1761.00	37207.50
1762.00	37233.24
1763.00	37429.85
1764.00	36760.45
1765.00	37106.85
1766.00	36779.18
1767.00	37046.00
1768.00	36290.01
1769.00	36521.72
1770.00	36390.65
1771.00	36615.34
1772.00	36708.96
1773.00	36758.11
1774.00	36503.00
1775.00	36285.33
1776.00	36388.31
1777.00	36306.39
1778.00	35704.87
1779.00	36308.73
1780.00	36051.27
1781.00	36046.59
1782.00	35952.97
1783.00	35873.39
1784.00	36198.73
1785.00	35821.90
1786.00	35466.14
1787.00	35438.05
1788.00	35531.67
1789.00	35222.72
1790.00	35468.48
1791.00	35225.06
1792.00	35117.40
1793.00	34897.39
1794.00	35566.78
1795.00	35438.05
1796.00	35161.87
1797.00	34988.67
1798.00	35470.82
1799.00	35241.45
1800.00	35398.26
1801.00	34745.25
1802.00	34707.80
1803.00	34550.99
1804.00	34483.11
1805.00	34443.32
1806.00	34377.79
1807.00	34352.04
1808.00	34342.68
1809.00	34359.06
1810.00	34110.97
1811.00	34270.12
1812.00	33963.51
1813.00	33914.36
1814.00	34281.83
1815.00	34050.11
1816.00	33577.33
1817.00	33390.08
1818.00	33998.62
1819.00	33612.43
1820.00	33329.23
1821.00	33373.70
1822.00	33715.42
1823.00	32849.42
1824.00	32921.98
1825.00	33113.90
1826.00	32936.02
1827.00	33003.89
1828.00	33048.36
1829.00	32751.12
1830.00	33076.45
1831.00	32041.93
1832.00	32917.29
1833.00	32844.74
1834.00	32570.90
1835.00	32299.39
1836.00	32755.80
1837.00	32046.62
1838.00	32353.23
1839.00	32407.06
1840.00	31587.87
1841.00	31812.56
1842.00	31714.26
1843.00	31592.55
1844.00	31435.74
1845.00	31625.32
1846.00	31627.66
1847.00	31314.03
1848.00	31323.39
1849.00	31157.21
1850.00	31225.09
1851.00	30969.97
1852.00	30670.38
1853.00	30735.92
1854.00	30815.49
1855.00	30092.27
1856.00	30338.02
1857.00	30106.31
1858.00	30363.77
1859.00	30410.58
1860.00	29802.04
1861.00	30141.42
1862.00	30354.41
1863.00	29935.45
1864.00	30466.75
1865.00	30092.27
1866.00	29605.44
1867.00	29558.63
1868.00	29654.59
1869.00	29542.24
1870.00	29654.59
1871.00	29240.31
1872.00	29230.95
1873.00	28961.79
1874.00	29046.05
1875.00	28931.36
1876.00	28762.84
1877.00	28753.48
1878.00	28617.73
1879.00	28313.46
1880.00	28467.94
1881.00	28723.05
1882.00	28467.94
1883.00	28622.41
1884.00	28404.74
1885.00	28617.73
1886.00	28056.00
1887.00	28077.07
1888.00	27880.46
1889.00	27960.04
1890.00	27407.67
1891.00	27187.66
1892.00	27461.51
1893.00	27119.79
1894.00	27311.71
1895.00	27227.45
1896.00	27054.25
1897.00	27234.47
1898.00	27257.88
1899.00	27112.77
1900.00	27166.60
1901.00	26986.38
1902.00	26450.39
1903.00	26532.31
1904.00	26731.26
1905.00	26742.96
1906.00	26326.35
1907.00	26033.78
1908.00	26078.25
1909.00	26015.05
1910.00	25743.55
1911.00	25612.48
1912.00	25546.95
1913.00	25696.74
1914.00	25806.75
1915.00	25490.77
1916.00	25383.11
1917.00	25626.53
1918.00	25366.73
1919.00	25212.25
1920.00	25809.09
1921.00	25298.85
1922.00	24704.35
1923.00	24790.95
1924.00	24952.45
1925.00	24355.61
1926.00	24692.65
1927.00	24547.54
1928.00	24159.01
1929.00	23906.23
1930.00	23857.08
1931.00	24175.39
1932.00	24114.54
1933.00	23974.11
1934.00	24112.20
1935.00	24016.24
1936.00	24142.63
1937.00	23723.67
1938.00	23974.11
1939.00	23854.74
1940.00	23861.76
1941.00	23857.08
1942.00	23524.72
1943.00	23096.41
1944.00	23545.79
1945.00	23098.75
1946.00	23159.60
1947.00	22735.96
1948.00	22621.28
1949.00	22384.88
1950.00	22258.49
1951.00	22525.32
1952.00	22281.90
1953.00	22494.89
1954.00	22356.80
1955.00	22431.69
1956.00	22609.58
1957.00	22209.34
1958.00	22405.95
1959.00	21923.80
1960.00	22008.06
1961.00	22054.87
1962.00	21905.07
1963.00	21783.37
1964.00	21729.53
1965.00	21439.31
1966.00	21553.99
1967.00	21284.83
1968.00	21039.08
1969.00	20900.98
1970.00	20854.17
1971.00	21067.16
1972.00	20798.00
1973.00	20734.81
1974.00	20807.36
1975.00	20730.12
1976.00	20769.91
1977.00	20858.85
1978.00	20507.77
1979.00	20601.40
1980.00	20386.07
1981.00	20287.76
1982.00	19880.51
1983.00	19943.70
1984.00	19997.54
1985.00	19756.46
1986.00	19814.98
1987.00	19367.93
1988.00	19489.64
1989.00	19543.47
1990.00	19307.08
1991.00	19271.97
1992.00	19557.52
1993.00	19262.61
1994.00	19197.07
1995.00	19271.97
1996.00	19199.41
1997.00	18951.32
1998.00	18822.59
1999.00	18834.29
2000.00	18675.13
2001.00	18494.91
2002.00	18548.75
2003.00	18625.98
2004.00	18546.40
2005.00	18319.37
2006.00	18094.68
2007.00	18127.45
2008.00	18181.28
2009.00	17888.71
2010.00	17830.20
2011.00	17736.58
2012.00	17743.60
2013.00	17898.08
2014.00	17874.67
2015.00	17425.29
2016.00	17673.39
2017.00	17373.80
2018.00	17708.49
2019.00	17238.05
2020.00	17209.96
2021.00	16989.95
2022.00	17102.29
2023.00	16929.09
2024.00	16554.61
2025.00	16486.73
2026.00	16828.45
2027.00	16915.05
2028.00	16400.13
2029.00	16362.69
2030.00	16365.03
2031.00	16631.85
2032.00	16496.10
2033.00	16374.39
2034.00	16699.72
2035.00	16514.82
2036.00	16175.44
2037.00	16224.59
2038.00	15950.75
2039.00	15985.86
2040.00	15747.12
2041.00	15634.78
2042.00	16056.08
2043.00	15880.53
2044.00	15548.18
2045.00	15580.95
2046.00	15190.08
2047.00	15204.12
