0.00	1078.99
1.00	1078.99
2.00	1078.99
3.00	1067.28
4.00	952.60
5.00	1057.92
6.00	940.90
7.00	870.68
8.00	938.55
9.00	940.90
10.00	940.90
11.00	936.21
12.00	997.07
13.00	922.17
14.00	896.43
15.00	926.85
16.00	1027.50
17.00	964.30
18.00	1001.75
19.00	1013.45
20.00	968.98
21.00	971.32
22.00	1029.84
23.00	1036.86
24.00	1151.54
25.00	1362.19
26.00	1434.75
27.00	1533.05
28.00	1568.16
29.00	1439.43
30.00	1476.88
31.00	1448.79
32.00	1565.82
33.00	1509.65
34.00	1514.33
35.00	1493.26
36.00	1486.24
37.00	1568.16
38.00	1558.80
39.00	1617.31
40.00	1640.72
41.00	1547.09
42.00	1621.99
43.00	1689.87
44.00	1565.82
45.00	1603.27
46.00	1659.44
47.00	1638.38
48.00	1619.65
49.00	1666.46
50.00	1708.59
51.00	1671.14
52.00	1631.35
53.00	1724.97
54.00	1605.61
55.00	1710.93
56.00	1654.76
57.00	1720.29
58.00	1659.44
59.00	1757.74
60.00	1650.08
61.00	1643.06
62.00	1743.70
63.00	1739.02
64.00	1734.34
65.00	1820.94
66.00	1781.15
67.00	1809.23
68.00	1771.79
69.00	1678.16
70.00	1750.72
71.00	1867.75
72.00	1799.87
73.00	1748.38
74.00	1755.40
75.00	1771.79
76.00	1715.61
77.00	1802.21
78.00	1774.13
79.00	1851.36
80.00	1823.28
81.00	1842.00
82.00	1748.38
83.00	1870.09
84.00	1884.13
85.00	1933.28
86.00	1781.15
87.00	1886.47
88.00	1905.20
89.00	1916.90
90.00	1888.81
91.00	1928.60
92.00	1877.11
93.00	1851.36
94.00	1867.75
95.00	1921.58
96.00	1956.69
97.00	1888.81
98.00	1982.43
99.00	1994.14
100.00	1916.90
101.00	1832.64
102.00	1982.43
103.00	1937.96
104.00	2015.20
105.00	1987.11
106.00	2012.86
107.00	1959.03
108.00	2106.48
109.00	2099.46
110.00	2003.50
111.00	2043.29
112.00	2069.03
113.00	2040.95
114.00	2143.93
115.00	2122.87
116.00	1947.33
117.00	2059.67
118.00	2017.54
119.00	2094.78
120.00	2125.21
121.00	2129.89
122.00	2162.66
123.00	2188.40
124.00	2132.23
125.00	2181.38
126.00	2099.46
127.00	2153.29
128.00	2127.55
129.00	2249.25
130.00	2188.40
131.00	2190.74
132.00	2179.04
133.00	2181.38
134.00	2326.49
135.00	2296.07
136.00	2300.75
137.00	2347.56
138.00	2293.72
139.00	2260.96
140.00	2314.79
141.00	2272.66
142.00	2303.09
143.00	2401.39
144.00	2340.54
145.00	2342.88
146.00	2370.96
147.00	2385.01
148.00	2410.75
149.00	2333.51
150.00	2403.73
151.00	2385.01
152.00	2377.98
153.00	2473.95
154.00	2431.82
155.00	2539.48
156.00	2539.48
157.00	2462.24
158.00	2429.48
159.00	2541.82
160.00	2532.46
161.00	2539.48
162.00	2614.38
163.00	2609.70
164.00	2675.23
165.00	2658.85
166.00	2619.06
167.00	2560.55
168.00	2551.18
169.00	2719.70
170.00	2628.42
171.00	2696.30
172.00	2703.32
173.00	2628.42
174.00	2738.43
175.00	2768.85
176.00	2743.11
177.00	2736.09
178.00	2752.47
179.00	2736.09
180.00	2750.13
181.00	2834.39
182.00	2843.75
183.00	2897.58
184.00	2796.94
185.00	2944.39
186.00	2850.77
187.00	2970.14
188.00	2904.60
189.00	2913.97
190.00	2892.90
191.00	3002.91
192.00	2937.37
193.00	2911.63
194.00	3016.95
195.00	2986.52
196.00	3068.44
197.00	2984.18
198.00	3077.80
199.00	3087.17
200.00	3119.93
201.00	3077.80
202.00	3173.77
203.00	3070.78
204.00	3267.39
205.00	3157.38
206.00	3197.17
207.00	3098.87
208.00	3211.22
209.00	3274.41
210.00	3288.45
211.00	3342.28
212.00	3229.94
213.00	3166.74
214.00	3243.98
215.00	3290.79
216.00	3410.16
217.00	3396.12
218.00	3538.89
219.00	3468.67
220.00	3466.33
221.00	3466.33
222.00	3489.74
223.00	3454.63
224.00	3581.02
225.00	3389.10
226.00	3468.67
227.00	3574.00
228.00	3620.81
229.00	3503.78
230.00	3550.59
231.00	3655.92
232.00	3602.08
233.00	3758.90
234.00	3847.84
235.00	3719.11
236.00	3847.84
237.00	3756.56
238.00	3850.18
239.00	3892.31
240.00	3964.87
241.00	3974.23
242.00	4042.11
243.00	3964.87
244.00	3929.76
245.00	4112.32
246.00	4212.96
247.00	4051.47
248.00	4121.68
249.00	4184.88
250.00	4138.07
251.00	4149.77
252.00	4259.78
253.00	4332.33
254.00	4306.59
255.00	4353.40
256.00	4383.82
257.00	4472.76
258.00	4367.44
259.00	4475.10
260.00	4496.17
261.00	4404.89
262.00	4491.49
263.00	4624.90
264.00	4533.62
265.00	4638.94
266.00	4699.80
267.00	4631.92
268.00	4587.45
269.00	4652.98
270.00	4671.71
271.00	4793.42
272.00	4898.74
273.00	4975.98
274.00	4950.23
275.00	4983.00
276.00	5036.83
277.00	5001.72
278.00	4936.19
279.00	4954.91
280.00	5205.35
281.00	5008.75
282.00	5022.79
283.00	5018.11
284.00	5018.11
285.00	5029.81
286.00	5200.67
287.00	5177.26
288.00	5165.56
289.00	5186.63
290.00	5078.96
291.00	5303.65
292.00	5135.14
293.00	5198.33
294.00	5277.91
295.00	5235.78
296.00	5266.21
297.00	5430.04
298.00	5294.29
299.00	5174.92
300.00	5343.44
301.00	5266.21
302.00	4968.96
303.00	5004.07
304.00	5362.17
305.00	5355.15
306.00	5434.72
307.00	5263.86
308.00	5224.08
309.00	5458.13
310.00	5263.86
311.00	5308.34
312.00	5352.81
313.00	5315.36
314.00	5408.98
315.00	5348.12
316.00	5317.70
317.00	5224.08
318.00	5308.34
319.00	5502.60
320.00	5476.85
321.00	5451.11
322.00	5474.51
323.00	5661.76
324.00	5643.03
325.00	5563.45
326.00	5507.28
327.00	5811.55
328.00	5820.91
329.00	5486.22
330.00	5802.19
331.00	5849.00
332.00	5556.43
333.00	5495.58
334.00	5764.74
335.00	5921.56
336.00	5830.27
337.00	5982.41
338.00	5806.87
339.00	5982.41
340.00	6012.84
341.00	6038.58
342.00	6031.56
343.00	5970.71
344.00	6111.14
345.00	6106.46
346.00	6155.61
347.00	5984.75
348.00	6104.12
349.00	6148.59
350.00	6150.93
351.00	6129.86
352.00	6171.99
353.00	6239.87
354.00	6141.57
355.00	6171.99
356.00	6150.93
357.00	6216.46
358.00	6296.04
359.00	6303.06
360.00	6370.94
361.00	6324.13
362.00	6487.96
363.00	6441.15
364.00	6441.15
365.00	6485.62
366.00	6406.05
367.00	6443.49
368.00	6581.59
369.00	6794.58
370.00	6579.25
371.00	6560.52
372.00	6597.97
373.00	6689.25
374.00	6707.98
375.00	6682.23
376.00	6724.36
377.00	6789.89
378.00	6839.05
379.00	7030.97
380.00	7047.35
381.00	6860.11
382.00	7080.12
383.00	7192.47
384.00	7187.79
385.00	7286.09
386.00	7145.66
387.00	7218.21
388.00	7218.21
389.00	7375.03
390.00	7295.45
391.00	7494.40
392.00	7297.79
393.00	7478.01
394.00	7585.68
395.00	7707.38
396.00	7602.06
397.00	7826.75
398.00	7789.30
399.00	7803.35
400.00	7829.09
401.00	7796.32
402.00	7817.39
403.00	7889.95
404.00	7934.42
405.00	8032.72
406.00	8264.43
407.00	8081.87
408.00	7824.41
409.00	7405.46
410.00	7988.25
411.00	8367.42
412.00	8250.39
413.00	8016.33
414.00	8112.30
415.00	8217.62
416.00	8203.58
417.00	8039.74
418.00	8271.45
419.00	7978.89
420.00	8290.18
421.00	8182.51
422.00	8257.41
423.00	8156.77
424.00	8131.02
425.00	8065.49
426.00	8301.88
427.00	8189.53
428.00	8046.76
429.00	8088.89
430.00	8203.58
431.00	8070.17
432.00	8107.62
433.00	8336.99
434.00	8304.22
435.00	8259.75
436.00	8538.27
437.00	8250.39
438.00	8287.84
439.00	8374.44
440.00	8781.69
441.00	8549.98
442.00	8617.85
443.00	8606.15
444.00	8470.40
445.00	8524.23
446.00	8718.50
447.00	8723.18
448.00	8702.11
449.00	8557.00
450.00	8582.74
451.00	8849.57
452.00	8908.08
453.00	8884.67
454.00	8678.71
455.00	8847.22
456.00	8643.60
457.00	8807.44
458.00	9011.06
459.00	8943.19
460.00	8737.22
461.00	9135.11
462.00	9015.74
463.00	9043.83
464.00	8765.31
465.00	9046.17
466.00	9064.89
467.00	9092.98
468.00	9167.88
469.00	9296.61
470.00	9413.63
471.00	9221.71
472.00	9303.63
473.00	9160.86
474.00	9345.76
475.00	9397.25
476.00	9654.71
477.00	9654.71
478.00	9563.43
479.00	9551.73
480.00	9556.41
481.00	9652.37
482.00	9858.34
483.00	9792.80
484.00	9556.41
485.00	9738.97
486.00	9657.05
487.00	9914.51
488.00	9659.39
489.00	9991.75
490.00	10005.79
491.00	9776.42
492.00	9741.31
493.00	9944.94
494.00	10059.62
495.00	10225.80
496.00	10050.26
497.00	10078.35
498.00	10022.17
499.00	10300.70
500.00	10281.97
501.00	10328.78
502.00	10228.14
503.00	10099.41
504.00	10134.52
505.00	10223.46
506.00	10349.85
507.00	10501.98
508.00	10600.29
509.00	10546.45
510.00	10506.66
511.00	10609.65
512.00	10574.54
513.00	10665.82
514.00	10665.82
515.00	10649.44
516.00	10541.77
517.00	10448.15
518.00	10626.03
519.00	10546.45
520.00	10574.54
521.00	10691.57
522.00	10569.86
523.00	10628.37
524.00	10963.07
525.00	10817.96
526.00	10949.03
527.00	10778.17
528.00	10853.06
529.00	10787.53
530.00	10977.11
531.00	11075.42
532.00	10888.17
533.00	11103.50
534.00	11054.35
535.00	10881.15
536.00	11234.57
537.00	10949.03
538.00	11084.78
539.00	11269.68
540.00	11288.40
541.00	11035.63
542.00	11353.94
543.00	11482.67
544.00	11435.86
545.00	11482.67
546.00	11543.52
547.00	11243.93
548.00	11307.13
549.00	11728.42
550.00	11517.78
551.00	11859.49
552.00	11709.70
553.00	11627.78
554.00	11880.56
555.00	11681.61
556.00	11985.88
557.00	11763.53
558.00	11988.22
559.00	11836.09
560.00	12198.87
561.00	12161.42
562.00	12351.01
563.00	12262.07
564.00	12252.70
565.00	12161.42
566.00	12229.30
567.00	12664.64
568.00	12238.66
569.00	12486.76
570.00	12442.29
571.00	12627.19
572.00	12746.56
573.00	12599.10
574.00	12865.92
575.00	12669.32
576.00	13041.46
577.00	13273.18
578.00	13107.00
579.00	13114.02
580.00	13202.96
581.00	13310.63
582.00	13055.51
583.00	13390.20
584.00	13331.69
585.00	13544.68
586.00	13954.27
587.00	13813.84
588.00	13722.56
589.00	13633.62
590.00	13888.74
591.00	14129.81
592.00	13942.57
593.00	14272.59
594.00	14553.45
595.00	14672.82
596.00	14588.56
597.00	14607.28
598.00	14848.36
599.00	14850.70
600.00	14960.70
601.00	15206.46
602.00	15220.50
603.00	15419.45
604.00	15550.52
605.00	15597.33
606.00	15981.18
607.00	15594.99
608.00	15899.26
609.00	16037.35
610.00	15920.32
611.00	15929.69
612.00	16100.55
613.00	15948.41
614.00	16521.84
615.00	16482.05
616.00	16952.50
617.00	17188.89
618.00	16823.77
619.00	17418.27
620.00	17151.45
621.00	17324.65
622.00	17369.12
623.00	17980.00
624.00	17790.41
625.00	17486.14
626.00	17898.08
627.00	18345.12
628.00	17853.61
629.00	18277.24
630.00	18719.60
631.00	18981.74
632.00	18803.86
633.00	18693.86
634.00	19030.90
635.00	19274.31
636.00	19271.97
637.00	19772.85
638.00	19822.00
639.00	19407.72
640.00	19632.41
641.00	19805.61
642.00	20130.95
643.00	20318.19
644.00	20259.68
645.00	20643.52
646.00	20673.95
647.00	20631.82
648.00	20828.43
649.00	20964.18
650.00	21579.74
651.00	21378.45
652.00	21455.69
653.00	21664.00
654.00	21734.21
655.00	21668.68
656.00	22314.67
657.00	22572.13
658.00	22593.19
659.00	22471.48
660.00	22848.31
661.00	22728.94
662.00	22923.21
663.00	23515.36
664.00	23346.84
665.00	23894.53
666.00	23686.22
667.00	23967.09
668.00	23960.06
669.00	24004.53
670.00	24121.56
671.00	24276.04
672.00	24133.26
673.00	24638.82
674.00	24821.38
675.00	24840.11
676.00	24683.29
677.00	24453.92
678.00	25069.48
679.00	25202.89
680.00	25050.75
681.00	25507.16
682.00	25755.26
683.00	25530.56
684.00	26202.30
685.00	26642.32
686.00	26354.43
687.00	26209.32
688.00	26490.18
689.00	26490.18
690.00	26595.51
691.00	27449.80
692.00	27082.34
693.00	27328.10
694.00	27391.29
695.00	27295.33
696.00	27522.36
697.00	27679.18
698.00	27817.27
699.00	27908.55
700.00	27821.95
701.00	27775.14
702.00	28187.07
703.00	28175.37
704.00	28781.57
705.00	28725.39
706.00	28056.00
707.00	29376.06
708.00	29310.53
709.00	29350.32
710.00	29333.93
711.00	29497.77
712.00	29441.60
713.00	29256.70
714.00	29614.80
715.00	29759.91
716.00	30473.78
717.00	29921.41
718.00	30464.41
719.00	29729.48
720.00	30312.28
721.00	30581.44
722.00	30511.22
723.00	30412.92
724.00	31150.19
725.00	30836.56
726.00	30799.11
727.00	31075.29
728.00	31126.78
729.00	30951.24
730.00	31489.57
731.00	31503.61
732.00	31866.39
733.00	31854.69
734.00	31634.68
735.00	31299.98
736.00	31782.13
737.00	31693.19
738.00	32332.16
739.00	31969.38
740.00	32055.98
741.00	32154.28
742.00	32201.09
743.00	32283.01
744.00	32772.18
745.00	33156.03
746.00	33230.93
747.00	33008.58
748.00	33057.73
749.00	33067.09
750.00	33493.07
751.00	33184.12
752.00	33151.35
753.00	33406.47
754.00	33563.28
755.00	33406.47
756.00	33893.30
757.00	33799.68
758.00	33607.75
759.00	33998.62
760.00	34281.83
761.00	34312.25
762.00	34412.90
763.00	34220.97
764.00	34590.78
765.00	34457.37
766.00	34127.35
767.00	34707.80
768.00	35077.61
769.00	34405.88
770.00	35161.87
771.00	35578.48
772.00	35407.62
773.00	35239.11
774.00	35433.37
775.00	35337.41
776.00	35028.46
777.00	35271.87
778.00	35945.95
779.00	35920.20
780.00	35929.56
781.00	35501.25
782.00	35786.79
783.00	35873.39
784.00	36140.21
785.00	36348.52
786.00	35969.35
787.00	36219.79
788.00	36582.57
789.00	36311.07
790.00	36807.26
791.00	36526.40
792.00	37043.66
793.00	36828.33
794.00	36872.80
795.00	36954.72
796.00	36905.57
797.00	37078.77
798.00	37254.31
799.00	37031.96
800.00	37476.66
801.00	37406.44
802.00	37750.50
803.00	38014.98
804.00	37233.24
805.00	37429.85
806.00	37804.33
807.00	38286.48
808.00	37724.75
809.00	38017.32
810.00	38162.43
811.00	38141.37
812.00	38567.35
813.00	38223.29
814.00	38403.51
815.00	38604.80
816.00	38464.36
817.00	38850.55
818.00	38682.03
819.00	38873.96
820.00	38972.26
821.00	38813.10
822.00	38941.83
823.00	38394.15
824.00	39653.36
825.00	38810.76
826.00	39477.82
827.00	39440.37
828.00	39786.77
829.00	39494.20
830.00	39407.60
831.00	39613.57
832.00	39524.63
833.00	39966.99
834.00	40013.80
835.00	39611.23
836.00	39555.05
837.00	40095.72
838.00	40165.93
839.00	39814.85
840.00	40327.43
841.00	40680.85
842.00	40357.86
843.00	40545.10
844.00	40493.61
845.00	40517.01
846.00	40882.14
847.00	40540.42
848.00	40582.55
849.00	40765.11
850.00	40900.86
851.00	40975.76
852.00	41174.70
853.00	41172.36
854.00	41633.45
855.00	41078.74
856.00	41373.65
857.00	41368.97
858.00	41691.96
859.00	41619.41
860.00	41680.26
861.00	41661.54
862.00	41750.48
863.00	41855.80
864.00	41626.43
865.00	41816.01
866.00	42038.36
867.00	42010.28
868.00	42260.71
869.00	42382.42
870.00	42354.33
871.00	42075.81
872.00	42167.09
873.00	42024.32
874.00	41872.18
875.00	42595.41
876.00	42497.11
877.00	42745.20
878.00	42548.60
879.00	42651.58
880.00	42721.80
881.00	42752.23
882.00	42920.74
883.00	42770.95
884.00	42710.10
885.00	43206.29
886.00	42990.96
887.00	43480.13
888.00	43203.95
889.00	43178.20
890.00	43040.11
891.00	42806.06
892.00	43283.53
893.00	43339.70
894.00	43452.05
895.00	43215.65
896.00	43807.81
897.00	43103.31
898.00	43187.56
899.00	43213.31
900.00	43775.04
901.00	43814.83
902.00	44058.24
903.00	43878.02
904.00	43735.25
905.00	44065.27
906.00	43969.30
907.00	44205.70
908.00	44025.48
909.00	44069.95
910.00	44191.65
911.00	44545.08
912.00	44105.06
913.00	44032.50
914.00	44226.76
915.00	44467.84
916.00	44418.69
917.00	44477.20
918.00	44734.66
919.00	44683.17
920.00	44406.98
921.00	44449.11
922.00	44687.85
923.00	44903.18
924.00	44399.96
925.00	44804.88
926.00	44786.15
927.00	44877.43
928.00	45492.99
929.00	45048.29
930.00	45064.67
931.00	44921.90
932.00	45579.59
933.00	45380.65
934.00	45261.28
935.00	45001.48
936.00	45242.56
937.00	45539.80
938.00	45385.33
939.00	45366.60
940.00	45392.35
941.00	45755.13
942.00	45539.80
943.00	45535.12
944.00	45680.24
945.00	46101.53
946.00	45717.68
947.00	46021.95
948.00	45865.14
949.00	46258.35
950.00	45771.52
951.00	45961.10
952.00	45792.58
953.00	46167.07
954.00	46263.03
955.00	46248.99
956.00	46155.36
957.00	46286.43
958.00	45876.84
959.00	46192.81
960.00	46253.67
961.00	45703.64
962.00	46054.72
963.00	46314.52
964.00	46660.92
965.00	46543.89
966.00	46679.64
967.00	47136.05
968.00	47353.72
969.00	46934.76
970.00	46948.81
971.00	47019.02
972.00	47466.06
973.00	47269.46
974.00	46880.93
975.00	47236.69
976.00	47423.93
977.00	47152.43
978.00	47145.41
979.00	47014.34
980.00	47459.04
981.00	46946.47
982.00	47831.19
983.00	47718.84
984.00	47952.90
985.00	47564.37
986.00	47332.65
987.00	47241.37
988.00	47475.43
989.00	47526.92
990.00	46871.57
991.00	47807.78
992.00	47473.09
993.00	47475.43
994.00	48121.41
995.00	47969.28
996.00	47700.12
997.00	47840.55
998.00	47936.51
999.00	47693.10
1000.00	48154.18
1001.00	48339.08
1002.00	48198.65
1003.00	48119.07
1004.00	47997.37
1005.00	47484.79
1006.00	47782.04
1007.00	48222.06
1008.00	48133.12
1009.00	48329.72
1010.00	48109.71
1011.00	48381.21
1012.00	48633.99
1013.00	48523.99
1014.00	47826.51
1015.00	48371.85
1016.00	47978.64
1017.00	48378.87
1018.00	48088.65
1019.00	48767.40
1020.00	48692.50
1021.00	48531.01
1022.00	48615.27
1023.00	48268.87
1024.00	48509.94
1025.00	48287.59
1026.00	48589.52
1027.00	48928.90
1028.00	48776.76
1029.00	48739.32
1030.00	48835.28
1031.00	48877.41
1032.00	48814.21
1033.00	48687.82
1034.00	48980.39
1035.00	48999.12
1036.00	49008.48
1037.00	49141.89
1038.00	49347.86
1039.00	49331.47
1040.00	49261.26
1041.00	49006.14
1042.00	49036.56
1043.00	48893.79
1044.00	49022.52
1045.00	49041.24
1046.00	49240.19
1047.00	49148.91
1048.00	49392.33
1049.00	49532.76
1050.00	49195.72
1051.00	49799.58
1052.00	49682.55
1053.00	49567.87
1054.00	49619.36
1055.00	49216.78
1056.00	49326.79
1057.00	49031.88
1058.00	49666.17
1059.00	49415.73
1060.00	49455.52
1061.00	49684.89
1062.00	49909.58
1063.00	49427.43
1064.00	49745.75
1065.00	49284.66
1066.00	49144.23
1067.00	49272.96
1068.00	49720.00
1069.00	50153.00
1070.00	49691.91
1071.00	50057.04
1072.00	49542.12
1073.00	49958.73
1074.00	49881.50
1075.00	49888.52
1076.00	49322.11
1077.00	49490.63
1078.00	49982.14
1079.00	49970.44
1080.00	49752.77
1081.00	49752.77
1082.00	49935.33
1083.00	49986.82
1084.00	49535.10
1085.00	49602.97
1086.00	49684.89
1087.00	49546.80
1088.00	50255.98
1089.00	49808.94
1090.00	50021.93
1091.00	50066.40
1092.00	49717.66
1093.00	50021.93
1094.00	49628.72
1095.00	49867.45
1096.00	49771.49
1097.00	49921.29
1098.00	50085.12
1099.00	50293.43
1100.00	49914.26
1101.00	50122.57
1102.00	50176.40
1103.00	50286.41
1104.00	50220.87
1105.00	50174.06
1106.00	49909.58
1107.00	49778.51
1108.00	50181.09
1109.00	50124.91
1110.00	50445.57
1111.00	50506.42
1112.00	49958.73
1113.00	50487.70
1114.00	50356.63
1115.00	50230.24
1116.00	50368.33
1117.00	49947.03
1118.00	50204.49
1119.00	50094.49
1120.00	50361.31
1121.00	50365.99
1122.00	49947.03
1123.00	50373.01
1124.00	50232.58
1125.00	50209.17
1126.00	49923.63
1127.00	50017.25
1128.00	50361.31
1129.00	50005.55
1130.00	50150.66
1131.00	50527.48
1132.00	50232.58
1133.00	50410.46
1134.00	50174.06
1135.00	49862.77
1136.00	49860.43
1137.00	50010.23
1138.00	49773.83
1139.00	49827.66
1140.00	50012.57
1141.00	50237.26
1142.00	50457.27
1143.00	50391.73
1144.00	50164.70
1145.00	50195.13
1146.00	50141.30
1147.00	50239.60
1148.00	50153.00
1149.00	49848.73
1150.00	50436.20
1151.00	50246.62
1152.00	49947.03
1153.00	50602.38
1154.00	50267.69
1155.00	50557.91
1156.00	50096.83
1157.00	50115.55
1158.00	49930.65
1159.00	50174.06
1160.00	50223.22
1161.00	50445.57
1162.00	50429.18
1163.00	50092.15
1164.00	50569.61
1165.00	50567.27
1166.00	50480.67
1167.00	50197.47
1168.00	50274.71
1169.00	50281.73
1170.00	49904.90
1171.00	50337.90
1172.00	50340.24
1173.00	49883.84
1174.00	50148.32
1175.00	50237.26
1176.00	50026.61
1177.00	50422.16
1178.00	49951.71
1179.00	49851.07
1180.00	49710.64
1181.00	49600.63
1182.00	50216.19
1183.00	50302.79
1184.00	50277.05
1185.00	50499.40
1186.00	50422.16
1187.00	50012.57
1188.00	50600.04
1189.00	50141.30
1190.00	50431.52
1191.00	50305.13
1192.00	50246.62
1193.00	49965.76
1194.00	49986.82
1195.00	50321.52
1196.00	50178.75
1197.00	50443.23
1198.00	50237.26
1199.00	50066.40
1200.00	50602.38
1201.00	50351.94
1202.00	50171.72
1203.00	50052.36
1204.00	50052.36
1205.00	50351.94
1206.00	50326.20
1207.00	50129.59
1208.00	50195.13
1209.00	50241.94
1210.00	50209.17
1211.00	50167.04
1212.00	50031.29
1213.00	49918.95
1214.00	50241.94
1215.00	49771.49
1216.00	50113.21
1217.00	49876.82
1218.00	50726.43
1219.00	50340.24
1220.00	50515.78
1221.00	50450.25
1222.00	50064.06
1223.00	50543.87
1224.00	49780.85
1225.00	49996.18
1226.00	50206.83
1227.00	49682.55
1228.00	50429.18
1229.00	49869.79
1230.00	50223.22
1231.00	50059.38
1232.00	50490.04
1233.00	50361.31
1234.00	50099.17
1235.00	49516.37
1236.00	49598.29
1237.00	50045.33
1238.00	49865.11
1239.00	50204.49
1240.00	50506.42
1241.00	50106.19
1242.00	50082.78
1243.00	50237.26
1244.00	50445.57
1245.00	49951.71
1246.00	49902.56
1247.00	50298.11
1248.00	50358.97
1249.00	50485.36
1250.00	49937.67
1251.00	50410.46
1252.00	50602.38
1253.00	50499.40
1254.00	50595.36
1255.00	50590.68
1256.00	50499.40
1257.00	50459.61
1258.00	50522.80
1259.00	50384.71
1260.00	50096.83
1261.00	50347.26
1262.00	50321.52
1263.00	50499.40
1264.00	51107.94
1265.00	50721.75
1266.00	50459.61
1267.00	50560.25
1268.00	50588.34
1269.00	50394.07
1270.00	50340.24
1271.00	49904.90
1272.00	50190.45
1273.00	50431.52
1274.00	50021.93
1275.00	50707.71
1276.00	50422.16
1277.00	50171.72
1278.00	50356.63
1279.00	50454.93
1280.00	50684.30
1281.00	50251.30
1282.00	50398.76
1283.00	49921.29
1284.00	50323.86
1285.00	50415.14
1286.00	50609.40
1287.00	50277.05
1288.00	50279.39
1289.00	50351.94
1290.00	50710.05
1291.00	50153.00
1292.00	50145.98
1293.00	50108.53
1294.00	50475.99
1295.00	50211.51
1296.00	50106.19
1297.00	50408.12
1298.00	50178.75
1299.00	50412.80
1300.00	50295.77
1301.00	50351.94
1302.00	50365.99
1303.00	50335.56
1304.00	50497.06
1305.00	50178.75
1306.00	50138.96
1307.00	49942.35
1308.00	49982.14
1309.00	50483.01
1310.00	50078.10
1311.00	50443.23
1312.00	50660.90
1313.00	50733.45
1314.00	50124.91
1315.00	50380.03
1316.00	50232.58
1317.00	50380.03
1318.00	50349.60
1319.00	50295.77
1320.00	50375.35
1321.00	50387.05
1322.00	50583.66
1323.00	50710.05
1324.00	50431.52
1325.00	50822.39
1326.00	50365.99
1327.00	50618.77
1328.00	49745.75
1329.00	50270.03
1330.00	50298.11
1331.00	49867.45
1332.00	50134.28
1333.00	50185.77
1334.00	50569.61
1335.00	50405.78
1336.00	50405.78
1337.00	50106.19
1338.00	50302.79
1339.00	50337.90
1340.00	50412.80
1341.00	50026.61
1342.00	49897.88
1343.00	50197.47
1344.00	50110.87
1345.00	50529.83
1346.00	50038.31
1347.00	50408.12
1348.00	50438.54
1349.00	50265.34
1350.00	50447.91
1351.00	50047.68
1352.00	49633.40
1353.00	49565.52
1354.00	49656.81
1355.00	49680.21
1356.00	49511.69
1357.00	49736.38
1358.00	49867.45
1359.00	49820.64
1360.00	50188.11
1361.00	49897.88
1362.00	50087.46
1363.00	49869.79
1364.00	50054.70
1365.00	49888.52
1366.00	49909.58
1367.00	49565.52
1368.00	49345.51
1369.00	49439.14
1370.00	49469.56
1371.00	49556.16
1372.00	49832.35
1373.00	49942.35
1374.00	50169.38
1375.00	49947.03
1376.00	49364.24
1377.00	50190.45
1378.00	49326.79
1379.00	49237.85
1380.00	49553.82
1381.00	49137.21
1382.00	49347.86
1383.00	49591.27
1384.00	49530.42
1385.00	49106.78
1386.00	50040.65
1387.00	49783.19
1388.00	49184.02
1389.00	49481.27
1390.00	49034.22
1391.00	49141.89
1392.00	49219.13
1393.00	49066.99
1394.00	49167.63
1395.00	49144.23
1396.00	49106.78
1397.00	49401.69
1398.00	48968.69
1399.00	50061.72
1400.00	49551.48
1401.00	49233.17
1402.00	49104.44
1403.00	48884.43
1404.00	49020.18
1405.00	48659.74
1406.00	48598.88
1407.00	49057.63
1408.00	49027.20
1409.00	48879.75
1410.00	49399.35
1411.00	49221.47
1412.00	48891.45
1413.00	49071.67
1414.00	48975.71
1415.00	48624.63
1416.00	48800.17
1417.00	48748.68
1418.00	48538.03
1419.00	48563.78
1420.00	48648.03
1421.00	48802.51
1422.00	48425.68
1423.00	48947.62
1424.00	48985.07
1425.00	48552.07
1426.00	48956.99
1427.00	48535.69
1428.00	48409.30
1429.00	48261.85
1430.00	48516.96
1431.00	48390.58
1432.00	48182.27
1433.00	48245.46
1434.00	47791.40
1435.00	48308.66
1436.00	48367.17
1437.00	48198.65
1438.00	48128.44
1439.00	48285.25
1440.00	48081.63
1441.00	48610.59
1442.00	48208.01
1443.00	47433.30
1444.00	47859.27
1445.00	47807.78
1446.00	47407.55
1447.00	47936.51
1448.00	47578.41
1449.00	47641.60
1450.00	48142.48
1451.00	47735.23
1452.00	47917.79
1453.00	48142.48
1454.00	48105.03
1455.00	47927.15
1456.00	47304.57
1457.00	47248.39
1458.00	47648.63
1459.00	48076.94
1460.00	47590.11
1461.00	47779.70
1462.00	47636.92
1463.00	47688.42
1464.00	47491.81
1465.00	47852.25
1466.00	47660.33
1467.00	47793.74
1468.00	47496.49
1469.00	47140.73
1470.00	47693.10
1471.00	47058.81
1472.00	46937.10
1473.00	46848.16
1474.00	46904.34
1475.00	47269.46
1476.00	47547.98
1477.00	47562.03
1478.00	47297.55
1479.00	47381.80
1480.00	47510.53
1481.00	47037.75
1482.00	46995.62
1483.00	47119.66
1484.00	46576.66
1485.00	46424.53
1486.00	46586.02
1487.00	46597.73
1488.00	46461.97
1489.00	46609.43
1490.00	46597.73
1491.00	46410.48
1492.00	47072.85
1493.00	46483.04
1494.00	46684.33
1495.00	46962.85
1496.00	46256.01
1497.00	46389.42
1498.00	46157.70
1499.00	46143.66
1500.00	46188.13
1501.00	46340.27
1502.00	46270.05
1503.00	46361.33
1504.00	46293.46
1505.00	46461.97
1506.00	46279.41
1507.00	46323.88
1508.00	46253.67
1509.00	46284.09
1510.00	45495.33
1511.00	45834.71
1512.00	45825.35
1513.00	45581.93
1514.00	46099.19
1515.00	46401.12
1516.00	45429.80
1517.00	45588.95
1518.00	45647.47
1519.00	45670.87
1520.00	45549.17
1521.00	45853.44
1522.00	45944.72
1523.00	45270.64
1524.00	45773.86
1525.00	45813.65
1526.00	45790.24
1527.00	45457.88
1528.00	45399.37
1529.00	45888.54
1530.00	45574.91
1531.00	45563.21
1532.00	45088.08
1533.00	45724.71
1534.00	45792.58
1535.00	44907.86
1536.00	45675.55
1537.00	45677.90
1538.00	45385.33
1539.00	45148.93
1540.00	44957.01
1541.00	44912.54
1542.00	44788.49
1543.00	44912.54
1544.00	44549.76
1545.00	44811.90
1546.00	44835.30
1547.00	45132.55
1548.00	44957.01
1549.00	45015.52
1550.00	45099.78
1551.00	45146.59
1552.00	44643.38
1553.00	44261.87
1554.00	44875.09
1555.00	44526.35
1556.00	44348.47
1557.00	44306.34
1558.00	44505.29
1559.00	44692.53
1560.00	44264.21
1561.00	44486.56
1562.00	44760.40
1563.00	44676.15
1564.00	44526.35
1565.00	44112.08
1566.00	44360.17
1567.00	44275.91
1568.00	43962.28
1569.00	44123.78
1570.00	44067.61
1571.00	44130.80
1572.00	44186.97
1573.00	43952.92
1574.00	43686.10
1575.00	43957.60
1576.00	43838.23
1577.00	43913.13
1578.00	44245.49
1579.00	43833.55
1580.00	43667.37
1581.00	43676.74
1582.00	43700.14
1583.00	43299.91
1584.00	43232.04
1585.00	43477.79
1586.00	43524.60
1587.00	42857.55
1588.00	43164.16
1589.00	43697.80
1590.00	43812.49
1591.00	43655.67
1592.00	43854.62
1593.00	43517.58
1594.00	43229.69
1595.00	43566.73
1596.00	43180.54
1597.00	42969.90
1598.00	42777.97
1599.00	43147.78
1600.00	43100.97
1601.00	43002.66
1602.00	43306.93
1603.00	43323.32
1604.00	42902.02
1605.00	43035.43
1606.00	43365.45
1607.00	43002.66
1608.00	42857.55
1609.00	42628.18
1610.00	42731.16
1611.00	43037.77
1612.00	42593.07
1613.00	42726.48
1614.00	42651.58
1615.00	42890.32
1616.00	43007.34
1617.00	42471.36
1618.00	42742.86
1619.00	42803.72
1620.00	42693.71
1621.00	42564.98
1622.00	42953.51
1623.00	42745.20
1624.00	42092.19
1625.00	42288.80
1626.00	42429.23
1627.00	42707.76
1628.00	42511.15
1629.00	42256.03
1630.00	42440.93
1631.00	41855.80
1632.00	42064.11
1633.00	41972.83
1634.00	42211.56
1635.00	42557.96
1636.00	42230.29
1637.00	42003.25
1638.00	42658.60
1639.00	42101.56
1640.00	42021.98
1641.00	41504.72
1642.00	41574.94
1643.00	41926.02
1644.00	41881.55
1645.00	41511.74
1646.00	41876.86
1647.00	42265.39
1648.00	41748.14
1649.00	42024.32
1650.00	41371.31
1651.00	41738.77
1652.00	42066.45
1653.00	41951.76
1654.00	41425.14
1655.00	41832.39
1656.00	41521.10
1657.00	41488.34
1658.00	41497.70
1659.00	41443.87
1660.00	41289.39
1661.00	41020.23
1662.00	41146.62
1663.00	40903.20
1664.00	41158.32
1665.00	41242.58
1666.00	41406.42
1667.00	41551.53
1668.00	41303.43
1669.00	41041.29
1670.00	40996.82
1671.00	40924.27
1672.00	41148.96
1673.00	41415.78
1674.00	40488.93
1675.00	41186.41
1676.00	40818.94
1677.00	40643.40
1678.00	40917.25
1679.00	40795.54
1680.00	40861.07
1681.00	40802.56
1682.00	41099.81
1683.00	40781.49
1684.00	40627.02
1685.00	40594.25
1686.00	40493.61
1687.00	40472.54
1688.00	40542.76
1689.00	40678.51
1690.00	40287.64
1691.00	40224.45
1692.00	40245.51
1693.00	40409.35
1694.00	40100.40
1695.00	40357.86
1696.00	40315.73
1697.00	40872.78
1698.00	40430.41
1699.00	40151.89
1700.00	39826.56
1701.00	39873.37
1702.00	39763.36
1703.00	39777.40
1704.00	39728.25
1705.00	39906.13
1706.00	39999.76
1707.00	40287.64
1708.00	39210.99
1709.00	39524.63
1710.00	39543.35
1711.00	39482.50
1712.00	39838.26
1713.00	39679.10
1714.00	39611.23
1715.00	39784.43
1716.00	39679.10
1717.00	39112.69
1718.00	39103.33
1719.00	39196.95
1720.00	39232.06
1721.00	39302.28
1722.00	38766.29
1723.00	38806.08
1724.00	38969.92
1725.00	38560.33
1726.00	38714.80
1727.00	38436.28
1728.00	39337.38
1729.00	38485.43
1730.00	38827.15
1731.00	38836.51
1732.00	38630.54
1733.00	38588.41
1734.00	38412.87
1735.00	38799.06
1736.00	38579.05
1737.00	38234.99
1738.00	38286.48
1739.00	38038.39
1740.00	38143.71
1741.00	38244.35
1742.00	38321.59
1743.00	38143.71
1744.00	38298.19
1745.00	38026.68
1746.00	37797.31
1747.00	37809.01
1748.00	38312.23
1749.00	37764.54
1750.00	37628.79
1751.00	37530.49
1752.00	37979.87
1753.00	37111.53
1754.00	37113.87
1755.00	37261.33
1756.00	37787.95
1757.00	37312.82
1758.00	37207.50
1759.00	36884.50
1760.00	37481.34
1761.00	37280.05
1762.00	37003.87
1763.00	37361.97
1764.00	36952.38
1765.00	36912.59
1766.00	36898.55
1767.00	37003.87
1768.00	36545.12
1769.00	36549.81
1770.00	36559.17
1771.00	36952.38
1772.00	36577.89
1773.00	36732.37
1774.00	36313.41
1775.00	36465.55
1776.00	36655.13
1777.00	36053.61
1778.00	36062.97
1779.00	35997.44
1780.00	36210.43
1781.00	35725.94
1782.00	35665.08
1783.00	35573.80
1784.00	35864.03
1785.00	35398.26
1786.00	35196.98
1787.00	35627.63
1788.00	35335.07
1789.00	34944.20
1790.00	35487.20
1791.00	35421.67
1792.00	35445.07
1793.00	34946.54
1794.00	35405.28
1795.00	34801.43
1796.00	35580.82
1797.00	35379.54
1798.00	35232.08
1799.00	35304.64
1800.00	34909.09
1801.00	34787.38
1802.00	34565.03
1803.00	34686.74
1804.00	34211.61
1805.00	34270.12
1806.00	34237.36
1807.00	34408.22
1808.00	34417.58
1809.00	34326.30
1810.00	34092.24
1811.00	34068.84
1812.00	34050.11
1813.00	34169.48
1814.00	34012.66
1815.00	34103.95
1816.00	33797.34
1817.00	33912.02
1818.00	33418.17
1819.00	33214.54
1820.00	33741.16
1821.00	33284.76
1822.00	33216.88
1823.00	33308.16
1824.00	33104.54
1825.00	33235.61
1826.00	32905.59
1827.00	33134.96
1828.00	32898.57
1829.00	33149.01
1830.00	32739.41
1831.00	31927.25
1832.00	32442.17
1833.00	33057.73
1834.00	33017.94
1835.00	32348.54
1836.00	32456.21
1837.00	31688.51
1838.00	32051.30
1839.00	31983.42
1840.00	32046.62
1841.00	31805.54
1842.00	31637.02
1843.00	31351.48
1844.00	31438.08
1845.00	31218.07
1846.00	31461.48
1847.00	31307.01
1848.00	31239.13
1849.00	31026.14
1850.00	31285.94
1851.00	31126.78
1852.00	30452.71
1853.00	30684.42
1854.00	30803.79
1855.00	30370.79
1856.00	30237.38
1857.00	30279.51
1858.00	30527.61
1859.00	29935.45
1860.00	30012.69
1861.00	30293.55
1862.00	29788.00
1863.00	30078.22
1864.00	29823.11
1865.00	29982.26
1866.00	29729.48
1867.00	29813.74
1868.00	29771.61
1869.00	29024.98
1870.00	29584.37
1871.00	29233.29
1872.00	29057.75
1873.00	29216.91
1874.00	28987.53
1875.00	29170.10
1876.00	28954.77
1877.00	28968.81
1878.00	28814.34
1879.00	28388.36
1880.00	28533.47
1881.00	28496.02
1882.00	28580.28
1883.00	28243.24
1884.00	28332.18
1885.00	28257.29
1886.00	28098.13
1887.00	27969.40
1888.00	27812.59
1889.00	27601.94
1890.00	27676.83
1891.00	27634.71
1892.00	27204.05
1893.00	27332.78
1894.00	27147.87
1895.00	26871.69
1896.00	26843.60
1897.00	26815.52
1898.00	27281.28
1899.00	26813.18
1900.00	27253.20
1901.00	26684.45
1902.00	26991.06
1903.00	26738.28
1904.00	26581.46
1905.00	26190.59
1906.00	26567.42
1907.00	26125.06
1908.00	26001.01
1909.00	25907.39
1910.00	25905.05
1911.00	25668.66
1912.00	25500.14
1913.00	25598.44
1914.00	25535.24
1915.00	25720.15
1916.00	25418.22
1917.00	25263.74
1918.00	25455.67
1919.00	25284.81
1920.00	25266.08
1921.00	25025.01
1922.00	25219.27
1923.00	24830.74
1924.00	25085.86
1925.00	24559.24
1926.00	24222.20
1927.00	24250.29
1928.00	24009.22
1929.00	24542.86
1930.00	24161.35
1931.00	24353.27
1932.00	24128.58
1933.00	24102.84
1934.00	23730.69
1935.00	23999.85
1936.00	23805.59
1937.00	23878.15
1938.00	23616.01
1939.00	23889.85
1940.00	23901.55
1941.00	23927.30
1942.00	23836.02
1943.00	23477.91
1944.00	23410.04
1945.00	23077.68
1946.00	23115.13
1947.00	22773.41
1948.00	22300.62
1949.00	22750.01
1950.00	22204.66
1951.00	22431.69
1952.00	22155.51
1953.00	22073.59
1954.00	22693.83
1955.00	22377.86
1956.00	22256.15
1957.00	22207.00
1958.00	22178.92
1959.00	21951.88
1960.00	21804.43
1961.00	21869.97
1962.00	21738.90
1963.00	21731.87
1964.00	21699.11
1965.00	21348.03
1966.00	21373.77
1967.00	21167.80
1968.00	21025.03
1969.00	21179.51
1970.00	20870.56
1971.00	20891.62
1972.00	20933.75
1973.00	20816.72
1974.00	20765.23
1975.00	20762.89
1976.00	20924.39
1977.00	20732.47
1978.00	20587.35
1979.00	20526.50
1980.00	20308.83
1981.00	20306.49
1982.00	20210.53
1983.00	20030.30
1984.00	19878.17
1985.00	19426.45
1986.00	19674.54
1987.00	19880.51
1988.00	19318.78
1989.00	19300.06
1990.00	19405.38
1991.00	19566.88
1992.00	19096.43
1993.00	19302.40
1994.00	19229.84
1995.00	19356.23
1996.00	18986.43
1997.00	19234.52
1998.00	18941.96
1999.00	19051.96
2000.00	18579.17
2001.00	18897.49
2002.00	18473.85
2003.00	18731.31
2004.00	18408.31
2005.00	17947.23
2006.00	18010.42
2007.00	17965.95
2008.00	18104.04
2009.00	17916.80
2010.00	17928.50
2011.00	18005.74
2012.00	17916.80
2013.00	17907.44
2014.00	17584.44
2015.00	17495.50
2016.00	17706.15
2017.00	17624.23
2018.00	17530.61
2019.00	17238.05
2020.00	17326.99
2021.00	17149.11
2022.00	17338.69
2023.00	16833.13
2024.00	16982.93
2025.00	16814.41
2026.00	16615.46
2027.00	16622.48
2028.00	16615.46
2029.00	16552.27
2030.00	16655.25
2031.00	16500.78
2032.00	16608.44
2033.00	16629.51
2034.00	16255.02
2035.00	16140.33
2036.00	16149.70
2037.00	16086.50
2038.00	16032.67
2039.00	16233.96
2040.00	15953.09
2041.00	15651.16
2042.00	15850.11
2043.00	15499.03
2044.00	15487.32
2045.00	15569.24
2046.00	15325.83
2047.00	15475.62
