0.00	1060.26
1.00	1060.26
2.00	1060.26
3.00	976.00
4.00	908.13
5.00	950.26
6.00	952.60
7.00	987.71
8.00	926.85
9.00	980.68
10.00	1025.15
11.00	978.34
12.00	940.90
13.00	957.28
14.00	837.91
15.00	976.00
16.00	947.92
17.00	938.55
18.00	940.90
19.00	945.58
20.00	875.36
21.00	1006.43
22.00	961.96
23.00	1032.18
24.00	1090.69
25.00	1352.83
26.00	1413.68
27.00	1446.45
28.00	1430.07
29.00	1479.22
30.00	1458.15
31.00	1523.69
32.00	1533.05
33.00	1544.75
34.00	1516.67
35.00	1535.39
36.00	1572.84
37.00	1549.43
38.00	1607.95
39.00	1528.37
40.00	1549.43
41.00	1554.12
42.00	1610.29
43.00	1598.59
44.00	1605.61
45.00	1596.25
46.00	1586.88
47.00	1638.38
48.00	1565.82
49.00	1652.42
50.00	1636.03
51.00	1652.42
52.00	1586.88
53.00	1734.34
54.00	1671.14
55.00	1652.42
56.00	1675.82
57.00	1764.76
58.00	1652.42
59.00	1715.61
60.00	1736.68
61.00	1666.46
62.00	1694.55
63.00	1685.19
64.00	1755.40
65.00	1722.63
66.00	1643.06
67.00	1739.02
68.00	1717.95
69.00	1743.70
70.00	1638.38
71.00	1834.98
72.00	1760.08
73.00	1734.34
74.00	1724.97
75.00	1837.32
76.00	1797.53
77.00	1795.19
78.00	1879.45
79.00	1799.87
80.00	1823.28
81.00	1839.66
82.00	1886.47
83.00	1813.92
84.00	1802.21
85.00	1858.39
86.00	1790.51
87.00	1842.00
88.00	1827.96
89.00	1902.86
90.00	1870.09
91.00	1893.49
92.00	1891.15
93.00	1937.96
94.00	1984.77
95.00	1973.07
96.00	1856.04
97.00	1916.90
98.00	1930.94
99.00	1952.01
100.00	1900.52
101.00	1919.24
102.00	1902.86
103.00	1937.96
104.00	1937.96
105.00	2005.84
106.00	1987.11
107.00	2024.56
108.00	2094.78
109.00	1994.14
110.00	1977.75
111.00	1884.13
112.00	2040.95
113.00	2076.06
114.00	2026.90
115.00	2094.78
116.00	2087.76
117.00	2141.59
118.00	1987.11
119.00	2097.12
120.00	2057.33
121.00	2115.84
122.00	2064.35
123.00	2157.97
124.00	2204.78
125.00	2172.02
126.00	2188.40
127.00	2132.23
128.00	2139.25
129.00	2172.02
130.00	2225.85
131.00	2134.57
132.00	2216.49
133.00	2253.94
134.00	2181.38
135.00	2265.64
136.00	2246.91
137.00	2282.02
138.00	2132.23
139.00	2319.47
140.00	2214.15
141.00	2260.96
142.00	2235.21
143.00	2335.85
144.00	2317.13
145.00	2349.90
146.00	2342.88
147.00	2331.17
148.00	2342.88
149.00	2286.70
150.00	2403.73
151.00	2466.92
152.00	2298.41
153.00	2464.58
154.00	2480.97
155.00	2502.03
156.00	2586.29
157.00	2478.63
158.00	2569.91
159.00	2572.25
160.00	2424.80
161.00	2427.14
162.00	2532.46
163.00	2609.70
164.00	2593.31
165.00	2581.61
166.00	2504.37
167.00	2504.37
168.00	2572.25
169.00	2600.34
170.00	2661.19
171.00	2717.36
172.00	2766.51
173.00	2682.25
174.00	2731.41
175.00	2693.96
176.00	2686.94
177.00	2803.96
178.00	2752.47
179.00	2820.35
180.00	2773.53
181.00	2747.79
182.00	2881.20
183.00	2843.75
184.00	2810.98
185.00	2874.18
186.00	2862.48
187.00	2932.69
188.00	2862.48
189.00	2874.18
190.00	2928.01
191.00	2925.67
192.00	2956.10
193.00	2984.18
194.00	3019.29
195.00	3075.46
196.00	3002.91
197.00	3096.53
198.00	2937.37
199.00	2956.10
200.00	3117.59
201.00	3129.30
202.00	3178.45
203.00	3185.47
204.00	3115.25
205.00	3204.19
206.00	3152.70
207.00	3197.17
208.00	3293.13
209.00	3311.86
210.00	3236.96
211.00	3403.14
212.00	3148.02
213.00	3204.19
214.00	3286.11
215.00	3442.93
216.00	3351.65
217.00	3267.39
218.00	3361.01
219.00	3384.41
220.00	3351.65
221.00	3487.40
222.00	3419.52
223.00	3599.74
224.00	3602.08
225.00	3471.01
226.00	3517.83
227.00	3651.24
228.00	3646.55
229.00	3733.15
230.00	3562.30
231.00	3679.32
232.00	3672.30
233.00	3688.68
234.00	3749.54
235.00	3758.90
236.00	3784.65
237.00	3765.92
238.00	3761.24
239.00	3829.12
240.00	3936.78
241.00	3939.12
242.00	3941.46
243.00	4032.74
244.00	3948.48
245.00	4187.22
246.00	4042.11
247.00	4042.11
248.00	3932.10
249.00	4142.75
250.00	4093.60
251.00	4191.90
252.00	4145.09
253.00	4189.56
254.00	4339.35
255.00	4374.46
256.00	4383.82
257.00	4407.23
258.00	4234.03
259.00	4479.79
260.00	4664.69
261.00	4503.19
262.00	4636.60
263.00	4652.98
264.00	4587.45
265.00	4641.28
266.00	4528.94
267.00	4641.28
268.00	4631.92
269.00	4624.90
270.00	4765.33
271.00	4657.67
272.00	4739.58
273.00	5011.09
274.00	4786.40
275.00	4943.21
276.00	4999.38
277.00	4968.96
278.00	4903.42
279.00	4964.28
280.00	4798.10
281.00	4908.10
282.00	5015.77
283.00	4905.76
284.00	4865.97
285.00	4987.68
286.00	5193.65
287.00	5125.77
288.00	5128.11
289.00	5146.84
290.00	5125.77
291.00	5156.20
292.00	5076.62
293.00	5100.03
294.00	5313.02
295.00	5254.50
296.00	5301.31
297.00	5366.85
298.00	5359.83
299.00	5334.08
300.00	5303.65
301.00	5174.92
302.00	5078.96
303.00	5165.56
304.00	5329.40
305.00	5589.20
306.00	5467.49
307.00	5383.23
308.00	5277.91
309.00	5427.70
310.00	5249.82
311.00	5191.31
312.00	5261.52
313.00	5362.17
314.00	5497.92
315.00	5394.93
316.00	5341.10
317.00	5430.04
318.00	5437.06
319.00	5502.60
320.00	5509.62
321.00	5504.94
322.00	5514.30
323.00	5664.10
324.00	5701.54
325.00	5514.30
326.00	5493.24
327.00	5858.36
328.00	5788.14
329.00	5668.78
330.00	5776.44
331.00	5818.57
332.00	5547.07
333.00	5493.24
334.00	5731.97
335.00	5790.49
336.00	5769.42
337.00	5877.09
338.00	5811.55
339.00	5809.21
340.00	5961.34
341.00	5874.74
342.00	5954.32
343.00	5820.91
344.00	6031.56
345.00	6015.18
346.00	6033.90
347.00	6101.78
348.00	6090.07
349.00	6298.38
350.00	6235.19
351.00	6054.97
352.00	6181.35
353.00	6300.72
354.00	6157.95
355.00	6204.76
356.00	6143.91
357.00	6167.31
358.00	6232.85
359.00	6457.54
360.00	6347.53
361.00	6408.39
362.00	6494.99
363.00	6551.16
364.00	6478.60
365.00	6574.56
366.00	6562.86
367.00	6527.75
368.00	6513.71
369.00	6499.67
370.00	6441.15
371.00	6689.25
372.00	6558.18
373.00	6628.40
374.00	6785.21
375.00	6761.81
376.00	6602.65
377.00	6860.11
378.00	6799.26
379.00	6881.18
380.00	7052.03
381.00	6864.79
382.00	7101.19
383.00	7215.87
384.00	7187.79
385.00	7283.75
386.00	7286.09
387.00	7316.51
388.00	7365.67
389.00	7321.20
390.00	7403.11
391.00	7447.58
392.00	7389.07
393.00	7438.22
394.00	7470.99
395.00	7602.06
396.00	7793.98
397.00	7665.25
398.00	7602.06
399.00	7852.50
400.00	7913.35
401.00	7847.82
402.00	7901.65
403.00	7918.03
404.00	7971.86
405.00	7922.71
406.00	7920.37
407.00	8070.17
408.00	7714.41
409.00	7648.87
410.00	7976.55
411.00	8072.51
412.00	8161.45
413.00	7976.55
414.00	8212.94
415.00	7941.44
416.00	8182.51
417.00	7936.76
418.00	8156.77
419.00	8046.76
420.00	8156.77
421.00	7882.92
422.00	8084.21
423.00	8241.03
424.00	8070.17
425.00	8159.11
426.00	8138.04
427.00	8079.53
428.00	8088.89
429.00	8114.64
430.00	8145.06
431.00	8121.66
432.00	8212.94
433.00	8273.79
434.00	8278.47
435.00	8430.61
436.00	8255.07
437.00	8346.35
438.00	8299.54
439.00	8650.62
440.00	8510.19
441.00	8657.64
442.00	8765.31
443.00	8589.77
444.00	8397.84
445.00	8613.17
446.00	8404.86
447.00	8744.24
448.00	8697.43
449.00	8861.27
450.00	8709.13
451.00	8840.20
452.00	8826.16
453.00	8767.65
454.00	8706.79
455.00	8767.65
456.00	8978.30
457.00	9029.79
458.00	8997.02
459.00	8868.29
460.00	8695.09
461.00	8861.27
462.00	9170.22
463.00	8812.12
464.00	8882.33
465.00	8975.95
466.00	8978.30
467.00	9015.74
468.00	9179.58
469.00	9088.30
470.00	9259.16
471.00	9359.80
472.00	9277.88
473.00	9207.67
474.00	9415.98
475.00	9249.80
476.00	9291.93
477.00	9497.89
478.00	9635.99
479.00	9593.86
480.00	9687.48
481.00	9624.28
482.00	9982.38
483.00	9619.60
484.00	9652.37
485.00	9905.15
486.00	9596.20
487.00	9783.44
488.00	9914.51
489.00	9888.76
490.00	9956.64
491.00	9947.28
492.00	10090.05
493.00	9923.87
494.00	10040.90
495.00	10157.92
496.00	9944.94
497.00	9973.02
498.00	10270.27
499.00	10150.90
500.00	10307.72
501.00	10244.52
502.00	10209.42
503.00	10312.40
504.00	10356.87
505.00	10387.30
506.00	10436.45
507.00	10520.71
508.00	10553.48
509.00	10614.33
510.00	10672.84
511.00	10759.44
512.00	10361.55
513.00	10534.75
514.00	10637.73
515.00	10743.06
516.00	10703.27
517.00	10511.35
518.00	10541.77
519.00	10600.29
520.00	10576.88
521.00	10995.84
522.00	10724.33
523.00	10602.63
524.00	10785.19
525.00	10834.34
526.00	10920.94
527.00	10876.47
528.00	10904.56
529.00	10754.76
530.00	10939.66
531.00	11218.19
532.00	10895.19
533.00	10829.66
534.00	10951.37
535.00	11143.29
536.00	11183.08
537.00	11002.86
538.00	11173.72
539.00	11124.57
540.00	11002.86
541.00	11262.66
542.00	11173.72
543.00	11475.65
544.00	11480.33
545.00	11513.10
546.00	11454.58
547.00	11162.01
548.00	11513.10
549.00	11786.94
550.00	11641.82
551.00	11740.13
552.00	11653.53
553.00	11756.51
554.00	11557.57
555.00	11754.17
556.00	11789.28
557.00	11700.34
558.00	11800.98
559.00	11873.54
560.00	11955.46
561.00	11995.25
562.00	12491.44
563.00	12184.83
564.00	12156.74
565.00	12472.71
566.00	12414.20
567.00	12643.57
568.00	12290.15
569.00	12444.63
570.00	12236.32
571.00	12475.06
572.00	12746.56
573.00	12739.54
574.00	12819.11
575.00	12685.70
576.00	12964.23
577.00	13146.79
578.00	13018.06
579.00	13268.50
580.00	12985.29
581.00	13123.38
582.00	13205.30
583.00	13383.18
584.00	13577.45
585.00	13528.30
586.00	13736.60
587.00	13912.14
588.00	13537.66
589.00	13804.48
590.00	14272.59
591.00	13884.06
592.00	14019.81
593.00	14111.09
594.00	14567.49
595.00	14698.56
596.00	14724.31
597.00	14740.69
598.00	14658.78
599.00	14909.21
600.00	15154.97
601.00	15012.20
602.00	14970.07
603.00	15311.78
604.00	15236.89
605.00	15456.90
606.00	15981.18
607.00	15709.68
608.00	15894.58
609.00	15859.47
610.00	15775.21
611.00	15971.82
612.00	16262.04
613.00	16191.83
614.00	16395.45
615.00	16500.78
616.00	16573.33
617.00	17067.19
618.00	16725.47
619.00	17069.53
620.00	16959.52
621.00	17296.56
622.00	17401.88
623.00	17825.52
624.00	17834.88
625.00	17682.75
626.00	18120.43
627.00	17951.91
628.00	18160.22
629.00	18427.04
630.00	18670.45
631.00	19133.88
632.00	18637.69
633.00	18661.09
634.00	19066.00
635.00	19056.64
636.00	19506.02
637.00	19365.59
638.00	19782.21
639.00	19667.52
640.00	19379.64
641.00	19786.89
642.00	19880.51
643.00	20037.33
644.00	20491.39
645.00	20545.22
646.00	20706.72
647.00	20861.19
648.00	20886.94
649.00	21212.28
650.00	21186.53
651.00	21483.78
652.00	21413.56
653.00	21659.32
654.00	21486.12
655.00	21954.22
656.00	21905.07
657.00	22302.96
658.00	22317.01
659.00	22742.99
660.00	22745.33
661.00	22689.15
662.00	22796.82
663.00	23157.26
664.00	23314.08
665.00	23433.44
666.00	23185.35
667.00	23981.13
668.00	23765.80
669.00	23733.03
670.00	23805.59
671.00	24166.03
672.00	24261.99
673.00	24561.58
674.00	24336.89
675.00	24442.21
676.00	24652.86
677.00	24559.24
678.00	25340.98
679.00	24966.49
680.00	25507.16
681.00	25743.55
682.00	25511.84
683.00	25558.65
684.00	26024.42
685.00	25680.36
686.00	26127.40
687.00	26073.57
688.00	26490.18
689.00	26237.41
690.00	26544.02
691.00	26735.94
692.00	26616.57
693.00	27339.80
694.00	27360.86
695.00	27452.14
696.00	27377.25
697.00	27835.99
698.00	27606.62
699.00	28411.76
700.00	27864.08
701.00	28121.54
702.00	28608.37
703.00	28355.59
704.00	28168.35
705.00	28994.56
706.00	28755.82
707.00	29373.72
708.00	29139.67
709.00	29287.12
710.00	29713.10
711.00	29029.66
712.00	29647.57
713.00	29502.45
714.00	29909.71
715.00	29673.31
716.00	29788.00
717.00	30560.37
718.00	30286.53
719.00	30155.46
720.00	30043.12
721.00	30148.44
722.00	30473.78
723.00	30675.06
724.00	31281.26
725.00	30991.03
726.00	30794.43
727.00	30810.81
728.00	31459.14
729.00	30881.03
730.00	31426.37
731.00	31384.24
732.00	31793.84
733.00	31754.05
734.00	31852.35
735.00	31470.84
736.00	31309.35
737.00	31552.76
738.00	31754.05
739.00	32432.80
740.00	32093.43
741.00	32142.58
742.00	32119.17
743.00	32233.86
744.00	32390.67
745.00	32858.78
746.00	32659.84
747.00	33043.68
748.00	33078.79
749.00	32741.75
750.00	33060.07
751.00	33343.27
752.00	33221.56
753.00	33275.40
754.00	33397.10
755.00	33689.67
756.00	33790.31
757.00	33715.42
758.00	33518.81
759.00	33759.89
760.00	33729.46
761.00	33963.51
762.00	34354.38
763.00	33926.07
764.00	34803.77
765.00	34148.42
766.00	34094.58
767.00	34424.60
768.00	34602.48
769.00	34703.12
770.00	35051.86
771.00	35538.69
772.00	35122.08
773.00	34827.17
774.00	35335.07
775.00	34780.36
776.00	35442.73
777.00	35557.42
778.00	35658.06
779.00	35798.49
780.00	36077.02
781.00	35496.56
782.00	35852.33
783.00	36023.19
784.00	36154.26
785.00	36407.03
786.00	35894.46
787.00	36477.25
788.00	36514.70
789.00	36753.43
790.00	36446.82
791.00	36692.58
792.00	37013.23
793.00	36598.96
794.00	37069.40
795.00	37247.29
796.00	36751.09
797.00	36926.63
798.00	37001.53
799.00	37120.90
800.00	37195.79
801.00	37778.59
802.00	37715.39
803.00	37558.58
804.00	37827.74
805.00	37462.61
806.00	37940.08
807.00	37900.29
808.00	37855.82
809.00	38164.78
810.00	38199.88
811.00	38010.30
812.00	38485.43
813.00	38150.73
814.00	38382.45
815.00	38630.54
816.00	38527.56
817.00	38258.40
818.00	38780.34
819.00	38878.64
820.00	38653.95
821.00	38635.22
822.00	38270.10
823.00	38836.51
824.00	39058.86
825.00	38740.55
826.00	39344.41
827.00	39393.56
828.00	39379.51
829.00	39239.08
830.00	39606.55
831.00	39435.69
832.00	39428.66
833.00	40109.76
834.00	39704.85
835.00	40282.96
836.00	40074.65
837.00	39817.19
838.00	40081.67
839.00	39578.46
840.00	40184.66
841.00	40608.29
842.00	40582.55
843.00	40484.25
844.00	40769.79
845.00	40285.30
846.00	40671.49
847.00	40493.61
848.00	40779.15
849.00	40636.38
850.00	41315.14
851.00	41013.21
852.00	41249.60
853.00	40975.76
854.00	41273.01
855.00	41029.59
856.00	40776.81
857.00	41401.74
858.00	41579.62
859.00	41528.13
860.00	41544.51
861.00	41574.94
862.00	41780.90
863.00	41642.81
864.00	41764.52
865.00	41717.71
866.00	42024.32
867.00	42454.98
868.00	41872.18
869.00	41933.04
870.00	42171.77
871.00	41841.76
872.00	41996.23
873.00	42501.79
874.00	42330.93
875.00	42389.44
876.00	42600.09
877.00	42815.42
878.00	42997.98
879.00	42658.60
880.00	42693.71
881.00	42796.70
882.00	42864.57
883.00	42670.31
884.00	43075.22
885.00	43084.58
886.00	42843.51
887.00	42717.12
888.00	42815.42
889.00	42953.51
890.00	42700.73
891.00	43342.04
892.00	43061.18
893.00	43402.89
894.00	43505.88
895.00	43426.30
896.00	43491.83
897.00	43676.74
898.00	43409.92
899.00	43468.43
900.00	44004.41
901.00	43695.46
902.00	43770.36
903.00	43835.89
904.00	43908.45
905.00	43770.36
906.00	44367.20
907.00	43611.20
908.00	43473.11
909.00	43964.62
910.00	44128.46
911.00	44678.49
912.00	44074.63
913.00	43927.17
914.00	43756.32
915.00	43824.19
916.00	44327.41
917.00	44491.24
918.00	44605.93
919.00	45008.50
920.00	44577.84
921.00	44685.51
922.00	44636.36
923.00	44734.66
924.00	44669.12
925.00	44692.53
926.00	44746.36
927.00	45268.30
928.00	45214.47
929.00	44889.13
930.00	45345.54
931.00	44807.22
932.00	45317.45
933.00	45130.21
934.00	44978.07
935.00	44966.37
936.00	45228.51
937.00	45624.06
938.00	45453.20
939.00	45191.06
940.00	45481.29
941.00	45537.46
942.00	45258.94
943.00	45237.87
944.00	45958.76
945.00	45420.44
946.00	45507.04
947.00	45724.71
948.00	45918.97
949.00	46178.77
950.00	46281.75
951.00	46131.96
952.00	46174.09
953.00	45907.27
954.00	46019.61
955.00	45940.04
956.00	46391.76
957.00	45949.40
958.00	45787.90
959.00	46267.71
960.00	46401.12
961.00	45610.02
962.00	46127.28
963.00	46330.90
964.00	46384.74
965.00	46754.54
966.00	47124.35
967.00	47000.30
968.00	46911.36
969.00	46927.74
970.00	46902.00
971.00	47400.53
972.00	47283.50
973.00	47161.79
974.00	47526.92
975.00	47346.70
976.00	47402.87
977.00	47037.75
978.00	47147.75
979.00	46707.73
980.00	47393.51
981.00	47311.59
982.00	47512.88
983.00	48102.69
984.00	47241.37
985.00	47562.03
986.00	47821.83
987.00	47316.27
988.00	46646.88
989.00	47136.05
990.00	47356.06
991.00	47381.80
992.00	47620.54
993.00	47533.94
994.00	47690.76
995.00	47580.75
996.00	47622.88
997.00	47847.57
998.00	47896.72
999.00	47931.83
1000.00	47753.95
1001.00	47966.94
1002.00	48484.20
1003.00	47814.80
1004.00	48074.60
1005.00	48023.11
1006.00	47555.00
1007.00	47791.40
1008.00	47880.34
1009.00	48203.33
1010.00	47910.77
1011.00	48360.15
1012.00	48437.39
1013.00	48428.02
1014.00	48018.43
1015.00	48360.15
1016.00	48088.65
1017.00	48044.18
1018.00	48210.35
1019.00	48383.55
1020.00	48538.03
1021.00	48729.95
1022.00	48900.81
1023.00	48268.87
1024.00	48486.54
1025.00	48399.94
1026.00	48533.35
1027.00	48491.22
1028.00	48495.90
1029.00	48825.92
1030.00	49092.74
1031.00	48762.72
1032.00	49581.91
1033.00	48964.01
1034.00	48964.01
1035.00	48793.15
1036.00	49045.93
1037.00	49181.68
1038.00	49001.46
1039.00	49038.90
1040.00	48889.11
1041.00	49116.14
1042.00	48994.43
1043.00	49045.93
1044.00	49045.93
1045.00	49020.18
1046.00	49249.55
1047.00	48933.58
1048.00	49109.12
1049.00	49495.31
1050.00	48999.12
1051.00	49577.23
1052.00	49483.61
1053.00	49467.22
1054.00	49092.74
1055.00	49083.37
1056.00	49148.91
1057.00	48999.12
1058.00	49382.96
1059.00	49471.90
1060.00	49478.92
1061.00	49925.97
1062.00	49572.55
1063.00	49549.14
1064.00	49329.13
1065.00	49228.49
1066.00	49322.11
1067.00	49490.63
1068.00	49542.12
1069.00	49867.45
1070.00	49467.22
1071.00	49790.22
1072.00	49614.68
1073.00	49558.50
1074.00	49476.58
1075.00	50017.25
1076.00	49624.04
1077.00	49453.18
1078.00	49741.06
1079.00	49776.17
1080.00	49804.26
1081.00	50101.51
1082.00	49956.39
1083.00	49794.90
1084.00	49659.15
1085.00	49247.21
1086.00	49717.66
1087.00	49263.60
1088.00	50232.58
1089.00	49682.55
1090.00	50171.72
1091.00	49794.90
1092.00	49787.88
1093.00	50344.92
1094.00	49930.65
1095.00	49787.88
1096.00	49720.00
1097.00	49902.56
1098.00	49986.82
1099.00	50040.65
1100.00	50042.99
1101.00	50272.37
1102.00	49750.43
1103.00	50085.12
1104.00	49762.13
1105.00	49930.65
1106.00	49659.15
1107.00	49783.19
1108.00	49818.30
1109.00	50281.73
1110.00	49989.16
1111.00	50677.28
1112.00	50092.15
1113.00	50810.69
1114.00	50286.41
1115.00	50087.46
1116.00	49975.12
1117.00	49940.01
1118.00	49755.11
1119.00	49792.56
1120.00	50204.49
1121.00	49956.39
1122.00	50026.61
1123.00	50314.50
1124.00	49958.73
1125.00	49989.16
1126.00	50150.66
1127.00	49736.38
1128.00	49968.10
1129.00	50007.89
1130.00	50075.76
1131.00	50202.15
1132.00	50078.10
1133.00	50085.12
1134.00	49851.07
1135.00	49989.16
1136.00	49876.82
1137.00	50106.19
1138.00	49895.54
1139.00	49556.16
1140.00	50300.45
1141.00	50232.58
1142.00	50003.20
1143.00	50511.10
1144.00	50309.82
1145.00	50237.26
1146.00	50255.98
1147.00	49991.50
1148.00	49813.62
1149.00	50209.17
1150.00	50241.94
1151.00	50227.90
1152.00	50113.21
1153.00	50770.90
1154.00	50658.56
1155.00	50272.37
1156.00	49914.26
1157.00	50183.43
1158.00	49818.30
1159.00	50410.46
1160.00	50529.83
1161.00	50541.53
1162.00	50335.56
1163.00	50543.87
1164.00	50440.89
1165.00	50384.71
1166.00	50255.98
1167.00	50106.19
1168.00	50071.08
1169.00	50204.49
1170.00	49949.37
1171.00	49963.42
1172.00	50363.65
1173.00	50110.87
1174.00	50515.78
1175.00	50302.79
1176.00	50387.05
1177.00	50033.63
1178.00	49846.39
1179.00	49841.71
1180.00	49998.52
1181.00	49848.73
1182.00	50171.72
1183.00	50265.34
1184.00	50335.56
1185.00	50124.91
1186.00	50597.70
1187.00	50436.20
1188.00	50113.21
1189.00	50115.55
1190.00	50267.69
1191.00	50380.03
1192.00	50068.74
1193.00	50291.09
1194.00	49932.99
1195.00	50143.64
1196.00	50244.28
1197.00	50412.80
1198.00	50234.92
1199.00	50122.57
1200.00	50155.34
1201.00	49977.46
1202.00	49961.08
1203.00	49797.24
1204.00	50206.83
1205.00	50045.33
1206.00	50258.32
1207.00	50520.46
1208.00	50541.53
1209.00	50134.28
1210.00	50244.28
1211.00	50028.95
1212.00	50124.91
1213.00	49947.03
1214.00	49883.84
1215.00	49830.01
1216.00	50087.46
1217.00	50277.05
1218.00	50672.60
1219.00	50358.97
1220.00	50541.53
1221.00	50239.60
1222.00	50003.20
1223.00	49961.08
1224.00	49881.50
1225.00	50082.78
1226.00	50263.00
1227.00	49996.18
1228.00	50223.22
1229.00	49614.68
1230.00	50277.05
1231.00	50251.30
1232.00	50080.44
1233.00	50129.59
1234.00	50176.40
1235.00	49888.52
1236.00	49689.57
1237.00	50358.97
1238.00	50155.34
1239.00	50176.40
1240.00	50527.48
1241.00	50445.57
1242.00	50621.11
1243.00	50445.57
1244.00	50024.27
1245.00	50298.11
1246.00	50050.02
1247.00	49675.53
1248.00	49963.42
1249.00	50220.87
1250.00	50174.06
1251.00	50522.80
1252.00	50351.94
1253.00	50578.98
1254.00	50548.55
1255.00	50597.70
1256.00	50590.68
1257.00	50248.96
1258.00	50265.34
1259.00	50213.85
1260.00	50138.96
1261.00	50162.36
1262.00	50583.66
1263.00	50593.02
1264.00	50438.54
1265.00	50628.13
1266.00	50223.22
1267.00	50396.42
1268.00	50326.20
1269.00	50504.08
1270.00	50216.19
1271.00	50141.30
1272.00	50103.85
1273.00	50270.03
1274.00	50543.87
1275.00	50623.45
1276.00	50330.88
1277.00	50356.63
1278.00	50520.46
1279.00	50424.50
1280.00	50815.37
1281.00	50218.53
1282.00	50642.17
1283.00	50073.42
1284.00	49996.18
1285.00	50206.83
1286.00	50204.49
1287.00	50045.33
1288.00	50745.15
1289.00	50752.18
1290.00	50499.40
1291.00	50412.80
1292.00	50099.17
1293.00	50384.71
1294.00	50408.12
1295.00	50038.31
1296.00	50012.57
1297.00	50506.42
1298.00	50110.87
1299.00	50609.40
1300.00	50232.58
1301.00	50866.86
1302.00	50532.17
1303.00	50426.84
1304.00	50050.02
1305.00	49911.92
1306.00	50122.57
1307.00	50160.02
1308.00	50316.84
1309.00	50457.27
1310.00	50157.68
1311.00	50525.14
1312.00	50546.21
1313.00	50651.53
1314.00	50417.48
1315.00	50447.91
1316.00	50445.57
1317.00	50326.20
1318.00	50120.23
1319.00	49900.22
1320.00	50380.03
1321.00	50347.26
1322.00	50307.47
1323.00	50351.94
1324.00	50539.19
1325.00	50740.47
1326.00	50358.97
1327.00	50281.73
1328.00	50122.57
1329.00	50028.95
1330.00	50370.67
1331.00	49897.88
1332.00	49799.58
1333.00	49954.05
1334.00	50501.74
1335.00	50621.11
1336.00	50433.86
1337.00	50471.31
1338.00	50361.31
1339.00	50216.19
1340.00	50145.98
1341.00	49750.43
1342.00	50061.72
1343.00	50150.66
1344.00	50225.56
1345.00	49979.80
1346.00	50164.70
1347.00	50309.82
1348.00	50543.87
1349.00	50047.68
1350.00	50328.54
1351.00	50068.74
1352.00	50349.60
1353.00	49481.27
1354.00	49902.56
1355.00	49766.81
1356.00	49972.78
1357.00	49694.25
1358.00	50148.32
1359.00	49904.90
1360.00	50246.62
1361.00	50150.66
1362.00	50145.98
1363.00	49937.67
1364.00	50087.46
1365.00	49525.74
1366.00	50096.83
1367.00	49881.50
1368.00	49598.29
1369.00	49567.87
1370.00	49635.74
1371.00	49773.83
1372.00	49518.71
1373.00	49855.75
1374.00	49797.24
1375.00	49794.90
1376.00	49401.69
1377.00	49886.18
1378.00	49380.62
1379.00	49460.20
1380.00	49715.32
1381.00	49401.69
1382.00	49497.65
1383.00	49551.48
1384.00	49256.57
1385.00	49567.87
1386.00	49647.44
1387.00	49153.59
1388.00	49294.02
1389.00	49382.96
1390.00	49048.27
1391.00	49132.53
1392.00	49184.02
1393.00	48708.89
1394.00	49013.16
1395.00	48973.37
1396.00	49020.18
1397.00	49301.04
1398.00	49158.27
1399.00	49373.60
1400.00	49614.68
1401.00	49287.00
1402.00	49212.10
1403.00	48907.83
1404.00	48598.88
1405.00	48919.54
1406.00	48418.66
1407.00	48865.70
1408.00	48994.43
1409.00	49268.28
1410.00	48837.62
1411.00	49202.74
1412.00	49343.17
1413.00	48776.76
1414.00	48786.13
1415.00	48418.66
1416.00	48711.23
1417.00	48886.77
1418.00	48247.80
1419.00	48538.03
1420.00	48252.48
1421.00	48739.32
1422.00	48425.68
1423.00	48727.61
1424.00	48509.94
1425.00	48741.66
1426.00	49085.72
1427.00	48149.50
1428.00	48229.08
1429.00	48322.70
1430.00	48322.70
1431.00	48577.82
1432.00	48200.99
1433.00	48107.37
1434.00	47971.62
1435.00	48830.60
1436.00	48343.77
1437.00	48346.11
1438.00	47910.77
1439.00	48362.49
1440.00	48477.18
1441.00	48303.98
1442.00	48285.25
1443.00	47615.86
1444.00	47667.35
1445.00	47576.07
1446.00	47351.38
1447.00	48030.13
1448.00	47835.87
1449.00	47625.22
1450.00	47920.13
1451.00	48002.05
1452.00	48083.97
1453.00	47969.28
1454.00	47863.96
1455.00	47290.52
1456.00	47496.49
1457.00	47145.41
1458.00	47180.52
1459.00	47791.40
1460.00	47283.50
1461.00	47426.28
1462.00	47267.12
1463.00	47416.91
1464.00	47292.86
1465.00	47529.26
1466.00	47686.07
1467.00	47473.09
1468.00	47533.94
1469.00	47426.28
1470.00	47063.49
1471.00	47117.32
1472.00	46969.87
1473.00	47292.86
1474.00	47122.01
1475.00	47093.92
1476.00	47100.94
1477.00	47388.83
1478.00	47026.04
1479.00	47587.77
1480.00	47281.16
1481.00	46890.29
1482.00	47044.77
1483.00	46948.81
1484.00	46440.91
1485.00	46363.67
1486.00	46459.63
1487.00	46178.77
1488.00	46696.03
1489.00	46408.14
1490.00	46618.79
1491.00	46429.21
1492.00	46513.47
1493.00	46756.88
1494.00	46204.52
1495.00	46436.23
1496.00	46284.09
1497.00	46536.87
1498.00	46274.73
1499.00	46464.32
1500.00	46227.92
1501.00	46220.90
1502.00	45904.93
1503.00	46284.09
1504.00	46195.15
1505.00	46513.47
1506.00	46265.37
1507.00	46073.45
1508.00	46174.09
1509.00	46323.88
1510.00	45315.11
1511.00	45832.37
1512.00	45731.73
1513.00	45434.48
1514.00	45584.27
1515.00	45694.28
1516.00	45598.32
1517.00	45263.62
1518.00	46143.66
1519.00	46024.29
1520.00	45687.26
1521.00	45565.55
1522.00	45684.92
1523.00	45350.22
1524.00	45579.59
1525.00	44793.17
1526.00	45331.50
1527.00	45469.59
1528.00	45305.75
1529.00	45338.52
1530.00	44807.22
1531.00	45558.53
1532.00	45411.07
1533.00	45308.09
1534.00	45137.23
1535.00	45574.91
1536.00	45064.67
1537.00	45347.88
1538.00	44980.42
1539.00	45244.90
1540.00	44844.66
1541.00	44727.64
1542.00	45153.62
1543.00	44814.24
1544.00	45052.97
1545.00	45003.82
1546.00	45263.62
1547.00	45172.34
1548.00	44952.33
1549.00	45043.61
1550.00	44762.75
1551.00	45050.63
1552.00	44835.30
1553.00	44884.45
1554.00	44732.32
1555.00	44516.99
1556.00	44355.49
1557.00	44755.72
1558.00	44612.95
1559.00	44161.23
1560.00	44900.84
1561.00	44282.94
1562.00	44584.86
1563.00	44664.44
1564.00	44357.83
1565.00	43655.67
1566.00	44011.43
1567.00	44072.29
1568.00	44140.16
1569.00	44526.35
1570.00	43716.53
1571.00	44369.54
1572.00	43693.12
1573.00	44240.81
1574.00	44154.21
1575.00	43838.23
1576.00	44549.76
1577.00	43936.54
1578.00	44210.38
1579.00	44245.49
1580.00	43585.46
1581.00	43782.06
1582.00	43449.70
1583.00	43697.80
1584.00	43145.44
1585.00	43445.02
1586.00	43569.07
1587.00	43409.92
1588.00	43009.68
1589.00	43899.09
1590.00	43473.11
1591.00	43725.89
1592.00	43562.05
1593.00	43538.65
1594.00	42948.83
1595.00	43374.81
1596.00	42656.26
1597.00	43477.79
1598.00	42787.33
1599.00	43426.30
1600.00	43063.52
1601.00	43206.29
1602.00	42911.38
1603.00	42965.21
1604.00	42904.36
1605.00	42997.98
1606.00	42815.42
1607.00	43220.33
1608.00	42920.74
1609.00	42719.46
1610.00	42700.73
1611.00	42871.59
1612.00	42895.00
1613.00	42906.70
1614.00	42990.96
1615.00	42796.70
1616.00	42770.95
1617.00	42784.99
1618.00	42780.31
1619.00	42597.75
1620.00	42677.33
1621.00	42717.12
1622.00	42834.14
1623.00	42937.13
1624.00	42550.94
1625.00	42955.85
1626.00	42438.59
1627.00	42438.59
1628.00	42256.03
1629.00	42134.32
1630.00	42309.86
1631.00	41911.97
1632.00	41844.10
1633.00	42087.51
1634.00	41888.57
1635.00	42087.51
1636.00	42784.99
1637.00	42438.59
1638.00	42466.68
1639.00	42265.39
1640.00	42209.22
1641.00	41844.10
1642.00	41757.50
1643.00	41518.76
1644.00	41755.16
1645.00	41872.18
1646.00	42096.88
1647.00	41673.24
1648.00	41720.05
1649.00	42230.29
1650.00	41729.41
1651.00	41961.12
1652.00	41706.01
1653.00	41717.71
1654.00	41794.95
1655.00	41359.61
1656.00	41612.38
1657.00	41001.50
1658.00	41336.20
1659.00	41130.23
1660.00	41006.19
1661.00	41383.01
1662.00	41219.17
1663.00	41029.59
1664.00	41467.27
1665.00	41631.11
1666.00	41242.58
1667.00	41390.03
1668.00	41305.77
1669.00	41457.91
1670.00	41118.53
1671.00	40900.86
1672.00	41254.28
1673.00	40980.44
1674.00	40821.28
1675.00	40879.80
1676.00	40495.95
1677.00	40334.45
1678.00	40767.45
1679.00	40713.62
1680.00	41041.29
1681.00	41048.32
1682.00	40673.83
1683.00	40699.58
1684.00	40814.26
1685.00	40727.66
1686.00	40411.69
1687.00	40610.64
1688.00	40446.80
1689.00	40746.39
1690.00	40322.75
1691.00	40395.31
1692.00	40390.62
1693.00	40198.70
1694.00	39983.37
1695.00	40105.08
1696.00	40348.50
1697.00	40030.18
1698.00	40535.74
1699.00	40222.11
1700.00	39906.13
1701.00	40027.84
1702.00	39737.62
1703.00	39648.68
1704.00	39943.58
1705.00	39765.70
1706.00	39908.47
1707.00	39655.70
1708.00	39576.12
1709.00	39761.02
1710.00	39732.93
1711.00	39480.16
1712.00	39260.15
1713.00	39962.31
1714.00	39297.59
1715.00	39887.41
1716.00	39658.04
1717.00	39318.66
1718.00	39501.22
1719.00	39739.96
1720.00	39187.59
1721.00	39311.64
1722.00	38939.49
1723.00	39459.09
1724.00	38719.48
1725.00	38920.77
1726.00	38782.68
1727.00	38717.14
1728.00	38834.17
1729.00	38778.00
1730.00	38782.68
1731.00	38644.59
1732.00	38904.38
1733.00	38302.87
1734.00	38838.85
1735.00	38469.04
1736.00	38579.05
1737.00	38234.99
1738.00	37820.72
1739.00	38192.86
1740.00	37947.11
1741.00	38005.62
1742.00	38384.79
1743.00	37977.53
1744.00	37804.33
1745.00	38110.94
1746.00	37972.85
1747.00	38139.03
1748.00	38057.11
1749.00	38029.02
1750.00	37736.46
1751.00	37207.50
1752.00	37345.59
1753.00	37148.98
1754.00	37317.50
1755.00	37331.54
1756.00	37352.61
1757.00	37399.42
1758.00	37146.64
1759.00	37036.64
1760.00	37361.97
1761.00	37310.48
1762.00	37085.79
1763.00	36774.50
1764.00	36945.36
1765.00	36868.12
1766.00	36680.88
1767.00	36964.08
1768.00	36964.08
1769.00	36753.43
1770.00	36224.47
1771.00	36479.59
1772.00	36634.06
1773.00	36582.57
1774.00	36657.47
1775.00	36493.63
1776.00	36369.58
1777.00	35997.44
1778.00	36126.17
1779.00	36238.51
1780.00	36165.96
1781.00	36257.24
1782.00	35873.39
1783.00	35608.91
1784.00	35730.62
1785.00	35882.75
1786.00	35360.81
1787.00	35225.06
1788.00	35559.76
1789.00	35082.29
1790.00	35590.19
1791.00	35278.89
1792.00	35536.35
1793.00	35246.13
1794.00	35278.89
1795.00	35201.66
1796.00	35271.87
1797.00	35416.99
1798.00	35276.55
1799.00	35058.88
1800.00	35009.73
1801.00	34682.06
1802.00	34623.54
1803.00	34330.98
1804.00	34450.35
1805.00	34309.91
1806.00	34237.36
1807.00	34146.08
1808.00	34529.92
1809.00	34586.10
1810.00	34068.84
1811.00	34279.49
1812.00	33949.47
1813.00	33965.85
1814.00	34171.82
1815.00	34057.14
1816.00	33895.64
1817.00	33778.61
1818.00	33722.44
1819.00	33385.40
1820.00	33694.35
1821.00	33453.28
1822.00	33160.71
1823.00	33141.99
1824.00	33134.96
1825.00	32971.13
1826.00	32921.98
1827.00	32992.19
1828.00	32727.71
1829.00	33027.30
1830.00	33165.39
1831.00	31892.14
1832.00	32912.61
1833.00	32737.07
1834.00	32587.28
1835.00	32727.71
1836.00	32416.42
1837.00	31414.67
1838.00	31908.52
1839.00	31730.64
1840.00	31758.73
1841.00	31948.31
1842.00	32086.40
1843.00	31590.21
1844.00	31208.70
1845.00	31580.85
1846.00	31662.77
1847.00	31208.70
1848.00	31267.22
1849.00	31014.44
1850.00	31143.17
1851.00	31005.08
1852.00	30796.77
1853.00	30607.19
1854.00	30707.83
1855.00	30331.00
1856.00	29898.00
1857.00	30300.58
1858.00	30199.93
1859.00	29579.69
1860.00	29979.92
1861.00	29839.49
1862.00	29902.68
1863.00	29708.42
1864.00	29855.87
1865.00	29968.22
1866.00	29748.21
1867.00	29708.42
1868.00	29612.46
1869.00	29553.94
1870.00	29509.47
1871.00	29600.76
1872.00	29399.47
1873.00	29151.37
1874.00	29046.05
1875.00	29167.76
1876.00	28992.22
1877.00	28254.95
1878.00	28617.73
1879.00	28182.39
1880.00	28364.95
1881.00	28208.14
1882.00	28362.61
1883.00	28292.40
1884.00	28278.35
1885.00	28460.91
1886.00	28266.65
1887.00	28119.20
1888.00	27625.34
1889.00	28151.96
1890.00	28025.57
1891.00	27351.50
1892.00	27384.27
1893.00	27388.95
1894.00	27292.99
1895.00	27360.86
1896.00	27005.10
1897.00	26869.35
1898.00	26852.97
1899.00	27005.10
1900.00	27019.14
1901.00	26867.01
1902.00	26576.78
1903.00	26654.02
1904.00	26277.19
1905.00	26305.28
1906.00	26209.32
1907.00	26237.41
1908.00	25949.52
1909.00	25671.00
1910.00	25867.60
1911.00	25434.60
1912.00	25582.06
1913.00	25579.71
1914.00	25610.14
1915.00	25539.93
1916.00	25582.06
1917.00	25661.63
1918.00	25240.34
1919.00	25238.00
1920.00	25317.57
1921.00	25116.29
1922.00	25261.40
1923.00	25139.69
1924.00	24620.10
1925.00	24034.96
1926.00	24479.66
1927.00	24556.90
1928.00	24063.05
1929.00	24283.06
1930.00	23906.23
1931.00	24240.93
1932.00	24100.50
1933.00	24261.99
1934.00	23903.89
1935.00	24336.89
1936.00	24322.85
1937.00	23758.78
1938.00	24091.13
1939.00	23887.51
1940.00	23608.98
1941.00	23721.33
1942.00	23325.78
1943.00	23278.97
1944.00	23063.64
1945.00	23061.30
1946.00	22932.57
1947.00	22609.58
1948.00	22452.76
1949.00	22471.48
1950.00	22478.50
1951.00	22321.69
1952.00	22284.24
1953.00	22281.90
1954.00	22452.76
1955.00	22370.84
1956.00	22274.88
1957.00	21972.95
1958.00	21982.31
1959.00	22190.62
1960.00	21734.21
1961.00	21722.51
1962.00	21729.53
1963.00	21600.80
1964.00	21703.79
1965.00	21443.99
1966.00	21633.57
1967.00	20933.75
1968.00	20844.81
1969.00	20898.64
1970.00	20793.32
1971.00	20950.14
1972.00	21029.71
1973.00	20891.62
1974.00	20950.14
1975.00	20886.94
1976.00	20725.44
1977.00	20582.67
1978.00	20540.54
1979.00	20109.88
1980.00	20460.96
1981.00	20212.87
1982.00	19850.08
1983.00	19915.62
1984.00	19957.75
1985.00	19777.53
1986.00	19754.12
1987.00	19318.78
1988.00	19339.85
1989.00	19875.83
1990.00	19243.88
1991.00	19360.91
1992.00	19353.89
1993.00	18979.40
1994.00	19583.26
1995.00	19187.71
1996.00	18703.22
1997.00	19140.90
1998.00	18703.22
1999.00	18974.72
2000.00	18684.50
2001.00	18553.43
2002.00	18764.07
2003.00	18324.05
2004.00	18164.90
2005.00	18284.26
2006.00	18424.70
2007.00	17797.43
2008.00	17987.02
2009.00	17748.28
2010.00	17724.88
2011.00	17905.10
2012.00	17827.86
2013.00	17956.59
2014.00	17455.72
2015.00	17748.28
2016.00	17998.72
2017.00	17202.94
2018.00	17832.54
2019.00	17310.60
2020.00	17394.86
2021.00	17329.33
2022.00	17151.45
2023.00	16954.84
2024.00	16585.04
2025.00	16833.13
2026.00	16594.40
2027.00	16521.84
2028.00	16650.57
2029.00	16308.85
2030.00	16599.08
2031.00	16379.07
2032.00	16498.44
2033.00	16697.38
2034.00	16121.61
2035.00	16121.61
2036.00	16231.62
2037.00	16042.03
2038.00	16086.50
2039.00	16074.80
2040.00	15967.13
2041.00	15627.76
2042.00	15917.98
2043.00	15702.65
2044.00	15482.64
2045.00	15632.44
2046.00	15494.35
2047.00	15367.96
