0.00	1109.41
1.00	1109.41
2.00	1109.41
3.00	957.28
4.00	915.15
5.00	990.05
6.00	983.02
7.00	966.64
8.00	931.53
9.00	950.26
10.00	931.53
11.00	959.62
12.00	964.30
13.00	971.32
14.00	968.98
15.00	947.92
16.00	985.37
17.00	983.02
18.00	1011.11
19.00	1004.09
20.00	1001.75
21.00	1020.47
22.00	985.37
23.00	999.41
24.00	1233.46
25.00	1483.90
26.00	1420.71
27.00	1455.81
28.00	1458.15
29.00	1493.26
30.00	1425.39
31.00	1465.18
32.00	1530.71
33.00	1481.56
34.00	1493.26
35.00	1556.46
36.00	1577.52
37.00	1598.59
38.00	1617.31
39.00	1469.86
40.00	1626.67
41.00	1675.82
42.00	1593.90
43.00	1600.93
44.00	1664.12
45.00	1647.74
46.00	1664.12
47.00	1612.63
48.00	1617.31
49.00	1671.14
50.00	1680.50
51.00	1636.03
52.00	1598.59
53.00	1729.66
54.00	1596.25
55.00	1710.93
56.00	1633.69
57.00	1624.33
58.00	1715.61
59.00	1720.29
60.00	1633.69
61.00	1675.82
62.00	1762.42
63.00	1703.91
64.00	1682.85
65.00	1689.87
66.00	1792.85
67.00	1729.66
68.00	1720.29
69.00	1806.89
70.00	1783.49
71.00	1776.47
72.00	1771.79
73.00	1760.08
74.00	1785.83
75.00	1830.30
76.00	1788.17
77.00	1858.39
78.00	1783.49
79.00	1755.40
80.00	1813.92
81.00	1846.68
82.00	1701.57
83.00	1877.11
84.00	1839.66
85.00	1849.02
86.00	1891.15
87.00	1844.34
88.00	1970.73
89.00	1827.96
90.00	1902.86
91.00	1849.02
92.00	1893.49
93.00	1860.73
94.00	1895.83
95.00	1914.56
96.00	1987.11
97.00	1926.26
98.00	1944.99
99.00	1980.09
100.00	2031.58
101.00	1949.67
102.00	1954.35
103.00	2003.50
104.00	1980.09
105.00	2022.22
106.00	1937.96
107.00	1996.48
108.00	2015.20
109.00	2024.56
110.00	2017.54
111.00	2064.35
112.00	1970.73
113.00	2101.80
114.00	2115.84
115.00	2069.03
116.00	2071.37
117.00	2064.35
118.00	2108.82
119.00	2141.59
120.00	2190.74
121.00	2141.59
122.00	2150.95
123.00	2221.17
124.00	2251.60
125.00	2104.14
126.00	2162.66
127.00	2167.34
128.00	2162.66
129.00	2209.47
130.00	2214.15
131.00	2118.18
132.00	2228.19
133.00	2265.64
134.00	2263.30
135.00	2204.78
136.00	2359.26
137.00	2310.11
138.00	2310.11
139.00	2253.94
140.00	2260.96
141.00	2342.88
142.00	2333.51
143.00	2258.62
144.00	2331.17
145.00	2403.73
146.00	2385.01
147.00	2377.98
148.00	2413.09
149.00	2347.56
150.00	2429.48
151.00	2420.11
152.00	2441.18
153.00	2469.27
154.00	2579.27
155.00	2495.01
156.00	2502.03
157.00	2415.43
158.00	2487.99
159.00	2485.65
160.00	2555.86
161.00	2658.85
162.00	2630.76
163.00	2544.16
164.00	2544.16
165.00	2621.40
166.00	2553.52
167.00	2661.19
168.00	2612.04
169.00	2689.28
170.00	2740.77
171.00	2703.32
172.00	2724.38
173.00	2654.17
174.00	2703.32
175.00	2726.72
176.00	2677.57
177.00	2759.49
178.00	2773.53
179.00	2857.79
180.00	2803.96
181.00	2820.35
182.00	2778.22
183.00	2818.00
184.00	2904.60
185.00	2820.35
186.00	2876.52
187.00	2799.28
188.00	2855.45
189.00	2906.95
190.00	2993.55
191.00	2944.39
192.00	2902.26
193.00	2979.50
194.00	2988.86
195.00	3056.74
196.00	3026.31
197.00	3035.67
198.00	3019.29
199.00	3087.17
200.00	3091.85
201.00	3028.65
202.00	3173.77
203.00	3190.15
204.00	3239.30
205.00	3229.94
206.00	3117.59
207.00	3206.53
208.00	3269.73
209.00	3155.04
210.00	3236.96
211.00	3445.27
212.00	3211.22
213.00	3304.84
214.00	3267.39
215.00	3321.22
216.00	3442.93
217.00	3492.08
218.00	3382.07
219.00	3335.26
220.00	3503.78
221.00	3508.46
222.00	3487.40
223.00	3517.83
224.00	3499.10
225.00	3672.30
226.00	3644.21
227.00	3576.34
228.00	3655.92
229.00	3541.23
230.00	3520.17
231.00	3721.45
232.00	3747.20
233.00	3786.99
234.00	3789.33
235.00	3754.22
236.00	3801.03
237.00	3733.15
238.00	3906.35
239.00	3875.93
240.00	3875.93
241.00	3873.59
242.00	4102.96
243.00	3887.63
244.00	3772.94
245.00	4170.83
246.00	4021.04
247.00	4105.30
248.00	4182.54
249.00	4248.07
250.00	4126.36
251.00	4138.07
252.00	4170.83
253.00	4311.27
254.00	4147.43
255.00	4315.95
256.00	4418.93
257.00	4290.20
258.00	4475.10
259.00	4425.95
260.00	4409.57
261.00	4458.72
262.00	4493.83
263.00	4669.37
264.00	4533.62
265.00	4688.09
266.00	4697.46
267.00	4690.43
268.00	4849.59
269.00	4744.27
270.00	4746.61
271.00	4805.12
272.00	4793.42
273.00	4983.00
274.00	4917.47
275.00	4915.12
276.00	4997.04
277.00	4856.61
278.00	4938.53
279.00	4781.71
280.00	5020.45
281.00	5027.47
282.00	5060.24
283.00	5093.01
284.00	5039.17
285.00	5151.52
286.00	5207.69
287.00	5064.92
288.00	5270.89
289.00	5144.50
290.00	5210.03
291.00	5203.01
292.00	5135.14
293.00	5172.58
294.00	5364.51
295.00	5249.82
296.00	5301.31
297.00	5488.56
298.00	5371.53
299.00	5247.48
300.00	5371.53
301.00	5308.34
302.00	4961.94
303.00	5270.89
304.00	5261.52
305.00	5481.53
306.00	5327.06
307.00	5313.02
308.00	5228.76
309.00	5413.66
310.00	5418.34
311.00	5430.04
312.00	5397.28
313.00	5359.83
314.00	5460.47
315.00	5310.68
316.00	5392.59
317.00	5427.70
318.00	5317.70
319.00	5570.48
320.00	5481.53
321.00	5561.11
322.00	5511.96
323.00	5605.58
324.00	5502.60
325.00	5542.39
326.00	5626.65
327.00	5729.63
328.00	5746.02
329.00	5486.22
330.00	5746.02
331.00	5785.80
332.00	5537.71
333.00	5682.82
334.00	5874.74
335.00	6136.88
336.00	5877.09
337.00	5970.71
338.00	5942.62
339.00	5926.24
340.00	6008.16
341.00	5984.75
342.00	5994.11
343.00	5942.62
344.00	6076.03
345.00	6036.24
346.00	6179.01
347.00	6176.67
348.00	6186.04
349.00	6099.44
350.00	6204.76
351.00	6237.53
352.00	6349.87
353.00	6331.15
354.00	6258.59
355.00	6263.27
356.00	6258.59
357.00	6413.07
358.00	6438.81
359.00	6312.42
360.00	6352.21
361.00	6485.62
362.00	6422.43
363.00	6590.95
364.00	6455.20
365.00	6651.80
366.00	6473.92
367.00	6504.35
368.00	6588.61
369.00	6630.74
370.00	6455.20
371.00	6647.12
372.00	6675.21
373.00	6796.92
374.00	6745.42
375.00	6930.33
376.00	6710.32
377.00	6757.13
378.00	6808.62
379.00	6979.48
380.00	7183.10
381.00	7110.55
382.00	7243.96
383.00	7234.60
384.00	7232.26
385.00	7225.23
386.00	7403.11
387.00	7229.91
388.00	7435.88
389.00	7258.00
390.00	7316.51
391.00	7588.02
392.00	7456.95
393.00	7426.52
394.00	7609.08
395.00	7742.49
396.00	7723.77
397.00	7850.16
398.00	7829.09
399.00	7805.69
400.00	7943.78
401.00	7733.13
402.00	7896.97
403.00	7779.94
404.00	7992.93
405.00	7939.10
406.00	7948.46
407.00	8252.73
408.00	7864.20
409.00	7513.12
410.00	7803.35
411.00	8219.96
412.00	8067.83
413.00	8006.97
414.00	8011.65
415.00	8201.24
416.00	8226.98
417.00	8196.56
418.00	8351.03
419.00	8238.69
420.00	8128.68
421.00	8098.25
422.00	8215.28
423.00	8205.92
424.00	7969.52
425.00	7976.55
426.00	8152.09
427.00	7934.42
428.00	8021.02
429.00	8325.29
430.00	8234.00
431.00	8219.96
432.00	8147.40
433.00	8257.41
434.00	8196.56
435.00	8369.76
436.00	8374.44
437.00	8402.52
438.00	8271.45
439.00	8519.55
440.00	8762.97
441.00	8657.64
442.00	8540.61
443.00	8617.85
444.00	8594.45
445.00	8943.19
446.00	8542.96
447.00	8786.37
448.00	8667.00
449.00	8688.07
450.00	8599.13
451.00	8777.01
452.00	9006.38
453.00	8950.21
454.00	8727.86
455.00	8858.93
456.00	8751.26
457.00	8870.63
458.00	8971.27
459.00	8922.12
460.00	8809.78
461.00	9064.89
462.00	8912.76
463.00	8896.38
464.00	8898.72
465.00	9280.22
466.00	8947.87
467.00	9191.28
468.00	9261.50
469.00	9186.60
470.00	9104.68
471.00	9280.22
472.00	9263.84
473.00	9394.91
474.00	9432.36
475.00	9362.14
476.00	9441.72
477.00	9336.40
478.00	9647.69
479.00	9638.33
480.00	9839.61
481.00	9664.07
482.00	9867.70
483.00	9568.11
484.00	9413.63
485.00	9881.74
486.00	9701.52
487.00	9848.97
488.00	9942.60
489.00	9877.06
490.00	9603.22
491.00	9884.08
492.00	9865.36
493.00	9881.74
494.00	10057.28
495.00	10251.55
496.00	9989.41
497.00	10071.33
498.00	10101.75
499.00	10267.93
500.00	10443.47
501.00	10345.17
502.00	10319.42
503.00	10253.89
504.00	10328.78
505.00	10478.58
506.00	10274.95
507.00	10665.82
508.00	10537.09
509.00	10436.45
510.00	10396.66
511.00	10658.80
512.00	10546.45
513.00	10553.48
514.00	10682.20
515.00	10581.56
516.00	10700.93
517.00	10609.65
518.00	10434.11
519.00	10651.78
520.00	10703.27
521.00	10867.11
522.00	10956.05
523.00	10602.63
524.00	10846.04
525.00	11012.22
526.00	10946.69
527.00	11063.71
528.00	10717.31
529.00	11028.60
530.00	10897.53
531.00	11007.54
532.00	11028.60
533.00	11084.78
534.00	10761.78
535.00	11023.92
536.00	11225.21
537.00	11063.71
538.00	11124.57
539.00	11232.23
540.00	11089.46
541.00	11108.18
542.00	11314.15
543.00	11267.34
544.00	11215.85
545.00	11580.97
546.00	11473.31
547.00	11499.05
548.00	11454.58
549.00	11808.00
550.00	11517.78
551.00	11819.71
552.00	11400.75
553.00	11822.05
554.00	11885.24
555.00	11885.24
556.00	12070.14
557.00	11611.40
558.00	12154.40
559.00	12191.85
560.00	11969.50
561.00	12011.63
562.00	12205.89
563.00	12070.14
564.00	12325.26
565.00	12278.45
566.00	12526.55
567.00	12652.94
568.00	12248.02
569.00	12521.87
570.00	12351.01
571.00	12575.70
572.00	12786.35
573.00	13092.96
574.00	12961.89
575.00	12851.88
576.00	13179.56
577.00	13226.37
578.00	13118.70
579.00	13219.35
580.00	12938.48
581.00	12947.84
582.00	13275.52
583.00	13495.53
584.00	13429.99
585.00	13715.54
586.00	13991.72
587.00	13710.86
588.00	13727.24
589.00	13912.14
590.00	14214.07
591.00	14183.65
592.00	14115.77
593.00	14377.91
594.00	14614.30
595.00	14520.68
596.00	14829.63
597.00	14998.15
598.00	15098.80
599.00	14923.26
600.00	15115.18
601.00	15386.68
602.00	15206.46
603.00	15264.97
604.00	15513.07
605.00	15737.76
606.00	15873.51
607.00	15576.27
608.00	15910.96
609.00	16046.71
610.00	15845.43
611.00	15981.18
612.00	16182.46
613.00	16533.54
614.00	16552.27
615.00	16425.88
616.00	16781.64
617.00	16865.90
618.00	16919.73
619.00	17256.77
620.00	17146.76
621.00	17408.90
622.00	17338.69
623.00	17745.94
624.00	18092.34
625.00	17563.38
626.00	18111.07
627.00	18115.75
628.00	18281.92
629.00	18614.28
630.00	18595.56
631.00	18986.43
632.00	18377.89
633.00	19007.49
634.00	19033.24
635.00	19393.68
636.00	19473.26
637.00	19323.46
638.00	19941.36
639.00	19555.18
640.00	19962.43
641.00	19786.89
642.00	20095.84
643.00	20184.78
644.00	20620.12
645.00	20893.96
646.00	20893.96
647.00	20903.32
648.00	20814.38
649.00	21142.06
650.00	21160.78
651.00	21502.50
652.00	21930.82
653.00	21876.99
654.00	21795.07
655.00	21781.03
656.00	22022.10
657.00	22141.47
658.00	22586.17
659.00	22668.09
660.00	22738.30
661.00	22855.33
662.00	23161.94
663.00	23384.29
664.00	23374.93
665.00	23571.54
666.00	23531.75
667.00	24088.79
668.00	23894.53
669.00	23779.84
670.00	24203.48
671.00	24135.60
672.00	24723.08
673.00	24697.33
674.00	24617.75
675.00	24954.79
676.00	24954.79
677.00	25062.46
678.00	25172.46
679.00	25123.31
680.00	25518.86
681.00	25570.35
682.00	25975.27
683.00	25940.16
684.00	26120.38
685.00	26478.48
686.00	26101.65
687.00	26288.90
688.00	26459.76
689.00	26525.29
690.00	26927.86
691.00	26663.38
692.00	27335.12
693.00	27154.90
694.00	27094.04
695.00	27786.84
696.00	27632.36
697.00	27927.27
698.00	27938.97
699.00	28222.18
700.00	28189.41
701.00	28381.34
702.00	28208.14
703.00	28364.95
704.00	28524.11
705.00	28823.70
706.00	28720.71
707.00	29062.43
708.00	29280.10
709.00	29362.02
710.00	29766.93
711.00	29193.50
712.00	29380.74
713.00	29699.06
714.00	29759.91
715.00	30099.29
716.00	30249.08
717.00	30202.27
718.00	30654.00
719.00	30150.78
720.00	30595.48
721.00	30323.98
722.00	30473.78
723.00	30705.49
724.00	30906.77
725.00	30986.35
726.00	31016.78
727.00	30871.67
728.00	31564.46
729.00	31295.30
730.00	31445.10
731.00	31728.30
732.00	31828.95
733.00	31772.77
734.00	31768.09
735.00	31915.54
736.00	32023.21
737.00	32063.00
738.00	31964.70
739.00	32278.33
740.00	32528.77
741.00	32290.03
742.00	32278.33
743.00	32692.60
744.00	33153.69
745.00	32439.82
746.00	33263.69
747.00	33081.13
748.00	33392.42
749.00	33303.48
750.00	32978.15
751.00	33013.26
752.00	33109.22
753.00	33837.12
754.00	33556.26
755.00	33577.33
756.00	33687.33
757.00	33792.65
758.00	33589.03
759.00	33750.52
760.00	34038.41
761.00	34284.17
762.00	34642.27
763.00	34464.39
764.00	34218.63
765.00	34611.84
766.00	34328.64
767.00	34408.22
768.00	34955.90
769.00	34841.21
770.00	35335.07
771.00	35379.54
772.00	35428.69
773.00	35299.96
774.00	35353.79
775.00	35658.06
776.00	35585.50
777.00	35824.24
778.00	35847.64
779.00	35950.63
780.00	36203.41
781.00	35576.14
782.00	35882.75
783.00	36217.45
784.00	36018.50
785.00	36620.02
786.00	36549.81
787.00	36753.43
788.00	36650.45
789.00	36739.39
790.00	36610.66
791.00	36613.00
792.00	36954.72
793.00	36992.17
794.00	36978.12
795.00	37137.28
796.00	36905.57
797.00	37214.52
798.00	37132.60
799.00	37366.65
800.00	37720.07
801.00	38134.35
802.00	37951.79
803.00	37762.20
804.00	37736.46
805.00	37579.64
806.00	37516.45
807.00	38234.99
808.00	38043.07
809.00	38333.29
810.00	38714.80
811.00	38548.62
812.00	38880.98
813.00	38497.13
814.00	38328.61
815.00	38646.93
816.00	38710.12
817.00	38440.96
818.00	38813.10
819.00	39023.75
820.00	38892.68
821.00	38930.13
822.00	39239.08
823.00	39100.99
824.00	39105.67
825.00	39044.82
826.00	39304.62
827.00	39555.05
828.00	40006.78
829.00	38763.95
830.00	39627.61
831.00	39847.62
832.00	39821.87
833.00	39599.52
834.00	39868.69
835.00	39835.92
836.00	39754.00
837.00	39941.24
838.00	40055.93
839.00	39618.25
840.00	40184.66
841.00	40205.72
842.00	40538.08
843.00	40371.90
844.00	40825.96
845.00	40706.60
846.00	40669.15
847.00	40755.75
848.00	40959.38
849.00	40938.31
850.00	41331.52
851.00	41380.67
852.00	41670.90
853.00	40823.62
854.00	41523.44
855.00	41212.15
856.00	41127.89
857.00	41633.45
858.00	41404.08
859.00	41680.26
860.00	41682.60
861.00	41750.48
862.00	41652.17
863.00	41881.55
864.00	42007.94
865.00	42122.62
866.00	42057.09
867.00	41921.34
868.00	42368.38
869.00	42199.86
870.00	42284.12
871.00	41879.21
872.00	42181.13
873.00	42340.29
874.00	42302.84
875.00	42396.46
876.00	42841.17
877.00	42724.14
878.00	42595.41
879.00	43107.99
880.00	42906.70
881.00	42651.58
882.00	42918.40
883.00	42742.86
884.00	42993.30
885.00	43257.78
886.00	42958.19
887.00	43442.68
888.00	43100.97
889.00	42850.53
890.00	43131.39
891.00	43110.33
892.00	43508.22
893.00	43683.76
894.00	43421.62
895.00	43349.06
896.00	43959.94
897.00	43412.26
898.00	43339.70
899.00	43707.16
900.00	43756.32
901.00	43578.43
902.00	44205.70
903.00	44442.09
904.00	43906.11
905.00	43779.72
906.00	43849.94
907.00	43910.79
908.00	44083.99
909.00	44079.31
910.00	44542.74
911.00	45067.02
912.00	44395.28
913.00	43955.26
914.00	44521.67
915.00	44577.84
916.00	44708.91
917.00	44357.83
918.00	44933.60
919.00	44907.86
920.00	44474.86
921.00	44814.24
922.00	44783.81
923.00	44924.24
924.00	44839.98
925.00	44575.50
926.00	45256.60
927.00	45254.26
928.00	45324.47
929.00	45212.13
930.00	45247.24
931.00	45385.33
932.00	45216.81
933.00	45603.00
934.00	45132.55
935.00	45268.30
936.00	45123.19
937.00	46103.87
938.00	45429.80
939.00	45851.09
940.00	45888.54
941.00	45649.81
942.00	45535.12
943.00	45755.13
944.00	45354.90
945.00	46052.38
946.00	46078.13
947.00	46078.13
948.00	45509.38
949.00	46494.74
950.00	46183.45
951.00	46398.78
952.00	46410.48
953.00	46305.16
954.00	45993.87
955.00	46330.90
956.00	46078.13
957.00	46265.37
958.00	46028.98
959.00	46080.47
960.00	45965.78
961.00	45841.73
962.00	46391.76
963.00	46319.20
964.00	46763.90
965.00	46813.05
966.00	46871.57
967.00	47037.75
968.00	47182.86
969.00	47035.41
970.00	46808.37
971.00	47250.74
972.00	47377.12
973.00	47547.98
974.00	47360.74
975.00	47533.94
976.00	47653.31
977.00	47023.70
978.00	47042.43
979.00	47068.17
980.00	47435.64
981.00	47735.23
982.00	47901.40
983.00	47702.46
984.00	47650.97
985.00	48020.77
986.00	47803.10
987.00	47182.86
988.00	47449.68
989.00	47512.88
990.00	47484.79
991.00	47461.38
992.00	47353.72
993.00	47753.95
994.00	47863.96
995.00	48463.13
996.00	47625.22
997.00	47693.10
998.00	48350.79
999.00	47988.00
1000.00	48336.74
1001.00	48172.91
1002.00	48060.56
1003.00	47882.68
1004.00	48093.33
1005.00	48025.45
1006.00	48215.04
1007.00	48175.25
1008.00	48004.39
1009.00	48399.94
1010.00	48177.59
1011.00	48587.18
1012.00	48758.04
1013.00	48814.21
1014.00	47948.21
1015.00	48545.05
1016.00	48191.63
1017.00	48233.76
1018.00	48598.88
1019.00	48985.07
1020.00	48622.29
1021.00	49069.33
1022.00	48968.69
1023.00	48725.27
1024.00	48748.68
1025.00	48439.73
1026.00	48673.78
1027.00	49158.27
1028.00	48582.50
1029.00	49195.72
1030.00	48825.92
1031.00	49432.11
1032.00	49155.93
1033.00	49567.87
1034.00	49179.34
1035.00	49272.96
1036.00	49071.67
1037.00	49375.94
1038.00	49043.59
1039.00	49141.89
1040.00	49169.97
1041.00	49022.52
1042.00	49118.48
1043.00	49141.89
1044.00	49244.87
1045.00	49137.21
1046.00	49429.77
1047.00	49418.07
1048.00	49010.82
1049.00	49668.51
1050.00	49474.24
1051.00	49593.61
1052.00	49717.66
1053.00	49397.01
1054.00	49546.80
1055.00	49031.88
1056.00	49397.01
1057.00	48947.62
1058.00	49455.52
1059.00	49825.32
1060.00	49382.96
1061.00	49837.03
1062.00	49652.12
1063.00	49382.96
1064.00	49397.01
1065.00	49649.78
1066.00	49691.91
1067.00	49595.95
1068.00	49918.95
1069.00	49911.92
1070.00	49411.05
1071.00	49762.13
1072.00	49790.22
1073.00	49633.40
1074.00	50157.68
1075.00	49654.47
1076.00	49902.56
1077.00	49982.14
1078.00	49682.55
1079.00	50075.76
1080.00	49958.73
1081.00	50174.06
1082.00	49907.24
1083.00	49612.34
1084.00	49968.10
1085.00	50052.36
1086.00	49773.83
1087.00	49757.45
1088.00	50438.54
1089.00	50288.75
1090.00	50309.82
1091.00	50302.79
1092.00	49610.00
1093.00	50508.76
1094.00	49893.20
1095.00	50089.80
1096.00	49661.49
1097.00	50574.30
1098.00	49766.81
1099.00	50089.80
1100.00	50412.80
1101.00	50527.48
1102.00	50307.47
1103.00	50342.58
1104.00	49708.30
1105.00	50057.04
1106.00	49736.38
1107.00	49614.68
1108.00	50106.19
1109.00	50384.71
1110.00	50241.94
1111.00	50822.39
1112.00	50066.40
1113.00	50527.48
1114.00	50342.58
1115.00	50202.15
1116.00	50066.40
1117.00	50270.03
1118.00	49780.85
1119.00	50202.15
1120.00	50174.06
1121.00	50316.84
1122.00	50635.15
1123.00	50248.96
1124.00	49961.08
1125.00	50143.64
1126.00	50024.27
1127.00	50260.66
1128.00	50115.55
1129.00	49787.88
1130.00	50230.24
1131.00	50279.39
1132.00	50087.46
1133.00	50567.27
1134.00	50394.07
1135.00	49984.48
1136.00	50305.13
1137.00	50122.57
1138.00	50171.72
1139.00	50251.30
1140.00	50064.06
1141.00	50012.57
1142.00	50965.17
1143.00	50246.62
1144.00	50464.29
1145.00	50267.69
1146.00	49928.31
1147.00	50232.58
1148.00	50323.86
1149.00	50337.90
1150.00	50258.32
1151.00	50239.60
1152.00	50691.32
1153.00	50679.62
1154.00	50518.12
1155.00	50232.58
1156.00	50134.28
1157.00	50277.05
1158.00	50028.95
1159.00	50321.52
1160.00	50665.58
1161.00	50506.42
1162.00	50513.44
1163.00	50365.99
1164.00	50440.89
1165.00	50752.18
1166.00	50890.27
1167.00	50438.54
1168.00	50515.78
1169.00	50443.23
1170.00	50181.09
1171.00	50192.79
1172.00	50295.77
1173.00	50270.03
1174.00	50520.46
1175.00	50578.98
1176.00	50447.91
1177.00	50328.54
1178.00	50178.75
1179.00	50136.62
1180.00	50295.77
1181.00	50431.52
1182.00	50239.60
1183.00	50649.19
1184.00	50323.86
1185.00	50525.14
1186.00	50607.06
1187.00	50284.07
1188.00	50508.76
1189.00	50518.12
1190.00	50358.97
1191.00	50452.59
1192.00	50328.54
1193.00	50181.09
1194.00	50183.43
1195.00	50422.16
1196.00	50284.07
1197.00	50122.57
1198.00	50454.93
1199.00	50185.77
1200.00	50497.06
1201.00	50260.66
1202.00	49932.99
1203.00	50040.65
1204.00	50672.60
1205.00	50291.09
1206.00	50543.87
1207.00	50370.67
1208.00	50255.98
1209.00	50293.43
1210.00	50480.67
1211.00	50354.29
1212.00	50094.49
1213.00	50024.27
1214.00	50340.24
1215.00	50515.78
1216.00	50190.45
1217.00	50417.48
1218.00	50735.79
1219.00	50490.04
1220.00	50452.59
1221.00	50363.65
1222.00	50230.24
1223.00	50216.19
1224.00	49851.07
1225.00	49989.16
1226.00	50408.12
1227.00	49621.70
1228.00	50206.83
1229.00	50026.61
1230.00	50272.37
1231.00	50398.76
1232.00	50410.46
1233.00	50192.79
1234.00	50150.66
1235.00	49614.68
1236.00	50195.13
1237.00	50019.59
1238.00	49970.44
1239.00	50670.26
1240.00	50330.88
1241.00	50071.08
1242.00	50555.57
1243.00	50365.99
1244.00	50398.76
1245.00	50471.31
1246.00	50195.13
1247.00	49900.22
1248.00	50330.88
1249.00	50129.59
1250.00	50145.98
1251.00	50738.13
1252.00	50415.14
1253.00	50768.56
1254.00	50480.67
1255.00	50571.96
1256.00	50450.25
1257.00	50693.66
1258.00	50611.74
1259.00	50473.65
1260.00	50162.36
1261.00	50284.07
1262.00	50604.72
1263.00	50548.55
1264.00	50780.26
1265.00	50501.74
1266.00	50742.81
1267.00	50401.10
1268.00	50380.03
1269.00	50595.36
1270.00	50223.22
1271.00	50260.66
1272.00	50153.00
1273.00	50740.47
1274.00	50562.59
1275.00	50887.93
1276.00	50766.22
1277.00	50419.82
1278.00	50532.17
1279.00	50642.17
1280.00	50494.72
1281.00	50246.62
1282.00	50466.63
1283.00	50450.25
1284.00	50445.57
1285.00	50047.68
1286.00	50789.62
1287.00	50525.14
1288.00	50277.05
1289.00	50756.86
1290.00	50225.56
1291.00	50382.37
1292.00	50948.78
1293.00	50382.37
1294.00	50403.44
1295.00	50164.70
1296.00	50162.36
1297.00	50010.23
1298.00	50312.16
1299.00	50693.66
1300.00	50581.32
1301.00	50628.13
1302.00	50560.25
1303.00	50005.55
1304.00	50195.13
1305.00	50522.80
1306.00	50082.78
1307.00	50438.54
1308.00	50239.60
1309.00	50300.45
1310.00	50103.85
1311.00	50480.67
1312.00	50602.38
1313.00	50742.81
1314.00	50337.90
1315.00	50286.41
1316.00	50326.20
1317.00	49991.50
1318.00	50274.71
1319.00	50078.10
1320.00	50543.87
1321.00	50230.24
1322.00	50520.46
1323.00	50593.02
1324.00	50578.98
1325.00	50742.81
1326.00	50712.39
1327.00	50405.78
1328.00	50473.65
1329.00	50064.06
1330.00	50763.88
1331.00	50384.71
1332.00	50246.62
1333.00	50431.52
1334.00	50684.30
1335.00	50468.97
1336.00	50595.36
1337.00	50295.77
1338.00	50497.06
1339.00	50461.95
1340.00	50248.96
1341.00	50330.88
1342.00	50253.64
1343.00	50026.61
1344.00	50281.73
1345.00	50153.00
1346.00	50127.25
1347.00	50396.42
1348.00	50663.24
1349.00	50052.36
1350.00	50391.73
1351.00	49923.63
1352.00	50110.87
1353.00	50115.55
1354.00	49872.14
1355.00	49544.46
1356.00	50230.24
1357.00	50160.02
1358.00	50328.54
1359.00	49949.37
1360.00	50064.06
1361.00	50417.48
1362.00	50073.42
1363.00	50380.03
1364.00	50286.41
1365.00	49865.11
1366.00	49825.32
1367.00	49588.93
1368.00	49076.35
1369.00	49507.01
1370.00	49490.63
1371.00	49605.31
1372.00	49532.76
1373.00	49544.46
1374.00	49977.46
1375.00	49748.09
1376.00	49689.57
1377.00	49914.26
1378.00	49588.93
1379.00	49167.63
1380.00	49932.99
1381.00	49446.16
1382.00	49233.17
1383.00	49801.92
1384.00	49455.52
1385.00	49319.77
1386.00	49771.49
1387.00	49825.32
1388.00	49558.50
1389.00	49265.94
1390.00	49284.66
1391.00	49614.68
1392.00	49385.30
1393.00	49511.69
1394.00	48999.12
1395.00	49111.46
1396.00	49368.92
1397.00	49394.67
1398.00	49287.00
1399.00	49574.89
1400.00	49551.48
1401.00	49748.09
1402.00	49586.59
1403.00	49453.18
1404.00	48767.40
1405.00	48425.68
1406.00	48933.58
1407.00	48456.11
1408.00	49382.96
1409.00	49184.02
1410.00	49427.43
1411.00	49514.03
1412.00	49296.36
1413.00	49031.88
1414.00	49120.82
1415.00	48846.98
1416.00	49024.86
1417.00	49139.55
1418.00	48505.26
1419.00	48322.70
1420.00	48142.48
1421.00	48559.09
1422.00	48718.25
1423.00	49008.48
1424.00	48629.31
1425.00	48905.49
1426.00	48907.83
1427.00	48662.08
1428.00	48814.21
1429.00	48671.44
1430.00	48308.66
1431.00	48341.42
1432.00	48388.24
1433.00	48149.50
1434.00	48474.84
1435.00	48500.58
1436.00	48526.33
1437.00	48376.53
1438.00	48395.26
1439.00	48158.86
1440.00	48336.74
1441.00	48371.85
1442.00	48531.01
1443.00	47838.21
1444.00	47798.42
1445.00	47749.27
1446.00	47681.39
1447.00	47899.06
1448.00	47615.86
1449.00	47662.67
1450.00	48158.86
1451.00	48275.89
1452.00	47936.51
1453.00	48158.86
1454.00	47667.35
1455.00	47917.79
1456.00	47629.90
1457.00	47763.31
1458.00	47817.14
1459.00	47489.47
1460.00	47763.31
1461.00	47370.10
1462.00	47892.04
1463.00	47445.00
1464.00	47447.34
1465.00	47643.94
1466.00	47632.24
1467.00	47583.09
1468.00	47613.52
1469.00	47140.73
1470.00	47131.37
1471.00	47337.33
1472.00	47232.01
1473.00	47349.04
1474.00	46887.95
1475.00	47597.13
1476.00	47426.28
1477.00	47587.77
1478.00	47501.17
1479.00	47756.29
1480.00	47459.04
1481.00	46712.41
1482.00	46948.81
1483.00	47150.09
1484.00	46740.50
1485.00	46515.81
1486.00	46450.27
1487.00	46464.32
1488.00	47014.34
1489.00	46646.88
1490.00	46838.80
1491.00	46630.49
1492.00	47360.74
1493.00	46637.51
1494.00	46880.93
1495.00	46637.51
1496.00	46553.26
1497.00	46153.02
1498.00	46248.99
1499.00	46389.42
1500.00	46326.22
1501.00	46223.24
1502.00	46522.83
1503.00	46679.64
1504.00	46244.30
1505.00	46347.29
1506.00	46602.41
1507.00	46487.72
1508.00	46078.13
1509.00	46342.61
1510.00	46286.43
1511.00	46190.47
1512.00	45542.14
1513.00	45808.96
1514.00	46036.00
1515.00	46113.23
1516.00	45925.99
1517.00	45546.82
1518.00	46024.29
1519.00	45858.12
1520.00	45977.48
1521.00	46014.93
1522.00	45640.45
1523.00	45949.40
1524.00	45951.74
1525.00	45558.53
1526.00	45687.26
1527.00	45399.37
1528.00	45619.38
1529.00	45425.12
1530.00	45666.19
1531.00	45553.85
1532.00	45333.84
1533.00	45820.67
1534.00	45357.24
1535.00	45495.33
1536.00	45317.45
1537.00	45485.97
1538.00	45062.33
1539.00	45013.18
1540.00	44844.66
1541.00	44694.87
1542.00	45006.16
1543.00	45317.45
1544.00	44870.41
1545.00	45118.51
1546.00	44989.78
1547.00	45144.25
1548.00	44364.85
1549.00	45521.08
1550.00	45045.95
1551.00	44748.70
1552.00	45209.79
1553.00	44378.90
1554.00	44655.08
1555.00	44598.91
1556.00	44683.17
1557.00	44327.41
1558.00	44617.63
1559.00	44832.96
1560.00	44982.76
1561.00	44470.18
1562.00	44758.06
1563.00	45010.84
1564.00	44737.00
1565.00	44069.95
1566.00	44294.64
1567.00	44381.24
1568.00	44378.90
1569.00	44236.12
1570.00	44161.23
1571.00	44320.38
1572.00	44322.72
1573.00	44334.43
1574.00	44388.26
1575.00	44437.41
1576.00	44151.87
1577.00	43831.21
1578.00	44231.44
1579.00	44039.52
1580.00	43821.85
1581.00	43899.09
1582.00	43833.55
1583.00	43409.92
1584.00	43524.60
1585.00	44079.31
1586.00	43770.36
1587.00	43292.89
1588.00	43152.46
1589.00	43779.72
1590.00	43594.82
1591.00	43882.70
1592.00	43753.97
1593.00	43814.83
1594.00	43744.61
1595.00	43330.34
1596.00	43243.74
1597.00	43295.23
1598.00	42733.50
1599.00	43456.73
1600.00	43370.13
1601.00	43166.50
1602.00	43089.26
1603.00	43054.15
1604.00	43002.66
1605.00	43063.52
1606.00	43007.34
1607.00	43255.44
1608.00	43115.01
1609.00	42944.15
1610.00	42689.03
1611.00	42876.27
1612.00	43082.24
1613.00	42969.90
1614.00	42672.65
1615.00	42454.98
1616.00	42857.55
1617.00	42979.26
1618.00	43084.58
1619.00	42700.73
1620.00	42808.40
1621.00	42696.05
1622.00	43161.82
1623.00	43213.31
1624.00	42398.80
1625.00	42747.54
1626.00	42749.88
1627.00	42693.71
1628.00	42452.64
1629.00	42218.58
1630.00	42295.82
1631.00	41975.17
1632.00	42534.56
1633.00	42199.86
1634.00	42108.58
1635.00	42920.74
1636.00	42429.23
1637.00	42637.54
1638.00	42609.45
1639.00	42087.51
1640.00	41942.40
1641.00	42204.54
1642.00	41738.77
1643.00	41544.51
1644.00	41823.03
1645.00	41773.88
1646.00	41982.19
1647.00	42082.83
1648.00	41869.84
1649.00	42265.39
1650.00	41652.17
1651.00	42206.88
1652.00	41904.95
1653.00	41951.76
1654.00	42265.39
1655.00	42195.18
1656.00	41495.36
1657.00	41158.32
1658.00	41738.77
1659.00	41165.34
1660.00	41055.34
1661.00	41235.56
1662.00	41291.73
1663.00	41408.76
1664.00	41223.86
1665.00	41745.80
1666.00	41418.12
1667.00	41125.55
1668.00	41727.07
1669.00	41500.04
1670.00	41338.54
1671.00	40727.66
1672.00	41483.66
1673.00	41088.10
1674.00	40772.13
1675.00	40961.72
1676.00	40645.74
1677.00	40914.90
1678.00	40587.23
1679.00	40957.03
1680.00	40917.25
1681.00	41294.07
1682.00	40964.06
1683.00	41069.38
1684.00	40556.80
1685.00	40662.13
1686.00	40634.04
1687.00	40573.19
1688.00	40514.67
1689.00	40933.63
1690.00	40638.72
1691.00	39852.30
1692.00	40378.92
1693.00	40198.70
1694.00	40355.52
1695.00	40409.35
1696.00	40182.32
1697.00	39969.33
1698.00	40399.99
1699.00	40500.63
1700.00	40350.84
1701.00	40282.96
1702.00	40261.90
1703.00	40109.76
1704.00	39793.79
1705.00	39908.47
1706.00	39721.23
1707.00	39730.59
1708.00	39367.81
1709.00	39501.22
1710.00	39742.30
1711.00	39433.35
1712.00	39990.39
1713.00	39723.57
1714.00	40011.46
1715.00	39749.32
1716.00	39510.58
1717.00	39508.24
1718.00	38897.36
1719.00	39707.19
1720.00	39063.54
1721.00	39711.87
1722.00	39229.72
1723.00	38848.21
1724.00	39033.11
1725.00	38356.70
1726.00	38483.09
1727.00	38911.41
1728.00	38916.09
1729.00	38691.40
1730.00	38719.48
1731.00	38911.41
1732.00	38904.38
1733.00	38588.41
1734.00	38122.65
1735.00	38485.43
1736.00	38452.66
1737.00	38572.03
1738.00	38064.13
1739.00	38052.43
1740.00	38396.49
1741.00	38103.92
1742.00	38171.80
1743.00	38309.89
1744.00	38625.86
1745.00	38050.09
1746.00	38134.35
1747.00	38504.15
1748.00	37968.17
1749.00	37780.93
1750.00	37961.15
1751.00	37706.03
1752.00	37720.07
1753.00	37322.18
1754.00	37247.29
1755.00	37193.45
1756.00	37509.43
1757.00	37331.54
1758.00	37057.70
1759.00	37120.90
1760.00	37354.95
1761.00	37418.14
1762.00	37455.59
1763.00	36961.74
1764.00	37027.28
1765.00	37120.90
1766.00	36858.76
1767.00	36858.76
1768.00	36842.37
1769.00	36334.48
1770.00	36889.18
1771.00	36533.42
1772.00	36601.30
1773.00	36673.85
1774.00	36678.54
1775.00	36510.02
1776.00	36687.90
1777.00	36285.33
1778.00	36252.56
1779.00	36332.14
1780.00	36327.45
1781.00	35852.33
1782.00	36421.08
1783.00	36219.79
1784.00	35667.42
1785.00	35442.73
1786.00	35484.86
1787.00	35416.99
1788.00	35737.64
1789.00	35243.79
1790.00	35449.75
1791.00	35658.06
1792.00	35398.26
1793.00	35428.69
1794.00	35306.98
1795.00	35393.58
1796.00	35456.78
1797.00	35512.95
1798.00	35171.23
1799.00	35484.86
1800.00	35353.79
1801.00	34902.07
1802.00	34993.35
1803.00	34462.05
1804.00	34714.83
1805.00	34216.29
1806.00	34096.92
1807.00	34408.22
1808.00	34218.63
1809.00	34539.29
1810.00	34218.63
1811.00	34637.59
1812.00	34040.75
1813.00	33979.90
1814.00	34272.46
1815.00	33979.90
1816.00	33528.17
1817.00	33642.86
1818.00	33542.22
1819.00	33975.22
1820.00	33427.53
1821.00	33563.28
1822.00	33345.61
1823.00	33450.94
1824.00	33174.75
1825.00	33076.45
1826.00	33118.58
1827.00	33132.62
1828.00	33434.55
1829.00	33048.36
1830.00	33020.28
1831.00	32486.64
1832.00	32690.26
1833.00	32811.97
1834.00	32470.25
1835.00	32329.82
1836.00	32620.05
1837.00	31580.85
1838.00	31962.36
1839.00	31929.59
1840.00	31660.43
1841.00	31892.14
1842.00	31871.07
1843.00	31777.45
1844.00	31274.24
1845.00	31424.03
1846.00	31634.68
1847.00	31187.64
1848.00	31307.01
1849.00	31075.29
1850.00	31014.44
1851.00	31012.10
1852.00	30742.94
1853.00	30691.44
1854.00	30906.77
1855.00	30284.19
1856.00	30134.40
1857.00	30202.27
1858.00	30029.07
1859.00	30284.19
1860.00	30143.76
1861.00	29874.60
1862.00	30153.12
1863.00	30288.87
1864.00	30448.03
1865.00	29928.43
1866.00	29848.85
1867.00	29268.40
1868.00	29853.53
1869.00	29626.50
1870.00	29376.06
1871.00	29455.64
1872.00	29434.58
1873.00	29015.62
1874.00	28854.12
1875.00	28940.72
1876.00	28891.57
1877.00	28769.86
1878.00	28868.17
1879.00	28627.09
1880.00	28524.11
1881.00	28772.21
1882.00	28716.03
1883.00	28388.36
1884.00	28580.28
1885.00	28472.62
1886.00	27967.06
1887.00	28023.23
1888.00	28268.99
1889.00	27920.25
1890.00	27946.00
1891.00	27229.79
1892.00	27264.90
1893.00	27473.21
1894.00	27005.10
1895.00	26815.52
1896.00	27175.96
1897.00	26707.85
1898.00	27232.13
1899.00	26920.84
1900.00	27201.71
1901.00	26719.56
1902.00	26796.79
1903.00	26696.15
1904.00	26436.35
1905.00	26031.44
1906.00	26331.03
1907.00	26064.21
1908.00	25755.26
1909.00	25771.64
1910.00	25968.24
1911.00	25734.19
1912.00	25624.18
1913.00	25947.18
1914.00	25802.07
1915.00	25369.07
1916.00	25546.95
1917.00	25427.58
1918.00	25123.31
1919.00	25275.45
1920.00	25399.49
1921.00	25343.32
1922.00	25015.65
1923.00	24943.09
1924.00	24666.91
1925.00	24414.13
1926.00	24671.59
1927.00	24259.65
1928.00	23990.49
1929.00	24203.48
1930.00	23967.09
1931.00	24388.38
1932.00	24531.15
1933.00	23894.53
1934.00	24369.66
1935.00	24254.97
1936.00	24208.16
1937.00	24046.66
1938.00	23819.63
1939.00	23765.80
1940.00	23828.99
1941.00	23496.64
1942.00	23601.96
1943.00	23063.64
1944.00	23419.40
1945.00	23138.54
1946.00	22705.54
1947.00	22609.58
1948.00	22637.66
1949.00	22663.41
1950.00	22595.53
1951.00	22518.29
1952.00	22614.26
1953.00	22452.76
1954.00	22361.48
1955.00	22530.00
1956.00	22466.80
1957.00	22281.90
1958.00	22029.12
1959.00	21928.48
1960.00	22066.57
1961.00	21715.49
1962.00	21855.92
1963.00	21493.14
1964.00	21390.16
1965.00	21305.90
1966.00	21221.64
1967.00	21088.23
1968.00	21223.98
1969.00	21095.25
1970.00	20744.17
1971.00	21289.51
1972.00	20971.20
1973.00	21034.39
1974.00	21036.74
1975.00	20884.60
1976.00	20500.75
1977.00	20980.56
1978.00	20472.67
1979.00	20746.51
1980.00	20449.26
1981.00	20105.20
1982.00	19889.87
1983.00	19976.47
1984.00	19920.30
1985.00	19873.49
1986.00	19812.63
1987.00	19814.98
1988.00	19381.98
1989.00	19503.68
1990.00	19440.49
1991.00	19508.37
1992.00	19398.36
1993.00	19384.32
1994.00	19515.39
1995.00	19183.03
1996.00	19206.44
1997.00	18848.33
1998.00	18948.98
1999.00	19023.87
2000.00	18658.75
2001.00	18848.33
2002.00	18735.99
2003.00	18520.66
2004.00	18382.57
2005.00	18080.64
2006.00	17848.93
2007.00	18033.83
2008.00	18071.28
2009.00	18075.96
2010.00	17853.61
2011.00	17898.08
2012.00	17881.69
2013.00	18031.49
2014.00	18214.05
2015.00	17734.24
2016.00	17886.37
2017.00	17607.85
2018.00	17706.15
2019.00	17371.46
2020.00	17453.37
2021.00	17350.39
2022.00	17116.34
2023.00	16863.56
2024.00	16837.81
2025.00	16762.92
2026.00	16772.28
2027.00	16540.57
2028.00	16634.19
2029.00	16725.47
2030.00	16570.99
2031.00	16428.22
2032.00	16524.18
2033.00	16308.85
2034.00	16381.41
2035.00	16283.11
2036.00	16102.89
2037.00	16020.97
2038.00	16334.60
2039.00	16175.44
2040.00	16032.67
2041.00	15948.41
2042.00	15721.38
2043.00	15545.84
2044.00	15541.16
2045.00	15543.50
2046.00	15545.84
2047.00	15091.77
