0.00	1039.20
1.00	1039.20
2.00	1039.20
3.00	1029.84
4.00	950.26
5.00	950.26
6.00	926.85
7.00	950.26
8.00	985.37
9.00	929.19
10.00	968.98
11.00	1011.11
12.00	940.90
13.00	1013.45
14.00	875.36
15.00	959.62
16.00	943.24
17.00	950.26
18.00	980.68
19.00	952.60
20.00	1064.94
21.00	985.37
22.00	947.92
23.00	1004.09
24.00	1086.01
25.00	1411.34
26.00	1380.92
27.00	1493.26
28.00	1486.24
29.00	1502.62
30.00	1511.99
31.00	1392.62
32.00	1423.05
33.00	1570.50
34.00	1446.45
35.00	1621.99
36.00	1603.27
37.00	1593.90
38.00	1579.86
39.00	1600.93
40.00	1668.80
41.00	1586.88
42.00	1563.48
43.00	1565.82
44.00	1654.76
45.00	1673.48
46.00	1631.35
47.00	1607.95
48.00	1654.76
49.00	1727.32
50.00	1584.54
51.00	1652.42
52.00	1614.97
53.00	1692.21
54.00	1603.27
55.00	1582.20
56.00	1607.95
57.00	1727.32
58.00	1647.74
59.00	1696.89
60.00	1767.10
61.00	1769.44
62.00	1713.27
63.00	1671.14
64.00	1668.80
65.00	1696.89
66.00	1699.23
67.00	1792.85
68.00	1755.40
69.00	1795.19
70.00	1743.70
71.00	1856.04
72.00	1764.76
73.00	1713.27
74.00	1741.36
75.00	1722.63
76.00	1760.08
77.00	1776.47
78.00	1813.92
79.00	1874.77
80.00	1844.34
81.00	1886.47
82.00	1900.52
83.00	1846.68
84.00	1860.73
85.00	1895.83
86.00	1888.81
87.00	1909.88
88.00	1895.83
89.00	1900.52
90.00	1820.94
91.00	1842.00
92.00	1914.56
93.00	1923.92
94.00	1909.88
95.00	1963.71
96.00	1825.62
97.00	1909.88
98.00	1973.07
99.00	1963.71
100.00	1959.03
101.00	1961.37
102.00	1956.69
103.00	2015.20
104.00	2019.88
105.00	1996.48
106.00	1996.48
107.00	1977.75
108.00	2005.84
109.00	2078.40
110.00	1968.39
111.00	2003.50
112.00	2057.33
113.00	1996.48
114.00	2071.37
115.00	2097.12
116.00	2005.84
117.00	2080.74
118.00	2069.03
119.00	2204.78
120.00	2045.63
121.00	2026.90
122.00	2160.31
123.00	2143.93
124.00	2127.55
125.00	2249.25
126.00	2134.57
127.00	2169.68
128.00	2143.93
129.00	2134.57
130.00	2214.15
131.00	2160.31
132.00	2258.62
133.00	2214.15
134.00	2230.53
135.00	2342.88
136.00	2303.09
137.00	2312.45
138.00	2298.41
139.00	2324.15
140.00	2307.77
141.00	2289.04
142.00	2312.45
143.00	2317.13
144.00	2338.20
145.00	2373.30
146.00	2406.07
147.00	2382.67
148.00	2380.32
149.00	2562.89
150.00	2471.61
151.00	2420.11
152.00	2331.17
153.00	2401.39
154.00	2445.86
155.00	2434.16
156.00	2452.88
157.00	2558.21
158.00	2520.76
159.00	2525.44
160.00	2483.31
161.00	2619.06
162.00	2569.91
163.00	2541.82
164.00	2537.14
165.00	2530.12
166.00	2504.37
167.00	2647.15
168.00	2682.25
169.00	2614.38
170.00	2708.00
171.00	2656.51
172.00	2651.83
173.00	2726.72
174.00	2682.25
175.00	2700.98
176.00	2705.66
177.00	2684.59
178.00	2829.71
179.00	2738.43
180.00	2736.09
181.00	2892.90
182.00	2768.85
183.00	2754.81
184.00	2766.51
185.00	2820.35
186.00	2708.00
187.00	2827.37
188.00	2913.97
189.00	2935.03
190.00	2995.89
191.00	2991.20
192.00	2951.42
193.00	2956.10
194.00	2979.50
195.00	3162.06
196.00	3091.85
197.00	3117.59
198.00	3115.25
199.00	3098.87
200.00	3073.12
201.00	3066.10
202.00	3087.17
203.00	3201.85
204.00	3059.08
205.00	3164.40
206.00	3171.43
207.00	3117.59
208.00	3183.13
209.00	3190.15
210.00	3295.47
211.00	3222.92
212.00	3190.15
213.00	3103.55
214.00	3222.92
215.00	3253.34
216.00	3290.79
217.00	3337.60
218.00	3332.92
219.00	3255.69
220.00	3508.46
221.00	3520.17
222.00	3372.71
223.00	3485.06
224.00	3583.36
225.00	3405.48
226.00	3494.42
227.00	3548.25
228.00	3576.34
229.00	3637.19
230.00	3662.94
231.00	3599.74
232.00	3709.75
233.00	3691.02
234.00	3758.90
235.00	3737.84
236.00	3733.15
237.00	3859.54
238.00	3840.82
239.00	3822.09
240.00	3936.78
241.00	3885.29
242.00	3992.95
243.00	3936.78
244.00	3967.21
245.00	3941.46
246.00	3969.55
247.00	3969.55
248.00	4215.30
249.00	4152.11
250.00	4077.21
251.00	4287.86
252.00	4365.10
253.00	4299.56
254.00	4294.88
255.00	4458.72
256.00	4297.22
257.00	4390.84
258.00	4308.93
259.00	4592.13
260.00	4498.51
261.00	4531.28
262.00	4596.81
263.00	4552.34
264.00	4664.69
265.00	4514.89
266.00	4755.97
267.00	4660.01
268.00	4737.24
269.00	4744.27
270.00	4697.46
271.00	4887.04
272.00	4755.97
273.00	4826.18
274.00	4842.57
275.00	4880.02
276.00	4973.64
277.00	4992.36
278.00	4952.57
279.00	4725.54
280.00	4898.74
281.00	4924.49
282.00	5011.09
283.00	5011.09
284.00	5093.01
285.00	5057.90
286.00	5221.74
287.00	5135.14
288.00	5057.90
289.00	5027.47
290.00	5210.03
291.00	5165.56
292.00	5151.52
293.00	5170.24
294.00	5275.57
295.00	5352.81
296.00	5142.16
297.00	5280.25
298.00	5343.44
299.00	5317.70
300.00	5348.12
301.00	5277.91
302.00	5008.75
303.00	5132.79
304.00	5301.31
305.00	5411.32
306.00	5242.80
307.00	5252.16
308.00	5334.08
309.00	5357.49
310.00	5266.21
311.00	5331.74
312.00	5263.86
313.00	5280.25
314.00	5355.15
315.00	5364.51
316.00	5465.15
317.00	5621.97
318.00	5329.40
319.00	5448.77
320.00	5617.29
321.00	5434.72
322.00	5359.83
323.00	5544.73
324.00	5668.78
325.00	5572.82
326.00	5626.65
327.00	5783.46
328.00	5783.46
329.00	5514.30
330.00	5720.27
331.00	5872.40
332.00	5640.69
333.00	5453.45
334.00	5802.19
335.00	5703.89
336.00	5851.34
337.00	5839.64
338.00	5902.83
339.00	5806.87
340.00	6033.90
341.00	6066.67
342.00	6043.26
343.00	5977.73
344.00	6113.48
345.00	6125.18
346.00	6179.01
347.00	6078.37
348.00	6270.30
349.00	6141.57
350.00	6057.31
351.00	6179.01
352.00	6153.27
353.00	6246.89
354.00	6193.06
355.00	6265.61
356.00	6242.21
357.00	6392.00
358.00	6333.49
359.00	6368.60
360.00	6387.32
361.00	6401.37
362.00	6438.81
363.00	6392.00
364.00	6525.41
365.00	6525.41
366.00	6483.28
367.00	6532.44
368.00	6373.28
369.00	6586.27
370.00	6607.33
371.00	6656.48
372.00	6600.31
373.00	6581.59
374.00	6796.92
375.00	6771.17
376.00	6836.70
377.00	6757.13
378.00	6939.69
379.00	7063.74
380.00	7094.16
381.00	6803.94
382.00	7002.88
383.00	6995.86
384.00	7133.95
385.00	7269.70
386.00	7248.64
387.00	7129.27
388.00	7241.62
389.00	7339.92
390.00	7351.62
391.00	7461.63
392.00	7473.33
393.00	7255.66
394.00	7468.65
395.00	7627.81
396.00	7328.22
397.00	7782.28
398.00	7609.08
399.00	7637.17
400.00	7808.03
401.00	7920.37
402.00	7740.15
403.00	7925.05
404.00	7939.10
405.00	7941.44
406.00	7829.09
407.00	7978.89
408.00	7695.68
409.00	7548.23
410.00	7920.37
411.00	8004.63
412.00	8088.89
413.00	7880.58
414.00	8025.70
415.00	8058.46
416.00	7976.55
417.00	7960.16
418.00	8105.28
419.00	8219.96
420.00	8112.30
421.00	8025.70
422.00	8161.45
423.00	8283.16
424.00	8215.28
425.00	8114.64
426.00	8287.84
427.00	8039.74
428.00	8180.17
429.00	8056.12
430.00	8147.40
431.00	7943.78
432.00	8109.96
433.00	8161.45
434.00	8187.19
435.00	8180.17
436.00	8365.07
437.00	8058.46
438.00	8313.58
439.00	8241.03
440.00	8493.80
441.00	8435.29
442.00	8449.33
443.00	8571.04
444.00	8631.90
445.00	8428.27
446.00	8486.78
447.00	8549.98
448.00	8645.94
449.00	8655.30
450.00	8381.46
451.00	8601.47
452.00	8627.21
453.00	8807.44
454.00	8667.00
455.00	8943.19
456.00	8594.45
457.00	8868.29
458.00	8830.84
459.00	8748.92
460.00	8760.63
461.00	8826.16
462.00	8840.20
463.00	8915.10
464.00	9085.96
465.00	9090.64
466.00	9027.45
467.00	8982.98
468.00	9284.91
469.00	9062.55
470.00	9270.86
471.00	9259.16
472.00	9324.69
473.00	9170.22
474.00	9303.63
475.00	9291.93
476.00	9476.83
477.00	9682.80
478.00	9563.43
479.00	9467.47
480.00	9654.71
481.00	9500.23
482.00	9558.75
483.00	9724.93
484.00	9614.92
485.00	9968.34
486.00	9717.90
487.00	9743.65
488.00	9685.14
489.00	9949.62
490.00	9788.12
491.00	9827.91
492.00	9888.76
493.00	9881.74
494.00	10153.24
495.00	10193.03
496.00	10174.31
497.00	9940.26
498.00	10174.31
499.00	10120.48
500.00	10307.72
501.00	10218.78
502.00	10394.32
503.00	10232.82
504.00	10342.83
505.00	10792.21
506.00	10228.14
507.00	10272.61
508.00	10469.22
509.00	10483.26
510.00	10359.21
511.00	10509.01
512.00	10516.03
513.00	10567.52
514.00	10464.54
515.00	10574.54
516.00	10590.92
517.00	10396.66
518.00	10595.61
519.00	10846.04
520.00	10527.73
521.00	10890.51
522.00	10633.05
523.00	10424.75
524.00	10946.69
525.00	10773.49
526.00	11023.92
527.00	11042.65
528.00	10815.62
529.00	10934.98
530.00	11122.23
531.00	10972.43
532.00	10998.18
533.00	10834.34
534.00	11243.93
535.00	10991.16
536.00	11117.54
537.00	10876.47
538.00	10855.40
539.00	11279.04
540.00	10946.69
541.00	11040.31
542.00	11269.68
543.00	11370.32
544.00	11187.76
545.00	11384.37
546.00	11545.86
547.00	11204.14
548.00	11609.06
549.00	11543.52
550.00	11534.16
551.00	11667.57
552.00	11665.23
553.00	11730.76
554.00	11587.99
555.00	11791.62
556.00	11953.12
557.00	11721.40
558.00	11978.86
559.00	11721.40
560.00	12028.01
561.00	12161.42
562.00	12290.15
563.00	12152.06
564.00	12280.79
565.00	12072.48
566.00	12126.32
567.00	12648.26
568.00	12095.89
569.00	12442.29
570.00	12521.87
571.00	12655.28
572.00	12744.22
573.00	12582.72
574.00	12823.80
575.00	12819.11
576.00	12929.12
577.00	13020.40
578.00	13053.17
579.00	13121.04
580.00	13053.17
581.00	13008.70
582.00	13013.38
583.00	13334.03
584.00	13495.53
585.00	13441.70
586.00	13839.59
587.00	13612.56
588.00	13797.46
589.00	13781.07
590.00	14132.15
591.00	14071.30
592.00	13905.12
593.00	13996.40
594.00	14518.34
595.00	14312.38
596.00	14820.27
597.00	14506.64
598.00	14768.78
599.00	15054.33
600.00	14984.11
601.00	15042.62
602.00	15255.61
603.00	15288.38
604.00	15389.02
605.00	15520.09
606.00	15742.44
607.00	15597.33
608.00	15981.18
609.00	16018.63
610.00	15843.09
611.00	15981.18
612.00	16152.04
613.00	16262.04
614.00	16233.96
615.00	16514.82
616.00	16673.98
617.00	16748.87
618.00	16795.68
619.00	17179.53
620.00	16879.94
621.00	16945.48
622.00	17472.10
623.00	17657.00
624.00	17757.64
625.00	17675.73
626.00	17640.62
627.00	17923.82
628.00	17900.42
629.00	18232.77
630.00	18593.22
631.00	18780.46
632.00	18476.19
633.00	18668.11
634.00	18967.70
635.00	19049.62
636.00	19080.05
637.00	19447.51
638.00	19681.56
639.00	19683.91
640.00	19627.73
641.00	19571.56
642.00	19672.20
643.00	20025.62
644.00	20306.49
645.00	20711.40
646.00	20297.13
647.00	20620.12
648.00	20666.93
649.00	20917.37
650.00	21336.32
651.00	21879.33
652.00	21373.77
653.00	21621.87
654.00	21649.96
655.00	21914.44
656.00	22082.95
657.00	21972.95
658.00	22448.08
659.00	22195.30
660.00	22724.26
661.00	22754.69
662.00	22867.03
663.00	23300.03
664.00	23185.35
665.00	23337.48
666.00	23030.87
667.00	23644.09
668.00	23363.23
669.00	23718.99
670.00	23494.30
671.00	23964.75
672.00	24484.34
673.00	24350.93
674.00	24533.50
675.00	24783.93
676.00	24381.36
677.00	24898.62
678.00	25071.82
679.00	25048.41
680.00	25525.88
681.00	25406.52
682.00	25626.53
683.00	25287.15
684.00	26010.37
685.00	26242.09
686.00	26291.24
687.00	26375.50
688.00	26441.03
689.00	26604.87
690.00	26387.20
691.00	26721.90
692.00	27164.26
693.00	26958.29
694.00	27372.57
695.00	27417.04
696.00	27508.32
697.00	27541.08
698.00	27840.67
699.00	28112.17
700.00	28041.96
701.00	28610.71
702.00	27990.47
703.00	28320.48
704.00	28271.33
705.00	28582.62
706.00	28460.91
707.00	28783.91
708.00	29027.32
709.00	28758.16
710.00	29291.80
711.00	29177.12
712.00	29537.56
713.00	29469.69
714.00	29472.03
715.00	29776.30
716.00	29900.34
717.00	30043.12
718.00	30057.16
719.00	29965.88
720.00	29905.02
721.00	30150.78
722.00	30019.71
723.00	30433.99
724.00	30906.77
725.00	31037.84
726.00	30642.29
727.00	30764.00
728.00	31005.08
729.00	31012.10
730.00	31208.70
731.00	31318.71
732.00	31744.69
733.00	31630.00
734.00	31054.23
735.00	31346.79
736.00	31154.87
737.00	31257.85
738.00	31899.16
739.00	31784.48
740.00	32151.94
741.00	31866.39
742.00	32224.50
743.00	32058.32
744.00	32240.88
745.00	32336.84
746.00	32767.50
747.00	32598.98
748.00	32828.35
749.00	32339.18
750.00	33109.22
751.00	32797.93
752.00	33141.99
753.00	33457.96
754.00	33331.57
755.00	33605.41
756.00	33376.04
757.00	33233.27
758.00	33500.09
759.00	33504.77
760.00	33682.65
761.00	34345.02
762.00	34064.16
763.00	34078.20
764.00	33958.83
765.00	33942.45
766.00	34174.16
767.00	34808.45
768.00	34721.85
769.00	34864.62
770.00	34866.96
771.00	35117.40
772.00	34991.01
773.00	35108.04
774.00	34993.35
775.00	35065.91
776.00	35199.32
777.00	35828.92
778.00	35824.24
779.00	35519.97
780.00	36119.15
781.00	35393.58
782.00	35826.58
783.00	35679.13
784.00	35531.67
785.00	35885.09
786.00	36112.13
787.00	36580.23
788.00	36411.71
789.00	36329.80
790.00	36112.13
791.00	36416.40
792.00	36903.23
793.00	36594.28
794.00	36811.95
795.00	37099.83
796.00	36989.83
797.00	36767.48
798.00	36919.61
799.00	37205.16
800.00	37123.24
801.00	37296.44
802.00	37951.79
803.00	37787.95
804.00	37357.29
805.00	37589.00
806.00	37771.57
807.00	37930.72
808.00	37820.72
809.00	38050.09
810.00	38050.09
811.00	37923.70
812.00	38541.60
813.00	38010.30
814.00	38473.73
815.00	38349.68
816.00	38506.49
817.00	38593.09
818.00	38597.77
819.00	38691.40
820.00	38314.57
821.00	38579.05
822.00	38918.43
823.00	38569.69
824.00	38852.89
825.00	38953.54
826.00	39152.48
827.00	39714.21
828.00	39084.61
829.00	39665.06
830.00	39407.60
831.00	39199.29
832.00	39583.14
833.00	39824.22
834.00	39271.85
835.00	40297.00
836.00	39536.33
837.00	39728.25
838.00	39845.28
839.00	39543.35
840.00	39962.31
841.00	40133.17
842.00	40009.12
843.00	40313.39
844.00	40514.67
845.00	40535.74
846.00	40294.66
847.00	40446.80
848.00	40652.76
849.00	40917.25
850.00	40844.69
851.00	40678.51
852.00	40769.79
853.00	40519.35
854.00	40917.25
855.00	40837.67
856.00	41186.41
857.00	41483.66
858.00	41181.73
859.00	41530.47
860.00	41558.55
861.00	41256.62
862.00	41624.09
863.00	41408.76
864.00	41687.28
865.00	41825.37
866.00	41944.74
867.00	41881.55
868.00	42003.25
869.00	41998.57
870.00	42604.77
871.00	41619.41
872.00	42000.91
873.00	42122.62
874.00	42054.75
875.00	42443.27
876.00	42403.49
877.00	42686.69
878.00	42576.69
879.00	42237.31
880.00	42153.05
881.00	42408.17
882.00	42607.11
883.00	42401.14
884.00	43150.12
885.00	42714.78
886.00	42995.64
887.00	43072.88
888.00	42822.44
889.00	42667.97
890.00	42796.70
891.00	42937.13
892.00	42913.72
893.00	43384.17
894.00	43077.56
895.00	42920.74
896.00	43580.78
897.00	43545.67
898.00	43119.69
899.00	43351.40
900.00	43564.39
901.00	43779.72
902.00	43889.73
903.00	44259.53
904.00	43264.80
905.00	43927.17
906.00	43938.88
907.00	43732.91
908.00	43735.25
909.00	43751.63
910.00	44126.12
911.00	44135.48
912.00	44238.47
913.00	43969.30
914.00	43676.74
915.00	43880.36
916.00	44411.67
917.00	44296.98
918.00	44900.84
919.00	44961.69
920.00	44477.20
921.00	44584.86
922.00	44516.99
923.00	44617.63
924.00	44219.74
925.00	44584.86
926.00	44568.48
927.00	45361.92
928.00	44816.58
929.00	45387.67
930.00	45001.48
931.00	44938.29
932.00	44587.21
933.00	44811.90
934.00	45113.83
935.00	44926.58
936.00	44729.98
937.00	45289.37
938.00	45345.54
939.00	44769.77
940.00	45354.90
941.00	45600.66
942.00	45397.03
943.00	45750.45
944.00	45853.44
945.00	45930.67
946.00	46014.93
947.00	45626.40
948.00	45500.01
949.00	46216.22
950.00	45991.53
951.00	46078.13
952.00	45872.16
953.00	46021.95
954.00	46637.51
955.00	46085.15
956.00	45937.69
957.00	46014.93
958.00	46146.00
959.00	45689.60
960.00	45764.49
961.00	45668.53
962.00	45705.98
963.00	46424.53
964.00	46391.76
965.00	46590.70
966.00	46412.82
967.00	46754.54
968.00	46934.76
969.00	46979.23
970.00	46801.35
971.00	46880.93
972.00	47171.16
973.00	46946.47
974.00	47068.17
975.00	47012.00
976.00	47180.52
977.00	46719.43
978.00	47154.77
979.00	46717.09
980.00	46995.62
981.00	47150.09
982.00	47140.73
983.00	47608.84
984.00	47777.36
985.00	47545.64
986.00	47564.37
987.00	47250.74
988.00	46878.59
989.00	47381.80
990.00	47178.18
991.00	47370.10
992.00	47206.26
993.00	47756.29
994.00	47838.21
995.00	47510.53
996.00	47327.97
997.00	47756.29
998.00	47833.53
999.00	47784.38
1000.00	47980.98
1001.00	48137.80
1002.00	47721.18
1003.00	48004.39
1004.00	48020.77
1005.00	48002.05
1006.00	47756.29
1007.00	47962.26
1008.00	47742.25
1009.00	47765.65
1010.00	48292.27
1011.00	48215.04
1012.00	48212.70
1013.00	48334.40
1014.00	47920.13
1015.00	48254.82
1016.00	47831.19
1017.00	47861.61
1018.00	47901.40
1019.00	48645.69
1020.00	48388.24
1021.00	48280.57
1022.00	48540.37
1023.00	48294.61
1024.00	48282.91
1025.00	48048.86
1026.00	48348.45
1027.00	48605.91
1028.00	48669.10
1029.00	48868.05
1030.00	49001.46
1031.00	49116.14
1032.00	48865.70
1033.00	48500.58
1034.00	48687.82
1035.00	48493.56
1036.00	48552.07
1037.00	48865.70
1038.00	49111.46
1039.00	48809.53
1040.00	49205.08
1041.00	49034.22
1042.00	49085.72
1043.00	48851.66
1044.00	48760.38
1045.00	49059.97
1046.00	49422.75
1047.00	49258.91
1048.00	48666.76
1049.00	49195.72
1050.00	48872.73
1051.00	49312.75
1052.00	49481.27
1053.00	49352.54
1054.00	49155.93
1055.00	49045.93
1056.00	48493.56
1057.00	49329.13
1058.00	49242.53
1059.00	49010.82
1060.00	49708.30
1061.00	49631.06
1062.00	49909.58
1063.00	49076.35
1064.00	49219.13
1065.00	49301.04
1066.00	49228.49
1067.00	49382.96
1068.00	49202.74
1069.00	50033.63
1070.00	49766.81
1071.00	49542.12
1072.00	49570.21
1073.00	49832.35
1074.00	49766.81
1075.00	49659.15
1076.00	49404.03
1077.00	49373.60
1078.00	49851.07
1079.00	49516.37
1080.00	49776.17
1081.00	49881.50
1082.00	50066.40
1083.00	49858.09
1084.00	49865.11
1085.00	49839.37
1086.00	49633.40
1087.00	49315.09
1088.00	50026.61
1089.00	49687.23
1090.00	50295.77
1091.00	49727.02
1092.00	50099.17
1093.00	49986.82
1094.00	49591.27
1095.00	50003.20
1096.00	49696.59
1097.00	50003.20
1098.00	49848.73
1099.00	50075.76
1100.00	50012.57
1101.00	49951.71
1102.00	49949.37
1103.00	49886.18
1104.00	49476.58
1105.00	49909.58
1106.00	49670.85
1107.00	50124.91
1108.00	49839.37
1109.00	49904.90
1110.00	50113.21
1111.00	50272.37
1112.00	49801.92
1113.00	50192.79
1114.00	49855.75
1115.00	49984.48
1116.00	49940.01
1117.00	49631.06
1118.00	50087.46
1119.00	49675.53
1120.00	50314.50
1121.00	49846.39
1122.00	50527.48
1123.00	50349.60
1124.00	50227.90
1125.00	49986.82
1126.00	49808.94
1127.00	50122.57
1128.00	49586.59
1129.00	49986.82
1130.00	49729.36
1131.00	50120.23
1132.00	50026.61
1133.00	49663.83
1134.00	49963.42
1135.00	49610.00
1136.00	49715.32
1137.00	49907.24
1138.00	50120.23
1139.00	50190.45
1140.00	50167.04
1141.00	49893.20
1142.00	50134.28
1143.00	50370.67
1144.00	49991.50
1145.00	50305.13
1146.00	50401.10
1147.00	49820.64
1148.00	49947.03
1149.00	49954.05
1150.00	50429.18
1151.00	50312.16
1152.00	49947.03
1153.00	50223.22
1154.00	50380.03
1155.00	50145.98
1156.00	49729.36
1157.00	50024.27
1158.00	49902.56
1159.00	50082.78
1160.00	50150.66
1161.00	50033.63
1162.00	50403.44
1163.00	50064.06
1164.00	50225.56
1165.00	50232.58
1166.00	50387.05
1167.00	49790.22
1168.00	50106.19
1169.00	50066.40
1170.00	49436.80
1171.00	49792.56
1172.00	50454.93
1173.00	50075.76
1174.00	50321.52
1175.00	50635.15
1176.00	49792.56
1177.00	50087.46
1178.00	49972.78
1179.00	49787.88
1180.00	49682.55
1181.00	49710.64
1182.00	50082.78
1183.00	50117.89
1184.00	50459.61
1185.00	50511.10
1186.00	50373.01
1187.00	50145.98
1188.00	50155.34
1189.00	50073.42
1190.00	50494.72
1191.00	50148.32
1192.00	50054.70
1193.00	49659.15
1194.00	50010.23
1195.00	50326.20
1196.00	50443.23
1197.00	49982.14
1198.00	50450.25
1199.00	50227.90
1200.00	50066.40
1201.00	49874.48
1202.00	49677.87
1203.00	49631.06
1204.00	50174.06
1205.00	50176.40
1206.00	50192.79
1207.00	50408.12
1208.00	50080.44
1209.00	50220.87
1210.00	49712.98
1211.00	50195.13
1212.00	49764.47
1213.00	49776.17
1214.00	50199.81
1215.00	49722.34
1216.00	50244.28
1217.00	49808.94
1218.00	50375.35
1219.00	50286.41
1220.00	50148.32
1221.00	49942.35
1222.00	50082.78
1223.00	49996.18
1224.00	49855.75
1225.00	50066.40
1226.00	49464.88
1227.00	49799.58
1228.00	49911.92
1229.00	50131.93
1230.00	50384.71
1231.00	50305.13
1232.00	49958.73
1233.00	50295.77
1234.00	50073.42
1235.00	49720.00
1236.00	49888.52
1237.00	50274.71
1238.00	50232.58
1239.00	50117.89
1240.00	50314.50
1241.00	50085.12
1242.00	50321.52
1243.00	50335.56
1244.00	50134.28
1245.00	50092.15
1246.00	50028.95
1247.00	49853.41
1248.00	49935.33
1249.00	49841.71
1250.00	49947.03
1251.00	50429.18
1252.00	50192.79
1253.00	50326.20
1254.00	50197.47
1255.00	50155.34
1256.00	50225.56
1257.00	50164.70
1258.00	49984.48
1259.00	49977.46
1260.00	49755.11
1261.00	50157.68
1262.00	50286.41
1263.00	50171.72
1264.00	50253.64
1265.00	50340.24
1266.00	50557.91
1267.00	50373.01
1268.00	50363.65
1269.00	50284.07
1270.00	49996.18
1271.00	50085.12
1272.00	50251.30
1273.00	50066.40
1274.00	50017.25
1275.00	50335.56
1276.00	50183.43
1277.00	50274.71
1278.00	50646.85
1279.00	50475.99
1280.00	50230.24
1281.00	50679.62
1282.00	50316.84
1283.00	49694.25
1284.00	49897.88
1285.00	49874.48
1286.00	50604.72
1287.00	50129.59
1288.00	50492.38
1289.00	50438.54
1290.00	50653.87
1291.00	50064.06
1292.00	50263.00
1293.00	49879.16
1294.00	50251.30
1295.00	49797.24
1296.00	50071.08
1297.00	50220.87
1298.00	50321.52
1299.00	50539.19
1300.00	50028.95
1301.00	50321.52
1302.00	50401.10
1303.00	50160.02
1304.00	50183.43
1305.00	50103.85
1306.00	50220.87
1307.00	50038.31
1308.00	50073.42
1309.00	50412.80
1310.00	50087.46
1311.00	50483.01
1312.00	50447.91
1313.00	50213.85
1314.00	50475.99
1315.00	50380.03
1316.00	50176.40
1317.00	50239.60
1318.00	50277.05
1319.00	50693.66
1320.00	50185.77
1321.00	50202.15
1322.00	50206.83
1323.00	50302.79
1324.00	50181.09
1325.00	50513.44
1326.00	50550.89
1327.00	50007.89
1328.00	49968.10
1329.00	50255.98
1330.00	50120.23
1331.00	49717.66
1332.00	49935.33
1333.00	49951.71
1334.00	50197.47
1335.00	50433.86
1336.00	50459.61
1337.00	50047.68
1338.00	50295.77
1339.00	50145.98
1340.00	50117.89
1341.00	50050.02
1342.00	49647.44
1343.00	50050.02
1344.00	50071.08
1345.00	49867.45
1346.00	49911.92
1347.00	49944.69
1348.00	50653.87
1349.00	50181.09
1350.00	49780.85
1351.00	49642.76
1352.00	49947.03
1353.00	49523.40
1354.00	49633.40
1355.00	49820.64
1356.00	49904.90
1357.00	49818.30
1358.00	50080.44
1359.00	49741.06
1360.00	50124.91
1361.00	49846.39
1362.00	49965.76
1363.00	49853.41
1364.00	50073.42
1365.00	49895.54
1366.00	49958.73
1367.00	49624.04
1368.00	49736.38
1369.00	49324.45
1370.00	49375.94
1371.00	49694.25
1372.00	49626.38
1373.00	49619.36
1374.00	49750.43
1375.00	49881.50
1376.00	49443.82
1377.00	49722.34
1378.00	49235.51
1379.00	49303.38
1380.00	49233.17
1381.00	48994.43
1382.00	49371.26
1383.00	49284.66
1384.00	49284.66
1385.00	49139.55
1386.00	49507.01
1387.00	48964.01
1388.00	49209.76
1389.00	49329.13
1390.00	49113.80
1391.00	49160.61
1392.00	48893.79
1393.00	48797.83
1394.00	49006.14
1395.00	48851.66
1396.00	48804.85
1397.00	49247.21
1398.00	49209.76
1399.00	49221.47
1400.00	49301.04
1401.00	49455.52
1402.00	49298.70
1403.00	49177.00
1404.00	48949.96
1405.00	48596.54
1406.00	48631.65
1407.00	48669.10
1408.00	48793.15
1409.00	48959.33
1410.00	48725.27
1411.00	49076.35
1412.00	48746.34
1413.00	48676.12
1414.00	48727.61
1415.00	48905.49
1416.00	48584.84
1417.00	48821.23
1418.00	48189.29
1419.00	48507.60
1420.00	48346.11
1421.00	48760.38
1422.00	48538.03
1423.00	48842.30
1424.00	48980.39
1425.00	48470.15
1426.00	48755.70
1427.00	48708.89
1428.00	48381.21
1429.00	48121.41
1430.00	48175.25
1431.00	48189.29
1432.00	48198.65
1433.00	47950.56
1434.00	47810.12
1435.00	48086.31
1436.00	48301.64
1437.00	48566.12
1438.00	48306.32
1439.00	48208.01
1440.00	48516.96
1441.00	48334.40
1442.00	47831.19
1443.00	47569.05
1444.00	47999.71
1445.00	47746.93
1446.00	47435.64
1447.00	47948.21
1448.00	47695.44
1449.00	47337.33
1450.00	47796.08
1451.00	48193.97
1452.00	48200.99
1453.00	47533.94
1454.00	48067.58
1455.00	47484.79
1456.00	47482.45
1457.00	47246.05
1458.00	47257.76
1459.00	47578.41
1460.00	47313.93
1461.00	47234.35
1462.00	47103.28
1463.00	47260.10
1464.00	47543.30
1465.00	48032.47
1466.00	47084.56
1467.00	47407.55
1468.00	47386.49
1469.00	46808.37
1470.00	47004.98
1471.00	47058.81
1472.00	46742.84
1473.00	46761.56
1474.00	47264.78
1475.00	46986.25
1476.00	47243.71
1477.00	47229.67
1478.00	47199.24
1479.00	47409.89
1480.00	47304.57
1481.00	47051.79
1482.00	47168.82
1483.00	46581.34
1484.00	46726.46
1485.00	46497.08
1486.00	46354.31
1487.00	46176.43
1488.00	46443.25
1489.00	46478.36
1490.00	46499.42
1491.00	46628.15
1492.00	46621.13
1493.00	46241.96
1494.00	46487.72
1495.00	46373.03
1496.00	46101.53
1497.00	46241.96
1498.00	45916.63
1499.00	46106.21
1500.00	45933.01
1501.00	46010.25
1502.00	46333.24
1503.00	46213.88
1504.00	46195.15
1505.00	46244.30
1506.00	45963.44
1507.00	46195.15
1508.00	45705.98
1509.00	45635.77
1510.00	46162.39
1511.00	45584.27
1512.00	45666.19
1513.00	45867.48
1514.00	45287.03
1515.00	45937.69
1516.00	45640.45
1517.00	45242.56
1518.00	45427.46
1519.00	46057.06
1520.00	45694.28
1521.00	45659.17
1522.00	45485.97
1523.00	44947.65
1524.00	45694.28
1525.00	45535.12
1526.00	45151.27
1527.00	45202.77
1528.00	44910.20
1529.00	45095.10
1530.00	45123.19
1531.00	45247.24
1532.00	45179.36
1533.00	45670.87
1534.00	45141.91
1535.00	45277.66
1536.00	45237.87
1537.00	45104.46
1538.00	44985.10
1539.00	44547.42
1540.00	44678.49
1541.00	44896.16
1542.00	44737.00
1543.00	45010.84
1544.00	44854.03
1545.00	44652.74
1546.00	44905.52
1547.00	44945.31
1548.00	44397.62
1549.00	45034.25
1550.00	44896.16
1551.00	44886.79
1552.00	44811.90
1553.00	44404.64
1554.00	44549.76
1555.00	44582.52
1556.00	44428.05
1557.00	44371.88
1558.00	44414.01
1559.00	44189.31
1560.00	44439.75
1561.00	44435.07
1562.00	44357.83
1563.00	44514.65
1564.00	44535.71
1565.00	44116.76
1566.00	43999.73
1567.00	44004.41
1568.00	44392.94
1569.00	44353.15
1570.00	43997.39
1571.00	43892.07
1572.00	43875.68
1573.00	43842.92
1574.00	44072.29
1575.00	44030.16
1576.00	43761.00
1577.00	43770.36
1578.00	43941.22
1579.00	43938.88
1580.00	43482.47
1581.00	43531.62
1582.00	43545.67
1583.00	43744.61
1584.00	43098.62
1585.00	43440.34
1586.00	43344.38
1587.00	43360.76
1588.00	43358.42
1589.00	43697.80
1590.00	43697.80
1591.00	43480.13
1592.00	43515.24
1593.00	43192.25
1594.00	43056.50
1595.00	43690.78
1596.00	43049.47
1597.00	43440.34
1598.00	42899.68
1599.00	42803.72
1600.00	42883.30
1601.00	43201.61
1602.00	42738.18
1603.00	42815.42
1604.00	43098.62
1605.00	42691.37
1606.00	42705.41
1607.00	43189.91
1608.00	43019.05
1609.00	42852.87
1610.00	42995.64
1611.00	42892.66
1612.00	42295.82
1613.00	42607.11
1614.00	42321.57
1615.00	42213.90
1616.00	42579.03
1617.00	43007.34
1618.00	42323.91
1619.00	42981.60
1620.00	42258.37
1621.00	42658.60
1622.00	42700.73
1623.00	42665.63
1624.00	42522.85
1625.00	42054.75
1626.00	42202.20
1627.00	42108.58
1628.00	41923.68
1629.00	42029.00
1630.00	41860.48
1631.00	42017.30
1632.00	42127.30
1633.00	41923.68
1634.00	41977.51
1635.00	42351.99
1636.00	42492.43
1637.00	42057.09
1638.00	42574.34
1639.00	41546.85
1640.00	42066.45
1641.00	41504.72
1642.00	41748.14
1643.00	41621.75
1644.00	41706.01
1645.00	41174.70
1646.00	41682.60
1647.00	41801.97
1648.00	41818.35
1649.00	42286.46
1650.00	41298.75
1651.00	41483.66
1652.00	41687.28
1653.00	41785.58
1654.00	41661.54
1655.00	41282.37
1656.00	41483.66
1657.00	41364.29
1658.00	41273.01
1659.00	41071.72
1660.00	41001.50
1661.00	41125.55
1662.00	40849.37
1663.00	41525.78
1664.00	41186.41
1665.00	40898.52
1666.00	41067.04
1667.00	41380.67
1668.00	41219.17
1669.00	40933.63
1670.00	40989.80
1671.00	41102.15
1672.00	41235.56
1673.00	40811.92
1674.00	41146.62
1675.00	40627.02
1676.00	40243.17
1677.00	40744.05
1678.00	40650.42
1679.00	41167.68
1680.00	40704.26
1681.00	41240.24
1682.00	40528.72
1683.00	40720.64
1684.00	40442.12
1685.00	40617.66
1686.00	40694.89
1687.00	40320.41
1688.00	40458.50
1689.00	40067.63
1690.00	39868.69
1691.00	39981.03
1692.00	40156.57
1693.00	40203.38
1694.00	39765.70
1695.00	40231.47
1696.00	40273.60
1697.00	40100.40
1698.00	40194.02
1699.00	39955.29
1700.00	40100.40
1701.00	39730.59
1702.00	39629.95
1703.00	39964.65
1704.00	39833.58
1705.00	39866.34
1706.00	39878.05
1707.00	39587.82
1708.00	39473.13
1709.00	39662.72
1710.00	39299.94
1711.00	39906.13
1712.00	39646.33
1713.00	40037.20
1714.00	39672.08
1715.00	39878.05
1716.00	39522.29
1717.00	39321.00
1718.00	39225.04
1719.00	39714.21
1720.00	39005.03
1721.00	39201.63
1722.00	38682.03
1723.00	38682.03
1724.00	38930.13
1725.00	38508.83
1726.00	39072.90
1727.00	38412.87
1728.00	38754.59
1729.00	38682.03
1730.00	38499.47
1731.00	38476.07
1732.00	39033.11
1733.00	38717.14
1734.00	38223.29
1735.00	38295.85
1736.00	38469.04
1737.00	37851.14
1738.00	38267.76
1739.00	37663.90
1740.00	38064.13
1741.00	37525.81
1742.00	38328.61
1743.00	38115.62
1744.00	38244.35
1745.00	37942.42
1746.00	37956.47
1747.00	37759.86
1748.00	37820.72
1749.00	37549.21
1750.00	37432.19
1751.00	37350.27
1752.00	37383.04
1753.00	36615.34
1754.00	37148.98
1755.00	37268.35
1756.00	37303.46
1757.00	37104.51
1758.00	36975.78
1759.00	36982.80
1760.00	37366.65
1761.00	37111.53
1762.00	37589.00
1763.00	37053.02
1764.00	36746.41
1765.00	36802.58
1766.00	36982.80
1767.00	36868.12
1768.00	36629.38
1769.00	36404.69
1770.00	35922.54
1771.00	36353.20
1772.00	36769.82
1773.00	36116.81
1774.00	36100.42
1775.00	36187.02
1776.00	36109.78
1777.00	36442.14
1778.00	35950.63
1779.00	36290.01
1780.00	36278.30
1781.00	35805.52
1782.00	36098.08
1783.00	35974.03
1784.00	35697.85
1785.00	35342.09
1786.00	35152.51
1787.00	35402.94
1788.00	35194.64
1789.00	35040.16
1790.00	35405.28
1791.00	35325.71
1792.00	34981.65
1793.00	35140.80
1794.00	35145.48
1795.00	35452.09
1796.00	34955.90
1797.00	35316.34
1798.00	35065.91
1799.00	34623.54
1800.00	35035.48
1801.00	34686.74
1802.00	34724.19
1803.00	34515.88
1804.00	34029.05
1805.00	34258.42
1806.00	33993.94
1807.00	34134.37
1808.00	34115.65
1809.00	33970.54
1810.00	34349.70
1811.00	34022.03
1812.00	33965.85
1813.00	34277.15
1814.00	33895.64
1815.00	33813.72
1816.00	33446.26
1817.00	33490.73
1818.00	33127.94
1819.00	33427.53
1820.00	33422.85
1821.00	33165.39
1822.00	33310.50
1823.00	33310.50
1824.00	32788.56
1825.00	32713.67
1826.00	32938.36
1827.00	32971.13
1828.00	32964.10
1829.00	32914.95
1830.00	32966.45
1831.00	32048.96
1832.00	32711.33
1833.00	32615.37
1834.00	32596.64
1835.00	32383.65
1836.00	32264.28
1837.00	31927.25
1838.00	31950.65
1839.00	31859.37
1840.00	31566.81
1841.00	31702.56
1842.00	31948.31
1843.00	31508.29
1844.00	31171.25
1845.00	31325.73
1846.00	31292.96
1847.00	31182.96
1848.00	31307.01
1849.00	30876.35
1850.00	30984.01
1851.00	30855.28
1852.00	30810.81
1853.00	30206.95
1854.00	30712.51
1855.00	30492.50
1856.00	30188.23
1857.00	30443.35
1858.00	30141.42
1859.00	29832.47
1860.00	30213.98
1861.00	29886.30
1862.00	30139.08
1863.00	29827.79
1864.00	29841.83
1865.00	29795.02
1866.00	29731.83
1867.00	29453.30
1868.00	29266.06
1869.00	29635.86
1870.00	29411.17
1871.00	29252.02
1872.00	28697.31
1873.00	28931.36
1874.00	28971.15
1875.00	28893.91
1876.00	28877.53
1877.00	28744.12
1878.00	28566.24
1879.00	27908.55
1880.00	28386.02
1881.00	28603.69
1882.00	28503.04
1883.00	28283.03
1884.00	28315.80
1885.00	28477.30
1886.00	27868.76
1887.00	27960.04
1888.00	27704.92
1889.00	27515.34
1890.00	27992.81
1891.00	27644.07
1892.00	27173.62
1893.00	27063.61
1894.00	26927.86
1895.00	27012.12
1896.00	27068.30
1897.00	27103.40
1898.00	27164.26
1899.00	27087.02
1900.00	26934.88
1901.00	27002.76
1902.00	26356.77
1903.00	26775.73
1904.00	26508.91
1905.00	26120.38
1906.00	26324.01
1907.00	25818.45
1908.00	25188.85
1909.00	25809.09
1910.00	25207.57
1911.00	25591.42
1912.00	25432.26
1913.00	25628.87
1914.00	25394.81
1915.00	25575.03
1916.00	25598.44
1917.00	25460.35
1918.00	25116.29
1919.00	25170.12
1920.00	25355.02
1921.00	25364.39
1922.00	24837.76
1923.00	24851.81
1924.00	24592.01
1925.00	24196.46
1926.00	24446.90
1927.00	24194.12
1928.00	24060.71
1929.00	24027.94
1930.00	24460.94
1931.00	24383.70
1932.00	24170.71
1933.00	24196.46
1934.00	24130.92
1935.00	23845.38
1936.00	24011.56
1937.00	23826.65
1938.00	23679.20
1939.00	23786.86
1940.00	23735.37
1941.00	23819.63
1942.00	23363.23
1943.00	23190.03
1944.00	23154.92
1945.00	22937.25
1946.00	22890.44
1947.00	22398.93
1948.00	22394.25
1949.00	22295.94
1950.00	22408.29
1951.00	22445.74
1952.00	22434.03
1953.00	22466.80
1954.00	22408.29
1955.00	22504.25
1956.00	22333.39
1957.00	22363.82
1958.00	22305.31
1959.00	21778.68
1960.00	22005.72
1961.00	21729.53
1962.00	21680.38
1963.00	21635.91
1964.00	21507.18
1965.00	21296.53
1966.00	21015.67
1967.00	20835.45
1968.00	21027.37
1969.00	20989.92
1970.00	20676.29
1971.00	21015.67
1972.00	21116.31
1973.00	20938.43
1974.00	20746.51
1975.00	20734.81
1976.00	20592.03
1977.00	20421.17
1978.00	20592.03
1979.00	20458.62
1980.00	20350.96
1981.00	20037.33
1982.00	19800.93
1983.00	19819.66
1984.00	19592.62
1985.00	19786.89
1986.00	19620.71
1987.00	19414.74
1988.00	19236.86
1989.00	19639.44
1990.00	19213.46
1991.00	19550.49
1992.00	19187.71
1993.00	18918.55
1994.00	19274.31
1995.00	19264.95
1996.00	19054.30
1997.00	18735.99
1998.00	18850.67
1999.00	18824.93
2000.00	18721.95
2001.00	18448.10
2002.00	18354.48
2003.00	18579.17
2004.00	18427.04
2005.00	18092.34
2006.00	18127.45
2007.00	17928.50
2008.00	17806.80
2009.00	17984.68
2010.00	17935.53
2011.00	17579.76
2012.00	17907.44
2013.00	18132.13
2014.00	17743.60
2015.00	17804.46
2016.00	17486.14
2017.00	17633.60
2018.00	17277.83
2019.00	17486.14
2020.00	17224.00
2021.00	16908.03
2022.00	17092.93
2023.00	16999.31
2024.00	16936.12
2025.00	16648.23
2026.00	16629.51
2027.00	16821.43
2028.00	16566.31
2029.00	16503.12
2030.00	16437.58
2031.00	16556.95
2032.00	16531.20
2033.00	16374.39
2034.00	16285.45
2035.00	16091.18
2036.00	16065.44
2037.00	15730.74
2038.00	16170.76
2039.00	16009.26
2040.00	15929.69
2041.00	15742.44
2042.00	15609.03
2043.00	15641.80
2044.00	15662.86
2045.00	15531.80
2046.00	15501.37
2047.00	15389.02
