0.00	1053.24
1.00	1053.24
2.00	1053.24
3.00	990.05
4.00	985.37
5.00	1034.52
6.00	957.28
7.00	990.05
8.00	987.71
9.00	978.34
10.00	964.30
11.00	961.96
12.00	1090.69
13.00	903.45
14.00	938.55
15.00	994.73
16.00	966.64
17.00	947.92
18.00	957.28
19.00	959.62
20.00	1013.45
21.00	1001.75
22.00	1006.43
23.00	1060.26
24.00	1217.08
25.00	1359.85
26.00	1441.77
27.00	1476.88
28.00	1453.47
29.00	1504.96
30.00	1561.14
31.00	1542.41
32.00	1561.14
33.00	1544.75
34.00	1523.69
35.00	1563.48
36.00	1607.95
37.00	1600.93
38.00	1533.05
39.00	1544.75
40.00	1607.95
41.00	1575.18
42.00	1680.50
43.00	1645.40
44.00	1631.35
45.00	1631.35
46.00	1643.06
47.00	1739.02
48.00	1650.08
49.00	1650.08
50.00	1696.89
51.00	1739.02
52.00	1741.36
53.00	1657.10
54.00	1579.86
55.00	1661.78
56.00	1710.93
57.00	1760.08
58.00	1720.29
59.00	1729.66
60.00	1678.16
61.00	1696.89
62.00	1762.42
63.00	1689.87
64.00	1816.26
65.00	1844.34
66.00	1692.21
67.00	1748.38
68.00	1717.95
69.00	1743.70
70.00	1842.00
71.00	1816.26
72.00	1813.92
73.00	1820.94
74.00	1760.08
75.00	1863.07
76.00	1837.32
77.00	1825.62
78.00	1830.30
79.00	1811.57
80.00	1858.39
81.00	1741.36
82.00	1865.41
83.00	1895.83
84.00	1842.00
85.00	1902.86
86.00	1900.52
87.00	1928.60
88.00	1935.62
89.00	1900.52
90.00	1928.60
91.00	1881.79
92.00	1905.20
93.00	1987.11
94.00	1961.37
95.00	1944.99
96.00	1987.11
97.00	1930.94
98.00	2010.52
99.00	2003.50
100.00	1952.01
101.00	1961.37
102.00	1966.05
103.00	2015.20
104.00	2024.56
105.00	1984.77
106.00	2026.90
107.00	2097.12
108.00	2118.18
109.00	2033.93
110.00	2010.52
111.00	2125.21
112.00	2064.35
113.00	2122.87
114.00	2050.31
115.00	2136.91
116.00	2106.48
117.00	2174.36
118.00	2244.57
119.00	2115.84
120.00	2172.02
121.00	2162.66
122.00	2139.25
123.00	2157.97
124.00	2225.85
125.00	2181.38
126.00	2087.76
127.00	2239.89
128.00	2169.68
129.00	2319.47
130.00	2211.81
131.00	2293.72
132.00	2277.34
133.00	2207.13
134.00	2204.78
135.00	2335.85
136.00	2296.07
137.00	2303.09
138.00	2340.54
139.00	2370.96
140.00	2356.92
141.00	2331.17
142.00	2324.15
143.00	2335.85
144.00	2370.96
145.00	2345.22
146.00	2354.58
147.00	2321.81
148.00	2457.56
149.00	2450.54
150.00	2466.92
151.00	2457.56
152.00	2431.82
153.00	2438.84
154.00	2401.39
155.00	2471.61
156.00	2483.31
157.00	2441.18
158.00	2483.31
159.00	2614.38
160.00	2546.50
161.00	2576.93
162.00	2530.12
163.00	2605.02
164.00	2532.46
165.00	2562.89
166.00	2583.95
167.00	2600.34
168.00	2693.96
169.00	2752.47
170.00	2703.32
171.00	2675.23
172.00	2644.81
173.00	2705.66
174.00	2661.19
175.00	2768.85
176.00	2729.06
177.00	2820.35
178.00	2766.51
179.00	2810.98
180.00	2717.36
181.00	2869.50
182.00	2843.75
183.00	2787.58
184.00	2897.58
185.00	2888.22
186.00	2860.13
187.00	2862.48
188.00	2906.95
189.00	2937.37
190.00	2920.99
191.00	2925.67
192.00	2991.20
193.00	2967.80
194.00	3005.25
195.00	3087.17
196.00	3082.49
197.00	3136.32
198.00	3075.46
199.00	3096.53
200.00	3084.83
201.00	3082.49
202.00	3185.47
203.00	3105.89
204.00	3110.57
205.00	3157.38
206.00	3276.75
207.00	3241.64
208.00	3199.51
209.00	3126.96
210.00	3288.45
211.00	3382.07
212.00	3276.75
213.00	3248.66
214.00	3379.73
215.00	3368.03
216.00	3384.41
217.00	3461.65
218.00	3440.59
219.00	3318.88
220.00	3433.57
221.00	3480.38
222.00	3459.31
223.00	3419.52
224.00	3536.55
225.00	3616.13
226.00	3522.51
227.00	3508.46
228.00	3599.74
229.00	3520.17
230.00	3494.42
231.00	3585.70
232.00	3723.79
233.00	3768.26
234.00	3826.78
235.00	3721.45
236.00	3873.59
237.00	3866.56
238.00	3709.75
239.00	3765.92
240.00	3882.95
241.00	3911.04
242.00	3983.59
243.00	3920.40
244.00	4023.38
245.00	4208.28
246.00	4121.68
247.00	4079.55
248.00	4145.09
249.00	4159.13
250.00	4187.22
251.00	4266.80
252.00	4219.99
253.00	4348.72
254.00	4308.93
255.00	4444.68
256.00	4304.25
257.00	4374.46
258.00	4379.14
259.00	4407.23
260.00	4547.66
261.00	4435.32
262.00	4681.07
263.00	4526.60
264.00	4489.15
265.00	4650.64
266.00	4587.45
267.00	4711.50
268.00	4851.93
269.00	4732.56
270.00	4734.90
271.00	4760.65
272.00	4891.72
273.00	5015.77
274.00	4894.06
275.00	4873.00
276.00	4985.34
277.00	5020.45
278.00	4908.10
279.00	4975.98
280.00	5078.96
281.00	5083.64
282.00	5036.83
283.00	5018.11
284.00	5184.29
285.00	5018.11
286.00	5228.76
287.00	5123.43
288.00	5032.15
289.00	5181.95
290.00	5266.21
291.00	5259.18
292.00	5275.57
293.00	5280.25
294.00	5174.92
295.00	5273.23
296.00	5376.21
297.00	5231.10
298.00	5289.61
299.00	5385.57
300.00	5338.76
301.00	5343.44
302.00	5039.17
303.00	5210.03
304.00	5301.31
305.00	5430.04
306.00	5474.51
307.00	5240.46
308.00	5263.86
309.00	5240.46
310.00	5401.96
311.00	5341.10
312.00	5383.23
313.00	5334.08
314.00	5479.19
315.00	5425.36
316.00	5408.98
317.00	5495.58
318.00	5404.30
319.00	5565.79
320.00	5376.21
321.00	5481.53
322.00	5497.92
323.00	5605.58
324.00	5621.97
325.00	5589.20
326.00	5738.99
327.00	5743.67
328.00	5816.23
329.00	5701.54
330.00	5659.42
331.00	5776.44
332.00	5633.67
333.00	5530.69
334.00	5680.48
335.00	5933.26
336.00	5767.08
337.00	5874.74
338.00	5872.40
339.00	5884.11
340.00	5966.03
341.00	6176.67
342.00	6050.28
343.00	6024.54
344.00	6069.01
345.00	6148.59
346.00	6026.88
347.00	6141.57
348.00	6244.55
349.00	6169.65
350.00	6246.89
351.00	6139.23
352.00	6384.98
353.00	6179.01
354.00	6286.68
355.00	6356.90
356.00	6305.40
357.00	6431.79
358.00	6305.40
359.00	6375.62
360.00	6392.00
361.00	6384.98
362.00	6579.25
363.00	6597.97
364.00	6633.08
365.00	6511.37
366.00	6518.39
367.00	6504.35
368.00	6715.00
369.00	6759.47
370.00	6576.91
371.00	6726.70
372.00	6534.78
373.00	6607.33
374.00	6689.25
375.00	6740.74
376.00	6862.45
377.00	6771.17
378.00	6750.10
379.00	6923.30
380.00	7021.61
381.00	6953.73
382.00	7258.00
383.00	7314.17
384.00	7232.26
385.00	7063.74
386.00	7274.38
387.00	7396.09
388.00	7403.11
389.00	7517.80
390.00	7234.60
391.00	7555.25
392.00	7410.14
393.00	7648.87
394.00	7602.06
395.00	7531.84
396.00	7751.85
397.00	7815.05
398.00	7857.18
399.00	7892.29
400.00	7903.99
401.00	8058.46
402.00	8037.40
403.00	7955.48
404.00	7922.71
405.00	7871.22
406.00	8191.88
407.00	8451.67
408.00	7803.35
409.00	7590.36
410.00	7887.61
411.00	8250.39
412.00	8042.08
413.00	8056.12
414.00	8203.58
415.00	8039.74
416.00	8079.53
417.00	8006.97
418.00	8131.02
419.00	8231.66
420.00	8236.35
421.00	8128.68
422.00	8131.02
423.00	8308.90
424.00	8156.77
425.00	8215.28
426.00	8297.20
427.00	8039.74
428.00	8105.28
429.00	8205.92
430.00	8180.17
431.00	8205.92
432.00	8374.44
433.00	8409.54
434.00	8248.05
435.00	8379.12
436.00	8400.18
437.00	8121.66
438.00	8456.36
439.00	8463.38
440.00	8695.09
441.00	8519.55
442.00	8648.28
443.00	8540.61
444.00	8528.91
445.00	8676.37
446.00	8601.47
447.00	8868.29
448.00	8695.09
449.00	8692.75
450.00	8491.46
451.00	8592.11
452.00	8657.64
453.00	8809.78
454.00	8835.52
455.00	8868.29
456.00	8835.52
457.00	8926.80
458.00	9074.26
459.00	9104.68
460.00	8854.25
461.00	8943.19
462.00	8997.02
463.00	8879.99
464.00	8945.53
465.00	9107.02
466.00	9217.03
467.00	9013.40
468.00	9366.82
469.00	9242.78
470.00	9263.84
471.00	9476.83
472.00	9231.07
473.00	9308.31
474.00	9160.86
475.00	9500.23
476.00	9383.21
477.00	9490.87
478.00	9631.30
479.00	9401.93
480.00	9561.09
481.00	9647.69
482.00	9568.11
483.00	9741.31
484.00	9586.83
485.00	9975.36
486.00	9748.33
487.00	9774.08
488.00	9944.94
489.00	9823.23
490.00	9776.42
491.00	10045.58
492.00	9832.59
493.00	10017.49
494.00	9865.36
495.00	10335.81
496.00	10153.24
497.00	9973.02
498.00	10017.49
499.00	10251.55
500.00	10352.19
501.00	10387.30
502.00	10214.10
503.00	10300.70
504.00	10289.00
505.00	10401.34
506.00	10413.04
507.00	10539.43
508.00	10621.35
509.00	10539.43
510.00	10520.71
511.00	10478.58
512.00	10560.50
513.00	10560.50
514.00	10581.56
515.00	10672.84
516.00	10710.29
517.00	10525.39
518.00	10714.97
519.00	10862.43
520.00	10588.58
521.00	11131.59
522.00	10853.06
523.00	10661.14
524.00	10850.72
525.00	10902.22
526.00	10782.85
527.00	10953.71
528.00	10942.00
529.00	10953.71
530.00	10803.91
531.00	11267.34
532.00	10843.70
533.00	10995.84
534.00	10981.79
535.00	10918.60
536.00	11239.25
537.00	10888.17
538.00	11087.12
539.00	11218.19
540.00	11159.67
541.00	11112.86
542.00	11496.71
543.00	11293.08
544.00	11194.78
545.00	11733.11
546.00	11449.90
547.00	11564.59
548.00	11578.63
549.00	11882.90
550.00	11658.21
551.00	11667.57
552.00	11714.38
553.00	11896.94
554.00	11735.45
555.00	11995.25
556.00	11967.16
557.00	11702.68
558.00	12046.74
559.00	11714.38
560.00	12077.16
561.00	12102.91
562.00	12086.53
563.00	12135.68
564.00	12079.50
565.00	12294.83
566.00	12367.39
567.00	12849.54
568.00	12346.33
569.00	12393.14
570.00	12580.38
571.00	12571.02
572.00	12718.47
573.00	12664.64
574.00	12826.14
575.00	12695.07
576.00	13172.54
577.00	13092.96
578.00	13132.75
579.00	13191.26
580.00	13057.85
581.00	13357.44
582.00	13221.69
583.00	13418.29
584.00	13511.91
585.00	13547.02
586.00	13664.05
587.00	13799.80
588.00	13682.77
589.00	13757.67
590.00	14026.83
591.00	13947.25
592.00	14017.47
593.00	14223.44
594.00	14778.14
595.00	14443.45
596.00	14733.67
597.00	14738.35
598.00	14684.52
599.00	14913.89
600.00	15016.88
601.00	15187.74
602.00	15220.50
603.00	15379.66
604.00	15534.14
605.00	15585.63
606.00	15971.82
607.00	15473.28
608.00	15971.82
609.00	15709.68
610.00	15899.26
611.00	16084.16
612.00	16248.00
613.00	16362.69
614.00	16615.46
615.00	16802.71
616.00	16795.68
617.00	16533.54
618.00	16769.94
619.00	17034.42
620.00	17015.69
621.00	17408.90
622.00	17687.43
623.00	17891.06
624.00	17839.56
625.00	17624.23
626.00	17563.38
627.00	18038.51
628.00	17869.99
629.00	18668.11
630.00	18810.89
631.00	18775.78
632.00	18705.56
633.00	18963.02
634.00	18965.36
635.00	19433.47
636.00	19454.53
637.00	19520.07
638.00	19920.30
639.00	19637.09
640.00	19814.98
641.00	20037.33
642.00	20276.06
643.00	20285.42
644.00	20402.45
645.00	20847.15
646.00	20402.45
647.00	20631.82
648.00	20950.14
649.00	21057.80
650.00	21446.33
651.00	21708.47
652.00	21259.09
653.00	22120.40
654.00	21551.65
655.00	22022.10
656.00	22377.86
657.00	22155.51
658.00	22480.85
659.00	22621.28
660.00	22785.12
661.00	22909.16
662.00	22794.48
663.00	23063.64
664.00	23403.02
665.00	23482.59
666.00	23543.45
667.00	23864.10
668.00	23728.35
669.00	23826.65
670.00	24063.05
671.00	23985.81
672.00	24547.54
673.00	24765.21
674.00	24790.95
675.00	24730.10
676.00	24861.17
677.00	24587.33
678.00	25591.42
679.00	25209.91
680.00	25558.65
681.00	25666.31
682.00	25944.84
683.00	25570.35
684.00	25802.07
685.00	26057.18
686.00	26452.73
687.00	26787.43
688.00	26724.24
689.00	26829.56
690.00	26764.03
691.00	27201.71
692.00	27108.08
693.00	27096.38
694.00	27721.30
695.00	27789.18
696.00	27641.73
697.00	27756.41
698.00	27538.74
699.00	27983.44
700.00	28215.16
701.00	28177.71
702.00	28774.55
703.00	28563.90
704.00	28465.60
705.00	28877.53
706.00	28879.87
707.00	29263.72
708.00	29085.84
709.00	28931.36
710.00	29479.05
711.00	29266.06
712.00	29399.47
713.00	29504.79
714.00	30036.09
715.00	29776.30
716.00	29912.05
717.00	30490.16
718.00	30008.01
719.00	30033.75
720.00	30363.77
721.00	30551.01
722.00	30232.70
723.00	30934.86
724.00	30939.54
725.00	30958.27
726.00	31260.20
727.00	30710.17
728.00	31304.67
729.00	31395.95
730.00	31311.69
731.00	31508.29
732.00	31571.49
733.00	31484.89
734.00	31676.81
735.00	31910.86
736.00	31431.05
737.00	31908.52
738.00	32016.19
739.00	32149.60
740.00	31990.44
741.00	32280.67
742.00	32355.57
743.00	32009.17
744.00	32669.20
745.00	32673.88
746.00	33312.84
747.00	33060.07
748.00	33214.54
749.00	32716.01
750.00	33406.47
751.00	32872.82
752.00	33031.98
753.00	33315.19
754.00	33406.47
755.00	33841.81
756.00	33600.73
757.00	33909.68
758.00	33895.64
759.00	33617.11
760.00	33830.10
761.00	34436.30
762.00	34686.74
763.00	34120.33
764.00	34242.04
765.00	34354.38
766.00	33968.19
767.00	34497.16
768.00	34628.23
769.00	34742.91
770.00	35103.35
771.00	35335.07
772.00	34955.90
773.00	35360.81
774.00	35271.87
775.00	35414.65
776.00	35079.95
777.00	35690.83
778.00	35754.02
779.00	36095.74
780.00	35817.22
781.00	35555.08
782.00	35468.48
783.00	35885.09
784.00	36212.77
785.00	36187.02
786.00	36474.91
787.00	36105.10
788.00	36212.77
789.00	37167.71
790.00	36505.34
791.00	36807.26
792.00	37167.71
793.00	36446.82
794.00	37006.21
795.00	37090.47
796.00	37172.39
797.00	37053.02
798.00	36594.28
799.00	37221.54
800.00	37191.11
801.00	37596.03
802.00	37535.17
803.00	37635.81
804.00	37563.26
805.00	37237.92
806.00	37612.41
807.00	37961.15
808.00	38139.03
809.00	38260.74
810.00	38579.05
811.00	38185.84
812.00	38410.53
813.00	37986.89
814.00	38244.35
815.00	38698.42
816.00	38384.79
817.00	38895.02
818.00	39086.95
819.00	38998.01
820.00	38506.49
821.00	38749.91
822.00	38918.43
823.00	38880.98
824.00	39428.66
825.00	38806.08
826.00	39370.15
827.00	39742.30
828.00	39255.46
829.00	39971.67
830.00	39672.08
831.00	39365.47
832.00	39611.23
833.00	39480.16
834.00	40037.20
835.00	40306.37
836.00	39948.26
837.00	39962.31
838.00	40044.23
839.00	39641.65
840.00	40018.48
841.00	40449.14
842.00	40350.84
843.00	40786.18
844.00	40933.63
845.00	40531.06
846.00	40542.76
847.00	40467.86
848.00	40538.08
849.00	40655.11
850.00	41347.90
851.00	41429.82
852.00	41361.95
853.00	41013.21
854.00	41427.48
855.00	40947.67
856.00	41256.62
857.00	41383.01
858.00	41280.03
859.00	41762.18
860.00	41518.76
861.00	41347.90
862.00	41794.95
863.00	41755.16
864.00	41792.61
865.00	41951.76
866.00	42146.03
867.00	42246.67
868.00	42120.28
869.00	42038.36
870.00	42925.42
871.00	41785.58
872.00	42234.97
873.00	42005.59
874.00	42349.65
875.00	42511.15
876.00	42621.16
877.00	42845.85
878.00	42773.29
879.00	42506.47
880.00	43047.13
881.00	42380.08
882.00	42642.22
883.00	42660.94
884.00	43072.88
885.00	42955.85
886.00	42927.77
887.00	42815.42
888.00	43400.55
889.00	42686.69
890.00	43021.39
891.00	42939.47
892.00	43243.74
893.00	43641.63
894.00	43447.36
895.00	43737.59
896.00	43461.41
897.00	43206.29
898.00	43309.27
899.00	43477.79
900.00	43402.89
901.00	44217.40
902.00	43739.93
903.00	44044.20
904.00	44039.52
905.00	43695.46
906.00	44016.11
907.00	43952.92
908.00	43945.90
909.00	43737.59
910.00	44868.07
911.00	44552.10
912.00	44154.21
913.00	44247.83
914.00	44334.43
915.00	44304.00
916.00	44601.25
917.00	44442.09
918.00	44952.33
919.00	44713.59
920.00	44500.61
921.00	45048.29
922.00	44830.62
923.00	44720.62
924.00	44395.28
925.00	44837.64
926.00	44868.07
927.00	45237.87
928.00	45787.90
929.00	45017.86
930.00	45256.60
931.00	45102.12
932.00	44987.44
933.00	45315.11
934.00	45441.50
935.00	45343.20
936.00	45228.51
937.00	45801.94
938.00	45256.60
939.00	45305.75
940.00	45509.38
941.00	45612.36
942.00	45219.15
943.00	45188.72
944.00	45799.60
945.00	45563.21
946.00	45635.77
947.00	46344.95
948.00	45925.99
949.00	46258.35
950.00	46164.73
951.00	46054.72
952.00	45867.48
953.00	46256.01
954.00	46101.53
955.00	46279.41
956.00	46286.43
957.00	46038.34
958.00	45968.12
959.00	45965.78
960.00	46136.64
961.00	45663.85
962.00	46258.35
963.00	45965.78
964.00	46370.69
965.00	46717.09
966.00	46621.13
967.00	47227.33
968.00	47021.36
969.00	47058.81
970.00	46934.76
971.00	47082.22
972.00	46822.42
973.00	46831.78
974.00	47100.94
975.00	47037.75
976.00	47405.21
977.00	46749.86
978.00	46894.97
979.00	47122.01
980.00	47498.83
981.00	47323.29
982.00	47657.99
983.00	47569.05
984.00	47592.45
985.00	47576.07
986.00	47372.44
987.00	47107.96
988.00	47491.81
989.00	47587.77
990.00	47040.09
991.00	47255.42
992.00	47323.29
993.00	47957.58
994.00	47316.27
995.00	47990.34
996.00	47187.54
997.00	47749.27
998.00	48100.35
999.00	47894.38
1000.00	48481.86
1001.00	48126.10
1002.00	47718.84
1003.00	48449.09
1004.00	47878.00
1005.00	48140.14
1006.00	47999.71
1007.00	48130.78
1008.00	47700.12
1009.00	47966.94
1010.00	47964.60
1011.00	48385.89
1012.00	48296.95
1013.00	48671.44
1014.00	47892.04
1015.00	48474.84
1016.00	47969.28
1017.00	48231.42
1018.00	48444.41
1019.00	48388.24
1020.00	48626.97
1021.00	48552.07
1022.00	48769.74
1023.00	48891.45
1024.00	48854.00
1025.00	48788.47
1026.00	48708.89
1027.00	48729.95
1028.00	48736.98
1029.00	48690.16
1030.00	48612.93
1031.00	49099.76
1032.00	48968.69
1033.00	49069.33
1034.00	48872.73
1035.00	48308.66
1036.00	48664.42
1037.00	49151.25
1038.00	48828.26
1039.00	49083.37
1040.00	49008.48
1041.00	49165.29
1042.00	49303.38
1043.00	49050.61
1044.00	49160.61
1045.00	49029.54
1046.00	49322.11
1047.00	49684.89
1048.00	49659.15
1049.00	49720.00
1050.00	48987.41
1051.00	49198.06
1052.00	49291.68
1053.00	49347.86
1054.00	49474.24
1055.00	48779.10
1056.00	49216.78
1057.00	49481.27
1058.00	49092.74
1059.00	49544.46
1060.00	49588.93
1061.00	49689.57
1062.00	49799.58
1063.00	49715.32
1064.00	49446.16
1065.00	49038.90
1066.00	49413.39
1067.00	49265.94
1068.00	49858.09
1069.00	49813.62
1070.00	49317.43
1071.00	49794.90
1072.00	49825.32
1073.00	49626.38
1074.00	49914.26
1075.00	49947.03
1076.00	49563.18
1077.00	49696.59
1078.00	49631.06
1079.00	49991.50
1080.00	49998.52
1081.00	49822.98
1082.00	49858.09
1083.00	49790.22
1084.00	49911.92
1085.00	49617.02
1086.00	49425.09
1087.00	49518.71
1088.00	50351.94
1089.00	49932.99
1090.00	50363.65
1091.00	50272.37
1092.00	49977.46
1093.00	49972.78
1094.00	49455.52
1095.00	50176.40
1096.00	49841.71
1097.00	49947.03
1098.00	49663.83
1099.00	49942.35
1100.00	49925.97
1101.00	50000.86
1102.00	50108.53
1103.00	50255.98
1104.00	49921.29
1105.00	50057.04
1106.00	49652.12
1107.00	49628.72
1108.00	49914.26
1109.00	50209.17
1110.00	50674.94
1111.00	50686.64
1112.00	50232.58
1113.00	50735.79
1114.00	50504.08
1115.00	50155.34
1116.00	50047.68
1117.00	49808.94
1118.00	49949.37
1119.00	50241.94
1120.00	50082.78
1121.00	50185.77
1122.00	50586.00
1123.00	50370.67
1124.00	49757.45
1125.00	49900.22
1126.00	50075.76
1127.00	49708.30
1128.00	50197.47
1129.00	50120.23
1130.00	50206.83
1131.00	50183.43
1132.00	50284.07
1133.00	50279.39
1134.00	50511.10
1135.00	49530.42
1136.00	49785.54
1137.00	50136.62
1138.00	49914.26
1139.00	50075.76
1140.00	50108.53
1141.00	50475.99
1142.00	50176.40
1143.00	50108.53
1144.00	50237.26
1145.00	49940.01
1146.00	50153.00
1147.00	50085.12
1148.00	50066.40
1149.00	50176.40
1150.00	50710.05
1151.00	50384.71
1152.00	50539.19
1153.00	50899.63
1154.00	50557.91
1155.00	50284.07
1156.00	50113.21
1157.00	49818.30
1158.00	50129.59
1159.00	50190.45
1160.00	50424.50
1161.00	50705.37
1162.00	50064.06
1163.00	50412.80
1164.00	50206.83
1165.00	50665.58
1166.00	50600.04
1167.00	49996.18
1168.00	50426.84
1169.00	50230.24
1170.00	50106.19
1171.00	49890.86
1172.00	50176.40
1173.00	50391.73
1174.00	50295.77
1175.00	50040.65
1176.00	50490.04
1177.00	49989.16
1178.00	50094.49
1179.00	50024.27
1180.00	50101.51
1181.00	49684.89
1182.00	50108.53
1183.00	50347.26
1184.00	50515.78
1185.00	50485.36
1186.00	50705.37
1187.00	50230.24
1188.00	50438.54
1189.00	50351.94
1190.00	50007.89
1191.00	50047.68
1192.00	50106.19
1193.00	50038.31
1194.00	49869.79
1195.00	50361.31
1196.00	50424.50
1197.00	50300.45
1198.00	50384.71
1199.00	50277.05
1200.00	50426.84
1201.00	50010.23
1202.00	49928.31
1203.00	50054.70
1204.00	50040.65
1205.00	50625.79
1206.00	50515.78
1207.00	50527.48
1208.00	50255.98
1209.00	50288.75
1210.00	50031.29
1211.00	50127.25
1212.00	50099.17
1213.00	50145.98
1214.00	50316.84
1215.00	49806.60
1216.00	50171.72
1217.00	50141.30
1218.00	50281.73
1219.00	50642.17
1220.00	50363.65
1221.00	50216.19
1222.00	49944.69
1223.00	49996.18
1224.00	50251.30
1225.00	49745.75
1226.00	50457.27
1227.00	50054.70
1228.00	50375.35
1229.00	50129.59
1230.00	50417.48
1231.00	50508.76
1232.00	49883.84
1233.00	50281.73
1234.00	50061.72
1235.00	49787.88
1236.00	49546.80
1237.00	49925.97
1238.00	49998.52
1239.00	50319.18
1240.00	50230.24
1241.00	50110.87
1242.00	50075.76
1243.00	50733.45
1244.00	50012.57
1245.00	50265.34
1246.00	49942.35
1247.00	50185.77
1248.00	49790.22
1249.00	49918.95
1250.00	49895.54
1251.00	50471.31
1252.00	50380.03
1253.00	50763.88
1254.00	50483.01
1255.00	50436.20
1256.00	50497.06
1257.00	50382.37
1258.00	50370.67
1259.00	50440.89
1260.00	50384.71
1261.00	50209.17
1262.00	50688.98
1263.00	50457.27
1264.00	50468.97
1265.00	50202.15
1266.00	50918.35
1267.00	50513.44
1268.00	50387.05
1269.00	50005.55
1270.00	49900.22
1271.00	50176.40
1272.00	50293.43
1273.00	50162.36
1274.00	50368.33
1275.00	50202.15
1276.00	50520.46
1277.00	50824.73
1278.00	50492.38
1279.00	50806.01
1280.00	50841.12
1281.00	50342.58
1282.00	50431.52
1283.00	50040.65
1284.00	49909.58
1285.00	50241.94
1286.00	50667.92
1287.00	50431.52
1288.00	50681.96
1289.00	50707.71
1290.00	51000.27
1291.00	50314.50
1292.00	50129.59
1293.00	50286.41
1294.00	50085.12
1295.00	50113.21
1296.00	50188.11
1297.00	50497.06
1298.00	50340.24
1299.00	50382.37
1300.00	50593.02
1301.00	50485.36
1302.00	50403.44
1303.00	50398.76
1304.00	50248.96
1305.00	50473.65
1306.00	50169.38
1307.00	50192.79
1308.00	50075.76
1309.00	50288.75
1310.00	50167.04
1311.00	50258.32
1312.00	50483.01
1313.00	50813.03
1314.00	50480.67
1315.00	50351.94
1316.00	50382.37
1317.00	50391.73
1318.00	50148.32
1319.00	50328.54
1320.00	50326.20
1321.00	50433.86
1322.00	50248.96
1323.00	50468.97
1324.00	50321.52
1325.00	50651.53
1326.00	50557.91
1327.00	50300.45
1328.00	49986.82
1329.00	50473.65
1330.00	50480.67
1331.00	50213.85
1332.00	50382.37
1333.00	50227.90
1334.00	50326.20
1335.00	50410.46
1336.00	50438.54
1337.00	50803.67
1338.00	50363.65
1339.00	50253.64
1340.00	50220.87
1341.00	49801.92
1342.00	50064.06
1343.00	49932.99
1344.00	50237.26
1345.00	50038.31
1346.00	49925.97
1347.00	50387.05
1348.00	50419.82
1349.00	50035.97
1350.00	49904.90
1351.00	50181.09
1352.00	50103.85
1353.00	49804.26
1354.00	49944.69
1355.00	49312.75
1356.00	49638.08
1357.00	49808.94
1358.00	50028.95
1359.00	49837.03
1360.00	49848.73
1361.00	49932.99
1362.00	50085.12
1363.00	49844.05
1364.00	50162.36
1365.00	50050.02
1366.00	50134.28
1367.00	49806.60
1368.00	49862.77
1369.00	49659.15
1370.00	49818.30
1371.00	49675.53
1372.00	49785.54
1373.00	49595.95
1374.00	50010.23
1375.00	49982.14
1376.00	49909.58
1377.00	49724.68
1378.00	49593.61
1379.00	49177.00
1380.00	49694.25
1381.00	49453.18
1382.00	49605.31
1383.00	49607.65
1384.00	49947.03
1385.00	49612.34
1386.00	49818.30
1387.00	49401.69
1388.00	49607.65
1389.00	49490.63
1390.00	48865.70
1391.00	49109.12
1392.00	49081.03
1393.00	49336.15
1394.00	48865.70
1395.00	49125.50
1396.00	49174.66
1397.00	49195.72
1398.00	49158.27
1399.00	49499.99
1400.00	49602.97
1401.00	49558.50
1402.00	49027.20
1403.00	49261.26
1404.00	48683.14
1405.00	48807.19
1406.00	48734.63
1407.00	48605.91
1408.00	49193.38
1409.00	49336.15
1410.00	49088.06
1411.00	49172.31
1412.00	48971.03
1413.00	49034.22
1414.00	49099.76
1415.00	48767.40
1416.00	48919.54
1417.00	48561.44
1418.00	48879.75
1419.00	48481.86
1420.00	48399.94
1421.00	48961.67
1422.00	48413.98
1423.00	48905.49
1424.00	48715.91
1425.00	48514.62
1426.00	49078.69
1427.00	48720.59
1428.00	48690.16
1429.00	48507.60
1430.00	48144.82
1431.00	48172.91
1432.00	48568.46
1433.00	48189.29
1434.00	48044.18
1435.00	48177.59
1436.00	48566.12
1437.00	48179.93
1438.00	48053.54
1439.00	48395.26
1440.00	48200.99
1441.00	48371.85
1442.00	48257.17
1443.00	47456.70
1444.00	47632.24
1445.00	47721.18
1446.00	47833.53
1447.00	47924.81
1448.00	47735.23
1449.00	47288.18
1450.00	47566.71
1451.00	48535.69
1452.00	47941.19
1453.00	48041.84
1454.00	48090.99
1455.00	47700.12
1456.00	47463.72
1457.00	47676.71
1458.00	47702.46
1459.00	47508.19
1460.00	47098.60
1461.00	47662.67
1462.00	47543.30
1463.00	47634.58
1464.00	47840.55
1465.00	47730.54
1466.00	47573.73
1467.00	47494.15
1468.00	47332.65
1469.00	47274.14
1470.00	46904.34
1471.00	47117.32
1472.00	47072.85
1473.00	47538.62
1474.00	46897.31
1475.00	47550.32
1476.00	46930.08
1477.00	47239.03
1478.00	47358.40
1479.00	47278.82
1480.00	47243.71
1481.00	47215.63
1482.00	47297.55
1483.00	46878.59
1484.00	46586.02
1485.00	46630.49
1486.00	46375.37
1487.00	46485.38
1488.00	46068.76
1489.00	46422.19
1490.00	46649.22
1491.00	46429.21
1492.00	47004.98
1493.00	46710.07
1494.00	46836.46
1495.00	46396.44
1496.00	46143.66
1497.00	46155.36
1498.00	46527.51
1499.00	46108.55
1500.00	46270.05
1501.00	45998.55
1502.00	46185.79
1503.00	46546.23
1504.00	46274.73
1505.00	46174.09
1506.00	46492.40
1507.00	46115.58
1508.00	46181.11
1509.00	45827.69
1510.00	45621.72
1511.00	46073.45
1512.00	45731.73
1513.00	45923.65
1514.00	45572.57
1515.00	45752.79
1516.00	45947.06
1517.00	45556.19
1518.00	45794.92
1519.00	45635.77
1520.00	45544.48
1521.00	45661.51
1522.00	45986.85
1523.00	45574.91
1524.00	45654.49
1525.00	46146.00
1526.00	45464.91
1527.00	45446.18
1528.00	45308.09
1529.00	45502.35
1530.00	45139.57
1531.00	45581.93
1532.00	45282.34
1533.00	45670.87
1534.00	45109.14
1535.00	45841.73
1536.00	45453.20
1537.00	45415.76
1538.00	44807.22
1539.00	44856.37
1540.00	44861.05
1541.00	44849.35
1542.00	44444.43
1543.00	45123.19
1544.00	44921.90
1545.00	44886.79
1546.00	44694.87
1547.00	44739.34
1548.00	45563.21
1549.00	45146.59
1550.00	44732.32
1551.00	44854.03
1552.00	44636.36
1553.00	44776.79
1554.00	44491.24
1555.00	43988.03
1556.00	44722.96
1557.00	44610.61
1558.00	44580.18
1559.00	44729.98
1560.00	44549.76
1561.00	44329.75
1562.00	44755.72
1563.00	44910.20
1564.00	44711.25
1565.00	44402.30
1566.00	43812.49
1567.00	44229.10
1568.00	43849.94
1569.00	43971.64
1570.00	43756.32
1571.00	44325.07
1572.00	43409.92
1573.00	44243.15
1574.00	44481.88
1575.00	44133.14
1576.00	44039.52
1577.00	44238.47
1578.00	43910.79
1579.00	43887.39
1580.00	43538.65
1581.00	43639.29
1582.00	44165.91
1583.00	43227.35
1584.00	43840.57
1585.00	43831.21
1586.00	43882.70
1587.00	43550.35
1588.00	43360.76
1589.00	44158.89
1590.00	43711.84
1591.00	43838.23
1592.00	43290.55
1593.00	43517.58
1594.00	43365.45
1595.00	43552.69
1596.00	43199.27
1597.00	42946.49
1598.00	42621.16
1599.00	43229.69
1600.00	43115.01
1601.00	43084.58
1602.00	43482.47
1603.00	43021.39
1604.00	42944.15
1605.00	43037.77
1606.00	42740.52
1607.00	43636.95
1608.00	42932.45
1609.00	43105.65
1610.00	42698.39
1611.00	42766.27
1612.00	42782.65
1613.00	42134.32
1614.00	42637.54
1615.00	42684.35
1616.00	42511.15
1617.00	43009.68
1618.00	42836.48
1619.00	42948.83
1620.00	43487.15
1621.00	42452.64
1622.00	42983.94
1623.00	42567.32
1624.00	42225.60
1625.00	42462.00
1626.00	42335.61
1627.00	42466.68
1628.00	41989.21
1629.00	42375.40
1630.00	41937.72
1631.00	42206.88
1632.00	41858.14
1633.00	42029.00
1634.00	42234.97
1635.00	42347.31
1636.00	42389.44
1637.00	42183.48
1638.00	42066.45
1639.00	41769.20
1640.00	42335.61
1641.00	41897.93
1642.00	41635.79
1643.00	41816.01
1644.00	42230.29
1645.00	41670.90
1646.00	41876.86
1647.00	41890.91
1648.00	41439.18
1649.00	42082.83
1650.00	41619.41
1651.00	41776.22
1652.00	41883.89
1653.00	41862.82
1654.00	41794.95
1655.00	41535.15
1656.00	41741.11
1657.00	41188.75
1658.00	41436.84
1659.00	41083.42
1660.00	41633.45
1661.00	41450.89
1662.00	41268.33
1663.00	40982.78
1664.00	41280.03
1665.00	41757.50
1666.00	41226.20
1667.00	41743.45
1668.00	41343.22
1669.00	41200.45
1670.00	41151.30
1671.00	40832.99
1672.00	41247.26
1673.00	40767.45
1674.00	40418.71
1675.00	40624.68
1676.00	40472.54
1677.00	40484.25
1678.00	40823.62
1679.00	40924.27
1680.00	40730.00
1681.00	41186.41
1682.00	41095.13
1683.00	41118.53
1684.00	40769.79
1685.00	40662.13
1686.00	40439.78
1687.00	40582.55
1688.00	40708.94
1689.00	40500.63
1690.00	39971.67
1691.00	39845.28
1692.00	40229.13
1693.00	40512.33
1694.00	40112.10
1695.00	40226.79
1696.00	39938.90
1697.00	40545.10
1698.00	40187.00
1699.00	40172.96
1700.00	39866.34
1701.00	39772.72
1702.00	39606.55
1703.00	39702.51
1704.00	39889.75
1705.00	39974.01
1706.00	39641.65
1707.00	39754.00
1708.00	39651.02
1709.00	39569.10
1710.00	39880.39
1711.00	39227.38
1712.00	39936.56
1713.00	39798.47
1714.00	39821.87
1715.00	39835.92
1716.00	39398.24
1717.00	39742.30
1718.00	39489.52
1719.00	39400.58
1720.00	39264.83
1721.00	39267.17
1722.00	39030.77
1723.00	38347.34
1724.00	39014.39
1725.00	38440.96
1726.00	38682.03
1727.00	38326.27
1728.00	38906.73
1729.00	38806.08
1730.00	38955.88
1731.00	38611.82
1732.00	38642.24
1733.00	38536.92
1734.00	38567.35
1735.00	38366.06
1736.00	38157.75
1737.00	38139.03
1738.00	38075.84
1739.00	37972.85
1740.00	38270.10
1741.00	38127.33
1742.00	38110.94
1743.00	38253.72
1744.00	38050.09
1745.00	38335.63
1746.00	38363.72
1747.00	37897.95
1748.00	37638.15
1749.00	37867.53
1750.00	37677.94
1751.00	37577.30
1752.00	37797.31
1753.00	37034.30
1754.00	37427.51
1755.00	37383.04
1756.00	37237.92
1757.00	37010.89
1758.00	37312.82
1759.00	36999.19
1760.00	37359.63
1761.00	37366.65
1762.00	37542.19
1763.00	36950.04
1764.00	36933.65
1765.00	36739.39
1766.00	36723.01
1767.00	37186.43
1768.00	36378.95
1769.00	36744.07
1770.00	36781.52
1771.00	36421.08
1772.00	36758.11
1773.00	36418.74
1774.00	36594.28
1775.00	36580.23
1776.00	35880.41
1777.00	36402.35
1778.00	36453.84
1779.00	36491.29
1780.00	36215.11
1781.00	36109.78
1782.00	36196.38
1783.00	35833.60
1784.00	35835.94
1785.00	35440.39
1786.00	35192.30
1787.00	35484.86
1788.00	35459.12
1789.00	35185.27
1790.00	35208.68
1791.00	35515.29
1792.00	35218.04
1793.00	35122.08
1794.00	35365.49
1795.00	35349.11
1796.00	35646.36
1797.00	35330.39
1798.00	35510.61
1799.00	35005.05
1800.00	35000.37
1801.00	34864.62
1802.00	34754.61
1803.00	34520.56
1804.00	34391.83
1805.00	33923.72
1806.00	34033.73
1807.00	34396.51
1808.00	34160.12
1809.00	34504.18
1810.00	33804.36
1811.00	33947.13
1812.00	34155.44
1813.00	33799.68
1814.00	34101.61
1815.00	33996.28
1816.00	33689.67
1817.00	33312.84
1818.00	33579.67
1819.00	33853.51
1820.00	33509.45
1821.00	33369.02
1822.00	33392.42
1823.00	33141.99
1824.00	32844.74
1825.00	32830.69
1826.00	33027.30
1827.00	32535.79
1828.00	33340.93
1829.00	32938.36
1830.00	33036.66
1831.00	31997.46
1832.00	33237.95
1833.00	32926.66
1834.00	32645.79
1835.00	32531.11
1836.00	32437.48
1837.00	31894.48
1838.00	31585.53
1839.00	31859.37
1840.00	31763.41
1841.00	31824.26
1842.00	32051.30
1843.00	31749.37
1844.00	31344.45
1845.00	31168.91
1846.00	31803.20
1847.00	31225.09
1848.00	31189.98
1849.00	31019.12
1850.00	30897.41
1851.00	31138.49
1852.00	30618.89
1853.00	30663.36
1854.00	30789.75
1855.00	30265.47
1856.00	30338.02
1857.00	30345.05
1858.00	30394.20
1859.00	30115.67
1860.00	30291.21
1861.00	30134.40
1862.00	30110.99
1863.00	29846.51
1864.00	30153.12
1865.00	29649.91
1866.00	29951.84
1867.00	29638.20
1868.00	29846.51
1869.00	29593.73
1870.00	29340.96
1871.00	29355.00
1872.00	29230.95
1873.00	29048.39
1874.00	28823.70
1875.00	29125.63
1876.00	28886.89
1877.00	28512.41
1878.00	28533.47
1879.00	28755.82
1880.00	28655.18
1881.00	28627.09
1882.00	28311.12
1883.00	28381.34
1884.00	28156.64
1885.00	28503.04
1886.00	28149.62
1887.00	28020.89
1888.00	28065.36
1889.00	27768.12
1890.00	27222.77
1891.00	27796.20
1892.00	27482.57
1893.00	27012.12
1894.00	27131.49
1895.00	26937.23
1896.00	27108.08
1897.00	26703.17
1898.00	27087.02
1899.00	26876.37
1900.00	27323.41
1901.00	27206.39
1902.00	26518.27
1903.00	26874.03
1904.00	26529.97
1905.00	26253.79
1906.00	25806.75
1907.00	25940.16
1908.00	26057.18
1909.00	26087.61
1910.00	25827.81
1911.00	25741.21
1912.00	25832.49
1913.00	25537.59
1914.00	25308.21
1915.00	25659.29
1916.00	25509.50
1917.00	25355.02
1918.00	25387.79
1919.00	25345.66
1920.00	25345.66
1921.00	25284.81
1922.00	24975.86
1923.00	24725.42
1924.00	24723.08
1925.00	24170.71
1926.00	24573.28
1927.00	24545.20
1928.00	23735.37
1929.00	24121.56
1930.00	24348.59
1931.00	24357.96
1932.00	23791.55
1933.00	24065.39
1934.00	24245.61
1935.00	24229.23
1936.00	24418.81
1937.00	23917.93
1938.00	23702.61
1939.00	23309.40
1940.00	23772.82
1941.00	23662.82
1942.00	23276.63
1943.00	23370.25
1944.00	23400.68
1945.00	23192.37
1946.00	22864.69
1947.00	22752.35
1948.00	22520.63
1949.00	22394.25
1950.00	22375.52
1951.00	22497.23
1952.00	22436.38
1953.00	22445.74
1954.00	22546.38
1955.00	22621.28
1956.00	22249.13
1957.00	22054.87
1958.00	22047.85
1959.00	21891.03
1960.00	21710.81
1961.00	21645.27
1962.00	22068.91
1963.00	21593.78
1964.00	21600.80
1965.00	21486.12
1966.00	21326.96
1967.00	21123.33
1968.00	20992.26
1969.00	20945.45
1970.00	20664.59
1971.00	20975.88
1972.00	20662.25
1973.00	20704.38
1974.00	20814.38
1975.00	20737.15
1976.00	20187.12
1977.00	20507.77
1978.00	20313.51
1979.00	20531.18
1980.00	20294.79
1981.00	20411.81
1982.00	19672.20
1983.00	19896.89
1984.00	19983.49
1985.00	19601.99
1986.00	19632.41
1987.00	19515.39
1988.00	19463.90
1989.00	19482.62
1990.00	19475.60
1991.00	19381.98
1992.00	19183.03
1993.00	19314.10
1994.00	19283.67
1995.00	19091.75
1996.00	19183.03
1997.00	19147.92
1998.00	18724.29
1999.00	18979.40
2000.00	18670.45
2001.00	18443.42
2002.00	18766.42
2003.00	18670.45
2004.00	18382.57
2005.00	18162.56
2006.00	18111.07
2007.00	17972.97
2008.00	18010.42
2009.00	17923.82
2010.00	17816.16
2011.00	17884.03
2012.00	17898.08
2013.00	17846.58
2014.00	17790.41
2015.00	17820.84
2016.00	17467.42
2017.00	17476.78
2018.00	17451.03
2019.00	17308.26
2020.00	17427.63
2021.00	17163.15
2022.00	17312.94
2023.00	16664.61
2024.00	16627.17
2025.00	16655.25
2026.00	16343.96
2027.00	16479.71
2028.00	16348.64
2029.00	16423.54
2030.00	16367.37
2031.00	16528.86
2032.00	16453.97
2033.00	16397.79
2034.00	16184.80
2035.00	16353.32
2036.00	16093.52
2037.00	15929.69
2038.00	16145.02
2039.00	15901.60
2040.00	15927.35
2041.00	15735.42
2042.00	15681.59
2043.00	15545.84
2044.00	15379.66
2045.00	15272.00
2046.00	15445.20
2047.00	15531.80
