0.00	1125.80
1.00	1125.80
2.00	1125.80
3.00	980.68
4.00	1004.09
5.00	940.90
6.00	931.53
7.00	922.17
8.00	922.17
9.00	954.94
10.00	964.30
11.00	919.83
12.00	931.53
13.00	922.17
14.00	964.30
15.00	922.17
16.00	976.00
17.00	954.94
18.00	957.28
19.00	922.17
20.00	994.73
21.00	1100.05
22.00	987.71
23.00	1093.03
24.00	1139.84
25.00	1376.24
26.00	1409.00
27.00	1511.99
28.00	1453.47
29.00	1514.33
30.00	1542.41
31.00	1458.15
32.00	1523.69
33.00	1537.73
34.00	1488.58
35.00	1526.03
36.00	1563.48
37.00	1511.99
38.00	1537.73
39.00	1607.95
40.00	1668.80
41.00	1610.29
42.00	1715.61
43.00	1654.76
44.00	1624.33
45.00	1689.87
46.00	1579.86
47.00	1638.38
48.00	1671.14
49.00	1706.25
50.00	1631.35
51.00	1645.40
52.00	1668.80
53.00	1722.63
54.00	1694.55
55.00	1687.53
56.00	1720.29
57.00	1678.16
58.00	1645.40
59.00	1643.06
60.00	1741.36
61.00	1689.87
62.00	1743.70
63.00	1678.16
64.00	1797.53
65.00	1781.15
66.00	1771.79
67.00	1734.34
68.00	1781.15
69.00	1732.00
70.00	1849.02
71.00	1783.49
72.00	1783.49
73.00	1790.51
74.00	1727.32
75.00	1689.87
76.00	1778.81
77.00	1820.94
78.00	1898.17
79.00	1832.64
80.00	1856.04
81.00	1762.42
82.00	1799.87
83.00	1858.39
84.00	1790.51
85.00	1830.30
86.00	1839.66
87.00	1877.11
88.00	1898.17
89.00	1870.09
90.00	1905.20
91.00	1877.11
92.00	1877.11
93.00	1919.24
94.00	1804.55
95.00	1891.15
96.00	1966.05
97.00	1867.75
98.00	1944.99
99.00	1996.48
100.00	1966.05
101.00	2076.06
102.00	2043.29
103.00	2036.27
104.00	2017.54
105.00	1996.48
106.00	1982.43
107.00	2052.65
108.00	2080.74
109.00	2062.01
110.00	2043.29
111.00	2019.88
112.00	2054.99
113.00	2066.69
114.00	2022.22
115.00	2083.08
116.00	2019.88
117.00	2111.16
118.00	2148.61
119.00	2080.74
120.00	2047.97
121.00	2076.06
122.00	2146.27
123.00	2167.34
124.00	2218.83
125.00	2176.70
126.00	2237.55
127.00	2183.72
128.00	2183.72
129.00	2232.87
130.00	2244.57
131.00	2249.25
132.00	2143.93
133.00	2221.17
134.00	2132.23
135.00	2214.15
136.00	2310.11
137.00	2242.23
138.00	2256.28
139.00	2317.13
140.00	2342.88
141.00	2303.09
142.00	2338.20
143.00	2244.57
144.00	2312.45
145.00	2331.17
146.00	2396.71
147.00	2368.62
148.00	2307.77
149.00	2450.54
150.00	2490.33
151.00	2492.67
152.00	2476.29
153.00	2478.63
154.00	2424.80
155.00	2389.69
156.00	2506.71
157.00	2492.67
158.00	2558.21
159.00	2499.69
160.00	2492.67
161.00	2509.05
162.00	2497.35
163.00	2590.97
164.00	2558.21
165.00	2593.31
166.00	2597.99
167.00	2612.04
168.00	2626.08
169.00	2715.02
170.00	2747.79
171.00	2672.89
172.00	2640.12
173.00	2705.66
174.00	2705.66
175.00	2672.89
176.00	2766.51
177.00	2738.43
178.00	2766.51
179.00	2691.62
180.00	2775.88
181.00	2759.49
182.00	2897.58
183.00	2787.58
184.00	2944.39
185.00	2834.39
186.00	2827.37
187.00	2860.13
188.00	2895.24
189.00	2778.22
190.00	2928.01
191.00	2995.89
192.00	3007.59
193.00	2871.84
194.00	2946.73
195.00	3112.91
196.00	3042.70
197.00	3094.19
198.00	3068.44
199.00	3049.72
200.00	3150.36
201.00	3035.67
202.00	3192.49
203.00	3180.79
204.00	3152.70
205.00	3173.77
206.00	3148.02
207.00	3274.41
208.00	3187.81
209.00	3213.56
210.00	3255.69
211.00	3323.56
212.00	3330.58
213.00	3349.31
214.00	3297.81
215.00	3311.86
216.00	3342.28
217.00	3419.52
218.00	3356.33
219.00	3293.13
220.00	3485.06
221.00	3398.46
222.00	3435.91
223.00	3534.21
224.00	3538.89
225.00	3550.59
226.00	3583.36
227.00	3655.92
228.00	3686.34
229.00	3599.74
230.00	3630.17
231.00	3606.77
232.00	3705.07
233.00	3672.30
234.00	3702.73
235.00	3651.24
236.00	3932.10
237.00	3789.33
238.00	3789.33
239.00	3899.33
240.00	3847.84
241.00	3967.21
242.00	3845.50
243.00	4025.72
244.00	3899.33
245.00	4145.09
246.00	4079.55
247.00	4126.36
248.00	4131.05
249.00	4177.86
250.00	4236.37
251.00	4217.65
252.00	4168.49
253.00	4318.29
254.00	4276.16
255.00	4365.10
256.00	4374.46
257.00	4301.90
258.00	4430.63
259.00	4458.72
260.00	4594.47
261.00	4566.39
262.00	4423.61
263.00	4638.94
264.00	4561.70
265.00	4589.79
266.00	4739.58
267.00	4652.98
268.00	4774.69
269.00	4725.54
270.00	4685.75
271.00	4816.82
272.00	4847.25
273.00	4919.81
274.00	4814.48
275.00	4882.36
276.00	5006.41
277.00	4950.23
278.00	4877.68
279.00	4931.51
280.00	4992.36
281.00	4966.62
282.00	5074.28
283.00	5100.03
284.00	4945.55
285.00	5085.98
286.00	5254.50
287.00	5088.32
288.00	4987.68
289.00	5085.98
290.00	5254.50
291.00	5191.31
292.00	5177.26
293.00	5181.95
294.00	5327.06
295.00	5235.78
296.00	5273.23
297.00	5294.29
298.00	5310.68
299.00	5249.82
300.00	5228.76
301.00	5242.80
302.00	5048.54
303.00	5214.71
304.00	5373.87
305.00	5338.76
306.00	5364.51
307.00	5401.96
308.00	5219.39
309.00	5329.40
310.00	5296.63
311.00	5324.72
312.00	5252.16
313.00	5263.86
314.00	5317.70
315.00	5338.76
316.00	5418.34
317.00	5427.70
318.00	5528.35
319.00	5518.98
320.00	5514.30
321.00	5500.26
322.00	5444.09
323.00	5671.12
324.00	5774.10
325.00	5701.54
326.00	5603.24
327.00	5841.98
328.00	5863.04
329.00	5533.03
330.00	5680.48
331.00	5748.36
332.00	5593.88
333.00	5631.33
334.00	5689.84
335.00	5900.49
336.00	5830.27
337.00	5865.38
338.00	5914.53
339.00	5923.90
340.00	6033.90
341.00	5832.62
342.00	6115.82
343.00	5968.37
344.00	5933.26
345.00	6118.16
346.00	6038.58
347.00	6085.39
348.00	6258.59
349.00	6054.97
350.00	6122.84
351.00	6031.56
352.00	6204.76
353.00	6284.34
354.00	6200.08
355.00	6155.61
356.00	6237.53
357.00	6317.11
358.00	6394.34
359.00	6401.37
360.00	6380.30
361.00	6286.68
362.00	6619.04
363.00	6532.44
364.00	6586.27
365.00	6583.93
366.00	6527.75
367.00	6506.69
368.00	6497.33
369.00	6555.84
370.00	6583.93
371.00	6668.19
372.00	6588.61
373.00	6616.69
374.00	6693.93
375.00	6822.66
376.00	6773.51
377.00	6724.36
378.00	6878.83
379.00	6899.90
380.00	7047.35
381.00	7070.76
382.00	7140.97
383.00	7265.02
384.00	7225.23
385.00	7094.16
386.00	7276.73
387.00	7262.68
388.00	7281.41
389.00	7323.54
390.00	7382.05
391.00	7440.56
392.00	7384.39
393.00	7501.42
394.00	7529.50
395.00	7489.71
396.00	7672.28
397.00	7665.25
398.00	7941.44
399.00	7946.12
400.00	7864.20
401.00	7735.47
402.00	7742.49
403.00	7868.88
404.00	7896.97
405.00	7925.05
406.00	7889.95
407.00	8138.04
408.00	7889.95
409.00	7639.51
410.00	7843.14
411.00	7946.12
412.00	8084.21
413.00	7999.95
414.00	7943.78
415.00	8147.40
416.00	8133.36
417.00	8198.90
418.00	8212.94
419.00	8126.34
420.00	8133.36
421.00	8241.03
422.00	8182.51
423.00	8241.03
424.00	7934.42
425.00	7927.39
426.00	8105.28
427.00	8264.43
428.00	8074.85
429.00	8252.73
430.00	8163.79
431.00	8086.55
432.00	8119.32
433.00	8121.66
434.00	8140.38
435.00	8210.60
436.00	8402.52
437.00	8259.75
438.00	8376.78
439.00	8528.91
440.00	8554.66
441.00	8486.78
442.00	8603.81
443.00	8587.43
444.00	8603.81
445.00	8603.81
446.00	8671.68
447.00	8744.24
448.00	8592.11
449.00	8641.26
450.00	8674.03
451.00	8732.54
452.00	8863.61
453.00	8669.34
454.00	8667.00
455.00	8636.58
456.00	8805.10
457.00	8929.14
458.00	8872.97
459.00	8835.52
460.00	8833.18
461.00	9018.08
462.00	8629.56
463.00	8830.84
464.00	8734.88
465.00	8990.00
466.00	9095.32
467.00	9121.07
468.00	9107.02
469.00	9245.12
470.00	9397.25
471.00	9268.52
472.00	9219.37
473.00	9451.08
474.00	9200.65
475.00	9198.31
476.00	9458.10
477.00	9579.81
478.00	9462.79
479.00	9605.56
480.00	9675.77
481.00	9509.60
482.00	9736.63
483.00	9760.03
484.00	9657.05
485.00	9776.42
486.00	9643.01
487.00	10017.49
488.00	9912.17
489.00	9944.94
490.00	10171.97
491.00	10073.67
492.00	10010.47
493.00	9975.36
494.00	9926.21
495.00	10015.15
496.00	10174.31
497.00	10008.13
498.00	10118.14
499.00	10251.55
500.00	10186.01
501.00	10298.36
502.00	10216.44
503.00	10188.35
504.00	10242.18
505.00	10504.32
506.00	10366.23
507.00	10492.62
508.00	10558.16
509.00	10326.44
510.00	10504.32
511.00	10689.23
512.00	10621.35
513.00	10621.35
514.00	10504.32
515.00	10616.67
516.00	10703.27
517.00	10469.22
518.00	10621.35
519.00	10504.32
520.00	10588.58
521.00	10670.50
522.00	10850.72
523.00	10602.63
524.00	10927.96
525.00	10991.16
526.00	11000.52
527.00	10822.64
528.00	10651.78
529.00	10965.41
530.00	10916.26
531.00	11119.89
532.00	10953.71
533.00	11082.44
534.00	11124.57
535.00	11063.71
536.00	11159.67
537.00	10771.15
538.00	10909.24
539.00	11229.89
540.00	11115.20
541.00	11145.63
542.00	11117.54
543.00	11255.64
544.00	11281.38
545.00	11417.13
546.00	11452.24
547.00	11166.70
548.00	11377.34
549.00	11452.24
550.00	11557.57
551.00	11496.71
552.00	11658.21
553.00	11798.64
554.00	11688.64
555.00	11641.82
556.00	11960.14
557.00	11623.10
558.00	11873.54
559.00	11964.82
560.00	12030.35
561.00	12013.97
562.00	12379.09
563.00	12056.10
564.00	12189.51
565.00	12418.88
566.00	12456.33
567.00	12807.41
568.00	12046.74
569.00	12451.65
570.00	12297.17
571.00	12620.17
572.00	12727.83
573.00	12587.40
574.00	12837.84
575.00	12662.30
576.00	12938.48
577.00	13060.19
578.00	12879.97
579.00	13076.57
580.00	13064.87
581.00	13305.95
582.00	13158.49
583.00	13324.67
584.00	13486.17
585.00	13544.68
586.00	13834.91
587.00	13715.54
588.00	13710.86
589.00	13554.04
590.00	14132.15
591.00	14251.52
592.00	14125.13
593.00	14314.72
594.00	14499.62
595.00	14436.42
596.00	14455.15
597.00	14787.50
598.00	14829.63
599.00	15014.54
600.00	14721.97
601.00	15314.13
602.00	15115.18
603.00	15262.63
604.00	15243.91
605.00	15534.14
606.00	15826.70
607.00	15630.10
608.00	15697.97
609.00	15866.49
610.00	15894.58
611.00	16009.26
612.00	16020.97
613.00	16156.72
614.00	16376.73
615.00	16603.76
616.00	16673.98
617.00	16767.60
618.00	16650.57
619.00	17216.98
620.00	16959.52
621.00	17570.40
622.00	17493.16
623.00	17722.54
624.00	17479.12
625.00	17820.84
626.00	17930.84
627.00	17743.60
628.00	17977.65
629.00	18286.61
630.00	18532.36
631.00	18686.84
632.00	18370.86
633.00	18691.52
634.00	18876.42
635.00	19318.78
636.00	19407.72
637.00	19426.45
638.00	19829.02
639.00	19487.30
640.00	19662.84
641.00	19681.56
642.00	20182.44
643.00	19939.02
644.00	20329.89
645.00	20716.08
646.00	20680.97
647.00	20730.12
648.00	20802.68
649.00	21046.10
650.00	21509.52
651.00	21558.67
652.00	21502.50
653.00	21724.85
654.00	21858.26
655.00	21748.26
656.00	22405.95
657.00	22197.64
658.00	22721.92
659.00	22848.31
660.00	22845.97
661.00	22778.09
662.00	22602.55
663.00	23267.27
664.00	23285.99
665.00	23424.08
666.00	23370.25
667.00	24095.82
668.00	23634.73
669.00	23826.65
670.00	23765.80
671.00	24086.45
672.00	24444.56
673.00	24222.20
674.00	24709.04
675.00	24606.05
676.00	24870.53
677.00	25039.05
678.00	25233.32
679.00	25214.59
680.00	25308.21
681.00	25399.49
682.00	25568.01
683.00	25727.17
684.00	25834.83
685.00	26352.09
686.00	25909.73
687.00	26609.55
688.00	26457.42
689.00	26387.20
690.00	26974.67
691.00	27023.83
692.00	26993.40
693.00	27072.98
694.00	27477.89
695.00	27438.10
696.00	27297.67
697.00	27433.42
698.00	27693.22
699.00	28154.30
700.00	27632.36
701.00	28299.42
702.00	28009.19
703.00	28390.70
704.00	28322.82
705.00	29053.07
706.00	28451.55
707.00	28678.58
708.00	29118.60
709.00	29268.40
710.00	29624.16
711.00	29146.69
712.00	29415.85
713.00	29216.91
714.00	30043.12
715.00	29677.99
716.00	30047.80
717.00	30323.98
718.00	30352.07
719.00	30183.55
720.00	30047.80
721.00	30232.70
722.00	30270.15
723.00	30766.34
724.00	30874.01
725.00	30581.44
726.00	30705.49
727.00	30588.46
728.00	30869.33
729.00	30735.92
730.00	30904.43
731.00	31847.67
732.00	31960.02
733.00	31431.05
734.00	31669.79
735.00	31428.71
736.00	31744.69
737.00	31714.26
738.00	31725.96
739.00	32053.64
740.00	31679.15
741.00	32315.78
742.00	31962.36
743.00	32208.11
744.00	32247.90
745.00	32694.94
746.00	33076.45
747.00	32910.27
748.00	33134.96
749.00	32779.20
750.00	32933.68
751.00	33048.36
752.00	33284.76
753.00	33453.28
754.00	33500.09
755.00	33514.13
756.00	33343.27
757.00	33802.02
758.00	33752.87
759.00	33638.18
760.00	33301.14
761.00	33958.83
762.00	34115.65
763.00	34419.92
764.00	34169.48
765.00	34195.23
766.00	34448.00
767.00	34745.25
768.00	34583.76
769.00	34920.79
770.00	34696.10
771.00	35077.61
772.00	35037.82
773.00	35007.39
774.00	35232.08
775.00	35236.77
776.00	34962.92
777.00	35763.39
778.00	35665.08
779.00	35468.48
780.00	35798.49
781.00	35587.85
782.00	35487.20
783.00	35952.97
784.00	36236.17
785.00	36252.56
786.00	36072.34
787.00	36430.44
788.00	36350.86
789.00	36428.10
790.00	36472.57
791.00	36194.04
792.00	36676.19
793.00	36884.50
794.00	37062.38
795.00	37387.72
796.00	36935.99
797.00	36935.99
798.00	37228.56
799.00	37071.75
800.00	37010.89
801.00	37694.33
802.00	37647.52
803.00	38239.67
804.00	37514.11
805.00	37223.88
806.00	37708.37
807.00	38019.66
808.00	37848.80
809.00	37933.06
810.00	38258.40
811.00	38396.49
812.00	38244.35
813.00	38373.08
814.00	38171.80
815.00	38274.78
816.00	38691.40
817.00	38752.25
818.00	38859.91
819.00	39096.31
820.00	39042.48
821.00	39021.41
822.00	38675.01
823.00	38611.82
824.00	38869.28
825.00	38871.62
826.00	38880.98
827.00	39159.50
828.00	39035.45
829.00	38965.24
830.00	39477.82
831.00	39016.73
832.00	39821.87
833.00	39651.02
834.00	39702.51
835.00	39938.90
836.00	39922.52
837.00	39665.06
838.00	39943.58
839.00	39573.78
840.00	39931.88
841.00	40240.83
842.00	40439.78
843.00	40226.79
844.00	40868.09
845.00	40453.82
846.00	40629.36
847.00	40615.32
848.00	40367.22
849.00	41043.63
850.00	40917.25
851.00	40832.99
852.00	41027.25
853.00	40552.12
854.00	40982.78
855.00	40790.86
856.00	41050.66
857.00	41067.04
858.00	41366.63
859.00	41918.99
860.00	41628.77
861.00	41748.14
862.00	41331.52
863.00	42096.88
864.00	41752.82
865.00	41862.82
866.00	42134.32
867.00	42340.29
868.00	41649.83
869.00	42050.06
870.00	42108.58
871.00	41537.49
872.00	41874.52
873.00	41647.49
874.00	42195.18
875.00	42253.69
876.00	42368.38
877.00	42895.00
878.00	42696.05
879.00	42328.59
880.00	42462.00
881.00	42431.57
882.00	42635.20
883.00	42476.04
884.00	43007.34
885.00	43122.03
886.00	42698.39
887.00	43196.93
888.00	42796.70
889.00	42408.17
890.00	43014.37
891.00	43161.82
892.00	42904.36
893.00	43461.41
894.00	42777.97
895.00	43278.85
896.00	43302.25
897.00	42838.83
898.00	43138.41
899.00	42979.26
900.00	43749.29
901.00	44053.56
902.00	44156.55
903.00	44163.57
904.00	43648.65
905.00	43847.60
906.00	43805.47
907.00	43791.42
908.00	43842.92
909.00	43709.50
910.00	44374.22
911.00	44603.59
912.00	44231.44
913.00	43749.29
914.00	44135.48
915.00	44149.53
916.00	44144.84
917.00	44353.15
918.00	44739.34
919.00	44584.86
920.00	44568.48
921.00	44788.49
922.00	45085.74
923.00	44940.63
924.00	44659.76
925.00	44144.84
926.00	44793.17
927.00	44905.52
928.00	45282.34
929.00	45366.60
930.00	45191.06
931.00	45392.35
932.00	45200.43
933.00	44809.56
934.00	45027.23
935.00	45296.39
936.00	45062.33
937.00	45462.57
938.00	45464.91
939.00	44884.45
940.00	45485.97
941.00	45476.61
942.00	45696.62
943.00	45478.95
944.00	45530.44
945.00	45645.13
946.00	45570.23
947.00	45923.65
948.00	45628.74
949.00	45886.20
950.00	45764.49
951.00	45741.09
952.00	45755.13
953.00	46143.66
954.00	45940.04
955.00	45902.59
956.00	45752.79
957.00	45820.67
958.00	46480.70
959.00	45794.92
960.00	45984.51
961.00	45469.59
962.00	45497.67
963.00	46314.52
964.00	46253.67
965.00	46398.78
966.00	46361.33
967.00	47271.80
968.00	46864.55
969.00	46644.54
970.00	46539.21
971.00	46913.70
972.00	46974.55
973.00	47019.02
974.00	47086.90
975.00	47669.69
976.00	46902.00
977.00	47033.07
978.00	46969.87
979.00	46361.33
980.00	46979.23
981.00	47510.53
982.00	47592.45
983.00	47484.79
984.00	47896.72
985.00	47674.37
986.00	47182.86
987.00	47051.79
988.00	47096.26
989.00	47133.71
990.00	47196.90
991.00	47295.21
992.00	47510.53
993.00	47728.20
994.00	47885.02
995.00	47800.76
996.00	47466.06
997.00	47557.35
998.00	47920.13
999.00	47653.31
1000.00	47695.44
1001.00	47765.65
1002.00	48051.20
1003.00	48212.70
1004.00	48252.48
1005.00	47966.94
1006.00	48182.27
1007.00	47662.67
1008.00	47765.65
1009.00	48067.58
1010.00	47885.02
1011.00	48278.23
1012.00	48680.80
1013.00	48552.07
1014.00	47793.74
1015.00	48308.66
1016.00	47739.91
1017.00	47760.97
1018.00	48467.81
1019.00	48273.55
1020.00	48554.41
1021.00	48184.61
1022.00	48650.38
1023.00	48212.70
1024.00	48573.14
1025.00	47894.38
1026.00	48287.59
1027.00	48343.77
1028.00	48200.99
1029.00	48477.18
1030.00	48865.70
1031.00	48542.71
1032.00	48896.13
1033.00	48870.39
1034.00	48793.15
1035.00	48896.13
1036.00	48694.85
1037.00	48746.34
1038.00	48570.80
1039.00	48921.88
1040.00	49158.27
1041.00	48641.01
1042.00	48828.26
1043.00	48985.07
1044.00	48769.74
1045.00	49055.29
1046.00	49092.74
1047.00	49071.67
1048.00	49151.25
1049.00	49338.49
1050.00	48692.50
1051.00	49333.81
1052.00	49251.89
1053.00	49120.82
1054.00	49518.71
1055.00	48722.93
1056.00	49090.40
1057.00	49059.97
1058.00	48809.53
1059.00	49193.38
1060.00	49165.29
1061.00	49305.73
1062.00	49392.33
1063.00	49499.99
1064.00	49301.04
1065.00	49024.86
1066.00	49385.30
1067.00	49570.21
1068.00	49389.98
1069.00	49762.13
1070.00	49511.69
1071.00	49186.36
1072.00	49848.73
1073.00	49701.28
1074.00	49675.53
1075.00	49734.04
1076.00	49366.58
1077.00	49567.87
1078.00	49581.91
1079.00	49619.36
1080.00	50080.44
1081.00	49968.10
1082.00	49839.37
1083.00	49916.61
1084.00	49441.48
1085.00	49797.24
1086.00	49570.21
1087.00	50099.17
1088.00	49968.10
1089.00	49539.78
1090.00	50431.52
1091.00	50171.72
1092.00	50164.70
1093.00	50038.31
1094.00	50054.70
1095.00	49837.03
1096.00	49385.30
1097.00	49546.80
1098.00	49986.82
1099.00	49874.48
1100.00	50045.33
1101.00	49822.98
1102.00	49841.71
1103.00	50174.06
1104.00	49832.35
1105.00	49785.54
1106.00	49853.41
1107.00	49942.35
1108.00	49806.60
1109.00	49918.95
1110.00	50127.25
1111.00	50300.45
1112.00	50202.15
1113.00	50656.21
1114.00	50038.31
1115.00	49921.29
1116.00	50134.28
1117.00	49940.01
1118.00	49705.96
1119.00	50005.55
1120.00	50068.74
1121.00	50274.71
1122.00	49951.71
1123.00	50028.95
1124.00	49617.02
1125.00	49731.70
1126.00	49462.54
1127.00	49956.39
1128.00	49867.45
1129.00	49731.70
1130.00	50019.59
1131.00	50241.94
1132.00	49935.33
1133.00	49940.01
1134.00	49535.10
1135.00	50323.86
1136.00	50035.97
1137.00	49729.36
1138.00	50061.72
1139.00	49961.08
1140.00	49776.17
1141.00	49862.77
1142.00	50618.77
1143.00	50000.86
1144.00	50122.57
1145.00	49902.56
1146.00	50092.15
1147.00	50408.12
1148.00	50021.93
1149.00	49748.09
1150.00	50057.04
1151.00	50157.68
1152.00	50059.38
1153.00	50515.78
1154.00	50295.77
1155.00	50103.85
1156.00	50061.72
1157.00	49982.14
1158.00	49970.44
1159.00	49869.79
1160.00	49970.44
1161.00	50239.60
1162.00	50101.51
1163.00	50206.83
1164.00	50143.64
1165.00	50628.13
1166.00	50731.11
1167.00	49911.92
1168.00	50190.45
1169.00	49855.75
1170.00	49820.64
1171.00	49862.77
1172.00	50607.06
1173.00	49914.26
1174.00	50141.30
1175.00	49996.18
1176.00	50131.93
1177.00	50108.53
1178.00	49984.48
1179.00	49778.51
1180.00	49705.96
1181.00	50005.55
1182.00	50155.34
1183.00	50131.93
1184.00	49954.05
1185.00	50349.60
1186.00	50756.86
1187.00	49673.19
1188.00	50176.40
1189.00	50122.57
1190.00	49783.19
1191.00	49677.87
1192.00	50272.37
1193.00	49722.34
1194.00	49612.34
1195.00	49865.11
1196.00	50628.13
1197.00	50052.36
1198.00	50218.53
1199.00	50073.42
1200.00	50234.92
1201.00	49794.90
1202.00	50286.41
1203.00	49846.39
1204.00	50260.66
1205.00	49902.56
1206.00	49712.98
1207.00	49846.39
1208.00	50153.00
1209.00	50525.14
1210.00	50078.10
1211.00	49984.48
1212.00	49717.66
1213.00	49886.18
1214.00	49799.58
1215.00	49684.89
1216.00	50155.34
1217.00	49991.50
1218.00	50431.52
1219.00	50405.78
1220.00	50443.23
1221.00	50045.33
1222.00	49799.58
1223.00	50148.32
1224.00	49516.37
1225.00	49911.92
1226.00	49921.29
1227.00	50014.91
1228.00	49886.18
1229.00	49830.01
1230.00	50204.49
1231.00	49940.01
1232.00	49979.80
1233.00	50255.98
1234.00	49932.99
1235.00	50052.36
1236.00	49947.03
1237.00	50138.96
1238.00	49673.19
1239.00	50169.38
1240.00	50361.31
1241.00	50380.03
1242.00	50635.15
1243.00	50284.07
1244.00	50071.08
1245.00	49865.11
1246.00	49907.24
1247.00	49911.92
1248.00	50010.23
1249.00	50012.57
1250.00	50054.70
1251.00	50265.34
1252.00	50447.91
1253.00	50433.86
1254.00	50167.04
1255.00	50447.91
1256.00	50150.66
1257.00	50593.02
1258.00	50344.92
1259.00	50202.15
1260.00	49855.75
1261.00	50316.84
1262.00	50316.84
1263.00	50033.63
1264.00	50693.66
1265.00	50302.79
1266.00	50602.38
1267.00	50218.53
1268.00	50380.03
1269.00	50457.27
1270.00	50192.79
1271.00	50019.59
1272.00	50176.40
1273.00	50085.12
1274.00	50330.88
1275.00	50291.09
1276.00	50220.87
1277.00	50911.33
1278.00	50621.11
1279.00	50522.80
1280.00	50377.69
1281.00	49874.48
1282.00	50436.20
1283.00	50073.42
1284.00	49820.64
1285.00	50145.98
1286.00	50487.70
1287.00	50344.92
1288.00	50548.55
1289.00	50218.53
1290.00	50569.61
1291.00	50356.63
1292.00	50546.21
1293.00	50035.97
1294.00	49942.35
1295.00	50153.00
1296.00	50316.84
1297.00	50295.77
1298.00	50136.62
1299.00	50401.10
1300.00	50422.16
1301.00	50501.74
1302.00	50349.60
1303.00	50153.00
1304.00	50012.57
1305.00	50185.77
1306.00	50080.44
1307.00	49710.64
1308.00	49799.58
1309.00	50365.99
1310.00	50071.08
1311.00	50431.52
1312.00	50475.99
1313.00	50541.53
1314.00	50260.66
1315.00	50349.60
1316.00	50108.53
1317.00	50160.02
1318.00	49921.29
1319.00	49743.41
1320.00	50052.36
1321.00	50089.80
1322.00	50284.07
1323.00	50061.72
1324.00	50153.00
1325.00	50220.87
1326.00	50312.16
1327.00	50450.25
1328.00	50258.32
1329.00	49977.46
1330.00	50061.72
1331.00	50031.29
1332.00	50291.09
1333.00	49968.10
1334.00	50129.59
1335.00	50534.51
1336.00	49865.11
1337.00	50284.07
1338.00	50408.12
1339.00	50255.98
1340.00	50003.20
1341.00	49972.78
1342.00	49991.50
1343.00	49647.44
1344.00	50064.06
1345.00	50122.57
1346.00	50286.41
1347.00	50328.54
1348.00	50185.77
1349.00	50054.70
1350.00	50068.74
1351.00	50000.86
1352.00	49848.73
1353.00	49563.18
1354.00	49769.15
1355.00	49544.46
1356.00	49942.35
1357.00	49624.04
1358.00	49801.92
1359.00	49872.14
1360.00	50185.77
1361.00	49858.09
1362.00	49694.25
1363.00	49832.35
1364.00	49813.62
1365.00	49940.01
1366.00	49748.09
1367.00	49263.60
1368.00	49439.14
1369.00	49207.42
1370.00	49340.83
1371.00	49586.59
1372.00	49202.74
1373.00	49443.82
1374.00	50267.69
1375.00	49897.88
1376.00	49602.97
1377.00	49521.05
1378.00	49162.95
1379.00	49415.73
1380.00	49432.11
1381.00	49464.88
1382.00	49308.07
1383.00	49294.02
1384.00	49219.13
1385.00	48823.58
1386.00	49237.85
1387.00	49427.43
1388.00	49336.15
1389.00	49450.84
1390.00	49078.69
1391.00	49006.14
1392.00	48793.15
1393.00	48898.47
1394.00	48669.10
1395.00	48891.45
1396.00	49429.77
1397.00	49488.29
1398.00	49436.80
1399.00	49158.27
1400.00	48959.33
1401.00	49532.76
1402.00	48928.90
1403.00	49249.55
1404.00	48872.73
1405.00	48591.86
1406.00	48982.73
1407.00	48435.05
1408.00	49172.31
1409.00	49132.53
1410.00	48856.34
1411.00	48727.61
1412.00	49069.33
1413.00	49095.08
1414.00	49017.84
1415.00	48889.11
1416.00	48690.16
1417.00	48814.21
1418.00	48554.41
1419.00	48481.86
1420.00	48322.70
1421.00	48596.54
1422.00	48566.12
1423.00	48488.88
1424.00	48978.05
1425.00	48767.40
1426.00	48495.90
1427.00	48329.72
1428.00	48699.53
1429.00	48289.93
1430.00	48011.41
1431.00	47849.91
1432.00	47819.49
1433.00	48062.90
1434.00	47936.51
1435.00	48456.11
1436.00	48388.24
1437.00	48126.10
1438.00	48479.52
1439.00	47828.85
1440.00	48332.06
1441.00	48053.54
1442.00	47959.92
1443.00	48004.39
1444.00	47742.25
1445.00	47587.77
1446.00	47547.98
1447.00	47372.44
1448.00	47697.78
1449.00	47721.18
1450.00	47814.80
1451.00	47491.81
1452.00	47985.66
1453.00	47700.12
1454.00	47627.56
1455.00	47161.79
1456.00	47676.71
1457.00	47049.45
1458.00	47510.53
1459.00	47826.51
1460.00	47227.33
1461.00	47255.42
1462.00	47232.01
1463.00	46986.25
1464.00	47433.30
1465.00	47597.13
1466.00	47400.53
1467.00	47480.11
1468.00	47562.03
1469.00	47414.57
1470.00	47452.02
1471.00	47269.46
1472.00	47061.15
1473.00	47054.13
1474.00	46761.56
1475.00	47171.16
1476.00	47129.03
1477.00	47077.54
1478.00	47243.71
1479.00	47143.07
1480.00	47035.41
1481.00	46768.58
1482.00	46574.32
1483.00	46925.40
1484.00	46459.63
1485.00	46674.96
1486.00	46363.67
1487.00	46316.86
1488.00	46206.86
1489.00	46447.93
1490.00	46333.24
1491.00	46644.54
1492.00	46719.43
1493.00	46373.03
1494.00	46553.26
1495.00	46403.46
1496.00	46195.15
1497.00	45937.69
1498.00	45874.50
1499.00	46277.07
1500.00	46155.36
1501.00	46150.68
1502.00	46204.52
1503.00	46410.48
1504.00	46071.10
1505.00	46396.44
1506.00	45715.34
1507.00	46162.39
1508.00	45923.65
1509.00	45895.56
1510.00	45673.21
1511.00	45921.31
1512.00	45532.78
1513.00	46094.51
1514.00	45752.79
1515.00	45734.07
1516.00	45621.72
1517.00	44959.35
1518.00	45815.99
1519.00	45343.20
1520.00	45500.01
1521.00	45359.58
1522.00	45628.74
1523.00	45158.30
1524.00	45464.91
1525.00	45188.72
1526.00	45373.63
1527.00	45504.70
1528.00	44816.58
1529.00	45137.23
1530.00	45390.01
1531.00	45628.74
1532.00	45146.59
1533.00	45525.76
1534.00	45322.13
1535.00	45481.29
1536.00	45188.72
1537.00	45361.92
1538.00	44886.79
1539.00	44949.99
1540.00	44893.82
1541.00	44610.61
1542.00	44919.56
1543.00	44495.92
1544.00	45085.74
1545.00	44795.51
1546.00	44753.38
1547.00	44746.36
1548.00	44795.51
1549.00	45029.57
1550.00	44772.11
1551.00	44861.05
1552.00	44587.21
1553.00	44673.81
1554.00	44608.27
1555.00	44177.61
1556.00	44343.79
1557.00	44282.94
1558.00	44535.71
1559.00	44456.14
1560.00	44339.11
1561.00	44545.08
1562.00	44664.44
1563.00	44664.44
1564.00	44856.37
1565.00	44130.80
1566.00	43676.74
1567.00	44154.21
1568.00	44439.75
1569.00	44076.97
1570.00	43751.63
1571.00	43985.69
1572.00	43772.70
1573.00	43878.02
1574.00	44491.24
1575.00	44016.11
1576.00	44395.28
1577.00	44067.61
1578.00	43906.11
1579.00	44406.98
1580.00	43569.07
1581.00	43730.57
1582.00	43239.06
1583.00	43529.28
1584.00	43526.94
1585.00	43276.51
1586.00	43901.43
1587.00	43246.08
1588.00	43309.27
1589.00	43510.56
1590.00	43337.36
1591.00	43512.90
1592.00	43543.33
1593.00	43419.28
1594.00	43107.99
1595.00	43370.13
1596.00	43262.46
1597.00	43089.26
1598.00	42981.60
1599.00	42873.93
1600.00	42712.44
1601.00	43033.09
1602.00	42857.55
1603.00	42948.83
1604.00	42799.04
1605.00	42700.73
1606.00	42948.83
1607.00	42948.83
1608.00	42784.99
1609.00	42827.12
1610.00	43030.75
1611.00	42525.19
1612.00	42426.89
1613.00	42665.63
1614.00	43021.39
1615.00	42923.08
1616.00	42630.52
1617.00	42775.63
1618.00	42363.70
1619.00	42644.56
1620.00	42567.32
1621.00	42756.91
1622.00	42944.15
1623.00	42731.16
1624.00	42279.44
1625.00	42632.86
1626.00	42241.99
1627.00	41942.40
1628.00	42272.42
1629.00	41993.89
1630.00	42288.80
1631.00	41745.80
1632.00	41827.71
1633.00	41736.43
1634.00	41778.56
1635.00	42419.87
1636.00	42415.19
1637.00	42183.48
1638.00	42174.11
1639.00	41855.80
1640.00	41982.19
1641.00	42078.15
1642.00	41954.10
1643.00	41706.01
1644.00	41600.68
1645.00	41603.02
1646.00	41591.32
1647.00	41701.32
1648.00	41926.02
1649.00	41872.18
1650.00	41846.44
1651.00	42059.43
1652.00	41434.50
1653.00	41916.65
1654.00	41663.88
1655.00	41500.04
1656.00	41305.77
1657.00	41598.34
1658.00	41095.13
1659.00	41062.36
1660.00	41462.59
1661.00	41385.35
1662.00	40896.18
1663.00	41340.88
1664.00	41085.76
1665.00	41256.62
1666.00	40795.54
1667.00	41581.96
1668.00	41186.41
1669.00	41387.69
1670.00	41352.58
1671.00	40926.61
1672.00	40971.08
1673.00	40863.41
1674.00	40783.83
1675.00	40666.81
1676.00	40732.34
1677.00	40840.01
1678.00	40334.45
1679.00	41280.03
1680.00	40423.39
1681.00	40903.20
1682.00	40893.84
1683.00	40755.75
1684.00	40472.54
1685.00	40254.87
1686.00	40449.14
1687.00	40041.88
1688.00	40451.48
1689.00	40231.47
1690.00	40271.26
1691.00	39997.41
1692.00	40297.00
1693.00	40222.11
1694.00	39878.05
1695.00	40102.74
1696.00	40502.97
1697.00	40128.48
1698.00	40329.77
1699.00	40311.05
1700.00	40151.89
1701.00	40023.16
1702.00	39695.49
1703.00	39847.62
1704.00	39693.15
1705.00	39988.05
1706.00	39803.15
1707.00	39325.68
1708.00	39276.53
1709.00	39400.58
1710.00	39665.06
1711.00	40091.04
1712.00	39484.84
1713.00	39496.54
1714.00	39573.78
1715.00	39697.83
1716.00	39639.31
1717.00	39164.18
1718.00	38909.07
1719.00	39248.44
1720.00	38960.56
1721.00	39150.14
1722.00	38946.51
1723.00	39051.84
1724.00	38911.41
1725.00	38146.05
1726.00	38635.22
1727.00	39150.14
1728.00	38550.96
1729.00	38742.89
1730.00	38745.23
1731.00	38775.66
1732.00	38684.37
1733.00	38574.37
1734.00	38286.48
1735.00	38691.40
1736.00	37902.64
1737.00	38059.45
1738.00	38024.34
1739.00	37764.54
1740.00	37867.53
1741.00	38066.47
1742.00	37919.02
1743.00	38059.45
1744.00	37989.24
1745.00	37904.98
1746.00	38019.66
1747.00	37762.20
1748.00	37673.26
1749.00	37483.68
1750.00	37853.48
1751.00	37799.65
1752.00	37413.46
1753.00	36811.95
1754.00	37420.48
1755.00	36945.36
1756.00	37116.22
1757.00	36847.05
1758.00	37102.17
1759.00	37148.98
1760.00	37240.26
1761.00	37345.59
1762.00	37350.27
1763.00	37074.09
1764.00	36793.22
1765.00	36725.35
1766.00	36559.17
1767.00	36692.58
1768.00	36620.02
1769.00	36392.99
1770.00	36343.84
1771.00	36006.80
1772.00	36453.84
1773.00	36252.56
1774.00	36250.22
1775.00	36297.03
1776.00	36500.65
1777.00	36219.79
1778.00	36299.37
1779.00	36414.05
1780.00	36067.66
1781.00	35938.93
1782.00	35700.19
1783.00	35702.53
1784.00	35409.96
1785.00	35473.16
1786.00	35534.01
1787.00	35365.49
1788.00	35192.30
1789.00	35215.70
1790.00	35119.74
1791.00	34934.84
1792.00	35136.12
1793.00	34951.22
1794.00	35091.65
1795.00	35194.64
1796.00	35290.60
1797.00	35138.46
1798.00	35159.53
1799.00	35042.50
1800.00	34738.23
1801.00	34583.76
1802.00	34529.92
1803.00	34314.59
1804.00	34450.35
1805.00	34249.06
1806.00	34108.63
1807.00	34094.58
1808.00	34373.11
1809.00	34134.37
1810.00	33869.89
1811.00	34029.05
1812.00	33890.96
1813.00	33897.98
1814.00	34099.26
1815.00	33453.28
1816.00	34155.44
1817.00	33490.73
1818.00	33684.99
1819.00	33472.00
1820.00	33188.80
1821.00	32858.78
1822.00	33347.95
1823.00	32797.93
1824.00	32994.53
1825.00	32964.10
1826.00	32870.48
1827.00	32924.32
1828.00	33322.21
1829.00	33036.66
1830.00	33109.22
1831.00	31711.92
1832.00	32898.57
1833.00	32624.73
1834.00	32510.04
1835.00	32367.27
1836.00	32278.33
1837.00	31941.29
1838.00	32079.38
1839.00	31934.27
1840.00	31758.73
1841.00	31754.05
1842.00	32011.51
1843.00	31868.73
1844.00	31255.51
1845.00	31021.46
1846.00	31454.46
1847.00	30752.30
1848.00	31353.82
1849.00	31058.91
1850.00	31330.41
1851.00	30312.28
1852.00	30497.18
1853.00	30433.99
1854.00	30422.28
1855.00	30029.07
1856.00	30190.57
1857.00	29830.13
1858.00	29876.94
1859.00	29963.54
1860.00	29916.73
1861.00	30022.05
1862.00	29809.06
1863.00	30160.14
1864.00	30038.44
1865.00	29827.79
1866.00	30012.69
1867.00	29448.62
1868.00	29759.91
1869.00	29462.66
1870.00	29633.52
1871.00	29221.59
1872.00	28905.62
1873.00	28884.55
1874.00	28793.27
1875.00	28882.21
1876.00	28388.36
1877.00	28514.75
1878.00	28177.71
1879.00	28425.81
1880.00	28641.14
1881.00	28397.72
1882.00	28575.60
1883.00	28374.31
1884.00	28290.06
1885.00	28669.22
1886.00	28285.37
1887.00	28020.89
1888.00	27798.54
1889.00	27489.59
1890.00	27370.22
1891.00	27295.33
1892.00	27197.02
1893.00	26955.95
1894.00	27049.57
1895.00	27236.81
1896.00	26663.38
1897.00	27037.87
1898.00	26602.53
1899.00	27108.08
1900.00	27267.24
1901.00	26457.42
1902.00	26803.82
1903.00	26485.50
1904.00	26670.40
1905.00	26214.00
1906.00	26316.98
1907.00	25846.54
1908.00	25816.11
1909.00	25689.72
1910.00	25516.52
1911.00	25654.61
1912.00	25846.54
1913.00	25481.41
1914.00	25738.87
1915.00	25399.49
1916.00	25773.98
1917.00	25661.63
1918.00	25521.20
1919.00	25095.22
1920.00	25586.74
1921.00	25355.02
1922.00	24882.24
1923.00	24844.79
1924.00	24535.84
1925.00	24130.92
1926.00	24332.21
1927.00	24254.97
1928.00	23875.80
1929.00	24505.41
1930.00	24077.09
1931.00	24074.75
1932.00	24004.53
1933.00	24016.24
1934.00	24519.45
1935.00	24084.11
1936.00	24053.69
1937.00	23950.70
1938.00	23850.06
1939.00	23557.49
1940.00	23651.11
1941.00	23468.55
1942.00	23278.97
1943.00	23400.68
1944.00	23377.27
1945.00	23115.13
1946.00	23005.13
1947.00	22434.03
1948.00	22387.22
1949.00	22485.53
1950.00	22164.87
1951.00	22497.23
1952.00	22249.13
1953.00	22445.74
1954.00	22569.79
1955.00	22644.68
1956.00	22441.06
1957.00	22052.53
1958.00	22115.72
1959.00	22040.82
1960.00	21865.28
1961.00	21579.74
1962.00	21916.78
1963.00	21703.79
1964.00	21434.63
1965.00	21518.89
1966.00	21018.01
1967.00	20954.82
1968.00	21003.97
1969.00	20814.38
1970.00	20737.15
1971.00	20814.38
1972.00	21001.63
1973.00	20893.96
1974.00	20638.84
1975.00	20596.71
1976.00	20879.92
1977.00	20683.31
1978.00	20521.82
1979.00	20655.23
1980.00	20470.33
1981.00	20159.03
1982.00	20018.60
1983.00	19775.19
1984.00	19737.74
1985.00	19812.63
1986.00	19566.88
1987.00	19374.95
1988.00	19372.61
1989.00	19494.32
1990.00	19351.55
1991.00	19414.74
1992.00	19321.12
1993.00	19159.63
1994.00	19082.39
1995.00	19328.14
1996.00	18920.89
1997.00	18991.11
1998.00	18857.70
1999.00	18838.97
2000.00	18560.45
2001.00	18614.28
2002.00	18562.79
2003.00	18394.27
2004.00	18225.75
2005.00	18272.56
2006.00	17792.75
2007.00	18302.99
2008.00	17832.54
2009.00	17902.76
2010.00	17586.79
2011.00	17975.31
2012.00	17893.40
2013.00	17933.18
2014.00	17891.06
2015.00	17427.63
2016.00	17394.86
2017.00	17186.55
2018.00	17617.21
2019.00	17429.97
2020.00	17645.30
2021.00	17198.26
2022.00	17083.57
2023.00	16673.98
2024.00	16545.25
2025.00	16807.39
2026.00	16767.60
2027.00	16453.97
2028.00	16500.78
2029.00	16545.25
2030.00	16596.74
2031.00	16559.29
2032.00	16350.98
2033.00	16573.33
2034.00	16163.74
2035.00	15988.20
2036.00	15941.39
2037.00	15826.70
2038.00	16107.57
2039.00	15917.98
2040.00	15803.30
2041.00	15896.92
2042.00	15756.49
2043.00	15700.31
2044.00	15527.11
2045.00	15051.99
2046.00	15363.28
2047.00	15126.88
