0.00	1093.03
1.00	1093.03
2.00	1093.03
3.00	1006.43
4.00	961.96
5.00	980.68
6.00	898.77
7.00	992.39
8.00	924.51
9.00	945.58
10.00	947.92
11.00	903.45
12.00	931.53
13.00	980.68
14.00	908.13
15.00	950.26
16.00	929.19
17.00	889.40
18.00	994.73
19.00	983.02
20.00	959.62
21.00	1020.47
22.00	992.39
23.00	1022.81
24.00	1107.07
25.00	1411.34
26.00	1432.41
27.00	1462.83
28.00	1423.05
29.00	1432.41
30.00	1439.43
31.00	1448.79
32.00	1540.07
33.00	1511.99
34.00	1544.75
35.00	1467.52
36.00	1586.88
37.00	1535.39
38.00	1563.48
39.00	1495.60
40.00	1647.74
41.00	1673.48
42.00	1586.88
43.00	1523.69
44.00	1638.38
45.00	1537.73
46.00	1598.59
47.00	1593.90
48.00	1652.42
49.00	1561.14
50.00	1612.63
51.00	1636.03
52.00	1614.97
53.00	1652.42
54.00	1706.25
55.00	1750.72
56.00	1661.78
57.00	1671.14
58.00	1675.82
59.00	1687.53
60.00	1610.29
61.00	1717.95
62.00	1671.14
63.00	1654.76
64.00	1664.12
65.00	1724.97
66.00	1776.47
67.00	1736.68
68.00	1748.38
69.00	1774.13
70.00	1668.80
71.00	1762.42
72.00	1762.42
73.00	1748.38
74.00	1783.49
75.00	1818.60
76.00	1762.42
77.00	1727.32
78.00	1781.15
79.00	1739.02
80.00	1760.08
81.00	1813.92
82.00	1820.94
83.00	1820.94
84.00	1874.77
85.00	1818.60
86.00	1846.68
87.00	1832.64
88.00	1834.98
89.00	1834.98
90.00	1884.13
91.00	1902.86
92.00	1919.24
93.00	1811.57
94.00	1921.58
95.00	1954.35
96.00	1954.35
97.00	1949.67
98.00	1895.83
99.00	1930.94
100.00	1994.14
101.00	1891.15
102.00	2033.93
103.00	2043.29
104.00	1989.46
105.00	1959.03
106.00	2029.24
107.00	1975.41
108.00	1956.69
109.00	1966.05
110.00	2090.10
111.00	2043.29
112.00	2010.52
113.00	2029.24
114.00	2120.53
115.00	2113.50
116.00	2129.89
117.00	2153.29
118.00	2160.31
119.00	2010.52
120.00	2033.93
121.00	2008.18
122.00	2059.67
123.00	2160.31
124.00	2136.91
125.00	2200.10
126.00	2162.66
127.00	2150.95
128.00	2181.38
129.00	2129.89
130.00	2157.97
131.00	2174.36
132.00	2253.94
133.00	2221.17
134.00	2319.47
135.00	2270.32
136.00	2275.00
137.00	2218.83
138.00	2385.01
139.00	2326.49
140.00	2267.98
141.00	2263.30
142.00	2225.85
143.00	2401.39
144.00	2333.51
145.00	2317.13
146.00	2396.71
147.00	2326.49
148.00	2293.72
149.00	2385.01
150.00	2394.37
151.00	2349.90
152.00	2345.22
153.00	2399.05
154.00	2422.45
155.00	2560.55
156.00	2605.02
157.00	2506.71
158.00	2499.69
159.00	2504.37
160.00	2509.05
161.00	2525.44
162.00	2530.12
163.00	2511.39
164.00	2590.97
165.00	2703.32
166.00	2605.02
167.00	2558.21
168.00	2487.99
169.00	2656.51
170.00	2684.59
171.00	2712.68
172.00	2626.08
173.00	2703.32
174.00	2743.11
175.00	2710.34
176.00	2696.30
177.00	2703.32
178.00	2691.62
179.00	2813.32
180.00	2733.75
181.00	2881.20
182.00	2768.85
183.00	2883.54
184.00	2764.17
185.00	2794.60
186.00	2906.95
187.00	2909.29
188.00	2810.98
189.00	2916.31
190.00	2981.84
191.00	2848.43
192.00	2801.62
193.00	2953.76
194.00	3033.33
195.00	3124.62
196.00	3047.38
197.00	3007.59
198.00	3016.95
199.00	3061.42
200.00	3164.40
201.00	3187.81
202.00	3117.59
203.00	3052.06
204.00	3084.83
205.00	3159.72
206.00	3162.06
207.00	3229.94
208.00	3258.03
209.00	3243.98
210.00	3290.79
211.00	3400.80
212.00	3332.92
213.00	3232.28
214.00	3290.79
215.00	3405.48
216.00	3382.07
217.00	3318.88
218.00	3417.18
219.00	3346.97
220.00	3499.10
221.00	3438.25
222.00	3403.14
223.00	3449.95
224.00	3440.59
225.00	3501.44
226.00	3524.85
227.00	3576.34
228.00	3632.51
229.00	3625.49
230.00	3630.17
231.00	3531.87
232.00	3653.58
233.00	3812.73
234.00	3735.50
235.00	3716.77
236.00	3861.88
237.00	3742.52
238.00	3822.09
239.00	3819.75
240.00	3927.42
241.00	3904.01
242.00	3964.87
243.00	4009.34
244.00	3964.87
245.00	4065.51
246.00	4044.45
247.00	3988.27
248.00	3962.53
249.00	4072.53
250.00	4105.30
251.00	4072.53
252.00	4149.77
253.00	4205.94
254.00	4313.61
255.00	4351.06
256.00	4458.72
257.00	4468.08
258.00	4423.61
259.00	4395.53
260.00	4568.73
261.00	4447.02
262.00	4458.72
263.00	4367.44
264.00	4573.41
265.00	4552.34
266.00	4610.86
267.00	4667.03
268.00	4706.82
269.00	4723.20
270.00	4784.06
271.00	4802.78
272.00	4767.67
273.00	4781.71
274.00	4791.08
275.00	4774.69
276.00	4894.06
277.00	4896.40
278.00	4875.34
279.00	4954.91
280.00	5125.77
281.00	5011.09
282.00	5088.32
283.00	4999.38
284.00	5235.78
285.00	5069.60
286.00	5174.92
287.00	5266.21
288.00	5144.50
289.00	5100.03
290.00	5149.18
291.00	5093.01
292.00	5172.58
293.00	5111.73
294.00	5226.42
295.00	5252.16
296.00	5343.44
297.00	5366.85
298.00	5282.59
299.00	5352.81
300.00	5266.21
301.00	5130.45
302.00	4945.55
303.00	5135.14
304.00	5280.25
305.00	5289.61
306.00	5439.40
307.00	5294.29
308.00	5305.99
309.00	5324.72
310.00	5261.52
311.00	5348.12
312.00	5430.04
313.00	5455.79
314.00	5362.17
315.00	5329.40
316.00	5404.30
317.00	5392.59
318.00	5558.77
319.00	5263.86
320.00	5451.11
321.00	5533.03
322.00	5516.64
323.00	5575.16
324.00	5696.86
325.00	5643.03
326.00	5636.01
327.00	5841.98
328.00	5668.78
329.00	5664.10
330.00	5863.04
331.00	5687.50
332.00	5565.79
333.00	5607.92
334.00	5666.44
335.00	6012.84
336.00	5790.49
337.00	5921.56
338.00	5947.30
339.00	5914.53
340.00	6019.86
341.00	5921.56
342.00	5970.71
343.00	5844.32
344.00	5966.03
345.00	5994.11
346.00	6143.91
347.00	6040.92
348.00	6162.63
349.00	6111.14
350.00	6263.27
351.00	6080.71
352.00	6183.70
353.00	6366.26
354.00	6202.42
355.00	6293.70
356.00	6157.95
357.00	6527.75
358.00	6459.88
359.00	6342.85
360.00	6392.00
361.00	6298.38
362.00	6530.09
363.00	6368.60
364.00	6370.94
365.00	6574.56
366.00	6544.14
367.00	6422.43
368.00	6539.46
369.00	6581.59
370.00	6438.81
371.00	6593.29
372.00	6546.48
373.00	6698.61
374.00	6670.53
375.00	6888.20
376.00	6794.58
377.00	6773.51
378.00	6850.75
379.00	6960.75
380.00	7094.16
381.00	6839.05
382.00	7103.53
383.00	7194.81
384.00	7262.68
385.00	7365.67
386.00	7363.33
387.00	7173.74
388.00	7255.66
389.00	7246.30
390.00	7447.58
391.00	7515.46
392.00	7485.03
393.00	7566.95
394.00	7438.22
395.00	7487.37
396.00	7417.16
397.00	7997.61
398.00	7698.02
399.00	7723.77
400.00	7857.18
401.00	7625.47
402.00	7840.79
403.00	7691.00
404.00	8037.40
405.00	7922.71
406.00	8093.57
407.00	8327.63
408.00	7971.86
409.00	7674.62
410.00	7889.95
411.00	8067.83
412.00	8311.24
413.00	7957.82
414.00	8016.33
415.00	8049.10
416.00	8002.29
417.00	8044.42
418.00	8255.07
419.00	8423.59
420.00	8234.00
421.00	8114.64
422.00	8208.26
423.00	8067.83
424.00	8105.28
425.00	8114.64
426.00	8168.47
427.00	8341.67
428.00	8201.24
429.00	8201.24
430.00	8205.92
431.00	8084.21
432.00	8194.22
433.00	8381.46
434.00	8182.51
435.00	8201.24
436.00	8344.01
437.00	8248.05
438.00	8248.05
439.00	8479.76
440.00	8510.19
441.00	8510.19
442.00	8765.31
443.00	8758.28
444.00	8468.06
445.00	8688.07
446.00	8690.41
447.00	8552.32
448.00	8697.43
449.00	8638.92
450.00	8664.66
451.00	8737.22
452.00	8910.42
453.00	8723.18
454.00	8578.06
455.00	8727.86
456.00	8919.78
457.00	9107.02
458.00	8975.95
459.00	8861.27
460.00	8737.22
461.00	9146.81
462.00	8968.93
463.00	8910.42
464.00	9025.11
465.00	9048.51
466.00	8997.02
467.00	8973.61
468.00	9071.92
469.00	9305.97
470.00	9240.44
471.00	9291.93
472.00	9226.39
473.00	9207.67
474.00	9308.31
475.00	9331.72
476.00	9371.50
477.00	9544.70
478.00	9472.15
479.00	9540.02
480.00	9809.19
481.00	9462.79
482.00	9802.16
483.00	9579.81
484.00	9762.37
485.00	9975.36
486.00	9708.54
487.00	9717.90
488.00	10059.62
489.00	9771.74
490.00	9790.46
491.00	9900.47
492.00	10010.47
493.00	10071.33
494.00	10129.84
495.00	10099.41
496.00	10087.71
497.00	10080.69
498.00	10038.56
499.00	10118.14
500.00	10347.51
501.00	10143.88
502.00	10335.81
503.00	10157.92
504.00	10148.56
505.00	10555.82
506.00	10434.11
507.00	10471.56
508.00	10707.95
509.00	10633.05
510.00	10588.58
511.00	10682.20
512.00	10431.77
513.00	10537.09
514.00	10619.01
515.00	10721.99
516.00	10569.86
517.00	10567.52
518.00	10537.09
519.00	10860.09
520.00	10574.54
521.00	10860.09
522.00	10855.40
523.00	10630.71
524.00	10892.85
525.00	10916.26
526.00	11108.18
527.00	10949.03
528.00	10888.17
529.00	10857.75
530.00	11047.33
531.00	11332.87
532.00	11014.56
533.00	10918.60
534.00	10993.50
535.00	11227.55
536.00	11295.43
537.00	10984.13
538.00	11288.40
539.00	11098.82
540.00	10934.98
541.00	11066.05
542.00	11391.39
543.00	11375.00
544.00	11255.64
545.00	11206.48
546.00	11583.31
547.00	11246.27
548.00	11595.01
549.00	11499.05
550.00	11667.57
551.00	11496.71
552.00	11737.79
553.00	11761.19
554.00	11669.91
555.00	11625.44
556.00	11946.09
557.00	11859.49
558.00	12070.14
559.00	11861.84
560.00	11845.45
561.00	12243.34
562.00	12393.14
563.00	11988.22
564.00	12051.42
565.00	12119.29
566.00	12273.77
567.00	12575.70
568.00	12374.41
569.00	12472.71
570.00	12355.69
571.00	12545.27
572.00	12774.64
573.00	12713.79
574.00	12751.24
575.00	12952.52
576.00	13104.66
577.00	13179.56
578.00	13245.09
579.00	13074.23
580.00	13312.97
581.00	13172.54
582.00	13256.79
583.00	13376.16
584.00	13486.17
585.00	13661.71
586.00	13937.89
587.00	13998.74
588.00	13844.27
589.00	13516.59
590.00	13926.19
591.00	13989.38
592.00	13977.68
593.00	14366.21
594.00	14607.28
595.00	14431.74
596.00	14733.67
597.00	14773.46
598.00	14757.08
599.00	14768.78
600.00	15063.69
601.00	15208.80
602.00	15264.97
603.00	15367.96
604.00	15351.57
605.00	15770.53
606.00	15901.60
607.00	15866.49
608.00	15735.42
609.00	15765.85
610.00	16004.58
611.00	16109.91
612.00	16091.18
613.00	16245.66
614.00	16271.40
615.00	16723.13
616.00	16865.90
617.00	16893.99
618.00	17025.06
619.00	17345.71
620.00	17125.70
621.00	17369.12
622.00	17406.56
623.00	17823.18
624.00	17944.89
625.00	17748.28
626.00	17631.26
627.00	18052.55
628.00	18108.72
629.00	18347.46
630.00	18771.10
631.00	19066.00
632.00	18675.13
633.00	18778.12
634.00	19094.09
635.00	19552.84
636.00	19150.26
637.00	19576.24
638.00	20032.65
639.00	19585.60
640.00	19529.43
641.00	19686.25
642.00	19852.42
643.00	20149.67
644.00	20280.74
645.00	20697.36
646.00	20645.87
647.00	20725.44
648.00	20847.15
649.00	21032.05
650.00	21270.79
651.00	21617.19
652.00	21834.86
653.00	21694.43
654.00	21689.74
655.00	22108.70
656.00	22115.72
657.00	22326.37
658.00	22820.22
659.00	22434.03
660.00	22560.42
661.00	23098.75
662.00	23063.64
663.00	23290.67
664.00	23498.98
665.00	23676.86
666.00	23667.50
667.00	23833.68
668.00	23578.56
669.00	23838.36
670.00	24252.63
671.00	24210.50
672.00	24383.70
673.00	24474.98
674.00	24526.47
675.00	24744.14
676.00	24823.72
677.00	24812.02
678.00	25092.88
679.00	25514.18
680.00	25614.82
681.00	25773.98
682.00	25921.43
683.00	25638.23
684.00	25916.75
685.00	25951.86
686.00	26553.38
687.00	26445.71
688.00	26511.25
689.00	26422.31
690.00	26424.65
691.00	27026.17
692.00	27152.55
693.00	27154.90
694.00	27267.24
695.00	27307.03
696.00	27711.94
697.00	27522.36
698.00	27800.88
699.00	28011.53
700.00	28149.62
701.00	28566.24
702.00	28304.10
703.00	28411.76
704.00	28545.17
705.00	28900.94
706.00	28900.94
707.00	28865.83
708.00	29500.11
709.00	29240.31
710.00	29558.63
711.00	29385.43
712.00	29380.74
713.00	29858.21
714.00	29874.60
715.00	29986.94
716.00	30125.04
717.00	30132.06
718.00	29968.22
719.00	29886.30
720.00	30101.63
721.00	30419.94
722.00	30602.50
723.00	30836.56
724.00	31166.57
725.00	30836.56
726.00	30918.48
727.00	30967.63
728.00	31189.98
729.00	31185.30
730.00	31721.28
731.00	31697.88
732.00	31559.78
733.00	31627.66
734.00	31475.52
735.00	31747.03
736.00	31732.98
737.00	31871.07
738.00	31943.63
739.00	32718.35
740.00	32147.26
741.00	32339.18
742.00	32517.06
743.00	32446.85
744.00	32290.03
745.00	32776.86
746.00	33287.10
747.00	33046.02
748.00	33486.04
749.00	32982.83
750.00	33022.62
751.00	33263.69
752.00	33359.66
753.00	33596.05
754.00	33624.14
755.00	33546.90
756.00	33237.95
757.00	33734.14
758.00	34033.73
759.00	33996.28
760.00	34181.18
761.00	34277.15
762.00	34632.91
763.00	33944.79
764.00	34345.02
765.00	34607.16
766.00	34778.02
767.00	34756.96
768.00	35030.80
769.00	35058.88
770.00	34988.67
771.00	34911.43
772.00	35005.05
773.00	35208.68
774.00	35199.32
775.00	35166.55
776.00	35414.65
777.00	35534.01
778.00	35894.46
779.00	35875.73
780.00	36175.32
781.00	35606.57
782.00	36130.85
783.00	36114.47
784.00	35934.24
785.00	36582.57
786.00	36411.71
787.00	36247.88
788.00	36400.01
789.00	36760.45
790.00	36507.68
791.00	36882.16
792.00	36622.36
793.00	36816.63
794.00	37172.39
795.00	37191.11
796.00	37081.11
797.00	36755.77
798.00	36975.78
799.00	37296.44
800.00	37532.83
801.00	37663.90
802.00	37596.03
803.00	37827.74
804.00	37446.23
805.00	37895.61
806.00	37804.33
807.00	38167.12
808.00	37577.30
809.00	38532.24
810.00	38366.06
811.00	38302.87
812.00	38770.97
813.00	37975.19
814.00	38649.27
815.00	38581.39
816.00	38431.60
817.00	38976.94
818.00	38836.51
819.00	38759.27
820.00	38689.06
821.00	38799.06
822.00	38756.93
823.00	38918.43
824.00	38684.37
825.00	38895.02
826.00	39559.73
827.00	39625.27
828.00	39491.86
829.00	39421.64
830.00	39835.92
831.00	39704.85
832.00	39562.08
833.00	39800.81
834.00	39482.50
835.00	39522.29
836.00	39791.45
837.00	39988.05
838.00	40020.82
839.00	39988.05
840.00	39859.32
841.00	40465.52
842.00	40573.19
843.00	40399.99
844.00	40964.06
845.00	40444.46
846.00	40996.82
847.00	40818.94
848.00	40914.90
849.00	41092.79
850.00	41631.11
851.00	40868.09
852.00	41031.93
853.00	40755.75
854.00	41167.68
855.00	40844.69
856.00	41251.94
857.00	41469.61
858.00	41844.10
859.00	41764.52
860.00	41659.20
861.00	42021.98
862.00	41792.61
863.00	41743.45
864.00	41937.72
865.00	41652.17
866.00	42150.71
867.00	42487.74
868.00	42333.27
869.00	41986.87
870.00	42363.70
871.00	41897.93
872.00	42096.88
873.00	42026.66
874.00	42314.55
875.00	42476.04
876.00	42604.77
877.00	43077.56
878.00	42934.79
879.00	42918.40
880.00	42878.61
881.00	42777.97
882.00	42754.57
883.00	42799.04
884.00	43126.71
885.00	42962.87
886.00	42740.52
887.00	42726.48
888.00	43246.08
889.00	43012.02
890.00	43220.33
891.00	43475.45
892.00	43002.66
893.00	43606.52
894.00	43264.80
895.00	43482.47
896.00	43475.45
897.00	43395.87
898.00	43667.37
899.00	43459.07
900.00	43618.22
901.00	43995.05
902.00	44196.34
903.00	44362.51
904.00	44086.33
905.00	43824.19
906.00	44179.95
907.00	43739.93
908.00	44217.40
909.00	44194.00
910.00	44273.57
911.00	44662.10
912.00	44044.20
913.00	44744.02
914.00	44282.94
915.00	44428.05
916.00	44339.11
917.00	44500.61
918.00	44954.67
919.00	44608.27
920.00	44924.24
921.00	44847.00
922.00	44671.46
923.00	44465.50
924.00	44776.79
925.00	44444.43
926.00	45038.93
927.00	44992.12
928.00	45170.00
929.00	45275.32
930.00	45579.59
931.00	45268.30
932.00	45078.72
933.00	45411.07
934.00	45432.14
935.00	45284.68
936.00	45556.19
937.00	45553.85
938.00	45532.78
939.00	45469.59
940.00	45464.91
941.00	45738.75
942.00	45230.85
943.00	45925.99
944.00	46057.06
945.00	45722.37
946.00	46169.41
947.00	46094.51
948.00	46237.28
949.00	45626.40
950.00	46110.89
951.00	46005.57
952.00	45965.78
953.00	46066.42
954.00	46080.47
955.00	45933.01
956.00	46160.05
957.00	46281.75
958.00	46375.37
959.00	45993.87
960.00	46204.52
961.00	45116.17
962.00	46342.61
963.00	46380.06
964.00	46342.61
965.00	46663.26
966.00	46728.80
967.00	47047.11
968.00	47353.72
969.00	46618.79
970.00	46700.71
971.00	46948.81
972.00	47140.73
973.00	47377.12
974.00	47276.48
975.00	47150.09
976.00	47716.50
977.00	47236.69
978.00	47093.92
979.00	46965.19
980.00	47182.86
981.00	47615.86
982.00	47784.38
983.00	47683.73
984.00	47854.59
985.00	47936.51
986.00	47636.92
987.00	47393.51
988.00	47159.45
989.00	47566.71
990.00	47033.07
991.00	48144.82
992.00	47723.52
993.00	47704.80
994.00	47599.47
995.00	48273.55
996.00	47744.59
997.00	48072.26
998.00	47931.83
999.00	48062.90
1000.00	48669.10
1001.00	47758.63
1002.00	47744.59
1003.00	47859.27
1004.00	47980.98
1005.00	48210.35
1006.00	47868.64
1007.00	47988.00
1008.00	48011.41
1009.00	48163.54
1010.00	47849.91
1011.00	48484.20
1012.00	48362.49
1013.00	48706.55
1014.00	48121.41
1015.00	48421.00
1016.00	48156.52
1017.00	48346.11
1018.00	48259.51
1019.00	48914.86
1020.00	48711.23
1021.00	48561.44
1022.00	48722.93
1023.00	48463.13
1024.00	48790.81
1025.00	48481.86
1026.00	48863.36
1027.00	48872.73
1028.00	48715.91
1029.00	48952.30
1030.00	48711.23
1031.00	49137.21
1032.00	48882.09
1033.00	49214.44
1034.00	49179.34
1035.00	48774.42
1036.00	49006.14
1037.00	48985.07
1038.00	49116.14
1039.00	49001.46
1040.00	49113.80
1041.00	49476.58
1042.00	49455.52
1043.00	49212.10
1044.00	49017.84
1045.00	48893.79
1046.00	49162.95
1047.00	49268.28
1048.00	49504.67
1049.00	49668.51
1050.00	49364.24
1051.00	49408.71
1052.00	49631.06
1053.00	49492.97
1054.00	49617.02
1055.00	49418.07
1056.00	48954.64
1057.00	49563.18
1058.00	49539.78
1059.00	49490.63
1060.00	49778.51
1061.00	49860.43
1062.00	49350.20
1063.00	49804.26
1064.00	49961.08
1065.00	49010.82
1066.00	49162.95
1067.00	49553.82
1068.00	49617.02
1069.00	49975.12
1070.00	49783.19
1071.00	49673.19
1072.00	50052.36
1073.00	49701.28
1074.00	49663.83
1075.00	50183.43
1076.00	49689.57
1077.00	49822.98
1078.00	49841.71
1079.00	50190.45
1080.00	49940.01
1081.00	49954.05
1082.00	50361.31
1083.00	49937.67
1084.00	49792.56
1085.00	49745.75
1086.00	49675.53
1087.00	49677.87
1088.00	50312.16
1089.00	50199.81
1090.00	50351.94
1091.00	50302.79
1092.00	50127.25
1093.00	50267.69
1094.00	49935.33
1095.00	49640.42
1096.00	49429.77
1097.00	50508.76
1098.00	49797.24
1099.00	50286.41
1100.00	49865.11
1101.00	50501.74
1102.00	50188.11
1103.00	50443.23
1104.00	50167.04
1105.00	49705.96
1106.00	49825.32
1107.00	49621.70
1108.00	50042.99
1109.00	50078.10
1110.00	50042.99
1111.00	50487.70
1112.00	50511.10
1113.00	50492.38
1114.00	50192.79
1115.00	50239.60
1116.00	50167.04
1117.00	49757.45
1118.00	49968.10
1119.00	49844.05
1120.00	50227.90
1121.00	50042.99
1122.00	50356.63
1123.00	50417.48
1124.00	50323.86
1125.00	49993.84
1126.00	49778.51
1127.00	49949.37
1128.00	50169.38
1129.00	50096.83
1130.00	50295.77
1131.00	50398.76
1132.00	50284.07
1133.00	50150.66
1134.00	50199.81
1135.00	50255.98
1136.00	49710.64
1137.00	49895.54
1138.00	49743.41
1139.00	50204.49
1140.00	50021.93
1141.00	50178.75
1142.00	50440.89
1143.00	50260.66
1144.00	50485.36
1145.00	50553.23
1146.00	50459.61
1147.00	50370.67
1148.00	49918.95
1149.00	50192.79
1150.00	50248.96
1151.00	50302.79
1152.00	50265.34
1153.00	50560.25
1154.00	50557.91
1155.00	50258.32
1156.00	50703.03
1157.00	50122.57
1158.00	49834.69
1159.00	50120.23
1160.00	50670.26
1161.00	50635.15
1162.00	50398.76
1163.00	50253.64
1164.00	50389.39
1165.00	50731.11
1166.00	50443.23
1167.00	50340.24
1168.00	50656.21
1169.00	50401.10
1170.00	49858.09
1171.00	50174.06
1172.00	50288.75
1173.00	49921.29
1174.00	50281.73
1175.00	50520.46
1176.00	50419.82
1177.00	50164.70
1178.00	50185.77
1179.00	50050.02
1180.00	50398.76
1181.00	49937.67
1182.00	50145.98
1183.00	50326.20
1184.00	50347.26
1185.00	50534.51
1186.00	50593.02
1187.00	50564.93
1188.00	50356.63
1189.00	50272.37
1190.00	50045.33
1191.00	49731.70
1192.00	50040.65
1193.00	49783.19
1194.00	50471.31
1195.00	50239.60
1196.00	50330.88
1197.00	50457.27
1198.00	50480.67
1199.00	50396.42
1200.00	50508.76
1201.00	50284.07
1202.00	49769.15
1203.00	50005.55
1204.00	50377.69
1205.00	50134.28
1206.00	50356.63
1207.00	50167.04
1208.00	50529.83
1209.00	50178.75
1210.00	50190.45
1211.00	50410.46
1212.00	49972.78
1213.00	49738.72
1214.00	50426.84
1215.00	50143.64
1216.00	50394.07
1217.00	50351.94
1218.00	50569.61
1219.00	50080.44
1220.00	50560.25
1221.00	50202.15
1222.00	49947.03
1223.00	49890.86
1224.00	50195.13
1225.00	49944.69
1226.00	50096.83
1227.00	50096.83
1228.00	50429.18
1229.00	49762.13
1230.00	50113.21
1231.00	50113.21
1232.00	50398.76
1233.00	50255.98
1234.00	49965.76
1235.00	49663.83
1236.00	49909.58
1237.00	50284.07
1238.00	50082.78
1239.00	49965.76
1240.00	50419.82
1241.00	50642.17
1242.00	50391.73
1243.00	50773.24
1244.00	50401.10
1245.00	50557.91
1246.00	49918.95
1247.00	50274.71
1248.00	49996.18
1249.00	50234.92
1250.00	50160.02
1251.00	50192.79
1252.00	50293.43
1253.00	51026.02
1254.00	50607.06
1255.00	50333.22
1256.00	50480.67
1257.00	50440.89
1258.00	50066.40
1259.00	50216.19
1260.00	50230.24
1261.00	50042.99
1262.00	50480.67
1263.00	50611.74
1264.00	50944.10
1265.00	50644.51
1266.00	50693.66
1267.00	50581.32
1268.00	50305.13
1269.00	50721.75
1270.00	50450.25
1271.00	50244.28
1272.00	50150.66
1273.00	50300.45
1274.00	50094.49
1275.00	50534.51
1276.00	50632.81
1277.00	50351.94
1278.00	50567.27
1279.00	50773.24
1280.00	50417.48
1281.00	50295.77
1282.00	50202.15
1283.00	50457.27
1284.00	50244.28
1285.00	49682.55
1286.00	50351.94
1287.00	50134.28
1288.00	50995.59
1289.00	50501.74
1290.00	50578.98
1291.00	50602.38
1292.00	50506.42
1293.00	50354.29
1294.00	50211.51
1295.00	50108.53
1296.00	50136.62
1297.00	50487.70
1298.00	50298.11
1299.00	50333.22
1300.00	50408.12
1301.00	50555.57
1302.00	50843.46
1303.00	50457.27
1304.00	50373.01
1305.00	50562.59
1306.00	50157.68
1307.00	50122.57
1308.00	50246.62
1309.00	50328.54
1310.00	50080.44
1311.00	50452.59
1312.00	50281.73
1313.00	50630.47
1314.00	50616.43
1315.00	50342.58
1316.00	50438.54
1317.00	50216.19
1318.00	50185.77
1319.00	50419.82
1320.00	50373.01
1321.00	50560.25
1322.00	49991.50
1323.00	50600.04
1324.00	51007.29
1325.00	50410.46
1326.00	50363.65
1327.00	50178.75
1328.00	50263.00
1329.00	50375.35
1330.00	50492.38
1331.00	49932.99
1332.00	50284.07
1333.00	49890.86
1334.00	50644.51
1335.00	50532.17
1336.00	50522.80
1337.00	50365.99
1338.00	50602.38
1339.00	50209.17
1340.00	50232.58
1341.00	50169.38
1342.00	50120.23
1343.00	49996.18
1344.00	50365.99
1345.00	50190.45
1346.00	50333.22
1347.00	50195.13
1348.00	50562.59
1349.00	50335.56
1350.00	50155.34
1351.00	50284.07
1352.00	50040.65
1353.00	49968.10
1354.00	49914.26
1355.00	49647.44
1356.00	50024.27
1357.00	49963.42
1358.00	50038.31
1359.00	49942.35
1360.00	50136.62
1361.00	50206.83
1362.00	50010.23
1363.00	50096.83
1364.00	49940.01
1365.00	49977.46
1366.00	50103.85
1367.00	49757.45
1368.00	49717.66
1369.00	49680.21
1370.00	49792.56
1371.00	49841.71
1372.00	50141.30
1373.00	49874.48
1374.00	50096.83
1375.00	50265.34
1376.00	49769.15
1377.00	50131.93
1378.00	49769.15
1379.00	50089.80
1380.00	49862.77
1381.00	49392.33
1382.00	49516.37
1383.00	49333.81
1384.00	49118.48
1385.00	49127.84
1386.00	49528.08
1387.00	49244.87
1388.00	49315.09
1389.00	49347.86
1390.00	48940.60
1391.00	49621.70
1392.00	49074.01
1393.00	49083.37
1394.00	49066.99
1395.00	49230.83
1396.00	49347.86
1397.00	49645.10
1398.00	49450.84
1399.00	50014.91
1400.00	49336.15
1401.00	49542.12
1402.00	49066.99
1403.00	49134.87
1404.00	49104.44
1405.00	48865.70
1406.00	48718.25
1407.00	48842.30
1408.00	49394.67
1409.00	49144.23
1410.00	49242.53
1411.00	49003.80
1412.00	48928.90
1413.00	48856.34
1414.00	49059.97
1415.00	49109.12
1416.00	48671.44
1417.00	49167.63
1418.00	48493.56
1419.00	48626.97
1420.00	48746.34
1421.00	48755.70
1422.00	48416.32
1423.00	49015.50
1424.00	48933.58
1425.00	48598.88
1426.00	48793.15
1427.00	48554.41
1428.00	48678.46
1429.00	48200.99
1430.00	48196.31
1431.00	48718.25
1432.00	48587.18
1433.00	48318.02
1434.00	48154.18
1435.00	48095.67
1436.00	48500.58
1437.00	48734.63
1438.00	48547.39
1439.00	48299.30
1440.00	48472.49
1441.00	48261.85
1442.00	48086.31
1443.00	48325.04
1444.00	47948.21
1445.00	47870.98
1446.00	47892.04
1447.00	48034.81
1448.00	47676.71
1449.00	47695.44
1450.00	47859.27
1451.00	48161.20
1452.00	48332.06
1453.00	47929.49
1454.00	47852.25
1455.00	47550.32
1456.00	47693.10
1457.00	47594.79
1458.00	47452.02
1459.00	47835.87
1460.00	47075.19
1461.00	47782.04
1462.00	47892.04
1463.00	47646.29
1464.00	47730.54
1465.00	47657.99
1466.00	47423.93
1467.00	47232.01
1468.00	47763.31
1469.00	47564.37
1470.00	47325.63
1471.00	47583.09
1472.00	47201.58
1473.00	47625.22
1474.00	47547.98
1475.00	47393.51
1476.00	47360.74
1477.00	47639.26
1478.00	47730.54
1479.00	47566.71
1480.00	47702.46
1481.00	47056.47
1482.00	46955.83
1483.00	47187.54
1484.00	46836.46
1485.00	46759.22
1486.00	46997.96
1487.00	46794.33
1488.00	46951.15
1489.00	46358.99
1490.00	46988.60
1491.00	46546.23
1492.00	47042.43
1493.00	46880.93
1494.00	46450.27
1495.00	46387.08
1496.00	46642.20
1497.00	46248.99
1498.00	46684.33
1499.00	46333.24
1500.00	46450.27
1501.00	46443.25
1502.00	46115.58
1503.00	46398.78
1504.00	46433.89
1505.00	46417.50
1506.00	45944.72
1507.00	46539.21
1508.00	46115.58
1509.00	46108.55
1510.00	46108.55
1511.00	46176.43
1512.00	45507.04
1513.00	45722.37
1514.00	45923.65
1515.00	45970.46
1516.00	45862.80
1517.00	45481.29
1518.00	45996.21
1519.00	45808.96
1520.00	45921.31
1521.00	46178.77
1522.00	45888.54
1523.00	45471.93
1524.00	45610.02
1525.00	45820.67
1526.00	45846.41
1527.00	45457.88
1528.00	45317.45
1529.00	45258.94
1530.00	45385.33
1531.00	45530.44
1532.00	45041.27
1533.00	45485.97
1534.00	45216.81
1535.00	44992.12
1536.00	45682.58
1537.00	45638.11
1538.00	45067.02
1539.00	45155.96
1540.00	45123.19
1541.00	44619.97
1542.00	45268.30
1543.00	44968.71
1544.00	45329.16
1545.00	44744.02
1546.00	44875.09
1547.00	45441.50
1548.00	45352.56
1549.00	45219.15
1550.00	45167.66
1551.00	44971.05
1552.00	44088.67
1553.00	44641.04
1554.00	44566.14
1555.00	44416.35
1556.00	44643.38
1557.00	44905.52
1558.00	44636.36
1559.00	44488.90
1560.00	44818.92
1561.00	44603.59
1562.00	44636.36
1563.00	44844.66
1564.00	44591.89
1565.00	44107.40
1566.00	44392.94
1567.00	44364.85
1568.00	43723.55
1569.00	44402.30
1570.00	43784.40
1571.00	43742.27
1572.00	43852.28
1573.00	44350.81
1574.00	43852.28
1575.00	44140.16
1576.00	44493.58
1577.00	44044.20
1578.00	43936.54
1579.00	44463.16
1580.00	43721.21
1581.00	43896.75
1582.00	44257.19
1583.00	43838.23
1584.00	43126.71
1585.00	43835.89
1586.00	43445.02
1587.00	43423.96
1588.00	43363.11
1589.00	43676.74
1590.00	43580.78
1591.00	44027.82
1592.00	43438.00
1593.00	43257.78
1594.00	43342.04
1595.00	43545.67
1596.00	43250.76
1597.00	43189.91
1598.00	43220.33
1599.00	43323.32
1600.00	43360.76
1601.00	43339.70
1602.00	43192.25
1603.00	43477.79
1604.00	43276.51
1605.00	42955.85
1606.00	43337.36
1607.00	42955.85
1608.00	42759.25
1609.00	42895.00
1610.00	42611.79
1611.00	42787.33
1612.00	42707.76
1613.00	42834.14
1614.00	42801.38
1615.00	42714.78
1616.00	42579.03
1617.00	42504.13
1618.00	43112.67
1619.00	42794.36
1620.00	43239.06
1621.00	43100.97
1622.00	42909.04
1623.00	42962.87
1624.00	42487.74
1625.00	42597.75
1626.00	42845.85
1627.00	42689.03
1628.00	42134.32
1629.00	42298.16
1630.00	42288.80
1631.00	42239.65
1632.00	42548.60
1633.00	42153.05
1634.00	42017.30
1635.00	42550.94
1636.00	42735.84
1637.00	42206.88
1638.00	42422.21
1639.00	41942.40
1640.00	42347.31
1641.00	41649.83
1642.00	41717.71
1643.00	41689.62
1644.00	41415.78
1645.00	41806.65
1646.00	41710.69
1647.00	41846.44
1648.00	41963.46
1649.00	42347.31
1650.00	41914.31
1651.00	41986.87
1652.00	41963.46
1653.00	42225.60
1654.00	41741.11
1655.00	41282.37
1656.00	41434.50
1657.00	41429.82
1658.00	41188.75
1659.00	41322.16
1660.00	41413.44
1661.00	41127.89
1662.00	41333.86
1663.00	41235.56
1664.00	41165.34
1665.00	41467.27
1666.00	41617.07
1667.00	41305.77
1668.00	41490.68
1669.00	41422.80
1670.00	41284.71
1671.00	41221.52
1672.00	41385.35
1673.00	41038.95
1674.00	40512.33
1675.00	40720.64
1676.00	40790.86
1677.00	40734.68
1678.00	40931.29
1679.00	40957.03
1680.00	40666.81
1681.00	40945.33
1682.00	40875.12
1683.00	41111.51
1684.00	40744.05
1685.00	40678.51
1686.00	40528.72
1687.00	40432.75
1688.00	40573.19
1689.00	40596.59
1690.00	40343.81
1691.00	40355.52
1692.00	40196.36
1693.00	40449.14
1694.00	40364.88
1695.00	40662.13
1696.00	40339.13
1697.00	40430.41
1698.00	40512.33
1699.00	40194.02
1700.00	40280.62
1701.00	39957.63
1702.00	40119.12
1703.00	40027.84
1704.00	39800.81
1705.00	40020.82
1706.00	39304.62
1707.00	40011.46
1708.00	39374.83
1709.00	40013.80
1710.00	39723.57
1711.00	39566.76
1712.00	40128.48
1713.00	39859.32
1714.00	39990.39
1715.00	39768.04
1716.00	39608.89
1717.00	39423.98
1718.00	39005.03
1719.00	39889.75
1720.00	39440.37
1721.00	39524.63
1722.00	38913.75
1723.00	38794.38
1724.00	39009.71
1725.00	38866.94
1726.00	39068.22
1727.00	38770.97
1728.00	39285.89
1729.00	38988.64
1730.00	38813.10
1731.00	38763.95
1732.00	39229.72
1733.00	38775.66
1734.00	38536.92
1735.00	38663.31
1736.00	38012.64
1737.00	38190.52
1738.00	37865.19
1739.00	37858.17
1740.00	38298.19
1741.00	38246.69
1742.00	37998.60
1743.00	37940.08
1744.00	38309.89
1745.00	38337.98
1746.00	37553.90
1747.00	38499.47
1748.00	37546.87
1749.00	37993.92
1750.00	37521.13
1751.00	37745.82
1752.00	37853.48
1753.00	37214.52
1754.00	37776.25
1755.00	37806.67
1756.00	37490.70
1757.00	37163.03
1758.00	37013.23
1759.00	37212.18
1760.00	37209.84
1761.00	37806.67
1762.00	37565.60
1763.00	37095.15
1764.00	37411.12
1765.00	36966.42
1766.00	37249.63
1767.00	36935.99
1768.00	36636.41
1769.00	36828.33
1770.00	36603.64
1771.00	36257.24
1772.00	36638.75
1773.00	36446.82
1774.00	36818.97
1775.00	36432.78
1776.00	36037.23
1777.00	36229.15
1778.00	36348.52
1779.00	36299.37
1780.00	36297.03
1781.00	36287.67
1782.00	36598.96
1783.00	35847.64
1784.00	35910.84
1785.00	35803.17
1786.00	35367.84
1787.00	35440.39
1788.00	35690.83
1789.00	35468.48
1790.00	35112.72
1791.00	35386.56
1792.00	35330.39
1793.00	35054.20
1794.00	35288.26
1795.00	35454.44
1796.00	35133.78
1797.00	35363.15
1798.00	35309.32
1799.00	35014.41
1800.00	34824.83
1801.00	34480.77
1802.00	34609.50
1803.00	34506.52
1804.00	34628.23
1805.00	34373.11
1806.00	34466.73
1807.00	34223.31
1808.00	34206.93
1809.00	33666.27
1810.00	34211.61
1811.00	34143.74
1812.00	34157.78
1813.00	34410.56
1814.00	33687.33
1815.00	33799.68
1816.00	33855.85
1817.00	33851.17
1818.00	33591.37
1819.00	33584.35
1820.00	33413.49
1821.00	33677.97
1822.00	33371.36
1823.00	33156.03
1824.00	33312.84
1825.00	32835.38
1826.00	33116.24
1827.00	32931.34
1828.00	32856.44
1829.00	33184.12
1830.00	33064.75
1831.00	31976.40
1832.00	32795.59
1833.00	33179.43
1834.00	32575.58
1835.00	32580.26
1836.00	32584.94
1837.00	31669.79
1838.00	31864.05
1839.00	31885.12
1840.00	32077.04
1841.00	32121.51
1842.00	31489.57
1843.00	31803.20
1844.00	31379.56
1845.00	31442.76
1846.00	31503.61
1847.00	31597.23
1848.00	31459.14
1849.00	31189.98
1850.00	31056.57
1851.00	31061.25
1852.00	31021.46
1853.00	30581.44
1854.00	30639.95
1855.00	30419.94
1856.00	30125.04
1857.00	30110.99
1858.00	30520.59
1859.00	30305.26
1860.00	30066.52
1861.00	29986.94
1862.00	30019.71
1863.00	30221.00
1864.00	29970.56
1865.00	29949.50
1866.00	29923.75
1867.00	29685.01
1868.00	29795.02
1869.00	29537.56
1870.00	29518.84
1871.00	29170.10
1872.00	28783.91
1873.00	29067.11
1874.00	28875.19
1875.00	28971.15
1876.00	29142.01
1877.00	28957.11
1878.00	28540.49
1879.00	28545.17
1880.00	28627.09
1881.00	28701.99
1882.00	28692.63
1883.00	28283.03
1884.00	28217.50
1885.00	28517.09
1886.00	28151.96
1887.00	28020.89
1888.00	27625.34
1889.00	27662.79
1890.00	27494.27
1891.00	27154.90
1892.00	27285.97
1893.00	27388.95
1894.00	27398.31
1895.00	27543.42
1896.00	27190.00
1897.00	26998.08
1898.00	26707.85
1899.00	27131.49
1900.00	26965.31
1901.00	26558.06
1902.00	26787.43
1903.00	26754.66
1904.00	26588.49
1905.00	26242.09
1906.00	26370.82
1907.00	25771.64
1908.00	25876.96
1909.00	25605.46
1910.00	25628.87
1911.00	26001.01
1912.00	25668.66
1913.00	25219.27
1914.00	25553.97
1915.00	25579.71
1916.00	25570.35
1917.00	25282.47
1918.00	25172.46
1919.00	25415.88
1920.00	25514.18
1921.00	25200.55
1922.00	25226.29
1923.00	24655.20
1924.00	24854.15
1925.00	24397.74
1926.00	24376.68
1927.00	24563.92
1928.00	24100.50
1929.00	24393.06
1930.00	24217.52
1931.00	24205.82
1932.00	24025.60
1933.00	24058.37
1934.00	24147.31
1935.00	23840.70
1936.00	24269.01
1937.00	23857.08
1938.00	23728.35
1939.00	23896.87
1940.00	23824.31
1941.00	23468.55
1942.00	23538.77
1943.00	23370.25
1944.00	23133.86
1945.00	23049.60
1946.00	22878.74
1947.00	22675.11
1948.00	22534.68
1949.00	22394.25
1950.00	22672.77
1951.00	22637.66
1952.00	22235.09
1953.00	22389.56
1954.00	22429.35
1955.00	22623.62
1956.00	22497.23
1957.00	22309.99
1958.00	21930.82
1959.00	22089.98
1960.00	21804.43
1961.00	21818.47
1962.00	21902.73
1963.00	21673.36
1964.00	21460.37
1965.00	21289.51
1966.00	21350.37
1967.00	20933.75
1968.00	21231.00
1969.00	21160.78
1970.00	21120.99
1971.00	21013.33
1972.00	21315.26
1973.00	21041.42
1974.00	21270.79
1975.00	20893.96
1976.00	20929.07
1977.00	20664.59
1978.00	20372.02
1979.00	20666.93
1980.00	20208.19
1981.00	20273.72
1982.00	20105.20
1983.00	19901.58
1984.00	20133.29
1985.00	19817.32
1986.00	19515.39
1987.00	19545.81
1988.00	19283.67
1989.00	19274.31
1990.00	19658.16
1991.00	19260.27
1992.00	19204.10
1993.00	19248.57
1994.00	19417.08
1995.00	19424.11
1996.00	19208.78
1997.00	18888.12
1998.00	19012.17
1999.00	19016.85
2000.00	18780.46
2001.00	18633.00
2002.00	18677.48
2003.00	18808.54
2004.00	18200.01
2005.00	18097.02
2006.00	18197.67
2007.00	18134.47
2008.00	18085.32
2009.00	18017.44
2010.00	17762.33
2011.00	18057.23
2012.00	17762.33
2013.00	17902.76
2014.00	17774.03
2015.00	17715.51
2016.00	17446.35
2017.00	17853.61
2018.00	17509.55
2019.00	17259.11
2020.00	17207.62
2021.00	17308.26
2022.00	17184.21
2023.00	16877.60
2024.00	16711.42
2025.00	16683.34
2026.00	16720.79
2027.00	16671.64
2028.00	16514.82
2029.00	16582.70
2030.00	16383.75
2031.00	16542.91
2032.00	16472.69
2033.00	16411.84
2034.00	16198.85
2035.00	16126.29
2036.00	16072.46
2037.00	16016.29
2038.00	16327.58
2039.00	16109.91
2040.00	15917.98
2041.00	15910.96
2042.00	15995.22
2043.00	15770.53
2044.00	15529.45
2045.00	15398.38
2046.00	15407.75
2047.00	15382.00
