0.00	1036.86
1.00	1036.86
2.00	1036.86
3.00	978.34
4.00	1034.52
5.00	1022.81
6.00	985.37
7.00	997.07
8.00	959.62
9.00	971.32
10.00	957.28
11.00	891.74
12.00	922.17
13.00	964.30
14.00	1029.84
15.00	896.43
16.00	905.79
17.00	901.11
18.00	971.32
19.00	1029.84
20.00	1013.45
21.00	1022.81
22.00	997.07
23.00	1069.62
24.00	1125.80
25.00	1401.98
26.00	1432.41
27.00	1504.96
28.00	1432.41
29.00	1446.45
30.00	1521.35
31.00	1537.73
32.00	1530.71
33.00	1542.41
34.00	1579.86
35.00	1586.88
36.00	1631.35
37.00	1558.80
38.00	1448.79
39.00	1619.65
40.00	1607.95
41.00	1554.12
42.00	1614.97
43.00	1593.90
44.00	1619.65
45.00	1600.93
46.00	1593.90
47.00	1621.99
48.00	1668.80
49.00	1589.22
50.00	1682.85
51.00	1666.46
52.00	1717.95
53.00	1713.27
54.00	1666.46
55.00	1687.53
56.00	1710.93
57.00	1699.23
58.00	1734.34
59.00	1741.36
60.00	1750.72
61.00	1671.14
62.00	1675.82
63.00	1689.87
64.00	1769.44
65.00	1703.91
66.00	1783.49
67.00	1736.68
68.00	1797.53
69.00	1746.04
70.00	1664.12
71.00	1823.28
72.00	1804.55
73.00	1713.27
74.00	1802.21
75.00	1732.00
76.00	1827.96
77.00	1837.32
78.00	1785.83
79.00	1905.20
80.00	1891.15
81.00	1905.20
82.00	1790.51
83.00	1851.36
84.00	1870.09
85.00	1893.49
86.00	1842.00
87.00	1930.94
88.00	1970.73
89.00	1881.79
90.00	1949.67
91.00	1942.64
92.00	1870.09
93.00	1930.94
94.00	1968.39
95.00	1937.96
96.00	1944.99
97.00	1944.99
98.00	1961.37
99.00	1954.35
100.00	1895.83
101.00	1940.30
102.00	1907.54
103.00	1952.01
104.00	2047.97
105.00	1949.67
106.00	1970.73
107.00	1998.82
108.00	2038.61
109.00	2036.27
110.00	2097.12
111.00	2012.86
112.00	2045.63
113.00	2066.69
114.00	2085.42
115.00	1961.37
116.00	2141.59
117.00	2111.16
118.00	2132.23
119.00	2160.31
120.00	2104.14
121.00	2106.48
122.00	2181.38
123.00	2172.02
124.00	2118.18
125.00	2115.84
126.00	2218.83
127.00	2207.13
128.00	2101.80
129.00	2153.29
130.00	2211.81
131.00	2223.51
132.00	2186.06
133.00	2202.44
134.00	2293.72
135.00	2239.89
136.00	2282.02
137.00	2284.36
138.00	2310.11
139.00	2289.04
140.00	2312.45
141.00	2333.51
142.00	2326.49
143.00	2319.47
144.00	2394.37
145.00	2354.58
146.00	2375.64
147.00	2232.87
148.00	2317.13
149.00	2361.60
150.00	2396.71
151.00	2469.27
152.00	2487.99
153.00	2487.99
154.00	2441.18
155.00	2504.37
156.00	2436.50
157.00	2452.88
158.00	2583.95
159.00	2560.55
160.00	2513.74
161.00	2558.21
162.00	2544.16
163.00	2590.97
164.00	2525.44
165.00	2569.91
166.00	2651.83
167.00	2593.31
168.00	2562.89
169.00	2675.23
170.00	2731.41
171.00	2717.36
172.00	2731.41
173.00	2628.42
174.00	2752.47
175.00	2803.96
176.00	2719.70
177.00	2771.19
178.00	2738.43
179.00	2684.59
180.00	2740.77
181.00	2768.85
182.00	2902.26
183.00	2813.32
184.00	2853.11
185.00	2883.54
186.00	2810.98
187.00	2911.63
188.00	2890.56
189.00	2883.54
190.00	2911.63
191.00	2981.84
192.00	2923.33
193.00	2995.89
194.00	3052.06
195.00	2972.48
196.00	3002.91
197.00	3023.97
198.00	3098.87
199.00	3131.64
200.00	3075.46
201.00	3068.44
202.00	3143.34
203.00	3173.77
204.00	3239.30
205.00	3218.24
206.00	3192.49
207.00	3190.15
208.00	3197.17
209.00	3241.64
210.00	3316.54
211.00	3283.77
212.00	3101.21
213.00	3206.53
214.00	3288.45
215.00	3419.52
216.00	3330.58
217.00	3440.59
218.00	3405.48
219.00	3379.73
220.00	3435.91
221.00	3503.78
222.00	3421.86
223.00	3461.65
224.00	3599.74
225.00	3562.30
226.00	3550.59
227.00	3487.40
228.00	3541.23
229.00	3524.85
230.00	3545.91
231.00	3688.68
232.00	3674.64
233.00	3765.92
234.00	3899.33
235.00	3789.33
236.00	3822.09
237.00	3775.28
238.00	3721.45
239.00	3868.91
240.00	3899.33
241.00	3943.80
242.00	3967.21
243.00	4021.04
244.00	3943.80
245.00	4023.38
246.00	3995.29
247.00	3992.95
248.00	4095.94
249.00	4102.96
250.00	4215.30
251.00	4262.12
252.00	4313.61
253.00	4308.93
254.00	4294.88
255.00	4287.86
256.00	4397.87
257.00	4461.06
258.00	4224.67
259.00	4496.17
260.00	4533.62
261.00	4409.57
262.00	4512.55
263.00	4613.20
264.00	4561.70
265.00	4599.15
266.00	4620.22
267.00	4636.60
268.00	4901.08
269.00	4699.80
270.00	4704.48
271.00	4709.16
272.00	4926.83
273.00	4917.47
274.00	4739.58
275.00	4936.19
276.00	5020.45
277.00	5102.37
278.00	4936.19
279.00	4924.49
280.00	4985.34
281.00	4912.78
282.00	5008.75
283.00	4947.89
284.00	5193.65
285.00	5219.39
286.00	5069.60
287.00	5032.15
288.00	5067.26
289.00	5172.58
290.00	5085.98
291.00	5200.67
292.00	5123.43
293.00	5371.53
294.00	5266.21
295.00	5266.21
296.00	5298.97
297.00	5149.18
298.00	5212.37
299.00	5177.26
300.00	5355.15
301.00	5203.01
302.00	4952.57
303.00	5210.03
304.00	5401.96
305.00	5490.90
306.00	5399.62
307.00	5224.08
308.00	5195.99
309.00	5364.51
310.00	5228.76
311.00	5331.74
312.00	5287.27
313.00	5280.25
314.00	5313.02
315.00	5448.77
316.00	5411.32
317.00	5432.38
318.00	5366.85
319.00	5483.88
320.00	5437.06
321.00	5610.26
322.00	5568.13
323.00	5568.13
324.00	5603.24
325.00	5673.46
326.00	5731.97
327.00	5870.06
328.00	5888.79
329.00	5631.33
330.00	5610.26
331.00	5760.06
332.00	5624.31
333.00	5446.43
334.00	5860.70
335.00	5884.11
336.00	5968.37
337.00	5879.43
338.00	5706.23
339.00	5643.03
340.00	6113.48
341.00	5966.03
342.00	6083.05
343.00	6008.16
344.00	6164.97
345.00	6260.93
346.00	6019.86
347.00	6029.22
348.00	6143.91
349.00	6251.57
350.00	6260.93
351.00	6218.80
352.00	6181.35
353.00	6312.42
354.00	6071.35
355.00	6209.44
356.00	6134.54
357.00	6253.91
358.00	6349.87
359.00	6319.45
360.00	6462.22
361.00	6293.70
362.00	6623.72
363.00	6389.66
364.00	6572.22
365.00	6520.73
366.00	6429.45
367.00	6457.54
368.00	6621.38
369.00	6736.06
370.00	6450.52
371.00	6623.72
372.00	6626.06
373.00	6469.24
374.00	6747.76
375.00	6839.05
376.00	6684.57
377.00	6829.68
378.00	6841.39
379.00	6782.87
380.00	6951.39
381.00	6909.26
382.00	7054.37
383.00	7171.40
384.00	7143.32
385.00	7293.11
386.00	7206.51
387.00	7377.37
388.00	7337.58
389.00	7403.11
390.00	7360.98
391.00	7452.27
392.00	7527.16
393.00	7410.14
394.00	7424.18
395.00	7562.27
396.00	7646.53
397.00	7775.26
398.00	7906.33
399.00	7758.88
400.00	7929.74
401.00	7688.66
402.00	7765.90
403.00	7784.62
404.00	8006.97
405.00	7894.63
406.00	7859.52
407.00	8283.16
408.00	7751.85
409.00	7641.85
410.00	7740.15
411.00	8175.49
412.00	8079.53
413.00	7971.86
414.00	8095.91
415.00	8060.80
416.00	7955.48
417.00	8313.58
418.00	8262.09
419.00	8189.53
420.00	8095.91
421.00	8131.02
422.00	8168.47
423.00	8238.69
424.00	8095.91
425.00	7999.95
426.00	8231.66
427.00	8205.92
428.00	8114.64
429.00	8187.19
430.00	8241.03
431.00	8201.24
432.00	8168.47
433.00	8189.53
434.00	8177.83
435.00	8439.97
436.00	8418.91
437.00	8100.59
438.00	8400.18
439.00	8531.25
440.00	8439.97
441.00	8505.51
442.00	8451.67
443.00	8709.13
444.00	8596.79
445.00	8416.57
446.00	8791.05
447.00	8887.01
448.00	8610.83
449.00	8477.42
450.00	8690.41
451.00	8734.88
452.00	8769.99
453.00	8903.40
454.00	8744.24
455.00	8809.78
456.00	8650.62
457.00	8688.07
458.00	8753.60
459.00	8781.69
460.00	8798.07
461.00	9104.68
462.00	8755.94
463.00	8812.12
464.00	8887.01
465.00	9004.04
466.00	9167.88
467.00	9104.68
468.00	9156.18
469.00	9174.90
470.00	9334.06
471.00	9231.07
472.00	9334.06
473.00	9350.44
474.00	9233.41
475.00	9366.82
476.00	9277.88
477.00	9521.30
478.00	9413.63
479.00	9692.16
480.00	9565.77
481.00	9699.18
482.00	9703.86
483.00	9654.71
484.00	9762.37
485.00	10066.64
486.00	9797.48
487.00	9724.93
488.00	9844.29
489.00	10010.47
490.00	9912.17
491.00	9839.61
492.00	9898.13
493.00	9825.57
494.00	9977.70
495.00	10200.05
496.00	10068.98
497.00	10120.48
498.00	10052.60
499.00	10111.11
500.00	10178.99
501.00	10291.34
502.00	10251.55
503.00	10312.40
504.00	10136.86
505.00	10361.55
506.00	10223.46
507.00	10462.19
508.00	10476.24
509.00	10441.13
510.00	10347.51
511.00	10530.07
512.00	10527.73
513.00	10693.91
514.00	10583.90
515.00	10778.17
516.00	10607.31
517.00	10576.88
518.00	10717.31
519.00	10626.03
520.00	10483.26
521.00	11019.24
522.00	10920.94
523.00	10544.11
524.00	10719.65
525.00	10794.55
526.00	10885.83
527.00	10881.15
528.00	10729.02
529.00	10768.80
530.00	10874.13
531.00	11049.67
532.00	10855.40
533.00	11052.01
534.00	11007.54
535.00	10977.11
536.00	11059.03
537.00	10902.22
538.00	11063.71
539.00	11220.53
540.00	11073.07
541.00	11049.67
542.00	11339.90
543.00	11393.73
544.00	11344.58
545.00	11360.96
546.00	11632.46
547.00	11243.93
548.00	11414.79
549.00	11494.37
550.00	11557.57
551.00	11651.19
552.00	11487.35
553.00	11737.79
554.00	11637.14
555.00	11517.78
556.00	11845.45
557.00	11597.35
558.00	11889.92
559.00	11845.45
560.00	11871.20
561.00	12028.01
562.00	12580.38
563.00	12299.52
564.00	12198.87
565.00	12233.98
566.00	12283.13
567.00	12659.96
568.00	12341.64
569.00	12542.93
570.00	12381.43
571.00	12528.89
572.00	12882.31
573.00	12769.96
574.00	12784.01
575.00	12886.99
576.00	13043.81
577.00	13036.78
578.00	13132.75
579.00	13130.41
580.00	13121.04
581.00	13327.01
582.00	13284.88
583.00	13116.36
584.00	13467.44
585.00	13486.17
586.00	13776.39
587.00	14001.08
588.00	13757.67
589.00	13451.06
590.00	14211.73
591.00	14235.14
592.00	14188.33
593.00	14139.18
594.00	14417.70
595.00	14286.63
596.00	14607.28
597.00	14656.43
598.00	14693.88
599.00	14717.29
600.00	15150.29
601.00	15110.50
602.00	15302.42
603.00	15239.23
604.00	15426.47
605.00	15594.99
606.00	15889.90
607.00	15658.18
608.00	15962.45
609.00	15910.96
610.00	15899.26
611.00	15967.13
612.00	16027.99
613.00	16154.38
614.00	16528.86
615.00	16514.82
616.00	16460.99
617.00	16905.69
618.00	16725.47
619.00	17088.25
620.00	17334.01
621.00	17165.49
622.00	17619.55
623.00	17614.87
624.00	17743.60
625.00	17722.54
626.00	18164.90
627.00	18127.45
628.00	17891.06
629.00	18183.62
630.00	18649.39
631.00	18759.39
632.00	18511.30
633.00	18869.40
634.00	19047.28
635.00	19061.32
636.00	19204.10
637.00	19358.57
638.00	19377.30
639.00	19545.81
640.00	19639.44
641.00	19817.32
642.00	19995.20
643.00	20093.50
644.00	20641.18
645.00	20545.22
646.00	20615.44
647.00	20695.02
648.00	21001.63
649.00	20816.72
650.00	21195.89
651.00	21371.43
652.00	21493.14
653.00	21759.96
654.00	21687.40
655.00	22125.08
656.00	21994.01
657.00	22232.75
658.00	22684.47
659.00	22057.21
660.00	22553.40
661.00	22794.48
662.00	22569.79
663.00	23295.35
664.00	23171.30
665.00	23501.32
666.00	23243.86
667.00	24044.32
668.00	23669.84
669.00	23662.82
670.00	24004.53
671.00	24128.58
672.00	24393.06
673.00	24357.96
674.00	24709.04
675.00	24404.77
676.00	25022.67
677.00	24936.07
678.00	24947.77
679.00	24844.79
680.00	25364.39
681.00	25577.37
682.00	25481.41
683.00	25568.01
684.00	26078.25
685.00	26103.99
686.00	26258.47
687.00	26382.52
688.00	26574.44
689.00	26342.73
690.00	26581.46
691.00	26801.47
692.00	27030.85
693.00	26967.65
694.00	27386.61
695.00	27454.48
696.00	27398.31
697.00	27700.24
698.00	27660.45
699.00	28051.32
700.00	28336.87
701.00	28339.21
702.00	28306.44
703.00	28233.88
704.00	28130.90
705.00	28652.84
706.00	28432.83
707.00	29048.39
708.00	29003.92
709.00	29024.98
710.00	29125.63
711.00	29226.27
712.00	29399.47
713.00	29275.42
714.00	29333.93
715.00	29582.03
716.00	29809.06
717.00	30192.91
718.00	29764.59
719.00	29984.60
720.00	29813.74
721.00	30473.78
722.00	30377.81
723.00	30749.96
724.00	31126.78
725.00	30911.46
726.00	30883.37
727.00	30932.52
728.00	30998.06
729.00	31311.69
730.00	31260.20
731.00	31527.02
732.00	31480.21
733.00	31292.96
734.00	31328.07
735.00	31309.35
736.00	31400.63
737.00	31604.25
738.00	31779.79
739.00	32149.60
740.00	32402.38
741.00	31983.42
742.00	32318.12
743.00	31995.12
744.00	32311.10
745.00	32568.55
746.00	33102.20
747.00	32699.62
748.00	32947.72
749.00	32936.02
750.00	32795.59
751.00	32966.45
752.00	33078.79
753.00	33273.06
754.00	33422.85
755.00	33652.22
756.00	33553.92
757.00	33544.56
758.00	33448.60
759.00	33350.29
760.00	33684.99
761.00	34146.08
762.00	34218.63
763.00	34099.26
764.00	34319.28
765.00	34277.15
766.00	34300.55
767.00	34817.81
768.00	34799.08
769.00	34471.41
770.00	34930.16
771.00	35236.77
772.00	34780.36
773.00	35082.29
774.00	35189.95
775.00	35384.22
776.00	34946.54
777.00	35665.08
778.00	35243.79
779.00	35892.12
780.00	35791.47
781.00	35379.54
782.00	35402.94
783.00	36177.66
784.00	35906.16
785.00	36411.71
786.00	36208.09
787.00	36128.51
788.00	36154.26
789.00	36168.30
790.00	36128.51
791.00	36542.78
792.00	36790.88
793.00	36360.22
794.00	36641.09
795.00	36933.65
796.00	36996.85
797.00	37013.23
798.00	36886.84
799.00	37399.42
800.00	37275.37
801.00	37797.31
802.00	37617.09
803.00	37872.21
804.00	37420.48
805.00	37102.17
806.00	37691.99
807.00	37825.40
808.00	37542.19
809.00	37827.74
810.00	38190.52
811.00	38391.81
812.00	38389.47
813.00	38066.47
814.00	38370.74
815.00	38302.87
816.00	38630.54
817.00	38328.61
818.00	38792.04
819.00	38534.58
820.00	38742.89
821.00	38265.42
822.00	38920.77
823.00	38787.36
824.00	38792.04
825.00	38799.06
826.00	39122.05
827.00	39358.45
828.00	39213.34
829.00	39110.35
830.00	39194.61
831.00	39234.40
832.00	39180.57
833.00	39695.49
834.00	39512.92
835.00	39765.70
836.00	39407.60
837.00	39826.56
838.00	39920.18
839.00	39009.71
840.00	40018.48
841.00	40177.64
842.00	40058.27
843.00	40407.01
844.00	40509.99
845.00	40502.97
846.00	40472.54
847.00	40514.67
848.00	40603.61
849.00	40942.99
850.00	41284.71
851.00	41123.21
852.00	41050.66
853.00	40528.72
854.00	41195.77
855.00	41167.68
856.00	40666.81
857.00	41195.77
858.00	41432.16
859.00	41794.95
860.00	41064.70
861.00	41745.80
862.00	41118.53
863.00	41439.18
864.00	41677.92
865.00	41387.69
866.00	41752.82
867.00	42134.32
868.00	42227.95
869.00	42155.39
870.00	42082.83
871.00	41663.88
872.00	41958.78
873.00	42227.95
874.00	42211.56
875.00	42426.89
876.00	42061.77
877.00	42260.71
878.00	42927.77
879.00	42164.75
880.00	42689.03
881.00	42293.48
882.00	43129.05
883.00	42656.26
884.00	42689.03
885.00	42616.47
886.00	42595.41
887.00	42988.62
888.00	42850.53
889.00	42522.85
890.00	43070.54
891.00	42892.66
892.00	43012.02
893.00	43093.94
894.00	42962.87
895.00	43065.86
896.00	43440.34
897.00	42850.53
898.00	43765.68
899.00	43248.42
900.00	43578.43
901.00	43721.21
902.00	43988.03
903.00	44123.78
904.00	43732.91
905.00	43779.72
906.00	43782.06
907.00	43658.01
908.00	44060.58
909.00	44062.93
910.00	43906.11
911.00	44893.82
912.00	44423.37
913.00	43599.50
914.00	43957.60
915.00	44018.46
916.00	44512.31
917.00	44514.65
918.00	44727.64
919.00	44879.77
920.00	44165.91
921.00	45127.87
922.00	44535.71
923.00	45118.51
924.00	44727.64
925.00	44912.54
926.00	44657.42
927.00	44875.09
928.00	44966.37
929.00	45439.16
930.00	45294.05
931.00	45099.78
932.00	44926.58
933.00	44942.97
934.00	45263.62
935.00	45200.43
936.00	45860.46
937.00	45659.17
938.00	45394.69
939.00	45031.91
940.00	45757.47
941.00	45186.38
942.00	45071.70
943.00	45478.95
944.00	45532.78
945.00	45675.55
946.00	46071.10
947.00	46085.15
948.00	45792.58
949.00	45961.10
950.00	46225.58
951.00	46171.75
952.00	45837.05
953.00	45815.99
954.00	45972.80
955.00	45979.82
956.00	46078.13
957.00	46335.59
958.00	45556.19
959.00	46050.04
960.00	46117.92
961.00	45411.07
962.00	45780.88
963.00	46204.52
964.00	46358.99
965.00	46590.70
966.00	46590.70
967.00	46719.43
968.00	47040.09
969.00	46672.62
970.00	46838.80
971.00	46920.72
972.00	46883.27
973.00	47047.11
974.00	47473.09
975.00	47241.37
976.00	47388.83
977.00	47236.69
978.00	47007.32
979.00	46815.40
980.00	46813.05
981.00	47194.56
982.00	47388.83
983.00	47297.55
984.00	47615.86
985.00	47627.56
986.00	47569.05
987.00	46953.49
988.00	47044.77
989.00	47508.19
990.00	46878.59
991.00	47269.46
992.00	47632.24
993.00	47611.18
994.00	47700.12
995.00	47346.70
996.00	47569.05
997.00	47908.43
998.00	48105.03
999.00	47807.78
1000.00	48247.80
1001.00	47821.83
1002.00	48093.33
1003.00	47885.02
1004.00	47969.28
1005.00	48013.75
1006.00	47791.40
1007.00	47941.19
1008.00	47636.92
1009.00	47988.00
1010.00	47847.57
1011.00	48140.14
1012.00	48086.31
1013.00	48404.62
1014.00	47646.29
1015.00	48072.26
1016.00	47798.42
1017.00	47767.99
1018.00	48088.65
1019.00	48142.48
1020.00	48378.87
1021.00	48280.57
1022.00	48692.50
1023.00	48254.82
1024.00	48884.43
1025.00	48151.84
1026.00	48203.33
1027.00	48720.59
1028.00	48718.25
1029.00	48701.87
1030.00	48257.17
1031.00	48467.81
1032.00	48956.99
1033.00	49092.74
1034.00	48842.30
1035.00	48561.44
1036.00	48765.06
1037.00	48638.67
1038.00	49041.24
1039.00	48669.10
1040.00	48971.03
1041.00	48905.49
1042.00	49282.32
1043.00	48886.77
1044.00	48992.09
1045.00	48935.92
1046.00	48919.54
1047.00	48935.92
1048.00	49169.97
1049.00	49305.73
1050.00	48966.35
1051.00	49008.48
1052.00	49310.41
1053.00	49450.84
1054.00	49179.34
1055.00	49226.15
1056.00	48900.81
1057.00	49078.69
1058.00	49329.13
1059.00	49532.76
1060.00	49319.77
1061.00	49717.66
1062.00	49066.99
1063.00	49303.38
1064.00	49167.63
1065.00	49287.00
1066.00	49305.73
1067.00	49722.34
1068.00	49457.86
1069.00	49518.71
1070.00	49312.75
1071.00	49602.97
1072.00	49343.17
1073.00	49668.51
1074.00	49511.69
1075.00	49427.43
1076.00	49411.05
1077.00	49837.03
1078.00	49900.22
1079.00	49577.23
1080.00	49771.49
1081.00	49869.79
1082.00	49684.89
1083.00	49258.91
1084.00	49553.82
1085.00	49294.02
1086.00	49509.35
1087.00	49212.10
1088.00	50087.46
1089.00	49827.66
1090.00	50356.63
1091.00	49715.32
1092.00	49975.12
1093.00	50073.42
1094.00	49586.59
1095.00	49343.17
1096.00	49862.77
1097.00	49846.39
1098.00	50033.63
1099.00	49865.11
1100.00	50050.02
1101.00	49822.98
1102.00	49624.04
1103.00	50314.50
1104.00	49822.98
1105.00	49574.89
1106.00	49874.48
1107.00	50185.77
1108.00	49935.33
1109.00	49944.69
1110.00	50314.50
1111.00	50403.44
1112.00	49996.18
1113.00	50068.74
1114.00	49822.98
1115.00	49621.70
1116.00	49923.63
1117.00	49413.39
1118.00	49633.40
1119.00	49642.76
1120.00	50216.19
1121.00	49923.63
1122.00	49869.79
1123.00	50248.96
1124.00	49961.08
1125.00	50068.74
1126.00	50181.09
1127.00	49942.35
1128.00	49682.55
1129.00	49895.54
1130.00	50014.91
1131.00	50239.60
1132.00	49900.22
1133.00	50307.47
1134.00	49998.52
1135.00	49757.45
1136.00	49874.48
1137.00	50038.31
1138.00	49738.72
1139.00	50042.99
1140.00	49923.63
1141.00	49925.97
1142.00	50412.80
1143.00	50628.13
1144.00	50288.75
1145.00	50096.83
1146.00	50234.92
1147.00	49911.92
1148.00	49975.12
1149.00	49759.79
1150.00	49951.71
1151.00	50099.17
1152.00	50279.39
1153.00	50749.84
1154.00	50422.16
1155.00	49844.05
1156.00	50340.24
1157.00	50227.90
1158.00	50050.02
1159.00	50059.38
1160.00	50106.19
1161.00	50375.35
1162.00	50485.36
1163.00	50042.99
1164.00	50255.98
1165.00	50176.40
1166.00	50541.53
1167.00	50028.95
1168.00	50157.68
1169.00	50300.45
1170.00	50199.81
1171.00	49628.72
1172.00	50014.91
1173.00	50075.76
1174.00	50234.92
1175.00	50347.26
1176.00	50106.19
1177.00	49827.66
1178.00	50005.55
1179.00	49874.48
1180.00	49914.26
1181.00	49815.96
1182.00	49860.43
1183.00	50131.93
1184.00	50183.43
1185.00	50408.12
1186.00	49954.05
1187.00	50183.43
1188.00	49977.46
1189.00	50085.12
1190.00	49633.40
1191.00	50019.59
1192.00	49720.00
1193.00	49586.59
1194.00	50050.02
1195.00	49944.69
1196.00	50293.43
1197.00	50204.49
1198.00	50150.66
1199.00	50005.55
1200.00	50066.40
1201.00	50089.80
1202.00	49729.36
1203.00	49727.02
1204.00	50019.59
1205.00	50445.57
1206.00	50075.76
1207.00	50085.12
1208.00	50206.83
1209.00	49904.90
1210.00	49881.50
1211.00	49961.08
1212.00	49558.50
1213.00	49738.72
1214.00	49954.05
1215.00	49989.16
1216.00	50106.19
1217.00	49968.10
1218.00	50197.47
1219.00	50192.79
1220.00	49993.84
1221.00	49970.44
1222.00	49820.64
1223.00	50277.05
1224.00	49874.48
1225.00	49696.59
1226.00	50190.45
1227.00	49916.61
1228.00	50478.33
1229.00	49649.78
1230.00	50202.15
1231.00	49979.80
1232.00	50349.60
1233.00	50052.36
1234.00	49925.97
1235.00	49570.21
1236.00	49640.42
1237.00	49930.65
1238.00	49715.32
1239.00	50422.16
1240.00	50466.63
1241.00	50169.38
1242.00	50312.16
1243.00	50447.91
1244.00	50113.21
1245.00	50120.23
1246.00	49792.56
1247.00	49813.62
1248.00	50106.19
1249.00	50028.95
1250.00	49954.05
1251.00	50581.32
1252.00	50412.80
1253.00	50504.08
1254.00	50284.07
1255.00	50677.28
1256.00	50101.51
1257.00	50099.17
1258.00	50143.64
1259.00	49846.39
1260.00	50019.59
1261.00	50181.09
1262.00	50141.30
1263.00	50253.64
1264.00	50490.04
1265.00	50035.97
1266.00	50312.16
1267.00	50452.59
1268.00	49970.44
1269.00	49968.10
1270.00	50010.23
1271.00	49640.42
1272.00	50440.89
1273.00	50260.66
1274.00	50394.07
1275.00	50148.32
1276.00	50525.14
1277.00	50429.18
1278.00	50298.11
1279.00	50099.17
1280.00	50192.79
1281.00	49979.80
1282.00	50045.33
1283.00	50232.58
1284.00	49862.77
1285.00	50155.34
1286.00	50438.54
1287.00	49972.78
1288.00	50593.02
1289.00	50864.52
1290.00	50155.34
1291.00	50021.93
1292.00	49846.39
1293.00	49837.03
1294.00	49951.71
1295.00	49904.90
1296.00	50314.50
1297.00	49968.10
1298.00	50167.04
1299.00	50513.44
1300.00	50490.04
1301.00	50164.70
1302.00	50688.98
1303.00	50160.02
1304.00	50012.57
1305.00	50087.46
1306.00	49930.65
1307.00	50026.61
1308.00	49921.29
1309.00	50223.22
1310.00	49972.78
1311.00	50438.54
1312.00	50071.08
1313.00	50564.93
1314.00	50546.21
1315.00	50195.13
1316.00	49942.35
1317.00	50028.95
1318.00	49909.58
1319.00	50251.30
1320.00	49942.35
1321.00	50377.69
1322.00	50258.32
1323.00	50473.65
1324.00	50461.95
1325.00	50583.66
1326.00	50424.50
1327.00	50073.42
1328.00	50024.27
1329.00	49509.35
1330.00	50178.75
1331.00	50181.09
1332.00	49881.50
1333.00	49879.16
1334.00	50562.59
1335.00	50288.75
1336.00	50178.75
1337.00	50288.75
1338.00	50522.80
1339.00	50309.82
1340.00	50185.77
1341.00	49815.96
1342.00	49841.71
1343.00	50117.89
1344.00	49787.88
1345.00	49507.01
1346.00	49762.13
1347.00	50075.76
1348.00	50288.75
1349.00	49961.08
1350.00	49914.26
1351.00	50162.36
1352.00	50106.19
1353.00	49488.29
1354.00	49563.18
1355.00	49492.97
1356.00	49741.06
1357.00	49848.73
1358.00	50263.00
1359.00	49808.94
1360.00	49687.23
1361.00	50117.89
1362.00	49930.65
1363.00	49970.44
1364.00	49991.50
1365.00	49755.11
1366.00	49954.05
1367.00	49301.04
1368.00	49439.14
1369.00	48987.41
1370.00	49446.16
1371.00	49696.59
1372.00	49425.09
1373.00	49563.18
1374.00	49813.62
1375.00	49404.03
1376.00	49380.62
1377.00	49876.82
1378.00	49050.61
1379.00	49453.18
1380.00	49593.61
1381.00	49195.72
1382.00	49134.87
1383.00	49296.36
1384.00	49738.72
1385.00	49366.58
1386.00	49347.86
1387.00	49457.86
1388.00	49282.32
1389.00	49427.43
1390.00	48882.09
1391.00	49123.16
1392.00	48914.86
1393.00	48830.60
1394.00	48722.93
1395.00	48804.85
1396.00	49132.53
1397.00	49467.22
1398.00	48825.92
1399.00	49530.42
1400.00	48994.43
1401.00	49607.65
1402.00	49027.20
1403.00	48931.24
1404.00	48615.27
1405.00	48631.65
1406.00	48795.49
1407.00	49003.80
1408.00	48872.73
1409.00	48954.64
1410.00	49055.29
1411.00	48851.66
1412.00	48858.68
1413.00	48329.72
1414.00	48839.96
1415.00	48961.67
1416.00	48851.66
1417.00	48636.33
1418.00	48222.06
1419.00	48406.96
1420.00	48402.28
1421.00	48638.67
1422.00	48645.69
1423.00	48404.62
1424.00	48711.23
1425.00	48669.10
1426.00	48781.45
1427.00	48147.16
1428.00	48655.06
1429.00	48170.57
1430.00	48257.17
1431.00	48193.97
1432.00	47936.51
1433.00	47875.66
1434.00	48208.01
1435.00	48315.68
1436.00	48397.60
1437.00	48144.82
1438.00	48158.86
1439.00	48133.12
1440.00	48250.14
1441.00	48163.54
1442.00	47990.34
1443.00	48095.67
1444.00	47288.18
1445.00	47571.39
1446.00	47112.64
1447.00	47842.89
1448.00	47775.02
1449.00	47522.24
1450.00	47943.53
1451.00	47917.79
1452.00	47819.49
1453.00	47650.97
1454.00	47840.55
1455.00	47327.97
1456.00	47573.73
1457.00	47267.12
1458.00	47264.78
1459.00	47643.94
1460.00	46927.74
1461.00	47215.63
1462.00	47166.48
1463.00	47475.43
1464.00	47299.89
1465.00	47793.74
1466.00	47290.52
1467.00	46939.44
1468.00	47246.05
1469.00	47040.09
1470.00	47306.91
1471.00	47056.47
1472.00	47049.45
1473.00	47290.52
1474.00	46941.78
1475.00	46777.95
1476.00	46930.08
1477.00	47302.23
1478.00	47255.42
1479.00	47168.82
1480.00	47030.72
1481.00	47035.41
1482.00	46974.55
1483.00	47114.98
1484.00	46284.09
1485.00	46298.14
1486.00	46408.14
1487.00	46300.48
1488.00	46075.79
1489.00	46541.55
1490.00	46344.95
1491.00	46321.54
1492.00	46398.78
1493.00	46314.52
1494.00	46569.64
1495.00	46220.90
1496.00	46380.06
1497.00	46398.78
1498.00	45993.87
1499.00	46136.64
1500.00	45839.39
1501.00	46190.47
1502.00	45830.03
1503.00	46426.87
1504.00	46394.10
1505.00	46328.56
1506.00	45925.99
1507.00	45574.91
1508.00	46188.13
1509.00	45862.80
1510.00	45439.16
1511.00	45837.05
1512.00	45696.62
1513.00	45696.62
1514.00	45619.38
1515.00	45708.32
1516.00	45516.40
1517.00	45663.85
1518.00	45460.23
1519.00	45577.25
1520.00	45649.81
1521.00	46185.79
1522.00	45848.75
1523.00	45331.50
1524.00	45165.32
1525.00	45436.82
1526.00	45050.63
1527.00	45219.15
1528.00	45272.98
1529.00	45333.84
1530.00	45097.44
1531.00	45497.67
1532.00	45144.25
1533.00	45439.16
1534.00	45371.28
1535.00	45263.62
1536.00	45485.97
1537.00	45272.98
1538.00	45130.21
1539.00	45020.20
1540.00	44484.22
1541.00	44786.15
1542.00	44886.79
1543.00	44856.37
1544.00	44418.69
1545.00	44744.02
1546.00	44875.09
1547.00	45181.70
1548.00	44587.21
1549.00	44905.52
1550.00	44807.22
1551.00	44701.89
1552.00	44531.03
1553.00	44538.05
1554.00	44301.66
1555.00	44268.89
1556.00	44371.88
1557.00	44832.96
1558.00	44320.38
1559.00	44776.79
1560.00	44465.50
1561.00	44634.02
1562.00	44715.93
1563.00	44531.03
1564.00	44086.33
1565.00	44065.27
1566.00	43847.60
1567.00	43863.98
1568.00	43913.13
1569.00	43913.13
1570.00	43885.04
1571.00	43915.47
1572.00	43487.15
1573.00	43866.32
1574.00	43639.29
1575.00	43871.00
1576.00	43943.56
1577.00	43800.79
1578.00	44055.90
1579.00	43875.68
1580.00	43775.04
1581.00	43711.84
1582.00	43501.20
1583.00	43690.78
1584.00	43543.33
1585.00	43150.12
1586.00	43173.52
1587.00	43072.88
1588.00	43180.54
1589.00	43393.53
1590.00	43433.32
1591.00	43592.48
1592.00	43629.93
1593.00	43360.76
1594.00	43292.89
1595.00	43674.40
1596.00	42810.74
1597.00	43210.97
1598.00	42426.89
1599.00	42759.25
1600.00	43051.81
1601.00	42871.59
1602.00	43002.66
1603.00	42993.30
1604.00	42766.27
1605.00	42920.74
1606.00	42646.90
1607.00	42993.30
1608.00	42934.79
1609.00	42899.68
1610.00	42682.01
1611.00	42333.27
1612.00	42410.51
1613.00	42572.00
1614.00	42492.43
1615.00	42321.57
1616.00	42630.52
1617.00	42831.80
1618.00	42705.41
1619.00	42953.51
1620.00	42712.44
1621.00	42827.12
1622.00	42492.43
1623.00	42272.42
1624.00	42267.73
1625.00	42501.79
1626.00	42230.29
1627.00	42422.21
1628.00	42241.99
1629.00	41930.70
1630.00	42354.33
1631.00	41949.42
1632.00	42211.56
1633.00	42213.90
1634.00	41949.42
1635.00	42286.46
1636.00	42564.98
1637.00	42061.77
1638.00	42602.43
1639.00	42096.88
1640.00	42066.45
1641.00	41654.51
1642.00	41352.58
1643.00	41787.92
1644.00	42162.41
1645.00	41329.18
1646.00	41581.96
1647.00	41500.04
1648.00	41710.69
1649.00	42225.60
1650.00	42131.98
1651.00	41404.08
1652.00	41530.47
1653.00	42209.22
1654.00	41394.71
1655.00	41745.80
1656.00	41596.00
1657.00	41476.63
1658.00	41160.66
1659.00	41310.46
1660.00	40879.80
1661.00	41048.32
1662.00	40898.52
1663.00	41354.93
1664.00	41317.48
1665.00	41296.41
1666.00	41167.68
1667.00	40891.50
1668.00	41174.70
1669.00	41675.58
1670.00	40985.12
1671.00	40657.45
1672.00	41233.22
1673.00	40779.15
1674.00	40533.40
1675.00	40751.07
1676.00	40493.61
1677.00	40783.83
1678.00	40364.88
1679.00	40603.61
1680.00	41092.79
1681.00	40219.77
1682.00	40807.24
1683.00	40945.33
1684.00	40505.31
1685.00	40360.20
1686.00	40847.03
1687.00	40678.51
1688.00	40362.54
1689.00	40573.19
1690.00	39948.26
1691.00	40147.21
1692.00	39899.11
1693.00	40339.13
1694.00	39999.76
1695.00	40299.34
1696.00	40133.17
1697.00	40210.40
1698.00	40374.24
1699.00	40519.35
1700.00	39660.38
1701.00	40002.10
1702.00	39658.04
1703.00	39709.53
1704.00	39571.44
1705.00	39878.05
1706.00	39489.52
1707.00	39974.01
1708.00	39084.61
1709.00	39952.94
1710.00	39391.22
1711.00	39571.44
1712.00	39838.26
1713.00	39915.50
1714.00	39707.19
1715.00	39725.91
1716.00	39519.95
1717.00	39311.64
1718.00	39278.87
1719.00	39241.42
1720.00	38923.11
1721.00	38990.98
1722.00	39028.43
1723.00	38787.36
1724.00	38658.63
1725.00	38160.09
1726.00	38679.69
1727.00	38153.07
1728.00	39047.16
1729.00	38557.99
1730.00	38483.09
1731.00	38909.07
1732.00	39005.03
1733.00	38487.77
1734.00	38333.29
1735.00	38740.55
1736.00	38043.07
1737.00	37993.92
1738.00	38099.24
1739.00	37181.75
1740.00	37907.32
1741.00	37806.67
1742.00	38183.50
1743.00	37902.64
1744.00	38160.09
1745.00	38061.79
1746.00	37830.08
1747.00	38024.34
1748.00	37750.50
1749.00	37537.51
1750.00	37663.90
1751.00	37722.41
1752.00	37488.36
1753.00	37296.44
1754.00	37078.77
1755.00	37055.36
1756.00	37120.90
1757.00	37085.79
1758.00	36680.88
1759.00	37195.79
1760.00	37399.42
1761.00	37429.85
1762.00	37359.63
1763.00	37209.84
1764.00	36987.49
1765.00	37088.13
1766.00	36591.94
1767.00	36730.03
1768.00	36364.90
1769.00	36765.14
1770.00	36201.07
1771.00	36273.62
1772.00	36547.47
1773.00	36325.11
1774.00	36664.49
1775.00	36348.52
1776.00	36278.30
1777.00	36341.50
1778.00	36273.62
1779.00	36079.36
1780.00	35789.13
1781.00	35945.95
1782.00	35644.02
1783.00	35728.28
1784.00	35456.78
1785.00	35482.52
1786.00	35384.22
1787.00	35271.87
1788.00	35543.38
1789.00	35253.15
1790.00	35414.65
1791.00	34782.70
1792.00	35220.38
1793.00	35189.95
1794.00	35271.87
1795.00	34787.38
1796.00	35482.52
1797.00	35164.21
1798.00	34972.28
1799.00	35239.11
1800.00	34588.44
1801.00	34405.88
1802.00	34829.51
1803.00	34506.52
1804.00	34141.39
1805.00	34101.61
1806.00	34242.04
1807.00	34281.83
1808.00	33823.08
1809.00	34000.96
1810.00	34485.45
1811.00	34082.88
1812.00	33914.36
1813.00	33855.85
1814.00	33584.35
1815.00	33809.04
1816.00	33741.16
1817.00	33172.41
1818.00	33713.08
1819.00	33626.48
1820.00	33022.62
1821.00	32982.83
1822.00	32992.19
1823.00	32950.06
1824.00	33099.86
1825.00	33415.83
1826.00	32914.95
1827.00	32905.59
1828.00	32847.08
1829.00	33163.05
1830.00	32811.97
1831.00	31938.95
1832.00	32755.80
1833.00	32788.56
1834.00	32514.72
1835.00	32393.01
1836.00	32666.86
1837.00	31648.72
1838.00	32016.19
1839.00	31424.03
1840.00	31398.29
1841.00	31489.57
1842.00	31800.86
1843.00	31274.24
1844.00	31372.54
1845.00	31386.58
1846.00	31360.84
1847.00	31381.90
1848.00	31164.23
1849.00	30981.67
1850.00	30918.48
1851.00	30827.20
1852.00	30904.43
1853.00	30623.57
1854.00	30431.65
1855.00	30448.03
1856.00	30019.71
1857.00	30010.35
1858.00	30448.03
1859.00	30146.10
1860.00	29965.88
1861.00	29809.06
1862.00	30040.78
1863.00	30005.67
1864.00	29937.79
1865.00	29813.74
1866.00	29923.75
1867.00	29483.73
1868.00	29628.84
1869.00	29652.25
1870.00	29579.69
1871.00	28996.90
1872.00	29448.62
1873.00	29020.30
1874.00	29177.12
1875.00	28599.01
1876.00	28767.52
1877.00	28577.94
1878.00	28496.02
1879.00	28077.07
1880.00	28168.35
1881.00	28505.38
1882.00	28713.69
1883.00	28177.71
1884.00	28280.69
1885.00	28009.19
1886.00	28105.15
1887.00	27709.60
1888.00	27318.73
1889.00	27480.23
1890.00	27194.68
1891.00	27555.13
1892.00	27400.65
1893.00	27321.07
1894.00	27220.43
1895.00	27161.92
1896.00	26934.88
1897.00	26820.20
1898.00	26906.80
1899.00	26904.46
1900.00	26972.33
1901.00	26525.29
1902.00	26670.40
1903.00	26707.85
1904.00	26419.97
1905.00	25984.63
1906.00	26211.66
1907.00	26094.63
1908.00	25525.88
1909.00	25537.59
1910.00	25563.33
1911.00	25663.97
1912.00	26036.12
1913.00	25788.02
1914.00	25743.55
1915.00	25612.48
1916.00	25013.31
1917.00	25413.54
1918.00	25252.04
1919.00	25216.93
1920.00	25289.49
1921.00	25387.79
1922.00	25202.89
1923.00	25015.65
1924.00	24662.22
1925.00	24528.81
1926.00	24613.07
1927.00	24360.30
1928.00	23758.78
1929.00	24175.39
1930.00	23913.25
1931.00	23988.15
1932.00	24041.98
1933.00	23749.42
1934.00	24013.90
1935.00	24198.80
1936.00	24107.52
1937.00	23946.02
1938.00	23681.54
1939.00	23702.61
1940.00	23611.32
1941.00	23793.89
1942.00	23243.86
1943.00	23466.21
1944.00	23339.82
1945.00	23288.33
1946.00	22960.66
1947.00	22817.88
1948.00	22370.84
1949.00	22405.95
1950.00	22429.35
1951.00	22583.83
1952.00	22398.93
1953.00	22366.16
1954.00	22635.32
1955.00	22359.14
1956.00	22340.41
1957.00	22038.48
1958.00	21907.41
1959.00	21886.35
1960.00	21701.45
1961.00	22029.12
1962.00	21769.32
1963.00	21436.97
1964.00	21249.72
1965.00	21240.36
1966.00	21296.53
1967.00	20774.60
1968.00	21298.88
1969.00	20849.49
1970.00	20556.93
1971.00	21036.74
1972.00	20751.19
1973.00	20807.36
1974.00	20673.95
1975.00	20924.39
1976.00	20599.05
1977.00	20446.92
1978.00	20442.24
1979.00	20645.87
1980.00	20706.72
1981.00	20285.42
1982.00	19932.00
1983.00	19733.06
1984.00	20023.28
1985.00	19903.92
1986.00	19646.46
1987.00	19529.43
1988.00	19468.58
1989.00	19190.05
1990.00	19428.79
1991.00	19194.73
1992.00	19358.57
1993.00	19318.78
1994.00	19344.53
1995.00	19103.45
1996.00	19143.24
1997.00	18698.54
1998.00	18892.80
1999.00	18845.99
2000.00	18633.00
2001.00	18574.49
2002.00	18710.24
2003.00	18331.08
2004.00	18317.03
2005.00	18057.23
2006.00	17994.04
2007.00	17975.31
2008.00	17972.97
2009.00	18022.12
2010.00	17750.62
2011.00	17757.64
2012.00	17853.61
2013.00	17687.43
2014.00	17387.84
2015.00	17869.99
2016.00	17584.44
2017.00	17476.78
2018.00	17219.32
2019.00	17114.00
2020.00	17231.02
2021.00	17179.53
2022.00	16688.02
2023.00	16739.51
2024.00	16774.62
2025.00	16615.46
2026.00	16624.83
2027.00	16531.20
2028.00	16578.01
2029.00	16596.74
2030.00	16451.63
2031.00	16732.49
2032.00	16414.18
2033.00	16266.72
2034.00	16346.30
2035.00	16549.93
2036.00	16053.73
2037.00	16013.95
2038.00	16025.65
2039.00	15763.51
2040.00	15770.53
2041.00	15571.58
2042.00	15550.52
2043.00	15590.31
2044.00	15840.75
2045.00	15199.44
2046.00	15180.71
2047.00	15346.89
