0.00	1060.26
1.00	1060.26
2.00	1060.26
3.00	985.37
4.00	901.11
5.00	966.64
6.00	947.92
7.00	936.21
8.00	950.26
9.00	971.32
10.00	933.87
11.00	912.81
12.00	910.47
13.00	971.32
14.00	959.62
15.00	1008.77
16.00	880.04
17.00	922.17
18.00	943.24
19.00	994.73
20.00	1025.15
21.00	922.17
22.00	1043.88
23.00	983.02
24.00	1093.03
25.00	1378.58
26.00	1409.00
27.00	1444.11
28.00	1371.55
29.00	1521.35
30.00	1551.78
31.00	1451.13
32.00	1453.47
33.00	1563.48
34.00	1558.80
35.00	1612.63
36.00	1561.14
37.00	1570.50
38.00	1598.59
39.00	1551.78
40.00	1521.35
41.00	1565.82
42.00	1572.84
43.00	1572.84
44.00	1568.16
45.00	1619.65
46.00	1563.48
47.00	1631.35
48.00	1605.61
49.00	1558.80
50.00	1640.72
51.00	1703.91
52.00	1633.69
53.00	1659.44
54.00	1659.44
55.00	1743.70
56.00	1652.42
57.00	1605.61
58.00	1633.69
59.00	1717.95
60.00	1708.59
61.00	1776.47
62.00	1696.89
63.00	1710.93
64.00	1682.85
65.00	1717.95
66.00	1767.10
67.00	1680.50
68.00	1734.34
69.00	1708.59
70.00	1724.97
71.00	1732.00
72.00	1689.87
73.00	1783.49
74.00	1816.26
75.00	1811.57
76.00	1762.42
77.00	1741.36
78.00	1806.89
79.00	1792.85
80.00	1858.39
81.00	1809.23
82.00	1813.92
83.00	1797.53
84.00	1832.64
85.00	1853.70
86.00	1792.85
87.00	1767.10
88.00	1865.41
89.00	1877.11
90.00	1907.54
91.00	1886.47
92.00	1877.11
93.00	1914.56
94.00	1830.30
95.00	1963.71
96.00	1874.77
97.00	1954.35
98.00	1963.71
99.00	1881.79
100.00	1919.24
101.00	1968.39
102.00	1895.83
103.00	2010.52
104.00	1930.94
105.00	1926.26
106.00	1980.09
107.00	1959.03
108.00	2029.24
109.00	2118.18
110.00	2106.48
111.00	2104.14
112.00	1963.71
113.00	2031.58
114.00	2026.90
115.00	2085.42
116.00	2038.61
117.00	2029.24
118.00	2057.33
119.00	2017.54
120.00	2036.27
121.00	2101.80
122.00	2157.97
123.00	2099.46
124.00	2132.23
125.00	2120.53
126.00	2115.84
127.00	2087.76
128.00	2214.15
129.00	2169.68
130.00	2118.18
131.00	2195.42
132.00	2115.84
133.00	2179.04
134.00	2331.17
135.00	2200.10
136.00	2172.02
137.00	2307.77
138.00	2375.64
139.00	2342.88
140.00	2253.94
141.00	2258.62
142.00	2300.75
143.00	2347.56
144.00	2387.35
145.00	2291.38
146.00	2298.41
147.00	2328.83
148.00	2223.51
149.00	2427.14
150.00	2375.64
151.00	2382.67
152.00	2427.14
153.00	2450.54
154.00	2539.48
155.00	2394.37
156.00	2485.65
157.00	2438.84
158.00	2406.07
159.00	2502.03
160.00	2623.74
161.00	2513.74
162.00	2560.55
163.00	2569.91
164.00	2555.86
165.00	2579.27
166.00	2553.52
167.00	2576.93
168.00	2539.48
169.00	2532.46
170.00	2729.06
171.00	2686.94
172.00	2504.37
173.00	2661.19
174.00	2614.38
175.00	2715.02
176.00	2691.62
177.00	2684.59
178.00	2747.79
179.00	2846.09
180.00	2822.69
181.00	2808.64
182.00	2705.66
183.00	2839.07
184.00	2722.04
185.00	2796.94
186.00	2726.72
187.00	2810.98
188.00	2902.26
189.00	2876.52
190.00	2874.18
191.00	2923.33
192.00	2942.05
193.00	2843.75
194.00	2958.44
195.00	2986.52
196.00	3005.25
197.00	3016.95
198.00	3082.49
199.00	2956.10
200.00	3075.46
201.00	2984.18
202.00	3185.47
203.00	3126.96
204.00	3227.60
205.00	3131.64
206.00	3077.80
207.00	3201.85
208.00	3241.64
209.00	3283.77
210.00	3344.63
211.00	3262.71
212.00	3162.06
213.00	3246.32
214.00	3232.28
215.00	3363.35
216.00	3405.48
217.00	3421.86
218.00	3363.35
219.00	3335.26
220.00	3485.06
221.00	3346.97
222.00	3300.16
223.00	3559.95
224.00	3578.68
225.00	3576.34
226.00	3506.12
227.00	3602.08
228.00	3541.23
229.00	3557.61
230.00	3541.23
231.00	3637.19
232.00	3662.94
233.00	3679.32
234.00	3798.69
235.00	3684.00
236.00	3817.41
237.00	3733.15
238.00	3840.82
239.00	3742.52
240.00	3808.05
241.00	3953.16
242.00	3887.63
243.00	3906.35
244.00	4014.02
245.00	4067.85
246.00	3969.55
247.00	4009.34
248.00	4079.55
249.00	4156.79
250.00	4198.92
251.00	4294.88
252.00	4135.73
253.00	4217.65
254.00	4212.96
255.00	4327.65
256.00	4280.84
257.00	4374.46
258.00	4407.23
259.00	4423.61
260.00	4425.95
261.00	4355.74
262.00	4470.42
263.00	4524.26
264.00	4430.63
265.00	4638.94
266.00	4709.16
267.00	4622.56
268.00	4617.88
269.00	4671.71
270.00	4643.62
271.00	4657.67
272.00	4800.44
273.00	4816.82
274.00	4741.93
275.00	4856.61
276.00	4901.08
277.00	4964.28
278.00	4905.76
279.00	4784.06
280.00	5004.07
281.00	5001.72
282.00	5064.92
283.00	4926.83
284.00	4999.38
285.00	5247.48
286.00	5149.18
287.00	5060.24
288.00	5139.82
289.00	5001.72
290.00	5081.30
291.00	5160.88
292.00	5219.39
293.00	5165.56
294.00	5322.38
295.00	5163.22
296.00	5305.99
297.00	5345.78
298.00	5322.38
299.00	5345.78
300.00	5280.25
301.00	5233.44
302.00	4926.83
303.00	5067.26
304.00	5303.65
305.00	5390.25
306.00	5245.14
307.00	5385.57
308.00	5308.34
309.00	5221.74
310.00	5352.81
311.00	5320.04
312.00	5329.40
313.00	5362.17
314.00	5305.99
315.00	5383.23
316.00	5341.10
317.00	5444.09
318.00	5434.72
319.00	5535.37
320.00	5504.94
321.00	5633.67
322.00	5425.36
323.00	5617.29
324.00	5570.48
325.00	5551.75
326.00	5619.63
327.00	5713.25
328.00	5769.42
329.00	5596.22
330.00	5610.26
331.00	5734.31
332.00	5636.01
333.00	5724.95
334.00	5715.59
335.00	5886.45
336.00	5851.34
337.00	5930.92
338.00	5987.09
339.00	5832.62
340.00	5867.72
341.00	5851.34
342.00	6073.69
343.00	5977.73
344.00	5970.71
345.00	6054.97
346.00	6157.95
347.00	6080.71
348.00	6167.31
349.00	6029.22
350.00	6078.37
351.00	6200.08
352.00	6244.55
353.00	6333.49
354.00	6059.65
355.00	6305.40
356.00	6179.01
357.00	6230.51
358.00	6291.36
359.00	6310.08
360.00	6359.24
361.00	6389.66
362.00	6480.94
363.00	6504.35
364.00	6303.06
365.00	6427.11
366.00	6328.81
367.00	6502.01
368.00	6707.98
369.00	6635.42
370.00	6590.95
371.00	6602.65
372.00	6480.94
373.00	6621.38
374.00	6691.59
375.00	6754.79
376.00	6658.82
377.00	6757.13
378.00	6689.25
379.00	6909.26
380.00	7023.95
381.00	6799.26
382.00	7040.33
383.00	7096.50
384.00	7166.72
385.00	7176.08
386.00	7063.74
387.00	7171.40
388.00	7227.57
389.00	7119.91
390.00	7466.31
391.00	7363.33
392.00	7360.98
393.00	7529.50
394.00	7393.75
395.00	7424.18
396.00	7581.00
397.00	7749.51
398.00	7803.35
399.00	7665.25
400.00	7871.22
401.00	7772.92
402.00	7812.71
403.00	7751.85
404.00	7822.07
405.00	7899.31
406.00	7950.80
407.00	8264.43
408.00	7672.28
409.00	7449.93
410.00	7770.58
411.00	7976.55
412.00	8013.99
413.00	7941.44
414.00	8198.90
415.00	7983.57
416.00	8065.49
417.00	8028.04
418.00	8315.92
419.00	8187.19
420.00	8067.83
421.00	7915.69
422.00	8145.06
423.00	8074.85
424.00	8135.70
425.00	8056.12
426.00	8229.32
427.00	8175.49
428.00	8152.09
429.00	8236.35
430.00	8077.19
431.00	8126.34
432.00	8201.24
433.00	8142.72
434.00	8212.94
435.00	8470.40
436.00	8259.75
437.00	8348.69
438.00	8231.66
439.00	8517.21
440.00	8477.42
441.00	8437.63
442.00	8650.62
443.00	8615.51
444.00	8514.87
445.00	8388.48
446.00	8542.96
447.00	8758.28
448.00	8823.82
449.00	8669.34
450.00	8610.83
451.00	8840.20
452.00	8769.99
453.00	8648.28
454.00	8580.40
455.00	8826.16
456.00	8695.09
457.00	8868.29
458.00	8933.82
459.00	8936.17
460.00	8777.01
461.00	8833.18
462.00	8793.39
463.00	8760.63
464.00	8821.48
465.00	8994.68
466.00	9018.08
467.00	8961.91
468.00	8908.08
469.00	9383.21
470.00	9200.65
471.00	9205.33
472.00	9188.94
473.00	9125.75
474.00	9231.07
475.00	9404.27
476.00	9387.89
477.00	9554.07
478.00	9486.19
479.00	9776.42
480.00	9568.11
481.00	9411.29
482.00	9465.13
483.00	9717.90
484.00	9678.12
485.00	9729.61
486.00	9535.34
487.00	9886.42
488.00	9753.01
489.00	9710.88
490.00	9692.16
491.00	9820.89
492.00	9874.72
493.00	9884.08
494.00	10017.49
495.00	10160.27
496.00	9935.57
497.00	9963.66
498.00	9827.91
499.00	10195.37
500.00	10080.69
501.00	10181.33
502.00	10120.48
503.00	9874.72
504.00	10125.16
505.00	10370.91
506.00	10267.93
507.00	10452.83
508.00	10619.01
509.00	10473.90
510.00	10497.30
511.00	10539.43
512.00	10684.55
513.00	10438.79
514.00	10368.57
515.00	10635.39
516.00	10457.51
517.00	10246.87
518.00	10511.35
519.00	10588.58
520.00	10452.83
521.00	10939.66
522.00	10738.38
523.00	10672.84
524.00	10743.06
525.00	10782.85
526.00	10930.30
527.00	10860.09
528.00	10794.55
529.00	10918.60
530.00	10916.26
531.00	11040.31
532.00	10841.36
533.00	10803.91
534.00	10843.70
535.00	11117.54
536.00	11044.99
537.00	10972.43
538.00	10991.16
539.00	11126.91
540.00	11068.39
541.00	11066.05
542.00	11211.17
543.00	11187.76
544.00	11243.93
545.00	11386.71
546.00	11693.32
547.00	11112.86
548.00	11562.25
549.00	11761.19
550.00	11473.31
551.00	11735.45
552.00	11492.03
553.00	11721.40
554.00	11632.46
555.00	11669.91
556.00	11880.56
557.00	11674.59
558.00	11810.34
559.00	11889.92
560.00	11812.68
561.00	12208.23
562.00	12334.62
563.00	12023.33
564.00	12058.44
565.00	12285.47
566.00	12273.77
567.00	12688.04
568.00	12196.53
569.00	12493.78
570.00	12140.36
571.00	12451.65
572.00	12936.14
573.00	12812.09
574.00	12788.69
575.00	12699.75
576.00	12875.29
577.00	13036.78
578.00	12931.46
579.00	13137.43
580.00	12915.08
581.00	13380.84
582.00	12940.82
583.00	13198.28
584.00	13209.98
585.00	13671.07
586.00	13720.22
587.00	13661.71
588.00	13738.94
589.00	13654.69
590.00	13923.85
591.00	14090.02
592.00	14050.24
593.00	14359.19
594.00	14300.67
595.00	14321.74
596.00	14675.16
597.00	14391.95
598.00	14628.35
599.00	14895.17
600.00	14927.94
601.00	14981.77
602.00	15173.69
603.00	15056.67
604.00	15286.04
605.00	15805.64
606.00	15847.77
607.00	15569.24
608.00	15665.21
609.00	15936.71
610.00	15770.53
611.00	16137.99
612.00	15899.26
613.00	16262.04
614.00	16105.23
615.00	16755.90
616.00	16613.12
617.00	16664.61
618.00	16425.88
619.00	17074.21
620.00	17097.61
621.00	17228.68
622.00	17427.63
623.00	17593.81
624.00	17827.86
625.00	17806.80
626.00	17715.51
627.00	18064.25
628.00	17703.81
629.00	18195.32
630.00	18424.70
631.00	18972.38
632.00	18492.57
633.00	18979.40
634.00	18923.23
635.00	19297.72
636.00	19405.38
637.00	19545.81
638.00	19873.49
639.00	19424.11
640.00	19438.15
641.00	19775.19
642.00	19550.49
643.00	19681.56
644.00	20437.56
645.00	20306.49
646.00	20580.33
647.00	20554.58
648.00	20566.29
649.00	21034.39
650.00	21273.13
651.00	21380.79
652.00	21404.20
653.00	21664.00
654.00	21675.70
655.00	21865.28
656.00	22087.64
657.00	22263.18
658.00	22654.05
659.00	22717.24
660.00	22726.60
661.00	22895.12
662.00	22848.31
663.00	23274.29
664.00	23208.75
665.00	23328.12
666.00	23260.24
667.00	23894.53
668.00	23744.73
669.00	23887.51
670.00	23964.75
671.00	24140.29
672.00	24301.78
673.00	24418.81
674.00	24879.89
675.00	24687.97
676.00	24563.92
677.00	24732.44
678.00	25233.32
679.00	25109.27
680.00	25240.34
681.00	25563.33
682.00	25563.33
683.00	25469.71
684.00	25577.37
685.00	25972.92
686.00	25965.90
687.00	26527.63
688.00	26150.81
689.00	26073.57
690.00	26675.09
691.00	26869.35
692.00	26588.49
693.00	26974.67
694.00	27407.67
695.00	27442.78
696.00	27524.70
697.00	27508.32
698.00	27725.99
699.00	27941.32
700.00	27786.84
701.00	27880.46
702.00	28161.33
703.00	28339.21
704.00	28533.47
705.00	28933.70
706.00	28758.16
707.00	28608.37
708.00	29024.98
709.00	29450.96
710.00	29453.30
711.00	29343.30
712.00	29462.66
713.00	29310.53
714.00	29551.60
715.00	29874.60
716.00	29785.66
717.00	30073.54
718.00	30459.73
719.00	29869.92
720.00	29708.42
721.00	30141.42
722.00	30546.33
723.00	30848.26
724.00	30913.80
725.00	30951.24
726.00	31079.97
727.00	30410.58
728.00	31119.76
729.00	31000.40
730.00	31218.07
731.00	31225.09
732.00	31456.80
733.00	31847.67
734.00	31271.90
735.00	31405.31
736.00	31695.53
737.00	31412.33
738.00	32304.07
739.00	32154.28
740.00	32100.45
741.00	31955.33
742.00	31908.52
743.00	32348.54
744.00	32102.79
745.00	32755.80
746.00	32608.34
747.00	32982.83
748.00	32872.82
749.00	32676.22
750.00	32985.17
751.00	32851.76
752.00	32910.27
753.00	33373.70
754.00	33266.03
755.00	33331.57
756.00	33673.29
757.00	33567.96
758.00	33684.99
759.00	33692.01
760.00	33205.18
761.00	34242.04
762.00	34281.83
763.00	33928.41
764.00	33862.87
765.00	34546.31
766.00	34174.16
767.00	34534.60
768.00	34864.62
769.00	34731.21
770.00	34597.80
771.00	34892.71
772.00	34979.31
773.00	34979.31
774.00	34972.28
775.00	34873.98
776.00	34871.64
777.00	35517.63
778.00	35580.82
779.00	35835.94
780.00	35887.43
781.00	35564.44
782.00	35665.08
783.00	36222.13
784.00	35779.77
785.00	36430.44
786.00	36208.09
787.00	36877.48
788.00	36521.72
789.00	36346.18
790.00	36067.66
791.00	36215.11
792.00	37214.52
793.00	36973.44
794.00	36634.06
795.00	36982.80
796.00	36938.33
797.00	36877.48
798.00	37029.62
799.00	37130.26
800.00	37104.51
801.00	37713.05
802.00	37556.24
803.00	37792.63
804.00	37778.59
805.00	37441.55
806.00	37441.55
807.00	37900.29
808.00	37806.67
809.00	37993.92
810.00	37965.83
811.00	37776.25
812.00	38260.74
813.00	37954.13
814.00	38082.86
815.00	38525.22
816.00	38691.40
817.00	38541.60
818.00	38513.52
819.00	39072.90
820.00	38689.06
821.00	38632.88
822.00	38590.75
823.00	38789.70
824.00	38792.04
825.00	39061.20
826.00	39309.30
827.00	39297.59
828.00	39414.62
829.00	38993.32
830.00	38703.10
831.00	39271.85
832.00	39524.63
833.00	39854.64
834.00	39571.44
835.00	40219.77
836.00	39711.87
837.00	39835.92
838.00	39981.03
839.00	39739.96
840.00	39779.74
841.00	40507.65
842.00	40032.52
843.00	40327.43
844.00	39920.18
845.00	40280.62
846.00	40514.67
847.00	40624.68
848.00	40451.48
849.00	40617.66
850.00	40903.20
851.00	40760.43
852.00	41301.09
853.00	40933.63
854.00	41062.36
855.00	40720.64
856.00	40928.95
857.00	40921.93
858.00	41319.82
859.00	41303.43
860.00	41841.76
861.00	41546.85
862.00	41429.82
863.00	41750.48
864.00	41624.09
865.00	41708.35
866.00	41986.87
867.00	42218.58
868.00	41942.40
869.00	41895.59
870.00	41813.67
871.00	41607.70
872.00	42014.96
873.00	42239.65
874.00	42281.78
875.00	42380.08
876.00	42717.12
877.00	42887.98
878.00	42824.78
879.00	42417.53
880.00	42555.62
881.00	42810.74
882.00	42387.10
883.00	42780.31
884.00	42958.19
885.00	43159.48
886.00	42363.70
887.00	42960.53
888.00	42630.52
889.00	42792.01
890.00	43016.71
891.00	43276.51
892.00	43243.74
893.00	43117.35
894.00	42995.64
895.00	43496.52
896.00	43772.70
897.00	43260.12
898.00	43269.48
899.00	43447.36
900.00	43428.64
901.00	43856.96
902.00	43934.20
903.00	44013.77
904.00	43311.61
905.00	43922.49
906.00	44046.54
907.00	43477.79
908.00	43835.89
909.00	44065.27
910.00	43887.39
911.00	44584.86
912.00	44371.88
913.00	44062.93
914.00	43882.70
915.00	44123.78
916.00	44423.37
917.00	44706.57
918.00	44629.34
919.00	44837.64
920.00	44285.28
921.00	44493.58
922.00	44458.48
923.00	44811.90
924.00	44201.02
925.00	44549.76
926.00	44842.32
927.00	44893.82
928.00	45280.00
929.00	44917.22
930.00	44713.59
931.00	45139.57
932.00	45057.65
933.00	45195.74
934.00	44561.46
935.00	45490.65
936.00	45247.24
937.00	45586.61
938.00	45366.60
939.00	45265.96
940.00	45530.44
941.00	45425.12
942.00	45378.31
943.00	45708.32
944.00	45474.27
945.00	45490.65
946.00	45563.21
947.00	45764.49
948.00	45804.28
949.00	46356.65
950.00	45773.86
951.00	46183.45
952.00	45933.01
953.00	45773.86
954.00	46148.34
955.00	46059.40
956.00	46012.59
957.00	45750.45
958.00	46185.79
959.00	45853.44
960.00	46012.59
961.00	45546.82
962.00	46099.19
963.00	46181.11
964.00	46356.65
965.00	46272.39
966.00	46567.30
967.00	46824.76
968.00	47124.35
969.00	46422.19
970.00	46525.17
971.00	46958.17
972.00	46728.80
973.00	47079.88
974.00	47089.24
975.00	47501.17
976.00	47473.09
977.00	46674.96
978.00	46810.71
979.00	46548.57
980.00	47178.18
981.00	46721.77
982.00	47437.98
983.00	47725.86
984.00	47334.99
985.00	47622.88
986.00	47611.18
987.00	46714.75
988.00	46902.00
989.00	47393.51
990.00	47033.07
991.00	47533.94
992.00	47627.56
993.00	47573.73
994.00	47679.05
995.00	47704.80
996.00	47419.25
997.00	47887.36
998.00	47760.97
999.00	47632.24
1000.00	47800.76
1001.00	48449.09
1002.00	47831.19
1003.00	47854.59
1004.00	47585.43
1005.00	47746.93
1006.00	47739.91
1007.00	47870.98
1008.00	48137.80
1009.00	47927.15
1010.00	48184.61
1011.00	48306.32
1012.00	48629.31
1013.00	48348.45
1014.00	47938.85
1015.00	48491.22
1016.00	47992.68
1017.00	48093.33
1018.00	48402.28
1019.00	48388.24
1020.00	48746.34
1021.00	48147.16
1022.00	48498.24
1023.00	48149.50
1024.00	48538.03
1025.00	48198.65
1026.00	48383.55
1027.00	48956.99
1028.00	48739.32
1029.00	48994.43
1030.00	48428.02
1031.00	48982.73
1032.00	48966.35
1033.00	49097.42
1034.00	48718.25
1035.00	48830.60
1036.00	48694.85
1037.00	48942.94
1038.00	48814.21
1039.00	48793.15
1040.00	48952.30
1041.00	48671.44
1042.00	48896.13
1043.00	49071.67
1044.00	49015.50
1045.00	48631.65
1046.00	49015.50
1047.00	48961.67
1048.00	49223.81
1049.00	49378.28
1050.00	49301.04
1051.00	49141.89
1052.00	49146.57
1053.00	49284.66
1054.00	49130.19
1055.00	48942.94
1056.00	49066.99
1057.00	49249.55
1058.00	49645.10
1059.00	49684.89
1060.00	49666.17
1061.00	49518.71
1062.00	49413.39
1063.00	49605.31
1064.00	49146.57
1065.00	49169.97
1066.00	48863.36
1067.00	49385.30
1068.00	49385.30
1069.00	49944.69
1070.00	49727.02
1071.00	49940.01
1072.00	49794.90
1073.00	49792.56
1074.00	49413.39
1075.00	49771.49
1076.00	49457.86
1077.00	49336.15
1078.00	49689.57
1079.00	49865.11
1080.00	49397.01
1081.00	50003.20
1082.00	49553.82
1083.00	49783.19
1084.00	49624.04
1085.00	49710.64
1086.00	49689.57
1087.00	49759.79
1088.00	49944.69
1089.00	49956.39
1090.00	49886.18
1091.00	49872.14
1092.00	49900.22
1093.00	50110.87
1094.00	49778.51
1095.00	49914.26
1096.00	49724.68
1097.00	49425.09
1098.00	49607.65
1099.00	50024.27
1100.00	49818.30
1101.00	50263.00
1102.00	49560.84
1103.00	50087.46
1104.00	49773.83
1105.00	50064.06
1106.00	50295.77
1107.00	49610.00
1108.00	49687.23
1109.00	49883.84
1110.00	50143.64
1111.00	50571.96
1112.00	50103.85
1113.00	50319.18
1114.00	50380.03
1115.00	50089.80
1116.00	50078.10
1117.00	49815.96
1118.00	49909.58
1119.00	49895.54
1120.00	50141.30
1121.00	49989.16
1122.00	49858.09
1123.00	50239.60
1124.00	49680.21
1125.00	49858.09
1126.00	49853.41
1127.00	49846.39
1128.00	49956.39
1129.00	49897.88
1130.00	49993.84
1131.00	50211.51
1132.00	49996.18
1133.00	50272.37
1134.00	50082.78
1135.00	49855.75
1136.00	49968.10
1137.00	49947.03
1138.00	49588.93
1139.00	50094.49
1140.00	50021.93
1141.00	50092.15
1142.00	50239.60
1143.00	50279.39
1144.00	50066.40
1145.00	50124.91
1146.00	50206.83
1147.00	50085.12
1148.00	50054.70
1149.00	49755.11
1150.00	50253.64
1151.00	50749.84
1152.00	50307.47
1153.00	50094.49
1154.00	50031.29
1155.00	50000.86
1156.00	49979.80
1157.00	50042.99
1158.00	50305.13
1159.00	50206.83
1160.00	50340.24
1161.00	50052.36
1162.00	50461.95
1163.00	50195.13
1164.00	50295.77
1165.00	50150.66
1166.00	50384.71
1167.00	49858.09
1168.00	50326.20
1169.00	49825.32
1170.00	49876.82
1171.00	50234.92
1172.00	49921.29
1173.00	49860.43
1174.00	50087.46
1175.00	50216.19
1176.00	49902.56
1177.00	50153.00
1178.00	50085.12
1179.00	50113.21
1180.00	50131.93
1181.00	50155.34
1182.00	49958.73
1183.00	50066.40
1184.00	50169.38
1185.00	50351.94
1186.00	50045.33
1187.00	50527.48
1188.00	50113.21
1189.00	50284.07
1190.00	49925.97
1191.00	50204.49
1192.00	49712.98
1193.00	50225.56
1194.00	49968.10
1195.00	49783.19
1196.00	50368.33
1197.00	49982.14
1198.00	49600.63
1199.00	50281.73
1200.00	50185.77
1201.00	49759.79
1202.00	49614.68
1203.00	49820.64
1204.00	49881.50
1205.00	49827.66
1206.00	50335.56
1207.00	50253.64
1208.00	50047.68
1209.00	49993.84
1210.00	50136.62
1211.00	50258.32
1212.00	49743.41
1213.00	50050.02
1214.00	50195.13
1215.00	49918.95
1216.00	49820.64
1217.00	50047.68
1218.00	50319.18
1219.00	50373.01
1220.00	49991.50
1221.00	49776.17
1222.00	49902.56
1223.00	49717.66
1224.00	49659.15
1225.00	49146.57
1226.00	49865.11
1227.00	49673.19
1228.00	50293.43
1229.00	49652.12
1230.00	50344.92
1231.00	50213.85
1232.00	49797.24
1233.00	49628.72
1234.00	50010.23
1235.00	49631.06
1236.00	49876.82
1237.00	49975.12
1238.00	49804.26
1239.00	50270.03
1240.00	50553.23
1241.00	50270.03
1242.00	50220.87
1243.00	49851.07
1244.00	49993.84
1245.00	50089.80
1246.00	49759.79
1247.00	49928.31
1248.00	50160.02
1249.00	49848.73
1250.00	49935.33
1251.00	50028.95
1252.00	50483.01
1253.00	50721.75
1254.00	50670.26
1255.00	50277.05
1256.00	50333.22
1257.00	50075.76
1258.00	50377.69
1259.00	50305.13
1260.00	49598.29
1261.00	49904.90
1262.00	50160.02
1263.00	50281.73
1264.00	50527.48
1265.00	50564.93
1266.00	50632.81
1267.00	50080.44
1268.00	50265.34
1269.00	50515.78
1270.00	50157.68
1271.00	49956.39
1272.00	50218.53
1273.00	50539.19
1274.00	50206.83
1275.00	50239.60
1276.00	50471.31
1277.00	50209.17
1278.00	50508.76
1279.00	50827.07
1280.00	50333.22
1281.00	50155.34
1282.00	50131.93
1283.00	50117.89
1284.00	50288.75
1285.00	49949.37
1286.00	50464.29
1287.00	50337.90
1288.00	50373.01
1289.00	49989.16
1290.00	50475.99
1291.00	50204.49
1292.00	50354.29
1293.00	50230.24
1294.00	50068.74
1295.00	49553.82
1296.00	49902.56
1297.00	50024.27
1298.00	50365.99
1299.00	50333.22
1300.00	50518.12
1301.00	50237.26
1302.00	50162.36
1303.00	50026.61
1304.00	50033.63
1305.00	50192.79
1306.00	49783.19
1307.00	50270.03
1308.00	50162.36
1309.00	50284.07
1310.00	49808.94
1311.00	50614.08
1312.00	50052.36
1313.00	50686.64
1314.00	50394.07
1315.00	49993.84
1316.00	50057.04
1317.00	50351.94
1318.00	49961.08
1319.00	49893.20
1320.00	50316.84
1321.00	50291.09
1322.00	50284.07
1323.00	50590.68
1324.00	50965.17
1325.00	50450.25
1326.00	50302.79
1327.00	50134.28
1328.00	50431.52
1329.00	50010.23
1330.00	50335.56
1331.00	49888.52
1332.00	50487.70
1333.00	50204.49
1334.00	50176.40
1335.00	50291.09
1336.00	50213.85
1337.00	50174.06
1338.00	50473.65
1339.00	50361.31
1340.00	50361.31
1341.00	49820.64
1342.00	49881.50
1343.00	50035.97
1344.00	50035.97
1345.00	50007.89
1346.00	50265.34
1347.00	50277.05
1348.00	50185.77
1349.00	50473.65
1350.00	50040.65
1351.00	49923.63
1352.00	49932.99
1353.00	49401.69
1354.00	49928.31
1355.00	49748.09
1356.00	49546.80
1357.00	50019.59
1358.00	49612.34
1359.00	49668.51
1360.00	50162.36
1361.00	50162.36
1362.00	49677.87
1363.00	50017.25
1364.00	49801.92
1365.00	49696.59
1366.00	49748.09
1367.00	49364.24
1368.00	49427.43
1369.00	49015.50
1370.00	49350.20
1371.00	49769.15
1372.00	49434.45
1373.00	49631.06
1374.00	49361.90
1375.00	49668.51
1376.00	49209.76
1377.00	49420.41
1378.00	48900.81
1379.00	49443.82
1380.00	49172.31
1381.00	49502.33
1382.00	49488.29
1383.00	49336.15
1384.00	49244.87
1385.00	49457.86
1386.00	49729.36
1387.00	49593.61
1388.00	49497.65
1389.00	49074.01
1390.00	49359.56
1391.00	49165.29
1392.00	49059.97
1393.00	49261.26
1394.00	48591.86
1395.00	49287.00
1396.00	48708.89
1397.00	49301.04
1398.00	48975.71
1399.00	49581.91
1400.00	49113.80
1401.00	49638.08
1402.00	49436.80
1403.00	49366.58
1404.00	48772.08
1405.00	48488.88
1406.00	48985.07
1407.00	48685.48
1408.00	48854.00
1409.00	49027.20
1410.00	48760.38
1411.00	49488.29
1412.00	48622.29
1413.00	48755.70
1414.00	49162.95
1415.00	48708.89
1416.00	48870.39
1417.00	49137.21
1418.00	48081.63
1419.00	48364.83
1420.00	48526.33
1421.00	48566.12
1422.00	48465.47
1423.00	48680.80
1424.00	48495.90
1425.00	48832.94
1426.00	48371.85
1427.00	47980.98
1428.00	48500.58
1429.00	48306.32
1430.00	47824.17
1431.00	48208.01
1432.00	47791.40
1433.00	47693.10
1434.00	48046.52
1435.00	48325.04
1436.00	48112.05
1437.00	48360.15
1438.00	48025.45
1439.00	48058.22
1440.00	47585.43
1441.00	48378.87
1442.00	47789.06
1443.00	47562.03
1444.00	47660.33
1445.00	47669.69
1446.00	47786.72
1447.00	47648.63
1448.00	47585.43
1449.00	47576.07
1450.00	47810.12
1451.00	47936.51
1452.00	47983.32
1453.00	47461.38
1454.00	47524.58
1455.00	47466.06
1456.00	47695.44
1457.00	47398.19
1458.00	47332.65
1459.00	47526.92
1460.00	47356.06
1461.00	47615.86
1462.00	47435.64
1463.00	47522.24
1464.00	47629.90
1465.00	47807.78
1466.00	47239.03
1467.00	47545.64
1468.00	47306.91
1469.00	47536.28
1470.00	47253.08
1471.00	47014.34
1472.00	47110.30
1473.00	47084.56
1474.00	47143.07
1475.00	47077.54
1476.00	47129.03
1477.00	46859.87
1478.00	47147.75
1479.00	47367.76
1480.00	47269.46
1481.00	47569.05
1482.00	46873.91
1483.00	46653.90
1484.00	46799.01
1485.00	46253.67
1486.00	46808.37
1487.00	46251.33
1488.00	46457.29
1489.00	46567.30
1490.00	46391.76
1491.00	46548.57
1492.00	46478.36
1493.00	46476.02
1494.00	46405.80
1495.00	46438.57
1496.00	45860.46
1497.00	46485.38
1498.00	46195.15
1499.00	46138.98
1500.00	46405.80
1501.00	46068.76
1502.00	45993.87
1503.00	46431.55
1504.00	46356.65
1505.00	46167.07
1506.00	46014.93
1507.00	45984.51
1508.00	46548.57
1509.00	45965.78
1510.00	45797.26
1511.00	45958.76
1512.00	45567.89
1513.00	45750.45
1514.00	45766.84
1515.00	45846.41
1516.00	45853.44
1517.00	45240.21
1518.00	45603.00
1519.00	45986.85
1520.00	45577.25
1521.00	46012.59
1522.00	45827.69
1523.00	45581.93
1524.00	45420.44
1525.00	45422.78
1526.00	44973.39
1527.00	45177.02
1528.00	44957.01
1529.00	45158.30
1530.00	45195.74
1531.00	45221.49
1532.00	45411.07
1533.00	45436.82
1534.00	45352.56
1535.00	45134.89
1536.00	44971.05
1537.00	45343.20
1538.00	45043.61
1539.00	45022.54
1540.00	44821.26
1541.00	44842.32
1542.00	44959.35
1543.00	44957.01
1544.00	44821.26
1545.00	45170.00
1546.00	45029.57
1547.00	44746.36
1548.00	44755.72
1549.00	45006.16
1550.00	45254.26
1551.00	44608.27
1552.00	44250.17
1553.00	44268.89
1554.00	44259.53
1555.00	44414.01
1556.00	44266.55
1557.00	44332.09
1558.00	44458.48
1559.00	44451.45
1560.00	44100.37
1561.00	44222.08
1562.00	44669.12
1563.00	44196.34
1564.00	44114.42
1565.00	44257.19
1566.00	44699.55
1567.00	44172.93
1568.00	43810.15
1569.00	44126.12
1570.00	43929.51
1571.00	43625.25
1572.00	43545.67
1573.00	43798.44
1574.00	44020.80
1575.00	43793.76
1576.00	43924.83
1577.00	43868.66
1578.00	43824.19
1579.00	44175.27
1580.00	43643.97
1581.00	43536.30
1582.00	43594.82
1583.00	43648.65
1584.00	43276.51
1585.00	43629.93
1586.00	43468.43
1587.00	43655.67
1588.00	42892.66
1589.00	43498.86
1590.00	43695.46
1591.00	43533.96
1592.00	43702.48
1593.00	43459.07
1594.00	43573.75
1595.00	43416.94
1596.00	42953.51
1597.00	43185.22
1598.00	42838.83
1599.00	42827.12
1600.00	43358.42
1601.00	42862.23
1602.00	42883.30
1603.00	42717.12
1604.00	42543.92
1605.00	42972.24
1606.00	42536.90
1607.00	42981.60
1608.00	42871.59
1609.00	42941.81
1610.00	42902.02
1611.00	42686.69
1612.00	42974.58
1613.00	42321.57
1614.00	42092.19
1615.00	42403.49
1616.00	43206.29
1617.00	42564.98
1618.00	43157.14
1619.00	42462.00
1620.00	43138.41
1621.00	42705.41
1622.00	43040.11
1623.00	42438.59
1624.00	42387.10
1625.00	42270.08
1626.00	42188.16
1627.00	42295.82
1628.00	42033.68
1629.00	42202.20
1630.00	42494.77
1631.00	42134.32
1632.00	41993.89
1633.00	41816.01
1634.00	42579.03
1635.00	42082.83
1636.00	42199.86
1637.00	42136.66
1638.00	42160.07
1639.00	41942.40
1640.00	42302.84
1641.00	41783.24
1642.00	41741.11
1643.00	41450.89
1644.00	41890.91
1645.00	41668.56
1646.00	41352.58
1647.00	41509.40
1648.00	41727.07
1649.00	41617.07
1650.00	41745.80
1651.00	41638.13
1652.00	41591.32
1653.00	42031.34
1654.00	41736.43
1655.00	41165.34
1656.00	41291.73
1657.00	41298.75
1658.00	41322.16
1659.00	41343.22
1660.00	40882.14
1661.00	41200.45
1662.00	40608.29
1663.00	41375.99
1664.00	41038.95
1665.00	41324.50
1666.00	41455.57
1667.00	41092.79
1668.00	41148.96
1669.00	41146.62
1670.00	41036.61
1671.00	41221.52
1672.00	41076.40
1673.00	41010.87
1674.00	40634.04
1675.00	41249.60
1676.00	40289.98
1677.00	40842.35
1678.00	40760.43
1679.00	40636.38
1680.00	40575.53
1681.00	40657.45
1682.00	40322.75
1683.00	40662.13
1684.00	40505.31
1685.00	40507.65
1686.00	40439.78
1687.00	40559.14
1688.00	40449.14
1689.00	40210.40
1690.00	40676.17
1691.00	40074.65
1692.00	40091.04
1693.00	40318.07
1694.00	40219.77
1695.00	40683.19
1696.00	40243.17
1697.00	40435.10
1698.00	40334.45
1699.00	39856.98
1700.00	39859.32
1701.00	40299.34
1702.00	39695.49
1703.00	39339.72
1704.00	39840.60
1705.00	39718.89
1706.00	39599.52
1707.00	39526.97
1708.00	39225.04
1709.00	39697.83
1710.00	39751.66
1711.00	39826.56
1712.00	39555.05
1713.00	39468.45
1714.00	39636.97
1715.00	39864.00
1716.00	39629.95
1717.00	39143.12
1718.00	38810.76
1719.00	39412.28
1720.00	39182.91
1721.00	39346.75
1722.00	38476.07
1723.00	38920.77
1724.00	38995.67
1725.00	38384.79
1726.00	38749.91
1727.00	38679.69
1728.00	39098.65
1729.00	38426.92
1730.00	38508.83
1731.00	38813.10
1732.00	38710.12
1733.00	38562.67
1734.00	38462.02
1735.00	38440.96
1736.00	38335.63
1737.00	38312.23
1738.00	38043.07
1739.00	37811.35
1740.00	37895.61
1741.00	37780.93
1742.00	38256.06
1743.00	38253.72
1744.00	38136.69
1745.00	37914.34
1746.00	37944.76
1747.00	38171.80
1748.00	38045.41
1749.00	37614.75
1750.00	37551.56
1751.00	37399.42
1752.00	37495.38
1753.00	37095.15
1754.00	37345.59
1755.00	37024.93
1756.00	37322.18
1757.00	37392.40
1758.00	37415.80
1759.00	36896.20
1760.00	37193.45
1761.00	37263.67
1762.00	37357.29
1763.00	37326.86
1764.00	36893.86
1765.00	36484.27
1766.00	36954.72
1767.00	36870.46
1768.00	36573.21
1769.00	36343.84
1770.00	36374.27
1771.00	36479.59
1772.00	36598.96
1773.00	36435.12
1774.00	36437.46
1775.00	36416.40
1776.00	36011.48
1777.00	35901.48
1778.00	36112.13
1779.00	36142.55
1780.00	36067.66
1781.00	35995.10
1782.00	35597.21
1783.00	35578.48
1784.00	35477.84
1785.00	35557.42
1786.00	35548.06
1787.00	35164.21
1788.00	35281.24
1789.00	35051.86
1790.00	35545.72
1791.00	34923.13
1792.00	35606.57
1793.00	35030.80
1794.00	35075.27
1795.00	34754.61
1796.00	34939.52
1797.00	34754.61
1798.00	35161.87
1799.00	34995.69
1800.00	34822.49
1801.00	34382.47
1802.00	34649.29
1803.00	34703.12
1804.00	34321.62
1805.00	33970.54
1806.00	34019.69
1807.00	34216.29
1808.00	34604.82
1809.00	34139.05
1810.00	34349.70
1811.00	33961.17
1812.00	34007.98
1813.00	34064.16
1814.00	34071.18
1815.00	33818.40
1816.00	33607.75
1817.00	33771.59
1818.00	33668.61
1819.00	33488.38
1820.00	33242.63
1821.00	33371.36
1822.00	33151.35
1823.00	33001.55
1824.00	32957.08
1825.00	33034.32
1826.00	33432.21
1827.00	32982.83
1828.00	32900.91
1829.00	33041.34
1830.00	33200.50
1831.00	32039.59
1832.00	32835.38
1833.00	32980.49
1834.00	32716.01
1835.00	32474.93
1836.00	32507.70
1837.00	31737.66
1838.00	31669.79
1839.00	31604.25
1840.00	31307.01
1841.00	31892.14
1842.00	31688.51
1843.00	31622.98
1844.00	31417.01
1845.00	31826.60
1846.00	31541.06
1847.00	31147.85
1848.00	31194.66
1849.00	31463.82
1850.00	30962.95
1851.00	30991.03
1852.00	30333.34
1853.00	30363.77
1854.00	30726.55
1855.00	30281.85
1856.00	30295.89
1857.00	30143.76
1858.00	29865.24
1859.00	30024.39
1860.00	30183.55
1861.00	29909.71
1862.00	29942.47
1863.00	29626.50
1864.00	30263.13
1865.00	29759.91
1866.00	30188.23
1867.00	29193.50
1868.00	29797.36
1869.00	29575.01
1870.00	29582.03
1871.00	29315.21
1872.00	28905.62
1873.00	28783.91
1874.00	29036.69
1875.00	28767.52
1876.00	28718.37
1877.00	28599.01
1878.00	28430.49
1879.00	28341.55
1880.00	28353.25
1881.00	28287.71
1882.00	28760.50
1883.00	28453.89
1884.00	28156.64
1885.00	28278.35
1886.00	27873.44
1887.00	27943.66
1888.00	27700.24
1889.00	27899.19
1890.00	27311.71
1891.00	27271.92
1892.00	27414.69
1893.00	27379.59
1894.00	27197.02
1895.00	26829.56
1896.00	26902.12
1897.00	26742.96
1898.00	27005.10
1899.00	26930.20
1900.00	26984.04
1901.00	26724.24
1902.00	26958.29
1903.00	26593.17
1904.00	26476.14
1905.00	26331.03
1906.00	26316.98
1907.00	25614.82
1908.00	25717.81
1909.00	25493.12
1910.00	25671.00
1911.00	25867.60
1912.00	25773.98
1913.00	25792.70
1914.00	25591.42
1915.00	25008.62
1916.00	25380.77
1917.00	25273.10
1918.00	25053.09
1919.00	24971.18
1920.00	25490.77
1921.00	25542.27
1922.00	25081.18
1923.00	24783.93
1924.00	24826.06
1925.00	24472.64
1926.00	24439.87
1927.00	24322.85
1928.00	23711.97
1929.00	24243.27
1930.00	24376.68
1931.00	23939.00
1932.00	23983.47
1933.00	24051.34
1934.00	24430.51
1935.00	24130.92
1936.00	24137.94
1937.00	23475.57
1938.00	23681.54
1939.00	23824.31
1940.00	23999.85
1941.00	23372.59
1942.00	23325.78
1943.00	23140.88
1944.00	23248.54
1945.00	23028.53
1946.00	22677.45
1947.00	22848.31
1948.00	22216.36
1949.00	22302.96
1950.00	22438.72
1951.00	22209.34
1952.00	22291.26
1953.00	22623.62
1954.00	22579.15
1955.00	22443.40
1956.00	22146.15
1957.00	22155.51
1958.00	21776.34
1959.00	21802.09
1960.00	21694.43
1961.00	21766.98
1962.00	21750.60
1963.00	21546.97
1964.00	21380.79
1965.00	21312.92
1966.00	21158.44
1967.00	21099.93
1968.00	20961.84
1969.00	21025.03
1970.00	20847.15
1971.00	20877.58
1972.00	20987.58
1973.00	20587.35
1974.00	20896.30
1975.00	20496.07
1976.00	20798.00
1977.00	20505.43
1978.00	20601.40
1979.00	20280.74
1980.00	20276.06
1981.00	19971.79
1982.00	20049.03
1983.00	19782.21
1984.00	20039.67
1985.00	19702.63
1986.00	19777.53
1987.00	19714.33
1988.00	19438.15
1989.00	19393.68
1990.00	19389.00
1991.00	19126.86
1992.00	19077.71
1993.00	19201.76
1994.00	19346.87
1995.00	19166.65
1996.00	19283.67
1997.00	18986.43
1998.00	18831.95
1999.00	18834.29
2000.00	18867.06
2001.00	18572.15
2002.00	18518.32
2003.00	18686.84
2004.00	18010.42
2005.00	18019.78
2006.00	18111.07
2007.00	17839.56
2008.00	17984.68
2009.00	17778.71
2010.00	17675.73
2011.00	17949.57
2012.00	18099.36
2013.00	17834.88
2014.00	17790.41
2015.00	17736.58
2016.00	17441.67
2017.00	17612.53
2018.00	17528.27
2019.00	17221.66
2020.00	17359.75
2021.00	17085.91
2022.00	17144.42
2023.00	16699.72
2024.00	16798.02
2025.00	16643.55
2026.00	16774.62
2027.00	16418.86
2028.00	16482.05
2029.00	16472.69
2030.00	16886.97
2031.00	16306.51
2032.00	16566.31
2033.00	16772.28
2034.00	16243.32
2035.00	16252.68
2036.00	15847.77
2037.00	16020.97
2038.00	15983.52
2039.00	15712.02
2040.00	15630.10
2041.00	15676.91
2042.00	15543.50
2043.00	15744.78
2044.00	15433.49
2045.00	15562.22
2046.00	15447.54
2047.00	15356.25
