0.00	1086.01
1.00	1086.01
2.00	1086.01
3.00	961.96
4.00	966.64
5.00	985.37
6.00	1008.77
7.00	943.24
8.00	976.00
9.00	980.68
10.00	931.53
11.00	861.32
12.00	901.11
13.00	1004.09
14.00	954.94
15.00	950.26
16.00	919.83
17.00	910.47
18.00	999.41
19.00	973.66
20.00	1004.09
21.00	992.39
22.00	1039.20
23.00	966.64
24.00	1144.52
25.00	1362.19
26.00	1481.56
27.00	1474.54
28.00	1490.92
29.00	1589.22
30.00	1504.96
31.00	1467.52
32.00	1551.78
33.00	1589.22
34.00	1540.07
35.00	1540.07
36.00	1507.30
37.00	1474.54
38.00	1516.67
39.00	1607.95
40.00	1593.90
41.00	1589.22
42.00	1666.46
43.00	1647.74
44.00	1657.10
45.00	1661.78
46.00	1638.38
47.00	1603.27
48.00	1689.87
49.00	1621.99
50.00	1673.48
51.00	1610.29
52.00	1694.55
53.00	1598.59
54.00	1661.78
55.00	1645.40
56.00	1612.63
57.00	1675.82
58.00	1621.99
59.00	1689.87
60.00	1661.78
61.00	1776.47
62.00	1706.25
63.00	1724.97
64.00	1722.63
65.00	1755.40
66.00	1781.15
67.00	1659.44
68.00	1713.27
69.00	1746.04
70.00	1680.50
71.00	1778.81
72.00	1783.49
73.00	1748.38
74.00	1736.68
75.00	1823.28
76.00	1881.79
77.00	1818.60
78.00	1818.60
79.00	1856.04
80.00	1874.77
81.00	1839.66
82.00	1853.70
83.00	1865.41
84.00	1860.73
85.00	1870.09
86.00	1870.09
87.00	1849.02
88.00	1783.49
89.00	1877.11
90.00	1860.73
91.00	1884.13
92.00	1961.37
93.00	1944.99
94.00	1912.22
95.00	1928.60
96.00	1874.77
97.00	1912.22
98.00	1952.01
99.00	1977.75
100.00	1942.64
101.00	1996.48
102.00	1991.80
103.00	2015.20
104.00	1952.01
105.00	2022.22
106.00	1968.39
107.00	2043.29
108.00	2015.20
109.00	2036.27
110.00	2031.58
111.00	2057.33
112.00	1966.05
113.00	2015.20
114.00	2106.48
115.00	2062.01
116.00	2036.27
117.00	2132.23
118.00	2111.16
119.00	2118.18
120.00	2134.57
121.00	2211.81
122.00	2087.76
123.00	2120.53
124.00	2186.06
125.00	2097.12
126.00	2207.13
127.00	2129.89
128.00	2143.93
129.00	2157.97
130.00	2228.19
131.00	2277.34
132.00	2221.17
133.00	2232.87
134.00	2305.43
135.00	2267.98
136.00	2342.88
137.00	2286.70
138.00	2267.98
139.00	2296.07
140.00	2296.07
141.00	2338.20
142.00	2359.26
143.00	2328.83
144.00	2321.81
145.00	2396.71
146.00	2450.54
147.00	2422.45
148.00	2382.67
149.00	2347.56
150.00	2319.47
151.00	2338.20
152.00	2469.27
153.00	2544.16
154.00	2452.88
155.00	2487.99
156.00	2471.61
157.00	2541.82
158.00	2450.54
159.00	2469.27
160.00	2483.31
161.00	2525.44
162.00	2537.14
163.00	2560.55
164.00	2502.03
165.00	2621.40
166.00	2626.08
167.00	2553.52
168.00	2532.46
169.00	2609.70
170.00	2696.30
171.00	2555.86
172.00	2661.19
173.00	2593.31
174.00	2696.30
175.00	2623.74
176.00	2689.28
177.00	2670.55
178.00	2841.41
179.00	2759.49
180.00	2761.83
181.00	2796.94
182.00	2745.45
183.00	2782.90
184.00	2916.31
185.00	2883.54
186.00	2803.96
187.00	2937.37
188.00	2822.69
189.00	2897.58
190.00	3005.25
191.00	2871.84
192.00	2928.01
193.00	3073.12
194.00	3023.97
195.00	3045.04
196.00	3023.97
197.00	2993.55
198.00	2911.63
199.00	3129.30
200.00	3119.93
201.00	3112.91
202.00	2995.89
203.00	3115.25
204.00	3204.19
205.00	3126.96
206.00	3183.13
207.00	3150.36
208.00	3286.11
209.00	3129.30
210.00	3293.13
211.00	3300.16
212.00	3213.56
213.00	3220.58
214.00	3316.54
215.00	3382.07
216.00	3435.91
217.00	3337.60
218.00	3358.67
219.00	3311.86
220.00	3276.75
221.00	3358.67
222.00	3379.73
223.00	3536.55
224.00	3585.70
225.00	3529.53
226.00	3585.70
227.00	3531.87
228.00	3571.66
229.00	3672.30
230.00	3662.94
231.00	3641.87
232.00	3751.88
233.00	3733.15
234.00	3742.52
235.00	3644.21
236.00	3824.44
237.00	3714.43
238.00	3854.86
239.00	3864.22
240.00	3829.12
241.00	3904.01
242.00	3964.87
243.00	4016.36
244.00	3967.21
245.00	4060.83
246.00	4070.19
247.00	3955.51
248.00	4102.96
249.00	4126.36
250.00	4163.81
251.00	4210.62
252.00	4210.62
253.00	4322.97
254.00	4358.08
255.00	4255.09
256.00	4280.84
257.00	4327.65
258.00	4418.93
259.00	4369.78
260.00	4472.76
261.00	4535.96
262.00	4428.29
263.00	4463.40
264.00	4454.04
265.00	4620.22
266.00	4660.01
267.00	4667.03
268.00	4699.80
269.00	4678.73
270.00	4631.92
271.00	4772.35
272.00	4760.65
273.00	4835.55
274.00	4786.40
275.00	4868.31
276.00	4896.40
277.00	4917.47
278.00	4767.67
279.00	4837.89
280.00	5167.90
281.00	5083.64
282.00	4929.17
283.00	4887.04
284.00	5076.62
285.00	5090.67
286.00	5193.65
287.00	5153.86
288.00	5093.01
289.00	5048.54
290.00	5181.95
291.00	5097.69
292.00	5198.33
293.00	5188.97
294.00	5399.62
295.00	5207.69
296.00	5219.39
297.00	5259.18
298.00	5362.17
299.00	5217.05
300.00	5385.57
301.00	5266.21
302.00	5022.79
303.00	5188.97
304.00	5320.04
305.00	5254.50
306.00	5203.01
307.00	5413.66
308.00	5200.67
309.00	5359.83
310.00	5310.68
311.00	5289.61
312.00	5474.51
313.00	5228.76
314.00	5380.89
315.00	5296.63
316.00	5383.23
317.00	5350.46
318.00	5404.30
319.00	5537.71
320.00	5486.22
321.00	5474.51
322.00	5301.31
323.00	5458.13
324.00	5549.41
325.00	5762.40
326.00	5722.61
327.00	5743.67
328.00	5750.70
329.00	5640.69
330.00	5767.08
331.00	5692.18
332.00	5528.35
333.00	5556.43
334.00	5645.37
335.00	5870.06
336.00	5764.74
337.00	6008.16
338.00	5940.28
339.00	6010.50
340.00	5898.15
341.00	6057.31
342.00	6181.35
343.00	5895.81
344.00	6108.80
345.00	6127.52
346.00	6160.29
347.00	6183.70
348.00	6169.65
349.00	6052.63
350.00	6286.68
351.00	6263.27
352.00	6272.64
353.00	6242.21
354.00	6050.28
355.00	6394.34
356.00	6183.70
357.00	6242.21
358.00	6347.53
359.00	6389.66
360.00	6293.70
361.00	6436.47
362.00	6471.58
363.00	6534.78
364.00	6511.37
365.00	6445.84
366.00	6424.77
367.00	6476.26
368.00	6492.65
369.00	6607.33
370.00	6621.38
371.00	6705.63
372.00	6597.97
373.00	6630.74
374.00	6677.55
375.00	6874.15
376.00	6789.89
377.00	6860.11
378.00	6691.59
379.00	6951.39
380.00	7052.03
381.00	6820.32
382.00	7110.55
383.00	7075.44
384.00	7098.84
385.00	7155.02
386.00	7316.51
387.00	7288.43
388.00	7119.91
389.00	7311.83
390.00	7234.60
391.00	7396.09
392.00	7419.50
393.00	7508.44
394.00	7485.03
395.00	7375.03
396.00	7566.95
397.00	7723.77
398.00	7634.83
399.00	7838.45
400.00	7840.79
401.00	7784.62
402.00	7815.05
403.00	7995.27
404.00	8093.57
405.00	7950.80
406.00	7999.95
407.00	8093.57
408.00	7836.11
409.00	7524.82
410.00	7911.01
411.00	7894.63
412.00	8273.79
413.00	8035.06
414.00	7868.88
415.00	8095.91
416.00	8039.74
417.00	8105.28
418.00	8299.54
419.00	8116.98
420.00	8138.04
421.00	8098.25
422.00	8077.19
423.00	8131.02
424.00	7934.42
425.00	8159.11
426.00	8226.98
427.00	8196.56
428.00	8093.57
429.00	8166.13
430.00	8201.24
431.00	8093.57
432.00	8280.82
433.00	8163.79
434.00	8187.19
435.00	8198.90
436.00	8313.58
437.00	8028.04
438.00	8437.63
439.00	8711.47
440.00	8552.32
441.00	8568.70
442.00	8514.87
443.00	8313.58
444.00	8376.78
445.00	8566.36
446.00	8671.68
447.00	8589.77
448.00	8531.25
449.00	8617.85
450.00	8561.68
451.00	8568.70
452.00	8861.27
453.00	8699.77
454.00	8634.24
455.00	8826.16
456.00	8629.56
457.00	8936.17
458.00	8936.17
459.00	8793.39
460.00	8657.64
461.00	9046.17
462.00	8847.22
463.00	9160.86
464.00	8732.54
465.00	9083.62
466.00	8917.44
467.00	9174.90
468.00	9018.08
469.00	9144.47
470.00	9226.39
471.00	9160.86
472.00	9160.86
473.00	9322.35
474.00	9507.26
475.00	9504.92
476.00	9518.96
477.00	9673.43
478.00	9556.41
479.00	9427.68
480.00	9635.99
481.00	9556.41
482.00	9469.81
483.00	9525.98
484.00	9577.47
485.00	9816.21
486.00	9635.99
487.00	9783.44
488.00	9949.62
489.00	9905.15
490.00	9902.81
491.00	9848.97
492.00	9958.98
493.00	9921.53
494.00	9973.02
495.00	10270.27
496.00	9933.23
497.00	9853.66
498.00	10031.54
499.00	10111.11
500.00	10202.40
501.00	10235.16
502.00	10064.30
503.00	10153.24
504.00	9989.41
505.00	10490.28
506.00	10354.53
507.00	10520.71
508.00	10693.91
509.00	10359.21
510.00	10396.66
511.00	10387.30
512.00	10623.69
513.00	10506.66
514.00	10626.03
515.00	10551.14
516.00	10281.97
517.00	10789.87
518.00	10464.54
519.00	10764.12
520.00	10516.03
521.00	10923.28
522.00	10796.89
523.00	10471.56
524.00	10979.45
525.00	10595.61
526.00	10993.50
527.00	10981.79
528.00	10991.16
529.00	10813.28
530.00	10946.69
531.00	11084.78
532.00	11105.84
533.00	10939.66
534.00	10841.36
535.00	11110.52
536.00	11145.63
537.00	10925.62
538.00	11157.33
539.00	11316.49
540.00	11096.48
541.00	11166.70
542.00	11009.88
543.00	11325.85
544.00	11302.45
545.00	11644.17
546.00	11592.67
547.00	11332.87
548.00	11386.71
549.00	11456.92
550.00	11667.57
551.00	11625.44
552.00	11606.72
553.00	11690.98
554.00	11639.48
555.00	11686.29
556.00	11885.24
557.00	11655.87
558.00	11861.84
559.00	11922.69
560.00	11941.41
561.00	12201.21
562.00	12241.00
563.00	12147.38
564.00	12217.60
565.00	12283.13
566.00	12248.02
567.00	12641.23
568.00	12259.73
569.00	12451.65
570.00	12194.19
571.00	12327.60
572.00	12727.83
573.00	12437.61
574.00	12718.47
575.00	12716.13
576.00	13050.83
577.00	12945.50
578.00	13111.68
579.00	12896.35
580.00	13158.49
581.00	13062.53
582.00	13291.90
583.00	13397.23
584.00	13198.28
585.00	13518.93
586.00	13724.90
587.00	13668.73
588.00	13841.93
589.00	13640.64
590.00	14080.66
591.00	13874.70
592.00	13933.21
593.00	14277.27
594.00	14277.27
595.00	14129.81
596.00	14670.48
597.00	14991.13
598.00	14618.99
599.00	14618.99
600.00	14862.40
601.00	15068.37
602.00	15260.29
603.00	15293.06
604.00	15225.18
605.00	15412.43
606.00	16056.08
607.00	15538.82
608.00	15871.17
609.00	15772.87
610.00	15676.91
611.00	16194.17
612.00	15962.45
613.00	16311.19
614.00	16299.49
615.00	16706.74
616.00	16592.06
617.00	16762.92
618.00	16783.98
619.00	17158.47
620.00	16961.86
621.00	17263.79
622.00	17558.70
623.00	17493.16
624.00	17886.37
625.00	17415.93
626.00	17872.33
627.00	17919.14
628.00	17795.09
629.00	18263.20
630.00	18611.94
631.00	18647.05
632.00	18356.82
633.00	18553.43
634.00	18979.40
635.00	19262.61
636.00	19049.62
637.00	19157.28
638.00	19566.88
639.00	19461.55
640.00	19711.99
641.00	19892.21
642.00	19761.14
643.00	20159.03
644.00	20336.91
645.00	20411.81
646.00	20294.79
647.00	20596.71
648.00	20783.96
649.00	20741.83
650.00	21081.21
651.00	21532.93
652.00	21369.09
653.00	21359.73
654.00	21858.26
655.00	21865.28
656.00	22174.24
657.00	22171.89
658.00	22429.35
659.00	22265.52
660.00	22824.90
661.00	22677.45
662.00	22857.67
663.00	23215.77
664.00	23241.52
665.00	23391.31
666.00	23599.62
667.00	23707.29
668.00	23704.95
669.00	23545.79
670.00	24039.64
671.00	23969.43
672.00	24095.82
673.00	24381.36
674.00	24449.24
675.00	24484.34
676.00	24692.65
677.00	24952.45
678.00	24652.86
679.00	25163.10
680.00	25303.53
681.00	25387.79
682.00	25614.82
683.00	25638.23
684.00	26134.42
685.00	25956.54
686.00	26272.51
687.00	26544.02
688.00	26391.88
689.00	26279.54
690.00	26661.04
691.00	26757.00
692.00	26572.10
693.00	27023.83
694.00	27653.43
695.00	27445.12
696.00	27608.96
697.00	26986.38
698.00	27491.93
699.00	28325.16
700.00	27976.42
701.00	27880.46
702.00	28280.69
703.00	28180.05
704.00	28425.81
705.00	28767.52
706.00	28402.40
707.00	29130.31
708.00	29167.76
709.00	29191.16
710.00	29340.96
711.00	29256.70
712.00	29174.78
713.00	29303.51
714.00	29509.47
715.00	29584.37
716.00	29961.20
717.00	29855.87
718.00	30094.61
719.00	30085.25
720.00	30052.48
721.00	30340.36
722.00	30600.16
723.00	30314.62
724.00	30841.24
725.00	31257.85
726.00	30822.51
727.00	30726.55
728.00	31180.62
729.00	30775.70
730.00	30780.39
731.00	31232.11
732.00	31409.99
733.00	31477.86
734.00	31562.12
735.00	31201.68
736.00	31405.31
737.00	31428.71
738.00	32421.10
739.00	31842.99
740.00	31892.14
741.00	32135.56
742.00	31878.10
743.00	31845.33
744.00	32329.82
745.00	32758.14
746.00	32914.95
747.00	32596.64
748.00	32769.84
749.00	33029.64
750.00	32793.25
751.00	33177.09
752.00	32718.35
753.00	33193.48
754.00	33582.01
755.00	33336.25
756.00	33626.48
757.00	33703.71
758.00	33787.97
759.00	33282.42
760.00	33867.55
761.00	33759.89
762.00	34319.28
763.00	33706.05
764.00	34106.29
765.00	34471.41
766.00	34312.25
767.00	34602.48
768.00	34728.87
769.00	34869.30
770.00	34749.93
771.00	34873.98
772.00	34703.12
773.00	34965.26
774.00	34962.92
775.00	35096.33
776.00	35262.51
777.00	35152.51
778.00	35871.05
779.00	35615.93
780.00	36062.97
781.00	35562.10
782.00	35552.74
783.00	35531.67
784.00	35679.13
785.00	36140.21
786.00	35974.03
787.00	36011.48
788.00	36182.34
789.00	36353.20
790.00	36140.21
791.00	36488.95
792.00	37095.15
793.00	36659.81
794.00	37509.43
795.00	37186.43
796.00	36779.18
797.00	36790.88
798.00	36968.76
799.00	37315.16
800.00	37141.96
801.00	37413.46
802.00	37212.18
803.00	37581.98
804.00	37200.47
805.00	37422.83
806.00	37652.20
807.00	37661.56
808.00	37406.44
809.00	38522.88
810.00	38426.92
811.00	38146.05
812.00	38335.63
813.00	37989.24
814.00	38092.22
815.00	38022.00
816.00	38698.42
817.00	38520.54
818.00	38745.23
819.00	38724.16
820.00	38632.88
821.00	38689.06
822.00	38405.85
823.00	38754.59
824.00	38962.90
825.00	38995.67
826.00	39079.92
827.00	39262.49
828.00	39225.04
829.00	39431.01
830.00	39021.41
831.00	39306.96
832.00	39016.73
833.00	39421.64
834.00	39491.86
835.00	39519.95
836.00	39756.34
837.00	39751.66
838.00	39679.10
839.00	39449.73
840.00	39952.94
841.00	40240.83
842.00	40196.36
843.00	40016.14
844.00	40395.31
845.00	40577.87
846.00	40458.50
847.00	40409.35
848.00	40418.71
849.00	40973.42
850.00	40882.14
851.00	40421.05
852.00	41104.49
853.00	40734.68
854.00	41148.96
855.00	40987.46
856.00	40858.73
857.00	41221.52
858.00	41631.11
859.00	41483.66
860.00	41752.82
861.00	41361.95
862.00	41359.61
863.00	41855.80
864.00	41315.14
865.00	41504.72
866.00	41834.74
867.00	41965.81
868.00	42351.99
869.00	42143.69
870.00	42080.49
871.00	41996.23
872.00	41928.36
873.00	42148.37
874.00	42321.57
875.00	42188.16
876.00	42160.07
877.00	42426.89
878.00	42691.37
879.00	42024.32
880.00	42522.85
881.00	42567.32
882.00	42693.71
883.00	42476.04
884.00	42836.48
885.00	42782.65
886.00	42611.79
887.00	42916.06
888.00	42820.10
889.00	42595.41
890.00	42740.52
891.00	42763.93
892.00	43206.29
893.00	43157.14
894.00	43072.88
895.00	43257.78
896.00	43365.45
897.00	42958.19
898.00	43395.87
899.00	43395.87
900.00	43716.53
901.00	43962.28
902.00	43842.92
903.00	43590.14
904.00	43555.03
905.00	43861.64
906.00	43735.25
907.00	43639.29
908.00	43971.64
909.00	44018.46
910.00	43957.60
911.00	44425.71
912.00	44250.17
913.00	43882.70
914.00	43971.64
915.00	43393.53
916.00	44598.91
917.00	44751.04
918.00	44758.06
919.00	44612.95
920.00	44140.16
921.00	44626.99
922.00	44804.88
923.00	44718.28
924.00	44088.67
925.00	45008.50
926.00	44430.39
927.00	44900.84
928.00	45050.63
929.00	45162.98
930.00	45432.14
931.00	45123.19
932.00	44767.43
933.00	45303.41
934.00	44994.46
935.00	44865.73
936.00	44783.81
937.00	45380.65
938.00	45523.42
939.00	45191.06
940.00	45305.75
941.00	45670.87
942.00	45214.47
943.00	45336.18
944.00	45790.24
945.00	45514.06
946.00	45780.88
947.00	46099.19
948.00	45375.97
949.00	45799.60
950.00	45710.66
951.00	46461.97
952.00	45855.78
953.00	46010.25
954.00	45806.62
955.00	46185.79
956.00	45645.13
957.00	45652.15
958.00	46185.79
959.00	46082.81
960.00	46045.36
961.00	45722.37
962.00	46120.26
963.00	46218.56
964.00	46443.25
965.00	46646.88
966.00	46623.47
967.00	46878.59
968.00	46621.13
969.00	46384.74
970.00	46270.05
971.00	46628.15
972.00	47098.60
973.00	47058.81
974.00	47140.73
975.00	47512.88
976.00	47606.50
977.00	46894.97
978.00	46487.72
979.00	46679.64
980.00	47309.25
981.00	47290.52
982.00	47517.56
983.00	47023.70
984.00	47538.62
985.00	47725.86
986.00	47330.31
987.00	47147.75
988.00	46777.95
989.00	47618.20
990.00	47309.25
991.00	47224.99
992.00	47248.39
993.00	47545.64
994.00	47477.77
995.00	48027.79
996.00	47739.91
997.00	47480.11
998.00	47533.94
999.00	47536.28
1000.00	47814.80
1001.00	47718.84
1002.00	47814.80
1003.00	47679.05
1004.00	47927.15
1005.00	47707.14
1006.00	47959.92
1007.00	47763.31
1008.00	47613.52
1009.00	48179.93
1010.00	47592.45
1011.00	48119.07
1012.00	48362.49
1013.00	48093.33
1014.00	47775.02
1015.00	48264.19
1016.00	48062.90
1017.00	47777.36
1018.00	48168.22
1019.00	48526.33
1020.00	48458.45
1021.00	48053.54
1022.00	48406.96
1023.00	47894.38
1024.00	48596.54
1025.00	48006.73
1026.00	48556.75
1027.00	48090.99
1028.00	48582.50
1029.00	48685.48
1030.00	48755.70
1031.00	48788.47
1032.00	49256.57
1033.00	48849.32
1034.00	48603.56
1035.00	48446.75
1036.00	48484.20
1037.00	48669.10
1038.00	48795.49
1039.00	48809.53
1040.00	48940.60
1041.00	49277.64
1042.00	48949.96
1043.00	49298.70
1044.00	48626.97
1045.00	49336.15
1046.00	49301.04
1047.00	48790.81
1048.00	48809.53
1049.00	49209.76
1050.00	48865.70
1051.00	49191.04
1052.00	49329.13
1053.00	49258.91
1054.00	49074.01
1055.00	48889.11
1056.00	49034.22
1057.00	49177.00
1058.00	49155.93
1059.00	49202.74
1060.00	49308.07
1061.00	49502.33
1062.00	49682.55
1063.00	49387.64
1064.00	49502.33
1065.00	49153.59
1066.00	49081.03
1067.00	49411.05
1068.00	49350.20
1069.00	49373.60
1070.00	49471.90
1071.00	49539.78
1072.00	49443.82
1073.00	49701.28
1074.00	49134.87
1075.00	49724.68
1076.00	49748.09
1077.00	49268.28
1078.00	49689.57
1079.00	49797.24
1080.00	49925.97
1081.00	49755.11
1082.00	50024.27
1083.00	49593.61
1084.00	49539.78
1085.00	49397.01
1086.00	49354.88
1087.00	49247.21
1088.00	49635.74
1089.00	50005.55
1090.00	50026.61
1091.00	49942.35
1092.00	49865.11
1093.00	49963.42
1094.00	49675.53
1095.00	49687.23
1096.00	49925.97
1097.00	49710.64
1098.00	49691.91
1099.00	50234.92
1100.00	49804.26
1101.00	50202.15
1102.00	49567.87
1103.00	49605.31
1104.00	49930.65
1105.00	49804.26
1106.00	49717.66
1107.00	49471.90
1108.00	49654.47
1109.00	50012.57
1110.00	50160.02
1111.00	50490.04
1112.00	49879.16
1113.00	50361.31
1114.00	50148.32
1115.00	49954.05
1116.00	49804.26
1117.00	49567.87
1118.00	50197.47
1119.00	49958.73
1120.00	50028.95
1121.00	50080.44
1122.00	50035.97
1123.00	49972.78
1124.00	50031.29
1125.00	49736.38
1126.00	49586.59
1127.00	49727.02
1128.00	50117.89
1129.00	49890.86
1130.00	49904.90
1131.00	49928.31
1132.00	49848.73
1133.00	50192.79
1134.00	49972.78
1135.00	49881.50
1136.00	49605.31
1137.00	49790.22
1138.00	49483.61
1139.00	49764.47
1140.00	50066.40
1141.00	49982.14
1142.00	50080.44
1143.00	49944.69
1144.00	50148.32
1145.00	50436.20
1146.00	50241.94
1147.00	50061.72
1148.00	49757.45
1149.00	49951.71
1150.00	50190.45
1151.00	50078.10
1152.00	49991.50
1153.00	50454.93
1154.00	50337.90
1155.00	49858.09
1156.00	50003.20
1157.00	49790.22
1158.00	49818.30
1159.00	49930.65
1160.00	50124.91
1161.00	50021.93
1162.00	50234.92
1163.00	49865.11
1164.00	50138.96
1165.00	50225.56
1166.00	50129.59
1167.00	49825.32
1168.00	50005.55
1169.00	49902.56
1170.00	49504.67
1171.00	49415.73
1172.00	50337.90
1173.00	49986.82
1174.00	50286.41
1175.00	50241.94
1176.00	50162.36
1177.00	50103.85
1178.00	50106.19
1179.00	49645.10
1180.00	49595.95
1181.00	49715.32
1182.00	50183.43
1183.00	49979.80
1184.00	50241.94
1185.00	50337.90
1186.00	50354.29
1187.00	50595.36
1188.00	50103.85
1189.00	50057.04
1190.00	49734.04
1191.00	49879.16
1192.00	49822.98
1193.00	49790.22
1194.00	49947.03
1195.00	50071.08
1196.00	49996.18
1197.00	50141.30
1198.00	50220.87
1199.00	49975.12
1200.00	50188.11
1201.00	49787.88
1202.00	49968.10
1203.00	49497.65
1204.00	50028.95
1205.00	49970.44
1206.00	50071.08
1207.00	50316.84
1208.00	49968.10
1209.00	49986.82
1210.00	50136.62
1211.00	50014.91
1212.00	50003.20
1213.00	49696.59
1214.00	49745.75
1215.00	49745.75
1216.00	50129.59
1217.00	50162.36
1218.00	49832.35
1219.00	49897.88
1220.00	50155.34
1221.00	50028.95
1222.00	49619.36
1223.00	50258.32
1224.00	49794.90
1225.00	49897.88
1226.00	50213.85
1227.00	49752.77
1228.00	49996.18
1229.00	49553.82
1230.00	50564.93
1231.00	50031.29
1232.00	49893.20
1233.00	50368.33
1234.00	49558.50
1235.00	49743.41
1236.00	49970.44
1237.00	49705.96
1238.00	49628.72
1239.00	50288.75
1240.00	50447.91
1241.00	50019.59
1242.00	50429.18
1243.00	49916.61
1244.00	49944.69
1245.00	49984.48
1246.00	50038.31
1247.00	49778.51
1248.00	49961.08
1249.00	49574.89
1250.00	49799.58
1251.00	50014.91
1252.00	50337.90
1253.00	50597.70
1254.00	50230.24
1255.00	50375.35
1256.00	50553.23
1257.00	50073.42
1258.00	50019.59
1259.00	49954.05
1260.00	49762.13
1261.00	50085.12
1262.00	50190.45
1263.00	50103.85
1264.00	50649.19
1265.00	50351.94
1266.00	50578.98
1267.00	50419.82
1268.00	50279.39
1269.00	50373.01
1270.00	50281.73
1271.00	49645.10
1272.00	50066.40
1273.00	49970.44
1274.00	49801.92
1275.00	50740.47
1276.00	50124.91
1277.00	50356.63
1278.00	50124.91
1279.00	50272.37
1280.00	50391.73
1281.00	50260.66
1282.00	50120.23
1283.00	49900.22
1284.00	49832.35
1285.00	49832.35
1286.00	50370.67
1287.00	50082.78
1288.00	50384.71
1289.00	50223.22
1290.00	50057.04
1291.00	49996.18
1292.00	50153.00
1293.00	50220.87
1294.00	49860.43
1295.00	49586.59
1296.00	49851.07
1297.00	50110.87
1298.00	50244.28
1299.00	50323.86
1300.00	50263.00
1301.00	50295.77
1302.00	50333.22
1303.00	50454.93
1304.00	50195.13
1305.00	49979.80
1306.00	50096.83
1307.00	49698.94
1308.00	49832.35
1309.00	50447.91
1310.00	49989.16
1311.00	50361.31
1312.00	50134.28
1313.00	50576.64
1314.00	50021.93
1315.00	50026.61
1316.00	49923.63
1317.00	50314.50
1318.00	49986.82
1319.00	49720.00
1320.00	50064.06
1321.00	50286.41
1322.00	50190.45
1323.00	50443.23
1324.00	50211.51
1325.00	50555.57
1326.00	50197.47
1327.00	50319.18
1328.00	50089.80
1329.00	50349.60
1330.00	50171.72
1331.00	49464.88
1332.00	49968.10
1333.00	50120.23
1334.00	49993.84
1335.00	50202.15
1336.00	50347.26
1337.00	50234.92
1338.00	50164.70
1339.00	50028.95
1340.00	49972.78
1341.00	50031.29
1342.00	50291.09
1343.00	49528.08
1344.00	49958.73
1345.00	49991.50
1346.00	49813.62
1347.00	50157.68
1348.00	50328.54
1349.00	49668.51
1350.00	50174.06
1351.00	49982.14
1352.00	49897.88
1353.00	49198.06
1354.00	49542.12
1355.00	49794.90
1356.00	49773.83
1357.00	49602.97
1358.00	49773.83
1359.00	49991.50
1360.00	50017.25
1361.00	50087.46
1362.00	49516.37
1363.00	50061.72
1364.00	50010.23
1365.00	49537.44
1366.00	49333.81
1367.00	49317.43
1368.00	49574.89
1369.00	49195.72
1370.00	49635.74
1371.00	49649.78
1372.00	49453.18
1373.00	49731.70
1374.00	50286.41
1375.00	49237.85
1376.00	49546.80
1377.00	49633.40
1378.00	49411.05
1379.00	49364.24
1380.00	49301.04
1381.00	49148.91
1382.00	49095.08
1383.00	49420.41
1384.00	49343.17
1385.00	49221.47
1386.00	49598.29
1387.00	49542.12
1388.00	49514.03
1389.00	48905.49
1390.00	48978.05
1391.00	49441.48
1392.00	49113.80
1393.00	48802.51
1394.00	48776.76
1395.00	48971.03
1396.00	48992.09
1397.00	49382.96
1398.00	49240.19
1399.00	49305.73
1400.00	49125.50
1401.00	49312.75
1402.00	48917.20
1403.00	48870.39
1404.00	48659.74
1405.00	48215.04
1406.00	48917.20
1407.00	48769.74
1408.00	48842.30
1409.00	48622.29
1410.00	48835.28
1411.00	49024.86
1412.00	48795.49
1413.00	48924.22
1414.00	48563.78
1415.00	48404.62
1416.00	48428.02
1417.00	48825.92
1418.00	48610.59
1419.00	48500.58
1420.00	48449.09
1421.00	48435.05
1422.00	48364.83
1423.00	48568.46
1424.00	48491.22
1425.00	48339.08
1426.00	48315.68
1427.00	48219.72
1428.00	48278.23
1429.00	48055.88
1430.00	48060.56
1431.00	47859.27
1432.00	48018.43
1433.00	48198.65
1434.00	47856.93
1435.00	48540.37
1436.00	48453.77
1437.00	47941.19
1438.00	47772.67
1439.00	48198.65
1440.00	48013.75
1441.00	47990.34
1442.00	47597.13
1443.00	48065.24
1444.00	47690.76
1445.00	47632.24
1446.00	47412.23
1447.00	48030.13
1448.00	47477.77
1449.00	47100.94
1450.00	47674.37
1451.00	47545.64
1452.00	47875.66
1453.00	48105.03
1454.00	47718.84
1455.00	47505.85
1456.00	47452.02
1457.00	47356.06
1458.00	47098.60
1459.00	47805.44
1460.00	47445.00
1461.00	47360.74
1462.00	47409.89
1463.00	47068.17
1464.00	47775.02
1465.00	47812.46
1466.00	47166.48
1467.00	47545.64
1468.00	47217.97
1469.00	46883.27
1470.00	47222.65
1471.00	47063.49
1472.00	46810.71
1473.00	47124.35
1474.00	46541.55
1475.00	46794.33
1476.00	46621.13
1477.00	46937.10
1478.00	46916.04
1479.00	47175.84
1480.00	47304.57
1481.00	46754.54
1482.00	46770.93
1483.00	46604.75
1484.00	46808.37
1485.00	46789.65
1486.00	46298.14
1487.00	46183.45
1488.00	46302.82
1489.00	46766.24
1490.00	46705.39
1491.00	46302.82
1492.00	46665.60
1493.00	46417.50
1494.00	46616.45
1495.00	46288.77
1496.00	45925.99
1497.00	45827.69
1498.00	46050.04
1499.00	46012.59
1500.00	46096.85
1501.00	46564.96
1502.00	46225.58
1503.00	46124.94
1504.00	46033.66
1505.00	46576.66
1506.00	46387.08
1507.00	46347.29
1508.00	46307.50
1509.00	46005.57
1510.00	45603.00
1511.00	45942.38
1512.00	45071.70
1513.00	45177.02
1514.00	45656.83
1515.00	45811.31
1516.00	45413.41
1517.00	45427.46
1518.00	45799.60
1519.00	45617.04
1520.00	45558.53
1521.00	46033.66
1522.00	45432.14
1523.00	45261.28
1524.00	45801.94
1525.00	45507.04
1526.00	45031.91
1527.00	45333.84
1528.00	45261.28
1529.00	45329.16
1530.00	44776.79
1531.00	45354.90
1532.00	45141.91
1533.00	45464.91
1534.00	45310.43
1535.00	45518.74
1536.00	45329.16
1537.00	45162.98
1538.00	44966.37
1539.00	45008.50
1540.00	44884.45
1541.00	44507.63
1542.00	44905.52
1543.00	44610.61
1544.00	44769.77
1545.00	44631.68
1546.00	44411.67
1547.00	45209.79
1548.00	44629.34
1549.00	44762.75
1550.00	44734.66
1551.00	44573.16
1552.00	44378.90
1553.00	44402.30
1554.00	44299.32
1555.00	44306.34
1556.00	43835.89
1557.00	44257.19
1558.00	44589.55
1559.00	44112.08
1560.00	44072.29
1561.00	44236.12
1562.00	44580.18
1563.00	44449.11
1564.00	44313.36
1565.00	43978.67
1566.00	43784.40
1567.00	43990.37
1568.00	43983.35
1569.00	43952.92
1570.00	43576.09
1571.00	43924.83
1572.00	43711.84
1573.00	43566.73
1574.00	43709.50
1575.00	43632.27
1576.00	43838.23
1577.00	44112.08
1578.00	44100.37
1579.00	43625.25
1580.00	43447.36
1581.00	43601.84
1582.00	43449.70
1583.00	43445.02
1584.00	43430.98
1585.00	43461.41
1586.00	43276.51
1587.00	43072.88
1588.00	42997.98
1589.00	43871.00
1590.00	43222.67
1591.00	43791.42
1592.00	43194.59
1593.00	43393.53
1594.00	43175.86
1595.00	43597.16
1596.00	42906.70
1597.00	43335.02
1598.00	42777.97
1599.00	42859.89
1600.00	43206.29
1601.00	42906.70
1602.00	42794.36
1603.00	42972.24
1604.00	42944.15
1605.00	43159.48
1606.00	42593.07
1607.00	42916.06
1608.00	42663.28
1609.00	42454.98
1610.00	42410.51
1611.00	42237.31
1612.00	42394.12
1613.00	42384.76
1614.00	42656.26
1615.00	42738.18
1616.00	42836.48
1617.00	42454.98
1618.00	42136.66
1619.00	42462.00
1620.00	42841.17
1621.00	42843.51
1622.00	42848.19
1623.00	42628.18
1624.00	42363.70
1625.00	42459.66
1626.00	42464.34
1627.00	42220.92
1628.00	42337.95
1629.00	42239.65
1630.00	42050.06
1631.00	42234.97
1632.00	41937.72
1633.00	42234.97
1634.00	42351.99
1635.00	42150.71
1636.00	42265.39
1637.00	42192.84
1638.00	42246.67
1639.00	41642.81
1640.00	41713.03
1641.00	41703.67
1642.00	41375.99
1643.00	41617.07
1644.00	41820.69
1645.00	41745.80
1646.00	41394.71
1647.00	41771.54
1648.00	41794.95
1649.00	41928.36
1650.00	41635.79
1651.00	41823.03
1652.00	41340.88
1653.00	41947.08
1654.00	41581.96
1655.00	41722.39
1656.00	41387.69
1657.00	41064.70
1658.00	41057.68
1659.00	41153.64
1660.00	41120.87
1661.00	41333.86
1662.00	40650.42
1663.00	40797.88
1664.00	41331.52
1665.00	41174.70
1666.00	41504.72
1667.00	41310.46
1668.00	41305.77
1669.00	40940.65
1670.00	41104.49
1671.00	40945.33
1672.00	40891.50
1673.00	40573.19
1674.00	40470.20
1675.00	40779.15
1676.00	40938.31
1677.00	40795.54
1678.00	40893.84
1679.00	40615.32
1680.00	40514.67
1681.00	40863.41
1682.00	40610.64
1683.00	40631.70
1684.00	40917.25
1685.00	40446.80
1686.00	40261.90
1687.00	40168.27
1688.00	40266.58
1689.00	40399.99
1690.00	40348.50
1691.00	40165.93
1692.00	40528.72
1693.00	40091.04
1694.00	40439.78
1695.00	40570.85
1696.00	39924.86
1697.00	40205.72
1698.00	40540.42
1699.00	40254.87
1700.00	40067.63
1701.00	40013.80
1702.00	39969.33
1703.00	40069.97
1704.00	39648.68
1705.00	40025.50
1706.00	39718.89
1707.00	39494.20
1708.00	39541.01
1709.00	39379.51
1710.00	39590.16
1711.00	39208.65
1712.00	39372.49
1713.00	39482.50
1714.00	39419.30
1715.00	39700.17
1716.00	39531.65
1717.00	39196.95
1718.00	39136.10
1719.00	39590.16
1720.00	38796.72
1721.00	39147.80
1722.00	38806.08
1723.00	38944.17
1724.00	39131.42
1725.00	38422.23
1726.00	38649.27
1727.00	38518.20
1728.00	38607.14
1729.00	38312.23
1730.00	39075.24
1731.00	38546.28
1732.00	38501.81
1733.00	38181.16
1734.00	38263.08
1735.00	38548.62
1736.00	37827.74
1737.00	37872.21
1738.00	37921.36
1739.00	37736.46
1740.00	38033.71
1741.00	38087.54
1742.00	38272.44
1743.00	37839.44
1744.00	38176.48
1745.00	37663.90
1746.00	37675.60
1747.00	37900.29
1748.00	37476.66
1749.00	37982.21
1750.00	37755.18
1751.00	37408.78
1752.00	37670.92
1753.00	37109.19
1754.00	36671.51
1755.00	36748.75
1756.00	37095.15
1757.00	37092.81
1758.00	36973.44
1759.00	37010.89
1760.00	37333.89
1761.00	37230.90
1762.00	37097.49
1763.00	36924.29
1764.00	36996.85
1765.00	36907.91
1766.00	36856.42
1767.00	36517.04
1768.00	36264.26
1769.00	36325.11
1770.00	36402.35
1771.00	36442.14
1772.00	36444.48
1773.00	36868.12
1774.00	36294.69
1775.00	36418.74
1776.00	35665.08
1777.00	36086.38
1778.00	35974.03
1779.00	36198.73
1780.00	36446.82
1781.00	36053.61
1782.00	35906.16
1783.00	35786.79
1784.00	35328.05
1785.00	35700.19
1786.00	35196.98
1787.00	35030.80
1788.00	35192.30
1789.00	35185.27
1790.00	35218.04
1791.00	35299.96
1792.00	35290.60
1793.00	34979.31
1794.00	35061.22
1795.00	35035.48
1796.00	34986.33
1797.00	35283.58
1798.00	34817.81
1799.00	34983.99
1800.00	35051.86
1801.00	34876.32
1802.00	34817.81
1803.00	34218.63
1804.00	34572.05
1805.00	34338.00
1806.00	34279.49
1807.00	34253.74
1808.00	34426.94
1809.00	34394.17
1810.00	33816.06
1811.00	34038.41
1812.00	34164.80
1813.00	33797.34
1814.00	33713.08
1815.00	33720.10
1816.00	33486.04
1817.00	33687.33
1818.00	33432.21
1819.00	33439.23
1820.00	33610.09
1821.00	33394.76
1822.00	33125.60
1823.00	32835.38
1824.00	33015.60
1825.00	32975.81
1826.00	32840.06
1827.00	33244.97
1828.00	33350.29
1829.00	32467.91
1830.00	32786.22
1831.00	31742.35
1832.00	33022.62
1833.00	32793.25
1834.00	32643.45
1835.00	32367.27
1836.00	32196.41
1837.00	31669.79
1838.00	31697.88
1839.00	32004.49
1840.00	31508.29
1841.00	31466.16
1842.00	31304.67
1843.00	31550.42
1844.00	30843.58
1845.00	31641.70
1846.00	31079.97
1847.00	31332.75
1848.00	30866.98
1849.00	30862.30
1850.00	30934.86
1851.00	31033.16
1852.00	30686.76
1853.00	30752.30
1854.00	30590.80
1855.00	29937.79
1856.00	30188.23
1857.00	30183.55
1858.00	29949.50
1859.00	30059.50
1860.00	29778.64
1861.00	29895.66
1862.00	30153.12
1863.00	29977.58
1864.00	29898.00
1865.00	29729.48
1866.00	29670.97
1867.00	29982.26
1868.00	29383.09
1869.00	29350.32
1870.00	29139.67
1871.00	29244.99
1872.00	29099.88
1873.00	29198.18
1874.00	28910.30
1875.00	28498.36
1876.00	28826.04
1877.00	28343.89
1878.00	28355.59
1879.00	28128.56
1880.00	28250.27
1881.00	28795.61
1882.00	28503.04
1883.00	28318.14
1884.00	28678.58
1885.00	27943.66
1886.00	27976.42
1887.00	27894.50
1888.00	27669.81
1889.00	27679.18
1890.00	27793.86
1891.00	27407.67
1892.00	27133.83
1893.00	27456.82
1894.00	27009.78
1895.00	27077.66
1896.00	26719.56
1897.00	26586.15
1898.00	26677.43
1899.00	27108.08
1900.00	27168.94
1901.00	26569.76
1902.00	26686.79
1903.00	26387.20
1904.00	26389.54
1905.00	25869.94
1906.00	26307.62
1907.00	25975.27
1908.00	25579.71
1909.00	25656.95
1910.00	25436.94
1911.00	25678.02
1912.00	25663.97
1913.00	25771.64
1914.00	25600.78
1915.00	25635.89
1916.00	25476.73
1917.00	25221.61
1918.00	25165.44
1919.00	24971.18
1920.00	25458.01
1921.00	25345.66
1922.00	25013.31
1923.00	24790.95
1924.00	24732.44
1925.00	24634.14
1926.00	24463.28
1927.00	24081.77
1928.00	24128.58
1929.00	24212.84
1930.00	24219.86
1931.00	24116.88
1932.00	23960.06
1933.00	23885.17
1934.00	24226.89
1935.00	24313.48
1936.00	24402.43
1937.00	23747.08
1938.00	23946.02
1939.00	23960.06
1940.00	23695.58
1941.00	23674.52
1942.00	23314.08
1943.00	23152.58
1944.00	23253.22
1945.00	22611.92
1946.00	22895.12
1947.00	22742.99
1948.00	22026.78
1949.00	22375.52
1950.00	22352.12
1951.00	22363.82
1952.00	22476.16
1953.00	22302.96
1954.00	22527.66
1955.00	22490.21
1956.00	22501.91
1957.00	22616.60
1958.00	21935.50
1959.00	21977.63
1960.00	21942.52
1961.00	21640.59
1962.00	21654.64
1963.00	21544.63
1964.00	21628.89
1965.00	21226.32
1966.00	21193.55
1967.00	21221.64
1968.00	20800.34
1969.00	20940.77
1970.00	20978.22
1971.00	21092.91
1972.00	20938.43
1973.00	20779.28
1974.00	20765.23
1975.00	20585.01
1976.00	20671.61
1977.00	20407.13
1978.00	20439.90
1979.00	20477.35
1980.00	20311.17
1981.00	20006.90
1982.00	20074.77
1983.00	19910.94
1984.00	19917.96
1985.00	19754.12
1986.00	19578.58
1987.00	19337.51
1988.00	19367.93
1989.00	19234.52
1990.00	18850.67
1991.00	19286.01
1992.00	18979.40
1993.00	18939.62
1994.00	19066.00
1995.00	19213.46
1996.00	19211.12
1997.00	18726.63
1998.00	18902.17
1999.00	18934.93
2000.00	18562.79
2001.00	18218.73
2002.00	18319.37
2003.00	18249.16
2004.00	18424.70
2005.00	18143.83
2006.00	17898.08
2007.00	17914.46
2008.00	17841.90
2009.00	17666.36
2010.00	17839.56
2011.00	17827.86
2012.00	17645.30
2013.00	17937.87
2014.00	17539.97
2015.00	17605.51
2016.00	17322.30
2017.00	17547.00
2018.00	17509.55
2019.00	17432.31
2020.00	17254.43
2021.00	17139.74
2022.00	17043.78
2023.00	16879.94
2024.00	16615.46
2025.00	16730.15
2026.00	16519.50
2027.00	16545.25
2028.00	16706.74
2029.00	16631.85
2030.00	16482.05
2031.00	16601.42
2032.00	16273.74
2033.00	16397.79
2034.00	16294.81
2035.00	16105.23
2036.00	16168.42
2037.00	15997.56
2038.00	16168.42
2039.00	15957.77
2040.00	15843.09
2041.00	15606.69
2042.00	15805.64
2043.00	15384.34
2044.00	15426.47
2045.00	15571.58
2046.00	15351.57
2047.00	15339.87
