0.00	1039.20
1.00	1039.20
2.00	1039.20
3.00	957.28
4.00	947.92
5.00	950.26
6.00	947.92
7.00	952.60
8.00	940.90
9.00	908.13
10.00	898.77
11.00	952.60
12.00	980.68
13.00	945.58
14.00	940.90
15.00	919.83
16.00	926.85
17.00	968.98
18.00	961.96
19.00	976.00
20.00	992.39
21.00	1027.50
22.00	903.45
23.00	1027.50
24.00	1083.67
25.00	1392.62
26.00	1432.41
27.00	1493.26
28.00	1511.99
29.00	1469.86
30.00	1472.20
31.00	1423.05
32.00	1483.90
33.00	1549.43
34.00	1533.05
35.00	1547.09
36.00	1603.27
37.00	1579.86
38.00	1575.18
39.00	1511.99
40.00	1652.42
41.00	1600.93
42.00	1614.97
43.00	1530.71
44.00	1650.08
45.00	1621.99
46.00	1636.03
47.00	1643.06
48.00	1577.52
49.00	1612.63
50.00	1673.48
51.00	1708.59
52.00	1659.44
53.00	1682.85
54.00	1687.53
55.00	1696.89
56.00	1624.33
57.00	1696.89
58.00	1727.32
59.00	1701.57
60.00	1626.67
61.00	1755.40
62.00	1748.38
63.00	1710.93
64.00	1678.16
65.00	1692.21
66.00	1776.47
67.00	1781.15
68.00	1785.83
69.00	1757.74
70.00	1715.61
71.00	1827.96
72.00	1839.66
73.00	1703.91
74.00	1825.62
75.00	1781.15
76.00	1741.36
77.00	1767.10
78.00	1851.36
79.00	1781.15
80.00	1879.45
81.00	1741.36
82.00	1778.81
83.00	1689.87
84.00	1851.36
85.00	1806.89
86.00	1842.00
87.00	1853.70
88.00	1853.70
89.00	1954.35
90.00	1893.49
91.00	1928.60
92.00	1949.67
93.00	1916.90
94.00	1886.47
95.00	1940.30
96.00	1895.83
97.00	1942.64
98.00	1919.24
99.00	1949.67
100.00	2003.50
101.00	1959.03
102.00	1947.33
103.00	1947.33
104.00	1961.37
105.00	1963.71
106.00	2078.40
107.00	1914.56
108.00	1984.77
109.00	1973.07
110.00	2001.16
111.00	2087.76
112.00	2092.44
113.00	1909.88
114.00	2031.58
115.00	2031.58
116.00	2052.65
117.00	2071.37
118.00	2092.44
119.00	2122.87
120.00	2153.29
121.00	2094.78
122.00	2162.66
123.00	2190.74
124.00	2216.49
125.00	2141.59
126.00	2193.08
127.00	2146.27
128.00	2230.53
129.00	2169.68
130.00	2303.09
131.00	2253.94
132.00	2251.60
133.00	2230.53
134.00	2237.55
135.00	2172.02
136.00	2279.68
137.00	2237.55
138.00	2324.15
139.00	2260.96
140.00	2265.64
141.00	2228.19
142.00	2314.79
143.00	2417.77
144.00	2317.13
145.00	2413.09
146.00	2326.49
147.00	2445.86
148.00	2417.77
149.00	2359.26
150.00	2441.18
151.00	2387.35
152.00	2368.62
153.00	2347.56
154.00	2485.65
155.00	2431.82
156.00	2448.20
157.00	2492.67
158.00	2541.82
159.00	2597.99
160.00	2583.95
161.00	2532.46
162.00	2572.25
163.00	2600.34
164.00	2560.55
165.00	2579.27
166.00	2672.89
167.00	2651.83
168.00	2621.40
169.00	2619.06
170.00	2562.89
171.00	2647.15
172.00	2684.59
173.00	2677.57
174.00	2651.83
175.00	2698.64
176.00	2696.30
177.00	2693.96
178.00	2780.56
179.00	2803.96
180.00	2820.35
181.00	2689.28
182.00	2761.83
183.00	2780.56
184.00	2888.22
185.00	2827.37
186.00	2848.43
187.00	2874.18
188.00	2834.39
189.00	2885.88
190.00	3005.25
191.00	2977.16
192.00	3016.95
193.00	2878.86
194.00	2960.78
195.00	3040.36
196.00	2913.97
197.00	3054.40
198.00	3007.59
199.00	3056.74
200.00	3084.83
201.00	3096.53
202.00	3084.83
203.00	3225.26
204.00	3220.58
205.00	3173.77
206.00	3148.02
207.00	3180.79
208.00	3213.56
209.00	3269.73
210.00	3204.19
211.00	3115.25
212.00	3173.77
213.00	3213.56
214.00	3211.22
215.00	3351.65
216.00	3328.24
217.00	3323.56
218.00	3473.36
219.00	3382.07
220.00	3466.33
221.00	3419.52
222.00	3353.99
223.00	3503.78
224.00	3515.48
225.00	3660.60
226.00	3613.79
227.00	3531.87
228.00	3691.02
229.00	3602.08
230.00	3655.92
231.00	3639.53
232.00	3655.92
233.00	3836.14
234.00	3796.35
235.00	3674.64
236.00	3754.22
237.00	3749.54
238.00	3712.09
239.00	3875.93
240.00	3896.99
241.00	4023.38
242.00	3892.31
243.00	3941.46
244.00	3953.16
245.00	4021.04
246.00	4088.92
247.00	3992.95
248.00	4107.64
249.00	4051.47
250.00	4121.68
251.00	4329.99
252.00	4229.35
253.00	4255.09
254.00	4248.07
255.00	4313.61
256.00	4397.87
257.00	4376.80
258.00	4358.08
259.00	4477.44
260.00	4484.47
261.00	4383.82
262.00	4526.60
263.00	4351.06
264.00	4610.86
265.00	4521.92
266.00	4624.90
267.00	4711.50
268.00	4784.06
269.00	4837.89
270.00	4727.88
271.00	4734.90
272.00	4828.53
273.00	5093.01
274.00	4821.50
275.00	4917.47
276.00	5048.54
277.00	4917.47
278.00	5055.56
279.00	4830.87
280.00	5032.15
281.00	4971.30
282.00	5034.49
283.00	4952.57
284.00	5128.11
285.00	5188.97
286.00	5217.05
287.00	5137.48
288.00	5172.58
289.00	4952.57
290.00	5174.92
291.00	5095.35
292.00	5111.73
293.00	5305.99
294.00	5207.69
295.00	5390.25
296.00	5357.49
297.00	5249.82
298.00	5458.13
299.00	5282.59
300.00	5392.59
301.00	5341.10
302.00	4990.02
303.00	5081.30
304.00	5282.59
305.00	5598.56
306.00	5460.47
307.00	5390.25
308.00	5273.23
309.00	5317.70
310.00	5366.85
311.00	5205.35
312.00	5495.58
313.00	5298.97
314.00	5338.76
315.00	5235.78
316.00	5416.00
317.00	5303.65
318.00	5659.42
319.00	5570.48
320.00	5371.53
321.00	5565.79
322.00	5432.38
323.00	5502.60
324.00	5748.36
325.00	5661.76
326.00	5427.70
327.00	5802.19
328.00	5827.93
329.00	5523.66
330.00	5680.48
331.00	5736.65
332.00	5556.43
333.00	5575.16
334.00	5692.18
335.00	5806.87
336.00	5748.36
337.00	5841.98
338.00	5874.74
339.00	5764.74
340.00	6010.50
341.00	6066.67
342.00	6104.12
343.00	6083.05
344.00	6061.99
345.00	6083.05
346.00	6015.18
347.00	6202.42
348.00	6300.72
349.00	6242.21
350.00	6099.44
351.00	6083.05
352.00	6204.76
353.00	6244.55
354.00	6113.48
355.00	6333.49
356.00	6120.50
357.00	6406.05
358.00	6476.26
359.00	6373.28
360.00	6314.77
361.00	6270.30
362.00	6548.82
363.00	6471.58
364.00	6612.01
365.00	6623.72
366.00	6448.18
367.00	6314.77
368.00	6494.99
369.00	6518.39
370.00	6504.35
371.00	6782.87
372.00	6633.08
373.00	6614.35
374.00	6766.49
375.00	6766.49
376.00	6815.64
377.00	6745.42
378.00	6796.92
379.00	6953.73
380.00	7115.23
381.00	6874.15
382.00	7105.87
383.00	7262.68
384.00	7166.72
385.00	7206.51
386.00	7461.63
387.00	7295.45
388.00	7332.90
389.00	7330.56
390.00	7506.10
391.00	7620.78
392.00	7503.76
393.00	7449.93
394.00	7534.18
395.00	7604.40
396.00	7644.19
397.00	7791.64
398.00	7751.85
399.00	7812.71
400.00	7789.30
401.00	7751.85
402.00	7726.11
403.00	7723.77
404.00	7875.90
405.00	7915.69
406.00	7899.31
407.00	8152.09
408.00	7758.88
409.00	7571.63
410.00	7946.12
411.00	8028.04
412.00	8079.53
413.00	7896.97
414.00	8114.64
415.00	8133.36
416.00	8067.83
417.00	7985.91
418.00	8053.78
419.00	8250.39
420.00	8159.11
421.00	8124.00
422.00	8025.70
423.00	8124.00
424.00	7918.03
425.00	7971.86
426.00	8322.94
427.00	8098.25
428.00	8025.70
429.00	8238.69
430.00	8116.98
431.00	8273.79
432.00	8215.28
433.00	8430.61
434.00	8329.97
435.00	8404.86
436.00	8355.71
437.00	8196.56
438.00	8397.84
439.00	8409.54
440.00	8496.14
441.00	8472.74
442.00	8564.02
443.00	8643.60
444.00	8585.08
445.00	8571.04
446.00	8571.04
447.00	8730.20
448.00	8484.44
449.00	8629.56
450.00	8575.72
451.00	8727.86
452.00	8849.57
453.00	8762.97
454.00	8613.17
455.00	8667.00
456.00	8702.11
457.00	8872.97
458.00	8961.91
459.00	9125.75
460.00	8692.75
461.00	8994.68
462.00	8887.01
463.00	8908.08
464.00	9004.04
465.00	9128.09
466.00	9074.26
467.00	8896.38
468.00	9092.98
469.00	8950.21
470.00	9224.05
471.00	9238.09
472.00	9378.53
473.00	9263.84
474.00	9317.67
475.00	9331.72
476.00	9467.47
477.00	9591.52
478.00	9647.69
479.00	9635.99
480.00	9654.71
481.00	9673.43
482.00	9694.50
483.00	9565.77
484.00	9675.77
485.00	9977.70
486.00	9905.15
487.00	10031.54
488.00	9991.75
489.00	9886.42
490.00	9778.76
491.00	9830.25
492.00	9989.41
493.00	9902.81
494.00	9926.21
495.00	10068.98
496.00	10080.69
497.00	10181.33
498.00	9935.57
499.00	10120.48
500.00	10200.05
501.00	10324.10
502.00	10209.42
503.00	10104.09
504.00	10186.01
505.00	10380.28
506.00	10525.39
507.00	10539.43
508.00	10736.04
509.00	10256.23
510.00	10251.55
511.00	10548.79
512.00	10464.54
513.00	10581.56
514.00	10773.49
515.00	10593.26
516.00	10560.50
517.00	10408.36
518.00	10602.63
519.00	10801.57
520.00	10677.52
521.00	11002.86
522.00	10860.09
523.00	10448.15
524.00	10626.03
525.00	11002.86
526.00	10829.66
527.00	10871.79
528.00	10792.21
529.00	11030.94
530.00	11033.29
531.00	10984.13
532.00	10707.95
533.00	10934.98
534.00	11009.88
535.00	10920.94
536.00	11115.20
537.00	11164.36
538.00	11094.14
539.00	11173.72
540.00	11098.82
541.00	11183.08
542.00	11248.61
543.00	11360.96
544.00	11412.45
545.00	11248.61
546.00	11564.59
547.00	11321.17
548.00	11508.41
549.00	11545.86
550.00	11655.87
551.00	11627.78
552.00	11653.53
553.00	11896.94
554.00	11810.34
555.00	11793.96
556.00	12018.65
557.00	11770.55
558.00	11922.69
559.00	11845.45
560.00	11845.45
561.00	12081.85
562.00	12332.28
563.00	12149.72
564.00	12191.85
565.00	12432.93
566.00	12388.46
567.00	12861.24
568.00	12311.22
569.00	12477.40
570.00	12453.99
571.00	12816.77
572.00	12610.81
573.00	12809.75
574.00	13001.68
575.00	12716.13
576.00	13004.02
577.00	13078.91
578.00	13097.64
579.00	13163.17
580.00	13032.10
581.00	13397.23
582.00	13298.92
583.00	13399.57
584.00	13474.46
585.00	13600.85
586.00	13886.40
587.00	13600.85
588.00	13914.48
589.00	13685.11
590.00	14167.26
591.00	13827.88
592.00	14113.43
593.00	14368.55
594.00	14590.90
595.00	14396.64
596.00	14801.55
597.00	14857.72
598.00	14635.37
599.00	14869.42
600.00	14953.68
601.00	15227.53
602.00	15154.97
603.00	15543.50
604.00	15597.33
605.00	15494.35
606.00	15917.98
607.00	15697.97
608.00	15976.50
609.00	16212.89
610.00	15971.82
611.00	16013.95
612.00	16301.83
613.00	16552.27
614.00	16409.50
615.00	16620.14
616.00	16636.53
617.00	16931.44
618.00	16933.78
619.00	17191.23
620.00	17048.46
621.00	17291.88
622.00	17523.59
623.00	18003.40
624.00	17816.16
625.00	17806.80
626.00	17958.93
627.00	18129.79
628.00	17968.29
629.00	18295.97
630.00	18487.89
631.00	18836.63
632.00	18527.68
633.00	18672.79
634.00	19154.94
635.00	19129.20
636.00	19133.88
637.00	19398.36
638.00	19487.30
639.00	19686.25
640.00	19637.09
641.00	19791.57
642.00	20004.56
643.00	20407.13
644.00	20240.95
645.00	20540.54
646.00	20425.86
647.00	20924.39
648.00	20812.04
649.00	21006.31
650.00	21493.14
651.00	21366.75
652.00	21556.33
653.00	21809.11
654.00	21593.78
655.00	21986.99
656.00	22160.19
657.00	22443.40
658.00	22525.32
659.00	22389.56
660.00	22918.53
661.00	22815.54
662.00	22930.23
663.00	23356.21
664.00	23152.58
665.00	23438.12
666.00	23419.40
667.00	24126.24
668.00	23690.90
669.00	23765.80
670.00	24116.88
671.00	24519.45
672.00	24290.08
673.00	24671.59
674.00	24755.85
675.00	24617.75
676.00	24847.13
677.00	25195.87
678.00	25319.92
679.00	25481.41
680.00	25490.77
681.00	25600.78
682.00	25797.38
683.00	25448.64
684.00	25881.64
685.00	26335.71
686.00	26373.16
687.00	26796.79
688.00	26405.92
689.00	26548.70
690.00	26703.17
691.00	26700.83
692.00	27243.84
693.00	27187.66
694.00	27686.20
695.00	27889.82
696.00	27468.53
697.00	27693.22
698.00	27372.57
699.00	28470.28
700.00	27765.78
701.00	27885.14
702.00	28383.68
703.00	28467.94
704.00	28465.60
705.00	28800.29
706.00	28821.36
707.00	29216.91
708.00	29226.27
709.00	29060.09
710.00	29472.03
711.00	29397.13
712.00	29750.55
713.00	29652.25
714.00	29502.45
715.00	30071.20
716.00	30323.98
717.00	30270.15
718.00	30164.82
719.00	30384.83
720.00	30216.32
721.00	30373.13
722.00	30129.72
723.00	30815.49
724.00	30981.67
725.00	31138.49
726.00	31096.36
727.00	30796.77
728.00	31449.78
729.00	31157.21
730.00	31690.85
731.00	31505.95
732.00	31477.86
733.00	31644.04
734.00	31234.45
735.00	31428.71
736.00	31747.03
737.00	32081.72
738.00	32208.11
739.00	32126.19
740.00	31800.86
741.00	32212.79
742.00	32182.37
743.00	32280.67
744.00	32252.58
745.00	32975.81
746.00	32903.25
747.00	32730.05
748.00	33139.65
749.00	32830.69
750.00	33266.03
751.00	32746.44
752.00	32875.16
753.00	33570.30
754.00	33132.62
755.00	33631.16
756.00	33500.09
757.00	33659.24
758.00	33701.37
759.00	33666.27
760.00	33848.83
761.00	34087.56
762.00	34820.15
763.00	33876.91
764.00	34515.88
765.00	34359.06
766.00	34539.29
767.00	34717.17
768.00	34707.80
769.00	34841.21
770.00	35054.20
771.00	35335.07
772.00	35262.51
773.00	35136.12
774.00	35306.98
775.00	35005.05
776.00	35435.71
777.00	35161.87
778.00	35728.28
779.00	36039.57
780.00	35864.03
781.00	35550.40
782.00	35730.62
783.00	36128.51
784.00	36072.34
785.00	36388.31
786.00	36180.00
787.00	36545.12
788.00	36105.10
789.00	36528.74
790.00	36355.54
791.00	37092.81
792.00	37120.90
793.00	36987.49
794.00	37144.30
795.00	36980.46
796.00	36706.62
797.00	37308.14
798.00	36900.89
799.00	37427.51
800.00	37104.51
801.00	37338.57
802.00	37556.24
803.00	37930.72
804.00	37340.91
805.00	37368.99
806.00	37589.00
807.00	38054.77
808.00	37596.03
809.00	38256.06
810.00	38223.29
811.00	38029.02
812.00	38923.11
813.00	38103.92
814.00	38017.32
815.00	38401.17
816.00	38520.54
817.00	38621.18
818.00	38897.36
819.00	38611.82
820.00	38424.57
821.00	38834.17
822.00	38560.33
823.00	38431.60
824.00	39030.77
825.00	39246.10
826.00	39274.19
827.00	39431.01
828.00	39180.57
829.00	39482.50
830.00	39056.52
831.00	39503.56
832.00	39409.94
833.00	39693.15
834.00	40158.91
835.00	39927.20
836.00	40191.68
837.00	40065.29
838.00	40093.38
839.00	39529.31
840.00	39999.76
841.00	40254.87
842.00	40598.93
843.00	40381.26
844.00	40900.86
845.00	40383.60
846.00	40751.07
847.00	40727.66
848.00	40741.71
849.00	40737.02
850.00	41706.01
851.00	40790.86
852.00	41160.66
853.00	41055.34
854.00	41411.10
855.00	41081.08
856.00	41104.49
857.00	41865.16
858.00	41722.39
859.00	41638.13
860.00	41841.76
861.00	41787.92
862.00	41579.62
863.00	41577.28
864.00	41701.32
865.00	41574.94
866.00	42403.49
867.00	42396.46
868.00	41996.23
869.00	42213.90
870.00	42330.93
871.00	41916.65
872.00	42038.36
873.00	42508.81
874.00	42279.44
875.00	42375.40
876.00	42593.07
877.00	43065.86
878.00	42909.04
879.00	42686.69
880.00	42911.38
881.00	42829.46
882.00	42602.43
883.00	42560.30
884.00	42782.65
885.00	43061.18
886.00	42988.62
887.00	42906.70
888.00	42766.27
889.00	42946.49
890.00	43421.62
891.00	43419.28
892.00	43620.56
893.00	43611.20
894.00	43407.58
895.00	42869.25
896.00	43491.83
897.00	43164.16
898.00	43627.59
899.00	43758.66
900.00	43800.79
901.00	43985.69
902.00	43721.21
903.00	44219.74
904.00	43751.63
905.00	43810.15
906.00	43732.91
907.00	43894.41
908.00	44023.14
909.00	43852.28
910.00	44091.01
911.00	44629.34
912.00	44467.84
913.00	44154.21
914.00	44474.86
915.00	44484.22
916.00	44531.03
917.00	44542.74
918.00	44741.68
919.00	44711.25
920.00	44809.56
921.00	44839.98
922.00	45003.82
923.00	44650.40
924.00	44432.73
925.00	45088.08
926.00	44669.12
927.00	44893.82
928.00	45146.59
929.00	45001.48
930.00	45375.97
931.00	44935.95
932.00	45193.40
933.00	45205.11
934.00	44687.85
935.00	45139.57
936.00	45701.30
937.00	45738.75
938.00	45434.48
939.00	45331.50
940.00	45612.36
941.00	45881.52
942.00	45223.83
943.00	45235.53
944.00	45603.00
945.00	45947.06
946.00	45677.90
947.00	46010.25
948.00	45778.54
949.00	46309.84
950.00	46417.50
951.00	45722.37
952.00	45897.91
953.00	45785.56
954.00	45928.33
955.00	46213.88
956.00	46085.15
957.00	46298.14
958.00	46129.62
959.00	46211.54
960.00	45804.28
961.00	45425.12
962.00	45865.14
963.00	46440.91
964.00	46822.42
965.00	46513.47
966.00	46696.03
967.00	46946.47
968.00	47007.32
969.00	46864.55
970.00	46653.90
971.00	47377.12
972.00	47103.28
973.00	47327.97
974.00	46974.55
975.00	47339.68
976.00	47187.54
977.00	46791.99
978.00	47072.85
979.00	46642.20
980.00	47349.04
981.00	47199.24
982.00	47547.98
983.00	47430.96
984.00	47669.69
985.00	47819.49
986.00	47283.50
987.00	47323.29
988.00	47725.86
989.00	47716.50
990.00	47199.24
991.00	47569.05
992.00	47662.67
993.00	48098.01
994.00	47831.19
995.00	48339.08
996.00	47295.21
997.00	47681.39
998.00	47931.83
999.00	47791.40
1000.00	48231.42
1001.00	48149.50
1002.00	48224.40
1003.00	48182.27
1004.00	48058.22
1005.00	47878.00
1006.00	48039.50
1007.00	47615.86
1008.00	48477.18
1009.00	48271.21
1010.00	48411.64
1011.00	48313.34
1012.00	48465.47
1013.00	48329.72
1014.00	48137.80
1015.00	48467.81
1016.00	47938.85
1017.00	48093.33
1018.00	48442.07
1019.00	48882.09
1020.00	48729.95
1021.00	48491.22
1022.00	48718.25
1023.00	48423.34
1024.00	48418.66
1025.00	48039.50
1026.00	48722.93
1027.00	48795.49
1028.00	48659.74
1029.00	49165.29
1030.00	48736.98
1031.00	48884.43
1032.00	49467.22
1033.00	49036.56
1034.00	48549.73
1035.00	48488.88
1036.00	48882.09
1037.00	48713.57
1038.00	49066.99
1039.00	49043.59
1040.00	49155.93
1041.00	49345.51
1042.00	49380.62
1043.00	48676.12
1044.00	48758.04
1045.00	49034.22
1046.00	49052.95
1047.00	49137.21
1048.00	49160.61
1049.00	49642.76
1050.00	49457.86
1051.00	49698.94
1052.00	49834.69
1053.00	49270.62
1054.00	49689.57
1055.00	48886.77
1056.00	49116.14
1057.00	49385.30
1058.00	49296.36
1059.00	49366.58
1060.00	49425.09
1061.00	49624.04
1062.00	49485.95
1063.00	49408.71
1064.00	49130.19
1065.00	49303.38
1066.00	48809.53
1067.00	49038.90
1068.00	49277.64
1069.00	50075.76
1070.00	49640.42
1071.00	49607.65
1072.00	49535.10
1073.00	49766.81
1074.00	49490.63
1075.00	49879.16
1076.00	49621.70
1077.00	49462.54
1078.00	49787.88
1079.00	50218.53
1080.00	49937.67
1081.00	49982.14
1082.00	49780.85
1083.00	49745.75
1084.00	49507.01
1085.00	49698.94
1086.00	49851.07
1087.00	49635.74
1088.00	50138.96
1089.00	49640.42
1090.00	50181.09
1091.00	50031.29
1092.00	49989.16
1093.00	50099.17
1094.00	49595.95
1095.00	50005.55
1096.00	49918.95
1097.00	49904.90
1098.00	50052.36
1099.00	49977.46
1100.00	50181.09
1101.00	50356.63
1102.00	50059.38
1103.00	50295.77
1104.00	49649.78
1105.00	49942.35
1106.00	49799.58
1107.00	50134.28
1108.00	49900.22
1109.00	50295.77
1110.00	50192.79
1111.00	50602.38
1112.00	50288.75
1113.00	50363.65
1114.00	50082.78
1115.00	49947.03
1116.00	49867.45
1117.00	49975.12
1118.00	50237.26
1119.00	50054.70
1120.00	49874.48
1121.00	50089.80
1122.00	50321.52
1123.00	50499.40
1124.00	50199.81
1125.00	50389.39
1126.00	49811.28
1127.00	49598.29
1128.00	50419.82
1129.00	50164.70
1130.00	50094.49
1131.00	50321.52
1132.00	50024.27
1133.00	50267.69
1134.00	50026.61
1135.00	49759.79
1136.00	49897.88
1137.00	50171.72
1138.00	49839.37
1139.00	50129.59
1140.00	49883.84
1141.00	50012.57
1142.00	50396.42
1143.00	50183.43
1144.00	50412.80
1145.00	50387.05
1146.00	50131.93
1147.00	50436.20
1148.00	49851.07
1149.00	50010.23
1150.00	50431.52
1151.00	50134.28
1152.00	50461.95
1153.00	50255.98
1154.00	50513.44
1155.00	50398.76
1156.00	50340.24
1157.00	50248.96
1158.00	50010.23
1159.00	49998.52
1160.00	49916.61
1161.00	50248.96
1162.00	50665.58
1163.00	50244.28
1164.00	50525.14
1165.00	50431.52
1166.00	50312.16
1167.00	49918.95
1168.00	50267.69
1169.00	50431.52
1170.00	50010.23
1171.00	49918.95
1172.00	50321.52
1173.00	50035.97
1174.00	50525.14
1175.00	50557.91
1176.00	50122.57
1177.00	50213.85
1178.00	49937.67
1179.00	50150.66
1180.00	49904.90
1181.00	50021.93
1182.00	50246.62
1183.00	50241.94
1184.00	50073.42
1185.00	50749.84
1186.00	50859.84
1187.00	50169.38
1188.00	50237.26
1189.00	50628.13
1190.00	49881.50
1191.00	50230.24
1192.00	50335.56
1193.00	50082.78
1194.00	50209.17
1195.00	50045.33
1196.00	50361.31
1197.00	50230.24
1198.00	50143.64
1199.00	50052.36
1200.00	50539.19
1201.00	50064.06
1202.00	50267.69
1203.00	50075.76
1204.00	50171.72
1205.00	49968.10
1206.00	50136.62
1207.00	50206.83
1208.00	50438.54
1209.00	49989.16
1210.00	50199.81
1211.00	50438.54
1212.00	49750.43
1213.00	50071.08
1214.00	50040.65
1215.00	50024.27
1216.00	49893.20
1217.00	50141.30
1218.00	50326.20
1219.00	50183.43
1220.00	50527.48
1221.00	49804.26
1222.00	49911.92
1223.00	50354.29
1224.00	49979.80
1225.00	49937.67
1226.00	50255.98
1227.00	49750.43
1228.00	50363.65
1229.00	50101.51
1230.00	50206.83
1231.00	50323.86
1232.00	50401.10
1233.00	50103.85
1234.00	50078.10
1235.00	49883.84
1236.00	49822.98
1237.00	50073.42
1238.00	50274.71
1239.00	50314.50
1240.00	50342.58
1241.00	50492.38
1242.00	50019.59
1243.00	50480.67
1244.00	50302.79
1245.00	50464.29
1246.00	49872.14
1247.00	50075.76
1248.00	50181.09
1249.00	49727.02
1250.00	49991.50
1251.00	50286.41
1252.00	50284.07
1253.00	50450.25
1254.00	50564.93
1255.00	50375.35
1256.00	50272.37
1257.00	50464.29
1258.00	50293.43
1259.00	50295.77
1260.00	49717.66
1261.00	50017.25
1262.00	50459.61
1263.00	50433.86
1264.00	50754.52
1265.00	50384.71
1266.00	50707.71
1267.00	50351.94
1268.00	50298.11
1269.00	50461.95
1270.00	50024.27
1271.00	50052.36
1272.00	50330.88
1273.00	50274.71
1274.00	50244.28
1275.00	50658.56
1276.00	50532.17
1277.00	50660.90
1278.00	50513.44
1279.00	50426.84
1280.00	50490.04
1281.00	50522.80
1282.00	50700.68
1283.00	49925.97
1284.00	49956.39
1285.00	50115.55
1286.00	50213.85
1287.00	50183.43
1288.00	50253.64
1289.00	50560.25
1290.00	50621.11
1291.00	50124.91
1292.00	49900.22
1293.00	50108.53
1294.00	50103.85
1295.00	50319.18
1296.00	50321.52
1297.00	50007.89
1298.00	50087.46
1299.00	50562.59
1300.00	50520.46
1301.00	50550.89
1302.00	50827.07
1303.00	50464.29
1304.00	50295.77
1305.00	50150.66
1306.00	50122.57
1307.00	49727.02
1308.00	50553.23
1309.00	50508.76
1310.00	50080.44
1311.00	50333.22
1312.00	50721.75
1313.00	50604.72
1314.00	50284.07
1315.00	50429.18
1316.00	50120.23
1317.00	50471.31
1318.00	50019.59
1319.00	50447.91
1320.00	50085.12
1321.00	50220.87
1322.00	50227.90
1323.00	50138.96
1324.00	50464.29
1325.00	50703.03
1326.00	50365.99
1327.00	50108.53
1328.00	50234.92
1329.00	50120.23
1330.00	50344.92
1331.00	50312.16
1332.00	50401.10
1333.00	49879.16
1334.00	50433.86
1335.00	50925.38
1336.00	50817.71
1337.00	50590.68
1338.00	50387.05
1339.00	50450.25
1340.00	50124.91
1341.00	49876.82
1342.00	50220.87
1343.00	50099.17
1344.00	50218.53
1345.00	50131.93
1346.00	50443.23
1347.00	50263.00
1348.00	50267.69
1349.00	50148.32
1350.00	50185.77
1351.00	49993.84
1352.00	50197.47
1353.00	49549.14
1354.00	50021.93
1355.00	49631.06
1356.00	49659.15
1357.00	50028.95
1358.00	49954.05
1359.00	49879.16
1360.00	49764.47
1361.00	49993.84
1362.00	50209.17
1363.00	50281.73
1364.00	49984.48
1365.00	49783.19
1366.00	49804.26
1367.00	49521.05
1368.00	49413.39
1369.00	49853.41
1370.00	49633.40
1371.00	49563.18
1372.00	49731.70
1373.00	49909.58
1374.00	49940.01
1375.00	49881.50
1376.00	49399.35
1377.00	49698.94
1378.00	49179.34
1379.00	49595.95
1380.00	49450.84
1381.00	49499.99
1382.00	49429.77
1383.00	49642.76
1384.00	49329.13
1385.00	49322.11
1386.00	49380.62
1387.00	49279.98
1388.00	49340.83
1389.00	49235.51
1390.00	49279.98
1391.00	49216.78
1392.00	48800.17
1393.00	49193.38
1394.00	49008.48
1395.00	49188.70
1396.00	48793.15
1397.00	49397.01
1398.00	49380.62
1399.00	49429.77
1400.00	48872.73
1401.00	50005.55
1402.00	49057.63
1403.00	49404.03
1404.00	49102.10
1405.00	48830.60
1406.00	48966.35
1407.00	48935.92
1408.00	49139.55
1409.00	48849.32
1410.00	49006.14
1411.00	49111.46
1412.00	49460.20
1413.00	48987.41
1414.00	48793.15
1415.00	48781.45
1416.00	48687.82
1417.00	48807.19
1418.00	48685.48
1419.00	48856.34
1420.00	48374.19
1421.00	48786.13
1422.00	48587.18
1423.00	49003.80
1424.00	48561.44
1425.00	48825.92
1426.00	49017.84
1427.00	48526.33
1428.00	48687.82
1429.00	48664.42
1430.00	47660.33
1431.00	48348.45
1432.00	48133.12
1433.00	48245.46
1434.00	47838.21
1435.00	48055.88
1436.00	48322.70
1437.00	48168.22
1438.00	48348.45
1439.00	48296.95
1440.00	48458.45
1441.00	48074.60
1442.00	47791.40
1443.00	47870.98
1444.00	47995.03
1445.00	47800.76
1446.00	47812.46
1447.00	47744.59
1448.00	47461.38
1449.00	47725.86
1450.00	48292.27
1451.00	47938.85
1452.00	48083.97
1453.00	47917.79
1454.00	47976.30
1455.00	47550.32
1456.00	47590.11
1457.00	47477.77
1458.00	47449.68
1459.00	47765.65
1460.00	47412.23
1461.00	47831.19
1462.00	47721.18
1463.00	47632.24
1464.00	47646.29
1465.00	47814.80
1466.00	47597.13
1467.00	47430.96
1468.00	47246.05
1469.00	47461.38
1470.00	46916.04
1471.00	47171.16
1472.00	47395.85
1473.00	47082.22
1474.00	47161.79
1475.00	47145.41
1476.00	47374.78
1477.00	46574.32
1478.00	47447.34
1479.00	47271.80
1480.00	47222.65
1481.00	47386.49
1482.00	47217.97
1483.00	46703.05
1484.00	46539.21
1485.00	47002.64
1486.00	46726.46
1487.00	46686.67
1488.00	46419.84
1489.00	46469.00
1490.00	46375.37
1491.00	46511.13
1492.00	46710.07
1493.00	46742.84
1494.00	46740.50
1495.00	46408.14
1496.00	46586.02
1497.00	46384.74
1498.00	45998.55
1499.00	46452.61
1500.00	46483.04
1501.00	46167.07
1502.00	46204.52
1503.00	46078.13
1504.00	46319.20
1505.00	46375.37
1506.00	46412.82
1507.00	45970.46
1508.00	46520.49
1509.00	45954.08
1510.00	46260.69
1511.00	45879.18
1512.00	45448.52
1513.00	46031.32
1514.00	45698.96
1515.00	46010.25
1516.00	46157.70
1517.00	45729.39
1518.00	45773.86
1519.00	45544.48
1520.00	45689.60
1521.00	45956.42
1522.00	45521.08
1523.00	45500.01
1524.00	45462.57
1525.00	45780.88
1526.00	45397.03
1527.00	45509.38
1528.00	45181.70
1529.00	45720.02
1530.00	45322.13
1531.00	45312.77
1532.00	45478.95
1533.00	45677.90
1534.00	45500.01
1535.00	45879.18
1536.00	45729.39
1537.00	45380.65
1538.00	45167.66
1539.00	45354.90
1540.00	44823.60
1541.00	44877.43
1542.00	45148.93
1543.00	45387.67
1544.00	45380.65
1545.00	44683.17
1546.00	45022.54
1547.00	44732.32
1548.00	44912.54
1549.00	45116.17
1550.00	44734.66
1551.00	44968.71
1552.00	44999.14
1553.00	44392.94
1554.00	44467.84
1555.00	44315.70
1556.00	44346.13
1557.00	44521.67
1558.00	44156.55
1559.00	44758.06
1560.00	44451.45
1561.00	44364.85
1562.00	44460.82
1563.00	44608.27
1564.00	44247.83
1565.00	44254.85
1566.00	44107.40
1567.00	44350.81
1568.00	43962.28
1569.00	44542.74
1570.00	44023.14
1571.00	43536.30
1572.00	43702.48
1573.00	44175.27
1574.00	44105.06
1575.00	44105.06
1576.00	43896.75
1577.00	44261.87
1578.00	44240.81
1579.00	43725.89
1580.00	43966.96
1581.00	43711.84
1582.00	43887.39
1583.00	43402.89
1584.00	43477.79
1585.00	43814.83
1586.00	43807.81
1587.00	43466.09
1588.00	43569.07
1589.00	44144.84
1590.00	44095.69
1591.00	43414.60
1592.00	43728.23
1593.00	43681.42
1594.00	43349.06
1595.00	43203.95
1596.00	43175.86
1597.00	43213.31
1598.00	43187.56
1599.00	42691.37
1600.00	42852.87
1601.00	43299.91
1602.00	43173.52
1603.00	43075.22
1604.00	42731.16
1605.00	42974.58
1606.00	42887.98
1607.00	42862.23
1608.00	42768.61
1609.00	42859.89
1610.00	42611.79
1611.00	42656.26
1612.00	42522.85
1613.00	42712.44
1614.00	42639.88
1615.00	42679.67
1616.00	43063.52
1617.00	42887.98
1618.00	42990.96
1619.00	42897.34
1620.00	42616.47
1621.00	42770.95
1622.00	42543.92
1623.00	42653.92
1624.00	42473.70
1625.00	43002.66
1626.00	42436.25
1627.00	42752.23
1628.00	42590.73
1629.00	42445.62
1630.00	42525.19
1631.00	42047.72
1632.00	42113.26
1633.00	42263.05
1634.00	41935.38
1635.00	42108.58
1636.00	42394.12
1637.00	42253.69
1638.00	42199.86
1639.00	42380.08
1640.00	42099.22
1641.00	41968.15
1642.00	41591.32
1643.00	42113.26
1644.00	41631.11
1645.00	41230.88
1646.00	41853.46
1647.00	41991.55
1648.00	41918.99
1649.00	41923.68
1650.00	41490.68
1651.00	41729.41
1652.00	41691.96
1653.00	42092.19
1654.00	41771.54
1655.00	41820.69
1656.00	41755.16
1657.00	41319.82
1658.00	41144.28
1659.00	41057.68
1660.00	41443.87
1661.00	41256.62
1662.00	40921.93
1663.00	41432.16
1664.00	41015.55
1665.00	41172.36
1666.00	41242.58
1667.00	41223.86
1668.00	41228.54
1669.00	41542.17
1670.00	41141.94
1671.00	40631.70
1672.00	41013.21
1673.00	41102.15
1674.00	40687.87
1675.00	40320.41
1676.00	40933.63
1677.00	40837.67
1678.00	40704.26
1679.00	41244.92
1680.00	40589.57
1681.00	41127.89
1682.00	40844.69
1683.00	40556.80
1684.00	40531.06
1685.00	40378.92
1686.00	40350.84
1687.00	40266.58
1688.00	40498.29
1689.00	40507.65
1690.00	40336.79
1691.00	40217.43
1692.00	39835.92
1693.00	40432.75
1694.00	40299.34
1695.00	40765.11
1696.00	40039.54
1697.00	40311.05
1698.00	40411.69
1699.00	40385.94
1700.00	40299.34
1701.00	40154.23
1702.00	39910.82
1703.00	39833.58
1704.00	39754.00
1705.00	39810.17
1706.00	39730.59
1707.00	39541.01
1708.00	39632.29
1709.00	39620.59
1710.00	39419.30
1711.00	39599.52
1712.00	40055.93
1713.00	39784.43
1714.00	39353.77
1715.00	39658.04
1716.00	39629.95
1717.00	39356.11
1718.00	39309.30
1719.00	39564.42
1720.00	39349.09
1721.00	39323.34
1722.00	39033.11
1723.00	39058.86
1724.00	39332.70
1725.00	38541.60
1726.00	38850.55
1727.00	39002.69
1728.00	39098.65
1729.00	38733.53
1730.00	38768.63
1731.00	38780.34
1732.00	38731.18
1733.00	38705.44
1734.00	38546.28
1735.00	38349.68
1736.00	38389.47
1737.00	38129.67
1738.00	38412.87
1739.00	37619.43
1740.00	38263.08
1741.00	37574.96
1742.00	38494.79
1743.00	38539.26
1744.00	37724.75
1745.00	38108.60
1746.00	37607.73
1747.00	37888.59
1748.00	37675.60
1749.00	37823.06
1750.00	37837.10
1751.00	37598.37
1752.00	37689.65
1753.00	37109.19
1754.00	37366.65
1755.00	37317.50
1756.00	37401.76
1757.00	37137.28
1758.00	37123.24
1759.00	37308.14
1760.00	37600.71
1761.00	37399.42
1762.00	37212.18
1763.00	37422.83
1764.00	36793.22
1765.00	36971.10
1766.00	36842.37
1767.00	36856.42
1768.00	36495.97
1769.00	36727.69
1770.00	36510.02
1771.00	36568.53
1772.00	36601.30
1773.00	36545.12
1774.00	36554.49
1775.00	36165.96
1776.00	36093.40
1777.00	36133.19
1778.00	35936.59
1779.00	36243.20
1780.00	36570.87
1781.00	36144.89
1782.00	36142.55
1783.00	35894.46
1784.00	35594.87
1785.00	35899.14
1786.00	35515.29
1787.00	35845.30
1788.00	35143.14
1789.00	35147.82
1790.00	35398.26
1791.00	35178.25
1792.00	35599.55
1793.00	35112.72
1794.00	35278.89
1795.00	35257.83
1796.00	35360.81
1797.00	34909.09
1798.00	35239.11
1799.00	35002.71
1800.00	35152.51
1801.00	34485.45
1802.00	34759.30
1803.00	34749.93
1804.00	34473.75
1805.00	34000.96
1806.00	34593.12
1807.00	34260.76
1808.00	33823.08
1809.00	34443.32
1810.00	34209.27
1811.00	34237.36
1812.00	33996.28
1813.00	34099.26
1814.00	34061.82
1815.00	33551.58
1816.00	33596.05
1817.00	33757.55
1818.00	33572.64
1819.00	33703.71
1820.00	33942.45
1821.00	33369.02
1822.00	33457.96
1823.00	33036.66
1824.00	32931.34
1825.00	33116.24
1826.00	33118.58
1827.00	33223.90
1828.00	33266.03
1829.00	33090.49
1830.00	33099.86
1831.00	31920.23
1832.00	32898.57
1833.00	32966.45
1834.00	32835.38
1835.00	32849.42
1836.00	32233.86
1837.00	31775.11
1838.00	32231.52
1839.00	32126.19
1840.00	31655.75
1841.00	31871.07
1842.00	31702.56
1843.00	31716.60
1844.00	31641.70
1845.00	31442.76
1846.00	31576.17
1847.00	31218.07
1848.00	31527.02
1849.00	30951.24
1850.00	30962.95
1851.00	31075.29
1852.00	30852.94
1853.00	30932.52
1854.00	30600.16
1855.00	30405.90
1856.00	30368.45
1857.00	30291.21
1858.00	30338.02
1859.00	29979.92
1860.00	30188.23
1861.00	29916.73
1862.00	30052.48
1863.00	30038.44
1864.00	29825.45
1865.00	29827.79
1866.00	30073.54
1867.00	29549.26
1868.00	29762.25
1869.00	29675.65
1870.00	29399.47
1871.00	29209.89
1872.00	28922.00
1873.00	29291.80
1874.00	29015.62
1875.00	28950.09
1876.00	28613.05
1877.00	28547.51
1878.00	28849.44
1879.00	28067.70
1880.00	28599.01
1881.00	28477.30
1882.00	28496.02
1883.00	28627.09
1884.00	28306.44
1885.00	28568.58
1886.00	28301.76
1887.00	28013.87
1888.00	27887.48
1889.00	27910.89
1890.00	27714.28
1891.00	27367.88
1892.00	27325.75
1893.00	27407.67
1894.00	27346.82
1895.00	26981.70
1896.00	27232.13
1897.00	27339.80
1898.00	26960.63
1899.00	26981.70
1900.00	27236.81
1901.00	26885.73
1902.00	27274.26
1903.00	26487.84
1904.00	26721.90
1905.00	26691.47
1906.00	26684.45
1907.00	26333.37
1908.00	25930.80
1909.00	25722.49
1910.00	25577.37
1911.00	25820.79
1912.00	25605.46
1913.00	25390.13
1914.00	25867.60
1915.00	25369.07
1916.00	25474.39
1917.00	25270.76
1918.00	25163.10
1919.00	25319.92
1920.00	25458.01
1921.00	25462.69
1922.00	25139.69
1923.00	25092.88
1924.00	24830.74
1925.00	24514.77
1926.00	24592.01
1927.00	24257.31
1928.00	24128.58
1929.00	24376.68
1930.00	24479.66
1931.00	24322.85
1932.00	24297.10
1933.00	24039.64
1934.00	24287.74
1935.00	24224.54
1936.00	24175.39
1937.00	23866.44
1938.00	23754.10
1939.00	23721.33
1940.00	23941.34
1941.00	23667.50
1942.00	23412.38
1943.00	23517.70
1944.00	23433.44
1945.00	23030.87
1946.00	22836.61
1947.00	22799.16
1948.00	22588.51
1949.00	22569.79
1950.00	22728.94
1951.00	22455.10
1952.00	22312.33
1953.00	22431.69
1954.00	22349.78
1955.00	22324.03
1956.00	22485.53
1957.00	22080.61
1958.00	22274.88
1959.00	21891.03
1960.00	22136.79
1961.00	21795.07
1962.00	21673.36
1963.00	21792.73
1964.00	21383.13
1965.00	21277.81
1966.00	21226.32
1967.00	21106.95
1968.00	21219.30
1969.00	21034.39
1970.00	20849.49
1971.00	21074.18
1972.00	21018.01
1973.00	20837.79
1974.00	20563.95
1975.00	20629.48
1976.00	20676.29
1977.00	20819.07
1978.00	20315.85
1979.00	20652.89
1980.00	20414.15
1981.00	20198.82
1982.00	19838.38
1983.00	19779.87
1984.00	19824.34
1985.00	19763.48
1986.00	19583.26
1987.00	19461.55
1988.00	19728.38
1989.00	19520.07
1990.00	19351.55
1991.00	19501.34
1992.00	19257.93
1993.00	19253.25
1994.00	18984.09
1995.00	19311.76
1996.00	18841.31
1997.00	18881.10
1998.00	18838.97
1999.00	19028.56
2000.00	18829.61
2001.00	18991.11
2002.00	18469.17
2003.00	18576.83
2004.00	18188.30
2005.00	18169.58
2006.00	18052.55
2007.00	18087.66
2008.00	18190.64
2009.00	17881.69
2010.00	17675.73
2011.00	17671.04
2012.00	17956.59
2013.00	17954.25
2014.00	17727.22
2015.00	17795.09
2016.00	17479.12
2017.00	17886.37
2018.00	17434.65
2019.00	17511.89
2020.00	17467.42
2021.00	17289.54
2022.00	16982.93
2023.00	16826.11
2024.00	16737.17
2025.00	16718.45
2026.00	16587.38
2027.00	16690.36
2028.00	16451.63
2029.00	16819.09
2030.00	16430.56
2031.00	16500.78
2032.00	16318.22
2033.00	16203.53
2034.00	16201.19
2035.00	16182.46
2036.00	16334.60
2037.00	16044.37
2038.00	16166.08
2039.00	15913.30
2040.00	15983.52
2041.00	15592.65
2042.00	15871.17
2043.00	15550.52
2044.00	15585.63
2045.00	15309.44
2046.00	15510.73
2047.00	15372.64
