0.00	1018.13
1.00	1018.13
2.00	1018.13
3.00	957.28
4.00	947.92
5.00	919.83
6.00	945.58
7.00	910.47
8.00	891.74
9.00	929.19
10.00	910.47
11.00	964.30
12.00	936.21
13.00	938.55
14.00	894.08
15.00	903.45
16.00	943.24
17.00	992.39
18.00	889.40
19.00	903.45
20.00	968.98
21.00	889.40
22.00	966.64
23.00	994.73
24.00	1153.88
25.00	1392.62
26.00	1483.90
27.00	1504.96
28.00	1451.13
29.00	1430.07
30.00	1551.78
31.00	1446.45
32.00	1558.80
33.00	1488.58
34.00	1537.73
35.00	1460.49
36.00	1521.35
37.00	1514.33
38.00	1523.69
39.00	1547.09
40.00	1661.78
41.00	1579.86
42.00	1558.80
43.00	1565.82
44.00	1668.80
45.00	1617.31
46.00	1612.63
47.00	1696.89
48.00	1659.44
49.00	1591.56
50.00	1600.93
51.00	1645.40
52.00	1673.48
53.00	1640.72
54.00	1668.80
55.00	1739.02
56.00	1657.10
57.00	1675.82
58.00	1652.42
59.00	1729.66
60.00	1699.23
61.00	1682.85
62.00	1619.65
63.00	1626.67
64.00	1710.93
65.00	1741.36
66.00	1671.14
67.00	1638.38
68.00	1710.93
69.00	1717.95
70.00	1680.50
71.00	1724.97
72.00	1764.76
73.00	1762.42
74.00	1769.44
75.00	1778.81
76.00	1837.32
77.00	1825.62
78.00	1853.70
79.00	1842.00
80.00	1781.15
81.00	1809.23
82.00	1764.76
83.00	1788.17
84.00	1813.92
85.00	1916.90
86.00	1900.52
87.00	1806.89
88.00	1823.28
89.00	1851.36
90.00	1956.69
91.00	1778.81
92.00	1921.58
93.00	1954.35
94.00	1886.47
95.00	1877.11
96.00	1944.99
97.00	1909.88
98.00	1923.92
99.00	1891.15
100.00	2015.20
101.00	1937.96
102.00	1959.03
103.00	1933.28
104.00	1973.07
105.00	1898.17
106.00	1977.75
107.00	1902.86
108.00	1998.82
109.00	2024.56
110.00	2071.37
111.00	2052.65
112.00	2113.50
113.00	2040.95
114.00	1994.14
115.00	2003.50
116.00	2050.31
117.00	2078.40
118.00	2129.89
119.00	2059.67
120.00	2094.78
121.00	2019.88
122.00	2062.01
123.00	2097.12
124.00	2139.25
125.00	2054.99
126.00	2022.22
127.00	2134.57
128.00	2181.38
129.00	2153.29
130.00	2146.27
131.00	2225.85
132.00	2237.55
133.00	2146.27
134.00	2200.10
135.00	2193.08
136.00	2258.62
137.00	2225.85
138.00	2298.41
139.00	2298.41
140.00	2225.85
141.00	2169.68
142.00	2377.98
143.00	2359.26
144.00	2361.60
145.00	2385.01
146.00	2363.94
147.00	2368.62
148.00	2373.30
149.00	2434.16
150.00	2480.97
151.00	2394.37
152.00	2342.88
153.00	2377.98
154.00	2436.50
155.00	2424.80
156.00	2506.71
157.00	2534.80
158.00	2492.67
159.00	2562.89
160.00	2539.48
161.00	2431.82
162.00	2579.27
163.00	2497.35
164.00	2579.27
165.00	2562.89
166.00	2511.39
167.00	2572.25
168.00	2609.70
169.00	2677.57
170.00	2722.04
171.00	2635.44
172.00	2637.78
173.00	2726.72
174.00	2712.68
175.00	2698.64
176.00	2799.28
177.00	2703.32
178.00	2668.21
179.00	2860.13
180.00	2736.09
181.00	2759.49
182.00	2738.43
183.00	2883.54
184.00	2810.98
185.00	2787.58
186.00	2750.13
187.00	2855.45
188.00	2923.33
189.00	2836.73
190.00	2829.71
191.00	2909.29
192.00	2935.03
193.00	2949.08
194.00	2946.73
195.00	2953.76
196.00	2979.50
197.00	3101.21
198.00	3040.36
199.00	2951.42
200.00	3023.97
201.00	3073.12
202.00	3178.45
203.00	3068.44
204.00	3229.94
205.00	3101.21
206.00	3211.22
207.00	3096.53
208.00	3302.50
209.00	3119.93
210.00	3166.74
211.00	3260.37
212.00	3295.47
213.00	3225.26
214.00	3260.37
215.00	3351.65
216.00	3279.09
217.00	3330.58
218.00	3234.62
219.00	3227.60
220.00	3335.26
221.00	3365.69
222.00	3466.33
223.00	3588.04
224.00	3454.63
225.00	3604.42
226.00	3581.02
227.00	3489.74
228.00	3585.70
229.00	3646.55
230.00	3571.66
231.00	3634.85
232.00	3794.01
233.00	3770.60
234.00	3709.75
235.00	3669.96
236.00	3791.67
237.00	3779.97
238.00	3709.75
239.00	3843.16
240.00	3801.03
241.00	3915.72
242.00	4060.83
243.00	3882.95
244.00	3957.85
245.00	4084.23
246.00	3906.35
247.00	4056.15
248.00	4121.68
249.00	4194.24
250.00	4053.81
251.00	4196.58
252.00	4175.52
253.00	4304.25
254.00	4241.05
255.00	4372.12
256.00	4475.10
257.00	4327.65
258.00	4339.35
259.00	4435.32
260.00	4447.02
261.00	4528.94
262.00	4456.38
263.00	4566.39
264.00	4341.69
265.00	4545.32
266.00	4695.11
267.00	4748.95
268.00	4837.89
269.00	4770.01
270.00	4706.82
271.00	4849.59
272.00	4978.32
273.00	4880.02
274.00	4889.38
275.00	4903.42
276.00	4816.82
277.00	4856.61
278.00	5032.15
279.00	4823.84
280.00	5025.13
281.00	4936.19
282.00	4985.34
283.00	5074.28
284.00	5071.94
285.00	5039.17
286.00	5151.52
287.00	5132.79
288.00	5013.43
289.00	5205.35
290.00	5277.91
291.00	5160.88
292.00	5116.41
293.00	5139.82
294.00	5249.82
295.00	5345.78
296.00	5362.17
297.00	5336.42
298.00	5383.23
299.00	5235.78
300.00	5221.74
301.00	5210.03
302.00	4959.60
303.00	5041.51
304.00	5275.57
305.00	5397.28
306.00	5366.85
307.00	5254.50
308.00	5282.59
309.00	5341.10
310.00	5149.18
311.00	5401.96
312.00	5303.65
313.00	5343.44
314.00	5310.68
315.00	5465.15
316.00	5448.77
317.00	5490.90
318.00	5432.38
319.00	5455.79
320.00	5366.85
321.00	5420.68
322.00	5523.66
323.00	5600.90
324.00	5612.60
325.00	5437.06
326.00	5507.28
327.00	5748.36
328.00	5853.68
329.00	5678.14
330.00	5654.73
331.00	5856.02
332.00	5715.59
333.00	5544.73
334.00	5865.38
335.00	6005.81
336.00	5827.93
337.00	5764.74
338.00	5767.08
339.00	5825.59
340.00	5994.11
341.00	5963.68
342.00	6010.50
343.00	6031.56
344.00	6080.71
345.00	5989.43
346.00	6052.63
347.00	6087.73
348.00	5991.77
349.00	6211.78
350.00	5895.81
351.00	6129.86
352.00	6232.85
353.00	6244.55
354.00	6195.40
355.00	6251.57
356.00	6204.76
357.00	6429.45
358.00	6438.81
359.00	6450.52
360.00	6373.28
361.00	6326.47
362.00	6565.20
363.00	6518.39
364.00	6574.56
365.00	6431.79
366.00	6389.66
367.00	6520.73
368.00	6560.52
369.00	6677.55
370.00	6520.73
371.00	6637.76
372.00	6511.37
373.00	6581.59
374.00	6745.42
375.00	6846.07
376.00	6670.53
377.00	6869.47
378.00	6703.29
379.00	7045.01
380.00	7040.33
381.00	6935.01
382.00	6942.03
383.00	7140.97
384.00	7325.88
385.00	7178.42
386.00	7150.34
387.00	7169.06
388.00	7349.28
389.00	7169.06
390.00	7485.03
391.00	7442.90
392.00	7398.43
393.00	7499.08
394.00	7564.61
395.00	7588.02
396.00	7712.07
397.00	7740.15
398.00	7681.64
399.00	7779.94
400.00	7810.37
401.00	7852.50
402.00	7911.01
403.00	7922.71
404.00	8236.35
405.00	7889.95
406.00	7875.90
407.00	8173.15
408.00	7913.35
409.00	7510.78
410.00	7801.01
411.00	7976.55
412.00	8168.47
413.00	8056.12
414.00	8168.47
415.00	8016.33
416.00	7913.35
417.00	8133.36
418.00	8177.83
419.00	8222.30
420.00	8065.49
421.00	8201.24
422.00	8126.34
423.00	8184.85
424.00	8037.40
425.00	8079.53
426.00	8170.81
427.00	8222.30
428.00	8107.62
429.00	8212.94
430.00	8112.30
431.00	8177.83
432.00	8184.85
433.00	8262.09
434.00	8189.53
435.00	8219.96
436.00	8315.92
437.00	8170.81
438.00	8383.80
439.00	8489.12
440.00	8657.64
441.00	8627.21
442.00	8676.37
443.00	8521.89
444.00	8484.44
445.00	8617.85
446.00	8468.06
447.00	8734.88
448.00	8613.17
449.00	8489.12
450.00	8667.00
451.00	8664.66
452.00	8922.12
453.00	8858.93
454.00	8557.00
455.00	8702.11
456.00	8840.20
457.00	8865.95
458.00	8720.84
459.00	8938.51
460.00	8786.37
461.00	8999.36
462.00	8837.86
463.00	8856.59
464.00	8975.95
465.00	9074.26
466.00	8945.53
467.00	8990.00
468.00	9090.64
469.00	9228.73
470.00	9341.08
471.00	9254.48
472.00	9301.29
473.00	9425.34
474.00	9437.04
475.00	9406.61
476.00	9406.61
477.00	9570.45
478.00	9834.93
479.00	9703.86
480.00	9638.33
481.00	9554.07
482.00	9736.63
483.00	9659.39
484.00	9488.53
485.00	9823.23
486.00	9888.76
487.00	9710.88
488.00	9783.44
489.00	9891.10
490.00	10022.17
491.00	9848.97
492.00	9923.87
493.00	10022.17
494.00	10076.01
495.00	10101.75
496.00	9982.38
497.00	9844.29
498.00	10029.20
499.00	10253.89
500.00	10228.14
501.00	10150.90
502.00	10052.60
503.00	10059.62
504.00	10326.44
505.00	10258.57
506.00	10478.58
507.00	10235.16
508.00	10450.49
509.00	10391.98
510.00	10448.15
511.00	10399.00
512.00	10644.76
513.00	10583.90
514.00	10640.08
515.00	10773.49
516.00	10682.20
517.00	10593.26
518.00	10595.61
519.00	10712.63
520.00	10649.44
521.00	10717.31
522.00	10752.42
523.00	10562.84
524.00	10684.55
525.00	10860.09
526.00	10696.25
527.00	10843.70
528.00	10956.05
529.00	10981.79
530.00	11124.57
531.00	11190.10
532.00	10956.05
533.00	10883.49
534.00	11059.03
535.00	10925.62
536.00	11218.19
537.00	10906.90
538.00	11262.66
539.00	11367.98
540.00	11066.05
541.00	10949.03
542.00	11325.85
543.00	11463.94
544.00	11190.10
545.00	11489.69
546.00	11520.12
547.00	11363.30
548.00	11510.75
549.00	11548.20
550.00	11648.85
551.00	11744.81
552.00	11442.88
553.00	11831.41
554.00	11899.28
555.00	11351.60
556.00	11838.43
557.00	11768.21
558.00	11822.05
559.00	11934.39
560.00	11910.99
561.00	12046.74
562.00	12187.17
563.00	12070.14
564.00	12133.34
565.00	12299.52
566.00	12264.41
567.00	12718.47
568.00	12159.08
569.00	12409.52
570.00	12374.41
571.00	12519.53
572.00	12716.13
573.00	12720.81
574.00	12819.11
575.00	12830.82
576.00	12784.01
577.00	13069.55
578.00	12929.12
579.00	13158.49
580.00	13064.87
581.00	13355.10
582.00	13247.43
583.00	13439.36
584.00	13406.59
585.00	13642.98
586.00	13762.35
587.00	13600.85
588.00	13682.77
589.00	13760.01
590.00	14001.08
591.00	14031.51
592.00	14059.60
593.00	14295.99
594.00	14810.91
595.00	14628.35
596.00	14485.58
597.00	14984.11
598.00	14892.83
599.00	15075.39
600.00	15262.63
601.00	15274.34
602.00	15257.95
603.00	15290.72
604.00	15314.13
605.00	15716.70
606.00	15901.60
607.00	15515.41
608.00	15896.92
609.00	16086.50
610.00	15714.36
611.00	16137.99
612.00	16170.76
613.00	16219.91
614.00	16493.76
615.00	16570.99
616.00	16671.64
617.00	16870.58
618.00	16933.78
619.00	17055.48
620.00	17003.99
621.00	17411.25
622.00	17535.29
623.00	17699.13
624.00	17790.41
625.00	17584.44
626.00	17839.56
627.00	18157.88
628.00	17923.82
629.00	18523.00
630.00	18628.32
631.00	18848.33
632.00	18672.79
633.00	18604.92
634.00	18988.77
635.00	19351.55
636.00	19377.30
637.00	19461.55
638.00	19791.57
639.00	19477.94
640.00	19847.74
641.00	19831.36
642.00	20308.83
643.00	20084.14
644.00	20430.54
645.00	20421.17
646.00	20524.16
647.00	20971.20
648.00	20753.53
649.00	21177.17
650.00	21111.63
651.00	21593.78
652.00	21820.81
653.00	21766.98
654.00	21881.67
655.00	22176.58
656.00	22335.73
657.00	21841.88
658.00	22478.50
659.00	22326.37
660.00	22757.03
661.00	22810.86
662.00	23180.67
663.00	23002.78
664.00	23288.33
665.00	23372.59
666.00	23384.29
667.00	23789.20
668.00	23623.03
669.00	23910.91
670.00	23978.79
671.00	24353.27
672.00	24219.86
673.00	24734.78
674.00	24673.93
675.00	24943.09
676.00	24666.91
677.00	24826.06
678.00	24931.39
679.00	25273.10
680.00	25792.70
681.00	25689.72
682.00	25586.74
683.00	25905.05
684.00	25844.20
685.00	26260.81
686.00	25926.11
687.00	26534.65
688.00	26436.35
689.00	26422.31
690.00	26731.26
691.00	26806.16
692.00	27096.38
693.00	27026.17
694.00	27424.06
695.00	27618.32
696.00	27536.40
697.00	27639.39
698.00	27658.11
699.00	28320.48
700.00	27552.79
701.00	28154.30
702.00	28065.36
703.00	28379.00
704.00	28297.08
705.00	28407.08
706.00	28388.36
707.00	29259.04
708.00	29294.14
709.00	28814.34
710.00	29523.52
711.00	29333.93
712.00	29390.11
713.00	29380.74
714.00	29720.12
715.00	29799.70
716.00	29933.11
717.00	30333.34
718.00	30480.80
719.00	30183.55
720.00	29956.52
721.00	30103.97
722.00	30476.12
723.00	30679.74
724.00	31309.35
725.00	30806.13
726.00	30731.23
727.00	31161.89
728.00	31299.98
729.00	31374.88
730.00	30993.37
731.00	31723.62
732.00	31665.11
733.00	31545.74
734.00	31515.31
735.00	31632.34
736.00	31859.37
737.00	31981.08
738.00	32318.12
739.00	32423.44
740.00	32285.35
741.00	32453.87
742.00	32479.61
743.00	32556.85
744.00	32383.65
745.00	33010.92
746.00	33165.39
747.00	32655.15
748.00	33237.95
749.00	32634.09
750.00	33022.62
751.00	32987.51
752.00	32898.57
753.00	33181.77
754.00	33579.67
755.00	33509.45
756.00	33275.40
757.00	33677.97
758.00	33579.67
759.00	33851.17
760.00	34038.41
761.00	34148.42
762.00	34054.79
763.00	33727.12
764.00	34120.33
765.00	34096.92
766.00	34347.36
767.00	34536.94
768.00	34527.58
769.00	34983.99
770.00	34749.93
771.00	35236.77
772.00	35318.68
773.00	35316.34
774.00	35311.66
775.00	35349.11
776.00	35435.71
777.00	35807.86
778.00	35924.88
779.00	36151.91
780.00	35817.22
781.00	35936.59
782.00	35915.52
783.00	35555.08
784.00	36224.47
785.00	36760.45
786.00	36198.73
787.00	36250.22
788.00	36428.10
789.00	36823.65
790.00	36561.51
791.00	36669.17
792.00	36999.19
793.00	36685.56
794.00	37422.83
795.00	37294.10
796.00	36854.08
797.00	37275.37
798.00	36699.60
799.00	37193.45
800.00	37322.18
801.00	37240.26
802.00	37993.92
803.00	37977.53
804.00	37364.31
805.00	37804.33
806.00	37684.97
807.00	38054.77
808.00	37897.95
809.00	38555.64
810.00	38546.28
811.00	38256.06
812.00	38340.32
813.00	38370.74
814.00	38314.57
815.00	38541.60
816.00	38738.21
817.00	39096.31
818.00	38953.54
819.00	38778.00
820.00	38717.14
821.00	38993.32
822.00	38316.91
823.00	39168.87
824.00	38883.32
825.00	39171.21
826.00	39292.91
827.00	39309.30
828.00	39182.91
829.00	39438.03
830.00	39456.75
831.00	39480.16
832.00	39218.02
833.00	39859.32
834.00	39791.45
835.00	39873.37
836.00	39978.69
837.00	40123.80
838.00	40030.18
839.00	40095.72
840.00	40360.20
841.00	40495.95
842.00	40507.65
843.00	40605.95
844.00	40596.59
845.00	40203.38
846.00	40465.52
847.00	40605.95
848.00	40957.03
849.00	40645.74
850.00	41380.67
851.00	40999.16
852.00	41120.87
853.00	41057.68
854.00	41179.39
855.00	41617.07
856.00	40985.12
857.00	41067.04
858.00	41560.89
859.00	41588.98
860.00	41563.23
861.00	41502.38
862.00	41813.67
863.00	41722.39
864.00	41797.29
865.00	41570.25
866.00	42312.20
867.00	42141.35
868.00	41935.38
869.00	42199.86
870.00	42579.03
871.00	42014.96
872.00	41762.18
873.00	42305.18
874.00	42389.44
875.00	42506.47
876.00	42878.61
877.00	42937.13
878.00	42740.52
879.00	42761.59
880.00	42569.66
881.00	42527.53
882.00	42927.77
883.00	42616.47
884.00	43086.92
885.00	43168.84
886.00	42724.14
887.00	43047.13
888.00	42962.87
889.00	43005.00
890.00	43124.37
891.00	42930.11
892.00	43587.80
893.00	43367.79
894.00	43246.08
895.00	43267.14
896.00	43407.58
897.00	43213.31
898.00	43618.22
899.00	43569.07
900.00	43971.64
901.00	43746.95
902.00	43966.96
903.00	43866.32
904.00	44016.11
905.00	43412.26
906.00	44100.37
907.00	43686.10
908.00	44247.83
909.00	44142.50
910.00	44617.63
911.00	44847.00
912.00	44507.63
913.00	44594.23
914.00	44533.37
915.00	44369.54
916.00	44748.70
917.00	44596.57
918.00	45069.36
919.00	44875.09
920.00	44486.56
921.00	44678.49
922.00	45008.50
923.00	44957.01
924.00	44465.50
925.00	45029.57
926.00	44804.88
927.00	45242.56
928.00	45291.71
929.00	45340.86
930.00	45186.38
931.00	45055.31
932.00	45029.57
933.00	45191.06
934.00	45703.64
935.00	45385.33
936.00	45436.82
937.00	45794.92
938.00	45579.59
939.00	45441.50
940.00	45577.25
941.00	46115.58
942.00	45139.57
943.00	45111.49
944.00	45832.37
945.00	45806.62
946.00	45729.39
947.00	46344.95
948.00	46085.15
949.00	46553.26
950.00	45935.35
951.00	45556.19
952.00	46131.96
953.00	46195.15
954.00	46082.81
955.00	45986.85
956.00	45965.78
957.00	46361.33
958.00	46073.45
959.00	46017.27
960.00	46279.41
961.00	45581.93
962.00	46469.00
963.00	46752.20
964.00	46354.31
965.00	46433.89
966.00	46738.16
967.00	46752.20
968.00	46831.78
969.00	46672.62
970.00	46939.44
971.00	47508.19
972.00	47220.31
973.00	47353.72
974.00	46951.15
975.00	47049.45
976.00	47557.35
977.00	47466.06
978.00	47117.32
979.00	46796.67
980.00	47217.97
981.00	47068.17
982.00	47707.14
983.00	47636.92
984.00	47608.84
985.00	47608.84
986.00	47868.64
987.00	47262.44
988.00	47215.63
989.00	47402.87
990.00	47295.21
991.00	47739.91
992.00	47667.35
993.00	47517.56
994.00	47517.56
995.00	47833.53
996.00	47777.36
997.00	47679.05
998.00	48179.93
999.00	48151.84
1000.00	47735.23
1001.00	48172.91
1002.00	48018.43
1003.00	48081.63
1004.00	47969.28
1005.00	47791.40
1006.00	47936.51
1007.00	48072.26
1008.00	47667.35
1009.00	48545.05
1010.00	48318.02
1011.00	48472.49
1012.00	48430.36
1013.00	48561.44
1014.00	48435.05
1015.00	48568.46
1016.00	47995.03
1017.00	48245.46
1018.00	48266.53
1019.00	48477.18
1020.00	48928.90
1021.00	48633.99
1022.00	48989.75
1023.00	48184.61
1024.00	48772.08
1025.00	48334.40
1026.00	48783.79
1027.00	49085.72
1028.00	48577.82
1029.00	49179.34
1030.00	48596.54
1031.00	48910.17
1032.00	49055.29
1033.00	49001.46
1034.00	48865.70
1035.00	48987.41
1036.00	49048.27
1037.00	48882.09
1038.00	48870.39
1039.00	49003.80
1040.00	49036.56
1041.00	49338.49
1042.00	48947.62
1043.00	48999.12
1044.00	48755.70
1045.00	49074.01
1046.00	49240.19
1047.00	49153.59
1048.00	49003.80
1049.00	49406.37
1050.00	49193.38
1051.00	49406.37
1052.00	49485.95
1053.00	49457.86
1054.00	49577.23
1055.00	49085.72
1056.00	49350.20
1057.00	49347.86
1058.00	49401.69
1059.00	49670.85
1060.00	49394.67
1061.00	49928.31
1062.00	49467.22
1063.00	49298.70
1064.00	49443.82
1065.00	48989.75
1066.00	49397.01
1067.00	49394.67
1068.00	49645.10
1069.00	50239.60
1070.00	49949.37
1071.00	49673.19
1072.00	49710.64
1073.00	49567.87
1074.00	49783.19
1075.00	49654.47
1076.00	49441.48
1077.00	49574.89
1078.00	49638.08
1079.00	49769.15
1080.00	49752.77
1081.00	50073.42
1082.00	50103.85
1083.00	50005.55
1084.00	49670.85
1085.00	49897.88
1086.00	49738.72
1087.00	49361.90
1088.00	50244.28
1089.00	49932.99
1090.00	50232.58
1091.00	49961.08
1092.00	49961.08
1093.00	50244.28
1094.00	49734.04
1095.00	49982.14
1096.00	49790.22
1097.00	50028.95
1098.00	49769.15
1099.00	50087.46
1100.00	50094.49
1101.00	50209.17
1102.00	50251.30
1103.00	50454.93
1104.00	50019.59
1105.00	49794.90
1106.00	49841.71
1107.00	49748.09
1108.00	49731.70
1109.00	50080.44
1110.00	50586.00
1111.00	50473.65
1112.00	50246.62
1113.00	50794.31
1114.00	50454.93
1115.00	49972.78
1116.00	50150.66
1117.00	50085.12
1118.00	49989.16
1119.00	50246.62
1120.00	50223.22
1121.00	50246.62
1122.00	50255.98
1123.00	50211.51
1124.00	50122.57
1125.00	49851.07
1126.00	49839.37
1127.00	50031.29
1128.00	49773.83
1129.00	50094.49
1130.00	50071.08
1131.00	50431.52
1132.00	50181.09
1133.00	50314.50
1134.00	50232.58
1135.00	50337.90
1136.00	49909.58
1137.00	50108.53
1138.00	49986.82
1139.00	49822.98
1140.00	50305.13
1141.00	49958.73
1142.00	50499.40
1143.00	50424.50
1144.00	50548.55
1145.00	50202.15
1146.00	50227.90
1147.00	50387.05
1148.00	50131.93
1149.00	50010.23
1150.00	50038.31
1151.00	49932.99
1152.00	50155.34
1153.00	50677.28
1154.00	50314.50
1155.00	50007.89
1156.00	50356.63
1157.00	49911.92
1158.00	49968.10
1159.00	50192.79
1160.00	50263.00
1161.00	50286.41
1162.00	50373.01
1163.00	50370.67
1164.00	50024.27
1165.00	50763.88
1166.00	50672.60
1167.00	49961.08
1168.00	50295.77
1169.00	50113.21
1170.00	49792.56
1171.00	49649.78
1172.00	50672.60
1173.00	50162.36
1174.00	50160.02
1175.00	50532.17
1176.00	50401.10
1177.00	50277.05
1178.00	50248.96
1179.00	49762.13
1180.00	49773.83
1181.00	49944.69
1182.00	50171.72
1183.00	50225.56
1184.00	50092.15
1185.00	50564.93
1186.00	50248.96
1187.00	50099.17
1188.00	50494.72
1189.00	50670.26
1190.00	50150.66
1191.00	50258.32
1192.00	50087.46
1193.00	49956.39
1194.00	50461.95
1195.00	49925.97
1196.00	50422.16
1197.00	50384.71
1198.00	50387.05
1199.00	50195.13
1200.00	50209.17
1201.00	50075.76
1202.00	49982.14
1203.00	50024.27
1204.00	50117.89
1205.00	50438.54
1206.00	50586.00
1207.00	50286.41
1208.00	50621.11
1209.00	50532.17
1210.00	50361.31
1211.00	50452.59
1212.00	50057.04
1213.00	49834.69
1214.00	50143.64
1215.00	49792.56
1216.00	50274.71
1217.00	49876.82
1218.00	50361.31
1219.00	50714.73
1220.00	50543.87
1221.00	50007.89
1222.00	50232.58
1223.00	50059.38
1224.00	49755.11
1225.00	49633.40
1226.00	50288.75
1227.00	49996.18
1228.00	50106.19
1229.00	50000.86
1230.00	50206.83
1231.00	50288.75
1232.00	50452.59
1233.00	50370.67
1234.00	49888.52
1235.00	49825.32
1236.00	49928.31
1237.00	49586.59
1238.00	50253.64
1239.00	50382.37
1240.00	50642.17
1241.00	50494.72
1242.00	50373.01
1243.00	50337.90
1244.00	50188.11
1245.00	50408.12
1246.00	49851.07
1247.00	50422.16
1248.00	50096.83
1249.00	50014.91
1250.00	49930.65
1251.00	50735.79
1252.00	50342.58
1253.00	50569.61
1254.00	50218.53
1255.00	50471.31
1256.00	50347.26
1257.00	50658.56
1258.00	50145.98
1259.00	50181.09
1260.00	50148.32
1261.00	50108.53
1262.00	50609.40
1263.00	50239.60
1264.00	50714.73
1265.00	50314.50
1266.00	50422.16
1267.00	50204.49
1268.00	50703.03
1269.00	50611.74
1270.00	50260.66
1271.00	49935.33
1272.00	50183.43
1273.00	50209.17
1274.00	50199.81
1275.00	50756.86
1276.00	50473.65
1277.00	50419.82
1278.00	50490.04
1279.00	50686.64
1280.00	50497.06
1281.00	50213.85
1282.00	50354.29
1283.00	50419.82
1284.00	50176.40
1285.00	50017.25
1286.00	50878.57
1287.00	50602.38
1288.00	50684.30
1289.00	50337.90
1290.00	50459.61
1291.00	50232.58
1292.00	50162.36
1293.00	50237.26
1294.00	49876.82
1295.00	50019.59
1296.00	50108.53
1297.00	50475.99
1298.00	50120.23
1299.00	50391.73
1300.00	50230.24
1301.00	50637.49
1302.00	50869.20
1303.00	50185.77
1304.00	49806.60
1305.00	50340.24
1306.00	49916.61
1307.00	50138.96
1308.00	49996.18
1309.00	49986.82
1310.00	49986.82
1311.00	50574.30
1312.00	50468.97
1313.00	50272.37
1314.00	50504.08
1315.00	50611.74
1316.00	50450.25
1317.00	50394.07
1318.00	50195.13
1319.00	50267.69
1320.00	50754.52
1321.00	50738.13
1322.00	50241.94
1323.00	50218.53
1324.00	50719.41
1325.00	50696.00
1326.00	50642.17
1327.00	50368.33
1328.00	50164.70
1329.00	49851.07
1330.00	50281.73
1331.00	49708.30
1332.00	49935.33
1333.00	49867.45
1334.00	50253.64
1335.00	50398.76
1336.00	50349.60
1337.00	50454.93
1338.00	50342.58
1339.00	50270.03
1340.00	49860.43
1341.00	50145.98
1342.00	49869.79
1343.00	49881.50
1344.00	50550.89
1345.00	50216.19
1346.00	50064.06
1347.00	49703.62
1348.00	50557.91
1349.00	50000.86
1350.00	50199.81
1351.00	50129.59
1352.00	49691.91
1353.00	49429.77
1354.00	49886.18
1355.00	49610.00
1356.00	49537.44
1357.00	49923.63
1358.00	50204.49
1359.00	49869.79
1360.00	50251.30
1361.00	50440.89
1362.00	50014.91
1363.00	49818.30
1364.00	49869.79
1365.00	49652.12
1366.00	49851.07
1367.00	49385.30
1368.00	49029.54
1369.00	49846.39
1370.00	49607.65
1371.00	49736.38
1372.00	50005.55
1373.00	49490.63
1374.00	49841.71
1375.00	49792.56
1376.00	50003.20
1377.00	49591.27
1378.00	49312.75
1379.00	49612.34
1380.00	49822.98
1381.00	49284.66
1382.00	49404.03
1383.00	49301.04
1384.00	49184.02
1385.00	49560.84
1386.00	49780.85
1387.00	49792.56
1388.00	49425.09
1389.00	49090.40
1390.00	49268.28
1391.00	49467.22
1392.00	49013.16
1393.00	49148.91
1394.00	48882.09
1395.00	49050.61
1396.00	49027.20
1397.00	49492.97
1398.00	49303.38
1399.00	49652.12
1400.00	49177.00
1401.00	49556.16
1402.00	49593.61
1403.00	49027.20
1404.00	48872.73
1405.00	48788.47
1406.00	49116.14
1407.00	49027.20
1408.00	49251.89
1409.00	49088.06
1410.00	48755.70
1411.00	48772.08
1412.00	48598.88
1413.00	49205.08
1414.00	48692.50
1415.00	48790.81
1416.00	48711.23
1417.00	48788.47
1418.00	48472.49
1419.00	48538.03
1420.00	48760.38
1421.00	48940.60
1422.00	48474.84
1423.00	49050.61
1424.00	48942.94
1425.00	48669.10
1426.00	48818.89
1427.00	48741.66
1428.00	48811.87
1429.00	48376.53
1430.00	48011.41
1431.00	48151.84
1432.00	48472.49
1433.00	48114.39
1434.00	48231.42
1435.00	48243.12
1436.00	48409.30
1437.00	48322.70
1438.00	48186.95
1439.00	48467.81
1440.00	47966.94
1441.00	47910.77
1442.00	47995.03
1443.00	47964.60
1444.00	47793.74
1445.00	47199.24
1446.00	47594.79
1447.00	47854.59
1448.00	47498.83
1449.00	47590.11
1450.00	48004.39
1451.00	47988.00
1452.00	48289.93
1453.00	47988.00
1454.00	47627.56
1455.00	47676.71
1456.00	47791.40
1457.00	47365.42
1458.00	47388.83
1459.00	47721.18
1460.00	47075.19
1461.00	47578.41
1462.00	47648.63
1463.00	47199.24
1464.00	47800.76
1465.00	47789.06
1466.00	47414.57
1467.00	47810.12
1468.00	47414.57
1469.00	47040.09
1470.00	47192.22
1471.00	47342.02
1472.00	47206.26
1473.00	47318.61
1474.00	47206.26
1475.00	47185.20
1476.00	47634.58
1477.00	47367.76
1478.00	47332.65
1479.00	47384.15
1480.00	47220.31
1481.00	47100.94
1482.00	47267.12
1483.00	47044.77
1484.00	46602.41
1485.00	46794.33
1486.00	46431.55
1487.00	46052.38
1488.00	46405.80
1489.00	46621.13
1490.00	46883.27
1491.00	46934.76
1492.00	46667.94
1493.00	46665.60
1494.00	46295.80
1495.00	46738.16
1496.00	46344.95
1497.00	46094.51
1498.00	46066.42
1499.00	45916.63
1500.00	45933.01
1501.00	46344.95
1502.00	46316.86
1503.00	46745.18
1504.00	46038.34
1505.00	46113.23
1506.00	46459.63
1507.00	46024.29
1508.00	46120.26
1509.00	46024.29
1510.00	46031.32
1511.00	45928.33
1512.00	45558.53
1513.00	46213.88
1514.00	45801.94
1515.00	45951.74
1516.00	45820.67
1517.00	45837.05
1518.00	45804.28
1519.00	45874.50
1520.00	45556.19
1521.00	46045.36
1522.00	45488.31
1523.00	44987.44
1524.00	45462.57
1525.00	45532.78
1526.00	46204.52
1527.00	45563.21
1528.00	45333.84
1529.00	45382.99
1530.00	44978.07
1531.00	45298.73
1532.00	45619.38
1533.00	45677.90
1534.00	45626.40
1535.00	45397.03
1536.00	45102.12
1537.00	45392.35
1538.00	44847.00
1539.00	44907.86
1540.00	44474.86
1541.00	44502.95
1542.00	44919.56
1543.00	44975.73
1544.00	44858.71
1545.00	45116.17
1546.00	44842.32
1547.00	45050.63
1548.00	45013.18
1549.00	45226.17
1550.00	45216.81
1551.00	45095.10
1552.00	44959.35
1553.00	44818.92
1554.00	44755.72
1555.00	44500.61
1556.00	44231.44
1557.00	44318.04
1558.00	44547.42
1559.00	44491.24
1560.00	44446.77
1561.00	44306.34
1562.00	44694.87
1563.00	44301.66
1564.00	44650.40
1565.00	44268.89
1566.00	44053.56
1567.00	44044.20
1568.00	44215.06
1569.00	44091.01
1570.00	44177.61
1571.00	44154.21
1572.00	43992.71
1573.00	43971.64
1574.00	44046.54
1575.00	44093.35
1576.00	44083.99
1577.00	43959.94
1578.00	44568.48
1579.00	43751.63
1580.00	44044.20
1581.00	43377.15
1582.00	43304.59
1583.00	43730.57
1584.00	43384.17
1585.00	43915.47
1586.00	43627.59
1587.00	43435.66
1588.00	43489.49
1589.00	44006.75
1590.00	43573.75
1591.00	44013.77
1592.00	43824.19
1593.00	43480.13
1594.00	43407.58
1595.00	43943.56
1596.00	43501.20
1597.00	43246.08
1598.00	42602.43
1599.00	43115.01
1600.00	42824.78
1601.00	43119.69
1602.00	43035.43
1603.00	43147.78
1604.00	43220.33
1605.00	42895.00
1606.00	43215.65
1607.00	42698.39
1608.00	43187.56
1609.00	42988.62
1610.00	42574.34
1611.00	42733.50
1612.00	42644.56
1613.00	42080.49
1614.00	42431.57
1615.00	42382.42
1616.00	42466.68
1617.00	42845.85
1618.00	42635.20
1619.00	42960.53
1620.00	43007.34
1621.00	42887.98
1622.00	42820.10
1623.00	42501.79
1624.00	42637.54
1625.00	42232.63
1626.00	42066.45
1627.00	42471.36
1628.00	41806.65
1629.00	42040.70
1630.00	42293.48
1631.00	41986.87
1632.00	42068.79
1633.00	41778.56
1634.00	42146.03
1635.00	42305.18
1636.00	42321.57
1637.00	42113.26
1638.00	42040.70
1639.00	42131.98
1640.00	42307.52
1641.00	42368.38
1642.00	41942.40
1643.00	41778.56
1644.00	42071.13
1645.00	41502.38
1646.00	41787.92
1647.00	41851.12
1648.00	42047.72
1649.00	42141.35
1650.00	41752.82
1651.00	41855.80
1652.00	41668.56
1653.00	41900.27
1654.00	41521.10
1655.00	41507.06
1656.00	41647.49
1657.00	41495.36
1658.00	41181.73
1659.00	40751.07
1660.00	41237.90
1661.00	41338.54
1662.00	41216.83
1663.00	41092.79
1664.00	41497.70
1665.00	41818.35
1666.00	41060.02
1667.00	41076.40
1668.00	41368.97
1669.00	41504.72
1670.00	40982.78
1671.00	40748.73
1672.00	41287.05
1673.00	40832.99
1674.00	40521.69
1675.00	40767.45
1676.00	40816.60
1677.00	40903.20
1678.00	40638.72
1679.00	40657.45
1680.00	40610.64
1681.00	40816.60
1682.00	40634.04
1683.00	41104.49
1684.00	40399.99
1685.00	40720.64
1686.00	40935.97
1687.00	40582.55
1688.00	40552.12
1689.00	40605.95
1690.00	40149.55
1691.00	40631.70
1692.00	40187.00
1693.00	40084.01
1694.00	40196.36
1695.00	40315.73
1696.00	40517.01
1697.00	40622.34
1698.00	40371.90
1699.00	40137.85
1700.00	40084.01
1701.00	40470.20
1702.00	39798.47
1703.00	40175.30
1704.00	39793.79
1705.00	40217.43
1706.00	40072.31
1707.00	39421.64
1708.00	39662.72
1709.00	39409.94
1710.00	39782.09
1711.00	39620.59
1712.00	40336.79
1713.00	39512.92
1714.00	39501.22
1715.00	39931.88
1716.00	39585.48
1717.00	39154.82
1718.00	39063.54
1719.00	39384.19
1720.00	39175.89
1721.00	38911.41
1722.00	39386.54
1723.00	39075.24
1724.00	38864.60
1725.00	38770.97
1726.00	39126.74
1727.00	38909.07
1728.00	39201.63
1729.00	38838.85
1730.00	38796.72
1731.00	38773.31
1732.00	38590.75
1733.00	38284.14
1734.00	38302.87
1735.00	38504.15
1736.00	38265.42
1737.00	38150.73
1738.00	38134.35
1739.00	37912.00
1740.00	38117.96
1741.00	37893.27
1742.00	38398.83
1743.00	38300.53
1744.00	38284.14
1745.00	38029.02
1746.00	38024.34
1747.00	38164.78
1748.00	37869.87
1749.00	37792.63
1750.00	37687.31
1751.00	37481.34
1752.00	37853.48
1753.00	37127.92
1754.00	37216.86
1755.00	37198.13
1756.00	37385.38
1757.00	36985.15
1758.00	37352.61
1759.00	37001.53
1760.00	37223.88
1761.00	37591.34
1762.00	37275.37
1763.00	37038.98
1764.00	36786.20
1765.00	37050.68
1766.00	36776.84
1767.00	36830.67
1768.00	36870.46
1769.00	36973.44
1770.00	36769.82
1771.00	36203.41
1772.00	36711.30
1773.00	36720.66
1774.00	36463.21
1775.00	36196.38
1776.00	36411.71
1777.00	36355.54
1778.00	35931.90
1779.00	36683.22
1780.00	35714.23
1781.00	35959.99
1782.00	35915.52
1783.00	35875.73
1784.00	35723.60
1785.00	35534.01
1786.00	35592.53
1787.00	35101.01
1788.00	35016.75
1789.00	35452.09
1790.00	35388.90
1791.00	35278.89
1792.00	35335.07
1793.00	35023.78
1794.00	35152.51
1795.00	35449.75
1796.00	34995.69
1797.00	35269.53
1798.00	35416.99
1799.00	35079.95
1800.00	34986.33
1801.00	34691.42
1802.00	34511.20
1803.00	34831.85
1804.00	34621.20
1805.00	34071.18
1806.00	34328.64
1807.00	34763.98
1808.00	34277.15
1809.00	34263.10
1810.00	34637.59
1811.00	34689.08
1812.00	34288.85
1813.00	34319.28
1814.00	34108.63
1815.00	34307.57
1816.00	34064.16
1817.00	33720.10
1818.00	33699.03
1819.00	33404.13
1820.00	33310.50
1821.00	33577.33
1822.00	33607.75
1823.00	33216.88
1824.00	33170.07
1825.00	33034.32
1826.00	32659.84
1827.00	33151.35
1828.00	33296.46
1829.00	33263.69
1830.00	32854.10
1831.00	31889.80
1832.00	32823.67
1833.00	32830.69
1834.00	32573.24
1835.00	32528.77
1836.00	32226.84
1837.00	31967.04
1838.00	31880.44
1839.00	31819.58
1840.00	31676.81
1841.00	31611.28
1842.00	32020.87
1843.00	31496.59
1844.00	31433.39
1845.00	31438.08
1846.00	31302.32
1847.00	31089.34
1848.00	31358.50
1849.00	31117.42
1850.00	31384.24
1851.00	30796.77
1852.00	30597.82
1853.00	30630.59
1854.00	30389.52
1855.00	30775.70
1856.00	30199.93
1857.00	30314.62
1858.00	30223.34
1859.00	30213.98
1860.00	29935.45
1861.00	30153.12
1862.00	30312.28
1863.00	30162.48
1864.00	29752.89
1865.00	29954.18
1866.00	29766.93
1867.00	30031.41
1868.00	29596.07
1869.00	29467.34
1870.00	29399.47
1871.00	29565.65
1872.00	28994.56
1873.00	29120.95
1874.00	29149.03
1875.00	29048.39
1876.00	28896.25
1877.00	28779.23
1878.00	28739.44
1879.00	28493.68
1880.00	28257.29
1881.00	28217.50
1882.00	28779.23
1883.00	28650.50
1884.00	28601.35
1885.00	28198.77
1886.00	28158.99
1887.00	27768.12
1888.00	27700.24
1889.00	27679.18
1890.00	27402.99
1891.00	27407.67
1892.00	27405.33
1893.00	27239.15
1894.00	27220.43
1895.00	27166.60
1896.00	27201.71
1897.00	26960.63
1898.00	26780.41
1899.00	26822.54
1900.00	27180.64
1901.00	26740.62
1902.00	26672.74
1903.00	26494.86
1904.00	26733.60
1905.00	26277.19
1906.00	26225.70
1907.00	25895.69
1908.00	25624.18
1909.00	25905.05
1910.00	25638.23
1911.00	25729.51
1912.00	25649.93
1913.00	25645.25
1914.00	25720.15
1915.00	25397.15
1916.00	25874.62
1917.00	25329.28
1918.00	25191.19
1919.00	25462.69
1920.00	25776.32
1921.00	25214.59
1922.00	24992.24
1923.00	24954.79
1924.00	24404.77
1925.00	24507.75
1926.00	24580.31
1927.00	24554.56
1928.00	23763.46
1929.00	24154.33
1930.00	23974.11
1931.00	24058.37
1932.00	24147.31
1933.00	24219.86
1934.00	23976.45
1935.00	23770.48
1936.00	24243.27
1937.00	23896.87
1938.00	23726.01
1939.00	23791.55
1940.00	24093.47
1941.00	23604.30
1942.00	23527.06
1943.00	23098.75
1944.00	23063.64
1945.00	22878.74
1946.00	22801.50
1947.00	22607.23
1948.00	22314.67
1949.00	22579.15
1950.00	22375.52
1951.00	22375.52
1952.00	22443.40
1953.00	22794.48
1954.00	22630.64
1955.00	22382.54
1956.00	22230.41
1957.00	22001.04
1958.00	22075.93
1959.00	22001.04
1960.00	21834.86
1961.00	21673.36
1962.00	21617.19
1963.00	21832.52
1964.00	21483.78
1965.00	21310.58
1966.00	21359.73
1967.00	20947.79
1968.00	21277.81
1969.00	21149.08
1970.00	20870.56
1971.00	20971.20
1972.00	20926.73
1973.00	20821.41
1974.00	20816.72
1975.00	20945.45
1976.00	20601.40
1977.00	20563.95
1978.00	20521.82
1979.00	20774.60
1980.00	20634.16
1981.00	20215.21
1982.00	19875.83
1983.00	19709.65
1984.00	20051.37
1985.00	20013.92
1986.00	19587.94
1987.00	19496.66
1988.00	19566.88
1989.00	19571.56
1990.00	19428.79
1991.00	19353.89
1992.00	19522.41
1993.00	19002.81
1994.00	19316.44
1995.00	18841.31
1996.00	19166.65
1997.00	19009.83
1998.00	18970.04
1999.00	19098.77
2000.00	18618.96
2001.00	18539.38
2002.00	18532.36
2003.00	18930.25
2004.00	18347.46
2005.00	18251.50
2006.00	17933.18
2007.00	18265.54
2008.00	18040.85
2009.00	18008.08
2010.00	17937.87
2011.00	17825.52
2012.00	17909.78
2013.00	17926.16
2014.00	17790.41
2015.00	17394.86
2016.00	17657.00
2017.00	17561.04
2018.00	17649.98
2019.00	17214.64
2020.00	17114.00
2021.00	17142.08
2022.00	16947.82
2023.00	16865.90
2024.00	16524.18
2025.00	16624.83
2026.00	17008.67
2027.00	16606.10
2028.00	16533.54
2029.00	16442.26
2030.00	16493.76
2031.00	16552.27
2032.00	16491.41
2033.00	16318.22
2034.00	16278.43
2035.00	16453.97
2036.00	16121.61
2037.00	15903.94
2038.00	15983.52
2039.00	15976.50
2040.00	15927.35
2041.00	15882.88
2042.00	15597.33
2043.00	15557.54
2044.00	15482.64
2045.00	15494.35
2046.00	15201.78
2047.00	15325.83
