0.00	987.71
1.00	987.71
2.00	987.71
3.00	990.05
4.00	922.17
5.00	947.92
6.00	952.60
7.00	931.53
8.00	931.53
9.00	922.17
10.00	945.58
11.00	945.58
12.00	926.85
13.00	954.94
14.00	947.92
15.00	987.71
16.00	910.47
17.00	952.60
18.00	947.92
19.00	917.49
20.00	957.28
21.00	1006.43
22.00	992.39
23.00	1048.56
24.00	1067.28
25.00	1336.45
26.00	1401.98
27.00	1476.88
28.00	1502.62
29.00	1462.83
30.00	1476.88
31.00	1469.86
32.00	1514.33
33.00	1530.71
34.00	1528.37
35.00	1497.94
36.00	1493.26
37.00	1507.30
38.00	1554.12
39.00	1565.82
40.00	1504.96
41.00	1603.27
42.00	1605.61
43.00	1554.12
44.00	1647.74
45.00	1645.40
46.00	1519.01
47.00	1629.01
48.00	1612.63
49.00	1685.19
50.00	1603.27
51.00	1722.63
52.00	1612.63
53.00	1668.80
54.00	1755.40
55.00	1689.87
56.00	1673.48
57.00	1715.61
58.00	1633.69
59.00	1661.78
60.00	1785.83
61.00	1739.02
62.00	1666.46
63.00	1781.15
64.00	1694.55
65.00	1729.66
66.00	1753.06
67.00	1703.91
68.00	1675.82
69.00	1736.68
70.00	1736.68
71.00	1778.81
72.00	1823.28
73.00	1710.93
74.00	1790.51
75.00	1755.40
76.00	1811.57
77.00	1687.53
78.00	1781.15
79.00	1788.17
80.00	1795.19
81.00	1853.70
82.00	1865.41
83.00	1898.17
84.00	1872.43
85.00	1909.88
86.00	1809.23
87.00	1914.56
88.00	1849.02
89.00	1973.07
90.00	1895.83
91.00	1802.21
92.00	1839.66
93.00	1820.94
94.00	1827.96
95.00	1952.01
96.00	1907.54
97.00	1944.99
98.00	2001.16
99.00	1933.28
100.00	1935.62
101.00	1942.64
102.00	1954.35
103.00	1956.69
104.00	1926.26
105.00	1975.41
106.00	1994.14
107.00	1998.82
108.00	2040.95
109.00	1963.71
110.00	2090.10
111.00	1975.41
112.00	2052.65
113.00	1977.75
114.00	2094.78
115.00	2106.48
116.00	2097.12
117.00	2031.58
118.00	2010.52
119.00	2050.31
120.00	2174.36
121.00	2073.71
122.00	2038.61
123.00	2092.44
124.00	2258.62
125.00	2132.23
126.00	2181.38
127.00	2179.04
128.00	2190.74
129.00	2202.44
130.00	2218.83
131.00	2127.55
132.00	2139.25
133.00	2331.17
134.00	2200.10
135.00	2282.02
136.00	2307.77
137.00	2333.51
138.00	2263.30
139.00	2275.00
140.00	2263.30
141.00	2272.66
142.00	2193.08
143.00	2328.83
144.00	2356.92
145.00	2359.26
146.00	2394.37
147.00	2363.94
148.00	2375.64
149.00	2338.20
150.00	2438.84
151.00	2373.30
152.00	2403.73
153.00	2502.03
154.00	2424.80
155.00	2502.03
156.00	2574.59
157.00	2406.07
158.00	2590.97
159.00	2544.16
160.00	2399.05
161.00	2574.59
162.00	2541.82
163.00	2520.76
164.00	2621.40
165.00	2616.72
166.00	2619.06
167.00	2626.08
168.00	2607.36
169.00	2614.38
170.00	2677.57
171.00	2712.68
172.00	2647.15
173.00	2715.02
174.00	2752.47
175.00	2633.10
176.00	2740.77
177.00	2822.69
178.00	2778.22
179.00	2752.47
180.00	2738.43
181.00	2862.48
182.00	2839.07
183.00	2895.24
184.00	2885.88
185.00	2796.94
186.00	2829.71
187.00	2813.32
188.00	2864.82
189.00	2928.01
190.00	2825.03
191.00	2848.43
192.00	2977.16
193.00	2949.08
194.00	3000.57
195.00	3087.17
196.00	3016.95
197.00	3087.17
198.00	3000.57
199.00	3028.65
200.00	3068.44
201.00	3122.27
202.00	3236.96
203.00	3232.28
204.00	3199.51
205.00	3145.68
206.00	3145.68
207.00	3225.26
208.00	3253.34
209.00	3323.56
210.00	3370.37
211.00	3321.22
212.00	3295.47
213.00	3243.98
214.00	3276.75
215.00	3368.03
216.00	3358.67
217.00	3410.16
218.00	3461.65
219.00	3480.38
220.00	3389.10
221.00	3414.84
222.00	3346.97
223.00	3400.80
224.00	3468.67
225.00	3478.04
226.00	3517.83
227.00	3637.19
228.00	3653.58
229.00	3555.27
230.00	3662.94
231.00	3662.94
232.00	3726.13
233.00	3845.50
234.00	3658.26
235.00	3695.71
236.00	3789.33
237.00	3836.14
238.00	3850.18
239.00	3868.91
240.00	3925.08
241.00	3988.27
242.00	3992.95
243.00	4053.81
244.00	3873.59
245.00	4081.89
246.00	3971.89
247.00	4011.68
248.00	4086.58
249.00	4234.03
250.00	4271.48
251.00	4205.94
252.00	4159.13
253.00	4241.05
254.00	4318.29
255.00	4334.67
256.00	4304.25
257.00	4383.82
258.00	4386.16
259.00	4341.69
260.00	4400.21
261.00	4550.00
262.00	4627.24
263.00	4575.75
264.00	4533.62
265.00	4575.75
266.00	4624.90
267.00	4706.82
268.00	4578.09
269.00	4638.94
270.00	4830.87
271.00	4652.98
272.00	4767.67
273.00	4961.94
274.00	4709.16
275.00	4847.25
276.00	4868.31
277.00	5039.17
278.00	4903.42
279.00	4823.84
280.00	4844.91
281.00	4924.49
282.00	5102.37
283.00	5062.58
284.00	5142.16
285.00	5151.52
286.00	5090.67
287.00	5149.18
288.00	5217.05
289.00	5069.60
290.00	5207.69
291.00	5219.39
292.00	5219.39
293.00	5226.42
294.00	5324.72
295.00	5355.15
296.00	5317.70
297.00	5156.20
298.00	5406.64
299.00	5308.34
300.00	5261.52
301.00	5203.01
302.00	5090.67
303.00	5142.16
304.00	5348.12
305.00	5472.17
306.00	5444.09
307.00	5423.02
308.00	5221.74
309.00	5240.46
310.00	5282.59
311.00	5345.78
312.00	5329.40
313.00	5394.93
314.00	5357.49
315.00	5338.76
316.00	5420.68
317.00	5399.62
318.00	5373.87
319.00	5504.94
320.00	5387.91
321.00	5554.09
322.00	5500.26
323.00	5561.11
324.00	5764.74
325.00	5563.45
326.00	5530.69
327.00	5722.61
328.00	5717.93
329.00	5605.58
330.00	5628.99
331.00	5825.59
332.00	5687.50
333.00	5738.99
334.00	5816.23
335.00	5942.62
336.00	5790.49
337.00	5930.92
338.00	5830.27
339.00	5994.11
340.00	5947.30
341.00	6012.84
342.00	6066.67
343.00	5881.77
344.00	6012.84
345.00	6127.52
346.00	6045.60
347.00	6031.56
348.00	6115.82
349.00	6059.65
350.00	6160.29
351.00	6083.05
352.00	6171.99
353.00	6221.14
354.00	6085.39
355.00	6333.49
356.00	6017.52
357.00	6429.45
358.00	6349.87
359.00	6370.94
360.00	6422.43
361.00	6546.48
362.00	6595.63
363.00	6459.88
364.00	6558.18
365.00	6724.36
366.00	6377.96
367.00	6401.37
368.00	6502.01
369.00	6483.28
370.00	6464.56
371.00	6703.29
372.00	6567.54
373.00	6600.31
374.00	6764.15
375.00	6658.82
376.00	6909.26
377.00	6684.57
378.00	6644.78
379.00	7045.01
380.00	6991.18
381.00	6970.12
382.00	7068.42
383.00	7208.85
384.00	7332.90
385.00	7185.44
386.00	7183.10
387.00	7276.73
388.00	7316.51
389.00	7243.96
390.00	7262.68
391.00	7389.07
392.00	7435.88
393.00	7442.90
394.00	7517.80
395.00	7644.19
396.00	7705.04
397.00	7737.81
398.00	7754.19
399.00	7758.88
400.00	7786.96
401.00	7756.54
402.00	7632.49
403.00	7896.97
404.00	8039.74
405.00	7885.26
406.00	8088.89
407.00	8205.92
408.00	7873.56
409.00	7494.40
410.00	7850.16
411.00	8163.79
412.00	8116.98
413.00	8028.04
414.00	8091.23
415.00	8173.15
416.00	8011.65
417.00	8166.13
418.00	8198.90
419.00	8301.88
420.00	8327.63
421.00	8072.51
422.00	8175.49
423.00	8109.96
424.00	7974.21
425.00	7976.55
426.00	8306.56
427.00	8191.88
428.00	7903.99
429.00	8280.82
430.00	8114.64
431.00	8112.30
432.00	8442.31
433.00	8229.32
434.00	8271.45
435.00	8217.62
436.00	8428.27
437.00	8276.13
438.00	8280.82
439.00	8451.67
440.00	8620.19
441.00	8620.19
442.00	8580.40
443.00	8571.04
444.00	8519.55
445.00	8468.06
446.00	8769.99
447.00	8641.26
448.00	8875.31
449.00	8762.97
450.00	8549.98
451.00	8826.16
452.00	8922.12
453.00	8929.14
454.00	8659.98
455.00	9036.81
456.00	8823.82
457.00	8828.50
458.00	9001.70
459.00	8769.99
460.00	8779.35
461.00	8922.12
462.00	8884.67
463.00	8980.64
464.00	8985.32
465.00	8952.55
466.00	8987.66
467.00	9067.24
468.00	9160.86
469.00	9301.29
470.00	9317.67
471.00	9514.28
472.00	9188.94
473.00	9228.73
474.00	9376.19
475.00	9348.10
476.00	9495.55
477.00	9579.81
478.00	9708.54
479.00	9650.03
480.00	9549.39
481.00	9741.31
482.00	9720.24
483.00	9582.15
484.00	9626.62
485.00	9841.95
486.00	9806.84
487.00	9834.93
488.00	9816.21
489.00	9951.96
490.00	9675.77
491.00	9851.31
492.00	9982.38
493.00	9909.83
494.00	10052.60
495.00	10108.77
496.00	10284.31
497.00	10160.27
498.00	10108.77
499.00	9991.75
500.00	10204.74
501.00	10303.04
502.00	10164.95
503.00	10099.41
504.00	10277.29
505.00	10380.28
506.00	10448.15
507.00	10324.10
508.00	10743.06
509.00	10375.59
510.00	10497.30
511.00	10586.24
512.00	10319.42
513.00	10595.61
514.00	10494.96
515.00	10595.61
516.00	10675.18
517.00	10567.52
518.00	10738.38
519.00	10799.23
520.00	10654.12
521.00	10731.36
522.00	10796.89
523.00	10775.83
524.00	10705.61
525.00	10876.47
526.00	11150.31
527.00	10904.56
528.00	10888.17
529.00	11044.99
530.00	11183.08
531.00	11124.57
532.00	11014.56
533.00	10909.24
534.00	10829.66
535.00	11089.46
536.00	11339.90
537.00	10834.34
538.00	11150.31
539.00	11351.60
540.00	11103.50
541.00	11304.79
542.00	11407.77
543.00	11262.66
544.00	11030.94
545.00	11499.05
546.00	11447.56
547.00	11250.96
548.00	11562.25
549.00	11761.19
550.00	11602.04
551.00	11936.73
552.00	11705.02
553.00	11648.85
554.00	11871.20
555.00	11733.11
556.00	11857.15
557.00	11562.25
558.00	11873.54
559.00	12067.80
560.00	11999.93
561.00	12138.02
562.00	12329.94
563.00	11882.90
564.00	12198.87
565.00	12341.64
566.00	12343.99
567.00	12538.25
568.00	12386.12
569.00	12568.68
570.00	12386.12
571.00	12388.46
572.00	12938.48
573.00	12620.17
574.00	12882.31
575.00	13027.42
576.00	13149.13
577.00	12929.12
578.00	13046.15
579.00	13209.98
580.00	12945.50
581.00	13242.75
582.00	13083.59
583.00	13429.99
584.00	13476.80
585.00	13378.50
586.00	13902.78
587.00	13905.12
588.00	13682.77
589.00	13921.51
590.00	13977.68
591.00	14216.41
592.00	14150.88
593.00	14586.22
594.00	14340.46
595.00	14492.60
596.00	14782.82
597.00	14822.61
598.00	14937.30
599.00	14930.28
600.00	15281.36
601.00	15307.10
602.00	15201.78
603.00	15276.68
604.00	15264.97
605.00	15616.05
606.00	16102.89
607.00	15510.73
608.00	15857.13
609.00	15988.20
610.00	15798.62
611.00	16177.78
612.00	16128.63
613.00	16287.79
614.00	16367.37
615.00	16751.21
616.00	16664.61
617.00	16695.04
618.00	17015.69
619.00	17153.79
620.00	17137.40
621.00	17385.50
622.00	17731.90
623.00	17743.60
624.00	17893.40
625.00	17687.43
626.00	17961.27
627.00	18181.28
628.00	18162.56
629.00	18319.37
630.00	18581.51
631.00	19009.83
632.00	18661.09
633.00	18951.32
634.00	18948.98
635.00	19173.67
636.00	19545.81
637.00	19508.37
638.00	19735.40
639.00	19370.27
640.00	19609.01
641.00	19805.61
642.00	19784.55
643.00	20091.16
644.00	20470.33
645.00	20823.75
646.00	20865.88
647.00	20781.62
648.00	20779.28
649.00	21413.56
650.00	21598.46
651.00	21392.50
652.00	21500.16
653.00	21666.34
654.00	22204.66
655.00	21937.84
656.00	22010.40
657.00	22291.26
658.00	22871.72
659.00	22450.42
660.00	23115.13
661.00	22888.10
662.00	23227.48
663.00	23201.73
664.00	23405.36
665.00	23531.75
666.00	23316.42
667.00	23995.17
668.00	23908.57
669.00	23775.16
670.00	23988.15
671.00	24224.54
672.00	24594.35
673.00	24739.46
674.00	24828.40
675.00	24795.64
676.00	24744.14
677.00	24933.73
678.00	25142.03
679.00	25338.64
680.00	25415.88
681.00	25853.56
682.00	25979.95
683.00	25696.74
684.00	25968.24
685.00	26380.18
686.00	26389.54
687.00	26232.72
688.00	26616.57
689.00	26286.56
690.00	26862.33
691.00	26998.08
692.00	27080.00
693.00	27145.53
694.00	27592.58
695.00	27515.34
696.00	27723.65
697.00	27688.54
698.00	27833.65
699.00	28030.26
700.00	27866.42
701.00	28561.56
702.00	28538.15
703.00	28673.90
704.00	28819.02
705.00	28893.91
706.00	28826.04
707.00	29191.16
708.00	29357.34
709.00	29387.77
710.00	29160.73
711.00	29317.55
712.00	29776.30
713.00	29823.11
714.00	29930.77
715.00	29991.62
716.00	29780.98
717.00	29907.37
718.00	30443.35
719.00	30375.47
720.00	30033.75
721.00	30307.60
722.00	30417.60
723.00	30733.57
724.00	31290.62
725.00	31358.50
726.00	30625.91
727.00	31044.87
728.00	31218.07
729.00	31269.56
730.00	31452.12
731.00	31534.04
732.00	31405.31
733.00	31534.04
734.00	31033.16
735.00	31559.78
736.00	31842.99
737.00	31967.04
738.00	32048.96
739.00	32318.12
740.00	31941.29
741.00	32362.59
742.00	32353.23
743.00	32456.21
744.00	32423.44
745.00	32774.52
746.00	33163.05
747.00	32910.27
748.00	33633.50
749.00	33046.02
750.00	32900.91
751.00	32964.10
752.00	33324.55
753.00	33682.65
754.00	33340.93
755.00	33692.01
756.00	33603.07
757.00	33813.72
758.00	33394.76
759.00	33544.56
760.00	33663.93
761.00	34274.80
762.00	34583.76
763.00	33965.85
764.00	34520.56
765.00	34422.26
766.00	34595.46
767.00	34754.61
768.00	35016.75
769.00	34817.81
770.00	35037.82
771.00	35283.58
772.00	35236.77
773.00	35463.80
774.00	35391.24
775.00	35412.31
776.00	35519.97
777.00	35269.53
778.00	36187.02
779.00	35739.98
780.00	36109.78
781.00	35732.96
782.00	35906.16
783.00	35938.93
784.00	35749.34
785.00	36547.47
786.00	36297.03
787.00	36814.29
788.00	36273.62
789.00	36610.66
790.00	36713.64
791.00	36500.65
792.00	37256.65
793.00	37251.97
794.00	36980.46
795.00	37116.22
796.00	37132.60
797.00	37041.32
798.00	36772.16
799.00	37694.33
800.00	37408.78
801.00	37563.26
802.00	37593.68
803.00	38237.33
804.00	37593.68
805.00	37453.25
806.00	37907.32
807.00	38059.45
808.00	38127.33
809.00	38019.66
810.00	38279.46
811.00	38309.89
812.00	38539.26
813.00	38120.31
814.00	38230.31
815.00	38286.48
816.00	38859.91
817.00	39033.11
818.00	38637.56
819.00	38803.74
820.00	38862.26
821.00	38951.20
822.00	38993.32
823.00	38394.15
824.00	39313.98
825.00	39077.58
826.00	39552.71
827.00	39250.78
828.00	39672.08
829.00	39168.87
830.00	39643.99
831.00	39227.38
832.00	39522.29
833.00	40416.37
834.00	39995.07
835.00	40086.36
836.00	40020.82
837.00	40135.51
838.00	39894.43
839.00	40364.88
840.00	40488.93
841.00	40467.86
842.00	40659.79
843.00	40535.74
844.00	40594.25
845.00	40318.07
846.00	40758.09
847.00	40589.57
848.00	40818.94
849.00	41205.13
850.00	41392.37
851.00	40605.95
852.00	41123.21
853.00	40879.80
854.00	41191.09
855.00	40858.73
856.00	41221.52
857.00	41570.25
858.00	41830.05
859.00	41701.32
860.00	42071.13
861.00	41862.82
862.00	41818.35
863.00	42375.40
864.00	42218.58
865.00	41949.42
866.00	42284.12
867.00	42462.00
868.00	42085.17
869.00	42595.41
870.00	42504.13
871.00	42071.13
872.00	42630.52
873.00	42092.19
874.00	42579.03
875.00	42532.22
876.00	42614.13
877.00	42667.97
878.00	42539.24
879.00	42230.29
880.00	42700.73
881.00	42258.37
882.00	43072.88
883.00	42946.49
884.00	42895.00
885.00	43239.06
886.00	42693.71
887.00	43594.82
888.00	43199.27
889.00	42827.12
890.00	43138.41
891.00	43023.73
892.00	43430.98
893.00	43477.79
894.00	43232.04
895.00	43482.47
896.00	43690.78
897.00	43367.79
898.00	43686.10
899.00	43571.41
900.00	43742.27
901.00	43445.02
902.00	43899.09
903.00	44397.62
904.00	43627.59
905.00	43828.87
906.00	44107.40
907.00	43957.60
908.00	43997.39
909.00	43847.60
910.00	44191.65
911.00	44884.45
912.00	44800.19
913.00	44327.41
914.00	44357.83
915.00	44280.60
916.00	45038.93
917.00	44329.75
918.00	45104.46
919.00	44933.60
920.00	45034.25
921.00	44753.38
922.00	44601.25
923.00	45347.88
924.00	44804.88
925.00	44521.67
926.00	45338.52
927.00	45406.39
928.00	45502.35
929.00	45476.61
930.00	45160.64
931.00	45209.79
932.00	45397.03
933.00	45343.20
934.00	45158.30
935.00	45008.50
936.00	45368.94
937.00	45680.24
938.00	45762.15
939.00	45434.48
940.00	45911.95
941.00	46010.25
942.00	45429.80
943.00	45434.48
944.00	45727.05
945.00	46038.34
946.00	45998.55
947.00	45923.65
948.00	46031.32
949.00	46251.33
950.00	45965.78
951.00	46267.71
952.00	46440.91
953.00	46174.09
954.00	46122.60
955.00	46213.88
956.00	46532.19
957.00	46073.45
958.00	46520.49
959.00	46354.31
960.00	46335.59
961.00	46028.98
962.00	45581.93
963.00	46429.21
964.00	46625.81
965.00	46983.91
966.00	47114.98
967.00	47035.41
968.00	47093.92
969.00	46763.90
970.00	46983.91
971.00	47030.72
972.00	46920.72
973.00	47229.67
974.00	47639.26
975.00	47131.37
976.00	47849.91
977.00	47489.47
978.00	47325.63
979.00	46916.04
980.00	47009.66
981.00	47171.16
982.00	47765.65
983.00	47702.46
984.00	48011.41
985.00	47990.34
986.00	47763.31
987.00	47152.43
988.00	47215.63
989.00	47735.23
990.00	47393.51
991.00	47519.90
992.00	47751.61
993.00	47643.94
994.00	47913.11
995.00	47950.56
996.00	47903.74
997.00	48205.67
998.00	48334.40
999.00	47686.07
1000.00	48137.80
1001.00	48121.41
1002.00	47819.49
1003.00	48062.90
1004.00	48086.31
1005.00	48072.26
1006.00	47835.87
1007.00	47934.17
1008.00	48334.40
1009.00	48088.65
1010.00	47810.12
1011.00	48182.27
1012.00	48650.38
1013.00	48402.28
1014.00	48294.61
1015.00	48589.52
1016.00	48435.05
1017.00	47793.74
1018.00	48273.55
1019.00	48402.28
1020.00	48652.72
1021.00	48692.50
1022.00	48868.05
1023.00	48516.96
1024.00	48961.67
1025.00	48690.16
1026.00	48704.21
1027.00	49017.84
1028.00	48856.34
1029.00	48432.71
1030.00	48636.33
1031.00	48971.03
1032.00	49230.83
1033.00	49139.55
1034.00	48708.89
1035.00	48964.01
1036.00	48378.87
1037.00	49305.73
1038.00	49378.28
1039.00	49020.18
1040.00	49151.25
1041.00	49223.81
1042.00	49029.54
1043.00	49024.86
1044.00	48975.71
1045.00	49148.91
1046.00	49378.28
1047.00	49184.02
1048.00	49287.00
1049.00	49331.47
1050.00	48811.87
1051.00	49476.58
1052.00	49598.29
1053.00	49556.16
1054.00	49467.22
1055.00	49020.18
1056.00	49455.52
1057.00	49371.26
1058.00	49645.10
1059.00	49764.47
1060.00	49556.16
1061.00	49619.36
1062.00	49193.38
1063.00	49244.87
1064.00	49312.75
1065.00	49345.51
1066.00	49446.16
1067.00	49993.84
1068.00	49790.22
1069.00	50080.44
1070.00	49979.80
1071.00	49588.93
1072.00	50234.92
1073.00	49811.28
1074.00	49617.02
1075.00	49937.67
1076.00	49364.24
1077.00	50014.91
1078.00	49961.08
1079.00	49918.95
1080.00	50007.89
1081.00	50019.59
1082.00	50012.57
1083.00	49879.16
1084.00	49965.76
1085.00	50314.50
1086.00	49666.17
1087.00	49626.38
1088.00	50031.29
1089.00	49244.87
1090.00	50555.57
1091.00	50040.65
1092.00	50120.23
1093.00	49881.50
1094.00	50094.49
1095.00	50028.95
1096.00	49794.90
1097.00	49918.95
1098.00	50035.97
1099.00	49975.12
1100.00	50431.52
1101.00	50401.10
1102.00	50377.69
1103.00	50288.75
1104.00	49921.29
1105.00	49869.79
1106.00	49888.52
1107.00	50167.04
1108.00	50052.36
1109.00	50391.73
1110.00	50595.36
1111.00	50726.43
1112.00	50291.09
1113.00	50431.52
1114.00	50333.22
1115.00	50174.06
1116.00	50321.52
1117.00	50255.98
1118.00	49790.22
1119.00	50401.10
1120.00	50770.90
1121.00	50223.22
1122.00	50309.82
1123.00	50272.37
1124.00	50192.79
1125.00	50237.26
1126.00	49883.84
1127.00	50014.91
1128.00	50375.35
1129.00	50190.45
1130.00	50422.16
1131.00	50398.76
1132.00	49935.33
1133.00	50630.47
1134.00	50157.68
1135.00	50080.44
1136.00	49727.02
1137.00	50087.46
1138.00	49799.58
1139.00	50204.49
1140.00	50328.54
1141.00	50593.02
1142.00	50639.83
1143.00	50574.30
1144.00	50206.83
1145.00	50440.89
1146.00	50417.48
1147.00	50197.47
1148.00	50145.98
1149.00	50333.22
1150.00	50319.18
1151.00	50532.17
1152.00	50602.38
1153.00	50836.44
1154.00	50588.34
1155.00	50267.69
1156.00	49911.92
1157.00	49944.69
1158.00	50178.75
1159.00	50384.71
1160.00	50293.43
1161.00	50431.52
1162.00	50546.21
1163.00	50265.34
1164.00	50281.73
1165.00	50291.09
1166.00	50387.05
1167.00	50305.13
1168.00	50504.08
1169.00	50080.44
1170.00	50066.40
1171.00	49984.48
1172.00	50197.47
1173.00	50007.89
1174.00	50417.48
1175.00	50515.78
1176.00	50403.44
1177.00	50284.07
1178.00	50340.24
1179.00	50394.07
1180.00	49736.38
1181.00	50316.84
1182.00	50106.19
1183.00	50239.60
1184.00	50281.73
1185.00	50532.17
1186.00	50773.24
1187.00	49698.94
1188.00	50368.33
1189.00	50148.32
1190.00	50373.01
1191.00	50302.79
1192.00	49783.19
1193.00	49818.30
1194.00	50148.32
1195.00	50089.80
1196.00	50658.56
1197.00	50347.26
1198.00	50384.71
1199.00	50087.46
1200.00	50328.54
1201.00	50305.13
1202.00	49947.03
1203.00	49911.92
1204.00	50377.69
1205.00	50351.94
1206.00	50520.46
1207.00	50035.97
1208.00	50429.18
1209.00	50237.26
1210.00	49869.79
1211.00	50777.92
1212.00	50115.55
1213.00	50110.87
1214.00	50279.39
1215.00	49888.52
1216.00	50452.59
1217.00	50000.86
1218.00	50501.74
1219.00	50468.97
1220.00	50396.42
1221.00	50237.26
1222.00	50057.04
1223.00	49752.77
1224.00	50080.44
1225.00	49514.03
1226.00	50066.40
1227.00	50075.76
1228.00	50148.32
1229.00	49977.46
1230.00	50480.67
1231.00	50218.53
1232.00	50375.35
1233.00	50485.36
1234.00	50078.10
1235.00	49909.58
1236.00	49867.45
1237.00	50225.56
1238.00	49961.08
1239.00	50267.69
1240.00	50485.36
1241.00	50520.46
1242.00	50848.14
1243.00	50670.26
1244.00	50195.13
1245.00	50267.69
1246.00	50024.27
1247.00	49839.37
1248.00	50265.34
1249.00	50155.34
1250.00	50204.49
1251.00	50354.29
1252.00	50586.00
1253.00	50497.06
1254.00	50365.99
1255.00	50642.17
1256.00	50511.10
1257.00	50206.83
1258.00	50670.26
1259.00	50087.46
1260.00	49867.45
1261.00	50375.35
1262.00	50265.34
1263.00	50415.14
1264.00	50567.27
1265.00	50571.96
1266.00	50623.45
1267.00	50485.36
1268.00	50365.99
1269.00	50422.16
1270.00	50628.13
1271.00	50019.59
1272.00	50391.73
1273.00	50607.06
1274.00	50373.01
1275.00	50742.81
1276.00	50852.82
1277.00	50459.61
1278.00	50522.80
1279.00	50712.39
1280.00	50361.31
1281.00	50363.65
1282.00	50574.30
1283.00	50057.04
1284.00	50323.86
1285.00	50014.91
1286.00	50789.62
1287.00	50302.79
1288.00	50789.62
1289.00	50529.83
1290.00	50384.71
1291.00	50511.10
1292.00	50635.15
1293.00	50506.42
1294.00	50047.68
1295.00	50347.26
1296.00	50183.43
1297.00	50569.61
1298.00	50302.79
1299.00	50281.73
1300.00	50417.48
1301.00	50382.37
1302.00	50625.79
1303.00	50253.64
1304.00	50040.65
1305.00	50134.28
1306.00	50635.15
1307.00	50464.29
1308.00	50286.41
1309.00	50700.68
1310.00	50588.34
1311.00	50597.70
1312.00	50389.39
1313.00	50918.35
1314.00	50422.16
1315.00	50265.34
1316.00	50609.40
1317.00	50698.34
1318.00	49996.18
1319.00	50281.73
1320.00	50333.22
1321.00	50122.57
1322.00	50494.72
1323.00	50644.51
1324.00	50623.45
1325.00	51019.00
1326.00	50464.29
1327.00	50555.57
1328.00	50127.25
1329.00	50113.21
1330.00	50754.52
1331.00	50183.43
1332.00	50408.12
1333.00	49954.05
1334.00	50459.61
1335.00	50377.69
1336.00	50373.01
1337.00	50525.14
1338.00	50630.47
1339.00	50284.07
1340.00	50433.86
1341.00	49785.54
1342.00	50082.78
1343.00	50328.54
1344.00	50218.53
1345.00	50120.23
1346.00	50185.77
1347.00	50291.09
1348.00	50616.43
1349.00	50162.36
1350.00	50387.05
1351.00	50323.86
1352.00	50181.09
1353.00	49504.67
1354.00	49694.25
1355.00	49951.71
1356.00	50092.15
1357.00	49841.71
1358.00	50541.53
1359.00	49825.32
1360.00	50323.86
1361.00	50169.38
1362.00	50389.39
1363.00	49977.46
1364.00	50052.36
1365.00	49968.10
1366.00	49876.82
1367.00	49822.98
1368.00	49539.78
1369.00	49691.91
1370.00	49745.75
1371.00	49832.35
1372.00	50005.55
1373.00	49954.05
1374.00	50007.89
1375.00	50007.89
1376.00	49666.17
1377.00	49436.80
1378.00	49633.40
1379.00	49530.42
1380.00	49434.45
1381.00	49389.98
1382.00	49434.45
1383.00	49469.56
1384.00	49757.45
1385.00	49532.76
1386.00	49694.25
1387.00	49738.72
1388.00	49432.11
1389.00	49111.46
1390.00	49265.94
1391.00	49261.26
1392.00	49298.70
1393.00	49450.84
1394.00	49041.24
1395.00	48954.64
1396.00	49081.03
1397.00	49230.83
1398.00	49595.95
1399.00	49495.31
1400.00	49490.63
1401.00	49895.54
1402.00	48842.30
1403.00	49092.74
1404.00	49134.87
1405.00	48856.34
1406.00	49090.40
1407.00	48832.94
1408.00	49385.30
1409.00	49525.74
1410.00	48865.70
1411.00	49364.24
1412.00	49233.17
1413.00	48928.90
1414.00	49499.99
1415.00	48772.08
1416.00	49158.27
1417.00	48954.64
1418.00	48767.40
1419.00	48481.86
1420.00	48442.07
1421.00	48940.60
1422.00	48568.46
1423.00	48980.39
1424.00	48811.87
1425.00	48741.66
1426.00	48839.96
1427.00	48617.61
1428.00	48697.19
1429.00	48767.40
1430.00	48325.04
1431.00	48575.48
1432.00	48388.24
1433.00	48327.38
1434.00	47927.15
1435.00	48587.18
1436.00	48692.50
1437.00	48144.82
1438.00	48149.50
1439.00	48624.63
1440.00	48161.20
1441.00	48083.97
1442.00	48423.34
1443.00	48004.39
1444.00	48053.54
1445.00	47517.56
1446.00	48011.41
1447.00	47835.87
1448.00	47643.94
1449.00	47817.14
1450.00	47913.11
1451.00	48254.82
1452.00	48184.61
1453.00	48039.50
1454.00	47695.44
1455.00	47683.73
1456.00	47634.58
1457.00	47868.64
1458.00	47636.92
1459.00	47735.23
1460.00	47152.43
1461.00	47299.89
1462.00	47323.29
1463.00	47594.79
1464.00	47756.29
1465.00	47683.73
1466.00	47517.56
1467.00	47531.60
1468.00	47346.70
1469.00	47531.60
1470.00	47171.16
1471.00	47374.78
1472.00	46946.47
1473.00	46930.08
1474.00	47021.36
1475.00	47232.01
1476.00	47398.19
1477.00	47409.89
1478.00	47547.98
1479.00	47721.18
1480.00	47618.20
1481.00	47281.16
1482.00	47316.27
1483.00	47473.09
1484.00	46721.77
1485.00	46712.41
1486.00	46358.99
1487.00	46588.36
1488.00	46869.23
1489.00	46838.80
1490.00	46705.39
1491.00	46588.36
1492.00	46770.93
1493.00	46759.22
1494.00	46871.57
1495.00	46583.68
1496.00	46532.19
1497.00	46501.76
1498.00	46656.24
1499.00	45984.51
1500.00	46178.77
1501.00	46611.77
1502.00	45947.06
1503.00	46445.59
1504.00	46293.46
1505.00	46618.79
1506.00	46672.62
1507.00	46197.49
1508.00	46153.02
1509.00	46380.06
1510.00	45762.15
1511.00	46000.89
1512.00	45298.73
1513.00	45745.77
1514.00	45652.15
1515.00	45614.70
1516.00	45713.00
1517.00	45570.23
1518.00	45865.14
1519.00	45729.39
1520.00	45722.37
1521.00	46248.99
1522.00	45694.28
1523.00	45450.86
1524.00	45776.20
1525.00	45551.51
1526.00	45322.13
1527.00	45397.03
1528.00	45420.44
1529.00	45570.23
1530.00	45429.80
1531.00	45848.75
1532.00	45324.47
1533.00	45453.20
1534.00	45532.78
1535.00	45471.93
1536.00	45722.37
1537.00	45294.05
1538.00	45134.89
1539.00	45045.95
1540.00	44980.42
1541.00	45069.36
1542.00	44804.88
1543.00	45289.37
1544.00	45436.82
1545.00	45050.63
1546.00	45116.17
1547.00	45287.03
1548.00	45411.07
1549.00	45361.92
1550.00	44746.36
1551.00	45177.02
1552.00	44779.13
1553.00	44839.98
1554.00	44793.17
1555.00	44664.44
1556.00	44311.02
1557.00	44470.18
1558.00	44210.38
1559.00	44701.89
1560.00	44996.80
1561.00	44446.77
1562.00	44657.42
1563.00	44498.26
1564.00	45006.16
1565.00	43885.04
1566.00	44191.65
1567.00	44435.07
1568.00	44863.39
1569.00	44397.62
1570.00	43955.26
1571.00	43950.58
1572.00	43828.87
1573.00	44154.21
1574.00	44086.33
1575.00	43995.05
1576.00	44266.55
1577.00	43856.96
1578.00	43702.48
1579.00	44308.68
1580.00	44212.72
1581.00	44027.82
1582.00	43648.65
1583.00	43950.58
1584.00	43349.06
1585.00	43845.26
1586.00	43473.11
1587.00	43686.10
1588.00	43461.41
1589.00	43997.39
1590.00	43452.05
1591.00	43524.60
1592.00	43929.51
1593.00	43718.87
1594.00	43320.98
1595.00	43388.85
1596.00	43667.37
1597.00	43564.39
1598.00	43328.00
1599.00	42988.62
1600.00	43105.65
1601.00	42934.79
1602.00	43175.86
1603.00	43023.73
1604.00	43351.40
1605.00	43203.95
1606.00	43241.40
1607.00	42899.68
1608.00	42813.08
1609.00	43103.31
1610.00	42726.48
1611.00	42745.20
1612.00	42667.97
1613.00	42836.48
1614.00	43175.86
1615.00	42377.74
1616.00	42824.78
1617.00	42717.12
1618.00	42955.85
1619.00	42618.81
1620.00	42801.38
1621.00	42693.71
1622.00	43105.65
1623.00	42855.21
1624.00	42604.77
1625.00	43105.65
1626.00	42274.76
1627.00	42703.07
1628.00	42354.33
1629.00	42347.31
1630.00	42347.31
1631.00	42454.98
1632.00	42375.40
1633.00	42197.52
1634.00	42295.82
1635.00	42457.32
1636.00	42618.81
1637.00	42064.11
1638.00	42440.93
1639.00	42218.58
1640.00	42546.26
1641.00	41727.07
1642.00	41656.85
1643.00	41900.27
1644.00	41675.58
1645.00	41675.58
1646.00	41797.29
1647.00	41977.51
1648.00	42029.00
1649.00	41713.03
1650.00	42007.94
1651.00	41879.21
1652.00	41596.00
1653.00	41965.81
1654.00	42129.64
1655.00	41780.90
1656.00	41654.51
1657.00	41404.08
1658.00	41385.35
1659.00	41151.30
1660.00	41509.40
1661.00	41329.18
1662.00	41333.86
1663.00	40987.46
1664.00	41256.62
1665.00	41448.55
1666.00	41588.98
1667.00	41591.32
1668.00	41570.25
1669.00	41053.00
1670.00	41345.56
1671.00	40720.64
1672.00	41387.69
1673.00	41031.93
1674.00	40620.00
1675.00	40861.07
1676.00	40739.36
1677.00	40900.86
1678.00	40844.69
1679.00	40584.89
1680.00	40985.12
1681.00	41233.22
1682.00	40964.06
1683.00	41226.20
1684.00	40287.64
1685.00	40357.86
1686.00	40795.54
1687.00	40781.49
1688.00	40914.90
1689.00	40713.62
1690.00	40442.12
1691.00	40140.19
1692.00	40320.41
1693.00	40079.33
1694.00	40297.00
1695.00	40182.32
1696.00	40011.46
1697.00	40444.46
1698.00	40144.87
1699.00	40509.99
1700.00	40154.23
1701.00	40304.02
1702.00	40151.89
1703.00	39924.86
1704.00	39966.99
1705.00	39938.90
1706.00	39845.28
1707.00	39557.39
1708.00	39585.48
1709.00	39985.71
1710.00	39697.83
1711.00	39810.17
1712.00	39725.91
1713.00	39718.89
1714.00	39768.04
1715.00	39995.07
1716.00	39587.82
1717.00	39210.99
1718.00	39161.84
1719.00	39407.60
1720.00	39342.06
1721.00	39096.31
1722.00	38773.31
1723.00	38871.62
1724.00	39161.84
1725.00	38642.24
1726.00	38733.53
1727.00	38869.28
1728.00	39147.80
1729.00	38810.76
1730.00	38728.84
1731.00	38904.38
1732.00	39103.33
1733.00	38897.36
1734.00	38593.09
1735.00	38630.54
1736.00	38361.38
1737.00	38031.36
1738.00	38543.94
1739.00	38377.76
1740.00	38094.56
1741.00	38050.09
1742.00	38183.50
1743.00	38071.15
1744.00	38319.25
1745.00	38195.20
1746.00	38169.46
1747.00	38155.41
1748.00	37954.13
1749.00	37806.67
1750.00	37656.88
1751.00	37628.79
1752.00	38078.18
1753.00	37043.66
1754.00	37263.67
1755.00	36912.59
1756.00	37350.27
1757.00	37450.91
1758.00	37507.08
1759.00	36861.10
1760.00	37106.85
1761.00	37460.27
1762.00	37240.26
1763.00	37172.39
1764.00	37156.00
1765.00	37092.81
1766.00	36931.31
1767.00	37186.43
1768.00	36912.59
1769.00	36692.58
1770.00	36823.65
1771.00	36322.77
1772.00	36355.54
1773.00	36488.95
1774.00	36917.27
1775.00	36519.38
1776.00	36353.20
1777.00	36135.53
1778.00	36158.94
1779.00	36390.65
1780.00	36339.16
1781.00	35873.39
1782.00	35957.65
1783.00	35620.61
1784.00	36055.95
1785.00	35573.80
1786.00	35257.83
1787.00	35496.56
1788.00	35431.03
1789.00	35227.40
1790.00	35374.86
1791.00	35768.07
1792.00	35246.13
1793.00	35234.42
1794.00	35157.19
1795.00	34967.60
1796.00	35096.33
1797.00	34752.27
1798.00	35438.05
1799.00	35103.35
1800.00	34934.84
1801.00	34962.92
1802.00	34487.79
1803.00	34670.36
1804.00	34550.99
1805.00	34345.02
1806.00	34431.62
1807.00	34099.26
1808.00	34171.82
1809.00	34623.54
1810.00	34213.95
1811.00	34307.57
1812.00	34384.81
1813.00	33715.42
1814.00	34153.10
1815.00	34099.26
1816.00	34181.18
1817.00	33631.16
1818.00	33993.94
1819.00	33858.19
1820.00	33832.44
1821.00	33385.40
1822.00	33031.98
1823.00	33195.82
1824.00	33277.74
1825.00	33383.06
1826.00	32952.40
1827.00	32893.89
1828.00	32788.56
1829.00	33027.30
1830.00	33418.17
1831.00	32158.96
1832.00	32706.65
1833.00	33371.36
1834.00	32566.21
1835.00	32486.64
1836.00	32655.15
1837.00	32072.36
1838.00	31922.57
1839.00	31803.20
1840.00	32072.36
1841.00	31786.82
1842.00	31402.97
1843.00	31323.39
1844.00	31330.41
1845.00	31590.21
1846.00	31620.64
1847.00	31236.79
1848.00	31262.54
1849.00	31454.46
1850.00	30967.63
1851.00	31110.40
1852.00	30810.81
1853.00	30623.57
1854.00	30558.03
1855.00	30366.11
1856.00	30279.51
1857.00	30450.37
1858.00	30274.83
1859.00	30089.93
1860.00	30188.23
1861.00	30019.71
1862.00	30026.73
1863.00	30019.71
1864.00	30103.97
1865.00	29895.66
1866.00	29947.15
1867.00	29457.98
1868.00	29539.90
1869.00	29385.43
1870.00	29771.61
1871.00	29134.99
1872.00	29191.16
1873.00	29205.20
1874.00	28924.34
1875.00	29069.45
1876.00	28994.56
1877.00	28737.10
1878.00	28526.45
1879.00	28638.80
1880.00	28182.39
1881.00	28549.85
1882.00	28386.02
1883.00	28479.64
1884.00	28526.45
1885.00	28386.02
1886.00	28058.34
1887.00	27910.89
1888.00	28004.51
1889.00	27730.67
1890.00	27639.39
1891.00	27473.21
1892.00	27463.85
1893.00	27669.81
1894.00	27072.98
1895.00	27431.08
1896.00	27232.13
1897.00	27072.98
1898.00	27215.75
1899.00	27164.26
1900.00	27190.00
1901.00	26934.88
1902.00	26593.17
1903.00	26862.33
1904.00	26572.10
1905.00	26340.39
1906.00	26471.46
1907.00	25837.17
1908.00	25696.74
1909.00	25626.53
1910.00	25937.82
1911.00	25582.06
1912.00	25832.49
1913.00	25535.24
1914.00	26005.69
1915.00	25738.87
1916.00	25315.23
1917.00	25249.70
1918.00	25289.49
1919.00	25490.77
1920.00	25565.67
1921.00	25312.89
1922.00	24959.47
1923.00	25095.22
1924.00	25174.80
1925.00	24446.90
1926.00	24517.11
1927.00	24559.24
1928.00	24325.19
1929.00	24444.56
1930.00	24065.39
1931.00	24205.82
1932.00	23974.11
1933.00	23985.81
1934.00	24231.57
1935.00	24168.37
1936.00	24060.71
1937.00	23559.83
1938.00	23960.06
1939.00	23662.82
1940.00	23672.18
1941.00	23796.23
1942.00	23770.48
1943.00	23215.77
1944.00	23557.49
1945.00	23222.80
1946.00	22920.87
1947.00	23084.70
1948.00	22389.56
1949.00	22597.87
1950.00	22775.75
1951.00	22450.42
1952.00	22457.44
1953.00	22670.43
1954.00	22377.86
1955.00	22696.17
1956.00	22724.26
1957.00	22232.75
1958.00	21947.20
1959.00	22284.24
1960.00	21696.77
1961.00	21790.39
1962.00	21853.58
1963.00	21308.24
1964.00	21455.69
1965.00	21572.72
1966.00	21366.75
1967.00	20968.86
1968.00	20748.85
1969.00	20837.79
1970.00	21067.16
1971.00	20985.24
1972.00	21270.79
1973.00	20842.47
1974.00	21125.68
1975.00	20917.37
1976.00	20533.52
1977.00	20699.70
1978.00	20620.12
1979.00	20655.23
1980.00	20336.91
1981.00	20219.89
1982.00	19920.30
1983.00	20095.84
1984.00	19924.98
1985.00	19875.83
1986.00	19758.80
1987.00	19503.68
1988.00	19489.64
1989.00	19396.02
1990.00	19545.81
1991.00	19318.78
1992.00	19541.13
1993.00	19377.30
1994.00	19424.11
1995.00	19222.82
1996.00	18986.43
1997.00	19119.84
1998.00	18981.74
1999.00	18874.08
2000.00	18796.84
2001.00	18721.95
2002.00	18642.37
2003.00	18394.27
2004.00	18434.06
2005.00	18115.75
2006.00	18104.04
2007.00	18202.35
2008.00	18073.62
2009.00	17869.99
2010.00	17879.35
2011.00	17867.65
2012.00	18082.98
2013.00	17926.16
2014.00	17860.63
2015.00	17673.39
2016.00	17886.37
2017.00	17851.27
2018.00	17411.25
2019.00	17357.41
2020.00	17291.88
2021.00	17207.62
2022.00	17156.13
2023.00	16989.95
2024.00	16870.58
2025.00	16889.31
2026.00	16503.12
2027.00	16587.38
2028.00	16599.08
2029.00	16535.88
2030.00	16594.40
2031.00	16613.12
2032.00	16704.40
2033.00	16512.48
2034.00	16486.73
2035.00	16468.01
2036.00	16156.72
2037.00	15943.73
2038.00	15712.02
2039.00	15978.84
2040.00	16023.31
2041.00	16042.03
2042.00	15754.15
2043.00	15651.16
2044.00	15627.76
2045.00	15470.94
2046.00	15520.09
2047.00	15321.15
