0.00	1078.99
1.00	1078.99
2.00	1078.99
3.00	1064.94
4.00	983.02
5.00	1043.88
6.00	999.41
7.00	990.05
8.00	924.51
9.00	938.55
10.00	957.28
11.00	957.28
12.00	994.73
13.00	959.62
14.00	1015.79
15.00	1013.45
16.00	954.94
17.00	1041.54
18.00	1011.11
19.00	978.34
20.00	976.00
21.00	1036.86
22.00	1078.99
23.00	1069.62
24.00	1067.28
25.00	1394.96
26.00	1455.81
27.00	1514.33
28.00	1523.69
29.00	1425.39
30.00	1500.28
31.00	1455.81
32.00	1530.71
33.00	1521.35
34.00	1556.46
35.00	1556.46
36.00	1589.22
37.00	1561.14
38.00	1521.35
39.00	1582.20
40.00	1605.61
41.00	1600.93
42.00	1680.50
43.00	1664.12
44.00	1650.08
45.00	1671.14
46.00	1654.76
47.00	1673.48
48.00	1600.93
49.00	1703.91
50.00	1652.42
51.00	1678.16
52.00	1668.80
53.00	1708.59
54.00	1682.85
55.00	1689.87
56.00	1732.00
57.00	1692.21
58.00	1682.85
59.00	1643.06
60.00	1708.59
61.00	1664.12
62.00	1741.36
63.00	1710.93
64.00	1682.85
65.00	1722.63
66.00	1722.63
67.00	1732.00
68.00	1760.08
69.00	1802.21
70.00	1724.97
71.00	1741.36
72.00	1797.53
73.00	1760.08
74.00	1748.38
75.00	1830.30
76.00	1881.79
77.00	1860.73
78.00	1923.92
79.00	1844.34
80.00	1842.00
81.00	1825.62
82.00	1804.55
83.00	1949.67
84.00	1820.94
85.00	1851.36
86.00	1867.75
87.00	1827.96
88.00	1923.92
89.00	1975.41
90.00	1839.66
91.00	1940.30
92.00	1872.43
93.00	1898.17
94.00	2017.54
95.00	1973.07
96.00	1980.09
97.00	1902.86
98.00	1984.77
99.00	1947.33
100.00	1926.26
101.00	1914.56
102.00	2122.87
103.00	1987.11
104.00	2015.20
105.00	2050.31
106.00	2005.84
107.00	2040.95
108.00	2036.27
109.00	2033.93
110.00	1982.43
111.00	2080.74
112.00	2045.63
113.00	2003.50
114.00	2010.52
115.00	1994.14
116.00	2062.01
117.00	2059.67
118.00	2153.29
119.00	2122.87
120.00	2136.91
121.00	2155.63
122.00	2106.48
123.00	2165.00
124.00	2101.80
125.00	2127.55
126.00	2043.29
127.00	2193.08
128.00	2225.85
129.00	2204.78
130.00	2303.09
131.00	2237.55
132.00	2305.43
133.00	2319.47
134.00	2272.66
135.00	2183.72
136.00	2230.53
137.00	2377.98
138.00	2237.55
139.00	2356.92
140.00	2338.20
141.00	2272.66
142.00	2324.15
143.00	2305.43
144.00	2394.37
145.00	2417.77
146.00	2406.07
147.00	2361.60
148.00	2401.39
149.00	2392.03
150.00	2417.77
151.00	2363.94
152.00	2480.97
153.00	2459.90
154.00	2548.84
155.00	2532.46
156.00	2558.21
157.00	2555.86
158.00	2506.71
159.00	2457.56
160.00	2502.03
161.00	2541.82
162.00	2567.57
163.00	2633.10
164.00	2567.57
165.00	2583.95
166.00	2665.87
167.00	2700.98
168.00	2656.51
169.00	2523.10
170.00	2602.68
171.00	2738.43
172.00	2682.25
173.00	2647.15
174.00	2623.74
175.00	2726.72
176.00	2708.00
177.00	2782.90
178.00	2825.03
179.00	2743.11
180.00	2773.53
181.00	2827.37
182.00	2853.11
183.00	2803.96
184.00	2864.82
185.00	2818.00
186.00	2803.96
187.00	2829.71
188.00	2895.24
189.00	2871.84
190.00	2930.35
191.00	2953.76
192.00	3061.42
193.00	2974.82
194.00	3096.53
195.00	2981.84
196.00	3000.57
197.00	3056.74
198.00	3215.90
199.00	3009.93
200.00	3030.99
201.00	3007.59
202.00	3045.04
203.00	3119.93
204.00	3136.32
205.00	3185.47
206.00	3150.36
207.00	3229.94
208.00	3225.26
209.00	3339.94
210.00	3276.75
211.00	3307.18
212.00	3339.94
213.00	3236.96
214.00	3335.26
215.00	3337.60
216.00	3407.82
217.00	3489.74
218.00	3332.92
219.00	3332.92
220.00	3489.74
221.00	3463.99
222.00	3562.30
223.00	3435.91
224.00	3543.57
225.00	3557.61
226.00	3384.41
227.00	3517.83
228.00	3658.26
229.00	3574.00
230.00	3775.28
231.00	3599.74
232.00	3604.42
233.00	3777.62
234.00	3864.22
235.00	3758.90
236.00	3932.10
237.00	3728.47
238.00	3889.97
239.00	3852.52
240.00	3810.39
241.00	4102.96
242.00	3990.61
243.00	4035.08
244.00	4039.76
245.00	4109.98
246.00	4021.04
247.00	4088.92
248.00	4168.49
249.00	4102.96
250.00	4224.67
251.00	4215.30
252.00	4339.35
253.00	4217.65
254.00	4358.08
255.00	4332.33
256.00	4393.19
257.00	4362.76
258.00	4440.00
259.00	4512.55
260.00	4568.73
261.00	4397.87
262.00	4540.64
263.00	4573.41
264.00	4552.34
265.00	4697.46
266.00	4617.88
267.00	4676.39
268.00	4683.41
269.00	4716.18
270.00	4711.50
271.00	4868.31
272.00	4774.69
273.00	4950.23
274.00	4819.16
275.00	4805.12
276.00	4896.40
277.00	4905.76
278.00	4903.42
279.00	4844.91
280.00	5062.58
281.00	4971.30
282.00	4994.70
283.00	5050.88
284.00	5118.75
285.00	5322.38
286.00	5151.52
287.00	5170.24
288.00	5203.01
289.00	5053.22
290.00	5371.53
291.00	5060.24
292.00	5121.09
293.00	5298.97
294.00	5336.42
295.00	5432.38
296.00	5203.01
297.00	5341.10
298.00	5371.53
299.00	5383.23
300.00	5371.53
301.00	5308.34
302.00	5181.95
303.00	5172.58
304.00	5301.31
305.00	5465.15
306.00	5493.24
307.00	5301.31
308.00	5416.00
309.00	5430.04
310.00	5401.96
311.00	5277.91
312.00	5338.76
313.00	5565.79
314.00	5518.98
315.00	5507.28
316.00	5430.04
317.00	5467.49
318.00	5432.38
319.00	5425.36
320.00	5570.48
321.00	5624.31
322.00	5425.36
323.00	5628.99
324.00	5610.26
325.00	5551.75
326.00	5841.98
327.00	5795.17
328.00	5610.26
329.00	5638.35
330.00	5673.46
331.00	5685.16
332.00	5645.37
333.00	5626.65
334.00	5820.91
335.00	5877.09
336.00	5865.38
337.00	5813.89
338.00	5809.21
339.00	5809.21
340.00	6036.24
341.00	6223.48
342.00	6036.24
343.00	5989.43
344.00	6033.90
345.00	6108.80
346.00	6061.99
347.00	6160.29
348.00	6251.57
349.00	6141.57
350.00	6148.59
351.00	6092.41
352.00	6326.47
353.00	6209.44
354.00	6164.97
355.00	6106.46
356.00	6258.59
357.00	6520.73
358.00	6406.05
359.00	6291.36
360.00	6595.63
361.00	6459.88
362.00	6640.10
363.00	6471.58
364.00	6527.75
365.00	6511.37
366.00	6466.90
367.00	6546.48
368.00	6642.44
369.00	6703.29
370.00	6654.14
371.00	6670.53
372.00	6541.80
373.00	6684.57
374.00	6593.29
375.00	6825.00
376.00	6822.66
377.00	6764.15
378.00	6782.87
379.00	7159.70
380.00	7148.00
381.00	6871.81
382.00	7129.27
383.00	7063.74
384.00	7169.06
385.00	7145.66
386.00	7428.86
387.00	7293.11
388.00	7384.39
389.00	7269.70
390.00	7321.20
391.00	7492.05
392.00	7456.95
393.00	7648.87
394.00	7733.13
395.00	7761.22
396.00	7571.63
397.00	7786.96
398.00	7801.01
399.00	7929.74
400.00	7908.67
401.00	7946.12
402.00	7920.37
403.00	7920.37
404.00	8042.08
405.00	7999.95
406.00	7896.97
407.00	8140.38
408.00	7948.46
409.00	7709.72
410.00	7836.11
411.00	8250.39
412.00	8166.13
413.00	8201.24
414.00	8114.64
415.00	8046.76
416.00	8067.83
417.00	8046.76
418.00	8266.77
419.00	8140.38
420.00	8126.34
421.00	8051.44
422.00	8187.19
423.00	8056.12
424.00	8025.70
425.00	8028.04
426.00	8322.94
427.00	8278.47
428.00	8079.53
429.00	8238.69
430.00	8346.35
431.00	8252.73
432.00	7983.57
433.00	8287.84
434.00	8255.07
435.00	8395.50
436.00	8454.02
437.00	8231.66
438.00	8446.99
439.00	8430.61
440.00	8725.52
441.00	8638.92
442.00	8699.77
443.00	8624.87
444.00	8418.91
445.00	8629.56
446.00	8674.03
447.00	8793.39
448.00	8582.74
449.00	8777.01
450.00	8718.50
451.00	8709.13
452.00	8847.22
453.00	8854.25
454.00	8819.14
455.00	8769.99
456.00	8805.10
457.00	8826.16
458.00	9095.32
459.00	8879.99
460.00	8814.46
461.00	8858.93
462.00	8896.38
463.00	8828.50
464.00	9041.49
465.00	9191.28
466.00	8931.48
467.00	9034.47
468.00	9184.26
469.00	9423.00
470.00	9287.25
471.00	9092.98
472.00	9228.73
473.00	9303.63
474.00	9298.95
475.00	9558.75
476.00	9441.72
477.00	9624.28
478.00	9621.94
479.00	9563.43
480.00	9598.54
481.00	9488.53
482.00	9689.82
483.00	9825.57
484.00	9755.35
485.00	9851.31
486.00	9898.13
487.00	9582.15
488.00	9811.53
489.00	10033.88
490.00	10064.30
491.00	10008.13
492.00	9970.68
493.00	9977.70
494.00	10068.98
495.00	10050.26
496.00	10190.69
497.00	10270.27
498.00	10242.18
499.00	10289.00
500.00	10333.47
501.00	10291.34
502.00	10272.61
503.00	10260.91
504.00	10438.79
505.00	10340.49
506.00	10333.47
507.00	10279.63
508.00	10806.25
509.00	10284.31
510.00	10420.06
511.00	10537.09
512.00	10663.48
513.00	10633.05
514.00	10532.41
515.00	10628.37
516.00	10789.87
517.00	10661.14
518.00	10626.03
519.00	10766.46
520.00	10576.88
521.00	10712.63
522.00	10705.61
523.00	10710.29
524.00	10576.88
525.00	10995.84
526.00	10939.66
527.00	10878.81
528.00	11056.69
529.00	10965.41
530.00	11033.29
531.00	11171.38
532.00	10944.34
533.00	10752.42
534.00	11047.33
535.00	11208.83
536.00	11068.39
537.00	11021.58
538.00	11119.89
539.00	11176.06
540.00	11166.70
541.00	11166.70
542.00	11379.68
543.00	11325.85
544.00	11316.49
545.00	11435.86
546.00	11473.31
547.00	11300.11
548.00	11414.79
549.00	11667.57
550.00	11531.82
551.00	11648.85
552.00	11548.20
553.00	11784.60
554.00	11758.85
555.00	11861.84
556.00	11910.99
557.00	11712.04
558.00	11899.28
559.00	11679.27
560.00	12016.31
561.00	12079.50
562.00	12564.00
563.00	12250.36
564.00	12475.06
565.00	12112.27
566.00	12346.33
567.00	12734.85
568.00	12322.92
569.00	12685.70
570.00	12238.66
571.00	12540.59
572.00	12622.51
573.00	12784.01
574.00	12823.80
575.00	12730.17
576.00	13322.33
577.00	12982.95
578.00	13259.13
579.00	13167.85
580.00	13167.85
581.00	13273.18
582.00	13102.32
583.00	13453.40
584.00	13327.01
585.00	13865.33
586.00	13727.24
587.00	13776.39
588.00	13888.74
589.00	13839.59
590.00	14068.96
591.00	14115.77
592.00	14300.67
593.00	14178.97
594.00	14602.60
595.00	14452.81
596.00	14413.02
597.00	14813.25
598.00	14761.76
599.00	15337.53
600.00	15288.38
601.00	15260.29
602.00	15382.00
603.00	15311.78
604.00	15616.05
605.00	15470.94
606.00	15941.39
607.00	15871.17
608.00	15864.15
609.00	15740.10
610.00	15665.21
611.00	15969.48
612.00	16027.99
613.00	16013.95
614.00	16545.25
615.00	16542.91
616.00	16444.60
617.00	16872.92
618.00	16655.25
619.00	17394.86
620.00	16875.26
621.00	17181.87
622.00	17603.17
623.00	17682.75
624.00	17860.63
625.00	17528.27
626.00	17858.29
627.00	17951.91
628.00	18148.51
629.00	18373.21
630.00	18787.48
631.00	18899.83
632.00	18738.33
633.00	18562.79
634.00	19257.93
635.00	19396.02
636.00	19370.27
637.00	19639.44
638.00	19805.61
639.00	19573.90
640.00	19733.06
641.00	19924.98
642.00	19927.32
643.00	20187.12
644.00	20594.37
645.00	20577.99
646.00	20386.07
647.00	20884.60
648.00	21287.17
649.00	20973.54
650.00	21453.35
651.00	21682.72
652.00	21385.47
653.00	21820.81
654.00	21603.14
655.00	22108.70
656.00	22118.06
657.00	22197.64
658.00	22522.98
659.00	22508.93
660.00	22998.10
661.00	22750.01
662.00	23143.22
663.00	23468.55
664.00	23300.03
665.00	23349.18
666.00	23550.47
667.00	24025.60
668.00	23737.71
669.00	23775.16
670.00	24233.91
671.00	24229.23
672.00	24283.06
673.00	24694.99
674.00	24617.75
675.00	24844.79
676.00	24519.45
677.00	24980.54
678.00	25488.43
679.00	25149.06
680.00	25380.77
681.00	25656.95
682.00	26036.12
683.00	25483.75
684.00	26103.99
685.00	26050.16
686.00	26476.14
687.00	26309.96
688.00	26515.93
689.00	26799.13
690.00	26656.36
691.00	26855.31
692.00	26967.65
693.00	27087.02
694.00	27246.18
695.00	27421.72
696.00	27917.91
697.00	27613.64
698.00	27943.66
699.00	28402.40
700.00	28074.73
701.00	28114.52
702.00	28393.04
703.00	28371.97
704.00	28683.27
705.00	28741.78
706.00	28627.09
707.00	29214.57
708.00	29163.08
709.00	29598.41
710.00	29502.45
711.00	29427.56
712.00	29598.41
713.00	29743.53
714.00	29689.70
715.00	29692.04
716.00	30082.91
717.00	30206.95
718.00	30295.89
719.00	30637.61
720.00	30118.01
721.00	30347.39
722.00	30319.30
723.00	30471.43
724.00	30855.28
725.00	30888.05
726.00	30848.26
727.00	30998.06
728.00	31110.40
729.00	31021.46
730.00	31311.69
731.00	31707.24
732.00	31695.53
733.00	31484.89
734.00	31332.75
735.00	31332.75
736.00	31538.72
737.00	31463.82
738.00	32046.62
739.00	32201.09
740.00	32378.97
741.00	32378.97
742.00	32587.28
743.00	32273.65
744.00	32484.30
745.00	32968.79
746.00	32933.68
747.00	32994.53
748.00	33125.60
749.00	33013.26
750.00	33006.23
751.00	33244.97
752.00	33116.24
753.00	33291.78
754.00	33235.61
755.00	33689.67
756.00	33525.83
757.00	33905.00
758.00	33490.73
759.00	33708.40
760.00	34082.88
761.00	33993.94
762.00	34232.68
763.00	33867.55
764.00	34192.89
765.00	34352.04
766.00	34583.76
767.00	34405.88
768.00	34937.18
769.00	34902.07
770.00	35047.18
771.00	35332.73
772.00	34969.94
773.00	35466.14
774.00	34930.16
775.00	35459.12
776.00	35386.56
777.00	35981.06
778.00	35910.84
779.00	35894.46
780.00	35784.45
781.00	35695.51
782.00	35878.07
783.00	36266.60
784.00	36278.30
785.00	36355.54
786.00	36620.02
787.00	36575.55
788.00	36594.28
789.00	36444.48
790.00	36495.97
791.00	36439.80
792.00	37083.45
793.00	37413.46
794.00	37390.06
795.00	36982.80
796.00	37003.87
797.00	37076.43
798.00	37200.47
799.00	37270.69
800.00	37347.93
801.00	37865.19
802.00	37460.27
803.00	37972.85
804.00	37598.37
805.00	37450.91
806.00	37469.64
807.00	38314.57
808.00	38352.02
809.00	38443.30
810.00	38251.38
811.00	38607.14
812.00	38349.68
813.00	38433.94
814.00	38213.93
815.00	38782.68
816.00	38801.40
817.00	38733.53
818.00	38728.84
819.00	38822.47
820.00	38593.09
821.00	39042.48
822.00	39136.10
823.00	39180.57
824.00	39070.56
825.00	39136.10
826.00	39431.01
827.00	39271.85
828.00	39782.09
829.00	39503.56
830.00	39700.17
831.00	39299.94
832.00	39283.55
833.00	39683.78
834.00	39817.19
835.00	39707.19
836.00	40140.19
837.00	40140.19
838.00	40088.70
839.00	40130.83
840.00	39915.50
841.00	40191.68
842.00	40367.22
843.00	40439.78
844.00	40491.27
845.00	40781.49
846.00	40753.41
847.00	40765.11
848.00	40760.43
849.00	40966.40
850.00	41256.62
851.00	40825.96
852.00	41570.25
853.00	40863.41
854.00	41127.89
855.00	40952.35
856.00	41170.02
857.00	41619.41
858.00	41614.72
859.00	41542.17
860.00	41507.06
861.00	41888.57
862.00	41448.55
863.00	41825.37
864.00	41921.34
865.00	41766.86
866.00	41883.89
867.00	42059.43
868.00	42258.37
869.00	42099.22
870.00	42300.50
871.00	41851.12
872.00	42295.82
873.00	41944.74
874.00	42122.62
875.00	42368.38
876.00	42646.90
877.00	42995.64
878.00	43086.92
879.00	42522.85
880.00	42464.34
881.00	42497.11
882.00	43086.92
883.00	42576.69
884.00	42897.34
885.00	42944.15
886.00	43005.00
887.00	43171.18
888.00	42955.85
889.00	42974.58
890.00	43356.08
891.00	43519.92
892.00	43320.98
893.00	43578.43
894.00	43475.45
895.00	43402.89
896.00	43594.82
897.00	43360.76
898.00	43236.72
899.00	43728.23
900.00	43201.61
901.00	43627.59
902.00	43955.26
903.00	43929.51
904.00	43749.29
905.00	44481.88
906.00	43779.72
907.00	43470.77
908.00	43936.54
909.00	43765.68
910.00	44275.91
911.00	44659.76
912.00	44051.22
913.00	43906.11
914.00	44336.77
915.00	44170.59
916.00	44524.01
917.00	44437.41
918.00	44891.48
919.00	44762.75
920.00	44837.64
921.00	44910.20
922.00	44825.94
923.00	45289.37
924.00	45064.67
925.00	44584.86
926.00	45111.49
927.00	44971.05
928.00	45500.01
929.00	45272.98
930.00	45354.90
931.00	45162.98
932.00	45186.38
933.00	45148.93
934.00	45228.51
935.00	45368.94
936.00	45048.29
937.00	45787.90
938.00	45551.51
939.00	45565.55
940.00	45748.11
941.00	46459.63
942.00	45495.33
943.00	45242.56
944.00	46007.91
945.00	45450.86
946.00	46213.88
947.00	45844.07
948.00	46052.38
949.00	46328.56
950.00	45584.27
951.00	45834.71
952.00	46258.35
953.00	45708.32
954.00	45780.88
955.00	45982.16
956.00	46300.48
957.00	45900.25
958.00	45881.52
959.00	46075.79
960.00	45984.51
961.00	45799.60
962.00	46527.51
963.00	46342.61
964.00	46806.03
965.00	46717.09
966.00	47026.04
967.00	47283.50
968.00	47035.41
969.00	46452.61
970.00	46761.56
971.00	47065.83
972.00	47236.69
973.00	46710.07
974.00	47342.02
975.00	47009.66
976.00	47426.28
977.00	47374.78
978.00	47152.43
979.00	46784.97
980.00	47227.33
981.00	47470.75
982.00	47674.37
983.00	47903.74
984.00	47299.89
985.00	47915.45
986.00	47402.87
987.00	47320.95
988.00	47072.85
989.00	47742.25
990.00	47030.72
991.00	47508.19
992.00	47908.43
993.00	47756.29
994.00	47744.59
995.00	47906.08
996.00	47601.82
997.00	48062.90
998.00	47995.03
999.00	47484.79
1000.00	47667.35
1001.00	48076.94
1002.00	48236.10
1003.00	47735.23
1004.00	48041.84
1005.00	48109.71
1006.00	47842.89
1007.00	47955.24
1008.00	48093.33
1009.00	48257.17
1010.00	47840.55
1011.00	48659.74
1012.00	48612.93
1013.00	48692.50
1014.00	47784.38
1015.00	48156.52
1016.00	47873.32
1017.00	48165.88
1018.00	48521.65
1019.00	48411.64
1020.00	48421.00
1021.00	48327.38
1022.00	48561.44
1023.00	48250.14
1024.00	48463.13
1025.00	48362.49
1026.00	48526.33
1027.00	48811.87
1028.00	48715.91
1029.00	48973.37
1030.00	49099.76
1031.00	49020.18
1032.00	49006.14
1033.00	48933.58
1034.00	48566.12
1035.00	48811.87
1036.00	48975.71
1037.00	49158.27
1038.00	48945.28
1039.00	49013.16
1040.00	48542.71
1041.00	49160.61
1042.00	48912.52
1043.00	48865.70
1044.00	48795.49
1045.00	49006.14
1046.00	49521.05
1047.00	49158.27
1048.00	49102.10
1049.00	49404.03
1050.00	49338.49
1051.00	49350.20
1052.00	49099.76
1053.00	49336.15
1054.00	49584.25
1055.00	48985.07
1056.00	49001.46
1057.00	49593.61
1058.00	49434.45
1059.00	49663.83
1060.00	49366.58
1061.00	49916.61
1062.00	49734.04
1063.00	49544.46
1064.00	49298.70
1065.00	49638.08
1066.00	49022.52
1067.00	49448.50
1068.00	49514.03
1069.00	49949.37
1070.00	49691.91
1071.00	49640.42
1072.00	49712.98
1073.00	50080.44
1074.00	49436.80
1075.00	49930.65
1076.00	49605.31
1077.00	49546.80
1078.00	49876.82
1079.00	49937.67
1080.00	49965.76
1081.00	50033.63
1082.00	50010.23
1083.00	49544.46
1084.00	49759.79
1085.00	49544.46
1086.00	49834.69
1087.00	49708.30
1088.00	49947.03
1089.00	49600.63
1090.00	50511.10
1091.00	50068.74
1092.00	50553.23
1093.00	50171.72
1094.00	50042.99
1095.00	49525.74
1096.00	50115.55
1097.00	50003.20
1098.00	49961.08
1099.00	49804.26
1100.00	50246.62
1101.00	50157.68
1102.00	50232.58
1103.00	50216.19
1104.00	49602.97
1105.00	49886.18
1106.00	49930.65
1107.00	49902.56
1108.00	49708.30
1109.00	50141.30
1110.00	50260.66
1111.00	50394.07
1112.00	50218.53
1113.00	50377.69
1114.00	50384.71
1115.00	50284.07
1116.00	50115.55
1117.00	49820.64
1118.00	50064.06
1119.00	50061.72
1120.00	50562.59
1121.00	50108.53
1122.00	50141.30
1123.00	50031.29
1124.00	50494.72
1125.00	49949.37
1126.00	50358.97
1127.00	49949.37
1128.00	49918.95
1129.00	50181.09
1130.00	50213.85
1131.00	50415.14
1132.00	50099.17
1133.00	50218.53
1134.00	50665.58
1135.00	49947.03
1136.00	49986.82
1137.00	50181.09
1138.00	49757.45
1139.00	49598.29
1140.00	50450.25
1141.00	50351.94
1142.00	50108.53
1143.00	50389.39
1144.00	50295.77
1145.00	50511.10
1146.00	50183.43
1147.00	50454.93
1148.00	49869.79
1149.00	50176.40
1150.00	50155.34
1151.00	50253.64
1152.00	50398.76
1153.00	50770.90
1154.00	50190.45
1155.00	49895.54
1156.00	50347.26
1157.00	49944.69
1158.00	50017.25
1159.00	50171.72
1160.00	50232.58
1161.00	50307.47
1162.00	50410.46
1163.00	50382.37
1164.00	50532.17
1165.00	50953.46
1166.00	50103.85
1167.00	50129.59
1168.00	50232.58
1169.00	50110.87
1170.00	49668.51
1171.00	50045.33
1172.00	50417.48
1173.00	49832.35
1174.00	50241.94
1175.00	50340.24
1176.00	50073.42
1177.00	50089.80
1178.00	50087.46
1179.00	49867.45
1180.00	49944.69
1181.00	49942.35
1182.00	50167.04
1183.00	50356.63
1184.00	50646.85
1185.00	50232.58
1186.00	50443.23
1187.00	50548.55
1188.00	50536.85
1189.00	50192.79
1190.00	50082.78
1191.00	49902.56
1192.00	50003.20
1193.00	49757.45
1194.00	50024.27
1195.00	50115.55
1196.00	50389.39
1197.00	50274.71
1198.00	50131.93
1199.00	50239.60
1200.00	50059.38
1201.00	49897.88
1202.00	49518.71
1203.00	49787.88
1204.00	50195.13
1205.00	50314.50
1206.00	50007.89
1207.00	50534.51
1208.00	50475.99
1209.00	50000.86
1210.00	50162.36
1211.00	50204.49
1212.00	49804.26
1213.00	49839.37
1214.00	50204.49
1215.00	49888.52
1216.00	50288.75
1217.00	50127.25
1218.00	50314.50
1219.00	50396.42
1220.00	50508.76
1221.00	50010.23
1222.00	50031.29
1223.00	49996.18
1224.00	50052.36
1225.00	49886.18
1226.00	50368.33
1227.00	49928.31
1228.00	50515.78
1229.00	49940.01
1230.00	50408.12
1231.00	50148.32
1232.00	50396.42
1233.00	49975.12
1234.00	50019.59
1235.00	50038.31
1236.00	50206.83
1237.00	50096.83
1238.00	50052.36
1239.00	50642.17
1240.00	50461.95
1241.00	50150.66
1242.00	50192.79
1243.00	50536.85
1244.00	50253.64
1245.00	50321.52
1246.00	50052.36
1247.00	50054.70
1248.00	50679.62
1249.00	50061.72
1250.00	49668.51
1251.00	50501.74
1252.00	50564.93
1253.00	50616.43
1254.00	50534.51
1255.00	50621.11
1256.00	50354.29
1257.00	50490.04
1258.00	50291.09
1259.00	50106.19
1260.00	50050.02
1261.00	50263.00
1262.00	50602.38
1263.00	50155.34
1264.00	50916.01
1265.00	50625.79
1266.00	50871.54
1267.00	50693.66
1268.00	50658.56
1269.00	50578.98
1270.00	50534.51
1271.00	50066.40
1272.00	50136.62
1273.00	50131.93
1274.00	50527.48
1275.00	50490.04
1276.00	50759.20
1277.00	50368.33
1278.00	50576.64
1279.00	50532.17
1280.00	50506.42
1281.00	50316.84
1282.00	50326.20
1283.00	49956.39
1284.00	50181.09
1285.00	49874.48
1286.00	50532.17
1287.00	50745.15
1288.00	50604.72
1289.00	50609.40
1290.00	50576.64
1291.00	50438.54
1292.00	49893.20
1293.00	50230.24
1294.00	50204.49
1295.00	50167.04
1296.00	50274.71
1297.00	50380.03
1298.00	50396.42
1299.00	50190.45
1300.00	50576.64
1301.00	50583.66
1302.00	50616.43
1303.00	50052.36
1304.00	50422.16
1305.00	50291.09
1306.00	50054.70
1307.00	49830.01
1308.00	50134.28
1309.00	50522.80
1310.00	50073.42
1311.00	50241.94
1312.00	50354.29
1313.00	50770.90
1314.00	50347.26
1315.00	50473.65
1316.00	50117.89
1317.00	49958.73
1318.00	50115.55
1319.00	49876.82
1320.00	50272.37
1321.00	50494.72
1322.00	50468.97
1323.00	50438.54
1324.00	50230.24
1325.00	50440.89
1326.00	50277.05
1327.00	50483.01
1328.00	50253.64
1329.00	50169.38
1330.00	50218.53
1331.00	50005.55
1332.00	50160.02
1333.00	50000.86
1334.00	50593.02
1335.00	50724.09
1336.00	49986.82
1337.00	50487.70
1338.00	50176.40
1339.00	50143.64
1340.00	49961.08
1341.00	50253.64
1342.00	49916.61
1343.00	50160.02
1344.00	49860.43
1345.00	50394.07
1346.00	49982.14
1347.00	50162.36
1348.00	50738.13
1349.00	49963.42
1350.00	50080.44
1351.00	50358.97
1352.00	50127.25
1353.00	50054.70
1354.00	49872.14
1355.00	49612.34
1356.00	49839.37
1357.00	49727.02
1358.00	50635.15
1359.00	50010.23
1360.00	49968.10
1361.00	50000.86
1362.00	50174.06
1363.00	50169.38
1364.00	50323.86
1365.00	49710.64
1366.00	50145.98
1367.00	49598.29
1368.00	49387.64
1369.00	49558.50
1370.00	49827.66
1371.00	50057.04
1372.00	49804.26
1373.00	49820.64
1374.00	49748.09
1375.00	49975.12
1376.00	49783.19
1377.00	49691.91
1378.00	49734.04
1379.00	49399.35
1380.00	49354.88
1381.00	49490.63
1382.00	49308.07
1383.00	49387.64
1384.00	49724.68
1385.00	49595.95
1386.00	49539.78
1387.00	49432.11
1388.00	49666.17
1389.00	49572.55
1390.00	49270.62
1391.00	49336.15
1392.00	49172.31
1393.00	48882.09
1394.00	49125.50
1395.00	49247.21
1396.00	48704.21
1397.00	49750.43
1398.00	49134.87
1399.00	49647.44
1400.00	49322.11
1401.00	49855.75
1402.00	49191.04
1403.00	49200.40
1404.00	48952.30
1405.00	48779.10
1406.00	48671.44
1407.00	48966.35
1408.00	49497.65
1409.00	49184.02
1410.00	48772.08
1411.00	49375.94
1412.00	49228.49
1413.00	49099.76
1414.00	48500.58
1415.00	48868.05
1416.00	48755.70
1417.00	48823.58
1418.00	48882.09
1419.00	48573.14
1420.00	48430.36
1421.00	48966.35
1422.00	48526.33
1423.00	48048.86
1424.00	48952.30
1425.00	48573.14
1426.00	48870.39
1427.00	48428.02
1428.00	48678.46
1429.00	48184.61
1430.00	47882.68
1431.00	48346.11
1432.00	47995.03
1433.00	48339.08
1434.00	47976.30
1435.00	48411.64
1436.00	48636.33
1437.00	48378.87
1438.00	48362.49
1439.00	48151.84
1440.00	48568.46
1441.00	48231.42
1442.00	48013.75
1443.00	47917.79
1444.00	47824.17
1445.00	47744.59
1446.00	47449.68
1447.00	48301.64
1448.00	47571.39
1449.00	47723.52
1450.00	47742.25
1451.00	48034.81
1452.00	48465.47
1453.00	48149.50
1454.00	48128.44
1455.00	47714.16
1456.00	47957.58
1457.00	47632.24
1458.00	47398.19
1459.00	48121.41
1460.00	47508.19
1461.00	47295.21
1462.00	47304.57
1463.00	47524.58
1464.00	47505.85
1465.00	47721.18
1466.00	47742.25
1467.00	47590.11
1468.00	47484.79
1469.00	47147.75
1470.00	47398.19
1471.00	47213.29
1472.00	47297.55
1473.00	47082.22
1474.00	46775.61
1475.00	47028.38
1476.00	47133.71
1477.00	47334.99
1478.00	47590.11
1479.00	47498.83
1480.00	47136.05
1481.00	47026.04
1482.00	47323.29
1483.00	47166.48
1484.00	46548.57
1485.00	46342.61
1486.00	46646.88
1487.00	46630.49
1488.00	46845.82
1489.00	46429.21
1490.00	46766.24
1491.00	46759.22
1492.00	46677.30
1493.00	46555.60
1494.00	46525.17
1495.00	46735.82
1496.00	46653.90
1497.00	46160.05
1498.00	46103.87
1499.00	46237.28
1500.00	46314.52
1501.00	46239.62
1502.00	46298.14
1503.00	46761.56
1504.00	46131.96
1505.00	46335.59
1506.00	46494.74
1507.00	46075.79
1508.00	46162.39
1509.00	45867.48
1510.00	46078.13
1511.00	45979.82
1512.00	45703.64
1513.00	46028.98
1514.00	45986.85
1515.00	46026.63
1516.00	45331.50
1517.00	45853.44
1518.00	45888.54
1519.00	45752.79
1520.00	45663.85
1521.00	45830.03
1522.00	45734.07
1523.00	45614.70
1524.00	45165.32
1525.00	45921.31
1526.00	45333.84
1527.00	45595.98
1528.00	45188.72
1529.00	45696.62
1530.00	45287.03
1531.00	45647.47
1532.00	45528.10
1533.00	45289.37
1534.00	45464.91
1535.00	45282.34
1536.00	45467.25
1537.00	45195.74
1538.00	44830.62
1539.00	44954.67
1540.00	45265.96
1541.00	44938.29
1542.00	44694.87
1543.00	45240.21
1544.00	44999.14
1545.00	45099.78
1546.00	45132.55
1547.00	44821.26
1548.00	45420.44
1549.00	45184.04
1550.00	44694.87
1551.00	45153.62
1552.00	44467.84
1553.00	44264.21
1554.00	44694.87
1555.00	44545.08
1556.00	44631.68
1557.00	44685.51
1558.00	44456.14
1559.00	44439.75
1560.00	44823.60
1561.00	44657.42
1562.00	45212.13
1563.00	44774.45
1564.00	44978.07
1565.00	44144.84
1566.00	43941.22
1567.00	44612.95
1568.00	44135.48
1569.00	44273.57
1570.00	43643.97
1571.00	44163.57
1572.00	43700.14
1573.00	44254.85
1574.00	44383.58
1575.00	44191.65
1576.00	44140.16
1577.00	44266.55
1578.00	44285.28
1579.00	44315.70
1580.00	43819.51
1581.00	43667.37
1582.00	44023.14
1583.00	43592.48
1584.00	43093.94
1585.00	43658.01
1586.00	43290.55
1587.00	43302.25
1588.00	43042.45
1589.00	43917.81
1590.00	43569.07
1591.00	43608.86
1592.00	43585.46
1593.00	43620.56
1594.00	43016.71
1595.00	43564.39
1596.00	43524.60
1597.00	43225.01
1598.00	42569.66
1599.00	42997.98
1600.00	43398.21
1601.00	43288.21
1602.00	42967.55
1603.00	43115.01
1604.00	43316.29
1605.00	43377.15
1606.00	43107.99
1607.00	42958.19
1608.00	43217.99
1609.00	43042.45
1610.00	42684.35
1611.00	42911.38
1612.00	41998.57
1613.00	42541.58
1614.00	42550.94
1615.00	42492.43
1616.00	42859.89
1617.00	42480.72
1618.00	43115.01
1619.00	42829.46
1620.00	42782.65
1621.00	42539.24
1622.00	42763.93
1623.00	42557.96
1624.00	42520.51
1625.00	42370.72
1626.00	42445.62
1627.00	42396.46
1628.00	41989.21
1629.00	42169.43
1630.00	42251.35
1631.00	42230.29
1632.00	41982.19
1633.00	41998.57
1634.00	42150.71
1635.00	42529.87
1636.00	42225.60
1637.00	42307.52
1638.00	42696.05
1639.00	42298.16
1640.00	41968.15
1641.00	41691.96
1642.00	42080.49
1643.00	41663.88
1644.00	41869.84
1645.00	41743.45
1646.00	41738.77
1647.00	42007.94
1648.00	41528.13
1649.00	41895.59
1650.00	41736.43
1651.00	42024.32
1652.00	42394.12
1653.00	41635.79
1654.00	41958.78
1655.00	41773.88
1656.00	41420.46
1657.00	41312.80
1658.00	41635.79
1659.00	41214.49
1660.00	41013.21
1661.00	41322.16
1662.00	41022.57
1663.00	41013.21
1664.00	41085.76
1665.00	41219.17
1666.00	41514.08
1667.00	41062.36
1668.00	41352.58
1669.00	41511.74
1670.00	41031.93
1671.00	40732.34
1672.00	40648.08
1673.00	40957.03
1674.00	40547.44
1675.00	40734.68
1676.00	40744.05
1677.00	40861.07
1678.00	40301.68
1679.00	40453.82
1680.00	40627.02
1681.00	41153.64
1682.00	40994.48
1683.00	41041.29
1684.00	40935.97
1685.00	40683.19
1686.00	41038.95
1687.00	40245.51
1688.00	40224.45
1689.00	40362.54
1690.00	40582.55
1691.00	40123.80
1692.00	40336.79
1693.00	39955.29
1694.00	39906.13
1695.00	40318.07
1696.00	40734.68
1697.00	40311.05
1698.00	40594.25
1699.00	40006.78
1700.00	39838.26
1701.00	40282.96
1702.00	39695.49
1703.00	39882.73
1704.00	39786.77
1705.00	39583.14
1706.00	39653.36
1707.00	39721.23
1708.00	39098.65
1709.00	39709.53
1710.00	39702.51
1711.00	39856.98
1712.00	40034.86
1713.00	39735.27
1714.00	39274.19
1715.00	39833.58
1716.00	39892.09
1717.00	39550.37
1718.00	39351.43
1719.00	39175.89
1720.00	39229.72
1721.00	39185.25
1722.00	38782.68
1723.00	38841.19
1724.00	38616.50
1725.00	38672.67
1726.00	38426.92
1727.00	38773.31
1728.00	38883.32
1729.00	39105.67
1730.00	39047.16
1731.00	38403.51
1732.00	38848.21
1733.00	38490.11
1734.00	38192.86
1735.00	38513.52
1736.00	38263.08
1737.00	38422.23
1738.00	38106.26
1739.00	37689.65
1740.00	37961.15
1741.00	37596.03
1742.00	38335.63
1743.00	38209.25
1744.00	37970.51
1745.00	38272.44
1746.00	38045.41
1747.00	38066.47
1748.00	38230.31
1749.00	37883.91
1750.00	37336.23
1751.00	37500.06
1752.00	37607.73
1753.00	37216.86
1754.00	37212.18
1755.00	36987.49
1756.00	37357.29
1757.00	36924.29
1758.00	37385.38
1759.00	36999.19
1760.00	37392.40
1761.00	37390.06
1762.00	37055.36
1763.00	37046.00
1764.00	36811.95
1765.00	36662.15
1766.00	36671.51
1767.00	36957.06
1768.00	36453.84
1769.00	36605.98
1770.00	36629.38
1771.00	36449.16
1772.00	36383.63
1773.00	36343.84
1774.00	36435.12
1775.00	36463.21
1776.00	36339.16
1777.00	36231.49
1778.00	36032.55
1779.00	36128.51
1780.00	36357.88
1781.00	35941.27
1782.00	36051.27
1783.00	35807.86
1784.00	35868.71
1785.00	35648.70
1786.00	35590.19
1787.00	35166.55
1788.00	35475.50
1789.00	35372.52
1790.00	35332.73
1791.00	35187.61
1792.00	35236.77
1793.00	35086.97
1794.00	35316.34
1795.00	35250.81
1796.00	35042.50
1797.00	35285.92
1798.00	35154.85
1799.00	34780.36
1800.00	34773.34
1801.00	34660.99
1802.00	34565.03
1803.00	34808.45
1804.00	34216.29
1805.00	34101.61
1806.00	34263.10
1807.00	34295.87
1808.00	34227.99
1809.00	34534.60
1810.00	34602.48
1811.00	34089.90
1812.00	34384.81
1813.00	34054.79
1814.00	34237.36
1815.00	33834.78
1816.00	33909.68
1817.00	33434.55
1818.00	33872.23
1819.00	33975.22
1820.00	33776.27
1821.00	33474.34
1822.00	33205.18
1823.00	33202.84
1824.00	32994.53
1825.00	33083.47
1826.00	32804.95
1827.00	33022.62
1828.00	33296.46
1829.00	33088.15
1830.00	33329.23
1831.00	31929.59
1832.00	33146.67
1833.00	32849.42
1834.00	32760.48
1835.00	32348.54
1836.00	32397.70
1837.00	31800.86
1838.00	31952.99
1839.00	31828.95
1840.00	31653.40
1841.00	31796.18
1842.00	31730.64
1843.00	31409.99
1844.00	31639.36
1845.00	31515.31
1846.00	31440.42
1847.00	31180.62
1848.00	31393.61
1849.00	30829.54
1850.00	30916.14
1851.00	31229.77
1852.00	30815.49
1853.00	30764.00
1854.00	30323.98
1855.00	30497.18
1856.00	30375.47
1857.00	30143.76
1858.00	30429.30
1859.00	29921.41
1860.00	29965.88
1861.00	29872.26
1862.00	30085.25
1863.00	29982.26
1864.00	29773.95
1865.00	30228.02
1866.00	29809.06
1867.00	29670.97
1868.00	29584.37
1869.00	29523.52
1870.00	29502.45
1871.00	29200.52
1872.00	29359.68
1873.00	28980.51
1874.00	29200.52
1875.00	28985.19
1876.00	28968.81
1877.00	29172.44
1878.00	28226.86
1879.00	28503.04
1880.00	28533.47
1881.00	28741.78
1882.00	28271.33
1883.00	28460.91
1884.00	28390.70
1885.00	28060.68
1886.00	28423.47
1887.00	27901.53
1888.00	28184.73
1889.00	27934.29
1890.00	27498.95
1891.00	27063.61
1892.00	27395.97
1893.00	27084.68
1894.00	27278.94
1895.00	27225.11
1896.00	27220.43
1897.00	27246.18
1898.00	26876.37
1899.00	26761.69
1900.00	27211.07
1901.00	27250.86
1902.00	26469.12
1903.00	26668.06
1904.00	26691.47
1905.00	26174.21
1906.00	26490.18
1907.00	26022.08
1908.00	25701.42
1909.00	25558.65
1910.00	25420.56
1911.00	25729.51
1912.00	25570.35
1913.00	25621.84
1914.00	25743.55
1915.00	25731.85
1916.00	25294.17
1917.00	25546.95
1918.00	25179.48
1919.00	25528.22
1920.00	25511.84
1921.00	25081.18
1922.00	24924.36
1923.00	24971.18
1924.00	24943.09
1925.00	24790.95
1926.00	24313.48
1927.00	24545.20
1928.00	24322.85
1929.00	24121.56
1930.00	24379.02
1931.00	24046.66
1932.00	24093.47
1933.00	23992.83
1934.00	24355.61
1935.00	24189.44
1936.00	24074.75
1937.00	23868.78
1938.00	23992.83
1939.00	23983.47
1940.00	23630.05
1941.00	23786.86
1942.00	23529.41
1943.00	23026.19
1944.00	23222.80
1945.00	23367.91
1946.00	22810.86
1947.00	22546.38
1948.00	22417.65
1949.00	22352.12
1950.00	22225.73
1951.00	22679.79
1952.00	22291.26
1953.00	22342.75
1954.00	22497.23
1955.00	22469.14
1956.00	22534.68
1957.00	22209.34
1958.00	22047.85
1959.00	22181.26
1960.00	21830.18
1961.00	21685.06
1962.00	21860.60
1963.00	21823.16
1964.00	21539.95
1965.00	21336.32
1966.00	21413.56
1967.00	21174.83
1968.00	20971.20
1969.00	20945.45
1970.00	20992.26
1971.00	20835.45
1972.00	21092.91
1973.00	20718.42
1974.00	20594.37
1975.00	21010.99
1976.00	20603.74
1977.00	20416.49
1978.00	20526.50
1979.00	20437.56
1980.00	20357.98
1981.00	20262.02
1982.00	19758.80
1983.00	19660.50
1984.00	19730.72
1985.00	19859.45
1986.00	19541.13
1987.00	19499.00
1988.00	19342.19
1989.00	19583.26
1990.00	19335.17
1991.00	19253.25
1992.00	19377.30
1993.00	19000.47
1994.00	18906.85
1995.00	19452.19
1996.00	19035.58
1997.00	18785.14
1998.00	18911.53
1999.00	18930.25
2000.00	18885.78
2001.00	18672.79
2002.00	18829.61
2003.00	18607.26
2004.00	18127.45
2005.00	18448.10
2006.00	17991.70
2007.00	18068.94
2008.00	18005.74
2009.00	17975.31
2010.00	17757.64
2011.00	18031.49
2012.00	18003.40
2013.00	17963.61
2014.00	17958.93
2015.00	17741.26
2016.00	17752.96
2017.00	17785.73
2018.00	17488.48
2019.00	17376.14
2020.00	17116.34
2021.00	17188.89
2022.00	17106.98
2023.00	16919.73
2024.00	16809.73
2025.00	16901.01
2026.00	16779.30
2027.00	16631.85
2028.00	16716.11
2029.00	16594.40
2030.00	16545.25
2031.00	16362.69
2032.00	16563.97
2033.00	16395.45
2034.00	16367.37
2035.00	16271.40
2036.00	16093.52
2037.00	16212.89
2038.00	16002.24
2039.00	15957.77
2040.00	15749.46
2041.00	15852.45
2042.00	15623.08
2043.00	15613.71
2044.00	15433.49
2045.00	15400.72
2046.00	15590.31
2047.00	15241.57
