0.00	1053.24
1.00	1053.24
2.00	1053.24
3.00	994.73
4.00	950.26
5.00	880.04
6.00	898.77
7.00	873.02
8.00	884.72
9.00	861.32
10.00	922.17
11.00	912.81
12.00	915.15
13.00	929.19
14.00	912.81
15.00	1020.47
16.00	943.24
17.00	894.08
18.00	1034.52
19.00	877.70
20.00	1015.79
21.00	964.30
22.00	966.64
23.00	990.05
24.00	1128.14
25.00	1348.15
26.00	1418.36
27.00	1448.79
28.00	1406.66
29.00	1378.58
30.00	1350.49
31.00	1444.11
32.00	1462.83
33.00	1476.88
34.00	1497.94
35.00	1568.16
36.00	1579.86
37.00	1533.05
38.00	1605.61
39.00	1570.50
40.00	1582.20
41.00	1575.18
42.00	1605.61
43.00	1619.65
44.00	1605.61
45.00	1598.59
46.00	1612.63
47.00	1591.56
48.00	1544.75
49.00	1661.78
50.00	1678.16
51.00	1603.27
52.00	1699.23
53.00	1598.59
54.00	1687.53
55.00	1647.74
56.00	1746.04
57.00	1614.97
58.00	1715.61
59.00	1692.21
60.00	1682.85
61.00	1647.74
62.00	1673.48
63.00	1689.87
64.00	1722.63
65.00	1687.53
66.00	1736.68
67.00	1722.63
68.00	1678.16
69.00	1813.92
70.00	1727.32
71.00	1727.32
72.00	1736.68
73.00	1778.81
74.00	1732.00
75.00	1778.81
76.00	1811.57
77.00	1720.29
78.00	1722.63
79.00	1757.74
80.00	1809.23
81.00	1722.63
82.00	1860.73
83.00	1830.30
84.00	1788.17
85.00	1827.96
86.00	1863.07
87.00	1923.92
88.00	1888.81
89.00	1912.22
90.00	1823.28
91.00	1886.47
92.00	1764.76
93.00	1832.64
94.00	1898.17
95.00	1900.52
96.00	1891.15
97.00	1942.64
98.00	1907.54
99.00	1837.32
100.00	1933.28
101.00	1937.96
102.00	1926.26
103.00	1977.75
104.00	1959.03
105.00	2001.16
106.00	2033.93
107.00	1952.01
108.00	1966.05
109.00	1984.77
110.00	2108.82
111.00	2045.63
112.00	2022.22
113.00	1973.07
114.00	1987.11
115.00	2076.06
116.00	1991.80
117.00	2132.23
118.00	2155.63
119.00	2122.87
120.00	2127.55
121.00	2092.44
122.00	2073.71
123.00	2134.57
124.00	2157.97
125.00	2148.61
126.00	2153.29
127.00	2132.23
128.00	2246.91
129.00	2218.83
130.00	2160.31
131.00	2132.23
132.00	2134.57
133.00	2214.15
134.00	2256.28
135.00	2218.83
136.00	2335.85
137.00	2183.72
138.00	2317.13
139.00	2242.23
140.00	2272.66
141.00	2265.64
142.00	2338.20
143.00	2387.35
144.00	2317.13
145.00	2237.55
146.00	2296.07
147.00	2396.71
148.00	2389.69
149.00	2349.90
150.00	2314.79
151.00	2366.28
152.00	2342.88
153.00	2473.95
154.00	2487.99
155.00	2520.76
156.00	2448.20
157.00	2394.37
158.00	2471.61
159.00	2565.23
160.00	2471.61
161.00	2628.42
162.00	2434.16
163.00	2527.78
164.00	2476.29
165.00	2560.55
166.00	2574.59
167.00	2607.36
168.00	2544.16
169.00	2670.55
170.00	2633.10
171.00	2642.46
172.00	2614.38
173.00	2693.96
174.00	2726.72
175.00	2656.51
176.00	2726.72
177.00	2740.77
178.00	2696.30
179.00	2766.51
180.00	2768.85
181.00	2717.36
182.00	2796.94
183.00	2878.86
184.00	2773.53
185.00	2778.22
186.00	2958.44
187.00	2726.72
188.00	2792.26
189.00	2818.00
190.00	2967.80
191.00	2860.13
192.00	2885.88
193.00	2928.01
194.00	3082.49
195.00	3098.87
196.00	3035.67
197.00	2937.37
198.00	3014.61
199.00	2965.46
200.00	3026.31
201.00	3087.17
202.00	3009.93
203.00	3005.25
204.00	3136.32
205.00	3234.62
206.00	3227.60
207.00	3208.87
208.00	3171.43
209.00	3258.03
210.00	3377.39
211.00	3192.49
212.00	3337.60
213.00	3119.93
214.00	3150.36
215.00	3370.37
216.00	3353.99
217.00	3356.33
218.00	3349.31
219.00	3356.33
220.00	3543.57
221.00	3449.95
222.00	3421.86
223.00	3403.14
224.00	3461.65
225.00	3564.64
226.00	3566.98
227.00	3489.74
228.00	3559.95
229.00	3648.90
230.00	3747.20
231.00	3644.21
232.00	3606.77
233.00	3684.00
234.00	3681.66
235.00	3686.34
236.00	3749.54
237.00	3735.50
238.00	3698.05
239.00	3829.12
240.00	3786.99
241.00	3964.87
242.00	4007.00
243.00	4007.00
244.00	3964.87
245.00	4072.53
246.00	4011.68
247.00	4100.62
248.00	4145.09
249.00	4109.98
250.00	4170.83
251.00	4156.79
252.00	4208.28
253.00	4369.78
254.00	4299.56
255.00	4348.72
256.00	4337.01
257.00	4402.55
258.00	4365.10
259.00	4507.87
260.00	4507.87
261.00	4423.61
262.00	4564.04
263.00	4484.47
264.00	4493.83
265.00	4573.41
266.00	4601.49
267.00	4578.09
268.00	4725.54
269.00	4774.69
270.00	4760.65
271.00	4720.86
272.00	4802.78
273.00	4861.29
274.00	4847.25
275.00	4891.72
276.00	4975.98
277.00	4868.31
278.00	4835.55
279.00	4917.47
280.00	4837.89
281.00	5048.54
282.00	4966.62
283.00	5025.13
284.00	5043.85
285.00	5069.60
286.00	5170.24
287.00	5069.60
288.00	5046.20
289.00	5074.28
290.00	5191.31
291.00	5149.18
292.00	5369.19
293.00	5032.15
294.00	5355.15
295.00	5371.53
296.00	5233.44
297.00	5240.46
298.00	5315.36
299.00	5317.70
300.00	5343.44
301.00	5305.99
302.00	4952.57
303.00	5221.74
304.00	5416.00
305.00	5420.68
306.00	5303.65
307.00	5104.71
308.00	5280.25
309.00	5310.68
310.00	5277.91
311.00	5397.28
312.00	5268.55
313.00	5320.04
314.00	5317.70
315.00	5444.09
316.00	5261.52
317.00	5488.56
318.00	5362.17
319.00	5413.66
320.00	5591.54
321.00	5591.54
322.00	5430.04
323.00	5593.88
324.00	5507.28
325.00	5713.25
326.00	5743.67
327.00	5746.02
328.00	5659.42
329.00	5600.90
330.00	5577.50
331.00	5626.65
332.00	5547.07
333.00	5605.58
334.00	5598.56
335.00	5818.57
336.00	5804.53
337.00	5914.53
338.00	5996.45
339.00	5872.40
340.00	6122.84
341.00	6057.31
342.00	6061.99
343.00	5937.94
344.00	5921.56
345.00	6064.33
346.00	6160.29
347.00	6162.63
348.00	6155.61
349.00	6132.20
350.00	6211.78
351.00	6080.71
352.00	6197.74
353.00	6211.78
354.00	6026.88
355.00	6338.17
356.00	6059.65
357.00	6246.89
358.00	6298.38
359.00	6256.25
360.00	6380.30
361.00	6179.01
362.00	6431.79
363.00	6476.26
364.00	6494.99
365.00	6497.33
366.00	6394.34
367.00	6497.33
368.00	6656.48
369.00	6740.74
370.00	6609.67
371.00	6651.80
372.00	6590.95
373.00	6670.53
374.00	6876.49
375.00	6759.47
376.00	6806.28
377.00	6892.88
378.00	6754.79
379.00	6888.20
380.00	7208.85
381.00	6981.82
382.00	6946.71
383.00	6853.09
384.00	7014.59
385.00	7124.59
386.00	7250.98
387.00	7173.74
388.00	7155.02
389.00	7269.70
390.00	7293.11
391.00	7379.71
392.00	7297.79
393.00	7452.27
394.00	7616.10
395.00	7599.72
396.00	7571.63
397.00	7728.45
398.00	7576.31
399.00	7695.68
400.00	7782.28
401.00	7779.94
402.00	7665.25
403.00	7859.52
404.00	8067.83
405.00	8091.23
406.00	8030.38
407.00	8077.19
408.00	7852.50
409.00	7583.34
410.00	7721.43
411.00	7927.39
412.00	8093.57
413.00	8189.53
414.00	8021.02
415.00	8067.83
416.00	7946.12
417.00	8053.78
418.00	8315.92
419.00	8168.47
420.00	8156.77
421.00	8112.30
422.00	8205.92
423.00	8182.51
424.00	8004.63
425.00	8030.38
426.00	8112.30
427.00	8168.47
428.00	8044.42
429.00	8203.58
430.00	8222.30
431.00	8280.82
432.00	8194.22
433.00	8257.41
434.00	8283.16
435.00	8313.58
436.00	8299.54
437.00	8250.39
438.00	8322.94
439.00	8531.25
440.00	8835.52
441.00	8723.18
442.00	8676.37
443.00	8521.89
444.00	8535.93
445.00	8507.85
446.00	8676.37
447.00	8690.41
448.00	8610.83
449.00	8596.79
450.00	8568.70
451.00	8786.37
452.00	8840.20
453.00	8798.07
454.00	8531.25
455.00	8828.50
456.00	8821.48
457.00	8816.80
458.00	8802.75
459.00	8800.41
460.00	8882.33
461.00	9027.45
462.00	9034.47
463.00	8924.46
464.00	8903.40
465.00	9067.24
466.00	9004.04
467.00	9081.28
468.00	9006.38
469.00	9324.69
470.00	9252.14
471.00	9245.12
472.00	9193.62
473.00	9200.65
474.00	9296.61
475.00	9202.99
476.00	9284.91
477.00	9474.49
478.00	9619.60
479.00	9659.39
480.00	9584.49
481.00	9596.20
482.00	9706.20
483.00	9668.75
484.00	9638.33
485.00	9930.89
486.00	9745.99
487.00	9968.34
488.00	10001.11
489.00	9877.06
490.00	9715.56
491.00	9905.15
492.00	9851.31
493.00	9893.44
494.00	10066.64
495.00	10057.28
496.00	9954.30
497.00	9799.82
498.00	10071.33
499.00	10218.78
500.00	10312.40
501.00	10342.83
502.00	10366.23
503.00	10193.03
504.00	10441.13
505.00	10373.25
506.00	10497.30
507.00	10384.96
508.00	10677.52
509.00	10431.77
510.00	10455.17
511.00	10665.82
512.00	10516.03
513.00	10534.75
514.00	10689.23
515.00	10473.90
516.00	10663.48
517.00	10377.94
518.00	10539.43
519.00	10729.02
520.00	10541.77
521.00	10778.17
522.00	10651.78
523.00	10532.41
524.00	10609.65
525.00	10705.61
526.00	10843.70
527.00	11009.88
528.00	10630.71
529.00	10991.16
530.00	10906.90
531.00	11082.44
532.00	10874.13
533.00	10974.77
534.00	11131.59
535.00	11091.80
536.00	11234.57
537.00	10942.00
538.00	11021.58
539.00	11194.78
540.00	11138.61
541.00	10974.77
542.00	11274.36
543.00	11426.50
544.00	11162.01
545.00	11314.15
546.00	11578.63
547.00	11206.48
548.00	11620.76
549.00	11379.68
550.00	11559.91
551.00	11590.33
552.00	11751.83
553.00	11735.45
554.00	11838.43
555.00	11651.19
556.00	12107.59
557.00	11967.16
558.00	11850.13
559.00	12201.21
560.00	11859.49
561.00	12233.98
562.00	12571.02
563.00	12210.57
564.00	12142.70
565.00	12395.48
566.00	12191.85
567.00	12659.96
568.00	12231.64
569.00	12617.83
570.00	12283.13
571.00	12280.79
572.00	12491.44
573.00	12676.34
574.00	12769.96
575.00	12547.61
576.00	13071.89
577.00	13085.94
578.00	13048.49
579.00	13050.83
580.00	13291.90
581.00	13099.98
582.00	13092.96
583.00	13540.00
584.00	13460.42
585.00	13357.44
586.00	13755.33
587.00	13771.71
588.00	13755.33
589.00	13823.20
590.00	13804.48
591.00	13989.38
592.00	13933.21
593.00	14230.46
594.00	14679.84
595.00	14394.29
596.00	14700.90
597.00	14724.31
598.00	14663.46
599.00	14923.26
600.00	14895.17
601.00	15321.15
602.00	15087.09
603.00	15826.70
604.00	15398.38
605.00	15620.74
606.00	15882.88
607.00	15803.30
608.00	15763.51
609.00	15864.15
610.00	15697.97
611.00	15988.20
612.00	16184.80
613.00	16128.63
614.00	16393.11
615.00	16578.01
616.00	16610.78
617.00	17032.08
618.00	16791.00
619.00	17099.95
620.00	16882.28
621.00	17151.45
622.00	17596.15
623.00	17710.83
624.00	17832.54
625.00	17762.33
626.00	17823.18
627.00	17949.57
628.00	17991.70
629.00	18338.10
630.00	18555.77
631.00	18799.18
632.00	18483.21
633.00	18963.02
634.00	18867.06
635.00	19138.56
636.00	19185.37
637.00	19454.53
638.00	19674.54
639.00	19915.62
640.00	19672.20
641.00	19660.50
642.00	19868.81
643.00	20217.55
644.00	20503.09
645.00	20723.10
646.00	20535.86
647.00	20683.31
648.00	20720.76
649.00	21034.39
650.00	21254.40
651.00	21425.26
652.00	21287.17
653.00	21507.18
654.00	21762.30
655.00	21886.35
656.00	22087.64
657.00	22176.58
658.00	22705.54
659.00	22504.25
660.00	23199.39
661.00	22934.91
662.00	23007.47
663.00	23215.77
664.00	23613.66
665.00	23735.37
666.00	23337.48
667.00	24102.84
668.00	23700.26
669.00	23962.40
670.00	23805.59
671.00	23917.93
672.00	24407.11
673.00	24587.33
674.00	24552.22
675.00	24751.17
676.00	24559.24
677.00	25053.09
678.00	25085.86
679.00	25001.60
680.00	25336.30
681.00	25348.00
682.00	25858.24
683.00	25420.56
684.00	26003.35
685.00	26059.52
686.00	26415.29
687.00	26375.50
688.00	26881.05
689.00	26476.14
690.00	26443.37
691.00	26600.19
692.00	26710.19
693.00	27108.08
694.00	27522.36
695.00	27311.71
696.00	27690.88
697.00	27508.32
698.00	27660.45
699.00	28376.66
700.00	27976.42
701.00	28411.76
702.00	28254.95
703.00	28329.84
704.00	28556.88
705.00	28697.31
706.00	28376.66
707.00	29106.90
708.00	28950.09
709.00	29280.10
710.00	29455.64
711.00	29200.52
712.00	29860.55
713.00	29572.67
714.00	29376.06
715.00	29823.11
716.00	30141.42
717.00	30422.28
718.00	30441.01
719.00	29834.81
720.00	29956.52
721.00	30408.24
722.00	30754.64
723.00	30822.51
724.00	31016.78
725.00	31091.68
726.00	30820.17
727.00	30972.31
728.00	30906.77
729.00	31175.94
730.00	31484.89
731.00	31681.49
732.00	31517.65
733.00	31646.38
734.00	31178.28
735.00	31798.52
736.00	31335.09
737.00	32055.98
738.00	32313.44
739.00	32374.29
740.00	31894.48
741.00	32535.79
742.00	32226.84
743.00	32236.20
744.00	32533.45
745.00	32488.98
746.00	32739.41
747.00	32563.87
748.00	33205.18
749.00	32725.37
750.00	32994.53
751.00	32861.12
752.00	32870.48
753.00	33263.69
754.00	33436.89
755.00	33488.38
756.00	33612.43
757.00	33296.46
758.00	33591.37
759.00	33886.28
760.00	33942.45
761.00	34293.53
762.00	34401.19
763.00	34312.25
764.00	34094.58
765.00	34426.94
766.00	34230.33
767.00	34628.23
768.00	35204.00
769.00	34782.70
770.00	34656.31
771.00	34848.24
772.00	34930.16
773.00	35115.06
774.00	35498.91
775.00	35236.77
776.00	35393.58
777.00	35246.13
778.00	35880.41
779.00	36020.84
780.00	35992.76
781.00	35707.21
782.00	35529.33
783.00	36140.21
784.00	36074.68
785.00	36411.71
786.00	36107.44
787.00	36467.89
788.00	36219.79
789.00	36491.29
790.00	36666.83
791.00	36718.32
792.00	36896.20
793.00	37146.64
794.00	37226.22
795.00	37263.67
796.00	36882.16
797.00	37113.87
798.00	36704.28
799.00	37422.83
800.00	37104.51
801.00	37869.87
802.00	37317.50
803.00	37701.35
804.00	37322.18
805.00	37439.21
806.00	38036.05
807.00	38258.40
808.00	38328.61
809.00	37890.93
810.00	38574.37
811.00	37776.25
812.00	38429.26
813.00	38354.36
814.00	38323.93
815.00	38752.25
816.00	38649.27
817.00	38684.37
818.00	38983.96
819.00	38993.32
820.00	39152.48
821.00	38604.80
822.00	38923.11
823.00	38602.46
824.00	39189.93
825.00	38815.44
826.00	39068.22
827.00	39665.06
828.00	39346.75
829.00	39391.22
830.00	39723.57
831.00	39510.58
832.00	39220.36
833.00	40020.82
834.00	39892.09
835.00	39990.39
836.00	40004.44
837.00	39957.63
838.00	40030.18
839.00	39997.41
840.00	39910.82
841.00	40481.91
842.00	40512.33
843.00	40655.11
844.00	40547.44
845.00	40467.86
846.00	40402.33
847.00	40547.44
848.00	40708.94
849.00	40776.81
850.00	41045.97
851.00	40634.04
852.00	41153.64
853.00	40814.26
854.00	41420.46
855.00	40472.54
856.00	41270.67
857.00	41336.20
858.00	41691.96
859.00	41930.70
860.00	41591.32
861.00	41471.95
862.00	42195.18
863.00	41450.89
864.00	41876.86
865.00	42071.13
866.00	42202.20
867.00	42501.79
868.00	41722.39
869.00	42335.61
870.00	42415.19
871.00	42047.72
872.00	42162.41
873.00	42052.41
874.00	42429.23
875.00	42476.04
876.00	42330.93
877.00	42684.35
878.00	42621.16
879.00	42553.28
880.00	42862.23
881.00	42401.14
882.00	43084.58
883.00	42422.21
884.00	43082.24
885.00	43119.69
886.00	42745.20
887.00	43084.58
888.00	43075.22
889.00	42815.42
890.00	43084.58
891.00	42876.27
892.00	43026.07
893.00	43482.47
894.00	43316.29
895.00	43126.71
896.00	43531.62
897.00	43302.25
898.00	43583.12
899.00	43543.33
900.00	43536.30
901.00	44261.87
902.00	44067.61
903.00	43828.87
904.00	43749.29
905.00	43805.47
906.00	43505.88
907.00	44175.27
908.00	44273.57
909.00	43889.73
910.00	44091.01
911.00	45006.16
912.00	44638.70
913.00	43896.75
914.00	44329.75
915.00	44327.41
916.00	44802.53
917.00	44704.23
918.00	44676.15
919.00	44823.60
920.00	44437.41
921.00	45221.49
922.00	44666.78
923.00	44879.77
924.00	44856.37
925.00	44624.65
926.00	44889.13
927.00	45378.31
928.00	45343.20
929.00	45261.28
930.00	45298.73
931.00	44755.72
932.00	44877.43
933.00	45347.88
934.00	45394.69
935.00	45055.31
936.00	45811.31
937.00	45563.21
938.00	45277.66
939.00	45155.96
940.00	45677.90
941.00	45694.28
942.00	45354.90
943.00	45153.62
944.00	45713.00
945.00	45900.25
946.00	45492.99
947.00	46417.50
948.00	46190.47
949.00	45670.87
950.00	46033.66
951.00	46349.63
952.00	45825.35
953.00	46057.06
954.00	45975.14
955.00	46433.89
956.00	46443.25
957.00	46110.89
958.00	46256.01
959.00	46040.68
960.00	46120.26
961.00	46033.66
962.00	46349.63
963.00	46197.49
964.00	46305.16
965.00	46532.19
966.00	46485.38
967.00	46976.89
968.00	47042.43
969.00	46663.26
970.00	46780.29
971.00	47133.71
972.00	47203.92
973.00	47192.22
974.00	47182.86
975.00	47351.38
976.00	47533.94
977.00	47248.39
978.00	46836.46
979.00	46770.93
980.00	46967.53
981.00	47133.71
982.00	48051.20
983.00	47489.47
984.00	48268.87
985.00	47419.25
986.00	47407.55
987.00	47239.03
988.00	47168.82
989.00	47437.98
990.00	47058.81
991.00	47171.16
992.00	47835.87
993.00	47576.07
994.00	47784.38
995.00	47913.11
996.00	47489.47
997.00	47753.95
998.00	48208.01
999.00	48128.44
1000.00	48074.60
1001.00	47629.90
1002.00	48025.45
1003.00	47688.42
1004.00	47995.03
1005.00	47749.27
1006.00	47859.27
1007.00	48516.96
1008.00	47934.17
1009.00	48222.06
1010.00	47725.86
1011.00	48451.43
1012.00	48493.56
1013.00	48662.08
1014.00	47718.84
1015.00	48633.99
1016.00	47882.68
1017.00	47697.78
1018.00	48353.13
1019.00	48425.68
1020.00	48870.39
1021.00	48861.02
1022.00	49111.46
1023.00	48460.79
1024.00	48453.77
1025.00	48329.72
1026.00	48762.72
1027.00	48959.33
1028.00	48861.02
1029.00	48893.79
1030.00	48825.92
1031.00	49123.16
1032.00	49148.91
1033.00	49088.06
1034.00	48535.69
1035.00	48828.26
1036.00	48708.89
1037.00	48989.75
1038.00	48952.30
1039.00	49052.95
1040.00	48912.52
1041.00	49092.74
1042.00	49418.07
1043.00	49088.06
1044.00	49254.23
1045.00	49296.36
1046.00	49251.89
1047.00	49233.17
1048.00	49532.76
1049.00	49214.44
1050.00	49148.91
1051.00	49371.26
1052.00	49577.23
1053.00	49237.85
1054.00	49549.14
1055.00	49200.40
1056.00	49301.04
1057.00	49020.18
1058.00	49345.51
1059.00	49748.09
1060.00	49474.24
1061.00	49752.77
1062.00	49371.26
1063.00	49352.54
1064.00	49233.17
1065.00	49006.14
1066.00	49078.69
1067.00	49404.03
1068.00	49865.11
1069.00	49701.28
1070.00	49502.33
1071.00	49638.08
1072.00	49827.66
1073.00	49265.94
1074.00	49837.03
1075.00	49694.25
1076.00	49825.32
1077.00	49242.53
1078.00	50035.97
1079.00	49970.44
1080.00	49977.46
1081.00	49769.15
1082.00	49734.04
1083.00	49705.96
1084.00	49626.38
1085.00	49729.36
1086.00	49511.69
1087.00	49516.37
1088.00	49696.59
1089.00	49591.27
1090.00	50157.68
1091.00	49773.83
1092.00	49682.55
1093.00	50169.38
1094.00	49794.90
1095.00	49806.60
1096.00	49560.84
1097.00	49893.20
1098.00	49593.61
1099.00	50115.55
1100.00	49612.34
1101.00	50115.55
1102.00	50206.83
1103.00	50382.37
1104.00	50096.83
1105.00	49698.94
1106.00	49565.52
1107.00	50005.55
1108.00	50033.63
1109.00	50433.86
1110.00	50436.20
1111.00	50281.73
1112.00	50092.15
1113.00	50700.68
1114.00	49949.37
1115.00	50026.61
1116.00	49888.52
1117.00	50033.63
1118.00	50356.63
1119.00	50092.15
1120.00	50284.07
1121.00	50365.99
1122.00	49956.39
1123.00	50330.88
1124.00	50078.10
1125.00	49907.24
1126.00	49670.85
1127.00	49736.38
1128.00	49815.96
1129.00	50054.70
1130.00	49617.02
1131.00	50431.52
1132.00	50185.77
1133.00	50370.67
1134.00	49979.80
1135.00	50000.86
1136.00	49937.67
1137.00	49773.83
1138.00	50071.08
1139.00	50202.15
1140.00	50129.59
1141.00	49911.92
1142.00	50483.01
1143.00	50506.42
1144.00	49968.10
1145.00	50174.06
1146.00	50143.64
1147.00	50164.70
1148.00	50000.86
1149.00	50073.42
1150.00	49762.13
1151.00	50059.38
1152.00	50323.86
1153.00	50452.59
1154.00	50466.63
1155.00	49928.31
1156.00	50145.98
1157.00	50475.99
1158.00	49902.56
1159.00	50361.31
1160.00	50094.49
1161.00	50323.86
1162.00	50326.20
1163.00	50686.64
1164.00	50087.46
1165.00	50454.93
1166.00	50167.04
1167.00	50117.89
1168.00	50508.76
1169.00	50319.18
1170.00	50164.70
1171.00	50101.51
1172.00	50134.28
1173.00	50281.73
1174.00	50382.37
1175.00	50389.39
1176.00	50251.30
1177.00	49996.18
1178.00	50120.23
1179.00	50082.78
1180.00	50047.68
1181.00	49876.82
1182.00	49956.39
1183.00	50035.97
1184.00	50241.94
1185.00	50656.21
1186.00	50660.90
1187.00	50241.94
1188.00	49984.48
1189.00	50059.38
1190.00	50050.02
1191.00	49874.48
1192.00	50035.97
1193.00	49982.14
1194.00	50045.33
1195.00	50255.98
1196.00	50312.16
1197.00	50466.63
1198.00	50335.56
1199.00	50005.55
1200.00	50169.38
1201.00	50075.76
1202.00	50138.96
1203.00	50199.81
1204.00	50316.84
1205.00	49865.11
1206.00	50534.51
1207.00	50380.03
1208.00	50501.74
1209.00	50337.90
1210.00	50000.86
1211.00	50272.37
1212.00	49895.54
1213.00	50064.06
1214.00	50234.92
1215.00	50293.43
1216.00	50099.17
1217.00	50471.31
1218.00	50251.30
1219.00	49790.22
1220.00	50391.73
1221.00	49940.01
1222.00	49979.80
1223.00	50202.15
1224.00	50040.65
1225.00	49759.79
1226.00	50085.12
1227.00	50085.12
1228.00	50265.34
1229.00	49785.54
1230.00	50295.77
1231.00	49982.14
1232.00	50312.16
1233.00	50382.37
1234.00	50071.08
1235.00	49930.65
1236.00	49687.23
1237.00	50164.70
1238.00	49876.82
1239.00	50440.89
1240.00	50103.85
1241.00	50656.21
1242.00	50209.17
1243.00	50934.74
1244.00	50033.63
1245.00	50073.42
1246.00	49797.24
1247.00	49918.95
1248.00	50223.22
1249.00	49907.24
1250.00	50127.25
1251.00	50326.20
1252.00	50225.56
1253.00	50349.60
1254.00	50349.60
1255.00	50415.14
1256.00	50300.45
1257.00	50356.63
1258.00	50237.26
1259.00	50000.86
1260.00	49970.44
1261.00	50178.75
1262.00	50431.52
1263.00	50124.91
1264.00	50813.03
1265.00	50766.22
1266.00	50745.15
1267.00	50387.05
1268.00	50110.87
1269.00	50309.82
1270.00	50038.31
1271.00	50054.70
1272.00	49837.03
1273.00	50518.12
1274.00	50190.45
1275.00	50431.52
1276.00	50630.47
1277.00	50705.37
1278.00	50342.58
1279.00	50209.17
1280.00	50576.64
1281.00	50155.34
1282.00	50370.67
1283.00	49904.90
1284.00	50265.34
1285.00	50003.20
1286.00	50607.06
1287.00	50326.20
1288.00	50387.05
1289.00	50717.07
1290.00	50220.87
1291.00	50281.73
1292.00	50181.09
1293.00	50277.05
1294.00	50160.02
1295.00	50052.36
1296.00	50197.47
1297.00	50071.08
1298.00	50274.71
1299.00	50333.22
1300.00	50501.74
1301.00	50754.52
1302.00	50550.89
1303.00	50333.22
1304.00	50209.17
1305.00	50127.25
1306.00	50007.89
1307.00	49907.24
1308.00	49787.88
1309.00	50312.16
1310.00	49951.71
1311.00	50333.22
1312.00	50784.94
1313.00	50632.81
1314.00	50578.98
1315.00	50050.02
1316.00	49937.67
1317.00	50586.00
1318.00	50204.49
1319.00	50134.28
1320.00	50171.72
1321.00	50464.29
1322.00	50211.51
1323.00	50504.08
1324.00	50302.79
1325.00	50602.38
1326.00	50251.30
1327.00	50117.89
1328.00	50026.61
1329.00	50000.86
1330.00	50204.49
1331.00	50351.94
1332.00	50071.08
1333.00	50265.34
1334.00	50014.91
1335.00	50497.06
1336.00	50199.81
1337.00	50066.40
1338.00	50597.70
1339.00	50450.25
1340.00	50457.27
1341.00	49731.70
1342.00	50244.28
1343.00	49886.18
1344.00	50197.47
1345.00	49928.31
1346.00	49738.72
1347.00	50475.99
1348.00	50468.97
1349.00	50209.17
1350.00	50094.49
1351.00	50145.98
1352.00	49883.84
1353.00	49411.05
1354.00	49731.70
1355.00	49563.18
1356.00	49287.00
1357.00	49930.65
1358.00	50012.57
1359.00	49792.56
1360.00	50124.91
1361.00	50169.38
1362.00	50000.86
1363.00	50284.07
1364.00	50019.59
1365.00	50007.89
1366.00	49937.67
1367.00	49471.90
1368.00	49799.58
1369.00	49734.04
1370.00	49357.22
1371.00	49752.77
1372.00	49607.65
1373.00	49769.15
1374.00	50195.13
1375.00	49977.46
1376.00	49551.48
1377.00	49705.96
1378.00	49270.62
1379.00	49464.88
1380.00	49303.38
1381.00	49542.12
1382.00	49462.54
1383.00	49254.23
1384.00	49411.05
1385.00	49188.70
1386.00	49904.90
1387.00	49413.39
1388.00	49462.54
1389.00	49081.03
1390.00	49499.99
1391.00	49317.43
1392.00	49041.24
1393.00	48945.28
1394.00	48514.62
1395.00	49467.22
1396.00	49294.02
1397.00	49448.50
1398.00	49148.91
1399.00	49291.68
1400.00	49221.47
1401.00	49605.31
1402.00	48879.75
1403.00	49272.96
1404.00	48912.52
1405.00	48465.47
1406.00	48767.40
1407.00	48919.54
1408.00	48769.74
1409.00	49172.31
1410.00	48753.36
1411.00	48917.20
1412.00	49448.50
1413.00	49076.35
1414.00	49034.22
1415.00	48907.83
1416.00	48978.05
1417.00	48844.64
1418.00	48376.53
1419.00	48601.22
1420.00	48390.58
1421.00	48708.89
1422.00	48648.03
1423.00	48868.05
1424.00	48769.74
1425.00	48210.35
1426.00	48884.43
1427.00	48142.48
1428.00	48435.05
1429.00	48098.01
1430.00	48018.43
1431.00	48512.28
1432.00	48395.26
1433.00	48168.22
1434.00	47966.94
1435.00	48212.70
1436.00	48563.78
1437.00	48154.18
1438.00	48154.18
1439.00	48128.44
1440.00	48397.60
1441.00	48149.50
1442.00	47700.12
1443.00	47613.52
1444.00	47887.36
1445.00	47760.97
1446.00	47749.27
1447.00	47636.92
1448.00	48062.90
1449.00	47807.78
1450.00	47894.38
1451.00	47922.47
1452.00	48236.10
1453.00	47819.49
1454.00	48006.73
1455.00	47655.65
1456.00	47482.45
1457.00	47232.01
1458.00	47721.18
1459.00	47725.86
1460.00	47547.98
1461.00	47751.61
1462.00	47358.40
1463.00	47334.99
1464.00	47629.90
1465.00	48116.73
1466.00	47606.50
1467.00	47470.75
1468.00	47391.17
1469.00	47166.48
1470.00	47201.58
1471.00	46803.69
1472.00	46789.65
1473.00	47374.78
1474.00	47091.58
1475.00	47173.50
1476.00	47075.19
1477.00	47512.88
1478.00	47398.19
1479.00	47430.96
1480.00	47477.77
1481.00	47021.36
1482.00	47147.75
1483.00	47114.98
1484.00	46806.03
1485.00	46398.78
1486.00	46167.07
1487.00	46045.36
1488.00	46553.26
1489.00	46579.00
1490.00	46894.97
1491.00	46298.14
1492.00	46794.33
1493.00	46431.55
1494.00	46529.85
1495.00	46731.14
1496.00	46258.35
1497.00	46040.68
1498.00	46454.95
1499.00	46274.73
1500.00	45928.33
1501.00	46564.96
1502.00	46148.34
1503.00	46604.75
1504.00	46080.47
1505.00	46389.42
1506.00	46433.89
1507.00	46286.43
1508.00	46071.10
1509.00	45970.46
1510.00	46134.30
1511.00	45848.75
1512.00	45492.99
1513.00	45581.93
1514.00	45872.16
1515.00	45666.19
1516.00	45904.93
1517.00	45521.08
1518.00	45961.10
1519.00	46057.06
1520.00	45675.55
1521.00	46089.83
1522.00	45841.73
1523.00	45511.72
1524.00	45823.01
1525.00	45675.55
1526.00	45535.12
1527.00	45111.49
1528.00	45411.07
1529.00	45397.03
1530.00	45043.61
1531.00	45579.59
1532.00	44954.67
1533.00	45502.35
1534.00	45457.88
1535.00	45113.83
1536.00	45394.69
1537.00	45045.95
1538.00	44959.35
1539.00	45015.52
1540.00	44720.62
1541.00	45045.95
1542.00	45052.97
1543.00	45326.81
1544.00	44868.07
1545.00	44989.78
1546.00	45193.40
1547.00	44994.46
1548.00	44690.19
1549.00	45474.27
1550.00	44825.94
1551.00	44882.11
1552.00	44865.73
1553.00	44474.86
1554.00	44741.68
1555.00	44680.83
1556.00	44315.70
1557.00	44460.82
1558.00	44301.66
1559.00	44526.35
1560.00	44720.62
1561.00	44488.90
1562.00	44837.64
1563.00	44839.98
1564.00	44638.70
1565.00	44095.69
1566.00	43971.64
1567.00	44137.82
1568.00	43990.37
1569.00	43957.60
1570.00	43899.09
1571.00	43868.66
1572.00	43969.30
1573.00	43742.27
1574.00	43763.34
1575.00	44025.48
1576.00	44261.87
1577.00	44074.63
1578.00	44282.94
1579.00	44229.10
1580.00	43985.69
1581.00	43573.75
1582.00	43730.57
1583.00	43704.82
1584.00	43566.73
1585.00	43817.17
1586.00	43522.26
1587.00	43353.74
1588.00	43023.73
1589.00	43566.73
1590.00	43768.02
1591.00	43613.54
1592.00	43585.46
1593.00	43604.18
1594.00	43217.99
1595.00	43613.54
1596.00	43035.43
1597.00	43058.84
1598.00	42717.12
1599.00	43433.32
1600.00	42976.92
1601.00	43194.59
1602.00	42911.38
1603.00	43351.40
1604.00	42820.10
1605.00	43232.04
1606.00	42880.95
1607.00	43100.97
1608.00	42756.91
1609.00	42960.53
1610.00	42447.96
1611.00	42492.43
1612.00	42597.75
1613.00	42923.08
1614.00	42721.80
1615.00	42520.51
1616.00	42656.26
1617.00	42689.03
1618.00	42892.66
1619.00	42887.98
1620.00	42511.15
1621.00	42202.20
1622.00	42763.93
1623.00	42880.95
1624.00	42131.98
1625.00	42431.57
1626.00	42101.56
1627.00	42354.33
1628.00	42047.72
1629.00	42064.11
1630.00	42155.39
1631.00	41907.29
1632.00	42129.64
1633.00	42167.09
1634.00	41811.33
1635.00	42347.31
1636.00	42602.43
1637.00	42389.44
1638.00	42429.23
1639.00	41820.69
1640.00	42068.79
1641.00	41762.18
1642.00	41462.59
1643.00	41748.14
1644.00	41879.21
1645.00	41839.42
1646.00	41811.33
1647.00	42059.43
1648.00	42024.32
1649.00	41860.48
1650.00	41516.42
1651.00	41549.19
1652.00	41816.01
1653.00	42092.19
1654.00	41787.92
1655.00	41610.04
1656.00	41457.91
1657.00	41216.83
1658.00	41071.72
1659.00	40987.46
1660.00	41354.93
1661.00	41329.18
1662.00	41361.95
1663.00	41069.38
1664.00	41343.22
1665.00	41268.33
1666.00	41352.58
1667.00	41226.20
1668.00	41160.66
1669.00	41509.40
1670.00	40994.48
1671.00	40861.07
1672.00	41525.78
1673.00	40840.01
1674.00	40854.05
1675.00	40893.84
1676.00	40484.25
1677.00	41013.21
1678.00	40870.43
1679.00	41038.95
1680.00	40781.49
1681.00	40914.90
1682.00	40830.65
1683.00	40772.13
1684.00	40664.47
1685.00	40659.79
1686.00	40465.52
1687.00	40226.79
1688.00	40533.40
1689.00	40732.34
1690.00	40730.00
1691.00	40533.40
1692.00	40327.43
1693.00	40367.22
1694.00	40535.74
1695.00	40587.23
1696.00	40526.38
1697.00	40315.73
1698.00	40219.77
1699.00	40184.66
1700.00	40311.05
1701.00	39676.76
1702.00	39885.07
1703.00	40051.25
1704.00	39786.77
1705.00	39920.18
1706.00	39697.83
1707.00	39847.62
1708.00	39480.16
1709.00	39758.68
1710.00	39431.01
1711.00	39456.75
1712.00	39576.12
1713.00	39578.46
1714.00	39431.01
1715.00	39585.48
1716.00	39433.35
1717.00	39332.70
1718.00	38630.54
1719.00	39288.23
1720.00	39070.56
1721.00	39302.28
1722.00	39000.35
1723.00	38923.11
1724.00	39110.35
1725.00	38913.75
1726.00	38813.10
1727.00	38380.10
1728.00	38904.38
1729.00	38864.60
1730.00	38719.48
1731.00	38920.77
1732.00	38541.60
1733.00	38660.97
1734.00	38572.03
1735.00	38735.87
1736.00	38487.77
1737.00	37984.55
1738.00	37916.68
1739.00	37890.93
1740.00	37968.17
1741.00	38031.36
1742.00	38260.74
1743.00	38281.80
1744.00	37890.93
1745.00	38057.11
1746.00	38270.10
1747.00	38190.52
1748.00	37867.53
1749.00	37612.41
1750.00	37518.79
1751.00	37673.26
1752.00	37787.95
1753.00	36790.88
1754.00	36928.97
1755.00	37120.90
1756.00	37479.00
1757.00	37060.04
1758.00	37240.26
1759.00	37027.28
1760.00	37401.76
1761.00	37579.64
1762.00	36720.66
1763.00	37411.12
1764.00	36732.37
1765.00	36687.90
1766.00	37036.64
1767.00	36580.23
1768.00	36931.31
1769.00	36573.21
1770.00	36802.58
1771.00	36208.09
1772.00	36503.00
1773.00	36645.77
1774.00	36601.30
1775.00	36652.79
1776.00	36570.87
1777.00	36128.51
1778.00	36156.60
1779.00	36208.09
1780.00	35978.72
1781.00	35887.43
1782.00	35915.52
1783.00	36245.54
1784.00	35391.24
1785.00	35608.91
1786.00	35442.73
1787.00	35213.36
1788.00	35339.75
1789.00	35037.82
1790.00	35330.39
1791.00	35442.73
1792.00	35220.38
1793.00	35395.92
1794.00	35309.32
1795.00	35103.35
1796.00	35498.91
1797.00	35168.89
1798.00	35250.81
1799.00	35353.79
1800.00	35014.41
1801.00	34789.72
1802.00	34328.64
1803.00	34689.08
1804.00	34071.18
1805.00	34359.06
1806.00	34452.69
1807.00	33996.28
1808.00	34242.04
1809.00	34448.00
1810.00	34433.96
1811.00	34075.86
1812.00	33486.04
1813.00	33902.66
1814.00	34295.87
1815.00	33525.83
1816.00	33649.88
1817.00	33736.48
1818.00	33443.91
1819.00	33474.34
1820.00	33275.40
1821.00	33202.84
1822.00	33350.29
1823.00	33151.35
1824.00	32940.70
1825.00	33156.03
1826.00	33111.56
1827.00	33305.82
1828.00	33329.23
1829.00	32982.83
1830.00	32664.52
1831.00	31761.07
1832.00	32903.25
1833.00	32608.34
1834.00	32821.33
1835.00	32606.00
1836.00	32180.03
1837.00	31901.50
1838.00	31730.64
1839.00	32165.98
1840.00	31709.58
1841.00	31840.65
1842.00	31592.55
1843.00	31573.83
1844.00	31960.02
1845.00	31913.20
1846.00	31484.89
1847.00	31395.95
1848.00	31583.19
1849.00	31182.96
1850.00	30529.95
1851.00	31091.68
1852.00	30934.86
1853.00	30881.03
1854.00	30462.07
1855.00	30693.79
1856.00	30279.51
1857.00	30646.97
1858.00	30361.43
1859.00	29975.24
1860.00	29715.44
1861.00	30125.04
1862.00	29806.72
1863.00	30054.82
1864.00	30080.56
1865.00	29301.17
1866.00	29469.69
1867.00	29378.40
1868.00	29532.88
1869.00	29930.77
1870.00	29240.31
1871.00	29160.73
1872.00	29109.24
1873.00	29488.41
1874.00	28795.61
1875.00	28870.51
1876.00	28886.89
1877.00	28575.60
1878.00	28538.15
1879.00	28362.61
1880.00	28451.55
1881.00	28407.08
1882.00	28491.34
1883.00	28355.59
1884.00	28018.55
1885.00	28556.88
1886.00	28102.81
1887.00	27866.42
1888.00	27999.83
1889.00	27674.49
1890.00	27655.77
1891.00	27646.41
1892.00	27431.08
1893.00	27262.56
1894.00	27264.90
1895.00	26876.37
1896.00	27276.60
1897.00	26651.68
1898.00	27285.97
1899.00	27225.11
1900.00	26962.97
1901.00	27005.10
1902.00	26845.94
1903.00	26771.05
1904.00	26558.06
1905.00	26047.82
1906.00	26012.71
1907.00	26071.23
1908.00	25858.24
1909.00	25930.80
1910.00	25778.66
1911.00	25579.71
1912.00	25834.83
1913.00	25472.05
1914.00	25633.55
1915.00	25476.73
1916.00	25500.14
1917.00	25331.62
1918.00	25348.00
1919.00	25703.76
1920.00	25525.88
1921.00	25289.49
1922.00	25085.86
1923.00	25135.01
1924.00	24463.28
1925.00	24292.42
1926.00	24067.73
1927.00	24437.53
1928.00	23934.32
1929.00	24374.34
1930.00	24346.25
1931.00	24339.23
1932.00	24233.91
1933.00	23985.81
1934.00	23957.72
1935.00	23885.17
1936.00	24070.07
1937.00	23749.42
1938.00	23758.78
1939.00	23718.99
1940.00	23686.22
1941.00	23524.72
1942.00	23360.89
1943.00	22827.24
1944.00	23377.27
1945.00	23285.99
1946.00	22986.40
1947.00	22771.07
1948.00	22340.41
1949.00	22443.40
1950.00	22253.81
1951.00	22265.52
1952.00	22647.02
1953.00	22429.35
1954.00	22597.87
1955.00	22455.10
1956.00	22403.61
1957.00	22183.60
1958.00	22040.82
1959.00	22342.75
1960.00	21610.17
1961.00	21565.70
1962.00	21848.90
1963.00	21673.36
1964.00	21483.78
1965.00	21135.04
1966.00	21338.66
1967.00	21029.71
1968.00	21156.10
1969.00	20992.26
1970.00	20723.10
1971.00	21158.44
1972.00	20744.17
1973.00	20809.70
1974.00	20744.17
1975.00	20819.07
1976.00	20835.45
1977.00	20463.30
1978.00	20517.14
1979.00	20357.98
1980.00	20346.28
1981.00	20018.60
1982.00	19765.82
1983.00	19793.91
1984.00	20034.99
1985.00	19882.85
1986.00	19557.52
1987.00	19658.16
1988.00	19304.74
1989.00	19651.14
1990.00	19428.79
1991.00	19440.49
1992.00	19400.70
1993.00	19192.39
1994.00	19164.31
1995.00	19201.76
1996.00	19180.69
1997.00	19087.07
1998.00	19044.94
1999.00	18831.95
2000.00	18649.39
2001.00	18548.75
2002.00	18513.64
2003.00	18455.12
2004.00	18291.29
2005.00	18129.79
2006.00	18230.43
2007.00	17926.16
2008.00	18057.23
2009.00	17935.53
2010.00	17888.71
2011.00	17741.26
2012.00	18040.85
2013.00	18029.15
2014.00	17626.57
2015.00	17563.38
2016.00	17507.21
2017.00	17284.86
2018.00	17411.25
2019.00	17399.54
2020.00	17294.22
2021.00	17062.51
2022.00	17366.78
2023.00	16896.33
2024.00	16580.36
2025.00	16601.42
2026.00	16559.29
2027.00	16711.42
2028.00	16517.16
2029.00	16587.38
2030.00	16315.87
2031.00	16594.40
2032.00	16456.31
2033.00	16538.23
2034.00	16273.74
2035.00	15917.98
2036.00	16168.42
2037.00	15920.32
2038.00	16067.78
2039.00	16051.39
2040.00	15648.82
2041.00	15817.34
2042.00	15627.76
2043.00	15716.70
2044.00	15440.51
2045.00	15564.56
2046.00	15356.25
2047.00	15040.28
