0.00	985.37
1.00	985.37
2.00	985.37
3.00	933.87
4.00	945.58
5.00	933.87
6.00	966.64
7.00	936.21
8.00	961.96
9.00	926.85
10.00	894.08
11.00	952.60
12.00	898.77
13.00	910.47
14.00	952.60
15.00	922.17
16.00	1013.45
17.00	973.66
18.00	926.85
19.00	983.02
20.00	957.28
21.00	1001.75
22.00	968.98
23.00	1001.75
24.00	1123.46
25.00	1483.90
26.00	1369.21
27.00	1462.83
28.00	1516.67
29.00	1481.56
30.00	1540.07
31.00	1437.09
32.00	1474.54
33.00	1523.69
34.00	1547.09
35.00	1481.56
36.00	1551.78
37.00	1488.58
38.00	1563.48
39.00	1523.69
40.00	1556.46
41.00	1603.27
42.00	1645.40
43.00	1638.38
44.00	1640.72
45.00	1668.80
46.00	1589.22
47.00	1614.97
48.00	1612.63
49.00	1593.90
50.00	1647.74
51.00	1699.23
52.00	1650.08
53.00	1678.16
54.00	1680.50
55.00	1732.00
56.00	1682.85
57.00	1680.50
58.00	1661.78
59.00	1659.44
60.00	1633.69
61.00	1624.33
62.00	1692.21
63.00	1664.12
64.00	1757.74
65.00	1657.10
66.00	1685.19
67.00	1788.17
68.00	1694.55
69.00	1668.80
70.00	1778.81
71.00	1783.49
72.00	1877.11
73.00	1710.93
74.00	1823.28
75.00	1818.60
76.00	1802.21
77.00	1727.32
78.00	1834.98
79.00	1858.39
80.00	1764.76
81.00	1816.26
82.00	1799.87
83.00	1893.49
84.00	1816.26
85.00	1757.74
86.00	1830.30
87.00	1820.94
88.00	1891.15
89.00	1886.47
90.00	1886.47
91.00	1870.09
92.00	1949.67
93.00	1865.41
94.00	1874.77
95.00	1898.17
96.00	1907.54
97.00	2001.16
98.00	1919.24
99.00	1902.86
100.00	1865.41
101.00	1949.67
102.00	1954.35
103.00	1973.07
104.00	2008.18
105.00	1980.09
106.00	2036.27
107.00	1895.83
108.00	2043.29
109.00	2066.69
110.00	1891.15
111.00	1959.03
112.00	2012.86
113.00	2090.10
114.00	2001.16
115.00	2003.50
116.00	2099.46
117.00	2064.35
118.00	2125.21
119.00	2118.18
120.00	2139.25
121.00	2143.93
122.00	2174.36
123.00	2289.04
124.00	2155.63
125.00	2174.36
126.00	2113.50
127.00	2179.04
128.00	2148.61
129.00	2111.16
130.00	2230.53
131.00	2069.03
132.00	2251.60
133.00	2139.25
134.00	2244.57
135.00	2279.68
136.00	2230.53
137.00	2256.28
138.00	2260.96
139.00	2193.08
140.00	2277.34
141.00	2221.17
142.00	2303.09
143.00	2349.90
144.00	2331.17
145.00	2340.54
146.00	2331.17
147.00	2441.18
148.00	2363.94
149.00	2340.54
150.00	2415.43
151.00	2408.41
152.00	2389.69
153.00	2527.78
154.00	2558.21
155.00	2399.05
156.00	2502.03
157.00	2441.18
158.00	2492.67
159.00	2513.74
160.00	2520.76
161.00	2534.80
162.00	2434.16
163.00	2612.04
164.00	2471.61
165.00	2576.93
166.00	2574.59
167.00	2691.62
168.00	2532.46
169.00	2614.38
170.00	2581.61
171.00	2569.91
172.00	2661.19
173.00	2619.06
174.00	2768.85
175.00	2703.32
176.00	2771.19
177.00	2729.06
178.00	2703.32
179.00	2773.53
180.00	2825.03
181.00	2722.04
182.00	2764.17
183.00	2764.17
184.00	2853.11
185.00	2773.53
186.00	2757.15
187.00	2813.32
188.00	2930.35
189.00	2827.37
190.00	2944.39
191.00	2920.99
192.00	3030.99
193.00	2928.01
194.00	3016.95
195.00	3000.57
196.00	2998.23
197.00	3014.61
198.00	3110.57
199.00	3098.87
200.00	3087.17
201.00	2939.71
202.00	3117.59
203.00	3110.57
204.00	3091.85
205.00	3105.89
206.00	3124.62
207.00	3073.12
208.00	3129.30
209.00	3190.15
210.00	3169.09
211.00	3229.94
212.00	3155.04
213.00	3346.97
214.00	3229.94
215.00	3297.81
216.00	3297.81
217.00	3372.71
218.00	3353.99
219.00	3288.45
220.00	3372.71
221.00	3412.50
222.00	3426.54
223.00	3414.84
224.00	3524.85
225.00	3379.73
226.00	3581.02
227.00	3632.51
228.00	3583.36
229.00	3581.02
230.00	3611.45
231.00	3571.66
232.00	3761.24
233.00	3625.49
234.00	3779.97
235.00	3716.77
236.00	3852.52
237.00	3765.92
238.00	3808.05
239.00	3798.69
240.00	3978.91
241.00	3929.76
242.00	3976.57
243.00	4021.04
244.00	3911.04
245.00	4067.85
246.00	4161.47
247.00	4042.11
248.00	4156.79
249.00	4257.43
250.00	4126.36
251.00	4131.05
252.00	4121.68
253.00	4257.43
254.00	4276.16
255.00	4273.82
256.00	4334.67
257.00	4355.74
258.00	4222.33
259.00	4559.36
260.00	4449.36
261.00	4493.83
262.00	4564.04
263.00	4540.64
264.00	4542.98
265.00	4603.83
266.00	4636.60
267.00	4578.09
268.00	4627.24
269.00	4589.79
270.00	4667.03
271.00	4821.50
272.00	4791.08
273.00	4908.10
274.00	4865.97
275.00	4971.30
276.00	4940.87
277.00	4894.06
278.00	4950.23
279.00	4943.21
280.00	5109.39
281.00	4950.23
282.00	4931.51
283.00	4957.25
284.00	5107.05
285.00	5057.90
286.00	5100.03
287.00	5221.74
288.00	5064.92
289.00	5118.75
290.00	5167.90
291.00	5158.54
292.00	5046.20
293.00	5205.35
294.00	5233.44
295.00	5341.10
296.00	5233.44
297.00	5273.23
298.00	5378.55
299.00	5320.04
300.00	5179.61
301.00	5247.48
302.00	4966.62
303.00	5001.72
304.00	5427.70
305.00	5439.40
306.00	5352.81
307.00	5348.12
308.00	5249.82
309.00	5203.01
310.00	5104.71
311.00	5252.16
312.00	5441.75
313.00	5284.93
314.00	5469.83
315.00	5394.93
316.00	5350.46
317.00	5462.81
318.00	5418.34
319.00	5399.62
320.00	5500.26
321.00	5500.26
322.00	5397.28
323.00	5523.66
324.00	5554.09
325.00	5715.59
326.00	5558.77
327.00	5799.85
328.00	5738.99
329.00	5628.99
330.00	5675.80
331.00	5673.46
332.00	5558.77
333.00	5643.03
334.00	5631.33
335.00	5748.36
336.00	5956.66
337.00	5905.17
338.00	5694.52
339.00	5792.83
340.00	5797.51
341.00	6022.20
342.00	5975.39
343.00	5947.30
344.00	5930.92
345.00	6022.20
346.00	6225.82
347.00	6209.44
348.00	6169.65
349.00	6204.76
350.00	5963.68
351.00	6043.26
352.00	6253.91
353.00	6300.72
354.00	6204.76
355.00	6232.85
356.00	6202.42
357.00	6389.66
358.00	6497.33
359.00	6209.44
360.00	6384.98
361.00	6312.42
362.00	6530.09
363.00	6413.07
364.00	6644.78
365.00	6436.47
366.00	6560.52
367.00	6403.71
368.00	6532.44
369.00	6686.91
370.00	6434.13
371.00	6492.65
372.00	6626.06
373.00	6597.97
374.00	6663.51
375.00	6778.19
376.00	6754.79
377.00	6810.96
378.00	6661.16
379.00	6911.60
380.00	6890.54
381.00	6764.15
382.00	7159.70
383.00	7026.29
384.00	7077.78
385.00	7159.70
386.00	7325.88
387.00	7246.30
388.00	7232.26
389.00	7180.76
390.00	7351.62
391.00	7503.76
392.00	7435.88
393.00	7435.88
394.00	7468.65
395.00	7569.29
396.00	7548.23
397.00	7571.63
398.00	7754.19
399.00	7681.64
400.00	7758.88
401.00	7761.22
402.00	7751.85
403.00	7836.11
404.00	7791.64
405.00	7957.82
406.00	8018.68
407.00	8329.97
408.00	7847.82
409.00	7447.58
410.00	7789.30
411.00	8051.44
412.00	8039.74
413.00	7836.11
414.00	8121.66
415.00	8154.43
416.00	7999.95
417.00	8074.85
418.00	8046.76
419.00	8072.51
420.00	8339.33
421.00	8002.29
422.00	8182.51
423.00	8128.68
424.00	7948.46
425.00	8138.04
426.00	8030.38
427.00	8088.89
428.00	8304.22
429.00	8184.85
430.00	8081.87
431.00	8294.86
432.00	8058.46
433.00	8280.82
434.00	8318.26
435.00	8299.54
436.00	8402.52
437.00	8283.16
438.00	8311.24
439.00	8430.61
440.00	8554.66
441.00	8432.95
442.00	8580.40
443.00	8397.84
444.00	8645.94
445.00	8484.44
446.00	8692.75
447.00	8667.00
448.00	8767.65
449.00	8784.03
450.00	8634.24
451.00	8620.19
452.00	8933.82
453.00	8723.18
454.00	8538.27
455.00	9069.58
456.00	8723.18
457.00	8816.80
458.00	8702.11
459.00	8851.91
460.00	8781.69
461.00	8947.87
462.00	8863.61
463.00	8933.82
464.00	8709.13
465.00	9095.32
466.00	9132.77
467.00	9015.74
468.00	9130.43
469.00	9202.99
470.00	9467.47
471.00	9235.75
472.00	9205.33
473.00	9301.29
474.00	9263.84
475.00	9469.81
476.00	9523.64
477.00	9600.88
478.00	9554.07
479.00	9453.42
480.00	9614.92
481.00	9530.66
482.00	9870.04
483.00	9591.52
484.00	9643.01
485.00	9884.08
486.00	9755.35
487.00	9856.00
488.00	9841.95
489.00	10003.45
490.00	9823.23
491.00	9912.17
492.00	9949.62
493.00	9884.08
494.00	9998.77
495.00	10078.35
496.00	10401.34
497.00	9928.55
498.00	10148.56
499.00	10216.44
500.00	10101.75
501.00	10052.60
502.00	10366.23
503.00	10377.94
504.00	10373.25
505.00	10413.04
506.00	10445.81
507.00	10424.75
508.00	10466.88
509.00	10499.64
510.00	10434.11
511.00	10637.73
512.00	10476.24
513.00	10626.03
514.00	10462.19
515.00	10698.59
516.00	10712.63
517.00	10464.54
518.00	10518.37
519.00	10626.03
520.00	10558.16
521.00	10930.30
522.00	10848.38
523.00	10586.24
524.00	11042.65
525.00	10911.58
526.00	11014.56
527.00	10923.28
528.00	10960.73
529.00	11176.06
530.00	11035.63
531.00	11129.25
532.00	11068.39
533.00	10888.17
534.00	10930.30
535.00	10782.85
536.00	11246.27
537.00	11138.61
538.00	11089.46
539.00	11260.32
540.00	11026.26
541.00	10841.36
542.00	11276.70
543.00	11276.70
544.00	11445.22
545.00	11304.79
546.00	11489.69
547.00	11360.96
548.00	11651.19
549.00	11690.98
550.00	11576.29
551.00	11772.89
552.00	11679.27
553.00	11733.11
554.00	11609.06
555.00	11456.92
556.00	11981.20
557.00	11688.64
558.00	11784.60
559.00	11798.64
560.00	11878.22
561.00	12196.53
562.00	12386.12
563.00	12114.61
564.00	12166.10
565.00	12301.86
566.00	12395.48
567.00	12491.44
568.00	12374.41
569.00	12315.90
570.00	12180.15
571.00	12641.23
572.00	12919.76
573.00	12580.38
574.00	12744.22
575.00	12723.15
576.00	12779.32
577.00	13088.28
578.00	13167.85
579.00	12908.05
580.00	13050.83
581.00	13144.45
582.00	13373.82
583.00	13296.58
584.00	13652.34
585.00	13628.94
586.00	13722.56
587.00	13603.19
588.00	13729.58
589.00	13710.86
590.00	13919.17
591.00	13879.38
592.00	13862.99
593.00	14094.71
594.00	14747.72
595.00	14288.97
596.00	14651.75
597.00	14869.42
598.00	14813.25
599.00	15030.92
600.00	14970.07
601.00	15213.48
602.00	15257.95
603.00	15405.41
604.00	15374.98
605.00	15597.33
606.00	15744.78
607.00	15449.88
608.00	15936.71
609.00	15960.11
610.00	15815.00
611.00	16042.03
612.00	16053.73
613.00	15974.16
614.00	16231.62
615.00	16512.48
616.00	16697.38
617.00	16776.96
618.00	16673.98
619.00	17226.34
620.00	17085.91
621.00	17137.40
622.00	17401.88
623.00	17385.50
624.00	17935.53
625.00	17844.24
626.00	17865.31
627.00	17991.70
628.00	17998.72
629.00	18314.69
630.00	18623.64
631.00	18635.35
632.00	18562.79
633.00	18932.59
634.00	18899.83
635.00	19239.20
636.00	19227.50
637.00	19288.35
638.00	19564.54
639.00	19583.26
640.00	19625.39
641.00	19548.15
642.00	19733.06
643.00	20098.18
644.00	20320.53
645.00	20608.42
646.00	20638.84
647.00	20697.36
648.00	20676.29
649.00	20699.70
650.00	21317.60
651.00	21802.09
652.00	21558.67
653.00	21708.47
654.00	21951.88
655.00	21928.48
656.00	22089.98
657.00	22448.08
658.00	22324.03
659.00	22319.35
660.00	22799.16
661.00	22930.23
662.00	22892.78
663.00	23145.56
664.00	23314.08
665.00	23246.20
666.00	23056.62
667.00	23817.29
668.00	23674.52
669.00	23920.28
670.00	24053.69
671.00	24367.32
672.00	24236.25
673.00	24261.99
674.00	24519.45
675.00	24449.24
676.00	24577.97
677.00	24910.32
678.00	25109.27
679.00	25013.31
680.00	25209.91
681.00	25488.43
682.00	25589.08
683.00	25357.36
684.00	25874.62
685.00	26551.04
686.00	26160.17
687.00	26445.71
688.00	26515.93
689.00	26459.76
690.00	26663.38
691.00	26689.13
692.00	27131.49
693.00	27037.87
694.00	27105.74
695.00	27110.43
696.00	27817.27
697.00	27433.42
698.00	27601.94
699.00	28254.95
700.00	28053.66
701.00	28184.73
702.00	28107.49
703.00	28460.91
704.00	28573.26
705.00	28978.17
706.00	28638.80
707.00	29036.69
708.00	29184.14
709.00	29497.77
710.00	29057.75
711.00	29748.21
712.00	29284.78
713.00	29263.72
714.00	29905.02
715.00	29699.06
716.00	29720.12
717.00	29905.02
718.00	29989.28
719.00	29986.94
720.00	30115.67
721.00	30396.54
722.00	30263.13
723.00	30574.42
724.00	31044.87
725.00	31117.42
726.00	30696.13
727.00	30455.05
728.00	30993.37
729.00	30962.95
730.00	31218.07
731.00	31386.58
732.00	31585.53
733.00	31400.63
734.00	31578.51
735.00	31573.83
736.00	31976.40
737.00	31819.58
738.00	31971.72
739.00	31803.20
740.00	32102.79
741.00	32601.32
742.00	32306.41
743.00	32271.31
744.00	32467.91
745.00	32496.00
746.00	33097.52
747.00	32676.22
748.00	33125.60
749.00	32924.32
750.00	33020.28
751.00	32978.15
752.00	33050.70
753.00	33362.00
754.00	33055.39
755.00	33879.25
756.00	33734.14
757.00	33759.89
758.00	33390.08
759.00	33656.90
760.00	33333.91
761.00	33865.21
762.00	34305.23
763.00	33780.95
764.00	34263.10
765.00	34314.59
766.00	34424.60
767.00	34389.49
768.00	34623.54
769.00	34911.43
770.00	35110.38
771.00	35218.04
772.00	35119.74
773.00	35058.88
774.00	35103.35
775.00	35189.95
776.00	35063.57
777.00	35566.78
778.00	35634.66
779.00	35531.67
780.00	36006.80
781.00	35632.32
782.00	35337.41
783.00	35754.02
784.00	35892.12
785.00	36491.29
786.00	35639.34
787.00	36091.06
788.00	36495.97
789.00	36449.16
790.00	36488.95
791.00	36531.08
792.00	36730.03
793.00	36947.70
794.00	37195.79
795.00	37244.94
796.00	36631.72
797.00	37338.57
798.00	37179.41
799.00	37134.94
800.00	37130.26
801.00	37418.14
802.00	37673.26
803.00	37764.54
804.00	37354.95
805.00	37713.05
806.00	38033.71
807.00	37851.14
808.00	37476.66
809.00	38174.14
810.00	38279.46
811.00	38213.93
812.00	38258.40
813.00	37869.87
814.00	38279.46
815.00	38375.42
816.00	38569.69
817.00	38602.46
818.00	38864.60
819.00	38623.52
820.00	38733.53
821.00	38506.49
822.00	38377.76
823.00	38813.10
824.00	38794.38
825.00	39091.63
826.00	39210.99
827.00	38944.17
828.00	39330.36
829.00	39234.40
830.00	39445.05
831.00	39498.88
832.00	39669.74
833.00	39225.04
834.00	39714.21
835.00	39803.15
836.00	39910.82
837.00	40224.45
838.00	40020.82
839.00	39842.94
840.00	39789.11
841.00	40233.81
842.00	40584.89
843.00	40708.94
844.00	40538.08
845.00	40404.67
846.00	40730.00
847.00	40786.18
848.00	40713.62
849.00	41265.99
850.00	41340.88
851.00	40896.18
852.00	41097.47
853.00	40783.83
854.00	40980.44
855.00	40847.03
856.00	41153.64
857.00	41462.59
858.00	41244.92
859.00	41710.69
860.00	41448.55
861.00	41799.63
862.00	41420.46
863.00	41563.23
864.00	42239.65
865.00	41727.07
866.00	42031.34
867.00	41923.68
868.00	41670.90
869.00	42148.37
870.00	42333.27
871.00	41724.73
872.00	42258.37
873.00	41771.54
874.00	41951.76
875.00	42440.93
876.00	42574.34
877.00	42756.91
878.00	42696.05
879.00	42499.45
880.00	42656.26
881.00	42639.88
882.00	43143.09
883.00	42579.03
884.00	43426.30
885.00	42490.09
886.00	42637.54
887.00	43152.46
888.00	42642.22
889.00	42859.89
890.00	43536.30
891.00	43152.46
892.00	43150.12
893.00	43367.79
894.00	42777.97
895.00	43267.14
896.00	43543.33
897.00	43449.70
898.00	42880.95
899.00	43182.88
900.00	43487.15
901.00	43849.94
902.00	44091.01
903.00	44259.53
904.00	44076.97
905.00	43662.69
906.00	44147.18
907.00	43648.65
908.00	43777.38
909.00	44051.22
910.00	44226.76
911.00	44610.61
912.00	44404.64
913.00	44182.29
914.00	43915.47
915.00	43922.49
916.00	44776.79
917.00	44641.04
918.00	44641.04
919.00	45097.44
920.00	44189.31
921.00	44629.34
922.00	45074.04
923.00	44575.50
924.00	44591.89
925.00	44940.63
926.00	44982.76
927.00	45041.27
928.00	45333.84
929.00	45476.61
930.00	45050.63
931.00	44821.26
932.00	44921.90
933.00	44933.60
934.00	45256.60
935.00	44861.05
936.00	44957.01
937.00	45607.68
938.00	45759.81
939.00	45237.87
940.00	45191.06
941.00	45647.47
942.00	45193.40
943.00	45457.88
944.00	45916.63
945.00	45787.90
946.00	45811.31
947.00	46010.25
948.00	45717.68
949.00	45823.01
950.00	45539.80
951.00	46110.89
952.00	46239.62
953.00	45848.75
954.00	46073.45
955.00	46134.30
956.00	45935.35
957.00	46291.12
958.00	46267.71
959.00	46321.54
960.00	46237.28
961.00	45647.47
962.00	46199.83
963.00	46110.89
964.00	46319.20
965.00	46525.17
966.00	46813.05
967.00	46958.17
968.00	47056.47
969.00	46777.95
970.00	46370.69
971.00	47138.39
972.00	47285.84
973.00	47274.14
974.00	47220.31
975.00	47206.26
976.00	47559.69
977.00	47147.75
978.00	47009.66
979.00	46948.81
980.00	46995.62
981.00	47114.98
982.00	47604.16
983.00	48032.47
984.00	47159.45
985.00	47615.86
986.00	47028.38
987.00	46923.06
988.00	46887.95
989.00	47739.91
990.00	47075.19
991.00	47302.23
992.00	47775.02
993.00	47526.92
994.00	47646.29
995.00	47906.08
996.00	47601.82
997.00	47786.72
998.00	48088.65
999.00	47821.83
1000.00	47753.95
1001.00	47845.23
1002.00	47952.90
1003.00	48275.89
1004.00	47950.56
1005.00	47737.57
1006.00	48093.33
1007.00	48477.18
1008.00	47725.86
1009.00	48126.10
1010.00	48011.41
1011.00	48589.52
1012.00	48282.91
1013.00	48690.16
1014.00	48006.73
1015.00	48121.41
1016.00	48435.05
1017.00	47875.66
1018.00	47952.90
1019.00	48182.27
1020.00	48406.96
1021.00	48306.32
1022.00	48729.95
1023.00	48217.38
1024.00	48832.94
1025.00	48444.41
1026.00	48135.46
1027.00	48355.47
1028.00	48294.61
1029.00	49109.12
1030.00	48863.36
1031.00	49069.33
1032.00	49209.76
1033.00	48884.43
1034.00	48762.72
1035.00	48828.26
1036.00	48671.44
1037.00	48594.20
1038.00	48491.22
1039.00	48699.53
1040.00	48844.64
1041.00	48905.49
1042.00	48704.21
1043.00	49008.48
1044.00	48556.75
1045.00	49144.23
1046.00	49008.48
1047.00	49212.10
1048.00	49507.01
1049.00	49471.90
1050.00	49118.48
1051.00	49453.18
1052.00	49621.70
1053.00	49244.87
1054.00	49448.50
1055.00	49326.79
1056.00	49462.54
1057.00	48961.67
1058.00	49200.40
1059.00	49446.16
1060.00	49179.34
1061.00	49553.82
1062.00	49504.67
1063.00	49359.56
1064.00	49055.29
1065.00	48858.68
1066.00	49179.34
1067.00	50031.29
1068.00	49301.04
1069.00	49900.22
1070.00	49750.43
1071.00	49471.90
1072.00	49659.15
1073.00	49598.29
1074.00	49783.19
1075.00	49773.83
1076.00	49359.56
1077.00	49439.14
1078.00	49642.76
1079.00	49848.73
1080.00	49886.18
1081.00	49698.94
1082.00	50014.91
1083.00	49743.41
1084.00	49642.76
1085.00	49773.83
1086.00	50024.27
1087.00	49247.21
1088.00	49923.63
1089.00	49942.35
1090.00	50073.42
1091.00	50000.86
1092.00	50291.09
1093.00	49677.87
1094.00	49626.38
1095.00	50190.45
1096.00	49832.35
1097.00	49712.98
1098.00	49626.38
1099.00	49780.85
1100.00	50539.19
1101.00	49790.22
1102.00	49865.11
1103.00	50223.22
1104.00	49776.17
1105.00	49736.38
1106.00	49792.56
1107.00	49535.10
1108.00	49591.27
1109.00	50050.02
1110.00	49930.65
1111.00	50270.03
1112.00	50225.56
1113.00	50576.64
1114.00	50085.12
1115.00	49722.34
1116.00	49970.44
1117.00	49909.58
1118.00	50080.44
1119.00	49808.94
1120.00	50375.35
1121.00	49750.43
1122.00	50209.17
1123.00	50153.00
1124.00	50122.57
1125.00	50120.23
1126.00	49993.84
1127.00	49748.09
1128.00	50131.93
1129.00	49923.63
1130.00	50178.75
1131.00	50188.11
1132.00	50059.38
1133.00	50110.87
1134.00	50108.53
1135.00	49759.79
1136.00	50141.30
1137.00	50131.93
1138.00	49937.67
1139.00	49677.87
1140.00	50274.71
1141.00	50260.66
1142.00	50223.22
1143.00	50071.08
1144.00	50674.94
1145.00	50080.44
1146.00	50213.85
1147.00	49984.48
1148.00	49996.18
1149.00	50040.65
1150.00	50342.58
1151.00	50356.63
1152.00	50344.92
1153.00	50546.21
1154.00	50457.27
1155.00	50204.49
1156.00	50522.80
1157.00	49820.64
1158.00	50251.30
1159.00	50557.91
1160.00	50408.12
1161.00	49799.58
1162.00	50337.90
1163.00	50483.01
1164.00	50358.97
1165.00	50057.04
1166.00	50309.82
1167.00	49844.05
1168.00	50365.99
1169.00	49916.61
1170.00	49895.54
1171.00	49860.43
1172.00	50052.36
1173.00	50155.34
1174.00	50520.46
1175.00	50286.41
1176.00	50309.82
1177.00	50342.58
1178.00	50174.06
1179.00	50300.45
1180.00	49963.42
1181.00	49851.07
1182.00	50066.40
1183.00	49837.03
1184.00	50071.08
1185.00	50499.40
1186.00	50625.79
1187.00	49916.61
1188.00	50408.12
1189.00	50557.91
1190.00	49998.52
1191.00	50129.59
1192.00	50164.70
1193.00	50307.47
1194.00	50424.50
1195.00	50183.43
1196.00	50681.96
1197.00	50284.07
1198.00	50309.82
1199.00	50323.86
1200.00	50412.80
1201.00	49563.18
1202.00	49666.17
1203.00	49801.92
1204.00	50178.75
1205.00	49799.58
1206.00	50066.40
1207.00	50103.85
1208.00	50213.85
1209.00	50124.91
1210.00	50267.69
1211.00	50071.08
1212.00	49956.39
1213.00	49698.94
1214.00	50330.88
1215.00	49904.90
1216.00	50113.21
1217.00	50171.72
1218.00	50447.91
1219.00	49993.84
1220.00	50035.97
1221.00	50045.33
1222.00	49628.72
1223.00	50197.47
1224.00	50150.66
1225.00	49647.44
1226.00	49970.44
1227.00	49722.34
1228.00	50347.26
1229.00	50078.10
1230.00	50171.72
1231.00	50206.83
1232.00	49900.22
1233.00	50202.15
1234.00	49684.89
1235.00	49834.69
1236.00	49804.26
1237.00	50323.86
1238.00	50014.91
1239.00	50326.20
1240.00	50454.93
1241.00	50363.65
1242.00	50391.73
1243.00	50487.70
1244.00	50099.17
1245.00	50117.89
1246.00	50134.28
1247.00	50270.03
1248.00	50192.79
1249.00	50195.13
1250.00	50017.25
1251.00	50277.05
1252.00	50246.62
1253.00	50389.39
1254.00	50080.44
1255.00	50302.79
1256.00	50855.16
1257.00	50321.52
1258.00	50525.14
1259.00	50192.79
1260.00	49764.47
1261.00	50092.15
1262.00	50258.32
1263.00	50440.89
1264.00	50866.86
1265.00	50270.03
1266.00	50344.92
1267.00	50637.49
1268.00	50380.03
1269.00	49801.92
1270.00	50075.76
1271.00	49773.83
1272.00	50134.28
1273.00	50199.81
1274.00	50380.03
1275.00	50546.21
1276.00	50541.53
1277.00	50003.20
1278.00	50494.72
1279.00	50157.68
1280.00	50321.52
1281.00	50429.18
1282.00	50078.10
1283.00	50218.53
1284.00	50024.27
1285.00	50185.77
1286.00	50497.06
1287.00	50459.61
1288.00	50232.58
1289.00	50508.76
1290.00	50192.79
1291.00	50286.41
1292.00	49904.90
1293.00	50309.82
1294.00	50185.77
1295.00	49881.50
1296.00	49921.29
1297.00	50010.23
1298.00	50171.72
1299.00	50305.13
1300.00	50436.20
1301.00	50621.11
1302.00	50614.08
1303.00	50209.17
1304.00	49949.37
1305.00	50590.68
1306.00	50131.93
1307.00	50181.09
1308.00	50190.45
1309.00	50417.48
1310.00	49909.58
1311.00	50192.79
1312.00	50305.13
1313.00	50834.10
1314.00	50410.46
1315.00	50780.26
1316.00	50223.22
1317.00	50478.33
1318.00	49986.82
1319.00	50600.04
1320.00	50052.36
1321.00	50241.94
1322.00	50429.18
1323.00	50403.44
1324.00	50852.82
1325.00	50810.69
1326.00	50309.82
1327.00	50452.59
1328.00	50211.51
1329.00	49645.10
1330.00	50167.04
1331.00	49729.36
1332.00	50188.11
1333.00	49769.15
1334.00	50204.49
1335.00	50775.58
1336.00	50401.10
1337.00	50309.82
1338.00	50267.69
1339.00	50443.23
1340.00	50234.92
1341.00	50092.15
1342.00	49907.24
1343.00	49998.52
1344.00	50080.44
1345.00	50384.71
1346.00	49956.39
1347.00	50073.42
1348.00	50134.28
1349.00	50134.28
1350.00	50248.96
1351.00	50075.76
1352.00	50061.72
1353.00	49886.18
1354.00	49822.98
1355.00	49228.49
1356.00	49982.14
1357.00	49755.11
1358.00	49928.31
1359.00	50117.89
1360.00	49832.35
1361.00	50293.43
1362.00	49656.81
1363.00	50197.47
1364.00	49780.85
1365.00	49673.19
1366.00	49247.21
1367.00	49277.64
1368.00	49551.48
1369.00	49277.64
1370.00	49778.51
1371.00	49851.07
1372.00	49518.71
1373.00	49904.90
1374.00	49860.43
1375.00	50295.77
1376.00	49275.30
1377.00	49820.64
1378.00	49226.15
1379.00	49305.73
1380.00	49441.48
1381.00	49656.81
1382.00	49535.10
1383.00	49729.36
1384.00	49397.01
1385.00	49455.52
1386.00	49598.29
1387.00	49893.20
1388.00	48954.64
1389.00	49567.87
1390.00	48821.23
1391.00	48879.75
1392.00	49074.01
1393.00	48893.79
1394.00	49062.31
1395.00	48837.62
1396.00	49034.22
1397.00	49518.71
1398.00	48964.01
1399.00	49425.09
1400.00	49184.02
1401.00	49558.50
1402.00	48769.74
1403.00	48870.39
1404.00	48879.75
1405.00	48669.10
1406.00	48446.75
1407.00	48858.68
1408.00	48996.77
1409.00	48987.41
1410.00	48994.43
1411.00	49397.01
1412.00	49123.16
1413.00	48650.38
1414.00	48666.76
1415.00	48736.98
1416.00	48720.59
1417.00	49123.16
1418.00	48320.36
1419.00	48673.78
1420.00	48224.40
1421.00	48753.36
1422.00	48830.60
1423.00	49116.14
1424.00	48168.22
1425.00	48687.82
1426.00	48863.36
1427.00	48425.68
1428.00	48311.00
1429.00	48224.40
1430.00	48332.06
1431.00	48163.54
1432.00	48406.96
1433.00	47999.71
1434.00	47992.68
1435.00	48119.07
1436.00	48350.79
1437.00	47957.58
1438.00	48741.66
1439.00	48243.12
1440.00	48381.21
1441.00	48350.79
1442.00	47826.51
1443.00	47852.25
1444.00	47622.88
1445.00	47782.04
1446.00	47913.11
1447.00	48109.71
1448.00	48016.09
1449.00	47807.78
1450.00	47693.10
1451.00	48027.79
1452.00	48477.18
1453.00	47859.27
1454.00	47688.42
1455.00	47599.47
1456.00	47480.11
1457.00	47590.11
1458.00	47323.29
1459.00	47681.39
1460.00	47667.35
1461.00	47459.04
1462.00	47173.50
1463.00	47494.15
1464.00	47334.99
1465.00	47852.25
1466.00	47248.39
1467.00	47166.48
1468.00	47374.78
1469.00	47009.66
1470.00	46920.72
1471.00	47105.62
1472.00	46894.97
1473.00	47206.26
1474.00	46946.47
1475.00	47068.17
1476.00	46995.62
1477.00	47009.66
1478.00	47257.76
1479.00	47178.18
1480.00	47327.97
1481.00	46539.21
1482.00	46686.67
1483.00	46876.25
1484.00	46717.09
1485.00	46501.76
1486.00	46438.57
1487.00	46403.46
1488.00	46408.14
1489.00	46632.83
1490.00	46370.69
1491.00	46082.81
1492.00	46689.01
1493.00	46384.74
1494.00	46546.23
1495.00	46564.96
1496.00	46476.02
1497.00	46459.63
1498.00	45766.84
1499.00	46129.62
1500.00	46021.95
1501.00	46452.61
1502.00	46277.07
1503.00	46099.19
1504.00	46211.54
1505.00	46246.65
1506.00	46337.93
1507.00	45818.33
1508.00	46337.93
1509.00	46017.27
1510.00	45703.64
1511.00	46094.51
1512.00	45867.48
1513.00	45394.69
1514.00	45977.48
1515.00	45614.70
1516.00	45736.41
1517.00	45233.19
1518.00	46050.04
1519.00	46059.40
1520.00	46021.95
1521.00	45787.90
1522.00	45471.93
1523.00	45319.79
1524.00	46117.92
1525.00	45373.63
1526.00	45317.45
1527.00	45567.89
1528.00	45092.76
1529.00	45361.92
1530.00	44917.22
1531.00	45312.77
1532.00	45268.30
1533.00	45301.07
1534.00	45820.67
1535.00	45195.74
1536.00	45287.03
1537.00	45230.85
1538.00	45195.74
1539.00	45125.53
1540.00	45081.06
1541.00	44776.79
1542.00	44851.69
1543.00	44727.64
1544.00	45015.52
1545.00	45242.56
1546.00	45081.06
1547.00	45202.77
1548.00	45113.83
1549.00	44877.43
1550.00	44858.71
1551.00	44989.78
1552.00	44718.28
1553.00	44776.79
1554.00	44608.27
1555.00	44406.98
1556.00	44140.16
1557.00	44301.66
1558.00	44123.78
1559.00	44697.21
1560.00	44612.95
1561.00	44582.52
1562.00	44861.05
1563.00	44446.77
1564.00	44891.48
1565.00	43814.83
1566.00	44285.28
1567.00	44250.17
1568.00	44432.73
1569.00	44088.67
1570.00	43873.34
1571.00	43693.12
1572.00	43454.39
1573.00	43655.67
1574.00	43831.21
1575.00	44217.40
1576.00	44315.70
1577.00	43751.63
1578.00	44516.99
1579.00	44041.86
1580.00	43491.83
1581.00	43793.76
1582.00	43849.94
1583.00	43798.44
1584.00	43381.83
1585.00	43210.97
1586.00	43445.02
1587.00	43082.24
1588.00	43313.95
1589.00	43702.48
1590.00	43835.89
1591.00	43257.78
1592.00	43370.13
1593.00	43346.72
1594.00	43042.45
1595.00	43833.55
1596.00	42990.96
1597.00	42873.93
1598.00	43405.23
1599.00	43201.61
1600.00	43103.31
1601.00	43129.05
1602.00	43145.44
1603.00	42803.72
1604.00	43117.35
1605.00	43519.92
1606.00	42983.94
1607.00	42848.19
1608.00	42890.32
1609.00	42574.34
1610.00	42436.25
1611.00	42693.71
1612.00	42312.20
1613.00	43096.28
1614.00	42302.84
1615.00	42204.54
1616.00	42768.61
1617.00	42490.09
1618.00	42747.54
1619.00	42693.71
1620.00	42564.98
1621.00	42663.28
1622.00	43007.34
1623.00	42923.08
1624.00	42473.70
1625.00	42469.02
1626.00	42665.63
1627.00	42387.10
1628.00	42218.58
1629.00	42078.15
1630.00	42557.96
1631.00	41961.12
1632.00	42120.28
1633.00	42384.76
1634.00	42153.05
1635.00	42183.48
1636.00	42761.59
1637.00	42190.50
1638.00	42202.20
1639.00	41785.58
1640.00	41691.96
1641.00	41769.20
1642.00	41661.54
1643.00	41727.07
1644.00	41462.59
1645.00	41574.94
1646.00	41841.76
1647.00	41715.37
1648.00	41701.32
1649.00	42136.66
1650.00	41867.50
1651.00	41577.28
1652.00	41237.90
1653.00	42213.90
1654.00	41507.06
1655.00	41638.13
1656.00	41275.35
1657.00	41146.62
1658.00	41221.52
1659.00	40957.03
1660.00	40914.90
1661.00	41102.15
1662.00	40964.06
1663.00	41305.77
1664.00	40987.46
1665.00	41483.66
1666.00	41748.14
1667.00	41158.32
1668.00	41535.15
1669.00	41144.28
1670.00	40680.85
1671.00	40790.86
1672.00	41130.23
1673.00	40549.78
1674.00	41010.87
1675.00	40549.78
1676.00	40840.01
1677.00	40467.86
1678.00	40442.12
1679.00	40971.08
1680.00	40409.35
1681.00	41069.38
1682.00	40641.06
1683.00	40708.94
1684.00	40566.16
1685.00	40666.81
1686.00	40385.94
1687.00	40341.47
1688.00	40133.17
1689.00	40341.47
1690.00	40430.41
1691.00	40086.36
1692.00	40425.73
1693.00	40502.97
1694.00	39976.35
1695.00	40205.72
1696.00	40257.21
1697.00	40526.38
1698.00	40399.99
1699.00	40311.05
1700.00	40474.88
1701.00	40002.10
1702.00	39875.71
1703.00	40027.84
1704.00	39714.21
1705.00	39704.85
1706.00	39683.78
1707.00	39494.20
1708.00	39456.75
1709.00	39805.49
1710.00	40172.96
1711.00	39412.28
1712.00	39538.67
1713.00	39978.69
1714.00	39618.25
1715.00	39672.08
1716.00	39332.70
1717.00	39225.04
1718.00	39335.04
1719.00	39564.42
1720.00	39267.17
1721.00	39611.23
1722.00	39199.29
1723.00	38717.14
1724.00	38621.18
1725.00	38450.32
1726.00	39007.37
1727.00	38637.56
1728.00	38789.70
1729.00	38452.66
1730.00	38501.81
1731.00	38644.59
1732.00	38663.31
1733.00	38361.38
1734.00	38494.79
1735.00	38572.03
1736.00	38157.75
1737.00	37951.79
1738.00	37872.21
1739.00	38019.66
1740.00	37961.15
1741.00	38061.79
1742.00	38047.75
1743.00	38181.16
1744.00	38305.21
1745.00	37921.36
1746.00	37937.74
1747.00	37902.64
1748.00	38146.05
1749.00	37689.65
1750.00	37710.71
1751.00	37998.60
1752.00	37872.21
1753.00	36790.88
1754.00	37095.15
1755.00	37310.48
1756.00	37574.96
1757.00	36847.05
1758.00	37003.87
1759.00	37076.43
1760.00	37371.33
1761.00	37137.28
1762.00	36973.44
1763.00	37347.93
1764.00	37076.43
1765.00	36638.75
1766.00	36533.42
1767.00	36966.42
1768.00	36598.96
1769.00	36753.43
1770.00	36156.60
1771.00	36524.06
1772.00	36116.81
1773.00	36694.92
1774.00	36184.68
1775.00	36718.32
1776.00	36416.40
1777.00	35976.37
1778.00	35517.63
1779.00	36105.10
1780.00	35889.77
1781.00	36175.32
1782.00	36142.55
1783.00	35653.38
1784.00	35878.07
1785.00	35814.88
1786.00	35501.25
1787.00	35440.39
1788.00	35023.78
1789.00	35271.87
1790.00	35526.99
1791.00	35346.77
1792.00	35239.11
1793.00	35070.59
1794.00	35367.84
1795.00	35421.67
1796.00	35185.27
1797.00	35473.16
1798.00	35463.80
1799.00	34962.92
1800.00	34972.28
1801.00	34845.90
1802.00	34625.89
1803.00	34579.07
1804.00	34651.63
1805.00	34080.54
1806.00	34345.02
1807.00	34017.35
1808.00	34167.14
1809.00	34258.42
1810.00	34064.16
1811.00	34075.86
1812.00	34040.75
1813.00	34043.09
1814.00	33970.54
1815.00	33928.41
1816.00	33846.49
1817.00	33549.24
1818.00	33418.17
1819.00	33457.96
1820.00	33385.40
1821.00	33315.19
1822.00	33305.82
1823.00	32872.82
1824.00	32767.50
1825.00	32795.59
1826.00	33029.64
1827.00	33179.43
1828.00	33029.64
1829.00	32868.14
1830.00	33085.81
1831.00	31976.40
1832.00	33036.66
1833.00	32706.65
1834.00	32807.29
1835.00	32570.90
1836.00	32479.61
1837.00	31564.46
1838.00	31903.84
1839.00	32044.27
1840.00	31386.58
1841.00	31810.22
1842.00	31508.29
1843.00	31632.34
1844.00	31398.29
1845.00	31199.34
1846.00	31630.00
1847.00	31122.10
1848.00	31292.96
1849.00	30941.88
1850.00	30918.48
1851.00	30731.23
1852.00	30532.29
1853.00	30534.63
1854.00	30539.31
1855.00	30630.59
1856.00	30199.93
1857.00	30148.44
1858.00	30270.15
1859.00	30087.59
1860.00	30075.88
1861.00	29876.94
1862.00	29883.96
1863.00	30188.23
1864.00	30146.10
1865.00	29914.39
1866.00	30300.58
1867.00	29497.77
1868.00	29584.37
1869.00	29738.85
1870.00	29687.36
1871.00	29076.48
1872.00	29268.40
1873.00	28762.84
1874.00	28744.12
1875.00	29008.60
1876.00	28671.56
1877.00	28524.11
1878.00	28353.25
1879.00	28474.96
1880.00	28500.70
1881.00	28978.17
1882.00	28301.76
1883.00	28219.84
1884.00	28229.20
1885.00	28606.03
1886.00	27775.14
1887.00	27800.88
1888.00	27709.60
1889.00	27625.34
1890.00	27630.02
1891.00	27339.80
1892.00	27810.25
1893.00	27412.35
1894.00	27089.36
1895.00	27171.28
1896.00	26925.52
1897.00	27056.59
1898.00	26665.72
1899.00	27117.45
1900.00	27009.78
1901.00	26649.34
1902.00	26621.25
1903.00	26480.82
1904.00	26054.84
1905.00	26221.02
1906.00	26167.19
1907.00	25797.38
1908.00	25633.55
1909.00	25741.21
1910.00	25773.98
1911.00	25888.67
1912.00	25773.98
1913.00	25481.41
1914.00	25586.74
1915.00	25401.83
1916.00	25322.26
1917.00	25188.85
1918.00	25376.09
1919.00	25221.61
1920.00	25441.62
1921.00	25406.52
1922.00	24971.18
1923.00	24989.90
1924.00	24725.42
1925.00	24664.57
1926.00	24308.80
1927.00	24306.46
1928.00	23782.18
1929.00	24486.68
1930.00	24357.96
1931.00	24147.31
1932.00	24170.71
1933.00	24126.24
1934.00	24320.51
1935.00	24156.67
1936.00	23983.47
1937.00	23936.66
1938.00	23861.76
1939.00	23791.55
1940.00	23735.37
1941.00	23482.59
1942.00	23122.15
1943.00	23396.00
1944.00	23171.30
1945.00	23117.47
1946.00	22848.31
1947.00	22939.59
1948.00	22703.20
1949.00	22441.06
1950.00	22075.93
1951.00	22478.50
1952.00	22338.07
1953.00	22525.32
1954.00	22396.59
1955.00	22139.13
1956.00	22319.35
1957.00	22148.49
1958.00	22239.77
1959.00	22003.38
1960.00	22033.80
1961.00	22008.06
1962.00	21591.44
1963.00	21638.25
1964.00	21647.61
1965.00	21422.92
1966.00	21317.60
1967.00	21081.21
1968.00	21238.02
1969.00	21039.08
1970.00	20737.15
1971.00	20929.07
1972.00	21062.48
1973.00	20533.52
1974.00	20739.49
1975.00	20587.35
1976.00	20835.45
1977.00	20549.90
1978.00	20449.26
1979.00	20283.08
1980.00	20510.11
1981.00	19974.13
1982.00	20053.71
1983.00	20077.12
1984.00	19791.57
1985.00	19908.60
1986.00	19630.07
1987.00	19489.64
1988.00	19571.56
1989.00	19578.58
1990.00	19374.95
1991.00	19372.61
1992.00	19363.25
1993.00	19000.47
1994.00	19288.35
1995.00	19047.28
1996.00	19241.54
1997.00	18906.85
1998.00	19384.32
1999.00	18827.27
2000.00	18853.02
2001.00	18640.03
2002.00	18579.17
2003.00	18745.35
2004.00	18380.23
2005.00	18146.17
2006.00	17954.25
2007.00	17635.94
2008.00	18057.23
2009.00	18071.28
2010.00	17680.41
2011.00	18022.12
2012.00	17717.86
2013.00	18136.81
2014.00	17685.09
2015.00	17558.70
2016.00	17687.43
2017.00	17336.35
2018.00	17600.83
2019.00	17446.35
2020.00	17205.28
2021.00	16943.14
2022.00	16821.43
2023.00	17046.12
2024.00	16673.98
2025.00	16692.70
2026.00	16538.23
2027.00	16379.07
2028.00	16477.37
2029.00	16435.24
2030.00	16519.50
2031.00	16547.59
2032.00	16524.18
2033.00	16460.99
2034.00	16236.30
2035.00	16374.39
2036.00	16006.92
2037.00	16102.89
2038.00	16116.93
2039.00	15880.53
2040.00	15833.72
2041.00	15843.09
2042.00	15822.02
2043.00	15447.54
2044.00	15543.50
2045.00	15309.44
2046.00	15484.98
2047.00	15274.34
