0.00	1020.47
1.00	1020.47
2.00	1020.47
3.00	999.41
4.00	950.26
5.00	938.55
6.00	877.70
7.00	919.83
8.00	884.72
9.00	922.17
10.00	952.60
11.00	917.49
12.00	915.15
13.00	950.26
14.00	943.24
15.00	954.94
16.00	940.90
17.00	912.81
18.00	1001.75
19.00	950.26
20.00	992.39
21.00	961.96
22.00	968.98
23.00	983.02
24.00	1081.33
25.00	1380.92
26.00	1413.68
27.00	1451.13
28.00	1423.05
29.00	1460.49
30.00	1460.49
31.00	1500.28
32.00	1509.65
33.00	1495.60
34.00	1481.56
35.00	1502.62
36.00	1554.12
37.00	1544.75
38.00	1509.65
39.00	1528.37
40.00	1577.52
41.00	1596.25
42.00	1570.50
43.00	1607.95
44.00	1607.95
45.00	1605.61
46.00	1542.41
47.00	1624.33
48.00	1657.10
49.00	1673.48
50.00	1572.84
51.00	1629.01
52.00	1612.63
53.00	1739.02
54.00	1666.46
55.00	1654.76
56.00	1703.91
57.00	1727.32
58.00	1636.03
59.00	1748.38
60.00	1661.78
61.00	1701.57
62.00	1708.59
63.00	1629.01
64.00	1710.93
65.00	1647.74
66.00	1720.29
67.00	1708.59
68.00	1715.61
69.00	1685.19
70.00	1753.06
71.00	1703.91
72.00	1818.60
73.00	1825.62
74.00	1771.79
75.00	1783.49
76.00	1767.10
77.00	1795.19
78.00	1809.23
79.00	1813.92
80.00	1874.77
81.00	1755.40
82.00	1842.00
83.00	1795.19
84.00	1832.64
85.00	1846.68
86.00	1771.79
87.00	1867.75
88.00	1877.11
89.00	1933.28
90.00	1933.28
91.00	1809.23
92.00	1853.70
93.00	1916.90
94.00	1867.75
95.00	1926.26
96.00	1977.75
97.00	1905.20
98.00	1860.73
99.00	1930.94
100.00	1898.17
101.00	1961.37
102.00	1991.80
103.00	1870.09
104.00	1935.62
105.00	1968.39
106.00	2001.16
107.00	1973.07
108.00	2010.52
109.00	1956.69
110.00	1996.48
111.00	2085.42
112.00	1954.35
113.00	2066.69
114.00	2106.48
115.00	2120.53
116.00	2132.23
117.00	2085.42
118.00	2118.18
119.00	2073.71
120.00	2036.27
121.00	2118.18
122.00	2129.89
123.00	2120.53
124.00	2204.78
125.00	2083.08
126.00	2181.38
127.00	2092.44
128.00	2148.61
129.00	2108.82
130.00	2242.23
131.00	2300.75
132.00	2251.60
133.00	2242.23
134.00	2256.28
135.00	2253.94
136.00	2244.57
137.00	2312.45
138.00	2307.77
139.00	2267.98
140.00	2331.17
141.00	2235.21
142.00	2347.56
143.00	2356.92
144.00	2347.56
145.00	2333.51
146.00	2319.47
147.00	2303.09
148.00	2424.80
149.00	2417.77
150.00	2403.73
151.00	2457.56
152.00	2452.88
153.00	2499.69
154.00	2576.93
155.00	2574.59
156.00	2506.71
157.00	2502.03
158.00	2539.48
159.00	2504.37
160.00	2609.70
161.00	2558.21
162.00	2567.57
163.00	2506.71
164.00	2551.18
165.00	2565.23
166.00	2527.78
167.00	2595.65
168.00	2609.70
169.00	2502.03
170.00	2626.08
171.00	2675.23
172.00	2684.59
173.00	2647.15
174.00	2731.41
175.00	2644.81
176.00	2686.94
177.00	2825.03
178.00	2745.45
179.00	2810.98
180.00	2689.28
181.00	2736.09
182.00	2796.94
183.00	2803.96
184.00	2825.03
185.00	2885.88
186.00	2834.39
187.00	2862.48
188.00	2916.31
189.00	2883.54
190.00	2871.84
191.00	2813.32
192.00	2944.39
193.00	2853.11
194.00	2925.67
195.00	3089.51
196.00	3056.74
197.00	2984.18
198.00	2986.52
199.00	3075.46
200.00	3096.53
201.00	3021.63
202.00	3066.10
203.00	3103.55
204.00	3267.39
205.00	3150.36
206.00	3192.49
207.00	3213.56
208.00	3206.53
209.00	3255.69
210.00	3393.78
211.00	3213.56
212.00	3211.22
213.00	3267.39
214.00	3269.73
215.00	3337.60
216.00	3419.52
217.00	3342.28
218.00	3410.16
219.00	3321.22
220.00	3478.04
221.00	3459.31
222.00	3414.84
223.00	3396.12
224.00	3545.91
225.00	3588.04
226.00	3417.18
227.00	3531.87
228.00	3676.98
229.00	3522.51
230.00	3630.17
231.00	3618.47
232.00	3691.02
233.00	3735.50
234.00	3763.58
235.00	3735.50
236.00	3749.54
237.00	3812.73
238.00	3826.78
239.00	3693.37
240.00	3976.57
241.00	3861.88
242.00	4011.68
243.00	3892.31
244.00	4002.32
245.00	4234.03
246.00	3950.82
247.00	4039.76
248.00	4166.15
249.00	4184.88
250.00	4035.08
251.00	4255.09
252.00	4126.36
253.00	4262.12
254.00	4379.14
255.00	4227.01
256.00	4461.06
257.00	4430.63
258.00	4390.84
259.00	4475.10
260.00	4493.83
261.00	4456.38
262.00	4554.68
263.00	4566.39
264.00	4568.73
265.00	4592.13
266.00	4617.88
267.00	4629.58
268.00	4660.01
269.00	4786.40
270.00	4660.01
271.00	4779.37
272.00	4770.01
273.00	4760.65
274.00	4835.55
275.00	4809.80
276.00	4966.62
277.00	4990.02
278.00	4901.08
279.00	4940.87
280.00	5046.20
281.00	5069.60
282.00	4931.51
283.00	4983.00
284.00	4968.96
285.00	5193.65
286.00	5221.74
287.00	5212.37
288.00	5191.31
289.00	5137.48
290.00	5085.98
291.00	5219.39
292.00	5186.63
293.00	5305.99
294.00	5348.12
295.00	5320.04
296.00	5313.02
297.00	5334.08
298.00	5261.52
299.00	5334.08
300.00	5317.70
301.00	5289.61
302.00	4912.78
303.00	5053.22
304.00	5355.15
305.00	5451.11
306.00	5399.62
307.00	5256.84
308.00	5069.60
309.00	5287.27
310.00	5291.95
311.00	5432.38
312.00	5514.30
313.00	5345.78
314.00	5432.38
315.00	5404.30
316.00	5378.55
317.00	5376.21
318.00	5371.53
319.00	5523.66
320.00	5469.83
321.00	5504.94
322.00	5385.57
323.00	5493.24
324.00	5729.63
325.00	5591.54
326.00	5570.48
327.00	5820.91
328.00	5666.44
329.00	5518.98
330.00	5722.61
331.00	5767.08
332.00	5671.12
333.00	5432.38
334.00	5891.13
335.00	5940.28
336.00	5907.51
337.00	5783.46
338.00	5753.04
339.00	5785.80
340.00	5895.81
341.00	5944.96
342.00	6043.26
343.00	5940.28
344.00	5951.98
345.00	6134.54
346.00	5968.37
347.00	6005.81
348.00	6087.73
349.00	6050.28
350.00	6085.39
351.00	6118.16
352.00	6282.00
353.00	6289.02
354.00	6263.27
355.00	6282.00
356.00	6087.73
357.00	6183.70
358.00	6487.96
359.00	6462.22
360.00	6509.03
361.00	6347.53
362.00	6607.33
363.00	6450.52
364.00	6462.22
365.00	6527.75
366.00	6345.19
367.00	6450.52
368.00	6471.58
369.00	6703.29
370.00	6539.46
371.00	6693.93
372.00	6511.37
373.00	6586.27
374.00	6672.87
375.00	6626.06
376.00	6892.88
377.00	6754.79
378.00	6619.04
379.00	6803.94
380.00	6944.37
381.00	6768.83
382.00	7122.25
383.00	7136.29
384.00	7279.07
385.00	7098.84
386.00	7171.40
387.00	7227.57
388.00	7286.09
389.00	7150.34
390.00	7625.47
391.00	7466.31
392.00	7478.01
393.00	7445.24
394.00	7492.05
395.00	7534.18
396.00	7581.00
397.00	7754.19
398.00	7669.94
399.00	7812.71
400.00	7833.77
401.00	7784.62
402.00	7833.77
403.00	7815.05
404.00	8002.29
405.00	8037.40
406.00	7955.48
407.00	8198.90
408.00	7712.07
409.00	7641.85
410.00	7864.20
411.00	8009.31
412.00	8128.68
413.00	8084.21
414.00	8154.43
415.00	8049.10
416.00	8191.88
417.00	8044.42
418.00	8060.80
419.00	8006.97
420.00	8248.05
421.00	8112.30
422.00	8187.19
423.00	8224.64
424.00	8002.29
425.00	8159.11
426.00	8353.37
427.00	8231.66
428.00	8219.96
429.00	8109.96
430.00	8163.79
431.00	8124.00
432.00	8348.69
433.00	8170.81
434.00	8222.30
435.00	8313.58
436.00	8468.06
437.00	8229.32
438.00	8571.04
439.00	8423.59
440.00	8669.34
441.00	8512.53
442.00	8798.07
443.00	8727.86
444.00	8526.57
445.00	8585.08
446.00	8365.07
447.00	8894.04
448.00	8554.66
449.00	8748.92
450.00	8449.33
451.00	8922.12
452.00	8816.80
453.00	8973.61
454.00	8690.41
455.00	8786.37
456.00	8727.86
457.00	8870.63
458.00	8936.17
459.00	8727.86
460.00	8774.67
461.00	8833.18
462.00	8762.97
463.00	8968.93
464.00	8821.48
465.00	9100.00
466.00	8922.12
467.00	9069.58
468.00	9090.64
469.00	9128.09
470.00	9263.84
471.00	9392.57
472.00	9275.54
473.00	9460.45
474.00	9320.01
475.00	9441.72
476.00	9205.33
477.00	9500.23
478.00	9472.15
479.00	9598.54
480.00	9900.47
481.00	9673.43
482.00	9680.46
483.00	9619.60
484.00	9589.17
485.00	9729.61
486.00	9593.86
487.00	9966.00
488.00	9942.60
489.00	9729.61
490.00	9668.75
491.00	9966.00
492.00	9853.66
493.00	9825.57
494.00	10015.15
495.00	10167.29
496.00	10057.28
497.00	10085.37
498.00	10211.76
499.00	10232.82
500.00	10228.14
501.00	10422.41
502.00	10078.35
503.00	10099.41
504.00	10087.71
505.00	10441.13
506.00	10436.45
507.00	10562.84
508.00	10373.25
509.00	10427.09
510.00	10270.27
511.00	10345.17
512.00	10651.78
513.00	10551.14
514.00	10597.95
515.00	10485.60
516.00	10705.61
517.00	10658.80
518.00	10562.84
519.00	10541.77
520.00	10572.20
521.00	10998.18
522.00	10752.42
523.00	10560.50
524.00	10796.89
525.00	10651.78
526.00	11150.31
527.00	10878.81
528.00	10913.92
529.00	10927.96
530.00	10822.64
531.00	11180.74
532.00	11150.31
533.00	11047.33
534.00	10876.47
535.00	11229.89
536.00	11136.27
537.00	10869.45
538.00	11136.27
539.00	11197.12
540.00	11089.46
541.00	10984.13
542.00	11136.27
543.00	11473.31
544.00	11150.31
545.00	11440.54
546.00	11674.59
547.00	11164.36
548.00	11309.47
549.00	11449.90
550.00	11459.26
551.00	11857.15
552.00	11723.74
553.00	11705.02
554.00	11695.66
555.00	11719.06
556.00	11962.48
557.00	11775.24
558.00	11833.75
559.00	11985.88
560.00	12149.72
561.00	11999.93
562.00	12439.95
563.00	12170.79
564.00	12248.02
565.00	12372.07
566.00	12472.71
567.00	12762.94
568.00	12388.46
569.00	12613.15
570.00	12657.62
571.00	12453.99
572.00	12669.32
573.00	12575.70
574.00	12744.22
575.00	12994.65
576.00	12849.54
577.00	13015.72
578.00	12926.78
579.00	13233.39
580.00	13020.40
581.00	13413.61
582.00	13198.28
583.00	13336.37
584.00	13380.84
585.00	13635.96
586.00	13804.48
587.00	13898.10
588.00	13755.33
589.00	13682.77
590.00	14022.15
591.00	14017.47
592.00	14230.46
593.00	14366.21
594.00	14609.62
595.00	14303.01
596.00	14864.74
597.00	14822.61
598.00	14452.81
599.00	14934.96
600.00	15307.10
601.00	15091.77
602.00	15353.91
603.00	15363.28
604.00	15452.22
605.00	15527.11
606.00	15770.53
607.00	15803.30
608.00	15690.95
609.00	15878.19
610.00	15737.76
611.00	16154.38
612.00	15847.77
613.00	16198.85
614.00	16489.07
615.00	16369.71
616.00	16896.33
617.00	17018.04
618.00	16739.51
619.00	17219.32
620.00	17245.07
621.00	17137.40
622.00	17610.19
623.00	17612.53
624.00	17977.65
625.00	17996.38
626.00	18155.54
627.00	18008.08
628.00	17778.71
629.00	18471.51
630.00	18569.81
631.00	18700.88
632.00	18679.82
633.00	18822.59
634.00	18843.65
635.00	19482.62
636.00	19161.97
637.00	19559.86
638.00	19550.49
639.00	19566.88
640.00	19389.00
641.00	19527.09
642.00	20095.84
643.00	20098.18
644.00	20212.87
645.00	20615.44
646.00	20774.60
647.00	20657.57
648.00	20952.48
649.00	20856.51
650.00	21226.32
651.00	21467.39
652.00	21790.39
653.00	21514.20
654.00	21336.32
655.00	21916.78
656.00	21984.65
657.00	22040.82
658.00	22478.50
659.00	22274.88
660.00	22583.83
661.00	22911.50
662.00	22895.12
663.00	23267.27
664.00	23412.38
665.00	23669.84
666.00	23749.42
667.00	23784.52
668.00	23882.83
669.00	23903.89
670.00	24264.33
671.00	24411.79
672.00	24624.78
673.00	24535.84
674.00	25017.99
675.00	24891.60
676.00	24936.07
677.00	24697.33
678.00	25177.14
679.00	25312.89
680.00	25535.24
681.00	25242.68
682.00	25656.95
683.00	25656.95
684.00	25708.44
685.00	26089.95
686.00	26235.06
687.00	26630.62
688.00	26663.38
689.00	26494.86
690.00	26717.22
691.00	26764.03
692.00	26888.07
693.00	26979.36
694.00	27187.66
695.00	27538.74
696.00	27655.77
697.00	27728.33
698.00	27576.19
699.00	28137.92
700.00	27976.42
701.00	28325.16
702.00	28233.88
703.00	28353.25
704.00	28467.94
705.00	28884.55
706.00	28713.69
707.00	28989.88
708.00	29097.54
709.00	29032.00
710.00	29495.43
711.00	29352.66
712.00	29252.02
713.00	29642.88
714.00	29575.01
715.00	29979.92
716.00	29881.62
717.00	29888.64
718.00	30143.76
719.00	29975.24
720.00	30108.65
721.00	30148.44
722.00	30113.33
723.00	30595.48
724.00	31115.08
725.00	31068.27
726.00	30934.86
727.00	30876.35
728.00	31274.24
729.00	31108.06
730.00	31084.65
731.00	32084.06
732.00	31257.85
733.00	31672.13
734.00	31625.32
735.00	31578.51
736.00	31667.45
737.00	32067.68
738.00	32011.51
739.00	32243.22
740.00	32271.31
741.00	32130.87
742.00	32350.88
743.00	31842.99
744.00	32631.75
745.00	32716.01
746.00	32680.90
747.00	32708.99
748.00	33516.47
749.00	32786.22
750.00	32947.72
751.00	33268.37
752.00	33282.42
753.00	33347.95
754.00	33469.66
755.00	33947.13
756.00	33532.86
757.00	33759.89
758.00	33682.65
759.00	34143.74
760.00	33951.81
761.00	34085.22
762.00	34642.27
763.00	34181.18
764.00	34026.71
765.00	34724.19
766.00	34328.64
767.00	34696.10
768.00	34829.51
769.00	35021.44
770.00	34813.13
771.00	35222.72
772.00	35145.48
773.00	35285.92
774.00	35178.25
775.00	35402.94
776.00	35447.41
777.00	35365.49
778.00	35798.49
779.00	36170.64
780.00	35906.16
781.00	35669.76
782.00	35562.10
783.00	36027.87
784.00	35903.82
785.00	36273.62
786.00	36044.25
787.00	36849.39
788.00	36318.09
789.00	36570.87
790.00	36371.92
791.00	36428.10
792.00	36910.25
793.00	37038.98
794.00	36952.38
795.00	37158.34
796.00	36849.39
797.00	37214.52
798.00	36914.93
799.00	37095.15
800.00	37261.33
801.00	37830.08
802.00	37928.38
803.00	37860.51
804.00	37322.18
805.00	37638.15
806.00	38199.88
807.00	37776.25
808.00	37874.55
809.00	38492.45
810.00	38656.29
811.00	38438.62
812.00	38487.77
813.00	38234.99
814.00	38136.69
815.00	38672.67
816.00	38447.98
817.00	38801.40
818.00	38850.55
819.00	39093.97
820.00	38429.26
821.00	38838.85
822.00	38445.64
823.00	38497.13
824.00	39166.52
825.00	38490.11
826.00	39306.96
827.00	39363.13
828.00	39660.38
829.00	39969.33
830.00	39526.97
831.00	39484.84
832.00	39138.44
833.00	39885.07
834.00	39723.57
835.00	39903.79
836.00	39889.75
837.00	40299.34
838.00	40013.80
839.00	39636.97
840.00	39974.01
841.00	40355.52
842.00	40481.91
843.00	40669.15
844.00	40715.96
845.00	40449.14
846.00	40964.06
847.00	40879.80
848.00	40416.37
849.00	40804.90
850.00	41383.01
851.00	41244.92
852.00	41551.53
853.00	40683.19
854.00	41303.43
855.00	41102.15
856.00	40795.54
857.00	40961.72
858.00	41439.18
859.00	41511.74
860.00	41872.18
861.00	42012.62
862.00	41357.27
863.00	41333.86
864.00	42188.16
865.00	41801.97
866.00	42038.36
867.00	42223.26
868.00	42167.09
869.00	42274.76
870.00	42679.67
871.00	41787.92
872.00	42438.59
873.00	42094.53
874.00	42249.01
875.00	42501.79
876.00	43021.39
877.00	42749.88
878.00	42824.78
879.00	42700.73
880.00	43112.67
881.00	42810.74
882.00	42852.87
883.00	42534.56
884.00	42831.80
885.00	43297.57
886.00	42635.20
887.00	42995.64
888.00	42829.46
889.00	43086.92
890.00	43264.80
891.00	43299.91
892.00	43126.71
893.00	43402.89
894.00	43313.95
895.00	43716.53
896.00	43442.68
897.00	43672.06
898.00	43536.30
899.00	43367.79
900.00	43454.39
901.00	43859.30
902.00	43854.62
903.00	44428.05
904.00	43856.96
905.00	44259.53
906.00	43718.87
907.00	43992.71
908.00	43941.22
909.00	43943.56
910.00	44418.69
911.00	45078.72
912.00	44308.68
913.00	44240.81
914.00	44605.93
915.00	44245.49
916.00	44755.72
917.00	44318.04
918.00	45219.15
919.00	45010.84
920.00	44641.04
921.00	44776.79
922.00	44879.77
923.00	44797.85
924.00	44739.34
925.00	44687.85
926.00	45237.87
927.00	45022.54
928.00	45312.77
929.00	45240.21
930.00	45247.24
931.00	44648.06
932.00	45322.13
933.00	44865.73
934.00	45282.34
935.00	45595.98
936.00	45675.55
937.00	46157.70
938.00	45556.19
939.00	45202.77
940.00	45780.88
941.00	46120.26
942.00	45212.13
943.00	45521.08
944.00	46148.34
945.00	45584.27
946.00	45755.13
947.00	45895.56
948.00	46131.96
949.00	46398.78
950.00	45893.22
951.00	45558.53
952.00	46007.91
953.00	46281.75
954.00	46351.97
955.00	45837.05
956.00	46248.99
957.00	45851.09
958.00	46274.73
959.00	46265.37
960.00	46160.05
961.00	45972.80
962.00	46068.76
963.00	46490.06
964.00	46665.60
965.00	46997.96
966.00	46990.94
967.00	46733.48
968.00	47182.86
969.00	46869.23
970.00	47019.02
971.00	47250.74
972.00	47210.95
973.00	47140.73
974.00	46981.57
975.00	47447.34
976.00	47634.58
977.00	46960.51
978.00	47117.32
979.00	47000.30
980.00	47082.22
981.00	47342.02
982.00	47786.72
983.00	47980.98
984.00	47208.61
985.00	47400.53
986.00	47384.15
987.00	47021.36
988.00	46930.08
989.00	47749.27
990.00	47150.09
991.00	47508.19
992.00	47796.08
993.00	48081.63
994.00	47634.58
995.00	47922.47
996.00	47842.89
997.00	48374.19
998.00	47887.36
999.00	47735.23
1000.00	48065.24
1001.00	48058.22
1002.00	47915.45
1003.00	47810.12
1004.00	47505.85
1005.00	47838.21
1006.00	47873.32
1007.00	48046.52
1008.00	47782.04
1009.00	48418.66
1010.00	48137.80
1011.00	48439.73
1012.00	48570.80
1013.00	48486.54
1014.00	48348.45
1015.00	48505.26
1016.00	48165.88
1017.00	48229.08
1018.00	48334.40
1019.00	48444.41
1020.00	48587.18
1021.00	48896.13
1022.00	48299.30
1023.00	48561.44
1024.00	48376.53
1025.00	48332.06
1026.00	49155.93
1027.00	48898.47
1028.00	48797.83
1029.00	49043.59
1030.00	48844.64
1031.00	49109.12
1032.00	49076.35
1033.00	49387.64
1034.00	48954.64
1035.00	48615.27
1036.00	48987.41
1037.00	49029.54
1038.00	49062.31
1039.00	49066.99
1040.00	49001.46
1041.00	49303.38
1042.00	49038.90
1043.00	48685.48
1044.00	49104.44
1045.00	49071.67
1046.00	48851.66
1047.00	49188.70
1048.00	49249.55
1049.00	49303.38
1050.00	49202.74
1051.00	49631.06
1052.00	49729.36
1053.00	49619.36
1054.00	49408.71
1055.00	49502.33
1056.00	49291.68
1057.00	49303.38
1058.00	49427.43
1059.00	49488.29
1060.00	49467.22
1061.00	49745.75
1062.00	49551.48
1063.00	49530.42
1064.00	49537.44
1065.00	49202.74
1066.00	49357.22
1067.00	49769.15
1068.00	49865.11
1069.00	49780.85
1070.00	49450.84
1071.00	49853.41
1072.00	49825.32
1073.00	50099.17
1074.00	49904.90
1075.00	49703.62
1076.00	49806.60
1077.00	49832.35
1078.00	49724.68
1079.00	49556.16
1080.00	49965.76
1081.00	49949.37
1082.00	50087.46
1083.00	49518.71
1084.00	49741.06
1085.00	49558.50
1086.00	49553.82
1087.00	49570.21
1088.00	50026.61
1089.00	50031.29
1090.00	50307.47
1091.00	49897.88
1092.00	50157.68
1093.00	49986.82
1094.00	49977.46
1095.00	49731.70
1096.00	49989.16
1097.00	49986.82
1098.00	50089.80
1099.00	50354.29
1100.00	50162.36
1101.00	50188.11
1102.00	50160.02
1103.00	50038.31
1104.00	49801.92
1105.00	49940.01
1106.00	49865.11
1107.00	49851.07
1108.00	49815.96
1109.00	50295.77
1110.00	50389.39
1111.00	50499.40
1112.00	50157.68
1113.00	50660.90
1114.00	50333.22
1115.00	50174.06
1116.00	50122.57
1117.00	50103.85
1118.00	49811.28
1119.00	50005.55
1120.00	50670.26
1121.00	49869.79
1122.00	50213.85
1123.00	50066.40
1124.00	49727.02
1125.00	50010.23
1126.00	50000.86
1127.00	49670.85
1128.00	49928.31
1129.00	50148.32
1130.00	49745.75
1131.00	50543.87
1132.00	50087.46
1133.00	50576.64
1134.00	50354.29
1135.00	50099.17
1136.00	49792.56
1137.00	50401.10
1138.00	49993.84
1139.00	49675.53
1140.00	50330.88
1141.00	50110.87
1142.00	50581.32
1143.00	50578.98
1144.00	50546.21
1145.00	50398.76
1146.00	50178.75
1147.00	50447.91
1148.00	49965.76
1149.00	50328.54
1150.00	50174.06
1151.00	50368.33
1152.00	50131.93
1153.00	50562.59
1154.00	50604.72
1155.00	50314.50
1156.00	50330.88
1157.00	50143.64
1158.00	50351.94
1159.00	50134.28
1160.00	50188.11
1161.00	50429.18
1162.00	50703.03
1163.00	50293.43
1164.00	50314.50
1165.00	50562.59
1166.00	50490.04
1167.00	50321.52
1168.00	50351.94
1169.00	50424.50
1170.00	50071.08
1171.00	50092.15
1172.00	50096.83
1173.00	50094.49
1174.00	50490.04
1175.00	50506.42
1176.00	50199.81
1177.00	50377.69
1178.00	50174.06
1179.00	49794.90
1180.00	49757.45
1181.00	49682.55
1182.00	49729.36
1183.00	49947.03
1184.00	50373.01
1185.00	50515.78
1186.00	50670.26
1187.00	50223.22
1188.00	50263.00
1189.00	50279.39
1190.00	49720.00
1191.00	50342.58
1192.00	49914.26
1193.00	49783.19
1194.00	50019.59
1195.00	49986.82
1196.00	50227.90
1197.00	50471.31
1198.00	50756.86
1199.00	50314.50
1200.00	50246.62
1201.00	50300.45
1202.00	50007.89
1203.00	49947.03
1204.00	50307.47
1205.00	50014.91
1206.00	50277.05
1207.00	50408.12
1208.00	50230.24
1209.00	50176.40
1210.00	50092.15
1211.00	50050.02
1212.00	50021.93
1213.00	50113.21
1214.00	50199.81
1215.00	49977.46
1216.00	50153.00
1217.00	50293.43
1218.00	49862.77
1219.00	50403.44
1220.00	50480.67
1221.00	49914.26
1222.00	50054.70
1223.00	50220.87
1224.00	50082.78
1225.00	50248.96
1226.00	50017.25
1227.00	50141.30
1228.00	50176.40
1229.00	50148.32
1230.00	50637.49
1231.00	50263.00
1232.00	50309.82
1233.00	50089.80
1234.00	49792.56
1235.00	49710.64
1236.00	50052.36
1237.00	50522.80
1238.00	50113.21
1239.00	50300.45
1240.00	50546.21
1241.00	50380.03
1242.00	50515.78
1243.00	50358.97
1244.00	50651.53
1245.00	50089.80
1246.00	49991.50
1247.00	50255.98
1248.00	50197.47
1249.00	50150.66
1250.00	50330.88
1251.00	50391.73
1252.00	50279.39
1253.00	50480.67
1254.00	50216.19
1255.00	50321.52
1256.00	50618.77
1257.00	50183.43
1258.00	50557.91
1259.00	50522.80
1260.00	50354.29
1261.00	50272.37
1262.00	50424.50
1263.00	50511.10
1264.00	50759.20
1265.00	50742.81
1266.00	50426.84
1267.00	50445.57
1268.00	50248.96
1269.00	50185.77
1270.00	50110.87
1271.00	49956.39
1272.00	50328.54
1273.00	50438.54
1274.00	49776.17
1275.00	50885.59
1276.00	50836.44
1277.00	50588.34
1278.00	50663.24
1279.00	50293.43
1280.00	49984.48
1281.00	50059.38
1282.00	50571.96
1283.00	50651.53
1284.00	50309.82
1285.00	50270.03
1286.00	50646.85
1287.00	50358.97
1288.00	50529.83
1289.00	50625.79
1290.00	50588.34
1291.00	50169.38
1292.00	50209.17
1293.00	50103.85
1294.00	50157.68
1295.00	50270.03
1296.00	49848.73
1297.00	50609.40
1298.00	50429.18
1299.00	50602.38
1300.00	50787.28
1301.00	50291.09
1302.00	50361.31
1303.00	50426.84
1304.00	50295.77
1305.00	50234.92
1306.00	50319.18
1307.00	49879.16
1308.00	50253.64
1309.00	50490.04
1310.00	50394.07
1311.00	50422.16
1312.00	50487.70
1313.00	50979.21
1314.00	50569.61
1315.00	50478.33
1316.00	50302.79
1317.00	50501.74
1318.00	50492.38
1319.00	50113.21
1320.00	50419.82
1321.00	49942.35
1322.00	50323.86
1323.00	50323.86
1324.00	50223.22
1325.00	50798.99
1326.00	50691.32
1327.00	50628.13
1328.00	50110.87
1329.00	50012.57
1330.00	50160.02
1331.00	49951.71
1332.00	50169.38
1333.00	50216.19
1334.00	50028.95
1335.00	50611.74
1336.00	50607.06
1337.00	50401.10
1338.00	50384.71
1339.00	50337.90
1340.00	50429.18
1341.00	50075.76
1342.00	50033.63
1343.00	50230.24
1344.00	50403.44
1345.00	50363.65
1346.00	50110.87
1347.00	50415.14
1348.00	50309.82
1349.00	50061.72
1350.00	50164.70
1351.00	49982.14
1352.00	49698.94
1353.00	49825.32
1354.00	49879.16
1355.00	49925.97
1356.00	49914.26
1357.00	49825.32
1358.00	49888.52
1359.00	49794.90
1360.00	50445.57
1361.00	50092.15
1362.00	49923.63
1363.00	49984.48
1364.00	49961.08
1365.00	49785.54
1366.00	50068.74
1367.00	49741.06
1368.00	49888.52
1369.00	49542.12
1370.00	49813.62
1371.00	49792.56
1372.00	49764.47
1373.00	49610.00
1374.00	49977.46
1375.00	49958.73
1376.00	49471.90
1377.00	49567.87
1378.00	49324.45
1379.00	49820.64
1380.00	49256.57
1381.00	49186.36
1382.00	49277.64
1383.00	49357.22
1384.00	49488.29
1385.00	49331.47
1386.00	49521.05
1387.00	49818.30
1388.00	49272.96
1389.00	49647.44
1390.00	49282.32
1391.00	49375.94
1392.00	48844.64
1393.00	48999.12
1394.00	48989.75
1395.00	49001.46
1396.00	49401.69
1397.00	49448.50
1398.00	49305.73
1399.00	49258.91
1400.00	49759.79
1401.00	49778.51
1402.00	49059.97
1403.00	49020.18
1404.00	49279.98
1405.00	48559.09
1406.00	48837.62
1407.00	49104.44
1408.00	49001.46
1409.00	49226.15
1410.00	49022.52
1411.00	49471.90
1412.00	48935.92
1413.00	48772.08
1414.00	48868.05
1415.00	48685.48
1416.00	48664.42
1417.00	48999.12
1418.00	48404.62
1419.00	48292.27
1420.00	48552.07
1421.00	48875.07
1422.00	48711.23
1423.00	48692.50
1424.00	48877.41
1425.00	48676.12
1426.00	48657.40
1427.00	48666.76
1428.00	48851.66
1429.00	48268.87
1430.00	48711.23
1431.00	48392.92
1432.00	48222.06
1433.00	48561.44
1434.00	48163.54
1435.00	48378.87
1436.00	48320.36
1437.00	48252.48
1438.00	48140.14
1439.00	48329.72
1440.00	48250.14
1441.00	48449.09
1442.00	47969.28
1443.00	47552.66
1444.00	47737.57
1445.00	47819.49
1446.00	47580.75
1447.00	48329.72
1448.00	47803.10
1449.00	47709.48
1450.00	48030.13
1451.00	48140.14
1452.00	48151.84
1453.00	47798.42
1454.00	48385.89
1455.00	47962.26
1456.00	47594.79
1457.00	47522.24
1458.00	47578.41
1459.00	47587.77
1460.00	47419.25
1461.00	47611.18
1462.00	47770.33
1463.00	47498.83
1464.00	47716.50
1465.00	47573.73
1466.00	46941.78
1467.00	47606.50
1468.00	47330.31
1469.00	47124.35
1470.00	47538.62
1471.00	47339.68
1472.00	46609.43
1473.00	47175.84
1474.00	47330.31
1475.00	47124.35
1476.00	47367.76
1477.00	47232.01
1478.00	47498.83
1479.00	47367.76
1480.00	47302.23
1481.00	46801.35
1482.00	47346.70
1483.00	47201.58
1484.00	46733.48
1485.00	46447.93
1486.00	46658.58
1487.00	46717.09
1488.00	46394.10
1489.00	47264.78
1490.00	46454.95
1491.00	46181.11
1492.00	46972.21
1493.00	46461.97
1494.00	46766.24
1495.00	46499.42
1496.00	46529.85
1497.00	46248.99
1498.00	46204.52
1499.00	46155.36
1500.00	46188.13
1501.00	46115.58
1502.00	45631.08
1503.00	46665.60
1504.00	45860.46
1505.00	46108.55
1506.00	46265.37
1507.00	46197.49
1508.00	46363.67
1509.00	45647.47
1510.00	45979.82
1511.00	45514.06
1512.00	45272.98
1513.00	45815.99
1514.00	45853.44
1515.00	45937.69
1516.00	45682.58
1517.00	45755.13
1518.00	45839.39
1519.00	45785.56
1520.00	46146.00
1521.00	46047.70
1522.00	45975.14
1523.00	45291.71
1524.00	45741.09
1525.00	45193.40
1526.00	45638.11
1527.00	45408.73
1528.00	45352.56
1529.00	45408.73
1530.00	45123.19
1531.00	45762.15
1532.00	45378.31
1533.00	45586.61
1534.00	45317.45
1535.00	45563.21
1536.00	45516.40
1537.00	45296.39
1538.00	44957.01
1539.00	45214.47
1540.00	44893.82
1541.00	44914.88
1542.00	45188.72
1543.00	44788.49
1544.00	44589.55
1545.00	45364.26
1546.00	45237.87
1547.00	45052.97
1548.00	44832.96
1549.00	45153.62
1550.00	45069.36
1551.00	44889.13
1552.00	44816.58
1553.00	44488.90
1554.00	44376.56
1555.00	44561.46
1556.00	44458.48
1557.00	44495.92
1558.00	44577.84
1559.00	44507.63
1560.00	44538.05
1561.00	44669.12
1562.00	44718.28
1563.00	44879.77
1564.00	44856.37
1565.00	44311.02
1566.00	44184.63
1567.00	44224.42
1568.00	44210.38
1569.00	44236.12
1570.00	44081.65
1571.00	44046.54
1572.00	43477.79
1573.00	43955.26
1574.00	44219.74
1575.00	43779.72
1576.00	44432.73
1577.00	44502.95
1578.00	44332.09
1579.00	44208.04
1580.00	43402.89
1581.00	43550.35
1582.00	43770.36
1583.00	43688.44
1584.00	43854.62
1585.00	43592.48
1586.00	43515.24
1587.00	43377.15
1588.00	43367.79
1589.00	43966.96
1590.00	44030.16
1591.00	43304.59
1592.00	43903.77
1593.00	43454.39
1594.00	43257.78
1595.00	43770.36
1596.00	43299.91
1597.00	43592.48
1598.00	43335.02
1599.00	42714.78
1600.00	43487.15
1601.00	43079.90
1602.00	42674.99
1603.00	43157.14
1604.00	42869.25
1605.00	43157.14
1606.00	43100.97
1607.00	42848.19
1608.00	42923.08
1609.00	42710.10
1610.00	42506.47
1611.00	42422.21
1612.00	42377.74
1613.00	42600.09
1614.00	42326.25
1615.00	42480.72
1616.00	42895.00
1617.00	42843.51
1618.00	42871.59
1619.00	42579.03
1620.00	42974.58
1621.00	42672.65
1622.00	43035.43
1623.00	42920.74
1624.00	42735.84
1625.00	42796.70
1626.00	42424.55
1627.00	42429.23
1628.00	41949.42
1629.00	42232.63
1630.00	42003.25
1631.00	42368.38
1632.00	42375.40
1633.00	42267.73
1634.00	41844.10
1635.00	42249.01
1636.00	42499.45
1637.00	42464.34
1638.00	42045.38
1639.00	41928.36
1640.00	42040.70
1641.00	41462.59
1642.00	41418.12
1643.00	41965.81
1644.00	41736.43
1645.00	41668.56
1646.00	41757.50
1647.00	41574.94
1648.00	42120.28
1649.00	42452.64
1650.00	41691.96
1651.00	42230.29
1652.00	41696.64
1653.00	41944.74
1654.00	42204.54
1655.00	41680.26
1656.00	41528.13
1657.00	41717.71
1658.00	41500.04
1659.00	41228.54
1660.00	41153.64
1661.00	40954.69
1662.00	41125.55
1663.00	41153.64
1664.00	41315.14
1665.00	41556.21
1666.00	40942.99
1667.00	41450.89
1668.00	41471.95
1669.00	41610.04
1670.00	41406.42
1671.00	41399.40
1672.00	41368.97
1673.00	41090.44
1674.00	40765.11
1675.00	40996.82
1676.00	41024.91
1677.00	40795.54
1678.00	40460.84
1679.00	40861.07
1680.00	40528.72
1681.00	41167.68
1682.00	41055.34
1683.00	41022.57
1684.00	40807.24
1685.00	41015.55
1686.00	40390.62
1687.00	40456.16
1688.00	40451.48
1689.00	40533.40
1690.00	40060.61
1691.00	40208.06
1692.00	40100.40
1693.00	40311.05
1694.00	40210.40
1695.00	40196.36
1696.00	40563.82
1697.00	40463.18
1698.00	40851.71
1699.00	40179.98
1700.00	40133.17
1701.00	40177.64
1702.00	40325.09
1703.00	40325.09
1704.00	39416.96
1705.00	40018.48
1706.00	39548.03
1707.00	39988.05
1708.00	39203.97
1709.00	39770.38
1710.00	39704.85
1711.00	39601.86
1712.00	39754.00
1713.00	39838.26
1714.00	39316.32
1715.00	39700.17
1716.00	39498.88
1717.00	39243.76
1718.00	39196.95
1719.00	39763.36
1720.00	38855.23
1721.00	39091.63
1722.00	38960.56
1723.00	39077.58
1724.00	38852.89
1725.00	38356.70
1726.00	39082.27
1727.00	38623.52
1728.00	39133.76
1729.00	38866.94
1730.00	38384.79
1731.00	39086.95
1732.00	38553.30
1733.00	38256.06
1734.00	38459.68
1735.00	38792.04
1736.00	38813.10
1737.00	38263.08
1738.00	37778.59
1739.00	37876.89
1740.00	38263.08
1741.00	38022.00
1742.00	38012.64
1743.00	38265.42
1744.00	37904.98
1745.00	37832.42
1746.00	37797.31
1747.00	38082.86
1748.00	37827.74
1749.00	37872.21
1750.00	37621.77
1751.00	37663.90
1752.00	37691.99
1753.00	37359.63
1754.00	37156.00
1755.00	37228.56
1756.00	37361.97
1757.00	37088.13
1758.00	37289.42
1759.00	36847.05
1760.00	37553.90
1761.00	37193.45
1762.00	37219.20
1763.00	37572.62
1764.00	37333.89
1765.00	37057.70
1766.00	36751.09
1767.00	36556.83
1768.00	36844.71
1769.00	36507.68
1770.00	36617.68
1771.00	36776.84
1772.00	36741.73
1773.00	36704.28
1774.00	36580.23
1775.00	36346.18
1776.00	36247.88
1777.00	36400.01
1778.00	36098.08
1779.00	36046.59
1780.00	36140.21
1781.00	35765.73
1782.00	35887.43
1783.00	35967.01
1784.00	35566.78
1785.00	35751.68
1786.00	35487.20
1787.00	35494.22
1788.00	35515.29
1789.00	35470.82
1790.00	35194.64
1791.00	35349.11
1792.00	35157.19
1793.00	34993.35
1794.00	35431.03
1795.00	35374.86
1796.00	35002.71
1797.00	35145.48
1798.00	35323.36
1799.00	35229.74
1800.00	34892.71
1801.00	34660.99
1802.00	34450.35
1803.00	34637.59
1804.00	34497.16
1805.00	34391.83
1806.00	34251.40
1807.00	34424.60
1808.00	34396.51
1809.00	34611.84
1810.00	34249.06
1811.00	34328.64
1812.00	34073.52
1813.00	34082.88
1814.00	33923.72
1815.00	34237.36
1816.00	33757.55
1817.00	33860.53
1818.00	33645.20
1819.00	33420.51
1820.00	33507.11
1821.00	33214.54
1822.00	33324.55
1823.00	32996.87
1824.00	33109.22
1825.00	32826.01
1826.00	33156.03
1827.00	33247.31
1828.00	33282.42
1829.00	33198.16
1830.00	32933.68
1831.00	31995.12
1832.00	33188.80
1833.00	32910.27
1834.00	32350.88
1835.00	32978.15
1836.00	32187.05
1837.00	31852.35
1838.00	31847.67
1839.00	31831.29
1840.00	31737.66
1841.00	31798.52
1842.00	31761.07
1843.00	31676.81
1844.00	31342.11
1845.00	31672.13
1846.00	31622.98
1847.00	31627.66
1848.00	31152.53
1849.00	30885.71
1850.00	30995.71
1851.00	30871.67
1852.00	31058.91
1853.00	30515.90
1854.00	30738.26
1855.00	30424.62
1856.00	30221.00
1857.00	30305.26
1858.00	30363.77
1859.00	30031.41
1860.00	30195.25
1861.00	29905.02
1862.00	30178.87
1863.00	30354.41
1864.00	30038.44
1865.00	29703.74
1866.00	29692.04
1867.00	29490.75
1868.00	29607.78
1869.00	29467.34
1870.00	29703.74
1871.00	29390.11
1872.00	29113.92
1873.00	28945.41
1874.00	29151.37
1875.00	28989.88
1876.00	29184.14
1877.00	28477.30
1878.00	28531.13
1879.00	28446.87
1880.00	28486.66
1881.00	28301.76
1882.00	28620.07
1883.00	28556.88
1884.00	28325.16
1885.00	28313.46
1886.00	28507.72
1887.00	28002.17
1888.00	27735.35
1889.00	27857.06
1890.00	26995.74
1891.00	27477.89
1892.00	27625.34
1893.00	27524.70
1894.00	26909.14
1895.00	27304.69
1896.00	27110.43
1897.00	27199.37
1898.00	27201.71
1899.00	26843.60
1900.00	26874.03
1901.00	26831.90
1902.00	26939.57
1903.00	26546.36
1904.00	26569.76
1905.00	26260.81
1906.00	26562.74
1907.00	25846.54
1908.00	25977.61
1909.00	25771.64
1910.00	25671.00
1911.00	25663.97
1912.00	25792.70
1913.00	25642.91
1914.00	25600.78
1915.00	25336.30
1916.00	25476.73
1917.00	25319.92
1918.00	25422.90
1919.00	25270.76
1920.00	25472.05
1921.00	25259.06
1922.00	25125.65
1923.00	24982.88
1924.00	24907.98
1925.00	24666.91
1926.00	24379.02
1927.00	24285.40
1928.00	24357.96
1929.00	24290.08
1930.00	24346.25
1931.00	24128.58
1932.00	24177.73
1933.00	23967.09
1934.00	24402.43
1935.00	24102.84
1936.00	24364.98
1937.00	24107.52
1938.00	23679.20
1939.00	23988.15
1940.00	23880.49
1941.00	23714.31
1942.00	23772.82
1943.00	23082.36
1944.00	23147.90
1945.00	23257.90
1946.00	22991.08
1947.00	22511.27
1948.00	22757.03
1949.00	22471.48
1950.00	22246.79
1951.00	22335.73
1952.00	22876.40
1953.00	22537.02
1954.00	22604.89
1955.00	22464.46
1956.00	22424.67
1957.00	21778.68
1958.00	21893.37
1959.00	22192.96
1960.00	21734.21
1961.00	21624.21
1962.00	21834.86
1963.00	21556.33
1964.00	21277.81
1965.00	21413.56
1966.00	21603.14
1967.00	21355.05
1968.00	21092.91
1969.00	20521.82
1970.00	21128.02
1971.00	20938.43
1972.00	21050.78
1973.00	20931.41
1974.00	20723.10
1975.00	20503.09
1976.00	20622.46
1977.00	20748.85
1978.00	20329.89
1979.00	20741.83
1980.00	20276.06
1981.00	20252.66
1982.00	19829.02
1983.00	19843.06
1984.00	19943.70
1985.00	19658.16
1986.00	19597.31
1987.00	19723.69
1988.00	19625.39
1989.00	19613.69
1990.00	19440.49
1991.00	19606.67
1992.00	19262.61
1993.00	19108.13
1994.00	19321.12
1995.00	19164.31
1996.00	19470.92
1997.00	18796.84
1998.00	19255.59
1999.00	18792.16
2000.00	18588.53
2001.00	18698.54
2002.00	18721.95
2003.00	18511.30
2004.00	17984.68
2005.00	18155.54
2006.00	18197.67
2007.00	17867.65
2008.00	18057.23
2009.00	18075.96
2010.00	18052.55
2011.00	17710.83
2012.00	17944.89
2013.00	17802.11
2014.00	17797.43
2015.00	17579.76
2016.00	17593.81
2017.00	17149.11
2018.00	17586.79
2019.00	17364.43
2020.00	17530.61
2021.00	17121.02
2022.00	17195.92
2023.00	17125.70
2024.00	16716.11
2025.00	16783.98
2026.00	16671.64
2027.00	16596.74
2028.00	16683.34
2029.00	16528.86
2030.00	16575.67
2031.00	16730.15
2032.00	16360.34
2033.00	16442.26
2034.00	16304.17
2035.00	16046.71
2036.00	15929.69
2037.00	16159.06
2038.00	16013.95
2039.00	16020.97
2040.00	15892.24
2041.00	15838.41
2042.00	15822.02
2043.00	15580.95
2044.00	15625.42
2045.00	15634.78
2046.00	15295.40
2047.00	15012.20
