0.00	1022.81
1.00	1022.81
2.00	1022.81
3.00	985.37
4.00	945.58
5.00	1015.79
6.00	929.19
7.00	891.74
8.00	877.70
9.00	983.02
10.00	961.96
11.00	901.11
12.00	966.64
13.00	866.00
14.00	938.55
15.00	952.60
16.00	959.62
17.00	936.21
18.00	964.30
19.00	994.73
20.00	1018.13
21.00	1004.09
22.00	1011.11
23.00	997.07
24.00	1121.12
25.00	1432.41
26.00	1399.64
27.00	1493.26
28.00	1406.66
29.00	1444.11
30.00	1519.01
31.00	1432.41
32.00	1519.01
33.00	1544.75
34.00	1556.46
35.00	1556.46
36.00	1481.56
37.00	1537.73
38.00	1526.03
39.00	1542.41
40.00	1561.14
41.00	1633.69
42.00	1586.88
43.00	1558.80
44.00	1610.29
45.00	1636.03
46.00	1696.89
47.00	1603.27
48.00	1607.95
49.00	1657.10
50.00	1650.08
51.00	1638.38
52.00	1694.55
53.00	1706.25
54.00	1682.85
55.00	1680.50
56.00	1706.25
57.00	1664.12
58.00	1652.42
59.00	1706.25
60.00	1664.12
61.00	1724.97
62.00	1727.32
63.00	1776.47
64.00	1790.51
65.00	1694.55
66.00	1673.48
67.00	1802.21
68.00	1792.85
69.00	1708.59
70.00	1692.21
71.00	1771.79
72.00	1720.29
73.00	1767.10
74.00	1825.62
75.00	1715.61
76.00	1823.28
77.00	1853.70
78.00	1788.17
79.00	1743.70
80.00	1785.83
81.00	1778.81
82.00	1755.40
83.00	1811.57
84.00	1837.32
85.00	1898.17
86.00	1820.94
87.00	1867.75
88.00	1898.17
89.00	1933.28
90.00	1994.14
91.00	1902.86
92.00	1804.55
93.00	1949.67
94.00	1933.28
95.00	1907.54
96.00	1867.75
97.00	1888.81
98.00	1921.58
99.00	1870.09
100.00	1959.03
101.00	1935.62
102.00	1970.73
103.00	2015.20
104.00	1916.90
105.00	1973.07
106.00	2038.61
107.00	1963.71
108.00	2050.31
109.00	2012.86
110.00	1984.77
111.00	2101.80
112.00	2026.90
113.00	2054.99
114.00	2085.42
115.00	2108.82
116.00	2083.08
117.00	2029.24
118.00	2066.69
119.00	2092.44
120.00	2104.14
121.00	2129.89
122.00	2101.80
123.00	2122.87
124.00	2134.57
125.00	2118.18
126.00	2183.72
127.00	2228.19
128.00	2251.60
129.00	2202.44
130.00	2237.55
131.00	2246.91
132.00	2183.72
133.00	2244.57
134.00	2218.83
135.00	2228.19
136.00	2270.32
137.00	2225.85
138.00	2230.53
139.00	2204.78
140.00	2195.42
141.00	2267.98
142.00	2394.37
143.00	2361.60
144.00	2279.68
145.00	2270.32
146.00	2232.87
147.00	2277.34
148.00	2333.51
149.00	2450.54
150.00	2392.03
151.00	2389.69
152.00	2473.95
153.00	2422.45
154.00	2354.58
155.00	2553.52
156.00	2502.03
157.00	2539.48
158.00	2548.84
159.00	2438.84
160.00	2509.05
161.00	2607.36
162.00	2525.44
163.00	2513.74
164.00	2586.29
165.00	2616.72
166.00	2562.89
167.00	2689.28
168.00	2487.99
169.00	2672.89
170.00	2738.43
171.00	2715.02
172.00	2724.38
173.00	2691.62
174.00	2607.36
175.00	2679.91
176.00	2661.19
177.00	2712.68
178.00	2712.68
179.00	2874.18
180.00	2803.96
181.00	2813.32
182.00	2743.11
183.00	2869.50
184.00	2815.66
185.00	2841.41
186.00	2780.56
187.00	2799.28
188.00	2815.66
189.00	2813.32
190.00	2892.90
191.00	2822.69
192.00	2988.86
193.00	2988.86
194.00	3045.04
195.00	3014.61
196.00	3040.36
197.00	3005.25
198.00	3124.62
199.00	3016.95
200.00	3035.67
201.00	3047.38
202.00	3117.59
203.00	3056.74
204.00	3077.80
205.00	3204.19
206.00	3162.06
207.00	3227.60
208.00	3157.38
209.00	3246.32
210.00	3218.24
211.00	3232.28
212.00	3351.65
213.00	3213.56
214.00	3321.22
215.00	3290.79
216.00	3267.39
217.00	3316.54
218.00	3431.23
219.00	3396.12
220.00	3529.53
221.00	3466.33
222.00	3435.91
223.00	3417.18
224.00	3499.10
225.00	3552.93
226.00	3576.34
227.00	3482.72
228.00	3705.07
229.00	3595.06
230.00	3590.38
231.00	3700.39
232.00	3684.00
233.00	3630.17
234.00	3833.80
235.00	3669.96
236.00	3845.50
237.00	3803.37
238.00	3810.39
239.00	3918.06
240.00	3908.69
241.00	4009.34
242.00	3962.53
243.00	3847.84
244.00	3887.63
245.00	4107.64
246.00	3969.55
247.00	3887.63
248.00	4276.16
249.00	4210.62
250.00	4093.60
251.00	4126.36
252.00	4189.56
253.00	4266.80
254.00	4351.06
255.00	4287.86
256.00	4344.03
257.00	4383.82
258.00	4503.19
259.00	4465.74
260.00	4498.51
261.00	4514.89
262.00	4470.42
263.00	4528.94
264.00	4615.54
265.00	4638.94
266.00	4695.11
267.00	4554.68
268.00	4748.95
269.00	4767.67
270.00	4657.67
271.00	4842.57
272.00	4800.44
273.00	4950.23
274.00	4884.70
275.00	4849.59
276.00	4943.21
277.00	4924.49
278.00	4999.38
279.00	4821.50
280.00	5085.98
281.00	5048.54
282.00	5167.90
283.00	5015.77
284.00	5050.88
285.00	5174.92
286.00	5163.22
287.00	5163.22
288.00	5177.26
289.00	5146.84
290.00	5158.54
291.00	5090.67
292.00	5207.69
293.00	5427.70
294.00	5352.81
295.00	5203.01
296.00	5303.65
297.00	5266.21
298.00	5352.81
299.00	5437.06
300.00	5315.36
301.00	5240.46
302.00	5064.92
303.00	5146.84
304.00	5320.04
305.00	5380.89
306.00	5439.40
307.00	5348.12
308.00	5116.41
309.00	5411.32
310.00	5303.65
311.00	5392.59
312.00	5357.49
313.00	5469.83
314.00	5348.12
315.00	5399.62
316.00	5390.25
317.00	5423.02
318.00	5373.87
319.00	5610.26
320.00	5439.40
321.00	5481.53
322.00	5334.08
323.00	5612.60
324.00	5591.54
325.00	5628.99
326.00	5685.16
327.00	5753.04
328.00	5717.93
329.00	5643.03
330.00	5776.44
331.00	5760.06
332.00	5666.44
333.00	5640.69
334.00	5746.02
335.00	5811.55
336.00	5954.32
337.00	5830.27
338.00	5846.66
339.00	5748.36
340.00	5818.57
341.00	5982.41
342.00	6066.67
343.00	5912.19
344.00	6047.94
345.00	6120.50
346.00	6066.67
347.00	6253.91
348.00	6176.67
349.00	6296.04
350.00	6314.77
351.00	6324.13
352.00	6209.44
353.00	6256.25
354.00	6335.83
355.00	6200.08
356.00	6218.80
357.00	6408.39
358.00	6312.42
359.00	6279.66
360.00	6590.95
361.00	6413.07
362.00	6619.04
363.00	6586.27
364.00	6494.99
365.00	6464.56
366.00	6497.33
367.00	6504.35
368.00	6773.51
369.00	6642.44
370.00	6597.97
371.00	6630.74
372.00	6471.58
373.00	6644.78
374.00	6672.87
375.00	6803.94
376.00	6827.34
377.00	6813.30
378.00	6717.34
379.00	6913.94
380.00	7023.95
381.00	7007.56
382.00	6995.86
383.00	7117.57
384.00	7412.48
385.00	7307.15
386.00	7201.83
387.00	7253.32
388.00	7166.72
389.00	7478.01
390.00	7440.56
391.00	7538.87
392.00	7353.96
393.00	7499.08
394.00	7417.16
395.00	7396.09
396.00	7660.57
397.00	7896.97
398.00	7709.72
399.00	7784.62
400.00	7878.24
401.00	7784.62
402.00	7719.09
403.00	7899.31
404.00	8098.25
405.00	7983.57
406.00	8037.40
407.00	8065.49
408.00	7871.22
409.00	7513.12
410.00	7906.33
411.00	8044.42
412.00	8212.94
413.00	8084.21
414.00	8025.70
415.00	8006.97
416.00	8046.76
417.00	7892.29
418.00	8070.17
419.00	8086.55
420.00	8201.24
421.00	8124.00
422.00	8257.41
423.00	8360.39
424.00	7932.08
425.00	8238.69
426.00	8315.92
427.00	8217.62
428.00	7999.95
429.00	8128.68
430.00	8280.82
431.00	8262.09
432.00	8229.32
433.00	8341.67
434.00	8278.47
435.00	8505.51
436.00	8409.54
437.00	8292.52
438.00	8451.67
439.00	8692.75
440.00	8608.49
441.00	8578.06
442.00	8613.17
443.00	8489.12
444.00	8580.40
445.00	8758.28
446.00	8737.22
447.00	8765.31
448.00	8564.02
449.00	8772.33
450.00	8610.83
451.00	8774.67
452.00	8798.07
453.00	8823.82
454.00	8676.37
455.00	8821.48
456.00	8926.80
457.00	8933.82
458.00	8868.29
459.00	9004.04
460.00	8945.53
461.00	8982.98
462.00	8744.24
463.00	8959.57
464.00	8957.23
465.00	9036.81
466.00	9102.34
467.00	9057.87
468.00	9111.71
469.00	9153.84
470.00	9434.70
471.00	9282.56
472.00	9217.03
473.00	9284.91
474.00	9210.01
475.00	9362.14
476.00	9350.44
477.00	9635.99
478.00	9540.02
479.00	9645.35
480.00	9783.44
481.00	9778.76
482.00	9722.59
483.00	9675.77
484.00	9668.75
485.00	10045.58
486.00	9738.97
487.00	9820.89
488.00	9900.47
489.00	9996.43
490.00	9795.14
491.00	9771.74
492.00	10038.56
493.00	10050.26
494.00	9937.91
495.00	10064.30
496.00	10085.37
497.00	10120.48
498.00	9973.02
499.00	10190.69
500.00	10132.18
501.00	10462.19
502.00	10230.48
503.00	10118.14
504.00	10033.88
505.00	10434.11
506.00	10408.36
507.00	10516.03
508.00	10640.08
509.00	10480.92
510.00	10537.09
511.00	10534.75
512.00	10747.74
513.00	10551.14
514.00	10593.26
515.00	10670.50
516.00	10874.13
517.00	10595.61
518.00	10595.61
519.00	10637.73
520.00	10394.32
521.00	10684.55
522.00	10691.57
523.00	10757.10
524.00	10881.15
525.00	11040.31
526.00	10911.58
527.00	10939.66
528.00	10815.62
529.00	10841.36
530.00	10942.00
531.00	11190.10
532.00	10871.79
533.00	10897.53
534.00	10960.73
535.00	10864.77
536.00	11002.86
537.00	10956.05
538.00	11119.89
539.00	11360.96
540.00	10925.62
541.00	11300.11
542.00	11279.04
543.00	11328.19
544.00	11190.10
545.00	11487.35
546.00	11646.51
547.00	11126.91
548.00	11293.08
549.00	11480.33
550.00	11625.44
551.00	11690.98
552.00	11496.71
553.00	11793.96
554.00	11658.21
555.00	11690.98
556.00	12042.06
557.00	11585.65
558.00	12049.08
559.00	12100.57
560.00	12184.83
561.00	12336.96
562.00	12163.76
563.00	12217.60
564.00	12212.92
565.00	12257.39
566.00	12648.26
567.00	12709.11
568.00	12348.67
569.00	12351.01
570.00	12287.81
571.00	12304.20
572.00	12791.03
573.00	12847.20
574.00	12643.57
575.00	12858.90
576.00	13095.30
577.00	13195.94
578.00	13128.06
579.00	13074.23
580.00	13041.46
581.00	13359.78
582.00	13006.36
583.00	13247.43
584.00	13514.25
585.00	13659.37
586.00	13930.87
587.00	13809.16
588.00	13877.04
589.00	13792.78
590.00	14022.15
591.00	14232.80
592.00	13944.91
593.00	14420.04
594.00	14698.56
595.00	14572.18
596.00	14717.29
597.00	14878.79
598.00	14871.76
599.00	15037.94
600.00	15138.58
601.00	15267.31
602.00	15335.19
603.00	15241.57
604.00	15520.09
605.00	15524.77
606.00	15740.10
607.00	15564.56
608.00	15957.77
609.00	16084.16
610.00	15903.94
611.00	15929.69
612.00	16091.18
613.00	16507.80
614.00	16329.92
615.00	16891.65
616.00	16943.14
617.00	17057.82
618.00	16755.90
619.00	17083.57
620.00	17074.21
621.00	17401.88
622.00	17319.96
623.00	17767.01
624.00	17685.09
625.00	17954.25
626.00	18178.94
627.00	18146.17
628.00	18054.89
629.00	18265.54
630.00	18726.63
631.00	18775.78
632.00	18583.85
633.00	19129.20
634.00	19171.33
635.00	19295.38
636.00	19185.37
637.00	19480.28
638.00	19941.36
639.00	19751.78
640.00	19660.50
641.00	19784.55
642.00	19997.54
643.00	20159.03
644.00	20130.95
645.00	20594.37
646.00	20404.79
647.00	20889.28
648.00	20673.95
649.00	21095.25
650.00	21439.31
651.00	21635.91
652.00	21373.77
653.00	21928.48
654.00	21612.51
655.00	21905.07
656.00	22115.72
657.00	22356.80
658.00	22742.99
659.00	22501.91
660.00	22679.79
661.00	22871.72
662.00	22799.16
663.00	23058.96
664.00	23571.54
665.00	23529.41
666.00	23606.64
667.00	23950.70
668.00	23873.46
669.00	23857.08
670.00	24196.46
671.00	24170.71
672.00	24402.43
673.00	24397.74
674.00	24474.98
675.00	24849.47
676.00	24652.86
677.00	25135.01
678.00	25270.76
679.00	25535.24
680.00	25483.75
681.00	25675.68
682.00	25891.01
683.00	25755.26
684.00	26195.28
685.00	26302.94
686.00	25933.14
687.00	26391.88
688.00	26600.19
689.00	26504.23
690.00	26806.16
691.00	26981.70
692.00	27154.90
693.00	27185.32
694.00	27557.47
695.00	27580.87
696.00	27637.05
697.00	27360.86
698.00	27859.40
699.00	27791.52
700.00	28013.87
701.00	28463.25
702.00	28416.44
703.00	28531.13
704.00	28807.31
705.00	29113.92
706.00	28446.87
707.00	29163.08
708.00	29158.39
709.00	29132.65
710.00	29511.81
711.00	29362.02
712.00	29326.91
713.00	29530.54
714.00	29827.79
715.00	29776.30
716.00	30115.67
717.00	30338.02
718.00	30071.20
719.00	30150.78
720.00	30026.73
721.00	30328.66
722.00	30387.18
723.00	30824.86
724.00	31372.54
725.00	31192.32
726.00	30848.26
727.00	30759.32
728.00	31122.10
729.00	31285.94
730.00	31285.94
731.00	31630.00
732.00	31557.44
733.00	32013.85
734.00	31803.20
735.00	31431.05
736.00	31981.08
737.00	31374.88
738.00	32187.05
739.00	32458.55
740.00	32261.94
741.00	32393.01
742.00	32306.41
743.00	32072.36
744.00	32322.80
745.00	32430.46
746.00	32945.38
747.00	33109.22
748.00	33256.67
749.00	32982.83
750.00	33036.66
751.00	32975.81
752.00	33558.60
753.00	33963.51
754.00	33720.10
755.00	33343.27
756.00	33795.00
757.00	33785.63
758.00	33556.26
759.00	33684.99
760.00	33862.87
761.00	33619.46
762.00	34623.54
763.00	34384.81
764.00	34366.09
765.00	33860.53
766.00	34752.27
767.00	34426.94
768.00	34668.02
769.00	34934.84
770.00	35077.61
771.00	35484.86
772.00	35227.40
773.00	35026.12
774.00	35283.58
775.00	35283.58
776.00	35594.87
777.00	35580.82
778.00	35922.54
779.00	35906.16
780.00	36201.07
781.00	35714.23
782.00	35725.94
783.00	35697.85
784.00	36364.90
785.00	36428.10
786.00	36287.67
787.00	36720.66
788.00	36914.93
789.00	36638.75
790.00	36666.83
791.00	36479.59
792.00	37153.66
793.00	37202.82
794.00	37090.47
795.00	36928.97
796.00	37486.02
797.00	37111.53
798.00	37134.94
799.00	37500.06
800.00	37790.29
801.00	37493.04
802.00	37757.52
803.00	38134.35
804.00	37493.04
805.00	37757.52
806.00	37897.95
807.00	38464.36
808.00	38113.28
809.00	38220.95
810.00	38686.71
811.00	38574.37
812.00	38843.53
813.00	38469.04
814.00	38440.96
815.00	38429.26
816.00	38815.44
817.00	38780.34
818.00	38623.52
819.00	38670.33
820.00	38754.59
821.00	38616.50
822.00	39051.84
823.00	39049.50
824.00	39210.99
825.00	38794.38
826.00	39789.11
827.00	39648.68
828.00	39786.77
829.00	39438.03
830.00	39634.63
831.00	39379.51
832.00	39533.99
833.00	39971.67
834.00	39548.03
835.00	40151.89
836.00	39770.38
837.00	40074.65
838.00	40044.23
839.00	40032.52
840.00	39959.97
841.00	40685.53
842.00	40254.87
843.00	40566.16
844.00	41022.57
845.00	40474.88
846.00	40582.55
847.00	40383.60
848.00	41214.49
849.00	40683.19
850.00	40985.12
851.00	41003.85
852.00	41265.99
853.00	40540.42
854.00	41345.56
855.00	41399.40
856.00	41469.61
857.00	41383.01
858.00	41425.14
859.00	41834.74
860.00	41794.95
861.00	42059.43
862.00	41539.83
863.00	41881.55
864.00	41429.82
865.00	41500.04
866.00	41837.08
867.00	42115.60
868.00	42082.83
869.00	42504.13
870.00	42057.09
871.00	42307.52
872.00	42270.08
873.00	42164.75
874.00	42337.95
875.00	42686.69
876.00	42719.46
877.00	42986.28
878.00	42518.17
879.00	42756.91
880.00	42923.08
881.00	42590.73
882.00	42773.29
883.00	43342.04
884.00	42997.98
885.00	43026.07
886.00	43012.02
887.00	43110.33
888.00	42927.77
889.00	42550.94
890.00	42925.42
891.00	43309.27
892.00	43208.63
893.00	43335.02
894.00	43117.35
895.00	43210.97
896.00	43639.29
897.00	43178.20
898.00	43873.34
899.00	43428.64
900.00	43751.63
901.00	43683.76
902.00	44247.83
903.00	44140.16
904.00	43971.64
905.00	44516.99
906.00	43899.09
907.00	44044.20
908.00	44292.30
909.00	43693.12
910.00	44615.29
911.00	44596.57
912.00	44598.91
913.00	43948.24
914.00	44186.97
915.00	43889.73
916.00	44512.31
917.00	44685.51
918.00	45188.72
919.00	44875.09
920.00	44839.98
921.00	44715.93
922.00	44776.79
923.00	44898.50
924.00	44793.17
925.00	44940.63
926.00	44886.79
927.00	45614.70
928.00	45689.60
929.00	45041.27
930.00	45558.53
931.00	45275.32
932.00	45162.98
933.00	45024.89
934.00	45130.21
935.00	45202.77
936.00	45565.55
937.00	45963.44
938.00	45563.21
939.00	45649.81
940.00	45354.90
941.00	46012.59
942.00	45815.99
943.00	45542.14
944.00	46021.95
945.00	45815.99
946.00	45972.80
947.00	46246.65
948.00	45937.69
949.00	46101.53
950.00	45918.97
951.00	45741.09
952.00	45638.11
953.00	46138.98
954.00	45876.84
955.00	46176.43
956.00	46548.57
957.00	46307.50
958.00	46206.86
959.00	46265.37
960.00	45844.07
961.00	45474.27
962.00	45865.14
963.00	46436.23
964.00	46712.41
965.00	46843.48
966.00	46703.05
967.00	47147.75
968.00	47117.32
969.00	46857.52
970.00	46747.52
971.00	47510.53
972.00	47304.57
973.00	47318.61
974.00	47388.83
975.00	47381.80
976.00	47983.32
977.00	47194.56
978.00	46986.25
979.00	46873.91
980.00	47147.75
981.00	47702.46
982.00	47791.40
983.00	47707.14
984.00	47817.14
985.00	47894.38
986.00	47285.84
987.00	47353.72
988.00	47498.83
989.00	47679.05
990.00	47136.05
991.00	47550.32
992.00	47559.69
993.00	47845.23
994.00	47721.18
995.00	47784.38
996.00	47482.45
997.00	48011.41
998.00	48367.17
999.00	47744.59
1000.00	48320.36
1001.00	48294.61
1002.00	48299.30
1003.00	47826.51
1004.00	47725.86
1005.00	48322.70
1006.00	47992.68
1007.00	48069.92
1008.00	48102.69
1009.00	48149.50
1010.00	48311.00
1011.00	48250.14
1012.00	48334.40
1013.00	48343.77
1014.00	48472.49
1015.00	48362.49
1016.00	48105.03
1017.00	48027.79
1018.00	48664.42
1019.00	48823.58
1020.00	48767.40
1021.00	48612.93
1022.00	48531.01
1023.00	48451.43
1024.00	48978.05
1025.00	48846.98
1026.00	48549.73
1027.00	49066.99
1028.00	48718.25
1029.00	48910.17
1030.00	49092.74
1031.00	49123.16
1032.00	49387.64
1033.00	49071.67
1034.00	48886.77
1035.00	49036.56
1036.00	48814.21
1037.00	48868.05
1038.00	48978.05
1039.00	49034.22
1040.00	49270.62
1041.00	49240.19
1042.00	49205.08
1043.00	49123.16
1044.00	48989.75
1045.00	49258.91
1046.00	49371.26
1047.00	49165.29
1048.00	48879.75
1049.00	49212.10
1050.00	49050.61
1051.00	49773.83
1052.00	49921.29
1053.00	49570.21
1054.00	49329.13
1055.00	49499.99
1056.00	49284.66
1057.00	49083.37
1058.00	48945.28
1059.00	49254.23
1060.00	49216.78
1061.00	49499.99
1062.00	49722.34
1063.00	49710.64
1064.00	49418.07
1065.00	49420.41
1066.00	49567.87
1067.00	49827.66
1068.00	49586.59
1069.00	49698.94
1070.00	49958.73
1071.00	49244.87
1072.00	49804.26
1073.00	49879.16
1074.00	49418.07
1075.00	49930.65
1076.00	49858.09
1077.00	49628.72
1078.00	49874.48
1079.00	49357.22
1080.00	49963.42
1081.00	49900.22
1082.00	49769.15
1083.00	49736.38
1084.00	49738.72
1085.00	49441.48
1086.00	49734.04
1087.00	49483.61
1088.00	50518.12
1089.00	49993.84
1090.00	50192.79
1091.00	49757.45
1092.00	49918.95
1093.00	50164.70
1094.00	49593.61
1095.00	49895.54
1096.00	49705.96
1097.00	49677.87
1098.00	50274.71
1099.00	50052.36
1100.00	50204.49
1101.00	49951.71
1102.00	50052.36
1103.00	50220.87
1104.00	50241.94
1105.00	49991.50
1106.00	49886.18
1107.00	49787.88
1108.00	50120.23
1109.00	50321.52
1110.00	50071.08
1111.00	50621.11
1112.00	50014.91
1113.00	50550.89
1114.00	50176.40
1115.00	50131.93
1116.00	50410.46
1117.00	49598.29
1118.00	50253.64
1119.00	49944.69
1120.00	50754.52
1121.00	50054.70
1122.00	50347.26
1123.00	50337.90
1124.00	50197.47
1125.00	50246.62
1126.00	50267.69
1127.00	49853.41
1128.00	50000.86
1129.00	50021.93
1130.00	50078.10
1131.00	50602.38
1132.00	50190.45
1133.00	50670.26
1134.00	50450.25
1135.00	49984.48
1136.00	50398.76
1137.00	50164.70
1138.00	49787.88
1139.00	50122.57
1140.00	50412.80
1141.00	50120.23
1142.00	50363.65
1143.00	50604.72
1144.00	50429.18
1145.00	50511.10
1146.00	50312.16
1147.00	50316.84
1148.00	50192.79
1149.00	50038.31
1150.00	50174.06
1151.00	50459.61
1152.00	50684.30
1153.00	50578.98
1154.00	50394.07
1155.00	50452.59
1156.00	50340.24
1157.00	50057.04
1158.00	50019.59
1159.00	50337.90
1160.00	50494.72
1161.00	50429.18
1162.00	50630.47
1163.00	50108.53
1164.00	49998.52
1165.00	50333.22
1166.00	50560.25
1167.00	50288.75
1168.00	50270.03
1169.00	50054.70
1170.00	49937.67
1171.00	49851.07
1172.00	50370.67
1173.00	49989.16
1174.00	50429.18
1175.00	50450.25
1176.00	50167.04
1177.00	50457.27
1178.00	50335.56
1179.00	49860.43
1180.00	50045.33
1181.00	49722.34
1182.00	49806.60
1183.00	50157.68
1184.00	50356.63
1185.00	50548.55
1186.00	50681.96
1187.00	50150.66
1188.00	50609.40
1189.00	50291.09
1190.00	50155.34
1191.00	49904.90
1192.00	50515.78
1193.00	50206.83
1194.00	50150.66
1195.00	50188.11
1196.00	50628.13
1197.00	50309.82
1198.00	50209.17
1199.00	50557.91
1200.00	50314.50
1201.00	50363.65
1202.00	49975.12
1203.00	50017.25
1204.00	50358.97
1205.00	49879.16
1206.00	50555.57
1207.00	50305.13
1208.00	50358.97
1209.00	50452.59
1210.00	49832.35
1211.00	50024.27
1212.00	49560.84
1213.00	50255.98
1214.00	49858.09
1215.00	50438.54
1216.00	50370.67
1217.00	50202.15
1218.00	50319.18
1219.00	50429.18
1220.00	50323.86
1221.00	50094.49
1222.00	50106.19
1223.00	50040.65
1224.00	50218.53
1225.00	49907.24
1226.00	49909.58
1227.00	50136.62
1228.00	50286.41
1229.00	50127.25
1230.00	50265.34
1231.00	50038.31
1232.00	50066.40
1233.00	50178.75
1234.00	49830.01
1235.00	50033.63
1236.00	49851.07
1237.00	50087.46
1238.00	50358.97
1239.00	50478.33
1240.00	50672.60
1241.00	50452.59
1242.00	50344.92
1243.00	50586.00
1244.00	49954.05
1245.00	49921.29
1246.00	50246.62
1247.00	50213.85
1248.00	49989.16
1249.00	50389.39
1250.00	50534.51
1251.00	50518.12
1252.00	50527.48
1253.00	50571.96
1254.00	50550.89
1255.00	50438.54
1256.00	50169.38
1257.00	50473.65
1258.00	50288.75
1259.00	49799.58
1260.00	49832.35
1261.00	50333.22
1262.00	50321.52
1263.00	50768.56
1264.00	51075.17
1265.00	50684.30
1266.00	50806.01
1267.00	50632.81
1268.00	50085.12
1269.00	50473.65
1270.00	49947.03
1271.00	49844.05
1272.00	50375.35
1273.00	50248.96
1274.00	50316.84
1275.00	50653.87
1276.00	50618.77
1277.00	50471.31
1278.00	49909.58
1279.00	50576.64
1280.00	50227.90
1281.00	49972.78
1282.00	50433.86
1283.00	50040.65
1284.00	50377.69
1285.00	50085.12
1286.00	50663.24
1287.00	50777.92
1288.00	50630.47
1289.00	50424.50
1290.00	50501.74
1291.00	50237.26
1292.00	50735.79
1293.00	50007.89
1294.00	50040.65
1295.00	50178.75
1296.00	50307.47
1297.00	50490.04
1298.00	50426.84
1299.00	50497.06
1300.00	50597.70
1301.00	50766.22
1302.00	50419.82
1303.00	50035.97
1304.00	50461.95
1305.00	50213.85
1306.00	50192.79
1307.00	50073.42
1308.00	50000.86
1309.00	50426.84
1310.00	50178.75
1311.00	50754.52
1312.00	50431.52
1313.00	50789.62
1314.00	50555.57
1315.00	50302.79
1316.00	50267.69
1317.00	50174.06
1318.00	50483.01
1319.00	50131.93
1320.00	50255.98
1321.00	50358.97
1322.00	50426.84
1323.00	50663.24
1324.00	50560.25
1325.00	50506.42
1326.00	50447.91
1327.00	50564.93
1328.00	50703.03
1329.00	50131.93
1330.00	50286.41
1331.00	49904.90
1332.00	50354.29
1333.00	50340.24
1334.00	50625.79
1335.00	50674.94
1336.00	50337.90
1337.00	50288.75
1338.00	50267.69
1339.00	50316.84
1340.00	50326.20
1341.00	50174.06
1342.00	50092.15
1343.00	49979.80
1344.00	50284.07
1345.00	50040.65
1346.00	49710.64
1347.00	50717.07
1348.00	50693.66
1349.00	50246.62
1350.00	49935.33
1351.00	50131.93
1352.00	50220.87
1353.00	49689.57
1354.00	49804.26
1355.00	49731.70
1356.00	49923.63
1357.00	49652.12
1358.00	50431.52
1359.00	50021.93
1360.00	50326.20
1361.00	50204.49
1362.00	50176.40
1363.00	50160.02
1364.00	49876.82
1365.00	49867.45
1366.00	49984.48
1367.00	49806.60
1368.00	49797.24
1369.00	50092.15
1370.00	49436.80
1371.00	49619.36
1372.00	49886.18
1373.00	49764.47
1374.00	50213.85
1375.00	49813.62
1376.00	49935.33
1377.00	49591.27
1378.00	49191.04
1379.00	49656.81
1380.00	49712.98
1381.00	49368.92
1382.00	49439.14
1383.00	49698.94
1384.00	49694.25
1385.00	49364.24
1386.00	49219.13
1387.00	49474.24
1388.00	49537.44
1389.00	49460.20
1390.00	48933.58
1391.00	49565.52
1392.00	48882.09
1393.00	49357.22
1394.00	49301.04
1395.00	48739.32
1396.00	49322.11
1397.00	49462.54
1398.00	49270.62
1399.00	49230.83
1400.00	49673.19
1401.00	49488.29
1402.00	49066.99
1403.00	49249.55
1404.00	49177.00
1405.00	48783.79
1406.00	49050.61
1407.00	49104.44
1408.00	49509.35
1409.00	49240.19
1410.00	48858.68
1411.00	49132.53
1412.00	49378.28
1413.00	49106.78
1414.00	49083.37
1415.00	48919.54
1416.00	48765.06
1417.00	48828.26
1418.00	48432.71
1419.00	48739.32
1420.00	48154.18
1421.00	48882.09
1422.00	48952.30
1423.00	48844.64
1424.00	48577.82
1425.00	48935.92
1426.00	48912.52
1427.00	48388.24
1428.00	48711.23
1429.00	48252.48
1430.00	48765.06
1431.00	47817.14
1432.00	48203.33
1433.00	48399.94
1434.00	48257.17
1435.00	48589.52
1436.00	48568.46
1437.00	48491.22
1438.00	48814.21
1439.00	48502.92
1440.00	48062.90
1441.00	48364.83
1442.00	48212.70
1443.00	47885.02
1444.00	48095.67
1445.00	47529.26
1446.00	47934.17
1447.00	47978.64
1448.00	47873.32
1449.00	47662.67
1450.00	47966.94
1451.00	47573.73
1452.00	47934.17
1453.00	48086.31
1454.00	47845.23
1455.00	48116.73
1456.00	47473.09
1457.00	47325.63
1458.00	47826.51
1459.00	47559.69
1460.00	47650.97
1461.00	47910.77
1462.00	47751.61
1463.00	47267.12
1464.00	47288.18
1465.00	47983.32
1466.00	47639.26
1467.00	47934.17
1468.00	47035.41
1469.00	47138.39
1470.00	47241.37
1471.00	47482.45
1472.00	47332.65
1473.00	47194.56
1474.00	47051.79
1475.00	47470.75
1476.00	47215.63
1477.00	47559.69
1478.00	47538.62
1479.00	47325.63
1480.00	47281.16
1481.00	46637.51
1482.00	47276.48
1483.00	46841.14
1484.00	46838.80
1485.00	46642.20
1486.00	47206.26
1487.00	46703.05
1488.00	46738.16
1489.00	46803.69
1490.00	47140.73
1491.00	46515.81
1492.00	46906.68
1493.00	46742.84
1494.00	46880.93
1495.00	46562.62
1496.00	46499.42
1497.00	45984.51
1498.00	46440.91
1499.00	46358.99
1500.00	46483.04
1501.00	46211.54
1502.00	46169.41
1503.00	46564.96
1504.00	46281.75
1505.00	46497.08
1506.00	46424.53
1507.00	46274.73
1508.00	45930.67
1509.00	46604.75
1510.00	45808.96
1511.00	46113.23
1512.00	45902.59
1513.00	45940.04
1514.00	45698.96
1515.00	46314.52
1516.00	45471.93
1517.00	45710.66
1518.00	45940.04
1519.00	46171.75
1520.00	45673.21
1521.00	46120.26
1522.00	45862.80
1523.00	45649.81
1524.00	45696.62
1525.00	45406.39
1526.00	45385.33
1527.00	45202.77
1528.00	45549.17
1529.00	45312.77
1530.00	45055.31
1531.00	45797.26
1532.00	45315.11
1533.00	45551.51
1534.00	45153.62
1535.00	45509.38
1536.00	45336.18
1537.00	45551.51
1538.00	45329.16
1539.00	45116.17
1540.00	44786.15
1541.00	45352.56
1542.00	45219.15
1543.00	44772.11
1544.00	45130.21
1545.00	45193.40
1546.00	45235.53
1547.00	45298.73
1548.00	45015.52
1549.00	45069.36
1550.00	44713.59
1551.00	45062.33
1552.00	44659.76
1553.00	44371.88
1554.00	44561.46
1555.00	44474.86
1556.00	44474.86
1557.00	44872.75
1558.00	44601.25
1559.00	44949.99
1560.00	44797.85
1561.00	44519.33
1562.00	44561.46
1563.00	44673.81
1564.00	45251.92
1565.00	44500.61
1566.00	44399.96
1567.00	44158.89
1568.00	44353.15
1569.00	43845.26
1570.00	43948.24
1571.00	43775.04
1572.00	43786.74
1573.00	44273.57
1574.00	44074.63
1575.00	43845.26
1576.00	44219.74
1577.00	43875.68
1578.00	43669.72
1579.00	44088.67
1580.00	43906.11
1581.00	43583.12
1582.00	44172.93
1583.00	43604.18
1584.00	43349.06
1585.00	43725.89
1586.00	43365.45
1587.00	43711.84
1588.00	43267.14
1589.00	44032.50
1590.00	43716.53
1591.00	43636.95
1592.00	43927.17
1593.00	43669.72
1594.00	43227.35
1595.00	43508.22
1596.00	43297.57
1597.00	43711.84
1598.00	43419.28
1599.00	43063.52
1600.00	43164.16
1601.00	43058.84
1602.00	43126.71
1603.00	43119.69
1604.00	42672.65
1605.00	43107.99
1606.00	42878.61
1607.00	42986.28
1608.00	43351.40
1609.00	42733.50
1610.00	42735.84
1611.00	42864.57
1612.00	42639.88
1613.00	43058.84
1614.00	42801.38
1615.00	42485.40
1616.00	42529.87
1617.00	42590.73
1618.00	42663.28
1619.00	42260.71
1620.00	42836.48
1621.00	42974.58
1622.00	43119.69
1623.00	42387.10
1624.00	42703.07
1625.00	42417.53
1626.00	42693.71
1627.00	42754.57
1628.00	41584.30
1629.00	42450.30
1630.00	42099.22
1631.00	42323.91
1632.00	42335.61
1633.00	42246.67
1634.00	42328.59
1635.00	42270.08
1636.00	42447.96
1637.00	42684.35
1638.00	42443.27
1639.00	42244.33
1640.00	41841.76
1641.00	42038.36
1642.00	41750.48
1643.00	41897.93
1644.00	42026.66
1645.00	41294.07
1646.00	41900.27
1647.00	41862.82
1648.00	41825.37
1649.00	42291.14
1650.00	41296.41
1651.00	42066.45
1652.00	41853.46
1653.00	41603.02
1654.00	42181.13
1655.00	41689.62
1656.00	41862.82
1657.00	41326.84
1658.00	41326.84
1659.00	41422.80
1660.00	41455.57
1661.00	41546.85
1662.00	41319.82
1663.00	41015.55
1664.00	41291.73
1665.00	41474.29
1666.00	41230.88
1667.00	41120.87
1668.00	41406.42
1669.00	41680.26
1670.00	41003.85
1671.00	40884.48
1672.00	41155.98
1673.00	40718.30
1674.00	40985.12
1675.00	40884.48
1676.00	41034.27
1677.00	40748.73
1678.00	40992.14
1679.00	40950.01
1680.00	40814.26
1681.00	40811.92
1682.00	40514.67
1683.00	40769.79
1684.00	40531.06
1685.00	40545.10
1686.00	40774.47
1687.00	40140.19
1688.00	40722.98
1689.00	40580.21
1690.00	40390.62
1691.00	39964.65
1692.00	40308.71
1693.00	40329.77
1694.00	40175.30
1695.00	40067.63
1696.00	40278.28
1697.00	40404.67
1698.00	40851.71
1699.00	40463.18
1700.00	39941.24
1701.00	40184.66
1702.00	39934.22
1703.00	39997.41
1704.00	39550.37
1705.00	40034.86
1706.00	39796.13
1707.00	39725.91
1708.00	39225.04
1709.00	39538.67
1710.00	39658.04
1711.00	39948.26
1712.00	39758.68
1713.00	39793.79
1714.00	39871.03
1715.00	39978.69
1716.00	39803.15
1717.00	39311.64
1718.00	39299.94
1719.00	39374.83
1720.00	39206.31
1721.00	39201.63
1722.00	38878.64
1723.00	38429.26
1724.00	39140.78
1725.00	38827.15
1726.00	39044.82
1727.00	38763.95
1728.00	38899.70
1729.00	39150.14
1730.00	38829.49
1731.00	38939.49
1732.00	38614.16
1733.00	38822.47
1734.00	38955.88
1735.00	38782.68
1736.00	38321.59
1737.00	38293.50
1738.00	37937.74
1739.00	38066.47
1740.00	38452.66
1741.00	37951.79
1742.00	38291.16
1743.00	38387.13
1744.00	38181.16
1745.00	38167.12
1746.00	38031.36
1747.00	38047.75
1748.00	37848.80
1749.00	37699.01
1750.00	37963.49
1751.00	37834.76
1752.00	37661.56
1753.00	37254.31
1754.00	37359.63
1755.00	37542.19
1756.00	37130.26
1757.00	37179.41
1758.00	37565.60
1759.00	37387.72
1760.00	37596.03
1761.00	37450.91
1762.00	37170.05
1763.00	37462.61
1764.00	37486.02
1765.00	36760.45
1766.00	36898.55
1767.00	36849.39
1768.00	36627.04
1769.00	36959.40
1770.00	36261.92
1771.00	36357.88
1772.00	36240.86
1773.00	36870.46
1774.00	36669.17
1775.00	36472.57
1776.00	36378.95
1777.00	36105.10
1778.00	35938.93
1779.00	36477.25
1780.00	36086.38
1781.00	36074.68
1782.00	36088.72
1783.00	36053.61
1784.00	35501.25
1785.00	35274.21
1786.00	35138.46
1787.00	35480.18
1788.00	35325.71
1789.00	35496.56
1790.00	35622.95
1791.00	35339.75
1792.00	35218.04
1793.00	35321.02
1794.00	35732.96
1795.00	35351.45
1796.00	35763.39
1797.00	35290.60
1798.00	35526.99
1799.00	35143.14
1800.00	35098.67
1801.00	34600.14
1802.00	34316.93
1803.00	34469.07
1804.00	34448.00
1805.00	34249.06
1806.00	34553.33
1807.00	34305.23
1808.00	34319.28
1809.00	34426.94
1810.00	34609.50
1811.00	33951.81
1812.00	33921.38
1813.00	34349.70
1814.00	34342.68
1815.00	33834.78
1816.00	34115.65
1817.00	33757.55
1818.00	33701.37
1819.00	34129.69
1820.00	33652.22
1821.00	33053.05
1822.00	33364.34
1823.00	33010.92
1824.00	32570.90
1825.00	33345.61
1826.00	32793.25
1827.00	33083.47
1828.00	32842.40
1829.00	33240.29
1830.00	33039.00
1831.00	32020.87
1832.00	33069.43
1833.00	32559.19
1834.00	32804.95
1835.00	32238.54
1836.00	32524.08
1837.00	31758.73
1838.00	31819.58
1839.00	31978.74
1840.00	31871.07
1841.00	32184.71
1842.00	31468.50
1843.00	31850.01
1844.00	31353.82
1845.00	31105.72
1846.00	31557.44
1847.00	31112.74
1848.00	31721.28
1849.00	31028.48
1850.00	31087.00
1851.00	30661.02
1852.00	30934.86
1853.00	30506.54
1854.00	30167.16
1855.00	30511.22
1856.00	30113.33
1857.00	30679.74
1858.00	30122.69
1859.00	30155.46
1860.00	29790.34
1861.00	29930.77
1862.00	29916.73
1863.00	30366.11
1864.00	29851.19
1865.00	29963.54
1866.00	29565.65
1867.00	29495.43
1868.00	29942.47
1869.00	29750.55
1870.00	29488.41
1871.00	29156.05
1872.00	29186.48
1873.00	28875.19
1874.00	29179.46
1875.00	28900.94
1876.00	29127.97
1877.00	28830.72
1878.00	28683.27
1879.00	28456.23
1880.00	28655.18
1881.00	28444.53
1882.00	28608.37
1883.00	28561.56
1884.00	28142.60
1885.00	28669.22
1886.00	28189.41
1887.00	28278.35
1888.00	27908.55
1889.00	28023.23
1890.00	27510.66
1891.00	27412.35
1892.00	27145.53
1893.00	27248.52
1894.00	27012.12
1895.00	27122.13
1896.00	26920.84
1897.00	27213.41
1898.00	26955.95
1899.00	27288.31
1900.00	26981.70
1901.00	27019.14
1902.00	26735.94
1903.00	26838.92
1904.00	26782.75
1905.00	26466.78
1906.00	26237.41
1907.00	25961.22
1908.00	25832.49
1909.00	25865.26
1910.00	25429.92
1911.00	25907.39
1912.00	25832.49
1913.00	25355.02
1914.00	25303.53
1915.00	25776.32
1916.00	25439.28
1917.00	25345.66
1918.00	25083.52
1919.00	25298.85
1920.00	25685.04
1921.00	25453.33
1922.00	25106.93
1923.00	25039.05
1924.00	24767.55
1925.00	24608.39
1926.00	24308.80
1927.00	24624.78
1928.00	24039.64
1929.00	23964.75
1930.00	24205.82
1931.00	24287.74
1932.00	24180.07
1933.00	24100.50
1934.00	24191.78
1935.00	24135.60
1936.00	24273.70
1937.00	23702.61
1938.00	23702.61
1939.00	23920.28
1940.00	23906.23
1941.00	23690.90
1942.00	23559.83
1943.00	22993.42
1944.00	23201.73
1945.00	23126.83
1946.00	22932.57
1947.00	22766.39
1948.00	22532.34
1949.00	22497.23
1950.00	22654.05
1951.00	22724.26
1952.00	22394.25
1953.00	22473.82
1954.00	22405.95
1955.00	22518.29
1956.00	22356.80
1957.00	22272.54
1958.00	21977.63
1959.00	22136.79
1960.00	21926.14
1961.00	21855.92
1962.00	21860.60
1963.00	21678.04
1964.00	21345.69
1965.00	21149.08
1966.00	21298.88
1967.00	21158.44
1968.00	21132.70
1969.00	21046.10
1970.00	21130.36
1971.00	21109.29
1972.00	21029.71
1973.00	21120.99
1974.00	20713.74
1975.00	20692.68
1976.00	20549.90
1977.00	20519.48
1978.00	20788.64
1979.00	20425.86
1980.00	20201.16
1981.00	19915.62
1982.00	19864.13
1983.00	20079.46
1984.00	20119.24
1985.00	19878.17
1986.00	19693.27
1987.00	19850.08
1988.00	19695.61
1989.00	19531.77
1990.00	19438.15
1991.00	19255.59
1992.00	19007.49
1993.00	19051.96
1994.00	19381.98
1995.00	19246.23
1996.00	19213.46
1997.00	18857.70
1998.00	19199.41
1999.00	18768.76
2000.00	18405.97
2001.00	18651.73
2002.00	18682.16
2003.00	18696.20
2004.00	18534.70
2005.00	18026.81
2006.00	18279.58
2007.00	18162.56
2008.00	18029.15
2009.00	18082.98
2010.00	17802.11
2011.00	17736.58
2012.00	17717.86
2013.00	17881.69
2014.00	17713.17
2015.00	17539.97
2016.00	17657.00
2017.00	17385.50
2018.00	17427.63
2019.00	17329.33
2020.00	17411.25
2021.00	17142.08
2022.00	17139.74
2023.00	16608.44
2024.00	16828.45
2025.00	17013.35
2026.00	16489.07
2027.00	16517.16
2028.00	16624.83
2029.00	16645.89
2030.00	16496.10
2031.00	16629.51
2032.00	16477.37
2033.00	16418.86
2034.00	16390.77
2035.00	16182.46
2036.00	16109.91
2037.00	15988.20
2038.00	15971.82
2039.00	16088.84
2040.00	15779.89
2041.00	15714.36
2042.00	15922.66
2043.00	15719.04
2044.00	15571.58
2045.00	15405.41
2046.00	15492.01
2047.00	15370.30
