0.00	1027.50
1.00	1027.50
2.00	1027.50
3.00	915.15
4.00	983.02
5.00	905.79
6.00	1029.84
7.00	926.85
8.00	945.58
9.00	905.79
10.00	891.74
11.00	856.64
12.00	987.71
13.00	908.13
14.00	940.90
15.00	992.39
16.00	882.38
17.00	882.38
18.00	947.92
19.00	990.05
20.00	931.53
21.00	971.32
22.00	978.34
23.00	1011.11
24.00	1104.73
25.00	1306.02
26.00	1364.53
27.00	1455.81
28.00	1453.47
29.00	1458.15
30.00	1521.35
31.00	1479.22
32.00	1497.94
33.00	1460.49
34.00	1462.83
35.00	1481.56
36.00	1612.63
37.00	1509.65
38.00	1579.86
39.00	1500.28
40.00	1549.43
41.00	1661.78
42.00	1591.56
43.00	1610.29
44.00	1598.59
45.00	1643.06
46.00	1629.01
47.00	1614.97
48.00	1626.67
49.00	1701.57
50.00	1582.20
51.00	1661.78
52.00	1619.65
53.00	1732.00
54.00	1699.23
55.00	1694.55
56.00	1619.65
57.00	1685.19
58.00	1687.53
59.00	1682.85
60.00	1703.91
61.00	1682.85
62.00	1673.48
63.00	1696.89
64.00	1734.34
65.00	1753.06
66.00	1692.21
67.00	1732.00
68.00	1813.92
69.00	1783.49
70.00	1720.29
71.00	1849.02
72.00	1715.61
73.00	1717.95
74.00	1722.63
75.00	1776.47
76.00	1813.92
77.00	1769.44
78.00	1778.81
79.00	1771.79
80.00	1802.21
81.00	1710.93
82.00	1865.41
83.00	1846.68
84.00	1830.30
85.00	1792.85
86.00	1870.09
87.00	1799.87
88.00	1870.09
89.00	1921.58
90.00	1774.13
91.00	1837.32
92.00	1963.71
93.00	1884.13
94.00	1966.05
95.00	1846.68
96.00	1984.77
97.00	1954.35
98.00	1940.30
99.00	1959.03
100.00	1926.26
101.00	1954.35
102.00	1926.26
103.00	1935.62
104.00	1933.28
105.00	1952.01
106.00	1970.73
107.00	1959.03
108.00	1998.82
109.00	2031.58
110.00	1984.77
111.00	1956.69
112.00	2003.50
113.00	2029.24
114.00	1961.37
115.00	2143.93
116.00	2054.99
117.00	2059.67
118.00	1982.43
119.00	1977.75
120.00	2118.18
121.00	2033.93
122.00	2054.99
123.00	2155.63
124.00	2108.82
125.00	2157.97
126.00	2101.80
127.00	2118.18
128.00	2125.21
129.00	2153.29
130.00	2267.98
131.00	2160.31
132.00	2244.57
133.00	2195.42
134.00	2202.44
135.00	2214.15
136.00	2237.55
137.00	2209.47
138.00	2286.70
139.00	2237.55
140.00	2197.76
141.00	2303.09
142.00	2249.25
143.00	2422.45
144.00	2356.92
145.00	2385.01
146.00	2312.45
147.00	2321.81
148.00	2401.39
149.00	2469.27
150.00	2448.20
151.00	2342.88
152.00	2441.18
153.00	2314.79
154.00	2424.80
155.00	2499.69
156.00	2448.20
157.00	2429.48
158.00	2464.58
159.00	2462.24
160.00	2389.69
161.00	2527.78
162.00	2527.78
163.00	2523.10
164.00	2619.06
165.00	2541.82
166.00	2623.74
167.00	2579.27
168.00	2499.69
169.00	2705.66
170.00	2640.12
171.00	2693.96
172.00	2595.65
173.00	2698.64
174.00	2630.76
175.00	2637.78
176.00	2710.34
177.00	2696.30
178.00	2609.70
179.00	2768.85
180.00	2848.43
181.00	2843.75
182.00	2722.04
183.00	2827.37
184.00	2750.13
185.00	2892.90
186.00	2904.60
187.00	2904.60
188.00	2883.54
189.00	2738.43
190.00	2813.32
191.00	2876.52
192.00	2902.26
193.00	2937.37
194.00	2890.56
195.00	2991.20
196.00	3019.29
197.00	2942.05
198.00	3045.04
199.00	3014.61
200.00	3159.72
201.00	3110.57
202.00	3110.57
203.00	3080.14
204.00	3208.87
205.00	3152.70
206.00	3087.17
207.00	3084.83
208.00	3190.15
209.00	3145.68
210.00	3272.07
211.00	3358.67
212.00	3190.15
213.00	3213.56
214.00	3199.51
215.00	3428.88
216.00	3421.86
217.00	3396.12
218.00	3400.80
219.00	3248.66
220.00	3370.37
221.00	3330.58
222.00	3442.93
223.00	3478.04
224.00	3548.25
225.00	3574.00
226.00	3548.25
227.00	3527.19
228.00	3630.17
229.00	3632.51
230.00	3588.04
231.00	3578.68
232.00	3581.02
233.00	3672.30
234.00	3735.50
235.00	3737.84
236.00	3742.52
237.00	3765.92
238.00	3740.18
239.00	4002.32
240.00	3798.69
241.00	3901.67
242.00	3911.04
243.00	4014.02
244.00	3927.42
245.00	3997.64
246.00	4042.11
247.00	4145.09
248.00	4074.87
249.00	4170.83
250.00	4140.41
251.00	4210.62
252.00	4098.28
253.00	4250.41
254.00	4332.33
255.00	4332.33
256.00	4381.48
257.00	4432.97
258.00	4346.37
259.00	4418.93
260.00	4402.55
261.00	4432.97
262.00	4477.44
263.00	4491.49
264.00	4472.76
265.00	4519.57
266.00	4613.20
267.00	4603.83
268.00	4690.43
269.00	4697.46
270.00	4582.77
271.00	4592.13
272.00	4720.86
273.00	4873.00
274.00	4847.25
275.00	4882.36
276.00	4835.55
277.00	4945.55
278.00	4901.08
279.00	4755.97
280.00	4882.36
281.00	5093.01
282.00	4912.78
283.00	4828.53
284.00	5043.85
285.00	5022.79
286.00	4936.19
287.00	5102.37
288.00	5027.47
289.00	5085.98
290.00	5217.05
291.00	5179.61
292.00	5095.35
293.00	5228.76
294.00	5221.74
295.00	5313.02
296.00	5233.44
297.00	5317.70
298.00	5359.83
299.00	5219.39
300.00	5221.74
301.00	5268.55
302.00	5001.72
303.00	5210.03
304.00	5378.55
305.00	5355.15
306.00	5362.17
307.00	5287.27
308.00	5270.89
309.00	5186.63
310.00	5212.37
311.00	5298.97
312.00	5362.17
313.00	5294.29
314.00	5254.50
315.00	5495.58
316.00	5320.04
317.00	5394.93
318.00	5390.25
319.00	5441.75
320.00	5523.66
321.00	5582.18
322.00	5493.24
323.00	5434.72
324.00	5591.54
325.00	5757.72
326.00	5593.88
327.00	5640.69
328.00	5701.54
329.00	5638.35
330.00	5638.35
331.00	5722.61
332.00	5493.24
333.00	5628.99
334.00	5806.87
335.00	5778.78
336.00	5809.21
337.00	5809.21
338.00	5804.53
339.00	5767.08
340.00	6099.44
341.00	6029.22
342.00	5980.07
343.00	5844.32
344.00	5865.38
345.00	5891.13
346.00	5961.34
347.00	5849.00
348.00	6099.44
349.00	6127.52
350.00	6033.90
351.00	6134.54
352.00	6195.40
353.00	6279.66
354.00	6282.00
355.00	6249.23
356.00	6221.14
357.00	6223.48
358.00	6307.74
359.00	6328.81
360.00	6359.24
361.00	6370.94
362.00	6527.75
363.00	6539.46
364.00	6455.20
365.00	6492.65
366.00	6408.39
367.00	6572.22
368.00	6427.11
369.00	6839.05
370.00	6462.22
371.00	6637.76
372.00	6478.60
373.00	6623.72
374.00	6771.17
375.00	6740.74
376.00	6693.93
377.00	6747.76
378.00	6642.44
379.00	7063.74
380.00	6869.47
381.00	6817.98
382.00	7023.95
383.00	7045.01
384.00	7082.46
385.00	7030.97
386.00	7265.02
387.00	7307.15
388.00	7288.43
389.00	7201.83
390.00	7368.01
391.00	7489.71
392.00	7440.56
393.00	7489.71
394.00	7510.78
395.00	7634.83
396.00	7674.62
397.00	7726.11
398.00	7571.63
399.00	7730.79
400.00	7606.74
401.00	7686.32
402.00	7763.56
403.00	7985.91
404.00	7803.35
405.00	7999.95
406.00	7901.65
407.00	8077.19
408.00	7793.98
409.00	7527.16
410.00	7747.17
411.00	8006.97
412.00	8077.19
413.00	8063.15
414.00	8131.02
415.00	7948.46
416.00	8046.76
417.00	7995.27
418.00	8154.43
419.00	8056.12
420.00	8147.40
421.00	8081.87
422.00	8091.23
423.00	8126.34
424.00	8044.42
425.00	7964.84
426.00	8182.51
427.00	8112.30
428.00	7943.78
429.00	8086.55
430.00	8035.06
431.00	8259.75
432.00	8037.40
433.00	7943.78
434.00	8168.47
435.00	8383.80
436.00	8348.69
437.00	8077.19
438.00	8257.41
439.00	8430.61
440.00	8507.85
441.00	8411.89
442.00	8578.06
443.00	8339.33
444.00	8594.45
445.00	8519.55
446.00	8388.48
447.00	8650.62
448.00	8657.64
449.00	8571.04
450.00	8425.93
451.00	8732.54
452.00	8706.79
453.00	8748.92
454.00	8727.86
455.00	8725.52
456.00	8674.03
457.00	8744.24
458.00	8765.31
459.00	8786.37
460.00	8802.75
461.00	8901.06
462.00	8777.01
463.00	8870.63
464.00	8905.74
465.00	8891.70
466.00	8936.17
467.00	8898.72
468.00	9188.94
469.00	9064.89
470.00	9114.05
471.00	9114.05
472.00	9160.86
473.00	9165.54
474.00	9254.48
475.00	9488.53
476.00	9350.44
477.00	9589.17
478.00	9427.68
479.00	9439.38
480.00	9764.72
481.00	9525.98
482.00	9486.19
483.00	9745.99
484.00	9673.43
485.00	9785.78
486.00	9657.05
487.00	9827.91
488.00	9827.91
489.00	9755.35
490.00	9825.57
491.00	9820.89
492.00	9895.78
493.00	9668.75
494.00	9891.10
495.00	10099.41
496.00	10120.48
497.00	9923.87
498.00	10052.60
499.00	10122.82
500.00	10143.88
501.00	10265.59
502.00	10024.51
503.00	10139.20
504.00	10204.74
505.00	10422.41
506.00	10286.65
507.00	10279.63
508.00	10490.28
509.00	10487.94
510.00	10366.23
511.00	10602.63
512.00	10410.70
513.00	10417.72
514.00	10581.56
515.00	10513.69
516.00	10672.84
517.00	10366.23
518.00	10459.85
519.00	10567.52
520.00	10562.84
521.00	10960.73
522.00	10707.95
523.00	10445.81
524.00	10799.23
525.00	10857.75
526.00	10906.90
527.00	10885.83
528.00	10874.13
529.00	10972.43
530.00	10869.45
531.00	11185.42
532.00	10984.13
533.00	10747.74
534.00	11009.88
535.00	10834.34
536.00	11049.67
537.00	10984.13
538.00	11044.99
539.00	11234.57
540.00	10841.36
541.00	11082.44
542.00	11049.67
543.00	11445.22
544.00	11192.44
545.00	11403.09
546.00	11337.56
547.00	11119.89
548.00	11396.07
549.00	11576.29
550.00	11501.39
551.00	11786.94
552.00	11690.98
553.00	11756.51
554.00	11723.74
555.00	11419.47
556.00	11964.82
557.00	11569.27
558.00	11740.13
559.00	11960.14
560.00	11850.13
561.00	11857.15
562.00	12135.68
563.00	11896.94
564.00	12142.70
565.00	11976.52
566.00	12093.55
567.00	12547.61
568.00	12238.66
569.00	12339.30
570.00	12390.80
571.00	12601.44
572.00	12627.19
573.00	12599.10
574.00	12547.61
575.00	12603.78
576.00	12884.65
577.00	12992.31
578.00	13092.96
579.00	13242.75
580.00	12954.87
581.00	13097.64
582.00	13046.15
583.00	13460.42
584.00	13247.43
585.00	13537.66
586.00	13755.33
587.00	13743.63
588.00	13617.24
589.00	13757.67
590.00	13958.96
591.00	13954.27
592.00	13912.14
593.00	14319.40
594.00	14363.87
595.00	14539.41
596.00	14466.85
597.00	14607.28
598.00	14689.20
599.00	14934.96
600.00	14932.62
601.00	15063.69
602.00	15133.90
603.00	15075.39
604.00	15304.76
605.00	15272.00
606.00	15674.57
607.00	15517.75
608.00	15721.38
609.00	15602.01
610.00	15648.82
611.00	15906.28
612.00	15967.13
613.00	16388.43
614.00	16350.98
615.00	16638.87
616.00	16617.80
617.00	16791.00
618.00	16971.22
619.00	16886.97
620.00	17074.21
621.00	17249.75
622.00	17326.99
623.00	17568.06
624.00	17694.45
625.00	17628.92
626.00	17930.84
627.00	17802.11
628.00	17776.37
629.00	18104.04
630.00	18457.46
631.00	18822.59
632.00	18424.70
633.00	18338.10
634.00	18705.56
635.00	19157.28
636.00	19154.94
637.00	19367.93
638.00	19721.35
639.00	19440.49
640.00	19484.96
641.00	19482.62
642.00	19887.53
643.00	20084.14
644.00	20208.19
645.00	20496.07
646.00	20692.68
647.00	20566.29
648.00	20688.00
649.00	20828.43
650.00	21434.63
651.00	21467.39
652.00	21308.24
653.00	21888.69
654.00	21596.12
655.00	21565.70
656.00	21893.37
657.00	21914.44
658.00	22389.56
659.00	22230.41
660.00	22965.34
661.00	22602.55
662.00	22855.33
663.00	22946.61
664.00	23208.75
665.00	23257.90
666.00	23278.97
667.00	23391.31
668.00	23683.88
669.00	23484.94
670.00	24163.69
671.00	23960.06
672.00	23957.72
673.00	24533.50
674.00	24538.18
675.00	24491.37
676.00	24620.10
677.00	24879.89
678.00	25305.87
679.00	25170.12
680.00	25380.77
681.00	25340.98
682.00	25701.42
683.00	25441.62
684.00	25832.49
685.00	26075.91
686.00	26607.21
687.00	26324.01
688.00	26546.36
689.00	26244.43
690.00	26551.04
691.00	26574.44
692.00	26977.01
693.00	26944.25
694.00	27185.32
695.00	27276.60
696.00	27630.02
697.00	27325.75
698.00	27707.26
699.00	27995.15
700.00	27608.96
701.00	27854.72
702.00	28304.10
703.00	28126.22
704.00	28533.47
705.00	28847.10
706.00	28554.54
707.00	28800.29
708.00	29013.28
709.00	28947.75
710.00	29432.24
711.00	29095.20
712.00	29083.50
713.00	29462.66
714.00	29544.58
715.00	29715.44
716.00	29713.10
717.00	29954.18
718.00	30000.99
719.00	29713.10
720.00	29883.96
721.00	30118.01
722.00	30422.28
723.00	30501.86
724.00	30845.92
725.00	30539.31
726.00	30822.51
727.00	30738.26
728.00	31290.62
729.00	30642.29
730.00	30841.24
731.00	31512.97
732.00	31229.77
733.00	31402.97
734.00	31370.20
735.00	31407.65
736.00	31428.71
737.00	31728.30
738.00	32063.00
739.00	32074.70
740.00	31903.84
741.00	31915.54
742.00	32283.01
743.00	32018.53
744.00	32521.74
745.00	32453.87
746.00	32903.25
747.00	32505.36
748.00	33031.98
749.00	32432.80
750.00	32739.41
751.00	32694.94
752.00	32617.71
753.00	33483.70
754.00	33649.88
755.00	33532.86
756.00	33268.37
757.00	33596.05
758.00	33528.17
759.00	33546.90
760.00	33439.23
761.00	34085.22
762.00	34213.95
763.00	33947.13
764.00	33982.24
765.00	34117.99
766.00	34052.45
767.00	34642.27
768.00	34504.18
769.00	34703.12
770.00	34890.37
771.00	35283.58
772.00	34869.30
773.00	34976.97
774.00	34820.15
775.00	34890.37
776.00	34714.83
777.00	35428.69
778.00	35592.53
779.00	35604.23
780.00	35789.13
781.00	35330.39
782.00	35250.81
783.00	35868.71
784.00	35608.91
785.00	36020.84
786.00	35910.84
787.00	36226.81
788.00	36388.31
789.00	36463.21
790.00	35976.37
791.00	36552.15
792.00	37060.04
793.00	36711.30
794.00	36554.49
795.00	37092.81
796.00	36687.90
797.00	36561.51
798.00	36821.31
799.00	37156.00
800.00	36900.89
801.00	36891.52
802.00	37443.89
803.00	37385.38
804.00	37376.01
805.00	37432.19
806.00	37486.02
807.00	37748.16
808.00	37647.52
809.00	37977.53
810.00	38068.81
811.00	38094.56
812.00	38401.17
813.00	38082.86
814.00	37806.67
815.00	38286.48
816.00	38204.56
817.00	38698.42
818.00	38492.45
819.00	38909.07
820.00	38890.34
821.00	38546.28
822.00	38712.46
823.00	38595.43
824.00	39009.71
825.00	38766.29
826.00	39234.40
827.00	38981.62
828.00	39388.88
829.00	39496.54
830.00	39037.80
831.00	39131.42
832.00	39409.94
833.00	39775.06
834.00	39533.99
835.00	39683.78
836.00	39522.29
837.00	39852.30
838.00	39735.27
839.00	39358.45
840.00	40154.23
841.00	40231.47
842.00	40053.59
843.00	40360.20
844.00	40535.74
845.00	40329.77
846.00	40797.88
847.00	40861.07
848.00	40252.53
849.00	40463.18
850.00	40825.96
851.00	41057.68
852.00	40814.26
853.00	40414.03
854.00	41113.85
855.00	40659.79
856.00	40950.01
857.00	41207.47
858.00	41457.91
859.00	41488.34
860.00	41598.34
861.00	41338.54
862.00	41668.56
863.00	41457.91
864.00	41762.18
865.00	41734.09
866.00	41975.17
867.00	42087.51
868.00	41839.42
869.00	42036.02
870.00	42174.11
871.00	41752.82
872.00	41731.75
873.00	42106.24
874.00	42398.80
875.00	42330.93
876.00	42667.97
877.00	42857.55
878.00	42415.19
879.00	42504.13
880.00	42728.82
881.00	42359.02
882.00	42375.40
883.00	42569.66
884.00	42667.97
885.00	42670.31
886.00	42993.30
887.00	42871.59
888.00	42855.21
889.00	42728.82
890.00	42590.73
891.00	42560.30
892.00	43318.64
893.00	43349.06
894.00	43168.84
895.00	43269.48
896.00	43452.05
897.00	42913.72
898.00	43093.94
899.00	43365.45
900.00	43639.29
901.00	43922.49
902.00	43880.36
903.00	43634.61
904.00	43990.37
905.00	44037.18
906.00	43920.15
907.00	43323.32
908.00	43681.42
909.00	43744.61
910.00	44224.42
911.00	44430.39
912.00	44144.84
913.00	43941.22
914.00	44259.53
915.00	43737.59
916.00	44032.50
917.00	44435.07
918.00	44360.17
919.00	44423.37
920.00	44678.49
921.00	44397.62
922.00	44779.13
923.00	44189.31
924.00	44250.17
925.00	44566.14
926.00	44662.10
927.00	45177.02
928.00	45090.42
929.00	44933.60
930.00	45017.86
931.00	44919.56
932.00	44755.72
933.00	45158.30
934.00	44680.83
935.00	45146.59
936.00	45198.09
937.00	45537.46
938.00	45294.05
939.00	45404.05
940.00	45015.52
941.00	45247.24
942.00	45067.02
943.00	45502.35
944.00	45411.07
945.00	45691.94
946.00	45668.53
947.00	45649.81
948.00	45968.12
949.00	45790.24
950.00	45841.73
951.00	45593.64
952.00	45713.00
953.00	45965.78
954.00	45869.82
955.00	45794.92
956.00	45832.37
957.00	45607.68
958.00	45923.65
959.00	45647.47
960.00	46064.08
961.00	45333.84
962.00	45745.77
963.00	46108.55
964.00	46454.95
965.00	46337.93
966.00	46529.85
967.00	46522.83
968.00	46958.17
969.00	46749.86
970.00	46967.53
971.00	47274.14
972.00	46962.85
973.00	47019.02
974.00	47304.57
975.00	46639.86
976.00	47489.47
977.00	46600.07
978.00	46539.21
979.00	46246.65
980.00	47007.32
981.00	47096.26
982.00	47601.82
983.00	47510.53
984.00	47152.43
985.00	47756.29
986.00	47288.18
987.00	47304.57
988.00	46838.80
989.00	47199.24
990.00	47217.97
991.00	47239.03
992.00	47629.90
993.00	47676.71
994.00	47662.67
995.00	47758.63
996.00	47489.47
997.00	47648.63
998.00	48030.13
999.00	47531.60
1000.00	47945.87
1001.00	47941.19
1002.00	47875.66
1003.00	47686.07
1004.00	47526.92
1005.00	47868.64
1006.00	48034.81
1007.00	47721.18
1008.00	47786.72
1009.00	47693.10
1010.00	47700.12
1011.00	48402.28
1012.00	47927.15
1013.00	48151.84
1014.00	47571.39
1015.00	48170.57
1016.00	48058.22
1017.00	48016.09
1018.00	47861.61
1019.00	48484.20
1020.00	48655.06
1021.00	48514.62
1022.00	48512.28
1023.00	48259.51
1024.00	48472.49
1025.00	48350.79
1026.00	48423.34
1027.00	49113.80
1028.00	48512.28
1029.00	48617.61
1030.00	48336.74
1031.00	48474.84
1032.00	49177.00
1033.00	48842.30
1034.00	48296.95
1035.00	48636.33
1036.00	48619.95
1037.00	48718.25
1038.00	48828.26
1039.00	48631.65
1040.00	48783.79
1041.00	48917.20
1042.00	49120.82
1043.00	48318.02
1044.00	48549.73
1045.00	48559.09
1046.00	48961.67
1047.00	48868.05
1048.00	49041.24
1049.00	49343.17
1050.00	48856.34
1051.00	49127.84
1052.00	49441.48
1053.00	49563.18
1054.00	49132.53
1055.00	48832.94
1056.00	48673.78
1057.00	48767.40
1058.00	49308.07
1059.00	49251.89
1060.00	49031.88
1061.00	49642.76
1062.00	49209.76
1063.00	49499.99
1064.00	48830.60
1065.00	48961.67
1066.00	49251.89
1067.00	49226.15
1068.00	49418.07
1069.00	49621.70
1070.00	49298.70
1071.00	49617.02
1072.00	49462.54
1073.00	49357.22
1074.00	49488.29
1075.00	49827.66
1076.00	49249.55
1077.00	49113.80
1078.00	49265.94
1079.00	49317.43
1080.00	49827.66
1081.00	49673.19
1082.00	49301.04
1083.00	49389.98
1084.00	49116.14
1085.00	49392.33
1086.00	49296.36
1087.00	49076.35
1088.00	50099.17
1089.00	49556.16
1090.00	50417.48
1091.00	49907.24
1092.00	50014.91
1093.00	50033.63
1094.00	49855.75
1095.00	49935.33
1096.00	49811.28
1097.00	49860.43
1098.00	49680.21
1099.00	49975.12
1100.00	50251.30
1101.00	49998.52
1102.00	49600.63
1103.00	50209.17
1104.00	49598.29
1105.00	49799.58
1106.00	49666.17
1107.00	49691.91
1108.00	49848.73
1109.00	50354.29
1110.00	50047.68
1111.00	50302.79
1112.00	50080.44
1113.00	50658.56
1114.00	50050.02
1115.00	49464.88
1116.00	50239.60
1117.00	49799.58
1118.00	50040.65
1119.00	49769.15
1120.00	50174.06
1121.00	50038.31
1122.00	50316.84
1123.00	49839.37
1124.00	50171.72
1125.00	49532.76
1126.00	49408.71
1127.00	49876.82
1128.00	49652.12
1129.00	49996.18
1130.00	49727.02
1131.00	49947.03
1132.00	49701.28
1133.00	50223.22
1134.00	49806.60
1135.00	50099.17
1136.00	49937.67
1137.00	50150.66
1138.00	50225.56
1139.00	49722.34
1140.00	49872.14
1141.00	50134.28
1142.00	50361.31
1143.00	50232.58
1144.00	50014.91
1145.00	49853.41
1146.00	50024.27
1147.00	50286.41
1148.00	49956.39
1149.00	50103.85
1150.00	50145.98
1151.00	50457.27
1152.00	50071.08
1153.00	50424.50
1154.00	49874.48
1155.00	49975.12
1156.00	49841.71
1157.00	49635.74
1158.00	49684.89
1159.00	50141.30
1160.00	49940.01
1161.00	50277.05
1162.00	49968.10
1163.00	49918.95
1164.00	50225.56
1165.00	50120.23
1166.00	50595.36
1167.00	49909.58
1168.00	50059.38
1169.00	49853.41
1170.00	49766.81
1171.00	49595.95
1172.00	50108.53
1173.00	49640.42
1174.00	50120.23
1175.00	50377.69
1176.00	50117.89
1177.00	49888.52
1178.00	49914.26
1179.00	49631.06
1180.00	49808.94
1181.00	49904.90
1182.00	49991.50
1183.00	49808.94
1184.00	50127.25
1185.00	50335.56
1186.00	50174.06
1187.00	50061.72
1188.00	50410.46
1189.00	50071.08
1190.00	49778.51
1191.00	49818.30
1192.00	50042.99
1193.00	50038.31
1194.00	49918.95
1195.00	50019.59
1196.00	50040.65
1197.00	50042.99
1198.00	50160.02
1199.00	49574.89
1200.00	50169.38
1201.00	50305.13
1202.00	50244.28
1203.00	49387.64
1204.00	50141.30
1205.00	50052.36
1206.00	50103.85
1207.00	50042.99
1208.00	50082.78
1209.00	50033.63
1210.00	50415.14
1211.00	49610.00
1212.00	49717.66
1213.00	49586.59
1214.00	49729.36
1215.00	50258.32
1216.00	49935.33
1217.00	49848.73
1218.00	50183.43
1219.00	50014.91
1220.00	50230.24
1221.00	49729.36
1222.00	49783.19
1223.00	49822.98
1224.00	49783.19
1225.00	49745.75
1226.00	49734.04
1227.00	49698.94
1228.00	50120.23
1229.00	50028.95
1230.00	49869.79
1231.00	49757.45
1232.00	49902.56
1233.00	50412.80
1234.00	49586.59
1235.00	49642.76
1236.00	49570.21
1237.00	49844.05
1238.00	49741.06
1239.00	50005.55
1240.00	50206.83
1241.00	50246.62
1242.00	50052.36
1243.00	50424.50
1244.00	49808.94
1245.00	50059.38
1246.00	49698.94
1247.00	49734.04
1248.00	49801.92
1249.00	49708.30
1250.00	49958.73
1251.00	50010.23
1252.00	50106.19
1253.00	50078.10
1254.00	50019.59
1255.00	50188.11
1256.00	50349.60
1257.00	49911.92
1258.00	50052.36
1259.00	50057.04
1260.00	49755.11
1261.00	50129.59
1262.00	50302.79
1263.00	50365.99
1264.00	50665.58
1265.00	50637.49
1266.00	50567.27
1267.00	50305.13
1268.00	50316.84
1269.00	49921.29
1270.00	50295.77
1271.00	49811.28
1272.00	50026.61
1273.00	50071.08
1274.00	50103.85
1275.00	50721.75
1276.00	50333.22
1277.00	50092.15
1278.00	50223.22
1279.00	50000.86
1280.00	50410.46
1281.00	49928.31
1282.00	50115.55
1283.00	49811.28
1284.00	49947.03
1285.00	50424.50
1286.00	50468.97
1287.00	50174.06
1288.00	50426.84
1289.00	50237.26
1290.00	50094.49
1291.00	50188.11
1292.00	50272.37
1293.00	50052.36
1294.00	49940.01
1295.00	49963.42
1296.00	49883.84
1297.00	50422.16
1298.00	49975.12
1299.00	50136.62
1300.00	50239.60
1301.00	50213.85
1302.00	50567.27
1303.00	50117.89
1304.00	49928.31
1305.00	50199.81
1306.00	49551.48
1307.00	49717.66
1308.00	50024.27
1309.00	50305.13
1310.00	49881.50
1311.00	50394.07
1312.00	50019.59
1313.00	50466.63
1314.00	50248.96
1315.00	50288.75
1316.00	50019.59
1317.00	50178.75
1318.00	50248.96
1319.00	50099.17
1320.00	49844.05
1321.00	50160.02
1322.00	50206.83
1323.00	50464.29
1324.00	50548.55
1325.00	50581.32
1326.00	50333.22
1327.00	50415.14
1328.00	49577.23
1329.00	49825.32
1330.00	49907.24
1331.00	49991.50
1332.00	50120.23
1333.00	49890.86
1334.00	50005.55
1335.00	50459.61
1336.00	49968.10
1337.00	50295.77
1338.00	50328.54
1339.00	50057.04
1340.00	49937.67
1341.00	49663.83
1342.00	49778.51
1343.00	49663.83
1344.00	49787.88
1345.00	49694.25
1346.00	49930.65
1347.00	49970.44
1348.00	50480.67
1349.00	50007.89
1350.00	49867.45
1351.00	50192.79
1352.00	50003.20
1353.00	49801.92
1354.00	49607.65
1355.00	49123.16
1356.00	49652.12
1357.00	49455.52
1358.00	49982.14
1359.00	49722.34
1360.00	49794.90
1361.00	50064.06
1362.00	49888.52
1363.00	49911.92
1364.00	49780.85
1365.00	49911.92
1366.00	49673.19
1367.00	49139.55
1368.00	49118.48
1369.00	49162.95
1370.00	49184.02
1371.00	49418.07
1372.00	49460.20
1373.00	49471.90
1374.00	49738.72
1375.00	49869.79
1376.00	49495.31
1377.00	49787.88
1378.00	49471.90
1379.00	49649.78
1380.00	49200.40
1381.00	49048.27
1382.00	49202.74
1383.00	49382.96
1384.00	49382.96
1385.00	49291.68
1386.00	49167.63
1387.00	49373.60
1388.00	49476.58
1389.00	48928.90
1390.00	48893.79
1391.00	49256.57
1392.00	49022.52
1393.00	48935.92
1394.00	48741.66
1395.00	48949.96
1396.00	48935.92
1397.00	49216.78
1398.00	49034.22
1399.00	49502.33
1400.00	49090.40
1401.00	49343.17
1402.00	49024.86
1403.00	49312.75
1404.00	48949.96
1405.00	48662.08
1406.00	48357.81
1407.00	48633.99
1408.00	49134.87
1409.00	49146.57
1410.00	49308.07
1411.00	48795.49
1412.00	48732.29
1413.00	48914.86
1414.00	48701.87
1415.00	48287.59
1416.00	48589.52
1417.00	48465.47
1418.00	48467.81
1419.00	48144.82
1420.00	48430.36
1421.00	48563.78
1422.00	48273.55
1423.00	48772.08
1424.00	48652.72
1425.00	48208.01
1426.00	48652.72
1427.00	48158.86
1428.00	48088.65
1429.00	48055.88
1430.00	47976.30
1431.00	48229.08
1432.00	47711.82
1433.00	48086.31
1434.00	47777.36
1435.00	48460.79
1436.00	48512.28
1437.00	48090.99
1438.00	47938.85
1439.00	48142.48
1440.00	48013.75
1441.00	47856.93
1442.00	47889.70
1443.00	47803.10
1444.00	47828.85
1445.00	47260.10
1446.00	47330.31
1447.00	47643.94
1448.00	47777.36
1449.00	47526.92
1450.00	47653.31
1451.00	47948.21
1452.00	47646.29
1453.00	47922.47
1454.00	47746.93
1455.00	47587.77
1456.00	47353.72
1457.00	47147.75
1458.00	47241.37
1459.00	47529.26
1460.00	47157.11
1461.00	47599.47
1462.00	47224.99
1463.00	47274.14
1464.00	46960.51
1465.00	47669.69
1466.00	47157.11
1467.00	47012.00
1468.00	47229.67
1469.00	47267.12
1470.00	47276.48
1471.00	46642.20
1472.00	47044.77
1473.00	47042.43
1474.00	46511.13
1475.00	47051.79
1476.00	46763.90
1477.00	46827.10
1478.00	46932.42
1479.00	47351.38
1480.00	46983.91
1481.00	47180.52
1482.00	47035.41
1483.00	47126.69
1484.00	46501.76
1485.00	46209.20
1486.00	46681.98
1487.00	46024.29
1488.00	45860.46
1489.00	46962.85
1490.00	46440.91
1491.00	46333.24
1492.00	46576.66
1493.00	46351.97
1494.00	46286.43
1495.00	46621.13
1496.00	46024.29
1497.00	46312.18
1498.00	46216.22
1499.00	45986.85
1500.00	46113.23
1501.00	46220.90
1502.00	46349.63
1503.00	46288.77
1504.00	46087.49
1505.00	46373.03
1506.00	46014.93
1507.00	45940.04
1508.00	46089.83
1509.00	45713.00
1510.00	45642.79
1511.00	45663.85
1512.00	45570.23
1513.00	45490.65
1514.00	45399.37
1515.00	45584.27
1516.00	45647.47
1517.00	45258.94
1518.00	45694.28
1519.00	45518.74
1520.00	45736.41
1521.00	45940.04
1522.00	45570.23
1523.00	45223.83
1524.00	45394.69
1525.00	45287.03
1526.00	45495.33
1527.00	44949.99
1528.00	45329.16
1529.00	45111.49
1530.00	44900.84
1531.00	45434.48
1532.00	45008.50
1533.00	45467.25
1534.00	45181.70
1535.00	45132.55
1536.00	45102.12
1537.00	45219.15
1538.00	44870.41
1539.00	45015.52
1540.00	44924.24
1541.00	44758.06
1542.00	44767.43
1543.00	44938.29
1544.00	44835.30
1545.00	44952.33
1546.00	45010.84
1547.00	44924.24
1548.00	44664.44
1549.00	45132.55
1550.00	44201.02
1551.00	44947.65
1552.00	44421.03
1553.00	44357.83
1554.00	44168.25
1555.00	44191.65
1556.00	44334.43
1557.00	44318.04
1558.00	43957.60
1559.00	44854.03
1560.00	44519.33
1561.00	44418.69
1562.00	44495.92
1563.00	44493.58
1564.00	44444.43
1565.00	43786.74
1566.00	44032.50
1567.00	43882.70
1568.00	43819.51
1569.00	43426.30
1570.00	43730.57
1571.00	43608.86
1572.00	43786.74
1573.00	44222.08
1574.00	43728.23
1575.00	43599.50
1576.00	43737.59
1577.00	43798.44
1578.00	43948.24
1579.00	44095.69
1580.00	43583.12
1581.00	43309.27
1582.00	43299.91
1583.00	43627.59
1584.00	43215.65
1585.00	43592.48
1586.00	43342.04
1587.00	43290.55
1588.00	42810.74
1589.00	43599.50
1590.00	43665.03
1591.00	43421.62
1592.00	43332.68
1593.00	43393.53
1594.00	43496.52
1595.00	43723.55
1596.00	42799.04
1597.00	43075.22
1598.00	42642.22
1599.00	42927.77
1600.00	42665.63
1601.00	43255.44
1602.00	43129.05
1603.00	42866.91
1604.00	42731.16
1605.00	43012.02
1606.00	42953.51
1607.00	42700.73
1608.00	42761.59
1609.00	42525.19
1610.00	42553.28
1611.00	42134.32
1612.00	42651.58
1613.00	42553.28
1614.00	42284.12
1615.00	42270.08
1616.00	42696.05
1617.00	42836.48
1618.00	42354.33
1619.00	42822.44
1620.00	42801.38
1621.00	42515.83
1622.00	42766.27
1623.00	42726.48
1624.00	42302.84
1625.00	42609.45
1626.00	42611.79
1627.00	42089.85
1628.00	41790.27
1629.00	42066.45
1630.00	41837.08
1631.00	41975.17
1632.00	41951.76
1633.00	42071.13
1634.00	41624.09
1635.00	42239.65
1636.00	42040.70
1637.00	42234.97
1638.00	42328.59
1639.00	42019.64
1640.00	42012.62
1641.00	41649.83
1642.00	41876.86
1643.00	41790.27
1644.00	41446.21
1645.00	41249.60
1646.00	41528.13
1647.00	41766.86
1648.00	41237.90
1649.00	41904.95
1650.00	41645.15
1651.00	41951.76
1652.00	41055.34
1653.00	41684.94
1654.00	41727.07
1655.00	41432.16
1656.00	41092.79
1657.00	40985.12
1658.00	40994.48
1659.00	40971.08
1660.00	40910.22
1661.00	41282.37
1662.00	40886.82
1663.00	41155.98
1664.00	41139.60
1665.00	40900.86
1666.00	41420.46
1667.00	41380.67
1668.00	40746.39
1669.00	41233.22
1670.00	40484.25
1671.00	40465.52
1672.00	41191.09
1673.00	40868.09
1674.00	40374.24
1675.00	40502.97
1676.00	40631.70
1677.00	40748.73
1678.00	40521.69
1679.00	40666.81
1680.00	40620.00
1681.00	40725.32
1682.00	40535.74
1683.00	40629.36
1684.00	40762.77
1685.00	40528.72
1686.00	40582.55
1687.00	40261.90
1688.00	40701.92
1689.00	40388.28
1690.00	40135.51
1691.00	40208.06
1692.00	40259.55
1693.00	40339.13
1694.00	39908.47
1695.00	40254.87
1696.00	39653.36
1697.00	40203.38
1698.00	40545.10
1699.00	40238.49
1700.00	39882.73
1701.00	39974.01
1702.00	39433.35
1703.00	39477.82
1704.00	39889.75
1705.00	39859.32
1706.00	39620.59
1707.00	39435.69
1708.00	39269.51
1709.00	39480.16
1710.00	39344.41
1711.00	39321.00
1712.00	39716.55
1713.00	39548.03
1714.00	39496.54
1715.00	39718.89
1716.00	39337.38
1717.00	38878.64
1718.00	38845.87
1719.00	39255.46
1720.00	38653.95
1721.00	38841.19
1722.00	38705.44
1723.00	38761.61
1724.00	39208.65
1725.00	38583.73
1726.00	38515.86
1727.00	38974.60
1728.00	38913.75
1729.00	38450.32
1730.00	38740.55
1731.00	38693.74
1732.00	38485.43
1733.00	38267.76
1734.00	38211.59
1735.00	38742.89
1736.00	38462.02
1737.00	38249.03
1738.00	38017.32
1739.00	37652.20
1740.00	38333.29
1741.00	37766.88
1742.00	38230.31
1743.00	37998.60
1744.00	38073.49
1745.00	37816.04
1746.00	37708.37
1747.00	38103.92
1748.00	38064.13
1749.00	38040.73
1750.00	37474.32
1751.00	37378.36
1752.00	37347.93
1753.00	37120.90
1754.00	37539.85
1755.00	36758.11
1756.00	37581.98
1757.00	36982.80
1758.00	36999.19
1759.00	36945.36
1760.00	37420.48
1761.00	36966.42
1762.00	37226.22
1763.00	37172.39
1764.00	37132.60
1765.00	36615.34
1766.00	36673.85
1767.00	36458.52
1768.00	36282.98
1769.00	36453.84
1770.00	36385.97
1771.00	36334.48
1772.00	36346.18
1773.00	36453.84
1774.00	36203.41
1775.00	36016.16
1776.00	36334.48
1777.00	36273.62
1778.00	35920.20
1779.00	36165.96
1780.00	35629.98
1781.00	35644.02
1782.00	35985.74
1783.00	35234.42
1784.00	35725.94
1785.00	35505.93
1786.00	35182.93
1787.00	34948.88
1788.00	35168.89
1789.00	35185.27
1790.00	35164.21
1791.00	35058.88
1792.00	34974.63
1793.00	34998.03
1794.00	35496.56
1795.00	34974.63
1796.00	34902.07
1797.00	34728.87
1798.00	35452.09
1799.00	34724.19
1800.00	34988.67
1801.00	34834.19
1802.00	34632.91
1803.00	34272.46
1804.00	34314.59
1805.00	34043.09
1806.00	34026.71
1807.00	34359.06
1808.00	34047.77
1809.00	34099.26
1810.00	34199.91
1811.00	34103.95
1812.00	34078.20
1813.00	33464.98
1814.00	33984.58
1815.00	33940.11
1816.00	33717.76
1817.00	33464.98
1818.00	33509.45
1819.00	33546.90
1820.00	33464.98
1821.00	33064.75
1822.00	32847.08
1823.00	33441.57
1824.00	33184.12
1825.00	33221.56
1826.00	32741.75
1827.00	32795.59
1828.00	32893.89
1829.00	32882.19
1830.00	32493.66
1831.00	32030.23
1832.00	33039.00
1833.00	32659.84
1834.00	32563.87
1835.00	32304.07
1836.00	32240.88
1837.00	31676.81
1838.00	31269.56
1839.00	31840.65
1840.00	31571.49
1841.00	31868.73
1842.00	31800.86
1843.00	31644.04
1844.00	31119.76
1845.00	31133.81
1846.00	30995.71
1847.00	31087.00
1848.00	31065.93
1849.00	30855.28
1850.00	30817.83
1851.00	30955.93
1852.00	30764.00
1853.00	30373.13
1854.00	30391.86
1855.00	30342.70
1856.00	30015.03
1857.00	30110.99
1858.00	29752.89
1859.00	29600.76
1860.00	29928.43
1861.00	29825.45
1862.00	29642.88
1863.00	29902.68
1864.00	29378.40
1865.00	29797.36
1866.00	29413.51
1867.00	29256.70
1868.00	29371.38
1869.00	29621.82
1870.00	29635.86
1871.00	29291.80
1872.00	29085.84
1873.00	29039.03
1874.00	28996.90
1875.00	28989.88
1876.00	28601.35
1877.00	28292.40
1878.00	28507.72
1879.00	28575.60
1880.00	28276.01
1881.00	28329.84
1882.00	28318.14
1883.00	28552.20
1884.00	28304.10
1885.00	28229.20
1886.00	28109.83
1887.00	27859.40
1888.00	27508.32
1889.00	27491.93
1890.00	27063.61
1891.00	27501.29
1892.00	27339.80
1893.00	27037.87
1894.00	27276.60
1895.00	26464.44
1896.00	27166.60
1897.00	27033.19
1898.00	26684.45
1899.00	27101.06
1900.00	27101.06
1901.00	26321.66
1902.00	26403.58
1903.00	26377.84
1904.00	26403.58
1905.00	26174.21
1906.00	26202.30
1907.00	25888.67
1908.00	25652.27
1909.00	25678.02
1910.00	25216.93
1911.00	25649.93
1912.00	25460.35
1913.00	25247.36
1914.00	25490.77
1915.00	25453.33
1916.00	25853.56
1917.00	25069.48
1918.00	25507.16
1919.00	25015.65
1920.00	25113.95
1921.00	25046.07
1922.00	25069.48
1923.00	24676.27
1924.00	24582.65
1925.00	24491.37
1926.00	24252.63
1927.00	24233.91
1928.00	23693.24
1929.00	24130.92
1930.00	24322.85
1931.00	24034.96
1932.00	23784.52
1933.00	24222.20
1934.00	24287.74
1935.00	23821.97
1936.00	23955.38
1937.00	23873.46
1938.00	23754.10
1939.00	23913.25
1940.00	23618.35
1941.00	23501.32
1942.00	23236.84
1943.00	23470.89
1944.00	23307.05
1945.00	22974.70
1946.00	22857.67
1947.00	22537.02
1948.00	22492.55
1949.00	22319.35
1950.00	22260.84
1951.00	22197.64
1952.00	22284.24
1953.00	22108.70
1954.00	22218.71
1955.00	22370.84
1956.00	21811.45
1957.00	21879.33
1958.00	21860.60
1959.00	21827.84
1960.00	21790.39
1961.00	21647.61
1962.00	21516.54
1963.00	21577.40
1964.00	21479.10
1965.00	21209.93
1966.00	21085.89
1967.00	21050.78
1968.00	20919.71
1969.00	21027.37
1970.00	20926.73
1971.00	20828.43
1972.00	21039.08
1973.00	20641.18
1974.00	20847.15
1975.00	20812.04
1976.00	20634.16
1977.00	20376.70
1978.00	20769.91
1979.00	20372.02
1980.00	20299.47
1981.00	19999.88
1982.00	19726.04
1983.00	20109.88
1984.00	19901.58
1985.00	19908.60
1986.00	19840.72
1987.00	19115.16
1988.00	19489.64
1989.00	19473.26
1990.00	19522.41
1991.00	19337.51
1992.00	19040.26
1993.00	19047.28
1994.00	19232.18
1995.00	19070.68
1996.00	18892.80
1997.00	18970.04
1998.00	18984.09
1999.00	18768.76
2000.00	18635.35
2001.00	18569.81
2002.00	18321.71
2003.00	18583.85
2004.00	18331.08
2005.00	18043.19
2006.00	18050.21
2007.00	17813.82
2008.00	18125.11
2009.00	17804.46
2010.00	18015.10
2011.00	17565.72
2012.00	17961.27
2013.00	18080.64
2014.00	17680.41
2015.00	17612.53
2016.00	17378.48
2017.00	17509.55
2018.00	17376.14
2019.00	17301.24
2020.00	17305.92
2021.00	17343.37
2022.00	17193.58
2023.00	16776.96
2024.00	16695.04
2025.00	16587.38
2026.00	16528.86
2027.00	16327.58
2028.00	16582.70
2029.00	16573.33
2030.00	16514.82
2031.00	16257.36
2032.00	16606.10
2033.00	16304.17
2034.00	16353.32
2035.00	16201.19
2036.00	16067.78
2037.00	15864.15
2038.00	16142.67
2039.00	15857.13
2040.00	15550.52
2041.00	15604.35
2042.00	15889.90
2043.00	15896.92
2044.00	15295.40
2045.00	15440.51
2046.00	15435.83
2047.00	15454.56
