0.00	1097.71
1.00	1097.71
2.00	1097.71
3.00	1041.54
4.00	1034.52
5.00	938.55
6.00	1050.90
7.00	973.66
8.00	905.79
9.00	919.83
10.00	976.00
11.00	968.98
12.00	966.64
13.00	973.66
14.00	966.64
15.00	1022.81
16.00	992.39
17.00	917.49
18.00	999.41
19.00	1036.86
20.00	1053.24
21.00	1029.84
22.00	1050.90
23.00	1104.73
24.00	1163.25
25.00	1483.90
26.00	1526.03
27.00	1495.60
28.00	1516.67
29.00	1460.49
30.00	1413.68
31.00	1535.39
32.00	1495.60
33.00	1493.26
34.00	1465.18
35.00	1495.60
36.00	1554.12
37.00	1488.58
38.00	1507.30
39.00	1519.01
40.00	1554.12
41.00	1666.46
42.00	1650.08
43.00	1664.12
44.00	1631.35
45.00	1617.31
46.00	1668.80
47.00	1664.12
48.00	1619.65
49.00	1708.59
50.00	1631.35
51.00	1659.44
52.00	1701.57
53.00	1675.82
54.00	1619.65
55.00	1626.67
56.00	1640.72
57.00	1675.82
58.00	1685.19
59.00	1643.06
60.00	1668.80
61.00	1734.34
62.00	1647.74
63.00	1717.95
64.00	1753.06
65.00	1809.23
66.00	1771.79
67.00	1741.36
68.00	1720.29
69.00	1699.23
70.00	1710.93
71.00	1842.00
72.00	1767.10
73.00	1778.81
74.00	1760.08
75.00	1720.29
76.00	1778.81
77.00	1818.60
78.00	1872.43
79.00	1870.09
80.00	1790.51
81.00	1851.36
82.00	1860.73
83.00	1905.20
84.00	1907.54
85.00	1778.81
86.00	1912.22
87.00	1863.07
88.00	1832.64
89.00	1849.02
90.00	1942.64
91.00	1947.33
92.00	1886.47
93.00	1877.11
94.00	1937.96
95.00	1872.43
96.00	2008.18
97.00	1886.47
98.00	1926.26
99.00	1963.71
100.00	2005.84
101.00	1975.41
102.00	1895.83
103.00	2017.54
104.00	1994.14
105.00	1952.01
106.00	1942.64
107.00	2015.20
108.00	2113.50
109.00	1998.82
110.00	2045.63
111.00	2005.84
112.00	2136.91
113.00	2064.35
114.00	2057.33
115.00	2108.82
116.00	2132.23
117.00	2132.23
118.00	2019.88
119.00	2005.84
120.00	2146.27
121.00	2139.25
122.00	2113.50
123.00	2054.99
124.00	2221.17
125.00	2225.85
126.00	2246.91
127.00	2143.93
128.00	2181.38
129.00	2188.40
130.00	2230.53
131.00	2263.30
132.00	2246.91
133.00	2263.30
134.00	2235.21
135.00	2277.34
136.00	2267.98
137.00	2277.34
138.00	2380.32
139.00	2349.90
140.00	2368.62
141.00	2244.57
142.00	2375.64
143.00	2415.43
144.00	2413.09
145.00	2373.30
146.00	2373.30
147.00	2380.32
148.00	2408.41
149.00	2401.39
150.00	2380.32
151.00	2377.98
152.00	2424.80
153.00	2434.16
154.00	2478.63
155.00	2562.89
156.00	2422.45
157.00	2459.90
158.00	2530.12
159.00	2499.69
160.00	2478.63
161.00	2513.74
162.00	2595.65
163.00	2511.39
164.00	2495.01
165.00	2583.95
166.00	2579.27
167.00	2649.49
168.00	2551.18
169.00	2651.83
170.00	2675.23
171.00	2640.12
172.00	2497.35
173.00	2698.64
174.00	2796.94
175.00	2640.12
176.00	2808.64
177.00	2768.85
178.00	2700.98
179.00	2689.28
180.00	2820.35
181.00	2803.96
182.00	2813.32
183.00	2836.73
184.00	2857.79
185.00	2803.96
186.00	2881.20
187.00	2892.90
188.00	2911.63
189.00	2972.48
190.00	2981.84
191.00	2913.97
192.00	2953.76
193.00	2888.22
194.00	2965.46
195.00	3028.65
196.00	2949.08
197.00	2930.35
198.00	3047.38
199.00	3070.78
200.00	3185.47
201.00	3148.02
202.00	3145.68
203.00	3157.38
204.00	3178.45
205.00	3136.32
206.00	3208.87
207.00	3201.85
208.00	3248.66
209.00	3229.94
210.00	3185.47
211.00	3316.54
212.00	3173.77
213.00	3208.87
214.00	3197.17
215.00	3452.29
216.00	3361.01
217.00	3351.65
218.00	3424.20
219.00	3304.84
220.00	3510.80
221.00	3461.65
222.00	3318.88
223.00	3524.85
224.00	3571.66
225.00	3559.95
226.00	3569.32
227.00	3590.38
228.00	3688.68
229.00	3686.34
230.00	3686.34
231.00	3592.72
232.00	3648.90
233.00	3728.47
234.00	3667.62
235.00	3833.80
236.00	3693.37
237.00	3801.03
238.00	3819.75
239.00	3819.75
240.00	3829.12
241.00	4051.47
242.00	3997.64
243.00	3864.22
244.00	3950.82
245.00	4121.68
246.00	4119.34
247.00	4046.79
248.00	4121.68
249.00	4154.45
250.00	4109.98
251.00	4205.94
252.00	4208.28
253.00	4227.01
254.00	4294.88
255.00	4210.62
256.00	4451.70
257.00	4360.42
258.00	4348.72
259.00	4461.06
260.00	4383.82
261.00	4489.15
262.00	4507.87
263.00	4629.58
264.00	4564.04
265.00	4557.02
266.00	4660.01
267.00	4594.47
268.00	4702.14
269.00	4770.01
270.00	4674.05
271.00	4830.87
272.00	4842.57
273.00	4870.65
274.00	4877.68
275.00	4985.34
276.00	4819.16
277.00	4840.23
278.00	4880.02
279.00	4868.31
280.00	5041.51
281.00	5205.35
282.00	4980.66
283.00	4910.44
284.00	5083.64
285.00	5130.45
286.00	5055.56
287.00	5219.39
288.00	5064.92
289.00	5179.61
290.00	5289.61
291.00	5207.69
292.00	4901.08
293.00	5224.08
294.00	5231.10
295.00	5240.46
296.00	5345.78
297.00	5219.39
298.00	5242.80
299.00	5268.55
300.00	5198.33
301.00	5100.03
302.00	4992.36
303.00	5336.42
304.00	5413.66
305.00	5497.92
306.00	5308.34
307.00	5416.00
308.00	5191.31
309.00	5294.29
310.00	5076.62
311.00	5331.74
312.00	5387.91
313.00	5380.89
314.00	5509.62
315.00	5350.46
316.00	5352.81
317.00	5441.75
318.00	5416.00
319.00	5469.83
320.00	5387.91
321.00	5547.07
322.00	5427.70
323.00	5731.97
324.00	5479.19
325.00	5565.79
326.00	5465.15
327.00	5659.42
328.00	5607.92
329.00	5619.63
330.00	5699.20
331.00	5710.91
332.00	5434.72
333.00	5542.39
334.00	5776.44
335.00	5748.36
336.00	5724.95
337.00	5874.74
338.00	5837.30
339.00	5771.76
340.00	5898.15
341.00	5944.96
342.00	6223.48
343.00	5944.96
344.00	6064.33
345.00	5998.79
346.00	5998.79
347.00	5863.04
348.00	6211.78
349.00	6209.44
350.00	6186.04
351.00	6101.78
352.00	6279.66
353.00	6200.08
354.00	6153.27
355.00	6193.06
356.00	6094.76
357.00	6179.01
358.00	6359.24
359.00	6349.87
360.00	6478.60
361.00	6366.26
362.00	6464.56
363.00	6300.72
364.00	6427.11
365.00	6429.45
366.00	6604.99
367.00	6417.75
368.00	6579.25
369.00	6689.25
370.00	6359.24
371.00	6600.31
372.00	6562.86
373.00	6537.12
374.00	6686.91
375.00	6841.39
376.00	6707.98
377.00	6878.83
378.00	6747.76
379.00	6951.39
380.00	6834.36
381.00	7026.29
382.00	7030.97
383.00	7194.81
384.00	7016.93
385.00	7145.66
386.00	7258.00
387.00	7262.68
388.00	7232.26
389.00	7101.19
390.00	7442.90
391.00	7548.23
392.00	7372.69
393.00	7470.99
394.00	7295.45
395.00	7602.06
396.00	7548.23
397.00	7515.46
398.00	7801.01
399.00	7831.43
400.00	7899.31
401.00	7798.66
402.00	7707.38
403.00	7836.11
404.00	7887.61
405.00	8016.33
406.00	7983.57
407.00	8084.21
408.00	7941.44
409.00	7557.59
410.00	7815.05
411.00	7988.25
412.00	8138.04
413.00	8100.59
414.00	8187.19
415.00	7918.03
416.00	8128.68
417.00	8271.45
418.00	8315.92
419.00	8105.28
420.00	8198.90
421.00	8046.76
422.00	8297.20
423.00	8191.88
424.00	8070.17
425.00	8248.05
426.00	8219.96
427.00	7974.21
428.00	8271.45
429.00	8056.12
430.00	8255.07
431.00	8079.53
432.00	8182.51
433.00	8159.11
434.00	8121.66
435.00	8287.84
436.00	8414.23
437.00	8189.53
438.00	8374.44
439.00	8482.10
440.00	8709.13
441.00	8500.83
442.00	8573.38
443.00	8446.99
444.00	8461.04
445.00	8564.02
446.00	8634.24
447.00	8702.11
448.00	8753.60
449.00	8678.71
450.00	8526.57
451.00	8585.08
452.00	8936.17
453.00	8791.05
454.00	8629.56
455.00	8865.95
456.00	8713.81
457.00	8849.57
458.00	8805.10
459.00	8940.85
460.00	8734.88
461.00	8788.71
462.00	8748.92
463.00	8784.03
464.00	8945.53
465.00	9214.69
466.00	9013.40
467.00	9210.01
468.00	8964.25
469.00	9198.31
470.00	9240.44
471.00	9102.34
472.00	9256.82
473.00	9350.44
474.00	9451.08
475.00	9551.73
476.00	9425.34
477.00	9432.36
478.00	9856.00
479.00	9415.98
480.00	9521.30
481.00	9565.77
482.00	9774.08
483.00	9619.60
484.00	9668.75
485.00	10050.26
486.00	9668.75
487.00	9540.02
488.00	9818.55
489.00	9853.66
490.00	9994.09
491.00	9858.34
492.00	9975.36
493.00	9928.55
494.00	10078.35
495.00	10005.79
496.00	10157.92
497.00	10050.26
498.00	10057.28
499.00	10312.40
500.00	10328.78
501.00	10207.08
502.00	10235.16
503.00	9991.75
504.00	10122.82
505.00	10246.87
506.00	10338.15
507.00	10565.18
508.00	10466.88
509.00	10363.89
510.00	10427.09
511.00	10544.11
512.00	10415.38
513.00	10354.53
514.00	10366.23
515.00	10499.64
516.00	10665.82
517.00	10640.08
518.00	10511.35
519.00	10684.55
520.00	10626.03
521.00	10848.38
522.00	10846.04
523.00	10609.65
524.00	10719.65
525.00	10876.47
526.00	10965.41
527.00	10892.85
528.00	10729.02
529.00	10836.68
530.00	10991.16
531.00	10916.26
532.00	10696.25
533.00	10733.70
534.00	10944.34
535.00	10778.17
536.00	11276.70
537.00	11054.35
538.00	11049.67
539.00	11302.45
540.00	11276.70
541.00	11171.38
542.00	11393.73
543.00	11080.10
544.00	11049.67
545.00	11550.54
546.00	11442.88
547.00	11433.52
548.00	11440.54
549.00	11623.10
550.00	11705.02
551.00	11688.64
552.00	11552.88
553.00	11461.60
554.00	11819.71
555.00	11683.95
556.00	12044.40
557.00	11733.11
558.00	11683.95
559.00	11679.27
560.00	11957.80
561.00	12215.26
562.00	12332.28
563.00	11880.56
564.00	12149.72
565.00	12215.26
566.00	12011.63
567.00	12610.81
568.00	12226.96
569.00	12355.69
570.00	12437.61
571.00	12786.35
572.00	12725.49
573.00	12585.06
574.00	12596.76
575.00	12699.75
576.00	12959.55
577.00	12982.95
578.00	13128.06
579.00	12985.29
580.00	13057.85
581.00	13144.45
582.00	13074.23
583.00	13437.02
584.00	13268.50
585.00	13429.99
586.00	13785.76
587.00	13652.34
588.00	13710.86
589.00	13671.07
590.00	13919.17
591.00	13907.46
592.00	13909.80
593.00	14258.54
594.00	14499.62
595.00	14363.87
596.00	14759.42
597.00	14841.34
598.00	15176.03
599.00	14682.18
600.00	15087.09
601.00	15232.21
602.00	15176.03
603.00	15569.24
604.00	15438.17
605.00	15566.90
606.00	16100.55
607.00	15761.17
608.00	16102.89
609.00	16121.61
610.00	15676.91
611.00	16013.95
612.00	16219.91
613.00	15997.56
614.00	16355.66
615.00	16512.48
616.00	16695.04
617.00	16751.21
618.00	16407.16
619.00	17144.42
620.00	16861.22
621.00	17235.70
622.00	17216.98
623.00	17432.31
624.00	18183.62
625.00	17666.36
626.00	17905.10
627.00	17879.35
628.00	17757.64
629.00	18061.91
630.00	18396.61
631.00	18925.57
632.00	18293.63
633.00	18752.37
634.00	18831.95
635.00	19201.76
636.00	19222.82
637.00	19417.08
638.00	19665.18
639.00	19538.79
640.00	19620.71
641.00	19756.46
642.00	19983.49
643.00	20135.63
644.00	20290.10
645.00	20753.53
646.00	20594.37
647.00	20711.40
648.00	20744.17
649.00	21057.80
650.00	21275.47
651.00	21603.14
652.00	21350.37
653.00	21701.45
654.00	21720.17
655.00	21727.19
656.00	21949.54
657.00	22050.19
658.00	22342.75
659.00	22136.79
660.00	22745.33
661.00	22780.43
662.00	22670.43
663.00	23241.52
664.00	23133.86
665.00	23192.37
666.00	23695.58
667.00	23578.56
668.00	23843.04
669.00	23538.77
670.00	23889.85
671.00	24121.56
672.00	24030.28
673.00	24397.74
674.00	24327.53
675.00	24709.04
676.00	24889.26
677.00	24966.49
678.00	25308.21
679.00	25223.95
680.00	25139.69
681.00	25340.98
682.00	25600.78
683.00	25486.09
684.00	25804.41
685.00	26288.90
686.00	26012.71
687.00	26113.36
688.00	26232.72
689.00	26214.00
690.00	26408.26
691.00	26913.82
692.00	26616.57
693.00	26986.38
694.00	27300.01
695.00	27449.80
696.00	27302.35
697.00	27278.94
698.00	27630.02
699.00	28175.37
700.00	27835.99
701.00	28011.53
702.00	27957.70
703.00	28250.27
704.00	28388.36
705.00	28802.63
706.00	28222.18
707.00	28861.15
708.00	29202.86
709.00	29209.89
710.00	29638.20
711.00	29340.96
712.00	29050.73
713.00	29294.14
714.00	29788.00
715.00	29549.26
716.00	29989.28
717.00	29989.28
718.00	30033.75
719.00	30125.04
720.00	30295.89
721.00	30302.92
722.00	30569.74
723.00	30707.83
724.00	30714.85
725.00	30756.98
726.00	30768.68
727.00	30621.23
728.00	30831.88
729.00	31377.22
730.00	30820.17
731.00	31328.07
732.00	31302.32
733.00	31646.38
734.00	31356.16
735.00	31374.88
736.00	31381.90
737.00	31641.70
738.00	31730.64
739.00	32107.47
740.00	32088.74
741.00	32084.06
742.00	32112.15
743.00	31903.84
744.00	32247.90
745.00	32645.79
746.00	32961.76
747.00	32992.19
748.00	33254.33
749.00	32725.37
750.00	32664.52
751.00	32659.84
752.00	32987.51
753.00	33469.66
754.00	33383.06
755.00	33144.33
756.00	33469.66
757.00	33802.02
758.00	33598.39
759.00	33879.25
760.00	33612.43
761.00	34288.85
762.00	34031.39
763.00	33916.70
764.00	34235.02
765.00	34082.88
766.00	34366.09
767.00	34321.62
768.00	34539.29
769.00	34490.13
770.00	34965.26
771.00	34939.52
772.00	35049.52
773.00	34562.69
774.00	35014.41
775.00	35447.41
776.00	35115.06
777.00	35583.16
778.00	35173.57
779.00	35899.14
780.00	35414.65
781.00	35363.15
782.00	35386.56
783.00	35819.56
784.00	35831.26
785.00	36196.38
786.00	36093.40
787.00	36407.03
788.00	36381.29
789.00	36250.22
790.00	36336.82
791.00	36547.47
792.00	37008.55
793.00	36591.94
794.00	37216.86
795.00	37186.43
796.00	36769.82
797.00	37046.00
798.00	36624.70
799.00	37446.23
800.00	37268.35
801.00	36952.38
802.00	37184.09
803.00	37846.46
804.00	37432.19
805.00	37352.61
806.00	37701.35
807.00	37579.64
808.00	38087.54
809.00	38223.29
810.00	38249.03
811.00	37649.86
812.00	38447.98
813.00	38043.07
814.00	37900.29
815.00	38394.15
816.00	38436.28
817.00	38761.61
818.00	38644.59
819.00	38539.26
820.00	38326.27
821.00	38763.95
822.00	38384.79
823.00	38181.16
824.00	38885.66
825.00	38562.67
826.00	39072.90
827.00	39161.84
828.00	39274.19
829.00	39093.97
830.00	39498.88
831.00	39136.10
832.00	39323.34
833.00	39651.02
834.00	39269.51
835.00	39524.63
836.00	39707.19
837.00	39454.41
838.00	39838.26
839.00	39707.19
840.00	39789.11
841.00	39866.34
842.00	40428.07
843.00	40219.77
844.00	40158.91
845.00	40636.38
846.00	40339.13
847.00	40322.75
848.00	40570.85
849.00	40512.33
850.00	40935.97
851.00	40744.05
852.00	40821.28
853.00	40526.38
854.00	40870.43
855.00	40568.51
856.00	41006.19
857.00	40648.08
858.00	41137.26
859.00	41301.09
860.00	41572.60
861.00	41357.27
862.00	41528.13
863.00	41488.34
864.00	41881.55
865.00	41766.86
866.00	41888.57
867.00	42078.15
868.00	42066.45
869.00	42036.02
870.00	42181.13
871.00	41558.55
872.00	41930.70
873.00	42127.30
874.00	41570.25
875.00	42270.08
876.00	42199.86
877.00	42557.96
878.00	42157.73
879.00	41874.52
880.00	42483.06
881.00	42541.58
882.00	42494.77
883.00	42564.98
884.00	43047.13
885.00	42506.47
886.00	42845.85
887.00	43150.12
888.00	42693.71
889.00	42354.33
890.00	43196.93
891.00	42789.67
892.00	42775.63
893.00	43112.67
894.00	43627.59
895.00	43302.25
896.00	43512.90
897.00	43475.45
898.00	42883.30
899.00	43035.43
900.00	43433.32
901.00	43304.59
902.00	43686.10
903.00	43419.28
904.00	43388.85
905.00	43590.14
906.00	43826.53
907.00	43522.26
908.00	44093.35
909.00	43674.40
910.00	44261.87
911.00	44631.68
912.00	44201.02
913.00	43763.34
914.00	44184.63
915.00	43695.46
916.00	44369.54
917.00	44353.15
918.00	44610.61
919.00	44484.22
920.00	44615.29
921.00	44875.09
922.00	45078.72
923.00	44509.97
924.00	44421.03
925.00	44577.84
926.00	44418.69
927.00	45015.52
928.00	45118.51
929.00	45006.16
930.00	45111.49
931.00	44423.37
932.00	45242.56
933.00	45483.63
934.00	44959.35
935.00	44964.03
936.00	45460.23
937.00	45415.76
938.00	45312.77
939.00	45181.70
940.00	45191.06
941.00	45394.69
942.00	45249.58
943.00	45574.91
944.00	45326.81
945.00	45961.10
946.00	45841.73
947.00	45815.99
948.00	45460.23
949.00	46031.32
950.00	45619.38
951.00	45588.95
952.00	45848.75
953.00	45785.56
954.00	45734.07
955.00	45839.39
956.00	46337.93
957.00	45659.17
958.00	45750.45
959.00	45741.09
960.00	46066.42
961.00	45621.72
962.00	45649.81
963.00	46487.72
964.00	46005.57
965.00	46314.52
966.00	46848.16
967.00	46813.05
968.00	46932.42
969.00	46752.20
970.00	46197.49
971.00	47009.66
972.00	46763.90
973.00	47360.74
974.00	46890.29
975.00	47105.62
976.00	47051.79
977.00	46834.12
978.00	46513.47
979.00	46581.34
980.00	46831.78
981.00	46873.91
982.00	47473.09
983.00	47487.13
984.00	47143.07
985.00	47337.33
986.00	47229.67
987.00	46979.23
988.00	46733.48
989.00	46806.03
990.00	46787.31
991.00	47189.88
992.00	47189.88
993.00	47657.99
994.00	47253.08
995.00	47892.04
996.00	47709.48
997.00	47547.98
998.00	47995.03
999.00	47730.54
1000.00	47709.48
1001.00	47784.38
1002.00	47948.21
1003.00	47618.20
1004.00	47686.07
1005.00	47562.03
1006.00	47707.14
1007.00	47552.66
1008.00	47863.96
1009.00	47878.00
1010.00	48067.58
1011.00	48240.78
1012.00	48493.56
1013.00	47966.94
1014.00	48264.19
1015.00	48353.13
1016.00	47793.74
1017.00	47901.40
1018.00	48030.13
1019.00	48629.31
1020.00	48215.04
1021.00	48381.21
1022.00	48437.39
1023.00	48825.92
1024.00	48435.05
1025.00	48154.18
1026.00	48332.06
1027.00	48589.52
1028.00	48374.19
1029.00	48561.44
1030.00	48722.93
1031.00	48570.80
1032.00	49242.53
1033.00	49118.48
1034.00	48453.77
1035.00	48741.66
1036.00	48556.75
1037.00	48744.00
1038.00	48900.81
1039.00	49181.68
1040.00	48755.70
1041.00	48711.23
1042.00	49008.48
1043.00	48671.44
1044.00	48856.34
1045.00	49113.80
1046.00	49027.20
1047.00	49036.56
1048.00	49139.55
1049.00	49429.77
1050.00	49029.54
1051.00	49373.60
1052.00	49303.38
1053.00	48893.79
1054.00	49256.57
1055.00	49017.84
1056.00	48877.41
1057.00	49074.01
1058.00	49607.65
1059.00	49209.76
1060.00	49303.38
1061.00	49354.88
1062.00	49345.51
1063.00	48964.01
1064.00	49160.61
1065.00	49092.74
1066.00	49137.21
1067.00	49467.22
1068.00	49258.91
1069.00	49724.68
1070.00	49160.61
1071.00	49865.11
1072.00	49670.85
1073.00	49577.23
1074.00	49600.63
1075.00	49464.88
1076.00	49717.66
1077.00	49261.26
1078.00	48992.09
1079.00	49462.54
1080.00	50047.68
1081.00	49984.48
1082.00	50073.42
1083.00	49696.59
1084.00	49790.22
1085.00	49233.17
1086.00	49338.49
1087.00	49450.84
1088.00	49853.41
1089.00	49570.21
1090.00	50003.20
1091.00	49921.29
1092.00	50209.17
1093.00	49661.49
1094.00	49879.16
1095.00	49853.41
1096.00	49853.41
1097.00	49776.17
1098.00	49832.35
1099.00	49675.53
1100.00	49785.54
1101.00	50129.59
1102.00	49624.04
1103.00	50057.04
1104.00	49776.17
1105.00	49792.56
1106.00	50007.89
1107.00	49741.06
1108.00	49736.38
1109.00	49909.58
1110.00	50190.45
1111.00	50218.53
1112.00	49815.96
1113.00	50284.07
1114.00	50129.59
1115.00	49778.51
1116.00	49904.90
1117.00	50157.68
1118.00	49724.68
1119.00	50220.87
1120.00	49928.31
1121.00	50206.83
1122.00	50092.15
1123.00	50248.96
1124.00	50162.36
1125.00	49961.08
1126.00	49928.31
1127.00	49813.62
1128.00	49792.56
1129.00	50124.91
1130.00	49602.97
1131.00	50014.91
1132.00	50148.32
1133.00	49930.65
1134.00	50080.44
1135.00	49921.29
1136.00	49888.52
1137.00	49563.18
1138.00	49521.05
1139.00	50024.27
1140.00	50019.59
1141.00	50218.53
1142.00	50120.23
1143.00	50031.29
1144.00	50099.17
1145.00	50145.98
1146.00	50274.71
1147.00	49806.60
1148.00	50012.57
1149.00	49766.81
1150.00	50071.08
1151.00	50136.62
1152.00	50344.92
1153.00	50197.47
1154.00	50267.69
1155.00	50040.65
1156.00	50162.36
1157.00	49993.84
1158.00	50216.19
1159.00	49947.03
1160.00	50042.99
1161.00	50028.95
1162.00	50078.10
1163.00	50305.13
1164.00	50068.74
1165.00	49998.52
1166.00	50031.29
1167.00	49579.57
1168.00	50384.71
1169.00	49925.97
1170.00	49247.21
1171.00	49661.49
1172.00	50047.68
1173.00	50204.49
1174.00	50024.27
1175.00	50038.31
1176.00	49883.84
1177.00	50291.09
1178.00	50024.27
1179.00	49893.20
1180.00	49649.78
1181.00	49867.45
1182.00	49656.81
1183.00	50042.99
1184.00	49963.42
1185.00	49881.50
1186.00	50302.79
1187.00	50124.91
1188.00	50080.44
1189.00	49986.82
1190.00	49502.33
1191.00	50066.40
1192.00	50150.66
1193.00	49614.68
1194.00	49932.99
1195.00	49717.66
1196.00	50344.92
1197.00	50312.16
1198.00	50143.64
1199.00	50211.51
1200.00	50082.78
1201.00	50047.68
1202.00	49499.99
1203.00	49752.77
1204.00	49785.54
1205.00	49965.76
1206.00	50272.37
1207.00	49811.28
1208.00	50010.23
1209.00	50000.86
1210.00	49979.80
1211.00	49794.90
1212.00	49989.16
1213.00	49766.81
1214.00	49371.26
1215.00	50000.86
1216.00	50101.51
1217.00	49916.61
1218.00	49989.16
1219.00	50120.23
1220.00	50270.03
1221.00	49982.14
1222.00	49734.04
1223.00	50028.95
1224.00	49516.37
1225.00	50038.31
1226.00	49804.26
1227.00	50197.47
1228.00	50035.97
1229.00	49827.66
1230.00	50078.10
1231.00	49961.08
1232.00	50012.57
1233.00	50468.97
1234.00	50230.24
1235.00	49762.13
1236.00	49581.91
1237.00	49436.80
1238.00	49940.01
1239.00	49822.98
1240.00	50260.66
1241.00	50307.47
1242.00	50073.42
1243.00	50218.53
1244.00	50225.56
1245.00	50192.79
1246.00	49689.57
1247.00	49572.55
1248.00	49904.90
1249.00	49792.56
1250.00	49787.88
1251.00	49925.97
1252.00	49867.45
1253.00	50206.83
1254.00	50281.73
1255.00	50607.06
1256.00	49916.61
1257.00	49991.50
1258.00	49708.30
1259.00	49727.02
1260.00	49537.44
1261.00	49991.50
1262.00	49703.62
1263.00	50440.89
1264.00	50965.17
1265.00	50080.44
1266.00	50480.67
1267.00	50206.83
1268.00	50134.28
1269.00	50143.64
1270.00	49855.75
1271.00	49862.77
1272.00	49975.12
1273.00	49886.18
1274.00	50052.36
1275.00	50059.38
1276.00	50295.77
1277.00	50183.43
1278.00	49942.35
1279.00	50253.64
1280.00	50295.77
1281.00	50028.95
1282.00	50253.64
1283.00	49827.66
1284.00	49759.79
1285.00	50176.40
1286.00	50440.89
1287.00	50089.80
1288.00	50803.67
1289.00	50330.88
1290.00	49820.64
1291.00	50195.13
1292.00	50101.51
1293.00	50085.12
1294.00	49855.75
1295.00	49963.42
1296.00	49792.56
1297.00	50220.87
1298.00	50026.61
1299.00	50138.96
1300.00	50483.01
1301.00	50504.08
1302.00	50148.32
1303.00	49574.89
1304.00	49855.75
1305.00	50092.15
1306.00	49902.56
1307.00	50045.33
1308.00	49773.83
1309.00	50204.49
1310.00	49897.88
1311.00	50438.54
1312.00	50080.44
1313.00	50227.90
1314.00	50078.10
1315.00	50335.56
1316.00	49928.31
1317.00	50160.02
1318.00	49776.17
1319.00	50087.46
1320.00	49986.82
1321.00	50057.04
1322.00	49935.33
1323.00	50281.73
1324.00	50155.34
1325.00	50148.32
1326.00	50218.53
1327.00	50260.66
1328.00	50045.33
1329.00	49944.69
1330.00	49855.75
1331.00	49839.37
1332.00	50045.33
1333.00	50209.17
1334.00	50340.24
1335.00	50419.82
1336.00	49956.39
1337.00	50000.86
1338.00	50120.23
1339.00	50021.93
1340.00	49949.37
1341.00	50064.06
1342.00	49965.76
1343.00	49860.43
1344.00	50045.33
1345.00	49808.94
1346.00	49715.32
1347.00	50122.57
1348.00	50260.66
1349.00	50190.45
1350.00	50117.89
1351.00	50054.70
1352.00	49984.48
1353.00	49659.15
1354.00	49380.62
1355.00	49492.97
1356.00	49963.42
1357.00	49560.84
1358.00	50024.27
1359.00	49518.71
1360.00	50028.95
1361.00	50038.31
1362.00	49909.58
1363.00	49893.20
1364.00	49504.67
1365.00	49773.83
1366.00	49752.77
1367.00	49139.55
1368.00	49553.82
1369.00	49331.47
1370.00	49296.36
1371.00	49593.61
1372.00	49125.50
1373.00	49488.29
1374.00	49961.08
1375.00	49619.36
1376.00	49277.64
1377.00	49434.45
1378.00	48992.09
1379.00	49544.46
1380.00	49420.41
1381.00	48905.49
1382.00	49043.59
1383.00	49308.07
1384.00	49469.56
1385.00	49469.56
1386.00	49184.02
1387.00	49301.04
1388.00	49380.62
1389.00	49228.49
1390.00	49151.25
1391.00	48718.25
1392.00	48797.83
1393.00	48818.89
1394.00	48474.84
1395.00	48722.93
1396.00	48877.41
1397.00	49144.23
1398.00	49127.84
1399.00	49509.35
1400.00	49083.37
1401.00	49146.57
1402.00	49034.22
1403.00	49074.01
1404.00	48697.19
1405.00	48252.48
1406.00	48570.80
1407.00	48493.56
1408.00	49024.86
1409.00	49113.80
1410.00	48879.75
1411.00	48905.49
1412.00	48821.23
1413.00	48444.41
1414.00	49123.16
1415.00	48708.89
1416.00	48964.01
1417.00	48186.95
1418.00	48315.68
1419.00	48608.25
1420.00	48353.13
1421.00	48367.17
1422.00	48706.55
1423.00	48956.99
1424.00	48563.78
1425.00	48449.09
1426.00	48421.00
1427.00	48514.62
1428.00	48657.40
1429.00	48259.51
1430.00	47784.38
1431.00	48027.79
1432.00	47941.19
1433.00	47973.96
1434.00	48098.01
1435.00	48165.88
1436.00	48154.18
1437.00	48039.50
1438.00	47880.34
1439.00	47805.44
1440.00	48004.39
1441.00	48041.84
1442.00	47924.81
1443.00	47751.61
1444.00	47782.04
1445.00	47533.94
1446.00	47503.51
1447.00	48006.73
1448.00	47807.78
1449.00	47129.03
1450.00	47763.31
1451.00	47936.51
1452.00	47931.83
1453.00	47842.89
1454.00	47679.05
1455.00	47505.85
1456.00	47580.75
1457.00	47019.02
1458.00	47421.59
1459.00	47552.66
1460.00	47098.60
1461.00	46944.12
1462.00	47370.10
1463.00	47304.57
1464.00	47489.47
1465.00	47604.16
1466.00	47246.05
1467.00	47480.11
1468.00	47119.66
1469.00	47164.14
1470.00	47047.11
1471.00	46513.47
1472.00	46859.87
1473.00	46836.46
1474.00	46806.03
1475.00	46653.90
1476.00	47407.55
1477.00	46756.88
1478.00	46916.04
1479.00	47437.98
1480.00	46934.76
1481.00	47131.37
1482.00	46841.14
1483.00	47023.70
1484.00	46298.14
1485.00	46810.71
1486.00	46529.85
1487.00	46344.95
1488.00	46351.97
1489.00	46698.37
1490.00	46426.87
1491.00	46218.56
1492.00	46506.44
1493.00	46312.18
1494.00	46225.58
1495.00	46358.99
1496.00	46232.60
1497.00	45914.29
1498.00	45890.88
1499.00	46333.24
1500.00	45954.08
1501.00	46199.83
1502.00	45930.67
1503.00	46239.62
1504.00	45668.53
1505.00	46560.28
1506.00	46244.30
1507.00	45787.90
1508.00	45949.40
1509.00	45755.13
1510.00	45469.59
1511.00	45893.22
1512.00	45600.66
1513.00	45406.39
1514.00	45298.73
1515.00	45811.31
1516.00	45963.44
1517.00	45366.60
1518.00	45439.16
1519.00	45312.77
1520.00	45593.64
1521.00	45701.30
1522.00	45324.47
1523.00	44823.60
1524.00	45535.12
1525.00	45467.25
1526.00	45462.57
1527.00	45134.89
1528.00	45195.74
1529.00	45551.51
1530.00	45048.29
1531.00	45474.27
1532.00	45090.42
1533.00	45067.02
1534.00	45198.09
1535.00	45270.64
1536.00	45226.17
1537.00	45120.85
1538.00	44931.26
1539.00	44676.15
1540.00	44418.69
1541.00	44964.03
1542.00	44755.72
1543.00	44516.99
1544.00	44318.04
1545.00	44685.51
1546.00	44554.44
1547.00	44708.91
1548.00	44776.79
1549.00	44818.92
1550.00	44849.35
1551.00	44748.70
1552.00	44491.24
1553.00	44229.10
1554.00	44289.96
1555.00	43723.55
1556.00	44320.38
1557.00	44531.03
1558.00	44444.43
1559.00	44587.21
1560.00	44137.82
1561.00	44596.57
1562.00	44758.06
1563.00	44296.98
1564.00	44524.01
1565.00	44142.50
1566.00	43943.56
1567.00	44203.36
1568.00	43992.71
1569.00	43868.66
1570.00	43723.55
1571.00	43770.36
1572.00	43395.87
1573.00	43882.70
1574.00	43969.30
1575.00	43878.02
1576.00	43751.63
1577.00	43445.02
1578.00	43627.59
1579.00	43826.53
1580.00	43899.09
1581.00	43606.52
1582.00	43615.88
1583.00	43278.85
1584.00	43288.21
1585.00	43594.82
1586.00	43854.62
1587.00	43091.60
1588.00	42857.55
1589.00	43414.60
1590.00	43737.59
1591.00	43508.22
1592.00	43969.30
1593.00	43159.48
1594.00	43543.33
1595.00	43339.70
1596.00	42780.31
1597.00	43089.26
1598.00	43016.71
1599.00	42981.60
1600.00	42745.20
1601.00	42880.95
1602.00	42883.30
1603.00	42873.93
1604.00	42927.77
1605.00	42988.62
1606.00	42794.36
1607.00	42707.76
1608.00	42707.76
1609.00	42560.30
1610.00	42567.32
1611.00	42490.09
1612.00	42227.95
1613.00	42337.95
1614.00	42822.44
1615.00	42602.43
1616.00	42281.78
1617.00	42731.16
1618.00	42745.20
1619.00	42396.46
1620.00	42284.12
1621.00	42443.27
1622.00	42511.15
1623.00	42691.37
1624.00	42471.36
1625.00	42052.41
1626.00	42792.01
1627.00	42274.76
1628.00	42029.00
1629.00	41914.31
1630.00	41951.76
1631.00	42209.22
1632.00	42019.64
1633.00	41706.01
1634.00	42277.10
1635.00	41963.46
1636.00	42307.52
1637.00	42171.77
1638.00	42452.64
1639.00	41799.63
1640.00	41385.35
1641.00	41202.79
1642.00	41511.74
1643.00	41284.71
1644.00	41869.84
1645.00	41532.81
1646.00	41734.09
1647.00	42117.94
1648.00	41890.91
1649.00	41804.31
1650.00	41340.88
1651.00	41743.45
1652.00	41392.37
1653.00	41921.34
1654.00	41993.89
1655.00	41504.72
1656.00	40917.25
1657.00	41462.59
1658.00	41357.27
1659.00	41635.79
1660.00	40851.71
1661.00	41155.98
1662.00	41322.16
1663.00	40928.95
1664.00	41013.21
1665.00	41123.21
1666.00	41226.20
1667.00	41055.34
1668.00	41081.08
1669.00	41254.28
1670.00	41034.27
1671.00	40472.54
1672.00	41249.60
1673.00	41099.81
1674.00	40318.07
1675.00	40472.54
1676.00	40863.41
1677.00	40629.36
1678.00	40507.65
1679.00	40346.15
1680.00	40533.40
1681.00	40641.06
1682.00	40509.99
1683.00	40432.75
1684.00	40584.89
1685.00	40776.81
1686.00	40444.46
1687.00	40149.55
1688.00	40275.94
1689.00	40339.13
1690.00	40292.32
1691.00	39826.56
1692.00	40072.31
1693.00	39878.05
1694.00	40100.40
1695.00	39992.73
1696.00	39999.76
1697.00	39945.92
1698.00	40205.72
1699.00	40229.13
1700.00	39641.65
1701.00	39639.31
1702.00	39487.18
1703.00	39758.68
1704.00	39454.41
1705.00	39927.20
1706.00	39524.63
1707.00	39784.43
1708.00	39037.80
1709.00	39660.38
1710.00	39901.45
1711.00	39695.49
1712.00	38983.96
1713.00	40233.81
1714.00	39571.44
1715.00	39688.46
1716.00	39491.86
1717.00	39299.94
1718.00	39409.94
1719.00	38976.94
1720.00	39152.48
1721.00	39035.45
1722.00	38527.56
1723.00	38763.95
1724.00	38630.54
1725.00	38361.38
1726.00	38789.70
1727.00	38265.42
1728.00	38689.06
1729.00	38658.63
1730.00	38541.60
1731.00	38550.96
1732.00	38646.93
1733.00	38394.15
1734.00	38162.43
1735.00	38370.74
1736.00	37926.04
1737.00	37986.89
1738.00	37832.42
1739.00	37902.64
1740.00	37977.53
1741.00	37656.88
1742.00	37947.11
1743.00	37977.53
1744.00	37881.57
1745.00	37998.60
1746.00	37703.69
1747.00	37937.74
1748.00	37495.38
1749.00	37083.45
1750.00	37659.22
1751.00	37537.51
1752.00	37425.17
1753.00	37038.98
1754.00	36903.23
1755.00	36627.04
1756.00	37113.87
1757.00	37106.85
1758.00	37027.28
1759.00	36720.66
1760.00	37287.07
1761.00	37462.61
1762.00	37053.02
1763.00	36835.35
1764.00	36636.41
1765.00	36687.90
1766.00	36652.79
1767.00	36673.85
1768.00	36395.33
1769.00	36325.11
1770.00	36503.00
1771.00	36671.51
1772.00	36568.53
1773.00	36360.22
1774.00	36329.80
1775.00	36287.67
1776.00	36163.62
1777.00	36079.36
1778.00	36151.91
1779.00	36196.38
1780.00	35653.38
1781.00	36041.91
1782.00	35880.41
1783.00	35962.33
1784.00	35400.60
1785.00	35597.21
1786.00	35501.25
1787.00	35014.41
1788.00	34974.63
1789.00	35283.58
1790.00	35278.89
1791.00	35271.87
1792.00	35321.02
1793.00	34855.26
1794.00	35033.14
1795.00	35370.18
1796.00	34780.36
1797.00	35037.82
1798.00	34820.15
1799.00	35255.49
1800.00	35086.97
1801.00	34665.67
1802.00	34176.50
1803.00	34223.31
1804.00	34412.90
1805.00	33933.09
1806.00	33844.15
1807.00	34099.26
1808.00	33897.98
1809.00	34094.58
1810.00	34164.80
1811.00	34443.32
1812.00	34015.01
1813.00	33933.09
1814.00	34057.14
1815.00	33474.34
1816.00	33940.11
1817.00	33778.61
1818.00	33617.11
1819.00	33525.83
1820.00	32954.74
1821.00	33165.39
1822.00	32907.93
1823.00	33240.29
1824.00	32938.36
1825.00	32823.67
1826.00	32828.35
1827.00	33144.33
1828.00	32844.74
1829.00	32868.14
1830.00	32676.22
1831.00	32116.83
1832.00	32470.25
1833.00	32573.24
1834.00	32280.67
1835.00	32189.39
1836.00	32400.04
1837.00	31931.93
1838.00	31948.31
1839.00	31674.47
1840.00	31721.28
1841.00	31442.76
1842.00	31431.05
1843.00	31398.29
1844.00	31421.69
1845.00	31522.34
1846.00	31468.50
1847.00	31094.02
1848.00	31648.72
1849.00	31035.50
1850.00	31192.32
1851.00	30913.80
1852.00	30831.88
1853.00	30398.88
1854.00	30632.93
1855.00	30401.22
1856.00	30263.13
1857.00	30298.23
1858.00	30160.14
1859.00	30190.57
1860.00	30122.69
1861.00	30178.87
1862.00	29867.58
1863.00	29792.68
1864.00	29888.64
1865.00	30059.50
1866.00	29495.43
1867.00	29605.44
1868.00	29738.85
1869.00	29469.69
1870.00	29284.78
1871.00	29350.32
1872.00	28919.66
1873.00	28580.28
1874.00	28863.49
1875.00	29074.13
1876.00	28800.29
1877.00	28404.74
1878.00	28236.22
1879.00	28381.34
1880.00	28442.19
1881.00	28056.00
1882.00	28507.72
1883.00	28339.21
1884.00	28306.44
1885.00	28091.11
1886.00	27915.57
1887.00	28175.37
1888.00	27700.24
1889.00	27281.28
1890.00	27138.51
1891.00	27459.16
1892.00	27037.87
1893.00	26953.61
1894.00	27028.51
1895.00	26494.86
1896.00	27016.80
1897.00	27026.17
1898.00	26944.25
1899.00	26838.92
1900.00	27243.84
1901.00	26925.52
1902.00	26555.72
1903.00	26405.92
1904.00	26284.22
1905.00	26499.55
1906.00	26459.76
1907.00	26099.31
1908.00	25811.43
1909.00	25530.56
1910.00	25465.03
1911.00	25078.84
1912.00	25329.28
1913.00	25584.40
1914.00	25481.41
1915.00	25301.19
1916.00	25446.30
1917.00	25666.31
1918.00	25362.04
1919.00	25198.21
1920.00	25174.80
1921.00	25181.82
1922.00	24922.02
1923.00	24762.87
1924.00	24659.88
1925.00	24929.05
1926.00	24144.97
1927.00	24299.44
1928.00	23658.14
1929.00	24149.65
1930.00	24301.78
1931.00	23779.84
1932.00	24278.38
1933.00	23868.78
1934.00	24327.53
1935.00	23845.38
1936.00	24072.41
1937.00	23718.99
1938.00	23447.49
1939.00	23908.57
1940.00	23480.25
1941.00	23669.84
1942.00	23257.90
1943.00	23005.13
1944.00	23115.13
1945.00	22923.21
1946.00	22546.38
1947.00	22581.49
1948.00	22544.04
1949.00	22398.93
1950.00	22445.74
1951.00	22787.46
1952.00	22473.82
1953.00	22445.74
1954.00	22382.54
1955.00	22174.24
1956.00	22504.25
1957.00	22052.53
1958.00	22153.17
1959.00	22010.40
1960.00	21818.47
1961.00	21626.55
1962.00	21378.45
1963.00	21586.76
1964.00	21296.53
1965.00	21563.36
1966.00	20985.24
1967.00	21013.33
1968.00	21228.66
1969.00	21018.01
1970.00	20751.19
1971.00	20800.34
1972.00	20821.41
1973.00	20720.76
1974.00	20421.17
1975.00	20744.17
1976.00	20477.35
1977.00	20250.32
1978.00	20556.93
1979.00	20128.61
1980.00	20231.59
1981.00	20446.92
1982.00	20098.18
1983.00	19754.12
1984.00	19693.27
1985.00	19953.07
1986.00	19662.84
1987.00	19363.25
1988.00	19281.33
1989.00	19220.48
1990.00	19351.55
1991.00	19185.37
1992.00	19400.70
1993.00	18633.00
1994.00	19208.78
1995.00	19005.15
1996.00	19037.92
1997.00	18916.21
1998.00	18794.50
1999.00	18916.21
2000.00	18829.61
2001.00	18328.74
2002.00	18614.28
2003.00	18429.38
2004.00	18640.03
2005.00	18104.04
2006.00	17881.69
2007.00	18012.76
2008.00	18085.32
2009.00	18022.12
2010.00	17607.85
2011.00	18024.47
2012.00	17624.23
2013.00	17640.62
2014.00	17783.39
2015.00	17500.19
2016.00	17685.09
2017.00	17413.59
2018.00	17476.78
2019.00	17451.03
2020.00	17209.96
2021.00	17224.00
2022.00	16961.86
2023.00	16786.32
2024.00	16809.73
2025.00	16774.62
2026.00	16695.04
2027.00	16390.77
2028.00	16404.81
2029.00	16507.80
2030.00	16575.67
2031.00	16491.41
2032.00	16400.13
2033.00	16524.18
2034.00	16322.90
2035.00	16219.91
2036.00	15894.58
2037.00	15915.64
2038.00	16011.60
2039.00	15744.78
2040.00	15751.81
2041.00	15885.22
2042.00	15742.44
2043.00	15613.71
2044.00	15639.46
2045.00	15613.71
2046.00	15536.48
2047.00	15272.00
