0.00	1046.22
1.00	1046.22
2.00	1046.22
3.00	978.34
4.00	1027.50
5.00	938.55
6.00	959.62
7.00	961.96
8.00	983.02
9.00	919.83
10.00	887.06
11.00	964.30
12.00	968.98
13.00	973.66
14.00	926.85
15.00	945.58
16.00	908.13
17.00	917.49
18.00	978.34
19.00	973.66
20.00	954.94
21.00	950.26
22.00	1025.15
23.00	1060.26
24.00	1135.16
25.00	1364.53
26.00	1357.51
27.00	1504.96
28.00	1425.39
29.00	1446.45
30.00	1488.58
31.00	1483.90
32.00	1481.56
33.00	1448.79
34.00	1523.69
35.00	1448.79
36.00	1523.69
37.00	1556.46
38.00	1549.43
39.00	1605.61
40.00	1586.88
41.00	1631.35
42.00	1614.97
43.00	1643.06
44.00	1640.72
45.00	1563.48
46.00	1537.73
47.00	1617.31
48.00	1708.59
49.00	1624.33
50.00	1680.50
51.00	1631.35
52.00	1645.40
53.00	1617.31
54.00	1596.25
55.00	1706.25
56.00	1673.48
57.00	1701.57
58.00	1666.46
59.00	1724.97
60.00	1703.91
61.00	1715.61
62.00	1701.57
63.00	1687.53
64.00	1689.87
65.00	1832.64
66.00	1804.55
67.00	1760.08
68.00	1771.79
69.00	1755.40
70.00	1724.97
71.00	1757.74
72.00	1743.70
73.00	1790.51
74.00	1806.89
75.00	1881.79
76.00	1729.66
77.00	1795.19
78.00	1767.10
79.00	1891.15
80.00	1832.64
81.00	1825.62
82.00	1834.98
83.00	1834.98
84.00	1748.38
85.00	1886.47
86.00	1956.69
87.00	1818.60
88.00	1856.04
89.00	1802.21
90.00	1792.85
91.00	1860.73
92.00	1942.64
93.00	1928.60
94.00	1851.36
95.00	1907.54
96.00	1888.81
97.00	1966.05
98.00	1998.82
99.00	1905.20
100.00	2010.52
101.00	1980.09
102.00	1884.13
103.00	2003.50
104.00	1872.43
105.00	2059.67
106.00	2005.84
107.00	2033.93
108.00	1968.39
109.00	2052.65
110.00	2062.01
111.00	1970.73
112.00	2099.46
113.00	2017.54
114.00	2001.16
115.00	2033.93
116.00	2120.53
117.00	2104.14
118.00	2125.21
119.00	2099.46
120.00	2125.21
121.00	2062.01
122.00	2153.29
123.00	2087.76
124.00	2160.31
125.00	2104.14
126.00	2204.78
127.00	2083.08
128.00	2162.66
129.00	2181.38
130.00	2260.96
131.00	2193.08
132.00	2195.42
133.00	2223.51
134.00	2319.47
135.00	2253.94
136.00	2181.38
137.00	2347.56
138.00	2342.88
139.00	2286.70
140.00	2366.28
141.00	2279.68
142.00	2354.58
143.00	2275.00
144.00	2249.25
145.00	2317.13
146.00	2349.90
147.00	2399.05
148.00	2399.05
149.00	2368.62
150.00	2445.86
151.00	2495.01
152.00	2452.88
153.00	2450.54
154.00	2511.39
155.00	2422.45
156.00	2436.50
157.00	2464.58
158.00	2513.74
159.00	2553.52
160.00	2523.10
161.00	2565.23
162.00	2527.78
163.00	2525.44
164.00	2595.65
165.00	2546.50
166.00	2665.87
167.00	2588.63
168.00	2640.12
169.00	2649.49
170.00	2644.81
171.00	2677.57
172.00	2663.53
173.00	2672.89
174.00	2691.62
175.00	2736.09
176.00	2698.64
177.00	2789.92
178.00	2729.06
179.00	2759.49
180.00	2768.85
181.00	2724.38
182.00	2761.83
183.00	2864.82
184.00	2946.73
185.00	2862.48
186.00	2818.00
187.00	2906.95
188.00	2881.20
189.00	2815.66
190.00	2967.80
191.00	2953.76
192.00	2874.18
193.00	2899.92
194.00	2963.12
195.00	3054.40
196.00	3040.36
197.00	3082.49
198.00	3030.99
199.00	3112.91
200.00	3157.38
201.00	3047.38
202.00	3133.98
203.00	3042.70
204.00	3141.00
205.00	3143.34
206.00	3173.77
207.00	3295.47
208.00	3272.07
209.00	3330.58
210.00	3173.77
211.00	3379.73
212.00	3162.06
213.00	3274.41
214.00	3255.69
215.00	3185.47
216.00	3314.20
217.00	3339.94
218.00	3442.93
219.00	3442.93
220.00	3447.61
221.00	3405.48
222.00	3480.38
223.00	3569.32
224.00	3534.21
225.00	3496.76
226.00	3552.93
227.00	3403.14
228.00	3632.51
229.00	3695.71
230.00	3637.19
231.00	3641.87
232.00	3695.71
233.00	3658.26
234.00	3843.16
235.00	3761.24
236.00	3899.33
237.00	3852.52
238.00	3833.80
239.00	3873.59
240.00	3889.97
241.00	3861.88
242.00	3847.84
243.00	3911.04
244.00	3878.27
245.00	4030.40
246.00	3981.25
247.00	3992.95
248.00	4124.02
249.00	4161.47
250.00	4205.94
251.00	4205.94
252.00	4147.43
253.00	4189.56
254.00	4285.52
255.00	4407.23
256.00	4264.46
257.00	4393.19
258.00	4627.24
259.00	4554.68
260.00	4582.77
261.00	4358.08
262.00	4557.02
263.00	4538.30
264.00	4638.94
265.00	4634.26
266.00	4685.75
267.00	4720.86
268.00	4688.09
269.00	4791.08
270.00	4945.55
271.00	4858.95
272.00	4725.54
273.00	4894.06
274.00	4793.42
275.00	4865.97
276.00	4889.38
277.00	4964.28
278.00	4959.60
279.00	5025.13
280.00	5128.11
281.00	5067.26
282.00	5041.51
283.00	4915.12
284.00	4905.76
285.00	5004.07
286.00	5111.73
287.00	5238.12
288.00	5221.74
289.00	5053.22
290.00	5181.95
291.00	5081.30
292.00	5074.28
293.00	5327.06
294.00	5369.19
295.00	5336.42
296.00	5247.48
297.00	5420.68
298.00	5401.96
299.00	5247.48
300.00	5146.84
301.00	5301.31
302.00	4999.38
303.00	5296.63
304.00	5268.55
305.00	5366.85
306.00	5404.30
307.00	5352.81
308.00	5320.04
309.00	5462.81
310.00	5217.05
311.00	5240.46
312.00	5474.51
313.00	5432.38
314.00	5509.62
315.00	5500.26
316.00	5432.38
317.00	5514.30
318.00	5479.19
319.00	5528.35
320.00	5483.88
321.00	5563.45
322.00	5589.20
323.00	5570.48
324.00	5661.76
325.00	5668.78
326.00	5640.69
327.00	5795.17
328.00	5558.77
329.00	5657.07
330.00	5619.63
331.00	5738.99
332.00	5547.07
333.00	5497.92
334.00	5703.89
335.00	5930.92
336.00	6026.88
337.00	5888.79
338.00	5809.21
339.00	5809.21
340.00	5987.09
341.00	6073.69
342.00	5914.53
343.00	6085.39
344.00	6008.16
345.00	6136.88
346.00	6047.94
347.00	6204.76
348.00	6078.37
349.00	6118.16
350.00	6031.56
351.00	5966.03
352.00	6265.61
353.00	6150.93
354.00	6204.76
355.00	6274.98
356.00	6176.67
357.00	6335.83
358.00	6450.52
359.00	6326.47
360.00	6565.20
361.00	6399.02
362.00	6686.91
363.00	6572.22
364.00	6443.49
365.00	6401.37
366.00	6401.37
367.00	6607.33
368.00	6616.69
369.00	6600.31
370.00	6518.39
371.00	6691.59
372.00	6492.65
373.00	6715.00
374.00	6576.91
375.00	6722.02
376.00	6817.98
377.00	6715.00
378.00	6691.59
379.00	7126.93
380.00	7052.03
381.00	6937.35
382.00	7117.57
383.00	7159.70
384.00	7045.01
385.00	7323.54
386.00	7274.38
387.00	7286.09
388.00	7353.96
389.00	7328.22
390.00	7337.58
391.00	7522.48
392.00	7531.84
393.00	7417.16
394.00	7637.17
395.00	7550.57
396.00	7763.56
397.00	7726.11
398.00	7899.31
399.00	7854.84
400.00	7730.79
401.00	7632.49
402.00	7927.39
403.00	7824.41
404.00	8023.36
405.00	7981.23
406.00	8032.72
407.00	8241.03
408.00	7988.25
409.00	7660.57
410.00	7850.16
411.00	7889.95
412.00	8128.68
413.00	7882.92
414.00	8313.58
415.00	8124.00
416.00	7925.05
417.00	7946.12
418.00	8241.03
419.00	8168.47
420.00	8245.71
421.00	8325.29
422.00	8114.64
423.00	8135.70
424.00	8070.17
425.00	8205.92
426.00	8203.58
427.00	8021.02
428.00	7988.25
429.00	8313.58
430.00	8187.19
431.00	7976.55
432.00	8283.16
433.00	8215.28
434.00	8400.18
435.00	8397.84
436.00	8332.31
437.00	8315.92
438.00	8444.65
439.00	8528.91
440.00	8753.60
441.00	8498.49
442.00	8807.44
443.00	8603.81
444.00	8730.20
445.00	8746.58
446.00	8711.47
447.00	8657.64
448.00	8795.73
449.00	8732.54
450.00	8423.59
451.00	8552.32
452.00	8891.70
453.00	8746.58
454.00	8734.88
455.00	8814.46
456.00	8730.20
457.00	9041.49
458.00	8938.51
459.00	8847.22
460.00	8879.99
461.00	8973.61
462.00	8952.55
463.00	8992.34
464.00	8835.52
465.00	9064.89
466.00	9046.17
467.00	9165.54
468.00	9074.26
469.00	9158.52
470.00	9177.24
471.00	9357.46
472.00	9312.99
473.00	9430.02
474.00	9479.17
475.00	9558.75
476.00	9312.99
477.00	9507.26
478.00	9511.94
479.00	9675.77
480.00	9699.18
481.00	9699.18
482.00	9736.63
483.00	9909.83
484.00	9816.21
485.00	9888.76
486.00	9738.97
487.00	9832.59
488.00	9975.36
489.00	9795.14
490.00	9830.25
491.00	10008.13
492.00	10101.75
493.00	9710.88
494.00	10085.37
495.00	10260.91
496.00	10150.90
497.00	10188.35
498.00	10193.03
499.00	10235.16
500.00	10448.15
501.00	10434.11
502.00	10178.99
503.00	10178.99
504.00	10384.96
505.00	10370.91
506.00	10415.38
507.00	10555.82
508.00	10696.25
509.00	10513.69
510.00	10422.41
511.00	10511.35
512.00	10548.79
513.00	10586.24
514.00	10628.37
515.00	10558.16
516.00	10581.56
517.00	10719.65
518.00	10789.87
519.00	10827.32
520.00	10808.59
521.00	10911.58
522.00	10876.47
523.00	10675.18
524.00	10911.58
525.00	10892.85
526.00	11028.60
527.00	11005.20
528.00	10860.09
529.00	11119.89
530.00	11211.17
531.00	11255.64
532.00	10916.26
533.00	10897.53
534.00	10958.39
535.00	11190.10
536.00	11283.72
537.00	10824.98
538.00	11190.10
539.00	11403.09
540.00	11054.35
541.00	10942.00
542.00	11494.37
543.00	11585.65
544.00	11124.57
545.00	11365.64
546.00	11583.31
547.00	11499.05
548.00	11534.16
549.00	11609.06
550.00	11613.74
551.00	11899.28
552.00	11866.52
553.00	11927.37
554.00	11590.33
555.00	11735.45
556.00	11964.82
557.00	11548.20
558.00	11726.08
559.00	12023.33
560.00	11805.66
561.00	12189.51
562.00	12308.88
563.00	12276.11
564.00	12081.85
565.00	12430.59
566.00	12266.75
567.00	12657.62
568.00	12372.07
569.00	12620.17
570.00	12315.90
571.00	12709.11
572.00	12596.76
573.00	12741.88
574.00	13130.41
575.00	12849.54
576.00	13224.03
577.00	13149.13
578.00	12985.29
579.00	13352.76
580.00	13027.42
581.00	13338.71
582.00	13319.99
583.00	13415.95
584.00	13486.17
585.00	13729.58
586.00	13984.70
587.00	14043.21
588.00	13729.58
589.00	13816.18
590.00	14052.58
591.00	14263.22
592.00	14033.85
593.00	14469.19
594.00	14754.74
595.00	14487.92
596.00	14738.35
597.00	14831.97
598.00	14881.13
599.00	14930.28
600.00	15012.20
601.00	15295.40
602.00	15311.78
603.00	15248.59
604.00	15667.55
605.00	15578.61
606.00	16072.46
607.00	15852.45
608.00	16030.33
609.00	15761.17
610.00	15955.43
611.00	16393.11
612.00	15948.41
613.00	16423.54
614.00	16704.40
615.00	16727.81
616.00	16666.95
617.00	17172.51
618.00	16725.47
619.00	17188.89
620.00	17149.11
621.00	17451.03
622.00	17493.16
623.00	17682.75
624.00	17921.48
625.00	17802.11
626.00	17977.65
627.00	18225.75
628.00	18143.83
629.00	18434.06
630.00	18845.99
631.00	18586.19
632.00	18633.00
633.00	18773.44
634.00	19105.79
635.00	19194.73
636.00	19278.99
637.00	19517.73
638.00	19864.13
639.00	19311.76
640.00	19442.83
641.00	20091.16
642.00	20027.96
643.00	20187.12
644.00	20238.61
645.00	20734.81
646.00	20636.50
647.00	21046.10
648.00	20912.69
649.00	21095.25
650.00	21322.28
651.00	21617.19
652.00	21965.93
653.00	21827.84
654.00	21785.71
655.00	22174.24
656.00	22239.77
657.00	22157.85
658.00	22368.50
659.00	22548.72
660.00	22965.34
661.00	23019.17
662.00	23108.11
663.00	23173.64
664.00	23353.87
665.00	23686.22
666.00	23545.79
667.00	23798.57
668.00	23988.15
669.00	23939.00
670.00	24049.00
671.00	24350.93
672.00	24687.97
673.00	24910.32
674.00	24659.88
675.00	24606.05
676.00	24751.17
677.00	24851.81
678.00	25420.56
679.00	25371.41
680.00	25511.84
681.00	25724.83
682.00	26082.93
683.00	25469.71
684.00	26073.57
685.00	26001.01
686.00	26609.55
687.00	26534.65
688.00	26682.11
689.00	26663.38
690.00	26766.37
691.00	26890.41
692.00	27019.14
693.00	27634.71
694.00	27257.88
695.00	28098.13
696.00	27449.80
697.00	27793.86
698.00	27878.12
699.00	28194.09
700.00	28362.61
701.00	28453.89
702.00	28444.53
703.00	28664.54
704.00	28587.30
705.00	28980.51
706.00	28627.09
707.00	29467.34
708.00	29345.64
709.00	29642.88
710.00	29926.09
711.00	29474.37
712.00	29589.05
713.00	29467.34
714.00	29914.39
715.00	30010.35
716.00	29900.34
717.00	30532.29
718.00	30394.20
719.00	30092.27
720.00	30469.09
721.00	30164.82
722.00	30551.01
723.00	30787.41
724.00	30920.82
725.00	31110.40
726.00	30609.53
727.00	30405.90
728.00	31351.48
729.00	31213.38
730.00	31517.65
731.00	31850.01
732.00	31709.58
733.00	31611.28
734.00	31658.09
735.00	31534.04
736.00	31718.94
737.00	31756.39
738.00	31936.61
739.00	32451.53
740.00	32201.09
741.00	32378.97
742.00	32430.46
743.00	32385.99
744.00	32453.87
745.00	32833.04
746.00	32847.08
747.00	32933.68
748.00	33006.23
749.00	33043.68
750.00	33013.26
751.00	33359.66
752.00	32980.49
753.00	33298.80
754.00	33699.03
755.00	33832.44
756.00	33488.38
757.00	33888.62
758.00	33586.69
759.00	34169.48
760.00	33682.65
761.00	34129.69
762.00	34436.30
763.00	34312.25
764.00	34199.91
765.00	34347.36
766.00	34424.60
767.00	34646.95
768.00	35082.29
769.00	34855.26
770.00	34644.61
771.00	35220.38
772.00	35068.25
773.00	34951.22
774.00	35255.49
775.00	35775.09
776.00	35608.91
777.00	35529.33
778.00	35931.90
779.00	35728.28
780.00	35585.50
781.00	35573.80
782.00	35901.48
783.00	36142.55
784.00	36002.12
785.00	36587.25
786.00	36313.41
787.00	36973.44
788.00	36517.04
789.00	36982.80
790.00	36844.71
791.00	36718.32
792.00	37331.54
793.00	37268.35
794.00	37427.51
795.00	37036.64
796.00	37322.18
797.00	37247.29
798.00	37116.22
799.00	37631.13
800.00	37626.45
801.00	37507.08
802.00	37263.67
803.00	37745.82
804.00	37820.72
805.00	37855.82
806.00	37949.45
807.00	37998.60
808.00	37670.92
809.00	38368.40
810.00	38433.94
811.00	38539.26
812.00	38492.45
813.00	38567.35
814.00	38127.33
815.00	38752.25
816.00	38450.32
817.00	38794.38
818.00	39173.55
819.00	38916.09
820.00	39028.43
821.00	38829.49
822.00	38747.57
823.00	38782.68
824.00	38951.20
825.00	39306.96
826.00	39152.48
827.00	39531.65
828.00	39718.89
829.00	39402.92
830.00	39906.13
831.00	39639.31
832.00	39508.24
833.00	40268.92
834.00	39576.12
835.00	39978.69
836.00	39489.52
837.00	40011.46
838.00	39838.26
839.00	40385.94
840.00	40240.83
841.00	40076.99
842.00	40655.11
843.00	40484.25
844.00	40947.67
845.00	40896.18
846.00	40687.87
847.00	40830.65
848.00	41048.32
849.00	40762.77
850.00	41736.43
851.00	41347.90
852.00	41537.49
853.00	41177.04
854.00	41495.36
855.00	40720.64
856.00	41588.98
857.00	41649.83
858.00	41907.29
859.00	41958.78
860.00	41610.04
861.00	41717.71
862.00	41350.24
863.00	41631.11
864.00	41666.22
865.00	41911.97
866.00	42036.02
867.00	42712.44
868.00	42206.88
869.00	42169.43
870.00	42721.80
871.00	42141.35
872.00	42377.74
873.00	42162.41
874.00	42401.14
875.00	42576.69
876.00	42887.98
877.00	43349.06
878.00	43138.41
879.00	42536.90
880.00	42918.40
881.00	42529.87
882.00	43196.93
883.00	42546.26
884.00	43264.80
885.00	43112.67
886.00	43126.71
887.00	43124.37
888.00	42979.26
889.00	43164.16
890.00	43131.39
891.00	43311.61
892.00	43430.98
893.00	43484.81
894.00	43217.99
895.00	43414.60
896.00	43658.01
897.00	43627.59
898.00	44004.41
899.00	43643.97
900.00	44006.75
901.00	44194.00
902.00	44547.42
903.00	44378.90
904.00	44027.82
905.00	44032.50
906.00	44217.40
907.00	43643.97
908.00	44423.37
909.00	43791.42
910.00	44215.06
911.00	44502.95
912.00	44734.66
913.00	44404.64
914.00	44332.09
915.00	44357.83
916.00	44673.81
917.00	44678.49
918.00	44854.03
919.00	45099.78
920.00	45027.23
921.00	44582.52
922.00	45413.41
923.00	44657.42
924.00	44570.82
925.00	45001.48
926.00	44828.28
927.00	45104.46
928.00	45413.41
929.00	45586.61
930.00	45429.80
931.00	45336.18
932.00	45490.65
933.00	45469.59
934.00	45214.47
935.00	45631.08
936.00	45310.43
937.00	46033.66
938.00	45642.79
939.00	45408.73
940.00	45626.40
941.00	46146.00
942.00	45818.33
943.00	45621.72
944.00	45729.39
945.00	45652.15
946.00	45694.28
947.00	46246.65
948.00	46082.81
949.00	46021.95
950.00	46670.28
951.00	45935.35
952.00	46239.62
953.00	45975.14
954.00	45839.39
955.00	46010.25
956.00	46513.47
957.00	46391.76
958.00	46085.15
959.00	46520.49
960.00	46143.66
961.00	45862.80
962.00	46017.27
963.00	46698.37
964.00	46742.84
965.00	46937.10
966.00	46934.76
967.00	46710.07
968.00	47608.84
969.00	47091.58
970.00	46651.56
971.00	47173.50
972.00	47035.41
973.00	47201.58
974.00	47620.54
975.00	47360.74
976.00	47365.42
977.00	47171.16
978.00	47096.26
979.00	46824.76
980.00	47002.64
981.00	47318.61
982.00	47777.36
983.00	48002.05
984.00	47693.10
985.00	47679.05
986.00	47526.92
987.00	47452.02
988.00	47407.55
989.00	47854.59
990.00	47288.18
991.00	47896.72
992.00	47477.77
993.00	47775.02
994.00	47667.35
995.00	48406.96
996.00	48189.29
997.00	48158.86
998.00	48275.89
999.00	48058.22
1000.00	48376.53
1001.00	48233.76
1002.00	48177.59
1003.00	48109.71
1004.00	48074.60
1005.00	48224.40
1006.00	48034.81
1007.00	48224.40
1008.00	47957.58
1009.00	48374.19
1010.00	48196.31
1011.00	48442.07
1012.00	48699.53
1013.00	48704.21
1014.00	48156.52
1015.00	48385.89
1016.00	48076.94
1017.00	48264.19
1018.00	48746.34
1019.00	48893.79
1020.00	48900.81
1021.00	48786.13
1022.00	48376.53
1023.00	48563.78
1024.00	48905.49
1025.00	48573.14
1026.00	48210.35
1027.00	48823.58
1028.00	48617.61
1029.00	49062.31
1030.00	48748.68
1031.00	49130.19
1032.00	49261.26
1033.00	49287.00
1034.00	48947.62
1035.00	48645.69
1036.00	49041.24
1037.00	49488.29
1038.00	48765.06
1039.00	48931.24
1040.00	49078.69
1041.00	49265.94
1042.00	49134.87
1043.00	48989.75
1044.00	48842.30
1045.00	49008.48
1046.00	49579.57
1047.00	49244.87
1048.00	49544.46
1049.00	49357.22
1050.00	49242.53
1051.00	49645.10
1052.00	49579.57
1053.00	49322.11
1054.00	49595.95
1055.00	48992.09
1056.00	49450.84
1057.00	49602.97
1058.00	49490.63
1059.00	49757.45
1060.00	49518.71
1061.00	49717.66
1062.00	49771.49
1063.00	49612.34
1064.00	49492.97
1065.00	49261.26
1066.00	49619.36
1067.00	49549.14
1068.00	49813.62
1069.00	49897.88
1070.00	49474.24
1071.00	49663.83
1072.00	50181.09
1073.00	50075.76
1074.00	49923.63
1075.00	49867.45
1076.00	49624.04
1077.00	49619.36
1078.00	49804.26
1079.00	49914.26
1080.00	49787.88
1081.00	49705.96
1082.00	49731.70
1083.00	49963.42
1084.00	50188.11
1085.00	49853.41
1086.00	49720.00
1087.00	49827.66
1088.00	50129.59
1089.00	50122.57
1090.00	50349.60
1091.00	49888.52
1092.00	50040.65
1093.00	49935.33
1094.00	49956.39
1095.00	49844.05
1096.00	49701.28
1097.00	49532.76
1098.00	50019.59
1099.00	50593.02
1100.00	49738.72
1101.00	50134.28
1102.00	50155.34
1103.00	50284.07
1104.00	49773.83
1105.00	49937.67
1106.00	49893.20
1107.00	50202.15
1108.00	50211.51
1109.00	49958.73
1110.00	50365.99
1111.00	50639.83
1112.00	50593.02
1113.00	50827.07
1114.00	50466.63
1115.00	50127.25
1116.00	49708.30
1117.00	50204.49
1118.00	50169.38
1119.00	50258.32
1120.00	50321.52
1121.00	50157.68
1122.00	50335.56
1123.00	50272.37
1124.00	50129.59
1125.00	49811.28
1126.00	49743.41
1127.00	50061.72
1128.00	50169.38
1129.00	50021.93
1130.00	50124.91
1131.00	50206.83
1132.00	49904.90
1133.00	50003.20
1134.00	50473.65
1135.00	50124.91
1136.00	50274.71
1137.00	50216.19
1138.00	49834.69
1139.00	49755.11
1140.00	50539.19
1141.00	50141.30
1142.00	50365.99
1143.00	50396.42
1144.00	50277.05
1145.00	50401.10
1146.00	50681.96
1147.00	50581.32
1148.00	50433.86
1149.00	50150.66
1150.00	50195.13
1151.00	50520.46
1152.00	50335.56
1153.00	50927.72
1154.00	50178.75
1155.00	50246.62
1156.00	50197.47
1157.00	50174.06
1158.00	50670.26
1159.00	50321.52
1160.00	50464.29
1161.00	50220.87
1162.00	50728.77
1163.00	50553.23
1164.00	50319.18
1165.00	50539.19
1166.00	50578.98
1167.00	50265.34
1168.00	50384.71
1169.00	50410.46
1170.00	50101.51
1171.00	50150.66
1172.00	50405.78
1173.00	50136.62
1174.00	50241.94
1175.00	50869.20
1176.00	50344.92
1177.00	50492.38
1178.00	50066.40
1179.00	50248.96
1180.00	49993.84
1181.00	50199.81
1182.00	50232.58
1183.00	49954.05
1184.00	50319.18
1185.00	50492.38
1186.00	50749.84
1187.00	50328.54
1188.00	50295.77
1189.00	50174.06
1190.00	50293.43
1191.00	50319.18
1192.00	50312.16
1193.00	50176.40
1194.00	49951.71
1195.00	50466.63
1196.00	50452.59
1197.00	50642.17
1198.00	50475.99
1199.00	50377.69
1200.00	50696.00
1201.00	50225.56
1202.00	49783.19
1203.00	49914.26
1204.00	50429.18
1205.00	50101.51
1206.00	50506.42
1207.00	50696.00
1208.00	50148.32
1209.00	50375.35
1210.00	50239.60
1211.00	49961.08
1212.00	49853.41
1213.00	50258.32
1214.00	50351.94
1215.00	50351.94
1216.00	50506.42
1217.00	50319.18
1218.00	50515.78
1219.00	50131.93
1220.00	50394.07
1221.00	50546.21
1222.00	50089.80
1223.00	50426.84
1224.00	50122.57
1225.00	50183.43
1226.00	50204.49
1227.00	50239.60
1228.00	50593.02
1229.00	49996.18
1230.00	50253.64
1231.00	50274.71
1232.00	50319.18
1233.00	50153.00
1234.00	49879.16
1235.00	49656.81
1236.00	50157.68
1237.00	50206.83
1238.00	49918.95
1239.00	50333.22
1240.00	50707.71
1241.00	50298.11
1242.00	50506.42
1243.00	50422.16
1244.00	50277.05
1245.00	50426.84
1246.00	50192.79
1247.00	49832.35
1248.00	50497.06
1249.00	50033.63
1250.00	50316.84
1251.00	50478.33
1252.00	50440.89
1253.00	50354.29
1254.00	50639.83
1255.00	50373.01
1256.00	50827.07
1257.00	50305.13
1258.00	50614.08
1259.00	50241.94
1260.00	49893.20
1261.00	50129.59
1262.00	50543.87
1263.00	50609.40
1264.00	50911.33
1265.00	50761.54
1266.00	50607.06
1267.00	50663.24
1268.00	50635.15
1269.00	50761.54
1270.00	50497.06
1271.00	50305.13
1272.00	50344.92
1273.00	50571.96
1274.00	50471.31
1275.00	50738.13
1276.00	50726.43
1277.00	50394.07
1278.00	50611.74
1279.00	50391.73
1280.00	50609.40
1281.00	49832.35
1282.00	50326.20
1283.00	49993.84
1284.00	50204.49
1285.00	50021.93
1286.00	50700.68
1287.00	50443.23
1288.00	50890.27
1289.00	50602.38
1290.00	50258.32
1291.00	50377.69
1292.00	50106.19
1293.00	50181.09
1294.00	50117.89
1295.00	50230.24
1296.00	50176.40
1297.00	50789.62
1298.00	50239.60
1299.00	50665.58
1300.00	50644.51
1301.00	50569.61
1302.00	50253.64
1303.00	50319.18
1304.00	50209.17
1305.00	50267.69
1306.00	50157.68
1307.00	50153.00
1308.00	50295.77
1309.00	50181.09
1310.00	50595.36
1311.00	50794.31
1312.00	50260.66
1313.00	50993.25
1314.00	50784.94
1315.00	50286.41
1316.00	50478.33
1317.00	50312.16
1318.00	50204.49
1319.00	50506.42
1320.00	50349.60
1321.00	50422.16
1322.00	50241.94
1323.00	50401.10
1324.00	50368.33
1325.00	50663.24
1326.00	50679.62
1327.00	50461.95
1328.00	50344.92
1329.00	50349.60
1330.00	50361.31
1331.00	50176.40
1332.00	50225.56
1333.00	50454.93
1334.00	50719.41
1335.00	50534.51
1336.00	50475.99
1337.00	50707.71
1338.00	50595.36
1339.00	50410.46
1340.00	50066.40
1341.00	49979.80
1342.00	50038.31
1343.00	49785.54
1344.00	50103.85
1345.00	50323.86
1346.00	50190.45
1347.00	50595.36
1348.00	50515.78
1349.00	50108.53
1350.00	50511.10
1351.00	50501.74
1352.00	50300.45
1353.00	49822.98
1354.00	49811.28
1355.00	50021.93
1356.00	50045.33
1357.00	50356.63
1358.00	50150.66
1359.00	49841.71
1360.00	50291.09
1361.00	49935.33
1362.00	50185.77
1363.00	50691.32
1364.00	49883.84
1365.00	49837.03
1366.00	49963.42
1367.00	49638.08
1368.00	49340.83
1369.00	49691.91
1370.00	49900.22
1371.00	49624.04
1372.00	49998.52
1373.00	49834.69
1374.00	50265.34
1375.00	49947.03
1376.00	49904.90
1377.00	50307.47
1378.00	49429.77
1379.00	49626.38
1380.00	49312.75
1381.00	49429.77
1382.00	49745.75
1383.00	49462.54
1384.00	49296.36
1385.00	49771.49
1386.00	49822.98
1387.00	49525.74
1388.00	49635.74
1389.00	49729.36
1390.00	49195.72
1391.00	49305.73
1392.00	49132.53
1393.00	49509.35
1394.00	49022.52
1395.00	49289.34
1396.00	49153.59
1397.00	49361.90
1398.00	49607.65
1399.00	49640.42
1400.00	49474.24
1401.00	49399.35
1402.00	49198.06
1403.00	49113.80
1404.00	48825.92
1405.00	48774.42
1406.00	48779.10
1407.00	49045.93
1408.00	49275.30
1409.00	49193.38
1410.00	49076.35
1411.00	49191.04
1412.00	48823.58
1413.00	48933.58
1414.00	49345.51
1415.00	48800.17
1416.00	48971.03
1417.00	49031.88
1418.00	48832.94
1419.00	48655.06
1420.00	48711.23
1421.00	48708.89
1422.00	48662.08
1423.00	49226.15
1424.00	48828.26
1425.00	48818.89
1426.00	48938.26
1427.00	48210.35
1428.00	48708.89
1429.00	48411.64
1430.00	48020.77
1431.00	48605.91
1432.00	48626.97
1433.00	48025.45
1434.00	48486.54
1435.00	48673.78
1436.00	48507.60
1437.00	48215.04
1438.00	48243.12
1439.00	48299.30
1440.00	48168.22
1441.00	48512.28
1442.00	48367.17
1443.00	48154.18
1444.00	48093.33
1445.00	47552.66
1446.00	47676.71
1447.00	48041.84
1448.00	47728.20
1449.00	47908.43
1450.00	47709.48
1451.00	48149.50
1452.00	48477.18
1453.00	47889.70
1454.00	48067.58
1455.00	48320.36
1456.00	47416.91
1457.00	47512.88
1458.00	47800.76
1459.00	47758.63
1460.00	47529.26
1461.00	47290.52
1462.00	47501.17
1463.00	47842.89
1464.00	47980.98
1465.00	48189.29
1466.00	47405.21
1467.00	47306.91
1468.00	47318.61
1469.00	47751.61
1470.00	47178.18
1471.00	47517.56
1472.00	47215.63
1473.00	47049.45
1474.00	47327.97
1475.00	47288.18
1476.00	47494.15
1477.00	47302.23
1478.00	47267.12
1479.00	47337.33
1480.00	47721.18
1481.00	47334.99
1482.00	47220.31
1483.00	47236.69
1484.00	46855.18
1485.00	46686.67
1486.00	46387.08
1487.00	46665.60
1488.00	46693.69
1489.00	46969.87
1490.00	46543.89
1491.00	46876.25
1492.00	47033.07
1493.00	46590.70
1494.00	46426.87
1495.00	46586.02
1496.00	46391.76
1497.00	46192.81
1498.00	46267.71
1499.00	46150.68
1500.00	46679.64
1501.00	46333.24
1502.00	46267.71
1503.00	46930.08
1504.00	46590.70
1505.00	46534.53
1506.00	46520.49
1507.00	46131.96
1508.00	46469.00
1509.00	46190.47
1510.00	46103.87
1511.00	46045.36
1512.00	46115.58
1513.00	45921.31
1514.00	45790.24
1515.00	46075.79
1516.00	45504.70
1517.00	45425.12
1518.00	45848.75
1519.00	46134.30
1520.00	45904.93
1521.00	45827.69
1522.00	45734.07
1523.00	45317.45
1524.00	45656.83
1525.00	45771.52
1526.00	45619.38
1527.00	45865.14
1528.00	45666.19
1529.00	45464.91
1530.00	45525.76
1531.00	45696.62
1532.00	45415.76
1533.00	45532.78
1534.00	45450.86
1535.00	45799.60
1536.00	45659.17
1537.00	45251.92
1538.00	45387.67
1539.00	45305.75
1540.00	44987.44
1541.00	44935.95
1542.00	45123.19
1543.00	45015.52
1544.00	44910.20
1545.00	45284.68
1546.00	45027.23
1547.00	45151.27
1548.00	45488.31
1549.00	45052.97
1550.00	44917.22
1551.00	44882.11
1552.00	44793.17
1553.00	44774.45
1554.00	45226.17
1555.00	44474.86
1556.00	44486.56
1557.00	44612.95
1558.00	44687.85
1559.00	44870.41
1560.00	44626.99
1561.00	44655.08
1562.00	44678.49
1563.00	45099.78
1564.00	44577.84
1565.00	44474.86
1566.00	43936.54
1567.00	43976.33
1568.00	44114.42
1569.00	44233.78
1570.00	44095.69
1571.00	44362.51
1572.00	44102.71
1573.00	44217.40
1574.00	44177.61
1575.00	44172.93
1576.00	44032.50
1577.00	44109.74
1578.00	44306.34
1579.00	43899.09
1580.00	43782.06
1581.00	43466.09
1582.00	43868.66
1583.00	44060.58
1584.00	44088.67
1585.00	43498.86
1586.00	43311.61
1587.00	43693.12
1588.00	43463.75
1589.00	43913.13
1590.00	43704.82
1591.00	43395.87
1592.00	43594.82
1593.00	43845.26
1594.00	43559.71
1595.00	43782.06
1596.00	43206.29
1597.00	43037.77
1598.00	42820.10
1599.00	43438.00
1600.00	43540.99
1601.00	43339.70
1602.00	43086.92
1603.00	43159.48
1604.00	42862.23
1605.00	42827.12
1606.00	42918.40
1607.00	43173.52
1608.00	42953.51
1609.00	43180.54
1610.00	42855.21
1611.00	42822.44
1612.00	43187.56
1613.00	42892.66
1614.00	42792.01
1615.00	42808.40
1616.00	43093.94
1617.00	42462.00
1618.00	43068.20
1619.00	42934.79
1620.00	42887.98
1621.00	42845.85
1622.00	43051.81
1623.00	43096.28
1624.00	42347.31
1625.00	42763.93
1626.00	42923.08
1627.00	42576.69
1628.00	42557.96
1629.00	42373.06
1630.00	42314.55
1631.00	41954.10
1632.00	42316.89
1633.00	42391.78
1634.00	42195.18
1635.00	42452.64
1636.00	42178.79
1637.00	42511.15
1638.00	42492.43
1639.00	42223.26
1640.00	41895.59
1641.00	41853.46
1642.00	41757.50
1643.00	42256.03
1644.00	42139.00
1645.00	42195.18
1646.00	41827.71
1647.00	42047.72
1648.00	41823.03
1649.00	42445.62
1650.00	42265.39
1651.00	41588.98
1652.00	41806.65
1653.00	41748.14
1654.00	42043.04
1655.00	41640.47
1656.00	41385.35
1657.00	41654.51
1658.00	41654.51
1659.00	41294.07
1660.00	41233.22
1661.00	41682.60
1662.00	41462.59
1663.00	41263.64
1664.00	41104.49
1665.00	41249.60
1666.00	41385.35
1667.00	41333.86
1668.00	41099.81
1669.00	41525.78
1670.00	41020.23
1671.00	41354.93
1672.00	41319.82
1673.00	40807.24
1674.00	40847.03
1675.00	40875.12
1676.00	41202.79
1677.00	41111.51
1678.00	40563.82
1679.00	40926.61
1680.00	40694.89
1681.00	40830.65
1682.00	41296.41
1683.00	41324.50
1684.00	40598.93
1685.00	40491.27
1686.00	40727.66
1687.00	40809.58
1688.00	40830.65
1689.00	40648.08
1690.00	40348.50
1691.00	40495.95
1692.00	40388.28
1693.00	40353.18
1694.00	40549.78
1695.00	39988.05
1696.00	40079.33
1697.00	40428.07
1698.00	40676.17
1699.00	40126.14
1700.00	39988.05
1701.00	40135.51
1702.00	40194.02
1703.00	40116.78
1704.00	39962.31
1705.00	40275.94
1706.00	39732.93
1707.00	39587.82
1708.00	39304.62
1709.00	39538.67
1710.00	39592.50
1711.00	39915.50
1712.00	39892.09
1713.00	39587.82
1714.00	39466.11
1715.00	40292.32
1716.00	39999.76
1717.00	39405.26
1718.00	39220.36
1719.00	39878.05
1720.00	39620.59
1721.00	38951.20
1722.00	38951.20
1723.00	39154.82
1724.00	39342.06
1725.00	38775.66
1726.00	38555.64
1727.00	38429.26
1728.00	39063.54
1729.00	38871.62
1730.00	38801.40
1731.00	39269.51
1732.00	39019.07
1733.00	38820.13
1734.00	38499.47
1735.00	38515.86
1736.00	38157.75
1737.00	38209.25
1738.00	38040.73
1739.00	38127.33
1740.00	38134.35
1741.00	37916.68
1742.00	38148.39
1743.00	38078.18
1744.00	38345.00
1745.00	37956.47
1746.00	38141.37
1747.00	38160.09
1748.00	37900.29
1749.00	37570.28
1750.00	37989.24
1751.00	37687.31
1752.00	37916.68
1753.00	37287.07
1754.00	37467.30
1755.00	37277.71
1756.00	37659.22
1757.00	37310.48
1758.00	37460.27
1759.00	36891.52
1760.00	37223.88
1761.00	37610.07
1762.00	37212.18
1763.00	37242.60
1764.00	36980.46
1765.00	36933.65
1766.00	36882.16
1767.00	36903.23
1768.00	36563.85
1769.00	36744.07
1770.00	36030.21
1771.00	36605.98
1772.00	36685.56
1773.00	36751.09
1774.00	36306.39
1775.00	36362.56
1776.00	36493.63
1777.00	36467.89
1778.00	36055.95
1779.00	36018.50
1780.00	36121.49
1781.00	35945.95
1782.00	36140.21
1783.00	36058.29
1784.00	35725.94
1785.00	35604.23
1786.00	35606.57
1787.00	35496.56
1788.00	35316.34
1789.00	35040.16
1790.00	35555.08
1791.00	35971.69
1792.00	35182.93
1793.00	35072.93
1794.00	35232.08
1795.00	34923.13
1796.00	35510.61
1797.00	35409.96
1798.00	35108.04
1799.00	35030.80
1800.00	34904.41
1801.00	34572.05
1802.00	34555.67
1803.00	34602.48
1804.00	34464.39
1805.00	34146.08
1806.00	34497.16
1807.00	34424.60
1808.00	34359.06
1809.00	34499.50
1810.00	34670.36
1811.00	34396.51
1812.00	34401.19
1813.00	34143.74
1814.00	34033.73
1815.00	33486.04
1816.00	33839.47
1817.00	33518.81
1818.00	33603.07
1819.00	34251.40
1820.00	33509.45
1821.00	33610.09
1822.00	33694.35
1823.00	32964.10
1824.00	33034.32
1825.00	33095.18
1826.00	32999.21
1827.00	33039.00
1828.00	33413.49
1829.00	33046.02
1830.00	32994.53
1831.00	31938.95
1832.00	32793.25
1833.00	32875.16
1834.00	32634.09
1835.00	32615.37
1836.00	32507.70
1837.00	31667.45
1838.00	32170.66
1839.00	31992.78
1840.00	31700.22
1841.00	32135.56
1842.00	31842.99
1843.00	31828.95
1844.00	31676.81
1845.00	31796.18
1846.00	31824.26
1847.00	31330.41
1848.00	31377.22
1849.00	31325.73
1850.00	31307.01
1851.00	30976.99
1852.00	30700.81
1853.00	30625.91
1854.00	30558.03
1855.00	30670.38
1856.00	30347.39
1857.00	30113.33
1858.00	30113.33
1859.00	30008.01
1860.00	29867.58
1861.00	30003.33
1862.00	30394.20
1863.00	29956.52
1864.00	30270.15
1865.00	30057.16
1866.00	29369.04
1867.00	29795.02
1868.00	29750.55
1869.00	29497.77
1870.00	29294.14
1871.00	29635.86
1872.00	29378.40
1873.00	28999.24
1874.00	28931.36
1875.00	29401.81
1876.00	29043.71
1877.00	28863.49
1878.00	28657.52
1879.00	28481.98
1880.00	28746.46
1881.00	28690.29
1882.00	28526.45
1883.00	28371.97
1884.00	28350.91
1885.00	28486.66
1886.00	27770.46
1887.00	28027.92
1888.00	27866.42
1889.00	27648.75
1890.00	27672.15
1891.00	27814.93
1892.00	27669.81
1893.00	27187.66
1894.00	27363.20
1895.00	27473.21
1896.00	26965.31
1897.00	27344.48
1898.00	26934.88
1899.00	27108.08
1900.00	27454.48
1901.00	26714.87
1902.00	26869.35
1903.00	26579.12
1904.00	26822.54
1905.00	26195.28
1906.00	26045.48
1907.00	25891.01
1908.00	25614.82
1909.00	25420.56
1910.00	25509.50
1911.00	25898.03
1912.00	25715.47
1913.00	25806.75
1914.00	25748.23
1915.00	25504.82
1916.00	25738.87
1917.00	25504.82
1918.00	25621.84
1919.00	25319.92
1920.00	25479.07
1921.00	25357.36
1922.00	25097.56
1923.00	25142.03
1924.00	25029.69
1925.00	24566.26
1926.00	24446.90
1927.00	24624.78
1928.00	24161.35
1929.00	24102.84
1930.00	24297.10
1931.00	23964.75
1932.00	23847.72
1933.00	23875.80
1934.00	24372.00
1935.00	24624.78
1936.00	24013.90
1937.00	23969.43
1938.00	24002.19
1939.00	23948.36
1940.00	24077.09
1941.00	23943.68
1942.00	23353.87
1943.00	23096.41
1944.00	23555.15
1945.00	23037.89
1946.00	23042.57
1947.00	22640.00
1948.00	22216.36
1949.00	22434.03
1950.00	22518.29
1951.00	22434.03
1952.00	22366.16
1953.00	22342.75
1954.00	22443.40
1955.00	22476.16
1956.00	22335.73
1957.00	22162.53
1958.00	22321.69
1959.00	22047.85
1960.00	21986.99
1961.00	22043.17
1962.00	22111.04
1963.00	21696.77
1964.00	21701.45
1965.00	21446.33
1966.00	21170.15
1967.00	21186.53
1968.00	21135.04
1969.00	21130.36
1970.00	21055.46
1971.00	20947.79
1972.00	21069.50
1973.00	20723.10
1974.00	21043.76
1975.00	20774.60
1976.00	20720.76
1977.00	20666.93
1978.00	20680.97
1979.00	20643.52
1980.00	20301.81
1981.00	20072.43
1982.00	20198.82
1983.00	20046.69
1984.00	19908.60
1985.00	20285.42
1986.00	19737.74
1987.00	19576.24
1988.00	19683.91
1989.00	19433.47
1990.00	19700.29
1991.00	19365.59
1992.00	19386.66
1993.00	19180.69
1994.00	18970.04
1995.00	19494.32
1996.00	19171.33
1997.00	19243.88
1998.00	18792.16
1999.00	19007.49
2000.00	18551.09
2001.00	18644.71
2002.00	18714.92
2003.00	18607.26
2004.00	18511.30
2005.00	18003.40
2006.00	18181.28
2007.00	17991.70
2008.00	18097.02
2009.00	18092.34
2010.00	18012.76
2011.00	17813.82
2012.00	17898.08
2013.00	17764.67
2014.00	17804.46
2015.00	17832.54
2016.00	17914.46
2017.00	17692.11
2018.00	17657.00
2019.00	17406.56
2020.00	17481.46
2021.00	17331.67
2022.00	17156.13
2023.00	16802.71
2024.00	16809.73
2025.00	16982.93
2026.00	16823.77
2027.00	16648.23
2028.00	16603.76
2029.00	16489.07
2030.00	16641.21
2031.00	16554.61
2032.00	16545.25
2033.00	16250.34
2034.00	16386.09
2035.00	16531.20
2036.00	16205.87
2037.00	16114.59
2038.00	15948.41
2039.00	16030.33
2040.00	15906.28
2041.00	15896.92
2042.00	15674.57
2043.00	15620.74
2044.00	15721.38
2045.00	15449.88
2046.00	15398.38
2047.00	15321.15
