0.00	1050.90
1.00	1050.90
2.00	1050.90
3.00	961.96
4.00	954.94
5.00	1001.75
6.00	973.66
7.00	877.70
8.00	847.27
9.00	863.66
10.00	894.08
11.00	976.00
12.00	905.79
13.00	919.83
14.00	919.83
15.00	968.98
16.00	936.21
17.00	1013.45
18.00	976.00
19.00	973.66
20.00	952.60
21.00	915.15
22.00	964.30
23.00	938.55
24.00	1111.75
25.00	1369.21
26.00	1315.38
27.00	1418.36
28.00	1385.60
29.00	1444.11
30.00	1486.24
31.00	1526.03
32.00	1465.18
33.00	1437.09
34.00	1507.30
35.00	1535.39
36.00	1488.58
37.00	1504.96
38.00	1652.42
39.00	1554.12
40.00	1507.30
41.00	1624.33
42.00	1523.69
43.00	1645.40
44.00	1631.35
45.00	1612.63
46.00	1624.33
47.00	1640.72
48.00	1591.56
49.00	1626.67
50.00	1605.61
51.00	1659.44
52.00	1516.67
53.00	1636.03
54.00	1626.67
55.00	1647.74
56.00	1687.53
57.00	1671.14
58.00	1689.87
59.00	1699.23
60.00	1724.97
61.00	1645.40
62.00	1715.61
63.00	1701.57
64.00	1682.85
65.00	1680.50
66.00	1703.91
67.00	1732.00
68.00	1696.89
69.00	1767.10
70.00	1778.81
71.00	1802.21
72.00	1732.00
73.00	1743.70
74.00	1792.85
75.00	1797.53
76.00	1689.87
77.00	1788.17
78.00	1767.10
79.00	1781.15
80.00	1771.79
81.00	1856.04
82.00	1825.62
83.00	1834.98
84.00	1863.07
85.00	1968.39
86.00	1888.81
87.00	1825.62
88.00	1837.32
89.00	1884.13
90.00	1867.75
91.00	1923.92
92.00	1867.75
93.00	1813.92
94.00	1942.64
95.00	1863.07
96.00	1947.33
97.00	1895.83
98.00	1860.73
99.00	1877.11
100.00	1884.13
101.00	1933.28
102.00	1891.15
103.00	1959.03
104.00	2005.84
105.00	1984.77
106.00	2031.58
107.00	2005.84
108.00	1947.33
109.00	1947.33
110.00	2052.65
111.00	2043.29
112.00	2047.97
113.00	1989.46
114.00	1970.73
115.00	2071.37
116.00	2040.95
117.00	2036.27
118.00	2022.22
119.00	2001.16
120.00	2134.57
121.00	2003.50
122.00	2106.48
123.00	2127.55
124.00	2169.68
125.00	2223.51
126.00	2207.13
127.00	2157.97
128.00	2132.23
129.00	2087.76
130.00	2129.89
131.00	2204.78
132.00	2092.44
133.00	2172.02
134.00	2286.70
135.00	2239.89
136.00	2305.43
137.00	2214.15
138.00	2312.45
139.00	2291.38
140.00	2186.06
141.00	2143.93
142.00	2286.70
143.00	2298.41
144.00	2406.07
145.00	2394.37
146.00	2366.28
147.00	2253.94
148.00	2436.50
149.00	2317.13
150.00	2349.90
151.00	2506.71
152.00	2361.60
153.00	2450.54
154.00	2462.24
155.00	2471.61
156.00	2452.88
157.00	2373.30
158.00	2525.44
159.00	2457.56
160.00	2448.20
161.00	2562.89
162.00	2532.46
163.00	2560.55
164.00	2555.86
165.00	2574.59
166.00	2553.52
167.00	2588.63
168.00	2518.42
169.00	2691.62
170.00	2649.49
171.00	2628.42
172.00	2696.30
173.00	2635.44
174.00	2642.46
175.00	2626.08
176.00	2729.06
177.00	2759.49
178.00	2661.19
179.00	2782.90
180.00	2815.66
181.00	2832.05
182.00	2803.96
183.00	2820.35
184.00	2799.28
185.00	2878.86
186.00	2782.90
187.00	2916.31
188.00	2869.50
189.00	2834.39
190.00	2834.39
191.00	2958.44
192.00	2939.71
193.00	2897.58
194.00	2972.48
195.00	3014.61
196.00	3012.27
197.00	2939.71
198.00	3075.46
199.00	3014.61
200.00	3133.98
201.00	3016.95
202.00	3190.15
203.00	3155.04
204.00	3108.23
205.00	3157.38
206.00	3286.11
207.00	3096.53
208.00	3208.87
209.00	3255.69
210.00	3396.12
211.00	3283.77
212.00	3180.79
213.00	3192.49
214.00	3251.00
215.00	3295.47
216.00	3335.26
217.00	3307.18
218.00	3276.75
219.00	3309.52
220.00	3466.33
221.00	3400.80
222.00	3358.67
223.00	3445.27
224.00	3508.46
225.00	3527.19
226.00	3557.61
227.00	3571.66
228.00	3574.00
229.00	3583.36
230.00	3611.45
231.00	3639.53
232.00	3630.17
233.00	3775.28
234.00	3719.11
235.00	3791.67
236.00	3698.05
237.00	3684.00
238.00	3817.41
239.00	3801.03
240.00	3880.61
241.00	3967.21
242.00	3992.95
243.00	3866.56
244.00	3873.59
245.00	3992.95
246.00	3971.89
247.00	4002.32
248.00	4142.75
249.00	4128.70
250.00	4091.26
251.00	4154.45
252.00	4318.29
253.00	4337.01
254.00	4198.92
255.00	4208.28
256.00	4287.86
257.00	4496.17
258.00	4325.31
259.00	4355.74
260.00	4503.19
261.00	4395.53
262.00	4388.50
263.00	4519.57
264.00	4411.91
265.00	4566.39
266.00	4713.84
267.00	4617.88
268.00	4699.80
269.00	4671.71
270.00	4800.44
271.00	4692.77
272.00	4837.89
273.00	4805.12
274.00	4840.23
275.00	4826.18
276.00	4929.17
277.00	4870.65
278.00	5041.51
279.00	4802.78
280.00	5027.47
281.00	4975.98
282.00	5025.13
283.00	4950.23
284.00	4999.38
285.00	5130.45
286.00	5050.88
287.00	5128.11
288.00	5238.12
289.00	5188.97
290.00	5207.69
291.00	5198.33
292.00	5200.67
293.00	5158.54
294.00	5203.01
295.00	5287.27
296.00	5242.80
297.00	5324.72
298.00	5186.63
299.00	5210.03
300.00	5282.59
301.00	5116.41
302.00	5018.11
303.00	5067.26
304.00	5296.63
305.00	5467.49
306.00	5322.38
307.00	5289.61
308.00	5315.36
309.00	5404.30
310.00	5233.44
311.00	5437.06
312.00	5399.62
313.00	5219.39
314.00	5434.72
315.00	5345.78
316.00	5444.09
317.00	5434.72
318.00	5446.43
319.00	5500.26
320.00	5472.17
321.00	5488.56
322.00	5448.77
323.00	5596.22
324.00	5544.73
325.00	5643.03
326.00	5416.00
327.00	5863.04
328.00	5717.93
329.00	5563.45
330.00	5650.05
331.00	5689.84
332.00	5680.48
333.00	5682.82
334.00	5657.07
335.00	5905.17
336.00	5797.51
337.00	5811.55
338.00	5778.78
339.00	5767.08
340.00	5947.30
341.00	5994.11
342.00	6036.24
343.00	5951.98
344.00	6104.12
345.00	6202.42
346.00	6127.52
347.00	6090.07
348.00	5975.39
349.00	6143.91
350.00	6083.05
351.00	6104.12
352.00	6221.14
353.00	6204.76
354.00	6186.04
355.00	6059.65
356.00	6232.85
357.00	6263.27
358.00	6387.32
359.00	6448.18
360.00	6478.60
361.00	6387.32
362.00	6534.78
363.00	6422.43
364.00	6504.35
365.00	6553.50
366.00	6415.41
367.00	6511.37
368.00	6389.66
369.00	6593.29
370.00	6628.40
371.00	6778.19
372.00	6658.82
373.00	6530.09
374.00	6675.21
375.00	6665.85
376.00	6789.89
377.00	6710.32
378.00	6773.51
379.00	7073.10
380.00	6857.77
381.00	6817.98
382.00	7021.61
383.00	6981.82
384.00	7180.76
385.00	7166.72
386.00	7281.41
387.00	7192.47
388.00	7335.24
389.00	7262.68
390.00	7302.47
391.00	7506.10
392.00	7243.96
393.00	7405.46
394.00	7611.42
395.00	7585.68
396.00	7726.11
397.00	7758.88
398.00	7644.19
399.00	7817.39
400.00	7737.81
401.00	7810.37
402.00	7793.98
403.00	7911.01
404.00	8044.42
405.00	7749.51
406.00	8042.08
407.00	7943.78
408.00	7779.94
409.00	7616.10
410.00	7864.20
411.00	8013.99
412.00	8175.49
413.00	8236.35
414.00	7978.89
415.00	8088.89
416.00	8067.83
417.00	8168.47
418.00	8287.84
419.00	8086.55
420.00	8226.98
421.00	7939.10
422.00	8152.09
423.00	8011.65
424.00	7929.74
425.00	7918.03
426.00	8203.58
427.00	8147.40
428.00	8102.93
429.00	8070.17
430.00	8063.15
431.00	8215.28
432.00	8109.96
433.00	8091.23
434.00	8147.40
435.00	8276.13
436.00	8278.47
437.00	8241.03
438.00	8222.30
439.00	8475.08
440.00	8535.93
441.00	8557.00
442.00	8655.30
443.00	8308.90
444.00	8409.54
445.00	8514.87
446.00	8615.51
447.00	8643.60
448.00	8355.71
449.00	8564.02
450.00	8674.03
451.00	8589.77
452.00	8847.22
453.00	8545.30
454.00	8631.90
455.00	8861.27
456.00	8713.81
457.00	9013.40
458.00	8842.54
459.00	9034.47
460.00	8610.83
461.00	8835.52
462.00	8863.61
463.00	8985.32
464.00	8791.05
465.00	8999.36
466.00	8744.24
467.00	9095.32
468.00	8966.59
469.00	9334.06
470.00	9329.38
471.00	9202.99
472.00	9165.54
473.00	9233.41
474.00	9259.16
475.00	9273.20
476.00	9406.61
477.00	9635.99
478.00	9664.07
479.00	9469.81
480.00	9696.84
481.00	9678.12
482.00	9778.76
483.00	9633.64
484.00	9591.52
485.00	9956.64
486.00	9743.65
487.00	9764.72
488.00	9767.06
489.00	9790.46
490.00	9710.88
491.00	9703.86
492.00	9982.38
493.00	10043.24
494.00	9961.32
495.00	10033.88
496.00	10085.37
497.00	10111.11
498.00	10085.37
499.00	10134.52
500.00	10068.98
501.00	10029.20
502.00	10190.69
503.00	10258.57
504.00	10183.67
505.00	10289.00
506.00	10300.70
507.00	10352.19
508.00	10593.26
509.00	10457.51
510.00	10438.79
511.00	10717.31
512.00	10513.69
513.00	10537.09
514.00	10609.65
515.00	10499.64
516.00	10546.45
517.00	10434.11
518.00	10420.06
519.00	10808.59
520.00	10633.05
521.00	10827.32
522.00	10686.89
523.00	10789.87
524.00	11009.88
525.00	10602.63
526.00	11021.58
527.00	10808.59
528.00	10590.92
529.00	10963.07
530.00	10995.84
531.00	11124.57
532.00	10960.73
533.00	10930.30
534.00	10841.36
535.00	11059.03
536.00	11206.48
537.00	10803.91
538.00	11314.15
539.00	11124.57
540.00	11016.90
541.00	11133.93
542.00	11337.56
543.00	11243.93
544.00	11147.97
545.00	11318.83
546.00	11592.67
547.00	11225.21
548.00	11435.86
549.00	11452.24
550.00	11541.18
551.00	11517.78
552.00	11716.72
553.00	11595.01
554.00	11573.95
555.00	11576.29
556.00	12039.72
557.00	11424.15
558.00	11805.66
559.00	11840.77
560.00	12004.61
561.00	11908.65
562.00	12222.28
563.00	12290.15
564.00	12100.57
565.00	12145.04
566.00	12362.71
567.00	12748.90
568.00	12116.95
569.00	12484.42
570.00	12594.42
571.00	12327.60
572.00	12713.79
573.00	12601.44
574.00	12648.26
575.00	12739.54
576.00	13018.06
577.00	12856.56
578.00	13097.64
579.00	13165.51
580.00	13062.53
581.00	13144.45
582.00	13177.22
583.00	13411.27
584.00	13460.42
585.00	13422.97
586.00	14026.83
587.00	13584.47
588.00	13851.29
589.00	13797.46
590.00	13956.61
591.00	13802.14
592.00	14097.05
593.00	14188.33
594.00	14630.69
595.00	14239.82
596.00	14511.32
597.00	14773.46
598.00	14633.03
599.00	14846.02
600.00	15040.28
601.00	15412.43
602.00	15152.63
603.00	15269.66
604.00	15316.47
605.00	15637.12
606.00	15777.55
607.00	15683.93
608.00	15948.41
609.00	15763.51
610.00	16016.29
611.00	15880.53
612.00	16002.24
613.00	16203.53
614.00	16528.86
615.00	16561.63
616.00	16746.53
617.00	16844.84
618.00	16774.62
619.00	17228.68
620.00	17137.40
621.00	17083.57
622.00	17404.22
623.00	17535.29
624.00	17654.66
625.00	17687.43
626.00	17509.55
627.00	18134.47
628.00	17923.82
629.00	18293.63
630.00	18759.39
631.00	18721.95
632.00	18422.36
633.00	18689.18
634.00	18860.04
635.00	19321.12
636.00	19248.57
637.00	19452.19
638.00	19726.04
639.00	19360.91
640.00	19529.43
641.00	19618.37
642.00	19894.55
643.00	19934.34
644.00	20027.96
645.00	20549.90
646.00	20446.92
647.00	20503.09
648.00	20861.19
649.00	21160.78
650.00	21411.22
651.00	21242.70
652.00	21280.15
653.00	21933.16
654.00	21652.30
655.00	21909.75
656.00	21979.97
657.00	22319.35
658.00	22230.41
659.00	22539.36
660.00	22843.63
661.00	22838.95
662.00	22909.16
663.00	23405.36
664.00	23108.11
665.00	23318.76
666.00	23309.40
667.00	23548.13
668.00	23417.06
669.00	23590.26
670.00	23791.55
671.00	23992.83
672.00	24266.67
673.00	24816.70
674.00	25046.07
675.00	24484.34
676.00	24463.28
677.00	24716.06
678.00	25041.39
679.00	25151.40
680.00	25113.95
681.00	25460.35
682.00	25713.13
683.00	25678.02
684.00	25816.11
685.00	25741.21
686.00	26047.82
687.00	26445.71
688.00	26436.35
689.00	26544.02
690.00	26558.06
691.00	26852.97
692.00	26623.59
693.00	27023.83
694.00	27613.64
695.00	27611.30
696.00	27213.41
697.00	27599.60
698.00	27665.13
699.00	27742.37
700.00	28233.88
701.00	27852.38
702.00	28116.86
703.00	28264.31
704.00	28491.34
705.00	28821.36
706.00	28589.64
707.00	28769.86
708.00	29048.39
709.00	29319.89
710.00	29710.76
711.00	29090.52
712.00	29287.12
713.00	29462.66
714.00	29668.63
715.00	29584.37
716.00	29977.58
717.00	29879.28
718.00	30323.98
719.00	29947.15
720.00	30373.13
721.00	30272.49
722.00	30298.23
723.00	30677.40
724.00	30756.98
725.00	30679.74
726.00	30593.14
727.00	30768.68
728.00	30883.37
729.00	30766.34
730.00	31140.83
731.00	31405.31
732.00	31276.58
733.00	31311.69
734.00	31463.82
735.00	31552.76
736.00	31962.36
737.00	31683.83
738.00	32140.24
739.00	32020.87
740.00	32121.51
741.00	32105.13
742.00	32341.52
743.00	31929.59
744.00	32271.31
745.00	32652.81
746.00	32701.96
747.00	32720.69
748.00	33083.47
749.00	33069.43
750.00	32957.08
751.00	32940.70
752.00	32671.54
753.00	33249.65
754.00	33415.83
755.00	33266.03
756.00	33579.67
757.00	33893.30
758.00	33523.49
759.00	33525.83
760.00	33783.29
761.00	34239.70
762.00	34031.39
763.00	34019.69
764.00	34394.17
765.00	34005.64
766.00	34370.77
767.00	34227.99
768.00	34490.13
769.00	34810.79
770.00	34637.59
771.00	35021.44
772.00	35189.95
773.00	35079.95
774.00	35077.61
775.00	34932.50
776.00	35201.66
777.00	35393.58
778.00	35761.05
779.00	35627.63
780.00	36009.14
781.00	35290.60
782.00	35707.21
783.00	35910.84
784.00	35742.32
785.00	36058.29
786.00	36355.54
787.00	36573.21
788.00	36339.16
789.00	36570.87
790.00	36301.71
791.00	36788.54
792.00	36884.50
793.00	36477.25
794.00	36964.08
795.00	36818.97
796.00	36432.78
797.00	36842.37
798.00	36699.60
799.00	37244.94
800.00	37254.31
801.00	37352.61
802.00	37352.61
803.00	37598.37
804.00	37303.46
805.00	37256.65
806.00	38033.71
807.00	37778.59
808.00	37811.35
809.00	38080.52
810.00	38595.43
811.00	38181.16
812.00	38167.12
813.00	38401.17
814.00	38216.27
815.00	38190.52
816.00	38691.40
817.00	38375.42
818.00	38693.74
819.00	38466.70
820.00	38705.44
821.00	38808.42
822.00	38827.15
823.00	38672.67
824.00	39140.78
825.00	38724.16
826.00	39491.86
827.00	39075.24
828.00	39105.67
829.00	39234.40
830.00	39489.52
831.00	39473.13
832.00	39697.83
833.00	39742.30
834.00	39152.48
835.00	39681.44
836.00	39959.97
837.00	39948.26
838.00	40058.27
839.00	40076.99
840.00	39653.36
841.00	40280.62
842.00	40500.63
843.00	40430.41
844.00	40685.53
845.00	40542.76
846.00	40465.52
847.00	40194.02
848.00	40631.70
849.00	40486.59
850.00	41373.65
851.00	40713.62
852.00	40746.39
853.00	40540.42
854.00	40912.56
855.00	40931.29
856.00	41111.51
857.00	41144.28
858.00	41490.68
859.00	41364.29
860.00	41294.07
861.00	41567.91
862.00	41139.60
863.00	41514.08
864.00	41631.11
865.00	41579.62
866.00	42092.19
867.00	42258.37
868.00	42064.11
869.00	42302.84
870.00	42426.89
871.00	41380.67
872.00	41493.02
873.00	41722.39
874.00	41972.83
875.00	42295.82
876.00	42494.77
877.00	42440.93
878.00	42569.66
879.00	42305.18
880.00	42710.10
881.00	42450.30
882.00	42646.90
883.00	42419.87
884.00	43313.95
885.00	42527.53
886.00	42653.92
887.00	42848.19
888.00	43133.73
889.00	42382.42
890.00	42948.83
891.00	43318.64
892.00	43150.12
893.00	43304.59
894.00	42990.96
895.00	43325.66
896.00	43384.17
897.00	43136.07
898.00	43320.98
899.00	43103.31
900.00	43688.44
901.00	43622.90
902.00	43978.67
903.00	43721.21
904.00	43693.12
905.00	43473.11
906.00	43826.53
907.00	43751.63
908.00	44016.11
909.00	43833.55
910.00	43950.58
911.00	44261.87
912.00	44135.48
913.00	43686.10
914.00	44016.11
915.00	43885.04
916.00	44577.84
917.00	44453.79
918.00	45123.19
919.00	44844.66
920.00	44605.93
921.00	44825.94
922.00	44624.65
923.00	44985.10
924.00	44704.23
925.00	44514.65
926.00	44570.82
927.00	45001.48
928.00	45380.65
929.00	45132.55
930.00	45148.93
931.00	44617.63
932.00	45170.00
933.00	45233.19
934.00	45118.51
935.00	44891.48
936.00	45509.38
937.00	45572.57
938.00	45640.45
939.00	45174.68
940.00	45139.57
941.00	45354.90
942.00	45694.28
943.00	45579.59
944.00	45794.92
945.00	46080.47
946.00	46164.73
947.00	45724.71
948.00	45375.97
949.00	46071.10
950.00	45640.45
951.00	46195.15
952.00	45710.66
953.00	46204.52
954.00	45827.69
955.00	46134.30
956.00	45764.49
957.00	46155.36
958.00	45638.11
959.00	45961.10
960.00	46066.42
961.00	45914.29
962.00	45717.68
963.00	46019.61
964.00	46611.77
965.00	46562.62
966.00	46485.38
967.00	46656.24
968.00	46799.01
969.00	46595.38
970.00	46614.11
971.00	47393.51
972.00	46714.75
973.00	47374.78
974.00	47152.43
975.00	47178.18
976.00	46979.23
977.00	46775.61
978.00	46408.14
979.00	46859.87
980.00	47239.03
981.00	46887.95
982.00	47496.49
983.00	47381.80
984.00	47786.72
985.00	47475.43
986.00	47384.15
987.00	47056.47
988.00	46782.63
989.00	47578.41
990.00	46712.41
991.00	47555.00
992.00	47253.08
993.00	47753.95
994.00	47983.32
995.00	47894.38
996.00	47639.26
997.00	48032.47
998.00	47952.90
999.00	47470.75
1000.00	47655.65
1001.00	47683.73
1002.00	47915.45
1003.00	47959.92
1004.00	47522.24
1005.00	47716.50
1006.00	47494.15
1007.00	47714.16
1008.00	47594.79
1009.00	48226.74
1010.00	48362.49
1011.00	48098.01
1012.00	48390.58
1013.00	48495.90
1014.00	47901.40
1015.00	48208.01
1016.00	48196.31
1017.00	48004.39
1018.00	47941.19
1019.00	48657.40
1020.00	48385.89
1021.00	48598.88
1022.00	48303.98
1023.00	48451.43
1024.00	48210.35
1025.00	47936.51
1026.00	48533.35
1027.00	48706.55
1028.00	49015.50
1029.00	48744.00
1030.00	48964.01
1031.00	48928.90
1032.00	48968.69
1033.00	48816.55
1034.00	48697.19
1035.00	48893.79
1036.00	48538.03
1037.00	48802.51
1038.00	48992.09
1039.00	48619.95
1040.00	48708.89
1041.00	49418.07
1042.00	48746.34
1043.00	48921.88
1044.00	48722.93
1045.00	49062.31
1046.00	48910.17
1047.00	48638.67
1048.00	49022.52
1049.00	49434.45
1050.00	49200.40
1051.00	49223.81
1052.00	49364.24
1053.00	49216.78
1054.00	49228.49
1055.00	48680.80
1056.00	48987.41
1057.00	48652.72
1058.00	49523.40
1059.00	49450.84
1060.00	49614.68
1061.00	49553.82
1062.00	49272.96
1063.00	49593.61
1064.00	49329.13
1065.00	49799.58
1066.00	49062.31
1067.00	49144.23
1068.00	49567.87
1069.00	49492.97
1070.00	49549.14
1071.00	49509.35
1072.00	49652.12
1073.00	49572.55
1074.00	49593.61
1075.00	49897.88
1076.00	49165.29
1077.00	49460.20
1078.00	49422.75
1079.00	49574.89
1080.00	49921.29
1081.00	49797.24
1082.00	49975.12
1083.00	49949.37
1084.00	49233.17
1085.00	49614.68
1086.00	49558.50
1087.00	49385.30
1088.00	50265.34
1089.00	49722.34
1090.00	49935.33
1091.00	49799.58
1092.00	49720.00
1093.00	49841.71
1094.00	49748.09
1095.00	49865.11
1096.00	49488.29
1097.00	49958.73
1098.00	49806.60
1099.00	49694.25
1100.00	50052.36
1101.00	50232.58
1102.00	49766.81
1103.00	49911.92
1104.00	49982.14
1105.00	49970.44
1106.00	49619.36
1107.00	49537.44
1108.00	49640.42
1109.00	50103.85
1110.00	50199.81
1111.00	50403.44
1112.00	50244.28
1113.00	50513.44
1114.00	49680.21
1115.00	49712.98
1116.00	50024.27
1117.00	49708.30
1118.00	49837.03
1119.00	49799.58
1120.00	50164.70
1121.00	50040.65
1122.00	50021.93
1123.00	49712.98
1124.00	49645.10
1125.00	50190.45
1126.00	49961.08
1127.00	49940.01
1128.00	50230.24
1129.00	50429.18
1130.00	50373.01
1131.00	49975.12
1132.00	50010.23
1133.00	49839.37
1134.00	50223.22
1135.00	50251.30
1136.00	49638.08
1137.00	50061.72
1138.00	49621.70
1139.00	49769.15
1140.00	50309.82
1141.00	50171.72
1142.00	50536.85
1143.00	50220.87
1144.00	50438.54
1145.00	50419.82
1146.00	49881.50
1147.00	50220.87
1148.00	50138.96
1149.00	49710.64
1150.00	49776.17
1151.00	50546.21
1152.00	50145.98
1153.00	50246.62
1154.00	50178.75
1155.00	49888.52
1156.00	50314.50
1157.00	49806.60
1158.00	50188.11
1159.00	50047.68
1160.00	50263.00
1161.00	50103.85
1162.00	49961.08
1163.00	49949.37
1164.00	50082.78
1165.00	50267.69
1166.00	50705.37
1167.00	50071.08
1168.00	50026.61
1169.00	50230.24
1170.00	50024.27
1171.00	49928.31
1172.00	50014.91
1173.00	50115.55
1174.00	50129.59
1175.00	50305.13
1176.00	49867.45
1177.00	50073.42
1178.00	50192.79
1179.00	49727.02
1180.00	49881.50
1181.00	49869.79
1182.00	50113.21
1183.00	50452.59
1184.00	49883.84
1185.00	50209.17
1186.00	50230.24
1187.00	50300.45
1188.00	50473.65
1189.00	50473.65
1190.00	49872.14
1191.00	50131.93
1192.00	49942.35
1193.00	49801.92
1194.00	50131.93
1195.00	50167.04
1196.00	50089.80
1197.00	49989.16
1198.00	50167.04
1199.00	50155.34
1200.00	50396.42
1201.00	50234.92
1202.00	49759.79
1203.00	49680.21
1204.00	50267.69
1205.00	49822.98
1206.00	50145.98
1207.00	50298.11
1208.00	50094.49
1209.00	49963.42
1210.00	49855.75
1211.00	50052.36
1212.00	50227.90
1213.00	50101.51
1214.00	50094.49
1215.00	49584.25
1216.00	50007.89
1217.00	50073.42
1218.00	50003.20
1219.00	50267.69
1220.00	50492.38
1221.00	49935.33
1222.00	49860.43
1223.00	50045.33
1224.00	49614.68
1225.00	49841.71
1226.00	50185.77
1227.00	49989.16
1228.00	50436.20
1229.00	49820.64
1230.00	50321.52
1231.00	50005.55
1232.00	50155.34
1233.00	50291.09
1234.00	49883.84
1235.00	49570.21
1236.00	49720.00
1237.00	50185.77
1238.00	49773.83
1239.00	50267.69
1240.00	50471.31
1241.00	50033.63
1242.00	50033.63
1243.00	50408.12
1244.00	49729.36
1245.00	49935.33
1246.00	49736.38
1247.00	49897.88
1248.00	50106.19
1249.00	49759.79
1250.00	49979.80
1251.00	49890.86
1252.00	50024.27
1253.00	50752.18
1254.00	50431.52
1255.00	50323.86
1256.00	50740.47
1257.00	50216.19
1258.00	50237.26
1259.00	49687.23
1260.00	49937.67
1261.00	49942.35
1262.00	50089.80
1263.00	50263.00
1264.00	50593.02
1265.00	50616.43
1266.00	50272.37
1267.00	50129.59
1268.00	50370.67
1269.00	50354.29
1270.00	50003.20
1271.00	49876.82
1272.00	50122.57
1273.00	50344.92
1274.00	50473.65
1275.00	50286.41
1276.00	50246.62
1277.00	50473.65
1278.00	50213.85
1279.00	50319.18
1280.00	50211.51
1281.00	50038.31
1282.00	50188.11
1283.00	49801.92
1284.00	49991.50
1285.00	49815.96
1286.00	50625.79
1287.00	50110.87
1288.00	50916.01
1289.00	50192.79
1290.00	50248.96
1291.00	49797.24
1292.00	50258.32
1293.00	49925.97
1294.00	50157.68
1295.00	50213.85
1296.00	49443.82
1297.00	50326.20
1298.00	50068.74
1299.00	50160.02
1300.00	50178.75
1301.00	50263.00
1302.00	50293.43
1303.00	50174.06
1304.00	50302.79
1305.00	50370.67
1306.00	49942.35
1307.00	50263.00
1308.00	50038.31
1309.00	50131.93
1310.00	50267.69
1311.00	50410.46
1312.00	50136.62
1313.00	50485.36
1314.00	50281.73
1315.00	49883.84
1316.00	49991.50
1317.00	50361.31
1318.00	49923.63
1319.00	49979.80
1320.00	50061.72
1321.00	50536.85
1322.00	49808.94
1323.00	50145.98
1324.00	50433.86
1325.00	50471.31
1326.00	50663.24
1327.00	50124.91
1328.00	50113.21
1329.00	49755.11
1330.00	50335.56
1331.00	50232.58
1332.00	50508.76
1333.00	49862.77
1334.00	50335.56
1335.00	50487.70
1336.00	50461.95
1337.00	50335.56
1338.00	50384.71
1339.00	50218.53
1340.00	50019.59
1341.00	49729.36
1342.00	49841.71
1343.00	49942.35
1344.00	50101.51
1345.00	50094.49
1346.00	50035.97
1347.00	50019.59
1348.00	50389.39
1349.00	49806.60
1350.00	50241.94
1351.00	50017.25
1352.00	50274.71
1353.00	49879.16
1354.00	49862.77
1355.00	49279.98
1356.00	49521.05
1357.00	49766.81
1358.00	50199.81
1359.00	49815.96
1360.00	50160.02
1361.00	50042.99
1362.00	49787.88
1363.00	49930.65
1364.00	49523.40
1365.00	49581.91
1366.00	49607.65
1367.00	49801.92
1368.00	49617.02
1369.00	49247.21
1370.00	49425.09
1371.00	49792.56
1372.00	49610.00
1373.00	49600.63
1374.00	49893.20
1375.00	49682.55
1376.00	49640.42
1377.00	49425.09
1378.00	49085.72
1379.00	49710.64
1380.00	49542.12
1381.00	49357.22
1382.00	49612.34
1383.00	49497.65
1384.00	49209.76
1385.00	49640.42
1386.00	49364.24
1387.00	49504.67
1388.00	49504.67
1389.00	49027.20
1390.00	48861.02
1391.00	48825.92
1392.00	48956.99
1393.00	49057.63
1394.00	48720.59
1395.00	48837.62
1396.00	49062.31
1397.00	49139.55
1398.00	49296.36
1399.00	49464.88
1400.00	49148.91
1401.00	49673.19
1402.00	48861.02
1403.00	49172.31
1404.00	48790.81
1405.00	48425.68
1406.00	48645.69
1407.00	48671.44
1408.00	48821.23
1409.00	49092.74
1410.00	49317.43
1411.00	48664.42
1412.00	48858.68
1413.00	48928.90
1414.00	49223.81
1415.00	48865.70
1416.00	48678.46
1417.00	48767.40
1418.00	48229.08
1419.00	48531.01
1420.00	48526.33
1421.00	48985.07
1422.00	48332.06
1423.00	48732.29
1424.00	48514.62
1425.00	48568.46
1426.00	48552.07
1427.00	48367.17
1428.00	48526.33
1429.00	48086.31
1430.00	48030.13
1431.00	48020.77
1432.00	48023.11
1433.00	48121.41
1434.00	48121.41
1435.00	48079.28
1436.00	48353.13
1437.00	48292.27
1438.00	48247.80
1439.00	48168.22
1440.00	47880.34
1441.00	47969.28
1442.00	47807.78
1443.00	47873.32
1444.00	47728.20
1445.00	47271.80
1446.00	47566.71
1447.00	47690.76
1448.00	47749.27
1449.00	47814.80
1450.00	47952.90
1451.00	48329.72
1452.00	47840.55
1453.00	47547.98
1454.00	47903.74
1455.00	47409.89
1456.00	47601.82
1457.00	47255.42
1458.00	47061.15
1459.00	47529.26
1460.00	47262.44
1461.00	47192.22
1462.00	47047.11
1463.00	47365.42
1464.00	47545.64
1465.00	47695.44
1466.00	47370.10
1467.00	47136.05
1468.00	47063.49
1469.00	47232.01
1470.00	47014.34
1471.00	47220.31
1472.00	47033.07
1473.00	47091.58
1474.00	47124.35
1475.00	46932.42
1476.00	47166.48
1477.00	47323.29
1478.00	47061.15
1479.00	47215.63
1480.00	46930.08
1481.00	46775.61
1482.00	47131.37
1483.00	47122.01
1484.00	46401.12
1485.00	46298.14
1486.00	46087.49
1487.00	46401.12
1488.00	46293.46
1489.00	46710.07
1490.00	46347.29
1491.00	46284.09
1492.00	46937.10
1493.00	46241.96
1494.00	46497.08
1495.00	46623.47
1496.00	46232.60
1497.00	45858.12
1498.00	46117.92
1499.00	46216.22
1500.00	45944.72
1501.00	46213.88
1502.00	45895.56
1503.00	46476.02
1504.00	45785.56
1505.00	46674.96
1506.00	46328.56
1507.00	46183.45
1508.00	45787.90
1509.00	45890.88
1510.00	45823.01
1511.00	46197.49
1512.00	45471.93
1513.00	45603.00
1514.00	45352.56
1515.00	45560.87
1516.00	45556.19
1517.00	45502.35
1518.00	45846.41
1519.00	45708.32
1520.00	46043.02
1521.00	45591.30
1522.00	45331.50
1523.00	45254.26
1524.00	45368.94
1525.00	45586.61
1526.00	45265.96
1527.00	45237.87
1528.00	45326.81
1529.00	45188.72
1530.00	45291.71
1531.00	45158.30
1532.00	45326.81
1533.00	45528.10
1534.00	44706.57
1535.00	45099.78
1536.00	45382.99
1537.00	45127.87
1538.00	44615.29
1539.00	44989.78
1540.00	44587.21
1541.00	44217.40
1542.00	44561.46
1543.00	45048.29
1544.00	44919.56
1545.00	45148.93
1546.00	44790.83
1547.00	45422.78
1548.00	44790.83
1549.00	45029.57
1550.00	45059.99
1551.00	44940.63
1552.00	44643.38
1553.00	44591.89
1554.00	44390.60
1555.00	44376.56
1556.00	44236.12
1557.00	44657.42
1558.00	44198.68
1559.00	44582.52
1560.00	44271.23
1561.00	44020.80
1562.00	44917.22
1563.00	44636.36
1564.00	44336.77
1565.00	44556.78
1566.00	43943.56
1567.00	43973.98
1568.00	43997.39
1569.00	44065.27
1570.00	43866.32
1571.00	43959.94
1572.00	43217.99
1573.00	43805.47
1574.00	43983.35
1575.00	43981.01
1576.00	43910.79
1577.00	43697.80
1578.00	44013.77
1579.00	44151.87
1580.00	43721.21
1581.00	43283.53
1582.00	43686.10
1583.00	43964.62
1584.00	43555.03
1585.00	43405.23
1586.00	43206.29
1587.00	43491.83
1588.00	42836.48
1589.00	43702.48
1590.00	43540.99
1591.00	43536.30
1592.00	43749.29
1593.00	43325.66
1594.00	43199.27
1595.00	43199.27
1596.00	42712.44
1597.00	42986.28
1598.00	42579.03
1599.00	43234.38
1600.00	43122.03
1601.00	42824.78
1602.00	43063.52
1603.00	42759.25
1604.00	43023.73
1605.00	42946.49
1606.00	43126.71
1607.00	42756.91
1608.00	42618.81
1609.00	42298.16
1610.00	42583.71
1611.00	42632.86
1612.00	42047.72
1613.00	42384.76
1614.00	42663.28
1615.00	42281.78
1616.00	42834.14
1617.00	42609.45
1618.00	42876.27
1619.00	42796.70
1620.00	42916.06
1621.00	42431.57
1622.00	42845.85
1623.00	42712.44
1624.00	42614.13
1625.00	42667.97
1626.00	42366.04
1627.00	42431.57
1628.00	42307.52
1629.00	42197.52
1630.00	41914.31
1631.00	41752.82
1632.00	42586.05
1633.00	41933.04
1634.00	42527.53
1635.00	42377.74
1636.00	41846.44
1637.00	42202.20
1638.00	42263.05
1639.00	41698.98
1640.00	42094.53
1641.00	41659.20
1642.00	41486.00
1643.00	41670.90
1644.00	41808.99
1645.00	41715.37
1646.00	41619.41
1647.00	41897.93
1648.00	41537.49
1649.00	41926.02
1650.00	41710.69
1651.00	41708.35
1652.00	41879.21
1653.00	41771.54
1654.00	41633.45
1655.00	41565.57
1656.00	41195.77
1657.00	41111.51
1658.00	41247.26
1659.00	40910.22
1660.00	40744.05
1661.00	41305.77
1662.00	41163.00
1663.00	41158.32
1664.00	40694.89
1665.00	40840.01
1666.00	41343.22
1667.00	40758.09
1668.00	41074.06
1669.00	41558.55
1670.00	40961.72
1671.00	40830.65
1672.00	40877.46
1673.00	41429.82
1674.00	40797.88
1675.00	40444.46
1676.00	40821.28
1677.00	40669.15
1678.00	40863.41
1679.00	40713.62
1680.00	40392.97
1681.00	40994.48
1682.00	40346.15
1683.00	41118.53
1684.00	40655.11
1685.00	40591.91
1686.00	40659.79
1687.00	40348.50
1688.00	40465.52
1689.00	40177.64
1690.00	40392.97
1691.00	40067.63
1692.00	39915.50
1693.00	40121.46
1694.00	39999.76
1695.00	39931.88
1696.00	40797.88
1697.00	40322.75
1698.00	40399.99
1699.00	40313.39
1700.00	39838.26
1701.00	40376.58
1702.00	40123.80
1703.00	39866.34
1704.00	39697.83
1705.00	39625.27
1706.00	39700.17
1707.00	39842.94
1708.00	39370.15
1709.00	39058.86
1710.00	39370.15
1711.00	39882.73
1712.00	39468.45
1713.00	39622.93
1714.00	39910.82
1715.00	39651.02
1716.00	39342.06
1717.00	38780.34
1718.00	39257.81
1719.00	39285.89
1720.00	38902.04
1721.00	39302.28
1722.00	38698.42
1723.00	38710.12
1724.00	39227.38
1725.00	38391.81
1726.00	38895.02
1727.00	38499.47
1728.00	38794.38
1729.00	38845.87
1730.00	38541.60
1731.00	39049.50
1732.00	38691.40
1733.00	38541.60
1734.00	38230.31
1735.00	38494.79
1736.00	38644.59
1737.00	37757.52
1738.00	37656.88
1739.00	37982.21
1740.00	37923.70
1741.00	38045.41
1742.00	38045.41
1743.00	38150.73
1744.00	37881.57
1745.00	38057.11
1746.00	37708.37
1747.00	38052.43
1748.00	37979.87
1749.00	37308.14
1750.00	37383.04
1751.00	37532.83
1752.00	37441.55
1753.00	36917.27
1754.00	37251.97
1755.00	37099.83
1756.00	37273.03
1757.00	36671.51
1758.00	37184.09
1759.00	36795.56
1760.00	37034.30
1761.00	37287.07
1762.00	37319.84
1763.00	36985.15
1764.00	37109.19
1765.00	36627.04
1766.00	36449.16
1767.00	36423.42
1768.00	36727.69
1769.00	36144.89
1770.00	36556.83
1771.00	36664.49
1772.00	36388.31
1773.00	36540.44
1774.00	36449.16
1775.00	36055.95
1776.00	36149.57
1777.00	35871.05
1778.00	35910.84
1779.00	36084.04
1780.00	36261.92
1781.00	35672.10
1782.00	35662.74
1783.00	35484.86
1784.00	35768.07
1785.00	35393.58
1786.00	35517.63
1787.00	35213.36
1788.00	35592.53
1789.00	35435.71
1790.00	35431.03
1791.00	35447.41
1792.00	35028.46
1793.00	35063.57
1794.00	35241.45
1795.00	35337.41
1796.00	34972.28
1797.00	35068.25
1798.00	34932.50
1799.00	34962.92
1800.00	34820.15
1801.00	34415.24
1802.00	34340.34
1803.00	34480.77
1804.00	34738.23
1805.00	34150.76
1806.00	34066.50
1807.00	34125.01
1808.00	34085.22
1809.00	34274.80
1810.00	34227.99
1811.00	33944.79
1812.00	33928.41
1813.00	33984.58
1814.00	33776.27
1815.00	33539.88
1816.00	33890.96
1817.00	33766.91
1818.00	33130.28
1819.00	33387.74
1820.00	33216.88
1821.00	33385.40
1822.00	33146.67
1823.00	33359.66
1824.00	33024.96
1825.00	33141.99
1826.00	32882.19
1827.00	33181.77
1828.00	33076.45
1829.00	33364.34
1830.00	32751.12
1831.00	32116.83
1832.00	32797.93
1833.00	32421.10
1834.00	32664.52
1835.00	32381.31
1836.00	32524.08
1837.00	31999.80
1838.00	31915.54
1839.00	31477.86
1840.00	31524.68
1841.00	31936.61
1842.00	31646.38
1843.00	31651.06
1844.00	31082.31
1845.00	31316.37
1846.00	31482.55
1847.00	31007.42
1848.00	31154.87
1849.00	31304.67
1850.00	30593.14
1851.00	30745.28
1852.00	30824.86
1853.00	30609.53
1854.00	30590.80
1855.00	30199.93
1856.00	30279.51
1857.00	30113.33
1858.00	30361.43
1859.00	29977.58
1860.00	29848.85
1861.00	30340.36
1862.00	29708.42
1863.00	30359.09
1864.00	30216.32
1865.00	29827.79
1866.00	29514.16
1867.00	29560.97
1868.00	28938.38
1869.00	29638.20
1870.00	29439.26
1871.00	29266.06
1872.00	28849.44
1873.00	29046.05
1874.00	28549.85
1875.00	28973.49
1876.00	28959.45
1877.00	28744.12
1878.00	28467.94
1879.00	28144.94
1880.00	28238.56
1881.00	28591.98
1882.00	28510.07
1883.00	28388.36
1884.00	28177.71
1885.00	28549.85
1886.00	28187.07
1887.00	28016.21
1888.00	27697.90
1889.00	27625.34
1890.00	27594.92
1891.00	27325.75
1892.00	27225.11
1893.00	27199.37
1894.00	27131.49
1895.00	26782.75
1896.00	26955.95
1897.00	26885.73
1898.00	27072.98
1899.00	26969.99
1900.00	26857.65
1901.00	26384.86
1902.00	26588.49
1903.00	26735.94
1904.00	26450.39
1905.00	25968.24
1906.00	26249.11
1907.00	25879.30
1908.00	25610.14
1909.00	25841.85
1910.00	25563.33
1911.00	25500.14
1912.00	25446.30
1913.00	25390.13
1914.00	25481.41
1915.00	25556.31
1916.00	25607.80
1917.00	25322.26
1918.00	25113.95
1919.00	25247.36
1920.00	25359.70
1921.00	25209.91
1922.00	24800.32
1923.00	24807.34
1924.00	25156.08
1925.00	24334.55
1926.00	24088.79
1927.00	24292.42
1928.00	24049.00
1929.00	24329.87
1930.00	24184.76
1931.00	24053.69
1932.00	24053.69
1933.00	24259.65
1934.00	23756.44
1935.00	24093.47
1936.00	24123.90
1937.00	23964.75
1938.00	23871.12
1939.00	23936.66
1940.00	23679.20
1941.00	23742.39
1942.00	23344.50
1943.00	23168.96
1944.00	23351.52
1945.00	23051.94
1946.00	22731.28
1947.00	22537.02
1948.00	22658.73
1949.00	22499.57
1950.00	22492.55
1951.00	22391.91
1952.00	22288.92
1953.00	22185.94
1954.00	22415.31
1955.00	22307.65
1956.00	22525.32
1957.00	22101.68
1958.00	22143.81
1959.00	22197.64
1960.00	21933.16
1961.00	21509.52
1962.00	21766.98
1963.00	21511.86
1964.00	21523.57
1965.00	21259.09
1966.00	21284.83
1967.00	21144.40
1968.00	21202.91
1969.00	20926.73
1970.00	21006.31
1971.00	20854.17
1972.00	20835.45
1973.00	20800.34
1974.00	20652.89
1975.00	20996.95
1976.00	20365.00
1977.00	20421.17
1978.00	20212.87
1979.00	20458.62
1980.00	20512.46
1981.00	20065.41
1982.00	20058.39
1983.00	19768.16
1984.00	20133.29
1985.00	19840.72
1986.00	19513.05
1987.00	19353.89
1988.00	19105.79
1989.00	19293.04
1990.00	19239.20
1991.00	19363.25
1992.00	19133.88
1993.00	19145.58
1994.00	19466.24
1995.00	18939.62
1996.00	19152.60
1997.00	18787.48
1998.00	18799.18
1999.00	18633.00
2000.00	18635.35
2001.00	18689.18
2002.00	18359.16
2003.00	18693.86
2004.00	18225.75
2005.00	18001.06
2006.00	17858.29
2007.00	17916.80
2008.00	17743.60
2009.00	17748.28
2010.00	17755.30
2011.00	17841.90
2012.00	17848.93
2013.00	17865.31
2014.00	17619.55
2015.00	17661.68
2016.00	17661.68
2017.00	17413.59
2018.00	17371.46
2019.00	17050.80
2020.00	17301.24
2021.00	17090.59
2022.00	16978.25
2023.00	16521.84
2024.00	16739.51
2025.00	16697.38
2026.00	16458.65
2027.00	16453.97
2028.00	16386.09
2029.00	16355.66
2030.00	16421.20
2031.00	16327.58
2032.00	16336.94
2033.00	16435.24
2034.00	16240.98
2035.00	16161.40
2036.00	16081.82
2037.00	16137.99
2038.00	16070.12
2039.00	15866.49
2040.00	15939.05
2041.00	15721.38
2042.00	15850.11
2043.00	15700.31
2044.00	15363.28
2045.00	15379.66
2046.00	15269.66
2047.00	15068.37
